1668 4.068335e-11 8.896006e-04
733 2.975415e-15 9.157500e-04
1733 1.694253e-15 1.011506e-03
836 6.324069e-10 1.027513e-03
876 1.743737e-14 1.062645e-03
1173 6.444496e-12 1.101251e-03
1100 1.628463e-12 1.118770e-03
1201 8.918731e-12 1.124810e-03
1322 5.962317e-11 1.135356e-03
1062 7.422631e-12 1.140562e-03
1413 2.651441e-16 1.143512e-03
1736 5.243802e-14 1.148585e-03
1635 8.765627e-11 1.156800e-03
1055 9.585784e-12 1.156859e-03
1049 2.739041e-10 1.166540e-03
720 4.612609e-13 1.188325e-03
1066 3.475932e-12 1.188393e-03
1993 3.789780e-10 1.188452e-03
1070 1.720608e-10 1.193444e-03
483 3.028471e-09 1.196984e-03
1090 2.068552e-12 1.204079e-03
711 3.965402e-11 1.204915e-03
1084 2.109943e-10 1.205215e-03
1613 2.350344e-12 1.208080e-03
702 4.122446e-10 1.237955e-03
1043 1.353274e-11 1.239528e-03
433 1.671132e-10 1.257349e-03
1994 1.468945e-09 1.259272e-03
175 1.918991e-11 1.263874e-03
632 3.653129e-08 1.267752e-03
1272 2.974505e-11 1.268539e-03
180 4.570844e-11 1.277318e-03
1046 4.454572e-14 1.277349e-03
1047 3.788023e-11 1.279861e-03
1382 7.961316e-10 1.284231e-03
245 1.197410e-10 1.284343e-03
353 5.903891e-09 1.291726e-03
251 6.782092e-11 1.293978e-03
1781 4.558543e-12 1.305324e-03
704 2.793870e-12 1.311538e-03
1889 3.068770e-09 1.317567e-03
677 8.211911e-12 1.338962e-03
994 9.529783e-15 1.343352e-03
1000 2.005610e-14 1.344524e-03
1073 2.345185e-10 1.345509e-03
789 1.075449e-10 1.348922e-03
1347 1.157913e-09 1.355961e-03
737 3.342306e-13 1.363522e-03
732 8.793670e-15 1.364472e-03
451 1.261902e-07 1.365385e-03
62 1.155132e-08 1.365937e-03
1089 4.093453e-09 1.366466e-03
1921 6.897998e-11 1.367053e-03
1317 6.246900e-13 1.374760e-03
596 4.431003e-10 1.380218e-03
1087 1.799114e-09 1.409391e-03
1679 2.528421e-14 1.409525e-03
1465 9.101138e-09 1.412076e-03
1022 1.337006e-11 1.414998e-03
982 1.034251e-08 1.420805e-03
290 5.536049e-10 1.422100e-03
1378 2.114598e-10 1.432366e-03
46 3.867085e-10 1.441550e-03
1310 1.084416e-12 1.448175e-03
1332 4.575617e-10 1.452921e-03
259 2.761225e-09 1.457530e-03
1989 7.503334e-08 1.461735e-03
725 5.510981e-12 1.464604e-03
375 4.209143e-09 1.473258e-03
1060 2.017904e-10 1.477661e-03
520 4.219718e-11 1.504666e-03
1463 6.845462e-09 1.507647e-03
1159 6.876199e-11 1.511913e-03
757 2.064018e-10 1.517630e-03
185 6.126006e-11 1.523818e-03
1025 2.182260e-12 1.527452e-03
641 1.639407e-10 1.528598e-03
948 1.266100e-08 1.539418e-03
699 1.202951e-09 1.542393e-03
772 3.629245e-14 1.550058e-03
1033 9.747922e-11 1.554800e-03
1807 2.839574e-10 1.571682e-03
1058 2.626605e-10 1.572394e-03
531 1.463752e-11 1.574199e-03
639 3.362089e-11 1.581205e-03
1535 1.117760e-08 1.591923e-03
1820 2.356985e-09 1.597812e-03
1704 1.950667e-08 1.637304e-03
861 3.680496e-10 1.642343e-03
1370 7.550818e-09 1.650006e-03
1091 7.909187e-11 1.664327e-03
1831 4.206446e-10 1.703559e-03
1637 7.043307e-11 1.705867e-03
1948 6.739802e-10 1.708484e-03
1908 1.780713e-08 1.715377e-03
58 9.907007e-10 1.718353e-03
1313 9.522135e-11 1.734629e-03
706 9.666896e-09 1.735745e-03
1441 4.863725e-11 1.740396e-03
1367 8.605473e-10 1.745308e-03
1477 1.780367e-12 1.745339e-03
1475 2.548875e-09 1.750005e-03
1683 1.365682e-09 1.750344e-03
1691 2.097036e-09 1.768511e-03
430 1.172582e-07 1.770781e-03
1690 1.969007e-10 1.776326e-03
1176 2.865516e-12 1.778836e-03
1112 6.507754e-13 1.790198e-03
1928 3.051945e-10 1.791368e-03
165 1.000529e-08 1.803069e-03
1065 2.944674e-12 1.808279e-03
1109 4.198134e-13 1.817780e-03
1068 3.212636e-09 1.819131e-03
1085 3.557508e-09 1.824028e-03
1226 1.612197e-09 1.837840e-03
479 1.220065e-09 1.841187e-03
1873 8.296600e-09 1.843980e-03
1639 1.691371e-11 1.852140e-03
465 5.704050e-08 1.854751e-03
1902 7.903677e-09 1.855497e-03
1138 6.981756e-12 1.865766e-03
1054 2.462871e-11 1.868709e-03
562 2.332873e-07 1.869297e-03
274 7.741013e-11 1.879421e-03
244 8.435542e-10 1.879647e-03
395 4.193155e-08 1.891318e-03
1456 3.659786e-08 1.895251e-03
1074 9.344072e-11 1.907048e-03
262 2.144338e-07 1.907741e-03
1732 6.290417e-09 1.912949e-03
1019 3.545046e-11 1.929929e-03
1154 2.602893e-10 1.933892e-03
1026 1.995664e-13 1.937814e-03
1205 6.442174e-11 1.941581e-03
1520 4.124768e-08 1.941629e-03
484 4.782820e-10 1.956153e-03
774 1.369389e-09 1.958253e-03
763 6.166149e-11 1.966572e-03
1116 7.581810e-14 1.968540e-03
944 2.378756e-13 1.972736e-03
415 6.972750e-09 1.973209e-03
1705 1.635537e-09 1.979716e-03
1190 6.991541e-14 1.991191e-03
1181 1.085927e-07 1.999661e-03
1392 2.163651e-09 2.003977e-03
964 3.279543e-08 2.004691e-03
1938 7.292381e-12 2.010179e-03
1246 1.682719e-10 2.014025e-03
690 3.807280e-09 2.018110e-03
1487 2.666125e-10 2.030079e-03
752 2.422283e-07 2.033201e-03
512 3.901827e-08 2.042585e-03
231 2.770413e-11 2.043752e-03
1803 1.553108e-08 2.050551e-03
1359 3.123296e-10 2.051874e-03
1009 7.603308e-09 2.053609e-03
1464 1.672288e-09 2.055871e-03
988 1.970149e-10 2.068767e-03
907 2.856718e-08 2.069552e-03
604 1.514386e-09 2.069559e-03
1819 3.625832e-14 2.082381e-03
282 1.408640e-09 2.092600e-03
1968 4.147854e-10 2.103154e-03
1997 6.286067e-08 2.110686e-03
1105 4.156653e-10 2.112096e-03
1331 8.453806e-09 2.126130e-03
902 2.114817e-09 2.129522e-03
1925 8.269065e-09 2.133890e-03
1752 3.384181e-10 2.143743e-03
674 1.793192e-07 2.150775e-03
1140 4.219997e-13 2.155836e-03
1071 1.184137e-07 2.161515e-03
685 5.302459e-11 2.171271e-03
335 7.203296e-10 2.172409e-03
1343 3.174371e-09 2.175951e-03
1489 2.920237e-07 2.178274e-03
1462 3.240617e-08 2.178620e-03
638 1.930357e-09 2.183346e-03
1316 5.114147e-10 2.199610e-03
1111 1.165818e-09 2.200484e-03
1848 4.292401e-11 2.206619e-03
1133 3.528150e-09 2.208386e-03
1874 2.076953e-08 2.210203e-03
1216 1.389064e-10 2.222697e-03
946 1.834172e-11 2.224297e-03
288 3.747252e-09 2.228623e-03
1323 1.276108e-08 2.235052e-03
1790 2.533017e-09 2.235327e-03
990 3.507360e-10 2.265692e-03
1856 9.503646e-12 2.267661e-03
476 1.943799e-10 2.276631e-03
760 1.970722e-10 2.277959e-03
835 1.442799e-08 2.286461e-03
136 4.475241e-11 2.287627e-03
597 1.846057e-09 2.289558e-03
881 2.847414e-11 2.291719e-03
224 2.719068e-10 2.300675e-03
629 4.510101e-07 2.312656e-03
1005 1.490398e-07 2.321529e-03
436 8.032172e-10 2.358095e-03
1150 9.424051e-12 2.359942e-03
493 2.179682e-09 2.369225e-03
938 4.395637e-09 2.378490e-03
1404 2.556121e-10 2.383052e-03
1045 1.031564e-10 2.386129e-03
917 4.821578e-11 2.394993e-03
449 1.906002e-08 2.408870e-03
953 1.566254e-12 2.418496e-03
1876 1.887744e-08 2.426078e-03
1148 1.825158e-10 2.426342e-03
1924 5.768637e-08 2.433407e-03
1414 5.728689e-11 2.434516e-03
960 5.816148e-10 2.435102e-03
256 6.904660e-11 2.437835e-03
640 4.286567e-10 2.443902e-03
714 1.700392e-10 2.451336e-03
1369 6.490123e-13 2.457531e-03
60 4.620137e-09 2.460402e-03
1571 2.422096e-09 2.463096e-03
1342 3.389802e-09 2.470682e-03
447 1.796097e-09 2.497847e-03
1983 3.053159e-07 2.498721e-03
1092 1.198623e-06 2.513916e-03
83 2.023345e-09 2.531392e-03
745 8.008177e-10 2.533057e-03
1188 1.598220e-07 2.536455e-03
611 1.895950e-09 2.536963e-03
1308 6.031471e-10 2.544977e-03
1072 6.247627e-09 2.557031e-03
398 1.270801e-11 2.559563e-03
219 3.517452e-09 2.565416e-03
1189 2.285640e-08 2.581741e-03
1867 5.609250e-12 2.611334e-03
1539 9.028572e-08 2.611499e-03
1215 1.009291e-10 2.616454e-03
1107 7.512463e-10 2.632575e-03
744 8.969955e-13 2.638483e-03
918 1.430971e-11 2.639593e-03
718 4.149742e-12 2.642276e-03
1616 5.104714e-09 2.652119e-03
393 5.614882e-10 2.654000e-03
2000 5.064492e-09 2.655576e-03
166 1.608957e-07 2.662751e-03
1864 1.524147e-09 2.669281e-03
577 5.355686e-10 2.689674e-03
1328 3.653186e-09 2.690229e-03
1706 6.064757e-07 2.703790e-03
1457 6.959945e-07 2.712383e-03
1746 1.552942e-08 2.727583e-03
1618 6.901383e-07 2.731121e-03
722 3.191274e-12 2.732731e-03
466 3.753470e-09 2.733748e-03
552 5.585980e-08 2.734683e-03
1536 8.848628e-08 2.750529e-03
730 9.561146e-10 2.754145e-03
1407 3.032567e-08 2.756169e-03
1844 8.018833e-10 2.765739e-03
88 1.469179e-09 2.775998e-03
1156 1.595103e-10 2.780851e-03
1461 4.996709e-06 2.789126e-03
1982 4.098184e-09 2.802075e-03
1440 1.147184e-09 2.807556e-03
1780 2.582296e-10 2.812183e-03
656 2.333172e-08 2.819614e-03
916 3.488650e-13 2.827314e-03
1775 1.268720e-11 2.829931e-03
1300 9.323458e-09 2.831203e-03
65 4.289378e-09 2.831434e-03
1814 4.739152e-11 2.832750e-03
45 7.936357e-08 2.838600e-03
1676 5.806472e-09 2.858112e-03
892 3.197708e-11 2.858967e-03
1799 8.580586e-10 2.885731e-03
1437 4.726335e-08 2.907356e-03
1589 4.968848e-09 2.919405e-03
1499 3.687163e-11 2.925390e-03
692 7.249863e-09 2.934443e-03
1774 2.044214e-09 2.935450e-03
709 1.785536e-11 2.939373e-03
1636 4.895676e-10 2.940737e-03
1225 5.593661e-08 2.944249e-03
1458 1.191760e-07 2.945371e-03
1052 1.420762e-08 2.952661e-03
979 2.931759e-10 2.954075e-03
1453 5.280126e-10 2.968249e-03
1279 4.395415e-07 2.972660e-03
933 2.287916e-10 2.973390e-03
753 3.133184e-09 2.988269e-03
1416 1.012486e-10 2.992421e-03
1191 4.678587e-08 2.996283e-03
734 1.628557e-08 2.996524e-03
1069 9.856007e-08 2.998109e-03
1095 1.316139e-08 3.001195e-03
1863 5.771649e-11 3.006964e-03
1007 3.815781e-09 3.017992e-03
554 2.492167e-10 3.020888e-03
1037 1.069958e-11 3.022628e-03
1086 3.035343e-09 3.023035e-03
44 1.122793e-08 3.027761e-03
1494 1.121977e-08 3.030660e-03
533 4.975387e-08 3.031948e-03
1804 4.601561e-07 3.060421e-03
1030 4.820845e-10 3.061560e-03
217 1.514368e-07 3.069008e-03
1638 4.859571e-09 3.093315e-03
1633 8.092542e-11 3.099629e-03
1390 1.760384e-09 3.100558e-03
1040 8.412339e-10 3.102446e-03
1830 5.056877e-08 3.104159e-03
1449 6.131338e-09 3.108998e-03
448 1.540499e-06 3.112814e-03
2001 1.078657e-08 3.124472e-03
796 3.052768e-09 3.135259e-03
1038 9.406996e-08 3.142918e-03
1923 2.868950e-07 3.164011e-03
1301 3.587470e-08 3.171060e-03
1782 1.812387e-11 3.173241e-03
177 2.798946e-10 3.191416e-03
155 3.164383e-08 3.195251e-03
1877 1.788482e-08 3.196456e-03
1286 4.944693e-12 3.201500e-03
51 1.740569e-09 3.201916e-03
1315 4.082479e-09 3.228748e-03
81 4.046898e-08 3.228880e-03
1193 1.334757e-11 3.228922e-03
225 7.598614e-10 3.233061e-03
1397 2.531743e-08 3.234733e-03
1160 8.644048e-07 3.255015e-03
1389 2.625348e-09 3.265829e-03
1859 1.126306e-10 3.269187e-03
1888 6.410432e-09 3.277064e-03
1601 4.009721e-08 3.296698e-03
1435 1.395753e-09 3.321148e-03
941 7.428011e-09 3.333037e-03
1293 4.226131e-08 3.350096e-03
560 1.050665e-09 3.366897e-03
55 3.240770e-10 3.403890e-03
735 1.603621e-09 3.409297e-03
1617 3.635917e-10 3.410336e-03
1821 1.172057e-09 3.413271e-03
913 3.016817e-10 3.415822e-03
1374 6.325246e-08 3.418769e-03
350 1.385304e-07 3.449332e-03
621 2.927379e-07 3.460060e-03
1295 2.894017e-07 3.475516e-03
417 1.845701e-06 3.493079e-03
1846 1.763822e-10 3.507011e-03
739 1.154859e-10 3.515940e-03
724 4.718381e-07 3.519441e-03
522 4.801368e-09 3.530192e-03
963 3.417773e-09 3.552635e-03
1197 1.157793e-08 3.563129e-03
822 1.148886e-08 3.576201e-03
1835 4.288110e-10 3.577734e-03
478 3.201252e-11 3.581751e-03
818 7.122498e-09 3.592291e-03
1099 3.004348e-10 3.598582e-03
270 1.964852e-10 3.605482e-03
1724 1.112969e-06 3.607704e-03
1381 9.087422e-07 3.609856e-03
1061 1.239241e-06 3.619106e-03
1244 1.323033e-08 3.620794e-03
935 2.938629e-08 3.627889e-03
1044 3.562128e-09 3.632508e-03
302 1.551385e-07 3.638643e-03
1344 5.095647e-07 3.650683e-03
1684 2.552608e-09 3.673063e-03
1738 1.530392e-07 3.674939e-03
1670 6.443932e-09 3.679890e-03
1678 4.131123e-08 3.681377e-03
1470 4.719507e-11 3.690374e-03
376 1.550877e-08 3.690780e-03
1834 2.161399e-07 3.699679e-03
118 8.942249e-09 3.737235e-03
627 3.059642e-07 3.745551e-03
1212 6.390236e-09 3.750614e-03
1907 3.181007e-11 3.760354e-03
426 2.155192e-09 3.761268e-03
158 2.799595e-12 3.780426e-03
450 1.984740e-07 3.800756e-03
1082 2.714455e-07 3.804741e-03
1434 8.648881e-07 3.823009e-03
1593 4.952066e-07 3.859150e-03
859 8.120936e-11 3.867190e-03
1075 1.276693e-07 3.878403e-03
983 3.040323e-08 3.885292e-03
620 9.526259e-09 3.894806e-03
1454 1.531885e-08 3.943136e-03
1882 5.640692e-10 3.948406e-03
1858 9.501605e-08 3.972423e-03
921 4.567444e-08 3.990374e-03
1320 5.354188e-09 4.000368e-03
1897 3.578082e-08 4.006587e-03
277 2.016717e-10 4.011147e-03
703 9.408824e-10 4.012399e-03
565 5.817439e-07 4.012434e-03
805 8.693476e-10 4.030695e-03
1473 1.821589e-08 4.047645e-03
1978 4.085224e-09 4.049218e-03
1964 2.773856e-07 4.056820e-03
575 2.003277e-09 4.064957e-03
998 5.089235e-07 4.069727e-03
460 4.372556e-08 4.091413e-03
388 1.141681e-08 4.093226e-03
1103 6.264917e-08 4.099390e-03
1537 1.724799e-07 4.114984e-03
1538 1.938626e-08 4.120368e-03
1360 4.514217e-09 4.146657e-03
431 1.084032e-11 4.157869e-03
801 3.020973e-08 4.166880e-03
1423 9.797285e-07 4.186416e-03
1405 1.094380e-07 4.192660e-03
1372 1.436992e-09 4.192807e-03
1076 4.095543e-08 4.202061e-03
347 1.148809e-09 4.232999e-03
1595 1.320611e-07 4.233161e-03
61 1.414777e-09 4.242812e-03
253 2.355658e-09 4.245526e-03
1240 1.798994e-07 4.247191e-03
1974 1.190894e-07 4.247747e-03
299 3.617862e-08 4.277496e-03
1700 6.504734e-09 4.278931e-03
1648 2.306455e-06 4.281445e-03
227 5.953484e-09 4.286624e-03
138 4.479478e-07 4.288146e-03
54 8.307042e-10 4.309632e-03
578 2.234392e-07 4.318982e-03
440 7.268536e-08 4.348889e-03
1762 1.584424e-07 4.350016e-03
601 4.316724e-08 4.359458e-03
294 7.622327e-08 4.371156e-03
727 7.736270e-11 4.371471e-03
1412 2.271225e-11 4.384736e-03
1198 1.167818e-05 4.396125e-03
1651 7.429945e-10 4.405817e-03
1550 1.516602e-10 4.407876e-03
71 3.350647e-12 4.412658e-03
1716 6.584325e-10 4.416137e-03
1741 8.646721e-12 4.427054e-03
390 2.538475e-10 4.438237e-03
1788 2.463508e-10 4.441697e-03
1785 4.885622e-08 4.473718e-03
1625 2.379191e-09 4.478762e-03
1385 4.954856e-09 4.491062e-03
1127 1.784346e-06 4.498829e-03
1766 9.877849e-09 4.501582e-03
1496 6.266571e-08 4.505799e-03
955 2.413374e-08 4.506501e-03
1419 1.358787e-09 4.513392e-03
1365 4.448687e-10 4.523370e-03
1079 2.049842e-08 4.528788e-03
624 1.929920e-07 4.538666e-03
518 2.998839e-09 4.544124e-03
1695 2.722304e-06 4.547091e-03
243 9.153742e-09 4.581085e-03
1509 1.997000e-08 4.602089e-03
439 1.930279e-09 4.609570e-03
1366 2.508972e-08 4.616462e-03
1857 2.202407e-09 4.628327e-03
1384 1.049306e-08 4.634915e-03
1402 1.680349e-07 4.650506e-03
73 1.784923e-07 4.667566e-03
1729 8.670051e-08 4.671364e-03
1400 3.192390e-09 4.682852e-03
1236 3.991214e-09 4.717477e-03
1048 1.014361e-09 4.746489e-03
315 1.769826e-11 4.747141e-03
284 7.460476e-10 4.751288e-03
808 7.018770e-06 4.775989e-03
218 1.702099e-07 4.784970e-03
653 1.211202e-09 4.786226e-03
1914 5.404467e-08 4.787004e-03
1284 2.504678e-07 4.796047e-03
1123 4.260378e-06 4.807969e-03
67 4.054244e-10 4.816532e-03
1818 3.407998e-08 4.837164e-03
1258 1.958097e-10 4.848450e-03
712 5.226809e-07 4.864721e-03
1582 6.004790e-07 4.870366e-03
110 5.186291e-08 4.879474e-03
204 2.881287e-07 4.887390e-03
1608 2.750569e-09 4.893484e-03
1901 7.778147e-09 4.905612e-03
782 1.897226e-06 4.907225e-03
66 1.041990e-08 4.915048e-03
1817 1.095718e-06 4.931844e-03
77 7.818107e-08 4.941611e-03
1354 1.325869e-09 4.958500e-03
1922 1.645679e-06 4.989324e-03
1213 1.859480e-09 4.993806e-03
1549 1.745054e-06 4.994967e-03
708 1.634759e-13 4.995843e-03
654 4.345832e-07 5.016200e-03
212 4.545036e-09 5.028178e-03
1418 2.774598e-08 5.033690e-03
792 3.773851e-07 5.048983e-03
511 3.394821e-08 5.074648e-03
1532 4.097802e-09 5.077940e-03
1579 2.322431e-09 5.082431e-03
287 8.691994e-09 5.092760e-03
238 3.243499e-08 5.109919e-03
1118 4.124004e-08 5.125692e-03
923 1.916529e-09 5.136115e-03
1759 6.644691e-08 5.176712e-03
453 2.470619e-08 5.190312e-03
405 1.657493e-07 5.198048e-03
794 1.241365e-07 5.210565e-03
1417 4.268825e-07 5.222454e-03
279 6.188559e-09 5.222477e-03
434 4.120303e-08 5.231425e-03
600 2.075608e-07 5.256887e-03
607 2.220301e-08 5.272091e-03
1905 3.501651e-07 5.300549e-03
325 2.337995e-09 5.312797e-03
257 2.867913e-08 5.318918e-03
717 5.131661e-09 5.331228e-03
1196 1.349466e-09 5.335233e-03
1498 1.229283e-08 5.336329e-03
613 9.837031e-09 5.342676e-03
1254 4.629832e-10 5.368661e-03
486 1.065200e-07 5.372436e-03
1566 4.004984e-09 5.374975e-03
95 3.568928e-10 5.393135e-03
122 6.856916e-07 5.401592e-03
1083 2.945498e-06 5.408752e-03
1658 3.343223e-06 5.417490e-03
324 5.271124e-09 5.425127e-03
474 3.431183e-07 5.435077e-03
1591 2.285736e-06 5.445151e-03
799 1.958413e-07 5.449533e-03
642 3.184923e-07 5.456434e-03
1501 5.767037e-09 5.471666e-03
234 1.351672e-06 5.506359e-03
161 4.547782e-07 5.517369e-03
443 7.443844e-08 5.522983e-03
1403 7.132637e-09 5.537176e-03
1996 1.976991e-08 5.555342e-03
1077 3.772481e-07 5.557858e-03
314 5.453181e-06 5.562365e-03
1754 5.704138e-08 5.580960e-03
766 7.062164e-07 5.583152e-03
661 2.085297e-08 5.602394e-03
1261 1.760372e-09 5.603303e-03
595 1.550428e-08 5.629659e-03
456 4.541542e-08 5.644914e-03
1232 9.865639e-13 5.677333e-03
221 3.194650e-10 5.697312e-03
52 2.988441e-08 5.701579e-03
53 3.012718e-08 5.718599e-03
1505 3.353241e-07 5.732402e-03
1990 2.888716e-06 5.749687e-03
614 1.335014e-07 5.783171e-03
849 6.349092e-09 5.806127e-03
74 9.750226e-09 5.808741e-03
937 1.147421e-10 5.815882e-03
190 2.619315e-07 5.815943e-03
676 7.975768e-07 5.824368e-03
827 4.708772e-07 5.829642e-03
63 1.935231e-07 5.838395e-03
550 1.504366e-10 5.839099e-03
1791 3.553357e-08 5.840370e-03
438 5.528920e-09 5.848478e-03
192 4.265610e-08 5.866558e-03
1386 9.217862e-08 5.867947e-03
813 1.874656e-08 5.877960e-03
75 1.559936e-07 5.884590e-03
1294 5.972357e-08 5.894929e-03
767 1.124258e-08 5.910551e-03
468 1.960048e-11 5.934425e-03
1812 8.255920e-09 5.935300e-03
615 2.503097e-09 5.946110e-03
1218 2.201069e-07 5.947208e-03
1158 1.248925e-06 5.977003e-03
574 3.128618e-07 5.987609e-03
1415 5.194797e-08 6.000452e-03
1806 3.254238e-08 6.012498e-03
1692 4.130398e-08 6.013098e-03
1207 8.107343e-07 6.024568e-03
1448 2.071604e-05 6.027891e-03
298 2.573937e-07 6.028513e-03
580 9.056651e-09 6.040094e-03
650 1.010486e-05 6.048181e-03
1357 4.621767e-10 6.053787e-03
168 1.886610e-06 6.056880e-03
1937 3.300476e-06 6.081409e-03
1870 1.923282e-07 6.094474e-03
1029 1.375815e-08 6.120689e-03
194 1.359069e-08 6.121896e-03
286 3.162003e-08 6.188846e-03
1250 9.888852e-10 6.206739e-03
647 5.184669e-07 6.207728e-03
987 7.796360e-09 6.227352e-03
1170 3.168866e-07 6.242613e-03
193 2.877258e-09 6.284859e-03
1472 1.955021e-08 6.299931e-03
1125 1.206528e-05 6.309000e-03
379 5.143240e-07 6.318116e-03
374 1.770762e-10 6.334657e-03
47 1.367657e-09 6.340949e-03
710 2.494386e-07 6.365491e-03
1514 1.949846e-09 6.428486e-03
1208 2.575122e-07 6.430959e-03
228 8.202652e-08 6.435960e-03
505 2.813789e-09 6.451056e-03
875 1.589307e-07 6.455106e-03
1144 8.548434e-10 6.472697e-03
713 1.833469e-08 6.473141e-03
920 1.250039e-09 6.486914e-03
626 5.709648e-07 6.506756e-03
1551 8.984901e-08 6.514231e-03
1394 5.008204e-08 6.519196e-03
293 1.358617e-06 6.524299e-03
1751 2.090102e-07 6.530066e-03
1878 1.074238e-09 6.553831e-03
1427 1.468554e-06 6.573168e-03
1363 2.407828e-06 6.594508e-03
358 7.871648e-07 6.604786e-03
488 4.930855e-08 6.611771e-03
435 1.170663e-05 6.645730e-03
1153 2.839930e-07 6.663717e-03
905 2.329739e-09 6.665240e-03
1443 9.990529e-07 6.669007e-03
1141 1.276305e-08 6.675915e-03
1533 4.390110e-09 6.697193e-03
1966 1.264128e-08 6.706479e-03
1747 2.044976e-07 6.719034e-03
1798 8.216457e-07 6.728125e-03
1492 3.566501e-09 6.755410e-03
442 9.521769e-10 6.772968e-03
1634 6.045270e-10 6.778118e-03
148 2.077051e-06 6.802687e-03
1906 6.995700e-07 6.805074e-03
102 1.713508e-08 6.806106e-03
750 2.916819e-08 6.868139e-03
322 2.640038e-11 6.874496e-03
1842 3.522796e-08 6.904524e-03
1562 2.003748e-10 6.923906e-03
1947 8.234027e-06 6.932001e-03
1764 6.982422e-09 6.939953e-03
1245 3.265954e-07 6.948328e-03
812 7.326581e-09 6.949320e-03
1126 1.330476e-07 6.952527e-03
1755 6.521290e-06 6.962140e-03
1761 6.791537e-09 7.061369e-03
1239 7.017389e-07 7.080208e-03
283 1.026059e-07 7.086559e-03
1490 2.288969e-05 7.094925e-03
992 5.808140e-08 7.107337e-03
1677 5.707274e-10 7.112997e-03
1590 1.460787e-05 7.117452e-03
1872 8.690802e-10 7.175093e-03
1307 1.710485e-06 7.186005e-03
1521 2.193024e-09 7.192814e-03
1885 6.140596e-06 7.227543e-03
191 4.197175e-07 7.238341e-03
1952 8.625373e-07 7.258158e-03
894 2.533399e-06 7.262017e-03
1778 5.723915e-08 7.279238e-03
48 2.819418e-08 7.281248e-03
1442 3.347369e-09 7.299228e-03
1792 3.810721e-06 7.307131e-03
729 4.200710e-11 7.307730e-03
41 1.392634e-06 7.334625e-03
1338 2.047500e-08 7.358927e-03
784 1.379097e-06 7.367219e-03
1946 7.718699e-06 7.373283e-03
1731 2.276124e-07 7.380842e-03
235 1.467869e-11 7.405353e-03
1783 6.529547e-08 7.441571e-03
1379 9.401150e-06 7.490549e-03
1230 6.523326e-08 7.524932e-03
914 2.898658e-08 7.563717e-03
553 9.711884e-08 7.568589e-03
1234 9.654113e-11 7.617790e-03
1719 2.523690e-10 7.630569e-03
1512 6.624251e-08 7.633087e-03
1393 1.921027e-09 7.650081e-03
1424 1.860305e-06 7.662374e-03
1204 9.935964e-07 7.678429e-03
1281 9.381854e-07 7.678558e-03
1139 2.053792e-06 7.733590e-03
1861 1.100082e-07 7.741137e-03
1373 3.100153e-08 7.754088e-03
117 6.581219e-07 7.759166e-03
556 7.159705e-07 7.768631e-03
678 9.340568e-08 7.781956e-03
1433 7.194990e-09 7.839726e-03
1811 6.079290e-09 7.843200e-03
1388 3.817417e-07 7.843527e-03
1042 2.757828e-07 7.871035e-03
178 1.471297e-08 7.891212e-03
1977 2.031722e-06 7.892819e-03
1915 3.878756e-11 7.895665e-03
728 2.111829e-09 7.909713e-03
30 1.406024e-07 7.935811e-03
864 9.563323e-08 8.021496e-03
1169 6.996405e-10 8.022556e-03
997 4.408901e-08 8.049461e-03
85 4.970282e-08 8.053278e-03
1708 6.882477e-10 8.068285e-03
1098 1.597592e-08 8.097894e-03
886 9.266522e-07 8.126090e-03
1358 1.857342e-06 8.129420e-03
771 4.120579e-06 8.145639e-03
481 3.633410e-08 8.215980e-03
558 2.123651e-07 8.216561e-03
170 9.817023e-07 8.228277e-03
868 9.079512e-06 8.230818e-03
1330 1.164032e-07 8.258132e-03
1904 1.047018e-07 8.335805e-03
967 3.956455e-08 8.346570e-03
1108 2.633294e-07 8.351096e-03
1506 3.726234e-06 8.411787e-03
618 6.862504e-08 8.415448e-03
1428 1.900542e-06 8.434946e-03
1722 1.729219e-09 8.443543e-03
971 2.123452e-06 8.463639e-03
906 3.017186e-07 8.474446e-03
196 2.262955e-07 8.477847e-03
741 4.465558e-09 8.490027e-03
1014 8.124704e-08 8.502811e-03
974 7.429874e-07 8.528108e-03
1770 8.861966e-09 8.551908e-03
1510 1.364026e-08 8.564623e-03
769 8.021895e-07 8.597151e-03
523 2.565506e-07 8.604564e-03
1088 1.219366e-07 8.605461e-03
651 9.429463e-07 8.610622e-03
1314 1.449489e-07 8.628722e-03
517 4.828507e-06 8.629136e-03
1425 1.787992e-06 8.633190e-03
1129 3.031064e-08 8.656090e-03
1597 3.315218e-07 8.668736e-03
1444 5.125578e-07 8.679181e-03
1843 5.405606e-09 8.683767e-03
1603 2.963709e-08 8.703458e-03
1697 2.981297e-08 8.762821e-03
252 1.986179e-08 8.796386e-03
1715 3.300120e-07 8.824385e-03
635 1.656258e-07 8.839527e-03
1957 1.199458e-06 8.877416e-03
141 2.740777e-07 8.878134e-03
1304 2.921684e-06 8.881352e-03
908 3.721810e-08 8.983871e-03
1056 2.265504e-07 9.020922e-03
255 6.367078e-08 9.061082e-03
832 8.459858e-07 9.112524e-03
94 2.160994e-07 9.124583e-03
399 3.243322e-08 9.131689e-03
121 1.529008e-07 9.137940e-03
721 3.066569e-06 9.156887e-03
472 2.203123e-06 9.181017e-03
49 1.701238e-07 9.190305e-03
1391 4.173193e-08 9.243780e-03
285 9.875947e-10 9.257042e-03
670 2.223108e-09 9.350450e-03
1053 9.891854e-09 9.363394e-03
1336 3.971719e-06 9.368168e-03
877 1.615786e-08 9.391506e-03
655 8.487543e-07 9.410381e-03
665 4.356631e-09 9.410438e-03
1801 2.051656e-05 9.421922e-03
1355 9.898128e-08 9.447241e-03
233 1.605870e-08 9.457281e-03
1546 9.277513e-07 9.478624e-03
1720 6.856513e-08 9.481844e-03
1268 9.223599e-07 9.486385e-03
593 2.479091e-07 9.512406e-03
961 1.709680e-09 9.517556e-03
1793 8.604497e-09 9.526559e-03
1991 9.601361e-07 9.531532e-03
973 3.405263e-06 9.543595e-03
545 5.373865e-08 9.571409e-03
342 5.910841e-07 9.577558e-03
1518 5.212016e-06 9.627573e-03
1303 5.834524e-07 9.646523e-03
993 1.102985e-07 9.676864e-03
500 1.177916e-10 9.724529e-03
898 1.395622e-06 9.728797e-03
1468 3.413493e-06 9.758979e-03
507 1.147411e-07 9.762402e-03
532 4.850887e-07 9.784121e-03
1249 5.956017e-09 9.786998e-03
1325 9.342258e-10 9.791865e-03
697 5.344753e-07 9.796806e-03
184 7.413303e-07 9.806485e-03
1750 3.239998e-06 9.832228e-03
823 4.904942e-07 9.834835e-03
1377 3.275309e-08 9.848893e-03
1180 2.761308e-07 9.851200e-03
1224 9.122625e-07 9.886847e-03
764 1.173141e-09 9.889932e-03
312 1.565513e-05 9.898461e-03
510 5.896370e-09 9.928088e-03
1529 4.866864e-06 9.940247e-03
260 3.555150e-07 1.015774e-02
1171 3.203985e-08 1.019084e-02
1039 3.788832e-07 1.022243e-02
783 6.343270e-07 1.022758e-02
1001 7.621361e-07 1.025674e-02
619 9.743578e-06 1.026390e-02
1955 1.499010e-06 1.027367e-02
1554 1.321151e-07 1.027518e-02
934 4.782617e-07 1.031139e-02
793 1.940115e-06 1.033639e-02
1252 2.667011e-05 1.033968e-02
689 1.267674e-08 1.035506e-02
268 3.631130e-07 1.036336e-02
1544 8.890419e-07 1.043700e-02
765 1.011066e-11 1.044243e-02
838 3.103331e-06 1.045637e-02
912 1.478292e-08 1.048275e-02
341 2.852913e-08 1.049455e-02
1110 1.880410e-08 1.049871e-02
160 1.348939e-06 1.053260e-02
939 3.984157e-07 1.053549e-02
1426 3.876999e-06 1.072492e-02
389 1.358847e-07 1.074274e-02
1600 5.753094e-07 1.076047e-02
962 9.013924e-09 1.078017e-02
1445 7.171122e-07 1.079247e-02
1185 7.360192e-10 1.085122e-02
1868 7.554145e-07 1.085391e-02
576 6.790336e-06 1.086966e-02
153 4.475208e-07 1.088632e-02
76 2.165148e-06 1.090397e-02
111 4.168461e-08 1.092003e-02
814 6.099714e-07 1.096840e-02
519 1.541787e-06 1.098972e-02
491 1.506328e-07 1.100132e-02
1674 4.109661e-08 1.101847e-02
1805 2.200638e-09 1.103956e-02
1020 3.219752e-10 1.104064e-02
1903 1.074781e-07 1.106746e-02
1795 1.378638e-05 1.107722e-02
1410 2.564993e-09 1.109000e-02
1265 6.327801e-08 1.110264e-02
308 9.499130e-08 1.114190e-02
139 2.795209e-06 1.114674e-02
1871 1.567038e-08 1.130745e-02
1027 1.044056e-06 1.132904e-02
1523 1.272527e-05 1.134255e-02
34 6.039986e-06 1.139871e-02
1865 3.503021e-10 1.142285e-02
1713 5.099662e-07 1.146426e-02
9 3.160726e-07 1.150912e-02
1513 5.869839e-06 1.156983e-02
637 3.434753e-08 1.161394e-02
1710 1.757667e-07 1.163968e-02
1927 8.987864e-07 1.168568e-02
79 2.800170e-07 1.170204e-02
1763 1.433502e-08 1.170868e-02
1335 8.202557e-09 1.172369e-02
127 2.088352e-07 1.174328e-02
1879 1.898575e-07 1.174782e-02
1353 1.079701e-06 1.175495e-02
1493 5.038737e-08 1.176151e-02
1479 6.066798e-06 1.178251e-02
167 1.218674e-05 1.178685e-02
263 3.728503e-05 1.180569e-02
1771 5.360476e-06 1.180975e-02
1809 5.963818e-07 1.183829e-02
64 1.054693e-08 1.184660e-02
369 1.322546e-07 1.185673e-02
625 1.293812e-06 1.198350e-02
1102 2.079706e-07 1.201402e-02
336 1.284855e-05 1.202478e-02
1899 2.333326e-06 1.207743e-02
330 8.959177e-07 1.209926e-02
1890 2.753325e-07 1.210525e-02
1436 4.257592e-06 1.210843e-02
880 2.248218e-06 1.217098e-02
1511 7.484292e-07 1.218485e-02
109 2.263335e-08 1.222123e-02
107 5.784103e-08 1.227749e-02
1526 1.900697e-07 1.229065e-02
1829 3.204911e-06 1.233328e-02
1130 4.249860e-08 1.234811e-02
1013 3.191290e-09 1.236061e-02
1665 1.289013e-06 1.236163e-02
590 1.207335e-08 1.236501e-02
226 3.146394e-07 1.239659e-02
751 3.078590e-07 1.242803e-02
68 1.033235e-06 1.243299e-02
215 9.556891e-08 1.249014e-02
569 2.144310e-06 1.249332e-02
1936 8.334199e-08 1.255801e-02
420 6.291229e-06 1.258651e-02
1777 3.969141e-07 1.270665e-02
1749 6.343932e-06 1.270890e-02
1586 8.090122e-06 1.288492e-02
746 3.001909e-07 1.288598e-02
1519 2.298196e-06 1.295550e-02
266 3.039117e-06 1.296426e-02
1121 1.427318e-05 1.301017e-02
1559 1.432806e-05 1.306164e-02
1296 2.034589e-08 1.308044e-02
137 3.313520e-07 1.308439e-02
1644 1.663314e-06 1.308560e-02
631 9.349977e-06 1.312081e-02
506 2.856226e-08 1.315453e-02
157 1.086157e-08 1.321952e-02
59 2.983739e-07 1.324851e-02
1657 5.516269e-06 1.326344e-02
1057 7.256945e-08 1.334359e-02
359 5.665286e-07 1.337652e-02
179 4.134513e-07 1.338622e-02
888 2.526172e-06 1.338800e-02
69 8.079339e-06 1.339066e-02
1459 3.431018e-05 1.340341e-02
887 2.562089e-08 1.345862e-02
423 4.709374e-06 1.352086e-02
368 3.152619e-06 1.360188e-02
1849 1.082162e-08 1.367716e-02
1718 1.204209e-06 1.371128e-02
1421 2.807489e-07 1.371845e-02
1450 2.404535e-07 1.376548e-02
1350 5.098141e-06 1.377390e-02
1883 1.061687e-05 1.377413e-02
337 3.979084e-07 1.379392e-02
1334 4.803342e-07 1.382713e-02
1326 1.042625e-05 1.382755e-02
1669 1.122550e-05 1.384719e-02
311 8.258323e-07 1.388376e-02
1241 1.771227e-05 1.394242e-02
542 6.416050e-06 1.398571e-02
1528 3.204377e-05 1.411172e-02
1664 3.463698e-06 1.416540e-02
617 5.099257e-07 1.421731e-02
480 2.743395e-06 1.422715e-02
1021 2.566868e-08 1.427967e-02
1251 1.303464e-08 1.430333e-02
899 5.260387e-08 1.433512e-02
272 1.150802e-06 1.433536e-02
587 5.344151e-07 1.434926e-02
1238 1.213541e-07 1.437683e-02
1568 2.835148e-08 1.442624e-02
829 1.333031e-07 1.443359e-02
214 2.604658e-06 1.447299e-02
1500 1.245352e-05 1.454452e-02
1813 1.598931e-07 1.459417e-02
1124 5.702603e-08 1.465331e-02
146 4.518775e-08 1.471787e-02
1031 7.165914e-06 1.473027e-02
1850 1.131047e-08 1.479273e-02
1584 2.796922e-08 1.485795e-02
1892 3.282753e-08 1.486436e-02
1986 3.722853e-05 1.487618e-02
1530 1.770188e-08 1.488455e-02
1516 3.735923e-06 1.490437e-02
1113 9.613996e-07 1.496627e-02
1832 8.665063e-08 1.496779e-02
837 1.960091e-07 1.497012e-02
124 1.048287e-06 1.500788e-02
673 1.726216e-05 1.504564e-02
349 1.212419e-05 1.513294e-02
995 7.483788e-08 1.517499e-02
1757 2.626966e-07 1.518957e-02
839 2.829782e-08 1.527763e-02
646 7.790061e-06 1.528444e-02
1227 3.782086e-05 1.537234e-02
96 1.369946e-06 1.537899e-02
582 1.772931e-06 1.538429e-02
499 3.622786e-06 1.542625e-02
1965 1.278099e-06 1.544474e-02
176 1.713617e-06 1.549835e-02
1345 2.456023e-06 1.550448e-02
682 1.504359e-05 1.553305e-02
1078 1.259126e-06 1.556853e-02
1182 4.595195e-05 1.567188e-02
340 1.083892e-06 1.586989e-02
1298 1.354124e-06 1.595644e-02
546 6.474989e-07 1.601942e-02
773 1.152670e-08 1.604676e-02
804 2.712776e-08 1.609918e-02
1933 2.202050e-07 1.613399e-02
1035 2.879443e-07 1.623049e-02
410 4.164453e-06 1.625875e-02
900 6.233817e-09 1.626210e-02
630 5.690103e-06 1.626800e-02
1352 2.528542e-06 1.636228e-02
1675 9.482721e-07 1.639153e-02
922 5.599616e-08 1.639353e-02
1132 1.449387e-05 1.642382e-02
1067 2.369974e-05 1.644900e-02
1256 6.313026e-05 1.646755e-02
1592 8.453396e-06 1.661619e-02
1478 7.533852e-07 1.663995e-02
1709 1.240167e-06 1.664620e-02
333 3.440553e-09 1.670791e-02
1929 2.918742e-06 1.671641e-02
610 3.075088e-06 1.678111e-02
1611 1.938927e-07 1.678348e-02
189 1.255056e-05 1.682144e-02
300 1.047625e-06 1.683306e-02
1446 2.552659e-06 1.693999e-02
1474 5.009940e-09 1.696601e-02
425 1.348431e-06 1.702750e-02
1534 4.541066e-05 1.705008e-02
736 8.624399e-07 1.706077e-02
1594 1.651685e-06 1.710419e-02
1219 3.024641e-06 1.712750e-02
367 1.516311e-08 1.713274e-02
1438 1.500728e-05 1.722270e-02
202 2.468825e-06 1.723537e-02
162 1.322426e-07 1.730062e-02
1011 3.702851e-08 1.733304e-02
1411 2.015115e-05 1.734764e-02
1797 2.556511e-09 1.740303e-02
1767 9.531146e-05 1.747573e-02
446 5.261780e-08 1.751322e-02
723 3.419479e-06 1.758260e-02
1482 2.828228e-06 1.759110e-02
164 5.337176e-06 1.771307e-02
163 1.392947e-06 1.776007e-02
1469 4.993484e-07 1.779193e-02
295 1.741454e-09 1.781102e-02
154 3.695819e-06 1.781299e-02
1779 7.446924e-06 1.783219e-02
1656 1.079530e-07 1.784714e-02
1627 1.001532e-05 1.784718e-02
715 5.968446e-06 1.785802e-02
213 1.177969e-05 1.786756e-02
1267 2.634958e-07 1.792343e-02
1575 8.511289e-09 1.799291e-02
159 1.188507e-06 1.801056e-02
949 1.249356e-07 1.803541e-02
1375 1.925085e-05 1.818496e-02
1930 5.385358e-06 1.822668e-02
1909 2.006838e-05 1.826180e-02
1432 2.413822e-07 1.826863e-02
1935 7.987987e-06 1.830852e-02
1725 1.656785e-06 1.832056e-02
526 7.152434e-06 1.834760e-02
473 5.582179e-06 1.846264e-02
229 3.579753e-08 1.849609e-02
489 1.391607e-05 1.852509e-02
1135 8.076392e-07 1.863096e-02
276 3.816538e-07 1.877052e-02
1524 1.113920e-06 1.902156e-02
1647 5.731106e-05 1.907267e-02
239 2.679310e-05 1.912387e-02
297 2.852758e-07 1.922594e-02
1998 3.471215e-06 1.931687e-02
623 1.574404e-05 1.937500e-02
1460 1.157657e-06 1.937740e-02
1776 3.599941e-08 1.940506e-02
1321 1.744392e-05 1.945987e-02
126 3.840534e-05 1.959372e-02
112 3.079741e-09 1.961533e-02
810 1.397907e-06 1.969298e-02
514 2.358215e-08 1.969659e-02
956 1.025523e-06 1.975272e-02
1756 6.292104e-08 1.984157e-02
502 6.800693e-08 1.990989e-02
1598 4.861448e-05 1.992403e-02
267 3.227053e-08 1.992454e-02
1587 1.256987e-05 1.994141e-02
452 1.559213e-05 1.998826e-02
686 5.658644e-06 2.008797e-02
1023 6.577880e-06 2.019093e-02
271 2.123046e-07 2.030664e-02
1340 1.197481e-05 2.034022e-02
303 3.303779e-08 2.065370e-02
199 5.154884e-07 2.068607e-02
858 1.957558e-07 2.075309e-02
370 1.169918e-06 2.090148e-02
1161 5.504308e-07 2.091997e-02
1122 8.898839e-07 2.093242e-02
1274 8.930503e-08 2.099006e-02
1476 3.791858e-07 2.100712e-02
636 1.081134e-07 2.107366e-02
1283 8.293659e-08 2.107493e-02
904 3.802567e-09 2.108563e-02
91 2.566448e-06 2.119611e-02
911 8.768029e-08 2.120506e-02
366 3.033391e-07 2.123456e-02
197 7.454238e-09 2.128083e-02
758 2.523765e-07 2.128965e-02
701 3.139932e-06 2.138001e-02
380 4.581020e-06 2.143367e-02
387 1.110758e-06 2.150306e-02
43 2.599021e-05 2.157387e-02
1985 2.838693e-05 2.162294e-02
791 1.402859e-05 2.162859e-02
780 5.909332e-05 2.165049e-02
684 1.497775e-05 2.166866e-02
851 5.177394e-07 2.172544e-02
1383 1.797211e-07 2.179870e-02
755 7.513313e-07 2.193810e-02
1255 1.477589e-07 2.208032e-02
1010 6.510944e-07 2.216882e-02
977 1.595807e-05 2.219399e-02
464 1.775563e-05 2.222378e-02
980 5.520889e-07 2.225339e-02
981 5.126743e-07 2.227096e-02
834 3.412253e-06 2.231295e-02
1548 7.033246e-06 2.241999e-02
1471 2.467241e-05 2.259944e-02
1940 3.998825e-09 2.261907e-02
831 2.166060e-06 2.268404e-02
386 2.500093e-05 2.275887e-02
1659 6.857123e-06 2.281496e-02
1137 2.927837e-06 2.301615e-02
889 1.708234e-07 2.304310e-02
198 5.848983e-05 2.304525e-02
1024 1.102658e-05 2.307946e-02
1262 2.348666e-06 2.314871e-02
1958 4.321396e-06 2.321542e-02
788 3.551174e-07 2.326093e-02
1563 9.979328e-07 2.334070e-02
1852 1.541231e-05 2.335326e-02
254 8.878115e-07 2.349369e-02
397 1.527939e-06 2.350920e-02
1860 1.421423e-06 2.354630e-02
1654 1.042222e-06 2.355869e-02
890 1.565502e-08 2.360013e-02
984 5.073141e-05 2.360158e-02
609 4.965589e-05 2.361124e-02
56 4.984952e-06 2.361939e-02
947 2.200560e-05 2.365447e-02
1222 7.557687e-08 2.365568e-02
1495 1.540723e-05 2.372179e-02
833 1.436854e-05 2.374498e-02
1163 1.747549e-05 2.381520e-02
862 3.490255e-06 2.389818e-02
114 4.547192e-06 2.403446e-02
1093 2.732725e-07 2.408347e-02
384 2.110173e-06 2.410622e-02
1333 3.339697e-06 2.432323e-02
291 2.684325e-05 2.441724e-02
1581 9.534171e-05 2.447354e-02
1574 2.759684e-05 2.449362e-02
943 1.483752e-06 2.454616e-02
1233 3.315717e-07 2.461042e-02
1671 1.864834e-06 2.461845e-02
978 7.324429e-07 2.472552e-02
104 1.529095e-09 2.473704e-02
1737 9.060237e-05 2.478555e-02
1972 1.850923e-05 2.486049e-02
672 2.389815e-08 2.509541e-02
1588 1.342297e-06 2.515950e-02
1466 7.404916e-06 2.525340e-02
1145 1.195533e-06 2.526077e-02
1838 2.113257e-05 2.527093e-02
1101 1.794839e-07 2.540475e-02
742 2.162720e-05 2.547362e-02
1565 6.485598e-05 2.551559e-02
688 3.538366e-06 2.557152e-02
1622 1.614565e-05 2.575422e-02
1815 3.485261e-08 2.575996e-02
412 1.123891e-04 2.576639e-02
693 1.800871e-05 2.580662e-02
1833 8.701822e-05 2.606042e-02
824 6.466913e-08 2.608610e-02
1175 1.143354e-07 2.619237e-02
17 4.659427e-06 2.622803e-02
1682 1.471062e-06 2.625294e-02
1739 1.417292e-06 2.625490e-02
999 2.504339e-06 2.627670e-02
1220 1.384554e-05 2.629166e-02
1420 5.697188e-06 2.638648e-02
966 7.957482e-05 2.669124e-02
825 6.623334e-07 2.682842e-02
1329 5.525535e-06 2.693817e-02
1717 4.689503e-06 2.709674e-02
815 1.237688e-05 2.714780e-02
970 1.474326e-05 2.722204e-02
1488 2.242012e-07 2.748030e-02
355 1.967269e-06 2.753925e-02
1984 3.323842e-08 2.762987e-02
591 1.880623e-06 2.767768e-02
323 1.129831e-06 2.777449e-02
811 4.867479e-07 2.779264e-02
936 1.053466e-07 2.788073e-02
1202 8.089115e-06 2.813216e-02
1941 1.083542e-04 2.817981e-02
871 1.692439e-07 2.820602e-02
401 5.976961e-06 2.824337e-02
821 5.841782e-07 2.829951e-02
1959 7.141288e-06 2.831605e-02
1406 7.697546e-05 2.857149e-02
1346 5.013270e-09 2.861747e-02
97 1.924074e-05 2.871688e-02
540 1.067553e-06 2.908278e-02
1483 7.759878e-05 2.912387e-02
1531 5.468148e-06 2.913665e-02
1194 7.889278e-07 2.923143e-02
1429 2.922201e-05 2.929935e-02
1214 4.486243e-05 2.932276e-02
1217 1.079762e-06 2.932389e-02
470 1.636305e-05 2.956726e-02
1455 1.193362e-04 2.964459e-02
508 4.047418e-05 2.965488e-02
549 1.692886e-06 2.970833e-02
264 3.736204e-07 3.010181e-02
951 3.481282e-09 3.014946e-02
910 1.284317e-05 3.016191e-02
261 1.211395e-04 3.019810e-02
521 3.788876e-07 3.021569e-02
392 9.491188e-06 3.025359e-02
404 1.056101e-06 3.057313e-02
1289 1.878926e-05 3.063899e-02
1596 1.370002e-08 3.066901e-02
683 6.260498e-07 3.071106e-02
1361 7.543581e-05 3.102551e-02
422 1.032095e-06 3.120611e-02
786 1.963402e-05 3.139459e-02
1960 4.620716e-06 3.141022e-02
1721 3.409294e-09 3.152327e-02
1264 4.020501e-08 3.173082e-02
1034 1.000004e-06 3.193265e-02
1290 5.145450e-07 3.225752e-02
1943 1.799098e-07 3.243505e-02
1556 1.333100e-04 3.250776e-02
1327 1.132282e-05 3.256029e-02
543 8.218099e-05 3.264655e-02
1540 1.465420e-06 3.267176e-02
1727 1.283824e-06 3.272390e-02
1119 7.911966e-06 3.288018e-02
845 1.716498e-07 3.303893e-02
1687 1.191780e-06 3.316322e-02
50 6.948113e-07 3.356909e-02
1398 1.799434e-05 3.378344e-02
1932 4.123156e-08 3.379319e-02
1786 5.532237e-07 3.392837e-02
1431 9.682369e-07 3.399957e-02
1681 3.046865e-06 3.429022e-02
561 8.767712e-07 3.439206e-02
1504 4.118938e-05 3.444557e-02
132 1.003346e-05 3.457307e-02
207 5.790069e-06 3.470301e-02
1931 1.942377e-04 3.476151e-02
1784 2.161960e-06 3.480164e-02
1114 4.245182e-06 3.485685e-02
903 2.857179e-07 3.499743e-02
1987 5.898439e-07 3.501962e-02
310 9.775898e-06 3.502919e-02
1266 9.418575e-08 3.505347e-02
22 2.857743e-05 3.557210e-02
847 6.625062e-05 3.581224e-02
1291 2.282872e-04 3.594584e-02
1950 5.392796e-06 3.602460e-02
1015 4.578171e-06 3.619879e-02
844 1.461311e-07 3.633922e-02
1269 2.312790e-04 3.650547e-02
372 7.913694e-08 3.673322e-02
1851 6.606557e-07 3.677981e-02
1920 4.079651e-05 3.688441e-02
579 2.270046e-05 3.704632e-02
841 2.636991e-06 3.714896e-02
1104 1.579501e-05 3.725342e-02
1094 1.477359e-04 3.731479e-02
1765 3.733822e-05 3.734368e-02
778 5.087062e-05 3.744282e-02
1839 6.664429e-07 3.753042e-02
1612 3.968624e-05 3.774805e-02
869 2.364376e-05 3.778212e-02
603 2.021151e-05 3.782232e-02
612 5.966644e-06 3.786288e-02
378 4.199939e-05 3.787749e-02
156 1.183809e-04 3.798223e-02
1918 8.005525e-05 3.817103e-02
84 4.157412e-06 3.832537e-02
840 4.339372e-06 3.850014e-02
756 1.243890e-06 3.875839e-02
768 4.586510e-05 3.914976e-02
343 3.115090e-08 3.919078e-02
740 5.460556e-06 3.919250e-02
1840 1.104693e-06 3.921056e-02
1016 3.657219e-04 3.921173e-02
242 1.199119e-06 3.926615e-02
1481 2.377698e-05 3.959444e-02
602 5.579105e-05 3.982092e-02
305 1.084063e-04 3.989657e-02
492 3.533285e-04 4.025173e-02
1231 3.154718e-07 4.037157e-02
403 6.727150e-05 4.047704e-02
1980 2.519420e-04 4.052433e-02
461 1.052287e-06 4.053301e-02
1802 2.755506e-06 4.066990e-02
471 1.026150e-05 4.068760e-02
396 4.194816e-06 4.072673e-02
216 6.025826e-07 4.075077e-02
1525 2.357549e-05 4.078851e-02
1221 3.745950e-05 4.157192e-02
761 1.096655e-04 4.157897e-02
1004 2.815277e-05 4.187728e-02
777 5.454886e-05 4.211215e-02
716 1.037158e-05 4.213609e-02
1673 3.143695e-05 4.216395e-02
1096 1.055765e-05 4.242723e-02
365 4.384178e-06 4.245435e-02
1823 1.571544e-05 4.251966e-02
826 1.043979e-03 4.252642e-02
1816 1.110288e-04 4.269352e-02
952 3.285563e-06 4.278622e-02
1228 1.254043e-04 4.301463e-02
1735 1.278759e-05 4.318749e-02
1945 1.937321e-05 4.319892e-02
57 5.440540e-07 4.347130e-02
1299 1.274683e-04 4.356214e-02
928 4.266655e-08 4.361055e-02
1951 6.571409e-06 4.369467e-02
1399 2.687945e-06 4.390348e-02
222 2.193870e-06 4.395218e-02
634 2.832694e-05 4.396114e-02
1422 8.017480e-05 4.455822e-02
498 8.751706e-06 4.463412e-02
954 2.475007e-04 4.486802e-02
828 1.805013e-05 4.488477e-02
169 5.044891e-05 4.497602e-02
1881 1.331684e-07 4.515667e-02
320 2.505245e-06 4.516851e-02
945 3.334938e-05 4.525644e-02
1356 9.013212e-05 4.572792e-02
1527 7.207355e-05 4.632326e-02
1845 1.328982e-05 4.641580e-02
843 2.276515e-04 4.666876e-02
475 2.091939e-05 4.678982e-02
1287 9.705025e-05 4.684419e-02
1480 1.688704e-06 4.703555e-02
1855 3.442280e-06 4.727896e-02
152 1.045550e-04 4.728215e-02
326 8.144561e-06 4.754708e-02
457 4.028205e-06 4.754768e-02
1168 8.842363e-07 4.763790e-02
802 1.016840e-05 4.767321e-02
1824 1.810394e-06 4.792789e-02
183 9.551829e-06 4.795623e-02
680 8.426359e-06 4.849504e-02
306 9.773971e-05 4.869507e-02
1744 1.796846e-05 4.894493e-02
1604 8.930177e-05 4.894789e-02
363 1.424497e-05 4.896912e-02
1351 2.266808e-04 4.904903e-02
585 1.487328e-05 4.917840e-02
186 4.516657e-06 4.996336e-02
926 6.938694e-05 5.008897e-02
490 7.899095e-06 5.018692e-02
334 1.086293e-06 5.041855e-02
454 3.751131e-05 5.130174e-02
648 1.226332e-04 5.156885e-02
1128 4.012659e-06 5.161823e-02
1409 1.043049e-06 5.183987e-02
115 6.043841e-05 5.193178e-02
1081 7.050127e-07 5.196788e-02
12 1.304840e-04 5.217650e-02
570 1.508847e-06 5.221896e-02
1203 1.925554e-05 5.238044e-02
1789 1.118116e-04 5.251642e-02
1572 1.421123e-05 5.254660e-02
628 1.782093e-04 5.285116e-02
1003 8.949004e-05 5.298558e-02
1694 7.110122e-06 5.304044e-02
1097 5.507831e-07 5.318622e-02
441 3.658934e-05 5.346125e-02
820 6.015840e-06 5.377753e-02
82 3.899203e-05 5.407793e-02
411 4.442606e-05 5.410245e-02
1545 3.956542e-06 5.459695e-02
1063 2.304224e-04 5.459987e-02
364 7.303772e-06 5.480626e-02
1667 1.785085e-05 5.483030e-02
896 4.572546e-07 5.493497e-02
8 3.373141e-07 5.510823e-02
513 4.920815e-05 5.522950e-02
664 2.985669e-05 5.527560e-02
807 1.626353e-07 5.552314e-02
1898 1.228629e-05 5.561004e-02
1569 4.486917e-04 5.595243e-02
1853 1.683976e-06 5.596679e-02
1981 2.539471e-05 5.610412e-02
1800 4.671622e-07 5.616926e-02
78 5.415815e-06 5.625576e-02
120 9.628282e-05 5.663927e-02
93 5.052567e-06 5.679214e-02
428 3.207721e-05 5.700167e-02
547 3.716331e-05 5.705201e-02
1967 1.271887e-06 5.727823e-02
1623 2.372256e-06 5.744708e-02
1745 1.152088e-04 5.749804e-02
515 8.491197e-08 5.787619e-02
1887 9.144604e-05 5.789198e-02
1828 1.358655e-04 5.806582e-02
1703 1.533617e-06 5.808678e-02
1263 6.731996e-05 5.813264e-02
1395 6.784729e-05 5.824371e-02
391 2.823850e-05 5.848318e-02
726 1.290431e-05 5.892372e-02
931 3.676488e-04 5.896990e-02
1605 6.721723e-05 5.910302e-02
1645 1.497199e-04 5.912876e-02
1956 7.748008e-06 5.915990e-02
762 1.341852e-04 5.977669e-02
1491 1.978709e-07 5.980576e-02
551 3.210874e-05 6.008539e-02
1847 5.986918e-08 6.010047e-02
932 6.039990e-05 6.011773e-02
1297 1.382648e-05 6.052599e-02
1164 1.749383e-06 6.139977e-02
588 1.401363e-05 6.163319e-02
870 2.708607e-05 6.193785e-02
210 5.738846e-05 6.195745e-02
985 4.870310e-06 6.204930e-02
1223 7.462731e-05 6.239620e-02
205 9.296591e-05 6.297063e-02
1064 8.792390e-06 6.303285e-02
1396 5.886105e-05 6.311883e-02
1913 3.592637e-06 6.340555e-02
1768 2.068135e-04 6.354343e-02
1387 3.060697e-04 6.367191e-02
909 3.112771e-04 6.393030e-02
444 1.414264e-04 6.404393e-02
1248 6.483684e-06 6.437500e-02
759 2.902272e-04 6.473779e-02
1620 5.005110e-05 6.516816e-02
659 6.878814e-04 6.520446e-02
700 5.472433e-05 6.525720e-02
1235 1.128157e-04 6.556455e-02
1275 4.451710e-05 6.573325e-02
1179 6.050378e-05 6.629258e-02
1753 1.264796e-04 6.640685e-02
382 8.219044e-05 6.690111e-02
599 5.639865e-04 6.711563e-02
1306 1.624331e-04 6.804135e-02
1008 2.259736e-04 6.849484e-02
1229 2.453697e-04 6.876990e-02
539 3.388975e-05 6.903997e-02
598 2.736863e-04 6.916203e-02
25 1.132474e-04 6.931603e-02
1368 5.880439e-06 6.949586e-02
145 2.265788e-04 6.978072e-02
957 2.613531e-05 6.990063e-02
1632 4.041818e-07 6.998642e-02
240 4.686702e-06 7.009075e-02
958 1.884397e-04 7.031731e-02
555 2.827177e-07 7.103275e-02
344 1.092246e-03 7.139498e-02
1893 6.538372e-05 7.160584e-02
972 1.995574e-04 7.173846e-02
1934 4.516519e-05 7.183905e-02
348 1.185686e-04 7.207503e-02
459 1.004475e-05 7.457207e-02
1643 4.077728e-04 7.530904e-02
458 2.595580e-05 7.592090e-02
882 1.558509e-05 7.630276e-02
1919 6.234668e-04 7.642431e-02
1954 3.666137e-06 7.643715e-02
1451 3.435790e-04 7.674405e-02
1282 1.042026e-05 7.681050e-02
1912 1.284064e-06 7.702481e-02
856 2.523479e-04 7.703750e-02
1522 1.522297e-04 7.705967e-02
171 6.641198e-05 7.761246e-02
1184 2.741674e-04 7.791481e-02
1143 3.390985e-07 7.801071e-02
930 1.853625e-04 7.810010e-02
1120 1.308319e-05 7.815890e-02
584 6.372939e-07 7.958478e-02
747 7.285376e-05 8.043225e-02
1619 7.879171e-06 8.100310e-02
463 3.693378e-05 8.108333e-02
1701 1.601145e-05 8.111917e-02
130 2.283407e-06 8.133999e-02
1953 1.386677e-04 8.193571e-02
16 1.603926e-04 8.196652e-02
548 1.892986e-04 8.303026e-02
925 5.740260e-05 8.329623e-02
265 8.663050e-06 8.345926e-02
1080 1.418753e-05 8.349467e-02
373 5.598264e-05 8.376104e-02
503 5.362635e-05 8.420955e-02
1318 9.272906e-06 8.500231e-02
280 1.232352e-06 8.552898e-02
1942 2.946062e-05 8.555777e-02
1210 3.090218e-05 8.595938e-02
106 4.482817e-05 8.602783e-02
652 6.265502e-05 8.670996e-02
567 2.395430e-05 8.735355e-02
1371 6.302501e-05 8.754643e-02
33 1.082474e-03 8.852390e-02
421 3.066920e-04 8.875105e-02
895 1.289181e-04 8.913866e-02
371 8.458157e-06 8.918020e-02
893 8.404351e-05 8.928024e-02
589 6.861037e-04 8.942628e-02
534 8.516447e-07 8.989130e-02
681 3.660235e-04 9.014794e-02
409 1.269939e-05 9.019038e-02
331 1.273762e-04 9.114392e-02
1702 5.196063e-05 9.125697e-02
188 1.753167e-04 9.179706e-02
424 3.778088e-05 9.186503e-02
1827 2.627981e-04 9.187223e-02
671 1.146786e-03 9.194899e-02
1172 4.353527e-06 9.300365e-02
885 1.912222e-04 9.302873e-02
201 5.529480e-07 9.352515e-02
975 8.958573e-06 9.491904e-02
897 4.310037e-05 9.560055e-02
530 2.420398e-04 9.610753e-02
1660 1.725817e-05 9.627534e-02
1880 1.790987e-04 9.651146e-02
86 9.455191e-05 9.671538e-02
538 1.048829e-06 9.683922e-02
487 6.775044e-05 9.719008e-02
1485 1.861188e-04 9.722212e-02
134 1.542341e-04 9.746921e-02
147 6.859535e-05 9.788961e-02
524 1.899687e-04 9.858979e-02
1576 5.443112e-06 9.944959e-02
1689 4.785665e-06 9.949556e-02
1259 3.877881e-05 9.950786e-02
1712 5.607509e-05 9.960533e-02
1305 1.884752e-04 9.965969e-02
667 3.977322e-05 9.969984e-02
643 1.529200e-04 9.994006e-02
1348 2.173214e-04 1.001290e-01
1621 2.296393e-08 1.002169e-01
1288 6.678668e-04 1.006931e-01
1666 5.484025e-05 1.009645e-01
666 5.403566e-04 1.014959e-01
873 4.534278e-04 1.014967e-01
1059 4.158308e-05 1.015432e-01
854 5.186256e-05 1.016803e-01
414 6.615627e-04 1.016975e-01
1142 6.340918e-05 1.028900e-01
89 2.255389e-04 1.037239e-01
208 2.017246e-05 1.042494e-01
738 1.427004e-04 1.049917e-01
608 2.426001e-04 1.061041e-01
770 2.752819e-04 1.063437e-01
901 1.789985e-04 1.063531e-01
1961 1.798140e-06 1.063730e-01
1018 5.141154e-06 1.068424e-01
1734 4.089460e-04 1.070291e-01
80 2.310159e-05 1.073862e-01
787 2.302128e-04 1.082378e-01
195 6.776671e-04 1.087726e-01
819 2.328176e-05 1.087834e-01
516 2.134275e-05 1.095218e-01
544 4.474010e-04 1.108064e-01
1841 2.192422e-04 1.108605e-01
557 3.202858e-05 1.120110e-01
1910 1.687579e-04 1.124017e-01
1714 8.776839e-05 1.130078e-01
1963 4.521168e-05 1.132286e-01
206 4.110217e-04 1.135556e-01
1680 4.305858e-04 1.141858e-01
754 9.330098e-05 1.142129e-01
28 5.591601e-04 1.148155e-01
1662 7.353042e-04 1.151559e-01
731 1.411221e-05 1.152456e-01
1794 1.038802e-04 1.155121e-01
150 6.868013e-05 1.164916e-01
571 5.835307e-04 1.164967e-01
98 1.729607e-04 1.173318e-01
1640 7.305155e-04 1.174952e-01
108 8.600729e-07 1.176296e-01
616 4.284491e-04 1.199628e-01
1507 6.349730e-04 1.199670e-01
1854 1.662434e-05 1.202705e-01
800 4.645215e-04 1.207134e-01
1028 5.447229e-05 1.218692e-01
1131 3.297211e-05 1.222210e-01
445 1.146810e-04 1.232213e-01
278 4.487091e-05 1.237708e-01
1002 7.677012e-05 1.244609e-01
1364 9.225304e-04 1.246577e-01
660 1.014804e-05 1.262810e-01
485 9.323380e-05 1.265978e-01
296 4.287916e-06 1.267635e-01
781 6.841412e-04 1.271096e-01
785 8.065540e-04 1.271679e-01
1866 5.797777e-04 1.271888e-01
72 3.663365e-04 1.278280e-01
1599 3.354675e-05 1.282958e-01
1742 4.422855e-05 1.289473e-01
927 1.946503e-05 1.299553e-01
407 1.170499e-04 1.326607e-01
1309 1.247247e-04 1.335119e-01
149 5.495952e-04 1.339182e-01
657 4.996898e-04 1.343665e-01
1999 7.175066e-05 1.343897e-01
707 1.933764e-04 1.345251e-01
863 1.204422e-04 1.345402e-01
989 1.872369e-04 1.349353e-01
879 3.172213e-04 1.351398e-01
92 9.088385e-05 1.368433e-01
1896 1.804044e-04 1.370294e-01
1051 1.699721e-05 1.377906e-01
1886 5.171267e-04 1.382236e-01
1157 4.850301e-04 1.382345e-01
1652 6.516013e-05 1.385626e-01
568 2.727644e-04 1.391554e-01
1976 1.247458e-04 1.395143e-01
173 1.103055e-04 1.406576e-01
151 8.430113e-04 1.414602e-01
942 2.088724e-06 1.433673e-01
1401 4.677026e-04 1.436804e-01
594 1.961414e-04 1.439047e-01
969 5.645232e-05 1.460924e-01
1979 3.147949e-04 1.465594e-01
1243 4.298197e-05 1.467112e-01
116 1.581069e-04 1.473329e-01
865 4.405111e-04 1.488021e-01
606 1.361060e-04 1.488401e-01
675 4.689091e-05 1.488825e-01
1895 2.978756e-03 1.504567e-01
319 1.723508e-04 1.508388e-01
181 1.990456e-04 1.510200e-01
140 3.826346e-04 1.521781e-01
950 3.704214e-05 1.540391e-01
416 2.146849e-05 1.543732e-01
1192 5.374541e-05 1.547482e-01
1685 1.544531e-03 1.557341e-01
1628 1.044712e-04 1.562046e-01
200 3.317516e-05 1.576687e-01
1177 5.152022e-04 1.587331e-01
477 5.273397e-04 1.590676e-01
273 7.497054e-05 1.591238e-01
1247 3.432052e-04 1.592923e-01
1273 1.678471e-04 1.602962e-01
90 4.568766e-04 1.632947e-01
143 8.411715e-05 1.633651e-01
497 3.344847e-05 1.635212e-01
536 2.635581e-04 1.637240e-01
1661 2.101638e-04 1.637484e-01
1036 2.445129e-05 1.639095e-01
1167 1.198472e-04 1.641842e-01
776 6.186151e-04 1.643408e-01
15 5.538189e-04 1.643510e-01
775 6.562213e-04 1.644076e-01
1626 5.365287e-04 1.664700e-01
645 9.028105e-04 1.675329e-01
658 3.425963e-04 1.693831e-01
5 2.159885e-04 1.705429e-01
1502 8.940149e-05 1.707448e-01
432 1.370996e-04 1.713989e-01
360 7.979509e-05 1.719788e-01
1970 1.085955e-03 1.720636e-01
1147 4.821214e-04 1.733425e-01
2 5.170550e-05 1.736868e-01
427 2.616955e-04 1.768864e-01
1962 4.699121e-04 1.774889e-01
354 4.061995e-05 1.777900e-01
959 2.164705e-03 1.780697e-01
1152 8.937450e-05 1.784520e-01
1209 7.194611e-04 1.790963e-01
566 6.757729e-04 1.795077e-01
1926 4.260533e-04 1.799696e-01
1337 1.619020e-04 1.812809e-01
125 3.514278e-05 1.813692e-01
790 3.522952e-04 1.817171e-01
105 1.158670e-04 1.824104e-01
848 3.932824e-04 1.846674e-01
1542 4.589397e-04 1.851329e-01
36 5.371386e-04 1.865371e-01
1362 1.266713e-04 1.889701e-01
1134 9.550514e-04 1.901160e-01
1911 2.708464e-04 1.931875e-01
866 2.895423e-04 1.940740e-01
846 4.898530e-04 1.942722e-01
605 2.553438e-05 1.945548e-01
581 1.484002e-03 1.953565e-01
884 3.656544e-04 1.961768e-01
968 1.403499e-04 1.966436e-01
572 3.168850e-04 1.972837e-01
855 4.749393e-04 1.978101e-01
940 2.397614e-04 1.980347e-01
929 1.416139e-04 1.995294e-01
1486 1.395447e-05 2.000900e-01
1826 1.155907e-04 2.006795e-01
749 2.100184e-04 2.015494e-01
123 6.882626e-05 2.024318e-01
852 1.972016e-04 2.032237e-01
1614 7.849007e-04 2.069887e-01
1900 9.782720e-04 2.109530e-01
1467 7.997102e-04 2.133735e-01
1769 1.812945e-03 2.147849e-01
816 2.111555e-04 2.149198e-01
1631 1.566671e-03 2.169136e-01
113 5.954272e-05 2.173966e-01
269 1.048774e-04 2.192348e-01
1650 2.609990e-03 2.206032e-01
1557 1.289154e-05 2.207564e-01
694 6.852798e-04 2.229575e-01
1995 8.449970e-04 2.232494e-01
1552 3.693707e-05 2.236831e-01
698 2.911491e-04 2.240841e-01
559 7.376606e-04 2.243710e-01
1707 1.513137e-03 2.247112e-01
203 7.993517e-05 2.259495e-01
496 2.432301e-04 2.263107e-01
1560 3.138435e-04 2.273068e-01
1973 3.303829e-04 2.282790e-01
1740 1.050213e-03 2.290585e-01
1561 1.600480e-04 2.308469e-01
1663 5.433694e-05 2.323762e-01
527 2.961638e-04 2.327101e-01
469 1.020641e-03 2.339997e-01
1578 8.764223e-04 2.361369e-01
1641 2.610140e-04 2.362174e-01
1162 8.266355e-05 2.371285e-01
211 2.655209e-04 2.377736e-01
1822 3.203726e-04 2.387458e-01
352 1.926131e-05 2.391996e-01
1503 2.331275e-04 2.420277e-01
1324 4.281753e-04 2.449839e-01
281 5.949056e-05 2.475401e-01
1758 1.779429e-04 2.488697e-01
1183 1.317088e-03 2.515856e-01
1583 9.259791e-04 2.518255e-01
1949 4.752215e-04 2.528811e-01
1988 2.812119e-04 2.540501e-01
1693 7.112835e-04 2.553980e-01
1257 1.284345e-03 2.555496e-01
494 1.812149e-03 2.616929e-01
1891 6.160836e-04 2.644647e-01
528 5.479988e-04 2.654600e-01
919 4.098545e-04 2.655387e-01
220 1.821962e-04 2.674389e-01
1609 4.438342e-04 2.730554e-01
455 4.041305e-04 2.756902e-01
14 5.784315e-04 2.766551e-01
1277 1.075959e-04 2.784790e-01
1012 1.223204e-04 2.800794e-01
383 5.101400e-04 2.808367e-01
1726 8.767245e-04 2.813377e-01
304 6.997422e-04 2.815784e-01
27 1.236763e-03 2.818284e-01
915 6.467625e-04 2.821015e-01
573 8.592013e-04 2.826142e-01
437 1.977018e-03 2.910892e-01
236 2.420394e-04 2.915336e-01
1211 8.171377e-04 2.915401e-01
35 3.076198e-05 2.936630e-01
357 6.538785e-04 2.938505e-01
1285 1.488211e-03 2.962847e-01
247 1.365572e-03 2.967740e-01
1585 2.836964e-04 2.969455e-01
131 3.387419e-04 2.980384e-01
525 1.645218e-03 2.997270e-01
258 1.562410e-04 3.023994e-01
1939 2.054046e-04 3.028436e-01
1187 1.710934e-04 3.042824e-01
142 1.021434e-04 3.063269e-01
1452 9.668574e-04 3.063300e-01
1302 2.562774e-04 3.063723e-01
860 3.427593e-03 3.122436e-01
87 1.551288e-04 3.133203e-01
361 6.802111e-05 3.137232e-01
40 1.840496e-04 3.160405e-01
182 9.737057e-04 3.170248e-01
1743 2.013847e-03 3.207441e-01
1237 9.911330e-04 3.222094e-01
1577 6.995828e-05 3.229376e-01
1730 1.475270e-03 3.263800e-01
691 1.271994e-03 3.267666e-01
1260 9.755398e-04 3.285928e-01
586 1.339851e-03 3.287028e-01
1672 6.731865e-04 3.294843e-01
1349 1.001733e-03 3.352335e-01
1186 3.560423e-03 3.381481e-01
1151 2.641336e-04 3.384453e-01
1810 1.428970e-03 3.401720e-01
223 4.863675e-04 3.403109e-01
1006 1.518788e-03 3.415218e-01
1944 4.754120e-04 3.429750e-01
965 1.395955e-03 3.440526e-01
19 5.078730e-05 3.451441e-01
1615 4.401420e-04 3.502527e-01
309 1.232322e-04 3.518995e-01
1136 4.286565e-04 3.585384e-01
1166 1.590165e-03 3.608196e-01
99 5.401756e-05 3.644891e-01
209 1.070769e-03 3.665726e-01
1508 2.155429e-04 3.693064e-01
1975 6.895621e-04 3.700212e-01
976 2.182544e-04 3.714218e-01
1484 9.489726e-04 3.780455e-01
874 2.692354e-04 3.795682e-01
529 3.360652e-04 3.798187e-01
328 2.323693e-03 3.817200e-01
362 1.056847e-03 3.825149e-01
246 5.555703e-04 3.827255e-01
101 1.917069e-03 3.842816e-01
662 1.357741e-03 3.855801e-01
1629 2.949110e-04 3.861247e-01
1149 4.764103e-04 3.887214e-01
248 4.215161e-04 3.927999e-01
797 1.205292e-03 3.933064e-01
1430 1.592113e-03 3.943322e-01
891 8.317098e-05 3.950539e-01
1195 1.245707e-04 3.976806e-01
924 9.975340e-05 4.064082e-01
1686 1.748956e-03 4.099213e-01
1606 2.107012e-04 4.099741e-01
853 9.732740e-04 4.117259e-01
1688 1.065354e-03 4.154462e-01
495 3.483020e-04 4.155719e-01
748 2.710519e-03 4.207542e-01
318 1.757448e-03 4.232366e-01
806 3.448750e-03 4.250947e-01
103 6.255848e-04 4.258133e-01
174 7.883143e-04 4.263870e-01
1884 1.739035e-03 4.293545e-01
509 1.311482e-04 4.317940e-01
250 4.470154e-04 4.331141e-01
230 9.466976e-05 4.338810e-01
633 9.250309e-04 4.346186e-01
10 1.782558e-03 4.351153e-01
803 1.703269e-03 4.351896e-01
857 1.501266e-03 4.469137e-01
779 1.525418e-03 4.475443e-01
986 5.552197e-04 4.499846e-01
669 2.368532e-03 4.535217e-01
144 7.779415e-04 4.554139e-01
1543 1.988645e-03 4.558579e-01
1837 1.156641e-03 4.565989e-01
1711 1.325569e-03 4.575379e-01
679 4.868771e-04 4.578683e-01
462 4.079274e-04 4.594635e-01
275 2.974603e-03 4.595589e-01
18 1.277033e-03 4.601263e-01
406 3.395716e-03 4.610584e-01
1862 1.243854e-03 4.649028e-01
321 1.013005e-03 4.661808e-01
1155 1.230692e-04 4.700547e-01
338 6.818529e-04 4.790639e-01
1655 3.326284e-04 4.791945e-01
1971 6.384938e-04 4.899180e-01
705 6.178229e-04 4.925700e-01
1564 1.068984e-03 4.927803e-01
809 1.883174e-03 4.944386e-01
1174 5.767287e-04 4.946714e-01
1969 1.555013e-03 5.030515e-01
1497 2.387890e-04 5.041986e-01
622 7.613727e-04 5.051984e-01
339 1.039317e-03 5.091508e-01
301 4.708527e-04 5.103038e-01
1253 7.797069e-04 5.106947e-01
1312 1.980045e-03 5.137940e-01
1696 5.106635e-04 5.166559e-01
537 1.561356e-03 5.182165e-01
1292 1.654154e-03 5.199659e-01
1772 6.888874e-05 5.200096e-01
695 1.867717e-03 5.218995e-01
237 1.966857e-04 5.355046e-01
1869 4.631625e-04 5.389824e-01
1341 4.708808e-04 5.408669e-01
332 7.193732e-04 5.485057e-01
872 2.048053e-03 5.496510e-01
1773 8.430252e-04 5.513732e-01
1115 8.196322e-04 5.517471e-01
1199 3.880261e-04 5.537469e-01
878 8.851567e-04 5.574352e-01
1836 6.497519e-04 5.643454e-01
1610 7.661763e-04 5.651586e-01
21 1.164484e-03 5.739397e-01
1117 1.145566e-03 5.752384e-01
535 1.897022e-03 5.762554e-01
1573 1.244782e-03 5.829462e-01
241 2.500566e-04 5.844287e-01
135 2.461212e-04 5.925066e-01
1728 9.445264e-04 5.925873e-01
798 6.415482e-04 5.932832e-01
1558 1.374850e-03 6.023060e-01
1200 4.798099e-04 6.029905e-01
1032 6.426994e-04 6.031012e-01
1630 1.956322e-03 6.063225e-01
289 9.895913e-04 6.088365e-01
1553 1.485424e-03 6.147796e-01
1624 3.478874e-04 6.235988e-01
7 7.710944e-04 6.249753e-01
1607 2.059279e-03 6.282274e-01
482 4.352927e-03 6.529484e-01
1541 2.680362e-03 6.542940e-01
1339 1.018815e-03 6.546455e-01
795 8.119836e-04 6.577630e-01
356 4.835361e-04 6.577770e-01
1206 2.526853e-03 6.628705e-01
1917 2.175103e-03 6.681437e-01
128 1.046879e-03 6.771978e-01
1649 1.175072e-03 6.780644e-01
172 6.943726e-04 6.820053e-01
1992 7.959853e-04 6.824287e-01
4 1.492071e-03 6.871872e-01
1547 3.716534e-03 6.905290e-01
644 1.192198e-03 6.939286e-01
583 1.853235e-03 6.957473e-01
1178 3.720666e-03 6.992632e-01
1280 4.699800e-03 7.015288e-01
668 6.425090e-03 7.091054e-01
20 1.784555e-03 7.169468e-01
429 3.075963e-03 7.198643e-01
31 1.101904e-03 7.398527e-01
402 1.573558e-03 7.413453e-01
1760 2.225612e-03 7.435173e-01
307 1.307799e-03 7.439192e-01
1271 3.655045e-03 7.453180e-01
1041 1.494764e-03 7.539038e-01
292 2.760639e-03 7.540135e-01
1796 4.785243e-04 7.548694e-01
1380 1.757756e-04 7.618069e-01
842 1.077033e-03 7.618139e-01
1748 1.668671e-03 7.621467e-01
129 1.028196e-03 7.643984e-01
11 1.759685e-03 7.719418e-01
1698 3.965799e-03 7.730212e-01
249 2.814378e-03 7.819532e-01
1517 1.291993e-03 7.842138e-01
1515 2.674728e-03 7.853423e-01
1242 4.734051e-03 8.059167e-01
1555 4.816277e-03 8.166397e-01
1787 3.918073e-03 8.170939e-01
883 1.264256e-03 8.240297e-01
1723 5.483441e-03 8.256415e-01
329 2.758999e-03 8.269643e-01
1146 7.981060e-04 8.324050e-01
1439 1.803030e-03 8.389674e-01
1017 2.967073e-03 8.455064e-01
467 2.762571e-03 8.458868e-01
413 3.175358e-03 8.472699e-01
1570 3.845937e-03 8.498201e-01
317 4.142982e-04 8.522929e-01
408 1.614500e-03 8.581380e-01
1276 1.422179e-03 8.703291e-01
381 1.055454e-03 8.880680e-01
867 1.070906e-03 8.936916e-01
24 1.628638e-03 8.961261e-01
1808 5.854793e-04 8.971298e-01
830 4.761668e-03 9.038801e-01
649 1.534429e-03 9.079648e-01
346 3.974345e-03 9.224763e-01
1825 2.198456e-04 9.234046e-01
1642 1.169020e-03 9.238022e-01
385 1.337545e-03 9.285299e-01
377 1.152914e-03 9.297480e-01
1278 3.733797e-03 9.560521e-01
696 2.328885e-03 9.575639e-01
418 4.680717e-03 9.576738e-01
394 7.537295e-04 9.686778e-01
1165 1.807674e-03 9.829672e-01
1311 2.930094e-03 9.978233e-01
1916 2.280095e-03 9.998526e-01
70 3.968333e-04 1.000728e+00
32 2.161897e-03 1.015768e+00
119 3.134575e-03 1.022077e+00
232 1.198909e-03 1.030376e+00
1580 1.834993e-03 1.044861e+00
564 6.880782e-04 1.047943e+00
419 1.580174e-03 1.050443e+00
996 5.901007e-04 1.054732e+00
13 1.294843e-03 1.059078e+00
351 1.846141e-03 1.064990e+00
719 3.442729e-03 1.078300e+00
39 3.678571e-03 1.079065e+00
1653 2.272184e-03 1.090074e+00
26 3.428105e-03 1.093151e+00
743 2.472804e-03 1.094279e+00
1602 1.468169e-03 1.104206e+00
1408 1.610713e-03 1.111285e+00
1699 4.098937e-03 1.111723e+00
687 5.287058e-03 1.128317e+00
1106 2.098762e-03 1.138177e+00
663 5.069613e-03 1.188188e+00
817 1.278827e-03 1.193754e+00
316 1.461739e-03 1.216125e+00
850 2.439692e-03 1.221060e+00
3 3.009698e-03 1.225844e+00
1050 1.465524e-03 1.293458e+00
327 9.598950e-04 1.311331e+00
592 4.730888e-03 1.326570e+00
1319 8.809925e-04 1.337343e+00
345 3.093761e-03 1.375060e+00
187 3.777425e-03 1.376873e+00
23 3.474970e-03 1.390051e+00
1646 1.602558e-03 1.392864e+00
1376 3.277007e-03 1.403830e+00
29 8.569243e-04 1.414655e+00
991 1.780147e-03 1.434073e+00
501 1.698336e-03 1.437143e+00
133 2.273233e-03 1.440380e+00
1875 6.958754e-03 1.447265e+00
100 2.125601e-03 1.453792e+00
541 2.980584e-03 1.466605e+00
504 5.047930e-04 1.489524e+00
1447 4.311791e-03 1.501700e+00
37 2.761333e-03 1.589739e+00
42 1.122475e-03 1.604150e+00
1894 1.747429e-03 1.666301e+00
1270 6.127520e-03 1.801111e+00
6 2.520123e-03 1.872519e+00
313 5.262308e-03 1.925423e+00
38 1.953105e-03 2.245151e+00
563 5.207621e-03 2.349157e+00
400 6.496970e-03 2.673712e+00
1567 6.043390e-03 2.696884e+00
