2 3.638160e-05 1.724214e-01
3 3.404064e-03 1.139920e+00
4 1.590801e-03 6.244914e-01
5 2.086577e-04 1.587722e-01
6 2.733757e-03 1.752664e+00
7 8.293682e-04 5.860371e-01
8 1.343907e-06 5.508704e-02
9 3.745755e-07 1.149164e-02
10 1.322135e-03 3.790766e-01
11 1.843486e-03 7.149845e-01
12 4.187051e-05 5.021883e-02
13 2.463545e-03 9.764466e-01
14 4.592027e-04 2.391372e-01
15 8.158365e-04 1.243771e-01
16 1.803178e-04 7.580724e-02
17 2.304694e-05 2.578319e-02
18 1.299641e-03 3.977785e-01
19 8.196110e-05 3.430967e-01
20 3.310395e-04 6.854318e-01
21 3.825354e-03 4.989628e-01
22 2.726072e-05 3.472233e-02
23 2.379701e-03 1.237230e+00
24 2.652942e-03 8.215578e-01
25 5.508720e-05 6.571845e-02
26 1.707220e-03 1.011084e+00
27 4.019434e-03 1.945227e-01
28 2.851638e-04 1.022942e-01
29 2.951756e-03 1.341400e+00
30 5.428470e-07 7.929158e-03
31 1.788069e-03 6.901056e-01
32 2.470839e-03 9.288883e-01
33 2.499606e-04 6.983806e-02
34 4.785894e-06 1.097174e-02
35 2.964216e-05 2.919807e-01
36 3.698458e-04 1.655791e-01
37 3.843761e-03 1.475465e+00
38 1.865290e-03 2.170097e+00
39 1.273302e-03 9.812314e-01
40 1.403886e-04 3.073959e-01
41 1.423308e-06 7.262280e-03
42 2.749938e-03 1.496809e+00
43 3.811352e-05 2.065488e-02
44 1.254773e-08 3.027030e-03
45 2.983839e-07 2.831917e-03
46 8.826754e-10 1.441523e-03
47 1.052206e-08 6.340721e-03
48 1.426875e-07 7.277809e-03
49 1.573447e-07 9.181206e-03
50 4.227911e-07 3.354412e-02
51 6.654010e-09 3.201756e-03
52 9.022163e-08 5.699458e-03
53 2.013729e-08 5.717200e-03
54 5.362741e-09 4.309513e-03
55 3.346780e-09 3.403827e-03
56 9.737618e-06 2.324942e-02
57 5.063454e-07 4.344409e-02
58 1.742525e-09 1.718289e-03
59 4.865961e-07 1.322850e-02
60 5.482255e-09 2.460151e-03
61 3.641215e-09 4.242678e-03
62 1.356530e-08 1.365296e-03
63 1.062473e-07 5.831256e-03
64 1.677827e-08 1.184595e-02
65 1.291924e-08 2.830995e-03
66 3.745712e-08 4.913562e-03
67 1.473094e-09 4.816503e-03
68 2.577439e-06 1.237801e-02
69 1.788521e-05 1.284650e-02
70 2.734884e-03 9.529123e-01
71 3.882995e-11 4.412657e-03
72 5.909258e-04 1.096024e-01
73 9.033009e-08 4.661139e-03
74 2.488808e-08 5.807791e-03
75 2.579881e-07 5.875019e-03
76 2.468913e-05 1.046213e-02
77 3.769622e-07 4.935225e-03
78 1.767211e-05 5.543704e-02
79 3.315529e-06 1.165861e-02
80 4.619128e-05 1.058514e-01
81 1.290745e-07 3.226265e-03
82 1.819821e-04 4.969461e-02
83 3.018504e-09 2.531284e-03
84 1.542599e-05 3.775140e-02
85 1.622992e-07 8.049395e-03
86 9.843093e-05 9.301434e-02
87 8.184720e-05 3.068406e-01
88 1.441283e-09 2.775923e-03
89 8.053978e-04 8.973322e-02
90 2.138499e-04 1.499098e-01
91 8.944226e-06 2.103208e-02
92 1.956747e-04 1.290609e-01
93 7.087153e-06 5.648798e-02
94 1.588323e-06 9.099024e-03
95 1.159227e-09 5.393102e-03
96 2.394976e-06 1.530057e-02
97 2.174104e-05 2.731640e-02
98 4.017116e-04 1.065122e-01
99 5.793862e-05 3.618655e-01
100 3.293734e-03 1.363148e+00
101 1.677333e-03 3.137439e-01
102 5.602660e-08 6.804704e-03
103 1.287858e-03 3.717889e-01
104 7.667010e-09 2.473692e-02
105 1.796217e-04 1.736623e-01
106 1.114753e-04 8.318195e-02
107 8.963310e-08 1.227445e-02
108 6.442544e-06 1.174713e-01
109 7.998733e-08 1.222004e-02
110 3.219407e-07 4.872850e-03
111 2.200545e-07 1.091629e-02
112 1.591548e-08 1.961499e-02
113 3.032288e-04 2.126095e-01
114 2.042939e-05 2.352800e-02
115 4.363431e-05 4.869349e-02
116 2.009232e-04 1.374245e-01
117 1.939193e-06 7.706650e-03
118 4.379207e-08 3.736427e-03
119 1.743387e-03 9.303221e-01
120 4.686190e-05 5.178516e-02
121 3.709972e-07 9.128250e-03
122 7.044838e-07 5.375955e-03
123 2.234366e-04 1.957000e-01
124 2.967547e-06 1.491126e-02
125 1.576591e-05 1.801601e-01
126 3.922599e-05 1.782237e-02
127 1.347708e-07 1.173390e-02
128 1.568610e-03 6.208014e-01
129 9.348515e-04 7.085601e-01
130 5.244329e-06 8.114263e-02
131 2.569409e-04 2.844353e-01
132 3.720240e-05 3.373705e-02
133 1.750046e-03 1.356532e+00
134 2.938396e-04 8.714136e-02
135 4.506839e-04 5.805168e-01
136 2.839615e-10 2.287620e-03
137 1.461804e-07 1.307344e-02
138 1.524524e-06 4.261516e-03
139 3.974731e-06 1.095224e-02
140 1.105210e-03 1.192630e-01
141 8.009210e-07 8.846543e-03
142 6.218620e-05 3.030313e-01
143 1.825098e-04 1.570327e-01
144 2.733570e-03 3.992768e-01
145 3.479074e-05 6.556239e-02
146 1.079691e-07 1.471438e-02
147 9.270477e-05 9.588221e-02
148 6.435203e-07 6.756629e-03
149 3.733121e-04 1.140250e-01
150 6.982562e-05 1.131582e-01
151 1.915321e-04 1.258515e-01
152 3.165909e-05 4.512993e-02
153 4.846071e-07 1.085108e-02
154 3.436676e-06 1.765512e-02
155 5.211852e-08 3.193464e-03
156 4.182357e-05 3.566292e-02
157 5.019735e-08 1.321819e-02
158 6.633041e-12 3.780426e-03
159 7.942631e-07 1.797305e-02
160 9.812871e-07 1.047872e-02
161 9.988393e-07 5.486714e-03
162 8.726971e-08 1.729707e-02
163 6.673600e-07 1.772724e-02
164 8.674851e-06 1.739902e-02
165 1.647456e-08 1.802643e-03
166 5.228336e-07 2.653299e-03
167 1.842746e-05 1.120017e-02
168 1.320409e-06 5.980722e-03
169 3.760219e-05 4.308269e-02
170 1.444119e-06 8.166342e-03
171 1.524267e-04 7.358889e-02
172 4.579749e-04 6.695678e-01
173 1.192375e-04 1.365687e-01
174 1.752107e-03 3.803319e-01
175 4.261339e-11 1.263872e-03
176 5.777979e-06 1.540056e-02
177 6.173990e-10 3.191386e-03
178 7.532517e-08 7.888651e-03
179 6.350837e-07 1.334160e-02
180 1.015008e-10 1.277315e-03
181 4.316021e-04 1.396071e-01
182 3.244866e-04 2.923207e-01
183 3.208575e-05 4.734806e-02
184 1.631593e-06 9.769949e-03
185 1.448447e-10 1.523811e-03
186 6.700723e-06 4.965495e-02
187 2.587751e-03 1.247575e+00
188 2.578894e-04 7.846924e-02
189 6.089251e-06 1.617232e-02
190 2.780592e-07 5.804547e-03
191 9.986713e-07 7.209238e-03
192 1.304706e-08 5.865550e-03
193 2.002080e-09 6.284708e-03
194 1.322803e-08 6.121113e-03
195 7.009880e-04 8.378578e-02
196 5.019244e-07 8.457762e-03
197 7.967709e-09 2.128045e-02
198 4.310751e-05 2.078313e-02
199 5.718869e-07 2.066008e-02
200 7.736279e-05 1.556666e-01
201 6.148636e-07 9.349983e-02
202 1.527900e-06 1.717519e-02
203 7.609049e-05 2.212628e-01
204 3.774023e-07 4.864034e-03
205 1.413340e-04 5.887284e-02
206 4.273702e-04 8.815639e-02
207 3.990466e-06 3.456003e-02
208 1.832152e-05 1.033688e-01
209 7.728540e-04 3.199930e-01
210 8.365178e-06 6.059156e-02
211 1.259327e-04 2.282442e-01
212 3.349535e-09 5.027922e-03
213 1.243942e-05 1.722084e-02
214 8.348114e-07 1.440073e-02
215 2.154827e-07 1.248497e-02
216 5.330260e-07 4.072878e-02
217 4.821998e-07 3.055778e-03
218 2.946294e-07 4.774309e-03
219 1.755938e-08 2.565083e-03
220 5.566919e-05 2.639866e-01
221 1.070039e-09 5.697287e-03
222 1.009528e-06 4.388657e-02
223 3.487531e-04 3.290168e-01
224 5.655901e-10 2.300654e-03
225 5.638384e-10 3.233029e-03
226 3.497495e-07 1.238255e-02
227 9.528237e-09 4.286226e-03
228 2.723960e-08 6.433733e-03
229 1.212111e-07 1.849235e-02
230 9.425171e-05 4.268706e-01
231 4.317386e-11 2.043750e-03
232 1.164119e-03 9.784588e-01
233 1.214396e-07 9.455391e-03
234 9.748658e-07 5.433723e-03
235 6.537025e-11 7.405351e-03
236 8.176874e-04 2.786829e-01
237 9.831851e-04 5.163114e-01
238 2.234733e-08 5.109014e-03
239 1.999159e-05 1.810698e-02
240 9.428659e-06 6.983139e-02
241 5.681002e-04 5.733089e-01
242 1.288398e-06 3.922965e-02
243 2.071341e-08 4.580491e-03
244 1.338995e-09 1.879603e-03
245 2.708572e-10 1.284337e-03
246 6.009408e-04 3.440360e-01
247 5.680235e-04 2.418004e-01
248 8.782747e-05 3.843065e-01
249 1.700685e-03 6.816108e-01
250 9.384710e-04 4.033167e-01
251 1.534127e-10 1.293974e-03
252 4.355980e-08 8.795031e-03
253 5.567718e-09 4.245369e-03
254 4.171352e-06 2.344065e-02
255 6.158812e-08 9.057446e-03
256 6.634169e-11 2.437831e-03
257 1.841425e-08 5.317985e-03
258 5.383098e-04 2.912838e-01
259 2.874254e-09 1.457427e-03
260 3.529856e-07 1.013908e-02
261 1.215442e-04 2.536857e-02
262 1.541026e-07 1.899290e-03
263 3.881761e-05 1.004526e-02
264 2.795379e-07 3.008032e-02
265 1.329935e-05 8.308455e-02
266 3.025340e-06 1.285780e-02
267 1.047225e-07 1.992255e-02
268 2.539588e-07 1.035082e-02
269 1.633930e-04 2.124687e-01
270 3.406702e-10 3.605473e-03
271 1.005430e-06 2.026559e-02
272 1.347635e-06 1.427499e-02
273 7.715871e-05 1.543948e-01
274 4.022021e-10 1.879414e-03
275 1.301815e-03 3.712815e-01
276 1.153013e-06 1.873929e-02
277 6.280988e-10 4.011129e-03
278 4.153270e-05 1.214296e-01
279 8.651207e-09 5.222150e-03
280 2.682685e-06 8.546371e-02
281 1.981845e-04 2.432572e-01
282 4.626530e-09 2.092493e-03
283 9.881351e-08 7.081304e-03
284 2.302230e-09 4.751205e-03
285 9.614324e-10 9.256995e-03
286 2.251105e-08 6.187560e-03
287 4.054310e-09 5.092574e-03
288 1.278940e-08 2.228343e-03
289 9.516167e-04 5.685234e-01
290 2.753817e-10 1.422082e-03
291 2.795226e-05 2.337693e-02
292 2.047736e-03 6.287906e-01
293 6.609638e-06 6.248456e-03
294 3.650110e-08 4.368096e-03
295 6.080678e-09 1.781086e-02
296 9.476585e-06 1.264481e-01
297 9.231323e-07 1.918649e-02
298 6.066794e-07 6.015600e-03
299 8.047420e-08 4.275030e-03
300 2.280237e-06 1.674080e-02
301 4.618028e-04 4.672530e-01
302 2.347693e-07 3.629392e-03
303 7.762247e-08 2.065164e-02
304 1.529807e-03 2.393578e-01
305 7.500394e-05 3.613283e-02
306 2.327445e-04 4.349865e-02
307 1.285586e-03 6.878191e-01
308 3.340995e-07 1.112916e-02
309 2.567871e-04 3.424051e-01
310 1.408852e-05 3.451833e-02
311 4.437438e-06 1.380350e-02
312 2.268465e-05 9.109795e-03
313 4.858153e-03 1.702555e+00
314 3.900238e-06 5.364847e-03
315 4.220097e-11 4.747140e-03
316 3.206780e-03 1.112194e+00
317 8.840498e-04 8.240543e-01
318 1.773999e-03 3.537952e-01
319 7.819162e-04 1.351382e-01
320 1.374988e-05 4.484651e-02
321 6.827947e-04 4.400030e-01
322 2.535261e-11 6.874496e-03
323 1.256891e-06 2.773881e-02
324 5.297464e-09 5.424912e-03
325 2.675831e-09 5.312638e-03
326 5.332484e-06 4.719996e-02
327 2.113260e-03 1.233552e+00
328 1.059661e-03 3.324167e-01
329 1.241646e-03 7.173580e-01
330 1.437122e-06 1.205247e-02
331 1.235517e-04 8.656024e-02
332 6.681925e-04 5.050806e-01
333 4.524727e-09 1.670771e-02
334 2.312330e-06 5.035341e-02
335 3.670123e-10 2.172382e-03
336 9.097730e-06 1.171893e-02
337 9.157665e-07 1.374711e-02
338 7.155225e-04 4.550228e-01
339 5.250729e-04 4.666492e-01
340 1.690378e-06 1.580744e-02
341 3.197433e-08 1.049356e-02
342 1.986746e-06 9.530279e-03
343 4.894109e-08 3.918879e-02
344 4.887930e-04 4.611869e-02
345 2.245721e-03 1.239439e+00
346 1.804173e-03 8.388723e-01
347 3.863799e-09 4.232854e-03
348 8.499479e-05 6.829227e-02
349 1.299352e-05 1.464093e-02
350 2.198928e-07 3.442151e-03
351 8.621455e-04 1.002321e+00
352 1.534762e-05 2.384478e-01
353 6.295173e-09 1.291486e-03
354 8.045466e-05 1.739473e-01
355 2.122902e-06 2.745731e-02
356 3.322320e-04 6.428829e-01
357 7.302971e-04 2.679714e-01
358 1.826271e-06 6.572463e-03
359 8.771321e-07 1.335481e-02
360 5.751536e-05 1.662625e-01
361 3.029526e-05 3.115173e-01
362 6.891672e-04 3.458541e-01
363 6.990963e-06 4.843627e-02
364 5.389550e-06 5.454876e-02
365 6.007256e-06 4.216691e-02
366 4.118150e-07 2.121263e-02
367 3.263864e-08 1.713185e-02
368 3.173316e-06 1.349025e-02
369 1.291906e-07 1.185189e-02
370 3.600375e-07 2.088033e-02
371 1.246969e-05 8.878960e-02
372 8.033593e-08 3.672899e-02
373 3.902337e-05 7.937954e-02
374 1.204582e-10 6.334651e-03
375 2.983003e-09 1.473123e-03
376 3.165194e-08 3.689645e-03
377 7.736972e-04 8.814731e-01
378 3.029663e-05 3.506759e-02
379 3.837690e-07 6.304015e-03
380 3.096989e-06 2.127608e-02
381 6.948517e-04 8.470127e-01
382 8.764939e-05 6.243701e-02
383 2.386435e-04 2.714046e-01
384 2.195536e-06 2.396086e-02
385 1.394823e-03 8.709600e-01
386 2.507416e-05 2.064244e-02
387 1.110521e-06 2.142682e-02
388 1.605429e-08 4.092569e-03
389 6.693470e-08 1.073953e-02
390 2.430192e-10 4.438230e-03
391 6.546275e-05 5.730058e-02
392 6.116173e-06 2.986269e-02
393 5.807398e-10 2.653981e-03
394 5.568596e-04 9.417618e-01
395 2.011306e-07 1.888355e-03
396 2.901603e-06 4.054733e-02
397 1.723720e-06 2.342900e-02
398 1.405456e-11 2.559562e-03
399 3.160760e-08 9.130593e-03
400 9.874481e-03 2.458366e+00
401 9.281377e-07 2.813811e-02
402 1.045416e-03 7.004115e-01
403 1.581823e-05 3.903613e-02
404 5.366862e-06 3.042812e-02
405 3.780901e-08 5.194710e-03
406 1.503320e-03 3.726751e-01
407 5.882566e-05 1.301241e-01
408 3.307740e-04 8.070937e-01
409 5.581557e-06 8.986979e-02
410 2.986951e-06 1.604109e-02
411 4.378802e-05 5.181944e-02
412 1.760043e-04 1.923598e-02
413 2.446415e-03 7.332613e-01
414 4.152359e-04 8.708362e-02
415 7.429316e-09 1.972939e-03
416 4.916281e-05 1.527884e-01
417 1.284865e-06 3.422864e-03
418 2.128460e-03 7.929765e-01
419 1.757582e-03 9.850646e-01
420 5.864050e-06 1.231051e-02
421 3.106353e-04 6.971733e-02
422 1.135426e-06 3.115192e-02
423 2.313757e-06 1.331696e-02
424 5.304375e-05 9.028155e-02
425 1.968163e-06 1.691000e-02
426 5.035617e-09 3.761108e-03
427 2.287073e-04 1.692984e-01
428 1.945564e-05 5.554851e-02
429 2.128845e-03 6.330050e-01
430 1.128061e-07 1.766817e-03
431 7.093563e-11 4.157868e-03
432 8.947617e-05 1.653585e-01
433 1.210601e-10 1.257343e-03
434 6.661793e-08 5.229291e-03
435 3.662306e-06 6.434442e-03
436 1.186632e-09 2.358042e-03
437 1.511462e-03 2.125809e-01
438 6.008583e-09 5.848260e-03
439 6.625825e-09 4.609402e-03
440 4.802918e-08 4.346858e-03
441 5.283213e-05 5.062194e-02
442 1.512554e-09 6.772913e-03
443 1.690005e-07 5.518859e-03
444 1.317012e-04 5.897574e-02
445 3.414813e-05 1.206126e-01
446 8.367261e-08 1.751065e-02
447 2.838803e-09 2.497781e-03
448 1.709050e-06 3.021850e-03
449 1.264259e-07 2.406559e-03
450 4.150738e-07 3.782387e-03
451 1.280382e-07 1.360612e-03
452 1.051558e-05 1.921469e-02
453 1.182235e-07 5.187747e-03
454 3.854445e-05 4.921153e-02
455 5.911726e-04 2.451487e-01
456 3.051160e-08 5.643359e-03
457 1.323335e-05 4.716160e-02
458 6.067277e-05 7.371864e-02
459 1.082643e-05 7.424853e-02
460 3.214482e-08 4.089902e-03
461 4.774633e-06 4.045002e-02
462 4.228396e-04 4.448034e-01
463 2.964256e-05 7.972634e-02
464 2.663198e-05 2.146404e-02
465 8.430293e-08 1.851301e-03
466 2.578135e-09 2.733641e-03
467 1.846302e-03 7.349889e-01
468 6.839716e-11 5.934423e-03
469 3.078377e-04 1.972814e-01
470 4.147473e-05 2.814192e-02
471 1.157631e-05 4.035090e-02
472 7.520322e-06 8.949176e-03
473 9.048860e-06 1.826277e-02
474 2.455212e-07 5.422635e-03
475 1.552579e-05 4.617792e-02
476 2.990047e-10 2.276624e-03
477 5.502207e-04 1.377244e-01
478 1.060529e-10 3.581748e-03
479 8.302085e-10 1.841144e-03
480 1.991860e-06 1.413518e-02
481 1.887102e-07 8.212981e-03
482 1.499658e-03 5.359222e-01
483 4.194398e-09 1.196799e-03
484 7.308174e-10 1.956132e-03
485 1.015879e-04 1.228706e-01
486 3.188680e-07 5.367051e-03
487 4.365856e-05 9.553293e-02
488 7.497198e-08 6.607566e-03
489 2.107758e-05 1.793781e-02
490 1.127660e-05 4.965449e-02
491 1.046431e-07 1.099559e-02
492 5.239268e-05 3.493345e-02
493 3.546624e-09 2.369093e-03
494 5.922683e-04 2.215963e-01
495 7.975663e-04 3.924594e-01
496 1.560491e-04 2.192311e-01
497 6.696444e-05 1.617565e-01
498 8.548813e-06 4.428162e-02
499 2.653123e-06 1.530652e-02
500 3.840295e-10 9.724520e-03
501 1.552415e-03 1.374649e+00
502 9.912753e-08 1.990460e-02
503 3.736310e-05 8.197716e-02
504 5.233582e-04 1.464779e+00
505 2.859791e-09 6.450948e-03
506 4.238341e-08 1.315244e-02
507 1.196001e-07 9.759031e-03
508 6.241272e-05 2.759295e-02
509 3.946060e-05 4.275381e-01
510 1.247981e-08 9.927554e-03
511 7.813037e-08 5.072427e-03
512 2.919741e-08 2.041263e-03
513 1.549122e-04 5.055823e-02
514 7.629094e-09 1.969614e-02
515 1.906723e-07 5.787260e-02
516 2.022026e-05 1.087789e-01
517 3.334771e-06 8.512143e-03
518 6.146095e-09 4.543952e-03
519 2.133687e-07 1.095424e-02
520 1.346614e-10 1.504663e-03
521 1.714857e-07 3.020607e-02
522 2.220136e-08 3.529876e-03
523 4.288897e-07 8.585694e-03
524 6.315940e-05 9.560772e-02
525 2.570605e-03 2.263480e-01
526 4.666865e-06 1.796319e-02
527 9.517055e-05 2.248905e-01
528 2.811019e-04 2.452023e-01
529 3.289345e-04 3.653672e-01
530 1.185848e-04 9.195597e-02
531 1.486460e-11 1.574198e-03
532 2.151259e-07 9.767725e-03
533 2.460249e-07 3.026907e-03
534 8.697916e-07 8.983657e-02
535 3.853697e-04 5.283135e-01
536 1.963339e-04 1.502147e-01
537 7.312517e-04 4.734814e-01
538 5.114802e-06 9.674713e-02
539 2.595822e-05 6.765283e-02
540 1.633108e-06 2.900404e-02
541 4.762950e-03 1.297604e+00
542 3.949000e-06 1.381102e-02
543 8.358635e-05 2.906634e-02
544 9.814745e-05 9.910487e-02
545 1.625184e-07 9.564906e-03
546 9.830878e-07 1.597890e-02
547 8.147302e-06 5.643203e-02
548 1.360443e-04 7.766864e-02
549 6.037460e-06 2.958748e-02
550 1.037436e-09 5.839081e-03
551 7.179442e-05 5.845120e-02
552 1.247912e-07 2.729252e-03
553 1.358204e-07 7.560600e-03
554 5.238625e-10 3.020868e-03
555 1.984748e-06 7.097976e-02
556 3.366563e-07 7.751258e-03
557 5.085582e-05 1.106860e-01
558 6.838206e-08 8.211280e-03
559 7.539755e-04 1.835536e-01
560 2.446643e-09 3.366842e-03
561 2.988831e-06 3.428804e-02
562 7.098397e-08 1.864094e-03
563 5.259146e-03 2.183888e+00
564 3.154815e-04 1.026886e+00
565 1.251223e-07 4.001386e-03
566 4.430018e-04 1.623457e-01
567 2.447973e-05 8.657057e-02
568 2.779716e-04 1.307828e-01
569 6.730844e-07 1.245259e-02
570 1.051234e-06 5.217076e-02
571 2.095940e-04 9.831255e-02
572 4.514264e-04 1.831359e-01
573 3.906180e-04 2.640551e-01
574 2.938330e-07 5.977850e-03
575 3.307755e-09 4.064812e-03
576 6.841541e-06 1.049975e-02
577 1.199631e-09 2.689637e-03
578 4.567593e-07 4.305364e-03
579 1.573944e-05 3.587909e-02
580 9.798432e-09 6.039705e-03
581 4.442367e-04 1.502825e-01
582 7.788700e-07 1.532842e-02
583 1.296547e-03 6.360213e-01
584 2.279526e-06 7.954589e-02
585 7.134425e-06 4.855090e-02
586 9.465588e-04 2.846321e-01
587 7.685368e-07 1.430894e-02
588 2.025195e-05 6.089217e-02
589 3.357462e-04 7.659380e-02
590 1.857495e-08 1.236440e-02
591 3.869037e-06 2.751277e-02
592 2.361111e-03 1.200356e+00
593 4.043843e-07 9.502468e-03
594 3.040887e-04 1.338829e-01
595 4.814413e-08 5.628577e-03
596 1.022296e-09 1.380189e-03
597 2.883885e-09 2.289469e-03
598 2.632234e-04 5.969650e-02
599 5.405234e-04 4.865035e-02
600 6.623060e-07 5.240477e-03
601 6.858521e-08 4.357969e-03
602 1.279779e-04 3.629939e-02
603 2.073959e-05 3.720125e-02
604 2.361596e-09 2.069442e-03
605 2.924083e-05 1.934014e-01
606 3.204291e-04 1.362062e-01
607 5.450162e-08 5.270385e-03
608 4.065799e-04 9.221938e-02
609 1.131575e-04 2.100228e-02
610 2.188044e-06 1.663527e-02
611 2.945965e-09 2.536864e-03
612 9.439576e-06 3.737854e-02
613 1.518293e-08 5.342093e-03
614 1.969998e-07 5.770800e-03
615 2.650511e-09 5.945992e-03
616 2.920143e-04 1.044238e-01
617 5.487259e-07 1.419003e-02
618 5.026352e-08 8.412147e-03
619 1.546568e-05 9.559975e-03
620 1.467992e-08 3.894414e-03
621 9.806831e-08 3.456050e-03
622 6.955147e-04 4.729212e-01
623 7.390686e-06 1.885098e-02
624 3.006555e-07 4.528853e-03
625 8.721931e-07 1.191445e-02
626 5.191512e-07 6.482672e-03
627 1.428871e-07 3.736722e-03
628 1.256686e-04 4.832381e-02
629 7.014513e-07 2.287649e-03
630 6.025716e-06 1.611032e-02
631 4.592758e-06 1.284392e-02
632 7.915912e-09 1.267019e-03
633 6.339082e-04 3.999707e-01
634 6.124156e-05 4.222095e-02
635 2.548893e-07 8.828052e-03
636 1.591552e-07 2.106842e-02
637 5.027933e-08 1.161241e-02
638 2.057368e-09 2.183195e-03
639 3.699609e-11 1.581203e-03
640 2.965048e-10 2.443888e-03
641 2.534125e-10 1.528590e-03
642 1.988989e-07 5.443894e-03
643 1.062185e-04 9.554094e-02
644 3.956809e-03 4.880550e-01
645 5.780692e-04 1.222413e-01
646 7.804824e-06 1.478425e-02
647 8.109299e-07 6.179626e-03
648 5.039009e-05 4.644362e-02
649 1.015352e-03 8.661232e-01
650 6.928153e-06 5.614952e-03
651 6.670351e-07 8.587320e-03
652 4.124671e-05 8.489300e-02
653 2.715045e-09 4.786135e-03
654 2.992687e-07 4.990507e-03
655 2.069609e-06 9.354812e-03
656 2.372058e-08 2.818899e-03
657 3.838308e-04 1.149699e-01
658 6.649372e-05 1.621459e-01
659 2.250224e-04 5.444058e-02
660 2.125500e-05 1.253863e-01
661 3.424667e-08 5.600730e-03
662 6.463881e-04 3.389320e-01
663 2.340986e-03 1.002493e+00
664 2.129316e-05 5.436890e-02
665 1.537095e-08 9.410233e-03
666 5.508320e-04 7.645993e-02
667 1.909330e-04 9.531524e-02
668 2.784270e-03 5.525727e-01
669 1.110812e-03 3.779075e-01
670 1.138723e-08 9.350205e-03
671 7.261725e-04 5.842041e-02
672 3.653101e-08 2.509409e-02
673 1.191273e-05 1.398723e-02
674 1.964181e-07 2.145299e-03
675 4.591017e-05 1.461490e-01
676 8.342961e-07 5.792716e-03
677 1.162155e-11 1.338961e-03
678 6.379168e-07 7.768254e-03
679 1.471813e-03 4.156616e-01
680 7.917681e-06 4.802134e-02
681 1.706937e-04 8.184005e-02
682 5.110074e-06 1.529016e-02
683 1.390135e-07 3.069469e-02
684 2.051032e-05 2.079675e-02
685 2.537992e-10 2.171263e-03
686 6.362899e-06 1.991124e-02
687 2.666288e-03 1.021222e+00
688 1.744763e-06 2.546384e-02
689 4.152910e-08 1.035412e-02
690 5.726059e-09 2.017940e-03
691 5.672785e-04 2.915572e-01
692 1.740922e-08 2.934029e-03
693 2.681731e-05 2.450633e-02
694 4.733289e-04 1.969967e-01
695 3.952790e-03 4.261302e-01
696 7.175722e-04 8.685057e-01
697 5.568504e-07 9.776105e-03
698 4.380187e-04 2.053584e-01
699 2.865035e-09 1.542311e-03
700 7.875771e-05 6.224726e-02
701 1.075171e-05 2.111299e-02
702 9.412037e-10 1.237930e-03
703 2.980094e-09 4.012340e-03
704 6.362412e-12 1.311538e-03
705 6.276306e-04 4.552450e-01
706 2.248398e-08 1.735168e-03
707 2.012831e-04 1.261364e-01
708 2.634201e-13 4.995843e-03
709 1.841320e-11 2.939372e-03
710 4.111179e-07 6.355608e-03
711 4.049636e-11 1.204914e-03
712 3.830253e-07 4.845378e-03
713 4.358049e-08 6.472007e-03
714 2.941586e-10 2.451330e-03
715 5.647339e-06 1.764652e-02
716 3.761994e-05 4.133563e-02
717 1.173993e-08 5.330896e-03
718 9.758225e-12 2.642276e-03
719 3.728415e-03 9.897360e-01
720 2.404323e-12 1.188325e-03
721 3.350110e-06 9.057436e-03
722 3.646796e-11 2.732731e-03
723 5.324352e-06 1.741189e-02
724 1.451292e-07 3.508294e-03
725 9.127272e-12 1.464603e-03
726 2.859061e-05 5.816569e-02
727 2.848113e-10 4.371462e-03
728 6.652163e-09 7.909609e-03
729 1.477133e-10 7.307727e-03
730 9.675702e-10 2.754118e-03
731 2.930137e-05 1.147125e-01
732 4.213150e-14 1.364472e-03
733 4.612909e-15 9.157500e-04
734 8.052148e-09 2.996092e-03
735 7.455265e-09 3.409110e-03
736 8.374834e-07 1.699257e-02
737 7.223637e-13 1.363522e-03
738 3.451494e-05 1.018732e-01
739 3.765439e-10 3.515933e-03
740 1.304528e-05 3.883600e-02
741 6.181335e-09 8.489766e-03
742 1.972160e-05 2.469218e-02
743 1.122242e-03 9.979545e-01
744 8.305089e-13 2.638483e-03
745 1.703673e-09 2.533008e-03
746 3.129981e-07 1.287606e-02
747 1.638293e-04 7.518162e-02
748 1.888973e-03 3.186025e-01
749 1.366484e-04 1.929238e-01
750 1.368151e-08 6.867218e-03
751 2.019296e-07 1.241407e-02
752 3.387366e-07 2.017742e-03
753 3.081833e-09 2.988107e-03
754 3.145763e-05 1.125449e-01
755 8.134263e-07 2.189776e-02
756 2.904270e-06 3.869708e-02
757 1.459300e-10 1.517623e-03
758 1.820705e-07 2.128093e-02
759 1.356170e-04 5.568240e-02
760 1.039336e-09 2.277935e-03
761 3.442321e-05 3.919870e-02
762 2.116233e-04 5.417395e-02
763 6.322856e-11 1.966569e-03
764 1.248145e-09 9.889876e-03
765 2.287652e-11 1.044243e-02
766 5.075944e-07 5.558841e-03
767 1.631340e-08 5.909885e-03
768 5.020861e-05 3.692490e-02
769 1.294588e-06 8.538544e-03
770 2.563630e-04 9.478518e-02
771 1.365488e-05 7.900594e-03
772 1.895830e-13 1.550058e-03
773 1.145982e-08 1.604618e-02
774 3.065998e-09 1.958183e-03
775 6.221612e-04 1.428705e-01
776 1.480045e-03 1.200927e-01
777 8.367140e-05 4.021141e-02
778 7.408093e-05 3.554696e-02
779 7.489391e-04 4.004779e-01
780 6.125582e-05 1.840441e-02
781 3.255754e-04 1.090279e-01
782 2.996979e-06 4.796689e-03
783 1.006338e-06 1.019989e-02
784 9.382326e-07 7.309860e-03
785 8.412441e-04 9.648622e-02
786 3.208669e-05 3.001297e-02
787 5.967593e-04 9.147371e-02
788 8.640395e-07 2.324034e-02
789 1.192325e-10 1.348919e-03
790 1.592865e-04 1.751766e-01
791 3.513960e-05 2.041604e-02
792 9.085202e-07 5.027988e-03
793 2.048773e-06 1.022988e-02
794 6.233726e-07 5.198178e-03
795 8.355848e-04 6.289067e-01
796 1.376794e-09 3.135145e-03
797 2.676428e-04 3.642466e-01
798 6.411870e-04 5.700412e-01
799 4.753950e-08 5.444788e-03
800 2.179066e-04 1.069366e-01
801 9.497091e-09 4.165276e-03
802 6.684204e-06 4.741658e-02
803 1.185901e-03 3.523689e-01
804 6.357861e-08 1.609672e-02
805 4.474505e-09 4.030617e-03
806 1.510363e-03 3.271137e-01
807 1.250953e-07 5.551650e-02
808 3.464939e-06 4.597305e-03
809 8.820013e-04 4.577505e-01
810 2.111522e-06 1.957695e-02
811 3.407396e-07 2.776913e-02
812 2.358749e-08 6.948819e-03
813 2.095369e-08 5.876938e-03
814 8.881347e-07 1.091963e-02
815 3.505242e-06 2.683453e-02
816 3.224795e-04 2.027343e-01
817 7.290269e-04 1.149798e+00
818 5.167738e-09 3.591940e-03
819 5.681395e-05 1.076073e-01
820 4.717891e-06 5.342592e-02
821 4.396591e-07 2.826630e-02
822 1.302208e-08 3.575730e-03
823 3.609509e-07 9.814286e-03
824 3.445578e-08 2.608286e-02
825 7.641865e-07 2.679530e-02
826 3.444124e-04 2.422438e-02
827 4.699262e-07 5.811348e-03
828 5.808602e-05 4.307315e-02
829 8.594564e-08 1.443083e-02
830 2.420436e-03 7.628004e-01
831 4.831430e-06 2.254474e-02
832 9.327106e-07 9.071386e-03
833 1.443511e-05 2.305462e-02
834 2.436777e-06 2.219680e-02
835 2.329197e-08 2.285720e-03
836 2.912193e-10 1.027498e-03
837 2.921059e-07 1.495823e-02
838 4.990032e-06 1.027320e-02
839 1.892946e-08 1.527590e-02
840 3.011850e-06 3.837085e-02
841 4.409933e-06 3.701529e-02
842 2.504821e-03 6.769094e-01
843 1.155073e-04 3.562233e-02
844 2.194233e-07 3.633333e-02
845 1.268885e-06 3.301375e-02
846 3.026143e-04 1.813716e-01
847 4.656839e-05 3.327217e-02
848 2.838924e-04 1.672475e-01
849 4.856180e-08 5.805260e-03
850 1.765189e-03 1.134589e+00
851 8.672475e-07 2.170320e-02
852 9.598924e-05 1.970505e-01
853 8.228656e-04 3.811994e-01
854 8.669010e-05 9.971710e-02
855 1.091112e-04 1.854580e-01
856 5.312408e-05 6.800620e-02
857 1.556011e-03 3.895431e-01
858 3.398077e-07 2.073784e-02
859 2.976097e-10 3.867182e-03
860 2.485992e-03 2.253632e-01
861 6.028056e-10 1.642321e-03
862 1.037942e-06 2.383542e-02
863 1.136369e-04 1.298974e-01
864 2.185024e-07 8.014306e-03
865 4.638203e-04 1.340391e-01
866 1.432779e-04 1.870919e-01
867 1.684226e-03 8.265465e-01
868 1.556555e-05 7.706031e-03
869 3.533918e-05 3.628022e-02
870 7.173561e-05 5.971402e-02
871 1.930589e-07 2.819945e-02
872 6.084748e-04 4.937452e-01
873 3.147641e-04 8.652888e-02
874 1.894672e-03 3.419715e-01
875 2.724931e-07 6.445192e-03
876 6.898915e-14 1.062645e-03
877 2.578759e-08 9.390698e-03
878 1.043565e-03 5.342532e-01
879 9.789260e-05 1.271687e-01
880 1.575863e-06 1.210165e-02
881 4.438122e-11 2.291718e-03
882 1.766520e-05 7.582936e-02
883 1.349723e-03 7.725847e-01
884 8.653098e-04 1.727319e-01
885 1.457827e-04 8.578504e-02
886 1.099200e-06 8.064167e-03
887 2.946044e-08 1.345768e-02
888 3.905243e-06 1.327233e-02
889 1.460571e-07 2.303793e-02
890 7.299702e-08 2.359827e-02
891 1.383779e-04 3.887216e-01
892 3.301485e-11 2.858966e-03
893 2.821299e-04 8.091294e-02
894 8.300058e-07 7.191856e-03
895 9.433923e-05 8.451895e-02
896 2.451410e-07 5.492173e-02
897 4.602745e-05 9.364221e-02
898 1.638011e-06 9.674700e-03
899 3.889943e-08 1.433331e-02
900 3.166739e-08 1.626164e-02
901 6.136226e-05 1.009309e-01
902 1.568742e-08 2.129321e-03
903 3.088290e-07 3.498639e-02
904 3.905047e-09 2.108546e-02
905 1.186810e-08 6.665045e-03
906 6.844884e-07 8.456501e-03
907 2.061566e-08 2.068777e-03
908 1.886299e-08 8.982607e-03
909 2.268095e-04 5.121811e-02
910 2.987935e-05 2.950262e-02
911 1.448499e-07 2.120117e-02
912 3.548513e-08 1.048202e-02
913 7.687729e-10 3.415792e-03
914 2.376023e-08 7.562419e-03
915 1.010153e-03 2.581368e-01
916 1.807251e-12 2.827314e-03
917 1.560899e-10 2.394989e-03
918 2.266220e-11 2.639593e-03
919 4.461376e-04 2.549161e-01
920 5.631454e-10 6.486883e-03
921 4.994800e-08 3.989014e-03
922 8.882637e-08 1.639089e-02
923 1.795315e-09 5.136027e-03
924 6.896844e-05 4.032757e-01
925 8.905467e-05 8.127014e-02
926 7.308391e-05 4.591810e-02
927 4.482155e-05 1.289303e-01
928 6.131261e-08 4.360900e-02
929 1.478359e-04 1.930659e-01
930 1.306909e-04 6.976526e-02
931 1.185925e-04 4.587993e-02
932 6.358243e-05 5.802009e-02
933 5.345275e-10 2.973375e-03
934 7.579912e-07 1.028813e-02
935 1.017805e-08 3.626619e-03
936 3.563498e-08 2.787882e-02
937 1.818237e-10 5.815876e-03
938 3.052902e-09 2.378409e-03
939 3.843916e-07 1.050749e-02
940 5.404689e-04 1.855718e-01
941 1.201264e-08 3.332600e-03
942 2.467538e-06 1.432423e-01
943 7.465074e-07 2.450462e-02
944 5.692177e-13 1.972736e-03
945 5.295255e-05 4.375170e-02
946 2.916894e-11 2.224296e-03
947 1.168719e-05 2.300473e-02
948 2.168284e-08 1.538732e-03
949 2.760176e-07 1.803071e-02
950 5.623819e-05 1.520778e-01
951 8.481898e-09 3.014926e-02
952 5.182589e-06 4.255870e-02
953 1.669612e-12 2.418496e-03
954 5.518696e-05 3.936527e-02
955 5.576933e-08 4.505266e-03
956 2.309210e-06 1.965117e-02
957 3.604030e-05 6.872156e-02
958 1.226621e-04 6.531321e-02
959 1.017672e-03 7.699760e-02
960 4.552027e-10 2.435082e-03
961 1.331283e-09 9.517486e-03
962 9.368788e-09 1.077960e-02
963 3.715138e-09 3.552476e-03
964 7.368666e-08 2.002610e-03
965 1.519166e-03 2.886952e-01
966 5.901697e-05 2.309452e-02
967 7.122800e-07 8.334206e-03
968 3.267307e-04 1.877917e-01
969 9.200852e-05 1.438104e-01
970 3.339086e-05 2.561711e-02
971 2.285931e-06 8.374410e-03
972 2.216839e-04 6.342682e-02
973 3.642529e-06 9.369304e-03
974 2.553950e-06 8.485455e-03
975 2.230708e-05 9.443067e-02
976 5.083440e-04 3.548882e-01
977 1.297062e-05 2.162056e-02
978 8.198409e-07 2.469149e-02
979 3.401032e-09 2.953998e-03
980 1.347247e-06 2.222076e-02
981 4.984159e-07 2.224457e-02
982 1.683021e-08 1.420235e-03
983 2.942312e-08 3.883739e-03
984 1.801081e-05 2.212888e-02
985 1.583326e-06 6.189192e-02
986 1.792969e-04 4.402856e-01
987 1.190176e-08 6.226999e-03
988 1.382442e-09 2.068739e-03
989 2.826576e-04 1.220106e-01
990 8.541608e-10 2.265671e-03
991 2.484916e-03 1.310265e+00
992 1.348853e-07 7.104090e-03
993 7.157575e-08 9.670770e-03
994 2.073414e-14 1.343352e-03
995 5.412418e-08 1.517276e-02
996 3.187919e-04 1.039789e+00
997 6.613529e-08 8.047030e-03
998 4.088352e-07 4.045356e-03
999 5.035270e-06 2.612923e-02
1000 4.567327e-14 1.344524e-03
1001 1.064531e-06 1.022596e-02
1002 5.888479e-05 1.225149e-01
1003 4.359015e-05 4.967934e-02
1004 6.681322e-06 4.123837e-02
1005 9.528420e-08 2.315525e-03
1006 1.033018e-03 2.827819e-01
1007 1.212690e-08 3.017647e-03
1008 3.380959e-04 5.445606e-02
1009 2.424849e-08 2.052818e-03
1010 9.941752e-07 2.212502e-02
1011 1.771260e-08 1.733180e-02
1012 2.864451e-04 2.747614e-01
1013 4.917891e-09 1.236044e-02
1014 1.136309e-07 8.496493e-03
1015 2.962320e-06 3.596924e-02
1016 3.703660e-04 3.193939e-02
1017 3.471118e-03 7.598021e-01
1018 9.180448e-06 1.065368e-01
1019 1.242330e-10 1.929927e-03
1020 1.549218e-09 1.104060e-02
1021 2.395344e-08 1.427814e-02
1022 2.030540e-11 1.414997e-03
1023 2.136834e-06 1.995235e-02
1024 8.294971e-06 2.266771e-02
1025 1.641595e-11 1.527452e-03
1026 1.008293e-12 1.937814e-03
1027 1.081814e-06 1.127810e-02
1028 6.052798e-05 1.184211e-01
1029 2.162167e-08 6.120209e-03
1030 6.877290e-10 3.061539e-03
1031 1.814157e-05 1.423502e-02
1032 1.064016e-03 5.744709e-01
1033 1.554990e-10 1.554795e-03
1034 1.528751e-06 3.189097e-02
1035 2.839522e-07 1.621764e-02
1036 3.876851e-05 1.629924e-01
1037 2.431904e-11 3.022627e-03
1038 2.877163e-08 3.140399e-03
1039 1.968693e-06 1.018900e-02
1040 1.008389e-09 3.102419e-03
1041 1.726831e-03 6.950318e-01
1042 4.117637e-07 7.860386e-03
1043 1.434169e-11 1.239528e-03
1044 1.288690e-08 3.632196e-03
1045 5.391706e-10 2.386115e-03
1046 1.476434e-13 1.277349e-03
1047 8.428980e-11 1.279858e-03
1048 3.923140e-09 4.746432e-03
1049 3.056275e-10 1.166529e-03
1050 2.264883e-03 1.220851e+00
1051 5.392062e-05 1.362749e-01
1052 3.351872e-08 2.951805e-03
1053 4.509056e-08 9.362125e-03
1054 3.963220e-11 1.868708e-03
1055 6.913526e-12 1.156858e-03
1056 7.256866e-08 9.016020e-03
1057 3.792032e-07 1.333600e-02
1058 9.501717e-10 1.572373e-03
1059 2.879417e-05 1.004339e-01
1060 4.598000e-10 1.477648e-03
1061 8.928094e-07 3.566571e-03
1062 1.720356e-11 1.140562e-03
1063 3.328553e-04 4.257299e-02
1064 2.010267e-05 6.234990e-02
1065 3.186230e-12 1.808279e-03
1066 7.788051e-12 1.188392e-03
1067 1.704763e-05 1.552232e-02
1068 1.111566e-08 1.818848e-03
1069 3.410161e-07 2.989415e-03
1070 1.776984e-10 1.193435e-03
1071 2.754153e-07 2.154454e-03
1072 4.499391e-09 2.556800e-03
1073 2.448365e-10 1.345495e-03
1074 1.490789e-10 1.907043e-03
1075 1.907309e-07 3.870578e-03
1076 6.117315e-08 4.199497e-03
1077 5.448453e-07 5.535427e-03
1078 1.993079e-06 1.549276e-02
1079 2.068710e-08 4.527892e-03
1080 6.653313e-05 8.213607e-02
1081 1.045977e-06 5.192938e-02
1082 3.004301e-07 3.794220e-03
1083 1.944534e-06 5.316092e-03
1084 9.778916e-11 1.205209e-03
1085 3.645898e-09 1.823880e-03
1086 3.286047e-09 3.022904e-03
1087 5.607093e-09 1.409236e-03
1088 3.846884e-07 8.592939e-03
1089 2.952309e-09 1.366333e-03
1090 4.823296e-12 1.204079e-03
1091 2.540611e-10 1.664320e-03
1092 5.746181e-07 2.475726e-03
1093 6.304068e-07 2.406197e-02
1094 1.566029e-04 2.997485e-02
1095 1.968561e-08 3.000448e-03
1096 1.080436e-05 4.204901e-02
1097 3.961559e-07 5.316136e-02
1098 2.296547e-08 8.096814e-03
1099 1.495028e-09 3.598544e-03
1100 5.387663e-12 1.118770e-03
1101 1.270490e-06 2.537556e-02
1102 1.549496e-07 1.200343e-02
1103 4.259998e-08 4.096818e-03
1104 2.461214e-05 3.635492e-02
1105 1.455934e-09 2.112073e-03
1106 4.151354e-03 1.033983e+00
1107 7.838532e-10 2.632532e-03
1108 6.366932e-07 8.323793e-03
1109 1.337893e-12 1.817780e-03
1110 6.692731e-08 1.049725e-02
1111 2.607444e-09 2.200362e-03
1112 1.572410e-12 1.790198e-03
1113 7.122597e-07 1.493512e-02
1114 6.918441e-06 3.470395e-02
1115 5.326359e-04 5.213362e-01
1116 3.408890e-13 1.968540e-03
1117 1.120209e-03 5.309701e-01
1118 2.983850e-08 5.123694e-03
1119 1.776582e-05 3.257692e-02
1120 4.224952e-06 7.762548e-02
1121 6.980332e-06 1.259558e-02
1122 5.728943e-07 2.090569e-02
1123 4.521763e-06 4.643028e-03
1124 9.731822e-08 1.465081e-02
1125 6.089717e-06 6.026795e-03
1126 2.123849e-07 6.947936e-03
1127 5.908937e-07 4.464977e-03
1128 4.244115e-06 5.138547e-02
1129 1.490405e-07 8.651546e-03
1130 4.240395e-08 1.234630e-02
1131 7.724262e-05 1.188587e-01
1132 1.460573e-05 1.608223e-02
1133 1.130815e-08 2.208168e-03
1134 9.412121e-04 1.466275e-01
1135 1.396078e-06 1.857928e-02
1136 9.718793e-04 3.219388e-01
1137 6.614842e-06 2.287171e-02
1138 2.432157e-11 1.865766e-03
1139 2.009506e-06 7.679140e-03
1140 2.072653e-12 2.155836e-03
1141 6.939045e-08 6.674475e-03
1142 1.092966e-04 1.004351e-01
1143 7.514171e-07 7.799260e-02
1144 1.979461e-09 6.472644e-03
1145 2.524562e-06 2.519613e-02
1146 7.740019e-04 8.058545e-01
1147 7.655870e-04 1.302448e-01
1148 1.946299e-10 2.426330e-03
1149 7.635269e-04 3.663003e-01
1150 6.586117e-12 2.359942e-03
1151 2.941933e-04 3.288199e-01
1152 1.429722e-04 1.739225e-01
1153 2.912108e-07 6.652082e-03
1154 2.970718e-10 1.933879e-03
1155 2.758626e-04 4.625538e-01
1156 3.965563e-10 2.780837e-03
1157 4.588430e-04 1.144171e-01
1158 1.201981e-06 5.926534e-03
1159 1.031336e-10 1.511909e-03
1160 8.908141e-07 3.211803e-03
1161 8.306587e-07 2.088973e-02
1162 2.760342e-05 2.345668e-01
1163 7.032247e-06 2.334129e-02
1164 5.829520e-06 6.119171e-02
1165 7.895185e-04 9.365450e-01
1166 1.533421e-03 2.848678e-01
1167 9.056808e-05 1.601472e-01
1168 2.063046e-06 4.758024e-02
1169 2.366548e-09 8.022494e-03
1170 2.514461e-07 6.231105e-03
1171 3.522828e-08 1.018931e-02
1172 6.992155e-06 9.279240e-02
1173 3.147114e-11 1.101250e-03
1174 8.843278e-04 4.745627e-01
1175 2.687711e-07 2.618533e-02
1176 2.139298e-12 1.778835e-03
1177 1.172419e-04 1.500253e-01
1178 1.846339e-03 5.985354e-01
1179 1.405127e-04 6.159362e-02
1180 4.274472e-07 9.837032e-03
1181 5.004972e-08 1.995904e-03
1182 2.141683e-05 1.433383e-02
1183 3.669896e-04 2.249840e-01
1184 1.257619e-04 7.170603e-02
1185 7.691904e-10 1.085119e-02
1186 1.122055e-03 2.587648e-01
1187 1.903504e-04 2.962441e-01
1188 2.266453e-07 2.528877e-03
1189 1.792509e-08 2.580735e-03
1190 1.164631e-13 1.991191e-03
1191 3.532917e-08 2.994257e-03
1192 6.169685e-05 1.527761e-01
1193 2.180976e-11 3.228921e-03
1194 6.218873e-07 2.919724e-02
1195 1.396943e-03 3.725524e-01
1196 2.228307e-09 5.335165e-03
1197 4.248497e-08 3.562370e-03
1198 1.249335e-05 4.023252e-03
1199 6.039004e-04 5.289643e-01
1200 2.452611e-03 5.630069e-01
1201 4.480652e-11 1.124809e-03
1202 8.456570e-06 2.768365e-02
1203 1.948199e-05 5.189832e-02
1204 1.649898e-06 7.631394e-03
1205 1.393569e-10 1.941578e-03
1206 1.175097e-03 5.961660e-01
1207 1.212971e-06 5.988988e-03
1208 3.907755e-07 6.419473e-03
1209 5.276081e-04 1.595599e-01
1210 9.642252e-05 8.420343e-02
1211 8.575780e-04 2.583652e-01
1212 2.976599e-08 3.750113e-03
1213 1.334246e-09 4.993740e-03
1214 1.417868e-05 2.798909e-02
1215 2.333933e-10 2.616444e-03
1216 1.245813e-10 2.222691e-03
1217 5.198546e-07 2.929373e-02
1218 1.224602e-07 5.935129e-03
1219 1.112807e-06 1.705260e-02
1220 5.135923e-06 2.601655e-02
1221 4.299396e-05 4.002581e-02
1222 1.984027e-07 2.364960e-02
1223 1.125220e-04 5.859582e-02
1224 1.013362e-06 9.836940e-03
1225 5.818893e-08 2.941023e-03
1226 2.516770e-09 1.837761e-03
1227 5.665176e-05 1.279984e-02
1228 4.458439e-05 3.923517e-02
1229 5.962849e-05 6.478343e-02
1230 3.597539e-08 7.522401e-03
1231 4.288280e-07 4.035785e-02
1232 1.152001e-11 5.677333e-03
1233 2.285770e-07 2.459834e-02
1234 2.985138e-10 7.617783e-03
1235 8.337707e-05 6.176531e-02
1236 9.499022e-09 4.717257e-03
1237 7.390590e-04 2.883907e-01
1238 3.694912e-07 1.436852e-02
1239 3.267549e-07 7.066218e-03
1240 8.889789e-08 4.242502e-03
1241 4.109521e-05 1.241806e-02
1242 3.458092e-03 6.749257e-01
1243 7.102910e-05 1.444496e-01
1244 1.396812e-08 3.620318e-03
1245 5.276916e-07 6.933574e-03
1246 3.967696e-10 2.014013e-03
1247 3.315891e-04 1.386360e-01
1248 1.612943e-05 6.402002e-02
1249 6.596626e-09 9.786677e-03
1250 2.412977e-09 6.206693e-03
1251 4.590945e-09 1.430305e-02
1252 1.850853e-05 9.530989e-03
1253 8.282734e-04 4.833900e-01
1254 9.775525e-10 5.368634e-03
1255 1.138698e-06 2.206472e-02
1256 4.479011e-05 1.393121e-02
1257 9.013666e-04 2.222821e-01
1258 3.131520e-10 4.848435e-03
1259 6.109518e-05 9.565472e-02
1260 2.195954e-04 3.144056e-01
1261 4.232681e-09 5.603196e-03
1262 3.525337e-06 2.306661e-02
1263 2.999652e-05 5.657359e-02
1264 6.515901e-08 3.172828e-02
1265 2.262387e-07 1.109717e-02
1266 1.987241e-07 3.504944e-02
1267 1.903035e-07 1.791388e-02
1268 7.340124e-07 9.458555e-03
1269 4.824403e-05 3.292041e-02
1270 4.583881e-03 1.592673e+00
1271 1.176861e-03 6.324394e-01
1272 4.362638e-11 1.268537e-03
1273 8.465277e-05 1.555750e-01
1274 2.890847e-07 2.097699e-02
1275 2.833753e-05 6.454997e-02
1276 1.494965e-03 8.014248e-01
1277 2.507699e-04 2.713598e-01
1278 2.476161e-03 8.332602e-01
1279 6.696850e-07 2.946604e-03
1280 4.791127e-03 5.058526e-01
1281 1.606183e-06 7.629950e-03
1282 3.195844e-05 7.576738e-02
1283 1.823823e-07 2.106963e-02
1284 1.776736e-07 4.788822e-03
1285 4.961817e-04 2.544325e-01
1286 7.227433e-12 3.201500e-03
1287 2.975937e-05 4.477306e-02
1288 2.833188e-04 8.413235e-02
1289 6.397679e-05 2.953840e-02
1290 4.207692e-06 3.217253e-02
1291 7.789815e-05 2.737511e-02
1292 1.076082e-03 4.694816e-01
1293 2.091636e-08 3.348955e-03
1294 6.449878e-08 5.891900e-03
1295 6.363620e-08 3.469669e-03
1296 1.573934e-08 1.307958e-02
1297 8.873286e-06 6.012145e-02
1298 1.572969e-06 1.588946e-02
1299 1.317455e-04 3.803933e-02
1300 1.469429e-08 2.830739e-03
1301 1.207759e-07 3.167058e-03
1302 8.673225e-04 2.783750e-01
1303 2.919711e-06 9.555958e-03
1304 1.922413e-06 8.779814e-03
1305 2.620526e-04 8.938452e-02
1306 7.774089e-05 6.379130e-02
1307 1.871252e-06 7.120162e-03
1308 3.139223e-10 2.544960e-03
1309 1.980434e-04 1.231709e-01
1310 1.501904e-12 1.448175e-03
1311 1.379218e-03 9.126786e-01
1312 1.466113e-03 4.446743e-01
1313 1.032737e-10 1.734624e-03
1314 1.524277e-07 8.623176e-03
1315 1.044529e-08 3.228405e-03
1316 3.945799e-10 2.199593e-03
1317 1.524090e-12 1.374760e-03
1318 4.230406e-05 8.383359e-02
1319 2.963869e-03 1.261800e+00
1320 5.407622e-09 4.000124e-03
1321 3.959955e-05 1.842833e-02
1322 3.135337e-11 1.135354e-03
1323 1.974857e-08 2.234424e-03
1324 2.754407e-04 2.284734e-01
1325 2.155453e-09 9.791784e-03
1326 1.102322e-05 1.348574e-02
1327 8.772801e-06 3.204020e-02
1328 1.287874e-08 2.689791e-03
1329 5.650007e-06 2.658464e-02
1330 5.434443e-08 8.255173e-03
1331 1.996209e-08 2.125483e-03
1332 4.410768e-10 1.452906e-03
1333 8.488091e-06 2.408353e-02
1334 5.412495e-07 1.380178e-02
1335 1.282490e-08 1.172314e-02
1336 1.822178e-06 9.244029e-03
1337 1.246585e-04 1.715894e-01
1338 1.443384e-08 7.358234e-03
1339 1.448201e-03 5.982747e-01
1340 2.824560e-05 1.944097e-02
1341 5.059914e-04 5.167595e-01
1342 2.556585e-09 2.470561e-03
1343 3.376526e-09 2.175757e-03
1344 7.537502e-07 3.618904e-03
1345 1.570385e-06 1.541494e-02
1346 1.781285e-08 2.861689e-02
1347 1.219715e-09 1.355903e-03
1348 1.534955e-04 9.240996e-02
1349 3.259155e-03 2.612483e-01
1350 5.918147e-06 1.358134e-02
1351 1.459195e-04 4.112429e-02
1352 4.095575e-06 1.624002e-02
1353 1.257570e-06 1.171366e-02
1354 2.083130e-09 4.958418e-03
1355 7.309173e-08 9.442718e-03
1356 1.991657e-04 4.125023e-02
1357 7.257087e-10 6.053766e-03
1358 1.358493e-06 8.060142e-03
1359 4.994217e-10 2.051859e-03
1360 7.693711e-09 4.146350e-03
1361 2.484457e-05 2.633187e-02
1362 1.843521e-04 1.822240e-01
1363 3.785251e-06 6.489557e-03
1364 2.287319e-04 1.020949e-01
1365 9.645986e-10 4.523336e-03
1366 3.664914e-08 4.614740e-03
1367 6.363430e-10 1.745272e-03
1368 5.807613e-06 6.924372e-02
1369 2.206097e-12 2.457531e-03
1370 2.491491e-08 1.649397e-03
1371 9.655618e-05 8.164051e-02
1372 3.156305e-09 4.192730e-03
1373 5.056219e-08 7.752627e-03
1374 6.750088e-08 3.415712e-03
1375 1.321488e-05 1.727375e-02
1376 3.030051e-03 1.283244e+00
1377 3.445585e-08 9.846991e-03
1378 4.930662e-10 1.432352e-03
1379 2.035753e-05 6.814660e-03
1380 2.807023e-04 7.539515e-01
1381 9.462735e-07 3.568121e-03
1382 1.822930e-09 1.284167e-03
1383 2.051943e-07 2.178744e-02
1384 1.718389e-08 4.634316e-03
1385 8.114287e-09 4.490780e-03
1386 6.893380e-08 5.864206e-03
1387 1.494462e-04 5.730317e-02
1388 1.981958e-07 7.831038e-03
1389 2.893678e-09 3.265700e-03
1390 3.457585e-09 3.100481e-03
1391 4.340937e-08 9.242088e-03
1392 5.026715e-09 2.003800e-03
1393 3.051907e-09 7.649929e-03
1394 2.386801e-08 6.517520e-03
1395 6.413131e-05 5.573073e-02
1396 1.373535e-04 5.899818e-02
1397 4.181044e-08 3.233548e-03
1398 1.271641e-05 3.321470e-02
1399 8.677156e-06 4.371151e-02
1400 5.072130e-09 4.682667e-03
1401 3.498885e-04 1.308123e-01
1402 1.192549e-07 4.644522e-03
1403 3.746330e-08 5.536250e-03
1404 1.914523e-09 2.383019e-03
1405 1.233098e-07 4.187473e-03
1406 8.227224e-05 2.551585e-02
1407 4.859335e-08 2.754666e-03
1408 2.127790e-03 1.020976e+00
1409 1.518359e-06 5.176032e-02
1410 1.960143e-08 1.108960e-02
1411 1.478174e-05 1.668678e-02
1412 1.624024e-10 4.384734e-03
1413 1.285824e-15 1.143512e-03
1414 5.791814e-11 2.434513e-03
1415 3.308138e-08 5.998095e-03
1416 5.079269e-10 2.992413e-03
1417 4.503438e-07 5.198075e-03
1418 2.979994e-08 5.032845e-03
1419 6.881918e-09 4.513277e-03
1420 1.334301e-05 2.612912e-02
1421 9.117522e-07 1.369547e-02
1422 1.261142e-04 4.148633e-02
1423 1.499323e-06 4.119440e-03
1424 2.877411e-06 7.548615e-03
1425 4.172756e-06 8.483752e-03
1426 9.048013e-06 1.040088e-02
1427 3.367627e-06 6.478852e-03
1428 2.951004e-06 8.340952e-03
1429 6.659366e-05 2.779482e-02
1430 6.754097e-04 3.564368e-01
1431 3.306860e-06 3.389495e-02
1432 1.183446e-06 1.824082e-02
1433 2.438635e-09 7.839528e-03
1434 8.931371e-07 3.775926e-03
1435 6.638221e-09 3.320997e-03
1436 4.445981e-06 1.188026e-02
1437 1.075612e-07 2.904494e-03
1438 1.496037e-05 1.639698e-02
1439 2.687759e-03 7.212266e-01
1440 1.213908e-09 2.807520e-03
1441 7.105830e-11 1.740393e-03
1442 3.243335e-09 7.299061e-03
1443 1.388000e-06 6.611520e-03
1444 2.464489e-07 8.661437e-03
1445 1.147719e-06 1.076850e-02
1446 2.713028e-06 1.682951e-02
1447 2.293106e-03 1.329141e+00
1448 1.356202e-05 5.011119e-03
1449 1.337058e-08 3.108642e-03
1450 1.235298e-06 1.374282e-02
1451 1.601015e-04 6.743974e-02
1452 6.573499e-04 2.651221e-01
1453 2.816136e-10 2.968222e-03
1454 5.073456e-08 3.942146e-03
1455 9.245770e-05 2.546710e-02
1456 5.856449e-08 1.893071e-03
1457 1.038209e-06 2.684220e-03
1458 2.596538e-07 2.937211e-03
1459 1.599231e-05 1.209545e-02
1460 2.791063e-06 1.927727e-02
1461 1.608661e-06 2.661392e-03
1462 3.446718e-08 2.177419e-03
1463 7.390670e-09 1.507400e-03
1464 1.874626e-09 2.055781e-03
1465 9.842565e-09 1.411646e-03
1466 4.987306e-06 2.493296e-02
1467 5.817649e-04 1.936046e-01
1468 3.693373e-06 9.597684e-03
1469 5.402816e-07 1.777325e-02
1470 2.247338e-11 3.690373e-03
1471 1.720346e-05 2.153744e-02
1472 4.619715e-08 6.298328e-03
1473 4.274892e-08 4.046519e-03
1474 7.242435e-09 1.696570e-02
1475 1.852406e-09 1.749912e-03
1476 1.311805e-06 2.097247e-02
1477 8.900014e-12 1.745339e-03
1478 3.246686e-07 1.660161e-02
1479 3.048725e-06 1.153604e-02
1480 2.555238e-06 4.691579e-02
1481 1.420864e-05 3.820024e-02
1482 2.016065e-06 1.741602e-02
1483 1.118084e-04 2.522671e-02
1484 2.876847e-04 3.406826e-01
1485 8.171573e-05 9.257777e-02
1486 3.149954e-05 1.987574e-01
1487 6.174185e-10 2.030062e-03
1488 5.142190e-07 2.746191e-02
1489 5.962531e-07 2.164185e-03
1490 2.374057e-05 5.971882e-03
1491 1.377565e-06 5.978629e-02
1492 5.043995e-09 6.755279e-03
1493 5.796597e-08 1.175833e-02
1494 4.018113e-08 3.029175e-03
1495 1.606082e-05 2.317887e-02
1496 4.284140e-08 4.503320e-03
1497 3.748077e-04 4.902017e-01
1498 2.961696e-08 5.335694e-03
1499 2.146986e-10 2.925383e-03
1500 2.965019e-05 1.315237e-02
1501 2.678214e-08 5.471031e-03
1502 2.113674e-04 1.655448e-01
1503 1.636634e-04 2.312620e-01
1504 3.026852e-05 3.275181e-02
1505 1.554121e-07 5.722317e-03
1506 3.824447e-06 8.288231e-03
1507 3.050876e-04 1.028689e-01
1508 1.344314e-04 3.617403e-01
1509 1.499954e-08 4.601174e-03
1510 4.686782e-09 8.564231e-03
1511 4.941126e-07 1.216470e-02
1512 1.063418e-07 7.628355e-03
1513 1.888297e-06 1.142575e-02
1514 4.815401e-09 6.428369e-03
1515 3.000945e-03 6.817825e-01
1516 1.913483e-06 1.470878e-02
1517 7.042763e-04 7.511550e-01
1518 3.457063e-06 9.459244e-03
1519 2.416893e-06 1.283312e-02
1520 9.549191e-08 1.939296e-03
1521 7.610176e-09 7.192568e-03
1522 7.303513e-05 7.106411e-02
1523 1.898665e-05 1.083863e-02
1524 1.619876e-06 1.894891e-02
1525 1.549834e-05 3.969123e-02
1526 5.695489e-07 1.227486e-02
1527 1.082931e-04 4.304986e-02
1528 6.926597e-06 1.345934e-02
1529 2.382716e-06 9.744084e-03
1530 2.709961e-08 1.488357e-02
1531 5.547779e-06 2.897401e-02
1532 4.134618e-09 5.077703e-03
1533 6.517880e-09 6.696843e-03
1534 2.328085e-05 1.535971e-02
1535 1.230018e-08 1.591332e-03
1536 9.460987e-08 2.747443e-03
1537 2.760051e-07 4.104711e-03
1538 2.954796e-08 4.119589e-03
1539 3.007688e-08 2.609300e-03
1540 1.176444e-05 3.250541e-02
1541 2.515973e-03 5.566373e-01
1542 3.536496e-04 1.708638e-01
1543 1.419634e-03 3.881461e-01
1544 2.963934e-06 1.034020e-02
1545 1.420264e-06 5.450044e-02
1546 1.393639e-06 9.451468e-03
1547 1.084148e-03 5.992977e-01
1548 3.590335e-06 2.220817e-02
1549 1.944496e-06 4.934521e-03
1550 4.814145e-10 4.407864e-03
1551 6.741840e-08 6.506107e-03
1552 8.309408e-05 2.219606e-01
1553 2.439306e-03 5.416578e-01
1554 1.415315e-07 1.026880e-02
1555 1.567490e-03 7.249884e-01
1556 1.542672e-04 2.832191e-02
1557 9.020906e-06 2.204093e-01
1558 1.538129e-03 5.483692e-01
1559 2.205986e-05 1.219312e-02
1560 3.034761e-04 2.152689e-01
1561 1.844071e-04 2.237512e-01
1562 8.903722e-11 6.923900e-03
1563 1.046440e-05 2.320730e-02
1564 6.478463e-04 4.490482e-01
1565 4.308870e-05 2.294293e-02
1566 4.696588e-08 5.374527e-03
1567 4.575366e-03 2.470109e+00
1568 2.865840e-08 1.442491e-02
1569 4.537883e-04 3.896496e-02
1570 2.175236e-03 7.762463e-01
1571 1.855850e-08 2.462809e-03
1572 1.624671e-05 5.185085e-02
1573 1.395626e-03 5.077312e-01
1574 5.466961e-05 2.327066e-02
1575 9.627787e-09 1.799262e-02
1576 8.465068e-06 9.911858e-02
1577 1.112176e-04 3.184946e-01
1578 8.814545e-04 2.052978e-01
1579 2.005841e-08 5.082142e-03
1580 2.128341e-03 9.582553e-01
1581 6.639722e-05 2.095774e-02
1582 6.228383e-07 4.846407e-03
1583 6.647165e-04 2.103262e-01
1584 3.480079e-08 1.485628e-02
1585 2.879239e-04 2.877428e-01
1586 1.167459e-06 1.278278e-02
1587 3.193362e-05 1.891674e-02
1588 4.281383e-06 2.503873e-02
1589 1.774813e-09 2.919303e-03
1590 3.060578e-06 6.706899e-03
1591 1.033303e-06 5.366937e-03
1592 2.016777e-05 1.599555e-02
1593 2.698368e-06 3.821065e-03
1594 1.880707e-06 1.703691e-02
1595 1.379860e-07 4.228758e-03
1596 6.893976e-08 3.066799e-02
1597 7.745837e-07 8.641294e-03
1598 1.591157e-05 1.886440e-02
1599 2.240517e-05 1.274268e-01
1600 4.234200e-07 1.074597e-02
1601 9.079601e-08 3.295160e-03
1602 3.643046e-03 1.023016e+00
1603 2.734384e-08 8.701121e-03
1604 9.817123e-05 4.509721e-02
1605 6.818056e-05 5.515626e-02
1606 7.715533e-04 3.997372e-01
1607 2.088162e-03 5.280203e-01
1608 4.525707e-09 4.893369e-03
1609 7.060473e-04 2.453015e-01
1610 3.913013e-04 5.270955e-01
1611 4.508375e-07 1.676828e-02
1612 1.305737e-04 3.431091e-02
1613 2.343032e-12 1.208080e-03
1614 1.311623e-03 1.537256e-01
1615 1.128036e-03 3.217989e-01
1616 5.086839e-09 2.651821e-03
1617 1.174875e-09 3.410301e-03
1618 1.730428e-07 2.710611e-03
1619 1.884196e-06 8.085434e-02
1620 7.869014e-05 6.147931e-02
1621 1.668131e-08 1.002161e-01
1622 1.620916e-05 2.517096e-02
1623 1.063594e-06 5.734803e-02
1624 5.572077e-04 6.125368e-01
1625 3.324001e-09 4.478643e-03
1626 2.632571e-04 1.473099e-01
1627 2.077765e-06 1.765979e-02
1628 2.283206e-04 1.484636e-01
1629 5.003078e-04 3.686184e-01
1630 8.867118e-04 5.751599e-01
1631 1.114918e-03 1.731171e-01
1632 1.919978e-06 6.995134e-02
1633 2.600355e-10 3.099624e-03
1634 6.642393e-10 6.778088e-03
1635 1.334749e-10 1.156796e-03
1636 7.275539e-10 2.940717e-03
1637 1.152421e-10 1.705864e-03
1638 2.484361e-09 3.093195e-03
1639 3.922781e-11 1.852140e-03
1640 5.513338e-04 8.620730e-02
1641 4.310060e-04 2.210648e-01
1642 1.250407e-03 8.666720e-01
1643 4.129302e-04 5.332170e-02
1644 8.479220e-06 1.294031e-02
1645 2.276964e-04 4.637899e-02
1646 2.223076e-03 1.334164e+00
1647 3.956045e-05 1.770673e-02
1648 7.371192e-07 4.218164e-03
1649 5.504391e-04 6.539180e-01
1650 1.245014e-03 1.487248e-01
1651 1.667383e-09 4.405771e-03
1652 1.034179e-04 1.334080e-01
1653 2.609176e-03 9.473488e-01
1654 6.915758e-07 2.353342e-02
1655 5.044886e-04 4.593108e-01
1656 9.994615e-08 1.784293e-02
1657 8.759542e-06 1.301608e-02
1658 1.380614e-06 5.317130e-03
1659 7.139082e-06 2.257084e-02
1660 1.231249e-05 9.548817e-02
1661 5.012861e-04 1.522393e-01
1662 5.487917e-04 8.725094e-02
1663 3.903277e-05 2.311622e-01
1664 5.615055e-06 1.402884e-02
1665 9.562138e-07 1.231505e-02
1666 4.053986e-05 9.791501e-02
1667 1.899195e-05 5.415358e-02
1668 3.887793e-11 8.895986e-04
1669 7.902897e-06 1.350773e-02
1670 7.152661e-09 3.679628e-03
1671 8.650282e-06 2.446874e-02
1672 7.999095e-04 2.912482e-01
1673 1.541315e-05 4.097130e-02
1674 4.528763e-07 1.101098e-02
1675 9.853309e-06 1.621982e-02
1676 1.348800e-08 2.857732e-03
1677 8.467567e-10 7.112963e-03
1678 5.779152e-08 3.679600e-03
1679 2.368105e-14 1.409525e-03
1680 2.274902e-04 9.832793e-02
1681 1.602003e-05 3.369994e-02
1682 2.675192e-06 2.619938e-02
1683 4.510926e-10 1.750316e-03
1684 2.742596e-09 3.672988e-03
1685 7.471399e-04 1.173682e-01
1686 1.205713e-03 3.655366e-01
1687 1.705703e-06 3.308291e-02
1688 3.680253e-04 3.893942e-01
1689 5.421539e-06 9.930026e-02
1690 4.463077e-10 1.776316e-03
1691 2.431231e-08 1.768111e-03
1692 4.922345e-08 6.010387e-03
1693 2.199623e-04 2.266417e-01
1694 9.746997e-06 5.254787e-02
1695 1.985723e-06 4.447786e-03
1696 8.435213e-04 4.720934e-01
1697 2.767538e-08 8.761626e-03
1698 9.200062e-04 6.677901e-01
1699 2.855724e-03 9.667335e-01
1700 2.565986e-08 4.278471e-03
1701 1.598471e-05 8.022894e-02
1702 1.277282e-05 9.009284e-02
1703 7.526617e-07 5.805375e-02
1704 9.766831e-09 1.636723e-03
1705 1.713826e-09 1.979655e-03
1706 4.257706e-07 2.686920e-03
1707 4.676557e-04 1.840608e-01
1708 7.118005e-10 8.068263e-03
1709 1.311560e-06 1.660452e-02
1710 1.205976e-07 1.163425e-02
1711 8.880354e-04 4.217795e-01
1712 5.714270e-05 9.745971e-02
1713 3.213438e-07 1.145280e-02
1714 2.927038e-04 1.058748e-01
1715 3.773902e-07 8.808760e-03
1716 4.356620e-10 4.416114e-03
1717 2.751615e-06 2.693325e-02
1718 2.037678e-06 1.366732e-02
1719 1.776926e-09 7.630535e-03
1720 6.410624e-08 9.479133e-03
1721 6.947601e-09 3.152286e-02
1722 2.490253e-09 8.443443e-03
1723 2.538636e-03 6.568954e-01
1724 1.140021e-06 3.561288e-03
1725 1.310531e-06 1.825680e-02
1726 6.648881e-04 2.596653e-01
1727 3.931943e-06 3.263030e-02
1728 1.636453e-03 5.323197e-01
1729 4.374394e-07 4.663552e-03
1730 5.077312e-04 2.917880e-01
1731 1.040789e-07 7.374794e-03
1732 4.546219e-09 1.912719e-03
1733 2.536699e-15 1.011506e-03
1734 1.354178e-04 9.250705e-02
1735 9.812327e-06 4.241182e-02
1736 1.132524e-13 1.148585e-03
1737 2.902902e-05 2.292919e-02
1738 4.635467e-07 3.663688e-03
1739 2.121054e-06 2.617569e-02
1740 1.250351e-03 1.638114e-01
1741 4.422176e-11 4.427053e-03
1742 1.017648e-04 1.259474e-01
1743 8.847538e-04 2.514777e-01
1744 1.208633e-05 4.805575e-02
1745 1.623081e-04 5.191021e-02
1746 2.351723e-08 2.726560e-03
1747 2.027498e-07 6.707673e-03
1748 7.621940e-04 7.120522e-01
1749 2.981228e-06 1.257707e-02
1750 5.512108e-07 9.778955e-03
1751 2.144471e-07 6.524260e-03
1752 2.382224e-09 2.143663e-03
1753 1.249624e-04 6.191154e-02
1754 9.807237e-08 5.579077e-03
1755 3.114861e-06 6.770267e-03
1756 9.136012e-08 1.983823e-02
1757 5.794167e-07 1.517334e-02
1758 8.173577e-05 2.440681e-01
1759 1.096293e-07 5.171690e-03
1760 1.479988e-03 6.916369e-01
1761 7.414584e-09 7.061088e-03
1762 1.537756e-07 4.344540e-03
1763 6.924862e-08 1.170765e-02
1764 5.219969e-09 6.939669e-03
1765 1.624183e-05 3.569499e-02
1766 1.683887e-08 4.501084e-03
1767 1.074446e-04 1.430134e-02
1768 2.949055e-05 5.909629e-02
1769 4.377789e-04 1.402108e-01
1770 9.461755e-09 8.551628e-03
1771 5.281656e-06 1.166619e-02
1772 1.495327e-04 5.166361e-01
1773 1.199996e-03 4.959098e-01
1774 2.136251e-09 2.935336e-03
1775 1.567417e-11 2.829931e-03
1776 1.887456e-07 1.940062e-02
1777 6.057537e-07 1.268518e-02
1778 1.279047e-07 7.276019e-03
1779 3.307877e-06 1.758316e-02
1780 1.327871e-09 2.812157e-03
1781 7.656995e-12 1.305323e-03
1782 1.445068e-10 3.173238e-03
1783 7.188211e-08 7.437397e-03
1784 4.946510e-06 3.466984e-02
1785 3.830582e-07 4.467724e-03
1786 3.930312e-07 3.391108e-02
1787 2.636499e-03 7.097472e-01
1788 5.585301e-10 4.441682e-03
1789 8.246479e-05 4.818671e-02
1790 3.839038e-09 2.235245e-03
1791 3.625830e-08 5.839563e-03
1792 1.253999e-06 7.246216e-03
1793 1.884215e-08 9.525582e-03
1794 1.202437e-04 1.115274e-01
1795 3.547523e-05 9.965247e-03
1796 7.460215e-04 7.275818e-01
1797 4.106085e-09 1.740289e-02
1798 1.152723e-06 6.684331e-03
1799 1.822182e-09 2.885652e-03
1800 2.050638e-06 5.612364e-02
1801 3.211880e-05 8.364338e-03
1802 6.326894e-06 4.052649e-02
1803 5.708949e-09 2.049959e-03
1804 1.036460e-06 3.042691e-03
1805 5.216791e-09 1.103934e-02
1806 3.878047e-08 6.010933e-03
1807 7.092784e-10 1.571664e-03
1808 6.070622e-04 8.729506e-01
1809 1.415359e-06 1.179380e-02
1810 1.061292e-03 2.960210e-01
1811 6.662394e-09 7.842940e-03
1812 1.258061e-08 5.934825e-03
1813 5.899034e-07 1.458588e-02
1814 1.098139e-10 2.832748e-03
1815 5.111274e-08 2.575833e-02
1816 5.273585e-05 3.763485e-02
1817 8.140503e-07 4.892299e-03
1818 5.273765e-08 4.835193e-03
1819 7.801895e-14 2.082381e-03
1820 3.464985e-09 1.597708e-03
1821 2.709839e-09 3.413151e-03
1822 1.093528e-04 2.307859e-01
1823 3.311230e-06 4.207393e-02
1824 6.755328e-06 4.778357e-02
1825 1.623966e-03 9.003851e-01
1826 2.566193e-04 1.934574e-01
1827 2.678637e-04 7.521086e-02
1828 9.370202e-05 5.062077e-02
1829 1.488961e-06 1.224854e-02
1830 2.342588e-08 3.103189e-03
1831 4.307586e-10 1.703544e-03
1832 1.328023e-07 1.496152e-02
1833 6.233093e-05 2.347112e-02
1834 2.266850e-07 3.689186e-03
1835 1.415165e-09 3.577680e-03
1836 4.572001e-04 5.441702e-01
1837 1.869619e-03 4.150885e-01
1838 4.717997e-05 2.415642e-02
1839 9.528133e-07 3.749654e-02
1840 7.877920e-07 3.918135e-02
1841 1.030305e-04 1.054447e-01
1842 5.225934e-08 6.901800e-03
1843 7.900137e-09 8.683528e-03
1844 3.008685e-09 2.765666e-03
1845 1.945402e-05 4.522286e-02
1846 4.119915e-10 3.507002e-03
1847 9.105284e-08 6.009745e-02
1848 1.075991e-10 2.206615e-03
1849 4.458691e-09 1.367688e-02
1850 1.643259e-08 1.479216e-02
1851 1.538604e-06 3.674446e-02
1852 5.357880e-06 2.300103e-02
1853 8.116777e-06 5.574916e-02
1854 7.005033e-06 1.198874e-01
1855 5.304726e-06 4.714723e-02
1856 2.288689e-11 2.267661e-03
1857 2.368724e-09 4.628232e-03
1858 2.087353e-07 3.966938e-03
1859 1.816464e-10 3.269181e-03
1860 2.238392e-06 2.345761e-02
1861 7.765086e-08 7.737973e-03
1862 5.309995e-04 4.339972e-01
1863 2.968780e-11 3.006962e-03
1864 2.403659e-09 2.669177e-03
1865 1.248375e-09 1.142282e-02
1866 5.854330e-04 1.104180e-01
1867 1.311178e-11 2.611333e-03
1868 8.142597e-07 1.081270e-02
1869 7.515426e-04 5.120659e-01
1870 2.087423e-07 6.087582e-03
1871 2.452059e-08 1.130667e-02
1872 1.930353e-09 7.175044e-03
1873 1.410882e-08 1.843538e-03
1874 6.509980e-08 2.207258e-03
1875 7.354171e-03 1.225973e+00
1876 9.633785e-09 2.424976e-03
1877 2.748948e-08 3.195643e-03
1878 1.326274e-09 6.553791e-03
1879 2.789643e-07 1.173497e-02
1880 3.145349e-04 8.380185e-02
1881 1.991688e-07 4.514801e-02
1882 1.732388e-09 3.948357e-03
1883 1.695448e-06 1.348725e-02
1884 2.721035e-03 3.519525e-01
1885 1.053516e-06 7.084464e-03
1886 2.761258e-04 1.135594e-01
1887 1.451487e-04 5.267738e-02
1888 1.155625e-08 3.276744e-03
1889 3.297647e-09 1.317434e-03
1890 2.887520e-07 1.209266e-02
1891 1.023780e-03 2.354457e-01
1892 3.215903e-08 1.486261e-02
1893 8.043970e-05 6.975086e-02
1894 1.221524e-03 1.595470e+00
1895 9.924415e-04 1.020185e-01
1896 1.253204e-04 1.299238e-01
1897 7.485646e-08 4.003514e-03
1898 1.275556e-05 5.488085e-02
1899 5.606270e-06 1.196449e-02
1900 5.139007e-04 1.899648e-01
1901 4.009100e-08 4.905090e-03
1902 1.210771e-08 1.855173e-03
1903 8.701245e-07 1.105324e-02
1904 7.789527e-07 8.322380e-03
1905 1.216229e-06 5.271803e-03
1906 3.834520e-06 6.714618e-03
1907 3.901988e-11 3.760352e-03
1908 1.236796e-08 1.714793e-03
1909 1.315292e-05 1.760303e-02
1910 6.628259e-05 1.068118e-01
1911 4.029125e-04 1.840713e-01
1912 4.570410e-06 7.697443e-02
1913 2.594906e-06 6.332290e-02
1914 5.853054e-08 4.782734e-03
1915 3.779976e-11 7.895663e-03
1916 5.481520e-04 9.643354e-01
1917 6.512365e-04 6.178202e-01
1918 3.622832e-05 3.646213e-02
1919 5.987140e-04 5.006196e-02
1920 8.115544e-05 3.426552e-02
1921 1.118398e-10 1.367049e-03
1922 1.693970e-06 4.897158e-03
1923 2.025160e-07 3.155363e-03
1924 6.377101e-08 2.430633e-03
1925 8.815245e-09 2.133508e-03
1926 3.219934e-04 1.676899e-01
1927 1.425806e-06 1.163266e-02
1928 4.253206e-10 1.791349e-03
1929 9.296137e-06 1.647604e-02
1930 8.872538e-06 1.807997e-02
1931 8.411736e-05 2.997616e-02
1932 2.778889e-08 3.379219e-02
1933 1.574423e-07 1.612393e-02
1934 1.436635e-05 7.071230e-02
1935 1.064453e-05 1.802698e-02
1936 5.791561e-08 1.255539e-02
1937 7.251856e-06 5.802969e-03
1938 8.380414e-12 2.010179e-03
1939 2.084732e-04 2.950286e-01
1940 1.989505e-08 2.261855e-02
1941 1.416149e-04 2.386888e-02
1942 2.051487e-05 8.465859e-02
1943 2.043307e-07 3.242657e-02
1944 1.191204e-03 3.156904e-01
1945 1.992059e-05 4.193693e-02
1946 3.181668e-06 7.150902e-03
1947 1.234782e-05 6.673340e-03
1948 3.459663e-09 1.708415e-03
1949 5.270295e-04 2.358268e-01
1950 1.865898e-05 3.554887e-02
1951 2.206278e-05 4.295666e-02
1952 7.988277e-07 7.212755e-03
1953 2.024150e-04 7.474717e-02
1954 1.735647e-06 7.626698e-02
1955 1.558440e-06 1.023172e-02
1956 1.125814e-05 5.875347e-02
1957 2.762259e-06 8.808148e-03
1958 2.115398e-05 2.272508e-02
1959 1.097668e-05 2.792124e-02
1960 4.653292e-06 3.130829e-02
1961 1.241696e-06 1.063110e-01
1962 4.595270e-04 1.574367e-01
1963 5.383971e-05 1.116801e-01
1964 1.821127e-07 4.048000e-03
1965 4.647094e-06 1.530283e-02
1966 1.890822e-08 6.705200e-03
1967 6.745510e-06 5.716521e-02
1968 1.953643e-10 2.103145e-03
1969 1.668686e-03 4.316711e-01
1970 7.602607e-04 1.379605e-01
1971 2.123092e-03 4.437935e-01
1972 2.963532e-05 2.399101e-02
1973 2.317313e-04 2.148598e-01
1974 3.877034e-08 4.245168e-03
1975 4.787113e-04 3.467219e-01
1976 8.148434e-05 1.349386e-01
1977 2.085028e-06 7.800415e-03
1978 1.371736e-08 4.048919e-03
1979 2.357120e-04 1.366017e-01
1980 2.120433e-04 3.133954e-02
1981 9.271180e-06 5.549542e-02
1982 4.539435e-09 2.801876e-03
1983 1.053634e-06 2.455470e-03
1984 5.051622e-08 2.762760e-02
1985 4.230854e-05 1.983337e-02
1986 3.715093e-05 1.393700e-02
1987 2.872991e-07 3.501045e-02
1988 2.769333e-04 2.442912e-01
1989 1.683091e-07 1.458006e-03
1990 9.199397e-07 5.641195e-03
1991 1.053429e-06 9.484684e-03
1992 7.337780e-04 6.431598e-01
1993 4.107538e-10 1.188438e-03
1994 6.988818e-10 1.259246e-03
1995 4.153670e-04 2.043957e-01
1996 2.273135e-08 5.554362e-03
1997 1.986722e-08 2.109441e-03
1998 3.769172e-06 1.910869e-02
1999 1.564273e-05 1.318648e-01
2000 2.666999e-08 2.654963e-03
2001 5.850139e-08 3.123475e-03
