2 2.905048e-04 1.347621e-01
3 3.884726e-03 6.456729e-01
4 7.780349e-04 2.859536e-01
5 3.398262e-04 9.844064e-02
6 2.021570e-03 8.058209e-01
7 1.109706e-03 2.061552e-01
8 1.338417e-05 5.336891e-02
9 6.416788e-06 9.714848e-03
10 6.148150e-04 5.609120e-02
11 1.955240e-03 3.981665e-01
12 2.563508e-04 3.322077e-02
13 1.895142e-03 4.550820e-01
14 5.688343e-04 1.067747e-01
15 1.922857e-04 5.418045e-02
16 4.406080e-05 5.588632e-02
17 6.322728e-05 1.386184e-02
18 2.756350e-04 1.112326e-01
19 4.573930e-04 3.180411e-01
20 1.484945e-03 4.044795e-01
21 7.598666e-04 1.804743e-01
22 5.586052e-05 2.959922e-02
23 2.399391e-03 6.218919e-01
24 1.576453e-03 2.890206e-01
25 1.276979e-04 4.425084e-02
26 2.714034e-03 5.801702e-01
27 2.878863e-04 6.545330e-02
28 1.292915e-04 3.822440e-02
29 4.568037e-03 5.239201e-01
30 3.890433e-06 7.669338e-03
31 1.430596e-03 9.523638e-02
32 6.727996e-04 2.125417e-01
33 3.114170e-04 1.993521e-02
34 8.369987e-05 7.781919e-03
35 2.439216e-04 2.065755e-01
36 4.379932e-04 6.237379e-02
37 3.083433e-03 7.149933e-01
38 8.848986e-03 8.859326e-01
39 1.582162e-03 4.964363e-01
40 7.617490e-04 2.028788e-01
41 2.395832e-06 7.076488e-03
42 1.520300e-03 6.415664e-01
43 1.961882e-04 1.477931e-02
44 2.335732e-06 2.957534e-03
45 9.618029e-07 2.691826e-03
46 1.565341e-07 1.430090e-03
47 1.575383e-06 6.279881e-03
48 1.860482e-06 7.139601e-03
49 1.329234e-06 9.065785e-03
50 4.232567e-05 3.156372e-02
51 4.832857e-07 3.137907e-03
52 1.312159e-06 5.629476e-03
53 4.498295e-07 5.667781e-03
54 3.980518e-07 4.291079e-03
55 3.252168e-07 3.391012e-03
56 4.349601e-05 2.077224e-02
57 8.836823e-05 3.941634e-02
58 9.865673e-08 1.713386e-03
59 6.281013e-05 1.065429e-02
60 1.578497e-06 2.348425e-03
61 1.140582e-06 4.198571e-03
62 1.725850e-06 1.279563e-03
63 2.677771e-06 5.526261e-03
64 1.183612e-06 1.181993e-02
65 3.619278e-06 2.715984e-03
66 2.684109e-06 4.815872e-03
67 6.809103e-07 4.788782e-03
68 1.178853e-05 1.088121e-02
69 2.782803e-05 9.239961e-03
70 5.259224e-03 3.665942e-01
71 1.068886e-08 4.412396e-03
72 5.460334e-04 4.457806e-02
73 8.402052e-06 4.298178e-03
74 1.622910e-06 5.739995e-03
75 3.819009e-06 5.645898e-03
76 6.628368e-06 6.422003e-03
77 5.656484e-06 4.452791e-03
78 1.676716e-04 4.499099e-02
79 1.671339e-06 1.135383e-02
80 3.223545e-04 8.623579e-02
81 5.846270e-07 3.147364e-03
82 4.546311e-05 3.991692e-02
83 8.817362e-08 2.525342e-03
84 2.526220e-05 1.410973e-02
85 1.985751e-06 7.734434e-03
86 2.620083e-04 1.865824e-02
87 7.454873e-04 1.853401e-01
88 3.169221e-08 2.773861e-03
89 1.458539e-04 3.479045e-02
90 8.115538e-05 1.200394e-01
91 3.078540e-05 1.664937e-02
92 2.460618e-04 7.978365e-02
93 1.310424e-04 4.353857e-02
94 8.825337e-07 8.979663e-03
95 4.361503e-07 5.379405e-03
96 3.234921e-05 1.144785e-02
97 4.998054e-05 1.809076e-02
98 2.338961e-04 1.906435e-02
99 2.458641e-04 3.039459e-01
100 2.561046e-03 5.583570e-01
101 4.626469e-04 1.124346e-01
102 1.244190e-05 6.412484e-03
103 5.226646e-04 2.091361e-01
104 1.824786e-06 2.468067e-02
105 4.119859e-04 8.668020e-02
106 1.504477e-04 5.937549e-02
107 2.231506e-06 1.208496e-02
108 3.834022e-05 1.106499e-01
109 1.468082e-06 1.212325e-02
110 3.381935e-06 4.289453e-03
111 1.026411e-06 1.080505e-02
112 9.524923e-07 1.957735e-02
113 2.235033e-04 8.554813e-02
114 9.122323e-06 9.850108e-03
115 3.533991e-05 1.984656e-02
116 2.562951e-04 6.890784e-02
117 1.204549e-05 7.166550e-03
118 5.745599e-07 3.696859e-03
119 2.343715e-03 4.379844e-01
120 7.362466e-05 2.014438e-02
121 3.524227e-06 8.987602e-03
122 1.572016e-06 5.149591e-03
123 7.961982e-04 5.505658e-02
124 2.419534e-05 1.331555e-02
125 2.361343e-04 1.451710e-01
126 4.806679e-05 1.370585e-02
127 6.849807e-06 1.155207e-02
128 1.000083e-03 3.752950e-01
129 2.185088e-03 3.929892e-01
130 2.905706e-04 7.224935e-02
131 5.073859e-04 1.432100e-01
132 1.946054e-05 2.806976e-02
133 2.791407e-03 7.440663e-01
134 2.237696e-04 3.364439e-02
135 1.370133e-03 1.967729e-01
136 6.650954e-09 2.287018e-03
137 1.981308e-06 1.295901e-02
138 2.838479e-06 3.972704e-03
139 1.241174e-05 9.436155e-03
140 2.528920e-04 4.115352e-02
141 1.084463e-05 7.541344e-03
142 1.395222e-03 1.364274e-01
143 9.937020e-05 8.515806e-02
144 1.428366e-03 2.106193e-01
145 1.102702e-04 4.818729e-02
146 2.833121e-05 1.371070e-02
147 1.096595e-04 6.677659e-02
148 7.038156e-06 6.135777e-03
149 3.669099e-05 7.024347e-02
150 2.203586e-04 7.747970e-02
151 3.437920e-04 3.533432e-02
152 5.195715e-05 3.534362e-02
153 1.749494e-05 1.010420e-02
154 2.219662e-05 1.441269e-02
155 5.182947e-06 2.986147e-03
156 6.658862e-05 1.456774e-02
157 2.173434e-06 1.309981e-02
158 9.044969e-09 3.780136e-03
159 2.555036e-06 1.779857e-02
160 1.192169e-05 9.678937e-03
161 5.986815e-06 4.937451e-03
162 4.514428e-06 1.685204e-02
163 7.810925e-06 1.676394e-02
164 9.382337e-05 8.342263e-03
165 3.101301e-06 1.710613e-03
166 5.467914e-06 2.211091e-03
167 3.644491e-05 7.879300e-03
168 8.515472e-06 4.849481e-03
169 9.750545e-05 2.382887e-02
170 2.418570e-05 6.605611e-03
171 9.796281e-05 4.162467e-02
172 2.409843e-03 2.855969e-01
173 6.616646e-05 7.421592e-02
174 3.173574e-04 1.544457e-01
175 1.676545e-08 1.263236e-03
176 3.497001e-05 1.306444e-02
177 9.349038e-08 3.187500e-03
178 1.613731e-06 7.789819e-03
179 1.550261e-05 1.212048e-02
180 1.553113e-08 1.276685e-03
181 2.097212e-04 1.094351e-01
182 2.655135e-04 3.496751e-02
183 2.230449e-04 2.975994e-02
184 1.197300e-05 8.523642e-03
185 2.819492e-08 1.522675e-03
186 1.766729e-05 4.853788e-02
187 3.810052e-03 5.730264e-01
188 2.490009e-04 3.970660e-02
189 3.692060e-05 1.419075e-02
190 7.610776e-06 5.460432e-03
191 2.319849e-06 6.889531e-03
192 1.157783e-06 5.821870e-03
193 4.991081e-07 6.275486e-03
194 1.247401e-06 6.083623e-03
195 8.293107e-05 2.285388e-02
196 3.027488e-06 7.938288e-03
197 3.544057e-06 2.116536e-02
198 1.329751e-05 1.376633e-02
199 7.437287e-05 1.806608e-02
200 5.985502e-04 9.252599e-02
201 1.247485e-04 8.759651e-02
202 8.341674e-06 1.362456e-02
203 1.726881e-04 1.825236e-01
204 8.663934e-07 4.033551e-03
205 4.202792e-05 3.882856e-02
206 1.346218e-04 2.344295e-02
207 1.414904e-05 3.220421e-02
208 1.195214e-04 8.994270e-02
209 1.597217e-03 9.443946e-02
210 3.663512e-05 5.660070e-02
211 1.230449e-03 1.532072e-01
212 2.347746e-06 4.960786e-03
213 2.050454e-05 1.555913e-02
214 1.335975e-05 1.342042e-02
215 4.373684e-07 1.235698e-02
216 1.973926e-05 3.792455e-02
217 6.697046e-07 2.739646e-03
218 1.291916e-06 4.673538e-03
219 1.313052e-06 2.503475e-03
220 2.186590e-04 2.273643e-01
221 1.054198e-06 5.646229e-03
222 1.525427e-04 3.811954e-02
223 7.841479e-04 8.776735e-02
224 1.031061e-07 2.297049e-03
225 2.108378e-07 3.225872e-03
226 5.384443e-06 1.180146e-02
227 6.548475e-07 4.232638e-03
228 7.708573e-06 5.916792e-03
229 2.654194e-06 1.800815e-02
230 8.384841e-04 2.940323e-01
231 3.751711e-08 2.042339e-03
232 1.951845e-03 6.007740e-01
233 2.528669e-06 9.386646e-03
234 6.785682e-06 4.995929e-03
235 6.375615e-08 7.404070e-03
236 5.675024e-04 4.045271e-02
237 1.986774e-03 2.176788e-01
238 6.576765e-07 5.064563e-03
239 5.280677e-05 9.993148e-03
240 1.954888e-05 6.791029e-02
241 9.636918e-04 4.458559e-01
242 6.698549e-05 3.222222e-02
243 8.516920e-07 4.475025e-03
244 2.090720e-07 1.873646e-03
245 8.294050e-08 1.279942e-03
246 9.206783e-04 1.136395e-01
247 2.881500e-04 7.976885e-02
248 7.870703e-04 2.302641e-01
249 1.262262e-03 2.828910e-01
250 1.682461e-03 1.708079e-01
251 2.696569e-08 1.292966e-03
252 6.982504e-07 8.741383e-03
253 1.307794e-06 4.210363e-03
254 4.408259e-05 2.065729e-02
255 7.654479e-06 8.702767e-03
256 4.799023e-08 2.436986e-03
257 2.885516e-06 5.164525e-03
258 5.372584e-04 6.071545e-02
259 2.371792e-07 1.445879e-03
260 7.073169e-06 9.793753e-03
261 3.503485e-05 8.358986e-03
262 2.123695e-06 1.677785e-03
263 3.054278e-05 5.144204e-03
264 5.615524e-06 2.931234e-02
265 1.280202e-04 7.552128e-02
266 3.855230e-06 1.188926e-02
267 2.083574e-06 1.968519e-02
268 3.596307e-05 7.515626e-03
269 7.270887e-04 1.411753e-01
270 2.488934e-08 3.604288e-03
271 1.485305e-05 1.758693e-02
272 1.906210e-05 1.068414e-02
273 2.133210e-04 1.039736e-01
274 1.245240e-08 1.878883e-03
275 7.512138e-04 5.487985e-02
276 4.237065e-06 1.826618e-02
277 4.527593e-08 4.009243e-03
278 7.693093e-04 9.405099e-02
279 1.885855e-06 5.054356e-03
280 3.158090e-04 5.886668e-02
281 2.095984e-04 1.001191e-01
282 2.552102e-07 2.074368e-03
283 9.457706e-06 6.703797e-03
284 2.913696e-07 4.740344e-03
285 2.280222e-06 9.142898e-03
286 2.672131e-06 6.035927e-03
287 1.902610e-07 5.069423e-03
288 6.408557e-07 2.200015e-03
289 5.331721e-04 2.589063e-01
290 1.139217e-08 1.421246e-03
291 1.281609e-05 1.760820e-02
292 1.190363e-03 3.373821e-01
293 6.964839e-06 5.569422e-03
294 1.640444e-07 4.358543e-03
295 1.750943e-07 1.780220e-02
296 1.120448e-04 1.201732e-01
297 7.129742e-06 1.729448e-02
298 4.347484e-06 5.511852e-03
299 7.090043e-07 4.242710e-03
300 3.850802e-06 1.527461e-02
301 5.412628e-04 3.091255e-01
302 1.694728e-07 3.560996e-03
303 5.074139e-06 2.027908e-02
304 6.012441e-04 8.905445e-02
305 1.137843e-04 1.521493e-02
306 1.358840e-05 1.818111e-02
307 1.266858e-03 2.193355e-01
308 9.454766e-07 1.083852e-02
309 1.481465e-03 2.014512e-01
310 7.135267e-05 1.955220e-02
311 2.725381e-05 1.265488e-02
312 1.121528e-05 5.090746e-03
313 4.721196e-03 6.532419e-01
314 8.231241e-06 3.291069e-03
315 6.173387e-08 4.743690e-03
316 2.034859e-03 4.587987e-01
317 2.445419e-03 2.402664e-01
318 9.446707e-04 1.864282e-01
319 3.588312e-04 7.972149e-02
320 5.012129e-05 3.796526e-02
321 1.211628e-03 3.357323e-01
322 6.803393e-09 6.874277e-03
323 3.060487e-05 2.632348e-02
324 7.147451e-07 5.369031e-03
325 1.833245e-07 5.300532e-03
326 2.042190e-05 4.511330e-02
327 2.999893e-03 6.051576e-01
328 6.615126e-04 1.513958e-01
329 4.700883e-03 2.642893e-01
330 1.463096e-05 9.886551e-03
331 3.544166e-05 2.730383e-02
332 8.297440e-04 2.451208e-01
333 7.217174e-07 1.667435e-02
334 6.871208e-05 4.805644e-02
335 1.142947e-07 2.167628e-03
336 2.338579e-05 1.038117e-02
337 7.106744e-06 1.333120e-02
338 2.576109e-04 6.704454e-02
339 1.395078e-03 1.926468e-01
340 9.570800e-06 1.395462e-02
341 2.840131e-06 1.025379e-02
342 3.153698e-05 6.578024e-03
343 9.152337e-06 3.897349e-02
344 3.729289e-05 1.284937e-02
345 2.572394e-03 5.846235e-01
346 1.902563e-03 2.930190e-01
347 1.263490e-06 4.192949e-03
348 1.493009e-04 4.242879e-02
349 5.194094e-06 7.379031e-03
350 2.123977e-06 3.078565e-03
351 2.229740e-03 6.791085e-01
352 7.357630e-05 2.131690e-01
353 1.385863e-07 1.283028e-03
354 6.342870e-04 1.261943e-01
355 4.508025e-05 2.309092e-02
356 2.802308e-03 3.134814e-01
357 7.944430e-04 1.154939e-01
358 1.130949e-05 4.810454e-03
359 2.900067e-06 1.189349e-02
360 2.805847e-04 1.119699e-01
361 8.920481e-04 1.590535e-01
362 3.854455e-04 5.108360e-02
363 1.065484e-04 3.417114e-02
364 3.553817e-05 5.104567e-02
365 2.630785e-05 3.981353e-02
366 5.831965e-06 2.049060e-02
367 1.617613e-06 1.697157e-02
368 6.503258e-06 1.184248e-02
369 1.393884e-05 1.158141e-02
370 2.944090e-05 1.746060e-02
371 2.415310e-05 8.608399e-02
372 1.696319e-06 3.665263e-02
373 2.620396e-04 5.650077e-02
374 8.832813e-08 6.328950e-03
375 1.433072e-06 1.430884e-03
376 9.833879e-07 3.622432e-03
377 3.630894e-03 3.609091e-01
378 1.154721e-04 2.010551e-02
379 2.191795e-05 5.338551e-03
380 1.440112e-05 1.942138e-02
381 2.955328e-03 4.744189e-01
382 6.017963e-05 1.193352e-02
383 5.963183e-04 1.338975e-01
384 4.880057e-05 1.833313e-02
385 2.989441e-03 4.591302e-01
386 1.161363e-04 1.228755e-02
387 8.457567e-06 1.985644e-02
388 5.135863e-07 4.028621e-03
389 2.050621e-06 1.061679e-02
390 3.088393e-08 4.437064e-03
391 2.206984e-04 2.571724e-02
392 2.053228e-05 2.757896e-02
393 2.200814e-08 2.652887e-03
394 4.472139e-03 6.110834e-01
395 5.656182e-07 1.770518e-03
396 4.189052e-05 3.716489e-02
397 3.853978e-05 2.143471e-02
398 3.430502e-08 2.558416e-03
399 2.977196e-06 8.945287e-03
400 6.871132e-03 1.241039e+00
401 9.932348e-05 2.570320e-02
402 5.147463e-03 4.876407e-01
403 1.837612e-05 3.004016e-02
404 1.757579e-05 2.553554e-02
405 5.316658e-06 4.988302e-03
406 2.897089e-05 2.571189e-01
407 6.348816e-04 9.436422e-02
408 6.354684e-03 5.167271e-01
409 8.045867e-05 8.076578e-02
410 1.053032e-05 1.468171e-02
411 3.077051e-04 2.442265e-02
412 6.785661e-06 1.163408e-02
413 5.745302e-03 4.025746e-01
414 1.063230e-04 1.288299e-02
415 5.652697e-07 1.949319e-03
416 6.252476e-05 1.189090e-01
417 5.563933e-06 2.525738e-03
418 3.949045e-03 2.787027e-01
419 2.053431e-03 5.696944e-01
420 1.908358e-05 9.137113e-03
421 5.541422e-05 1.607697e-02
422 1.673696e-05 2.762073e-02
423 2.430353e-05 1.128680e-02
424 6.754641e-05 5.620465e-02
425 4.890354e-05 1.055113e-02
426 3.727463e-07 3.750572e-03
427 1.258123e-04 1.471414e-01
428 1.222402e-04 2.747265e-02
429 2.664157e-03 2.397564e-01
430 4.402720e-07 1.667008e-03
431 2.203302e-07 4.152889e-03
432 3.973325e-04 1.222636e-01
433 5.660579e-08 1.254520e-03
434 2.952480e-06 5.137390e-03
435 3.831311e-06 5.367195e-03
436 6.325990e-08 2.353860e-03
437 2.547794e-04 1.145201e-01
438 2.062599e-07 5.826903e-03
439 1.596134e-06 4.547833e-03
440 5.992787e-07 4.294165e-03
441 7.642961e-06 3.942496e-02
442 1.199078e-06 6.747387e-03
443 1.818960e-06 5.146047e-03
444 3.350981e-05 4.427693e-02
445 1.473598e-04 8.373485e-02
446 4.720456e-06 1.678229e-02
447 3.566523e-07 2.478463e-03
448 1.761093e-06 2.552679e-03
449 4.522675e-07 2.370832e-03
450 1.357377e-06 3.600180e-03
451 6.449986e-07 1.310083e-03
452 1.291567e-05 1.113853e-02
453 9.206462e-06 4.627190e-03
454 3.396535e-05 3.205279e-02
455 5.869057e-04 8.140898e-02
456 4.731294e-07 5.594326e-03
457 5.435363e-04 3.069773e-02
458 5.326761e-04 5.552476e-02
459 6.015403e-04 5.103747e-02
460 3.941252e-06 3.720276e-03
461 1.862954e-05 3.595795e-02
462 1.825682e-03 2.350259e-01
463 6.804399e-05 6.490167e-02
464 5.151669e-05 6.950986e-03
465 3.084168e-07 1.828371e-03
466 5.807702e-08 2.724700e-03
467 2.871264e-03 2.861388e-01
468 3.259992e-08 5.933507e-03
469 6.907551e-04 7.884622e-02
470 1.532209e-05 1.703108e-02
471 1.673985e-04 3.102121e-02
472 2.088280e-05 5.530783e-03
473 2.273469e-05 1.370256e-02
474 7.751020e-06 4.336790e-03
475 1.424722e-04 3.146648e-02
476 2.616319e-08 2.274727e-03
477 3.859032e-04 5.668832e-02
478 1.169414e-08 3.581081e-03
479 3.919792e-08 1.839149e-03
480 1.487927e-05 1.293097e-02
481 1.204862e-06 8.132457e-03
482 2.314879e-03 2.024661e-01
483 3.206644e-08 1.190962e-03
484 2.447905e-07 1.940867e-03
485 3.128524e-04 8.792818e-02
486 2.051412e-06 5.212752e-03
487 6.928548e-05 8.538373e-02
488 4.585333e-06 6.389051e-03
489 1.929247e-05 1.136314e-02
490 1.876527e-05 4.659916e-02
491 5.809943e-06 1.066416e-02
492 4.195796e-05 5.030286e-03
493 5.669862e-07 2.348896e-03
494 9.417866e-04 5.817409e-02
495 4.699121e-04 1.358816e-01
496 1.653455e-04 1.871650e-01
497 2.896180e-04 1.255838e-01
498 2.726443e-05 4.066320e-02
499 1.378892e-05 8.370011e-03
500 3.130707e-07 9.716542e-03
501 3.544013e-03 4.949852e-01
502 2.433883e-05 1.890379e-02
503 4.386948e-04 5.369846e-02
504 8.567907e-03 5.782383e-01
505 4.510555e-06 6.205375e-03
506 6.142080e-06 1.296839e-02
507 1.394839e-06 9.570165e-03
508 8.161569e-06 1.363169e-02
509 3.738187e-04 3.241391e-01
510 9.215393e-07 9.857177e-03
511 1.891647e-06 4.844528e-03
512 2.509662e-07 2.030485e-03
513 8.536452e-05 3.205489e-02
514 5.663225e-07 1.967322e-02
515 1.412469e-05 5.732497e-02
516 6.820701e-05 6.083929e-02
517 6.378571e-06 7.237858e-03
518 2.542346e-07 4.532316e-03
519 4.826535e-06 1.068831e-02
520 7.650686e-08 1.501728e-03
521 4.337628e-05 2.788054e-02
522 9.511565e-07 3.272382e-03
523 2.463804e-06 7.885532e-03
524 3.682415e-04 6.351611e-02
525 6.276564e-04 7.910708e-02
526 1.319709e-05 1.657026e-02
527 4.168901e-04 1.510848e-01
528 1.350956e-03 7.251676e-02
529 1.452891e-03 1.335881e-01
530 4.712057e-04 3.141684e-02
531 3.277257e-09 1.574096e-03
532 3.839142e-06 9.582595e-03
533 1.176591e-06 2.726648e-03
534 6.246153e-05 8.755447e-02
535 4.417849e-04 2.405418e-01
536 2.547202e-04 4.618172e-02
537 7.697905e-04 2.594945e-01
538 4.153612e-05 9.475965e-02
539 8.171035e-05 5.237724e-02
540 8.491376e-06 2.812440e-02
541 3.034471e-03 5.482568e-01
542 2.984383e-05 1.099243e-02
543 2.042942e-05 4.034493e-03
544 1.134151e-04 6.575078e-02
545 2.099249e-06 9.492037e-03
546 1.524459e-05 1.429124e-02
547 4.798173e-05 4.712715e-02
548 2.131906e-04 1.824322e-02
549 2.801401e-05 2.864572e-02
550 1.772159e-08 5.837227e-03
551 8.190365e-05 1.164117e-02
552 1.138725e-06 2.634700e-03
553 5.496384e-06 7.212837e-03
554 1.839741e-08 3.019741e-03
555 1.696549e-05 6.969201e-02
556 1.014923e-05 7.354861e-03
557 1.267454e-04 7.228116e-02
558 1.514127e-06 8.139264e-03
559 9.883483e-05 4.475630e-02
560 3.483308e-07 3.347518e-03
561 1.229516e-05 3.289022e-02
562 2.166925e-06 1.729856e-03
563 5.699786e-03 1.176967e+00
564 2.716600e-03 6.236942e-01
565 3.081175e-06 3.522301e-03
566 3.609671e-05 1.847518e-02
567 4.460204e-05 4.806971e-02
568 2.334659e-04 8.617098e-02
569 1.097578e-05 9.839443e-03
570 4.967640e-05 4.743015e-02
571 5.071529e-04 4.843248e-02
572 2.624711e-04 5.710150e-02
573 2.089762e-04 7.334911e-02
574 4.421817e-06 5.314309e-03
575 1.128161e-06 4.038185e-03
576 8.663824e-06 9.035563e-03
577 8.287197e-08 2.686752e-03
578 1.635180e-06 3.841601e-03
579 1.590532e-04 1.700162e-02
580 3.304861e-06 5.922632e-03
581 3.110495e-04 7.413770e-02
582 7.485695e-06 1.500732e-02
583 6.346047e-04 4.368687e-01
584 3.722375e-04 6.852759e-02
585 3.237157e-05 4.371225e-02
586 4.683393e-04 6.120393e-02
587 2.385904e-05 1.200978e-02
588 5.603165e-05 5.595878e-02
589 4.326379e-04 2.107927e-02
590 1.698931e-06 1.223711e-02
591 7.428494e-06 2.638580e-02
592 4.485069e-03 4.585887e-01
593 5.964811e-06 9.126752e-03
594 1.209768e-04 8.262479e-02
595 1.387957e-06 5.493954e-03
596 2.764640e-07 1.368341e-03
597 9.086049e-07 2.230215e-03
598 8.204907e-05 3.872141e-02
599 1.897782e-05 1.603852e-02
600 4.788819e-06 4.704169e-03
601 2.211108e-06 4.187554e-03
602 5.527259e-05 2.159748e-02
603 1.594507e-04 2.779020e-02
604 2.128240e-07 2.060918e-03
605 1.395361e-03 1.120494e-01
606 9.191826e-04 4.024219e-02
607 1.064818e-06 5.188434e-03
608 1.021847e-04 1.348976e-02
609 9.999545e-06 1.410987e-02
610 1.898695e-05 1.512824e-02
611 5.226220e-07 2.519217e-03
612 1.247127e-05 3.483760e-02
613 1.108269e-07 5.330836e-03
614 2.519004e-06 5.412706e-03
615 5.911757e-08 5.939779e-03
616 2.659390e-04 2.737067e-02
617 1.534230e-06 1.371047e-02
618 1.885449e-07 8.380203e-03
619 9.355366e-06 6.400712e-03
620 5.132356e-07 3.832433e-03
621 1.000719e-06 3.379384e-03
622 1.581607e-03 1.631955e-01
623 2.426148e-05 1.516214e-02
624 1.603195e-06 4.275830e-03
625 2.878679e-06 1.170441e-02
626 2.304620e-06 6.229485e-03
627 2.057456e-06 3.598196e-03
628 9.884579e-05 2.681461e-02
629 1.705246e-06 1.996539e-03
630 4.729938e-05 1.198759e-02
631 1.177984e-05 1.076489e-02
632 1.674315e-07 1.254130e-03
633 4.706320e-04 2.748261e-01
634 1.515123e-05 2.118613e-02
635 3.954440e-06 8.619350e-03
636 1.525834e-06 2.098024e-02
637 1.609333e-06 1.153513e-02
638 2.240147e-07 2.173117e-03
639 1.035441e-07 1.578943e-03
640 2.214292e-07 2.433440e-03
641 1.455156e-07 1.522277e-03
642 4.135764e-06 5.316671e-03
643 6.237194e-05 7.713477e-02
644 5.463738e-04 9.112897e-02
645 1.330276e-04 3.667720e-02
646 1.863461e-06 1.406627e-02
647 9.894194e-06 5.648212e-03
648 4.864136e-05 3.228728e-02
649 2.121856e-03 3.572194e-01
650 6.400533e-06 4.592054e-03
651 9.784570e-07 8.410265e-03
652 3.031389e-04 4.284598e-02
653 2.361551e-07 4.773287e-03
654 4.060211e-06 4.749307e-03
655 5.956801e-06 8.967085e-03
656 9.233474e-07 2.784323e-03
657 1.564578e-04 2.386730e-02
658 8.158950e-04 8.107692e-02
659 1.796454e-05 1.564085e-02
660 1.938549e-04 1.010591e-01
661 1.539570e-06 5.478705e-03
662 1.048732e-03 1.348187e-01
663 3.347064e-03 6.514191e-01
664 4.445740e-05 4.696272e-02
665 3.816532e-06 9.086767e-03
666 2.880030e-05 1.204826e-02
667 1.002454e-04 1.048607e-02
668 1.343344e-03 1.337755e-01
669 1.167620e-03 1.018997e-01
670 2.234369e-07 9.329525e-03
671 1.737497e-05 1.891983e-02
672 7.422335e-06 2.473423e-02
673 1.638193e-05 1.021002e-02
674 5.404989e-07 2.075099e-03
675 1.233107e-04 1.300725e-01
676 3.368997e-06 5.473167e-03
677 1.393409e-09 1.338855e-03
678 1.421363e-05 5.884239e-03
679 3.547592e-04 1.225609e-01
680 4.833752e-04 3.709527e-02
681 3.642785e-04 6.109537e-02
682 4.599524e-05 1.038625e-02
683 6.898687e-06 2.994322e-02
684 2.795383e-05 1.774152e-02
685 6.642410e-08 2.169251e-03
686 1.152788e-05 1.818514e-02
687 1.919852e-03 3.863009e-01
688 9.580043e-06 2.388110e-02
689 5.703590e-06 1.014548e-02
690 9.063980e-08 2.009890e-03
691 5.348664e-04 8.842396e-02
692 1.276286e-06 2.864831e-03
693 1.292209e-05 1.954333e-02
694 2.435440e-04 6.678962e-02
695 4.707498e-04 2.116085e-01
696 1.285128e-03 5.015308e-01
697 5.640769e-06 7.719999e-03
698 2.150748e-04 1.267941e-01
699 9.549271e-08 1.529118e-03
700 5.352514e-05 4.130524e-02
701 7.790166e-05 1.773386e-02
702 1.119414e-07 1.232530e-03
703 2.389806e-07 4.002680e-03
704 2.121696e-09 1.311490e-03
705 2.388925e-03 1.023510e-01
706 4.890673e-07 1.717425e-03
707 3.225889e-04 4.530727e-02
708 2.546540e-09 4.995797e-03
709 1.014532e-08 2.939113e-03
710 5.137132e-07 6.186848e-03
711 2.156471e-08 1.204287e-03
712 3.159637e-06 4.653291e-03
713 3.094996e-07 6.412019e-03
714 2.569273e-08 2.450013e-03
715 1.123146e-05 1.404042e-02
716 1.349035e-04 1.765769e-02
717 7.707706e-07 5.290488e-03
718 1.230305e-09 2.642212e-03
719 1.878064e-03 3.251961e-01
720 1.196873e-09 1.188241e-03
721 3.925463e-05 5.547191e-03
722 1.278554e-08 2.732365e-03
723 1.897362e-06 1.612548e-02
724 1.246956e-06 3.398333e-03
725 9.921392e-09 1.464236e-03
726 1.196175e-04 3.789918e-02
727 9.447739e-08 4.368841e-03
728 4.384992e-06 7.741582e-03
729 2.007889e-07 7.303345e-03
730 6.907269e-07 2.730541e-03
731 2.253754e-04 7.536576e-02
732 1.095319e-09 1.364452e-03
733 2.251392e-11 9.157495e-04
734 4.398128e-07 2.957116e-03
735 1.341163e-07 3.387454e-03
736 1.470480e-05 1.532166e-02
737 6.054430e-09 1.363292e-03
738 2.609780e-04 7.945206e-02
739 1.354257e-07 3.506043e-03
740 2.707286e-04 2.325593e-02
741 2.674438e-06 8.386869e-03
742 1.077662e-04 1.867793e-02
743 3.108041e-03 4.693443e-01
744 2.056186e-08 2.638112e-03
745 2.437115e-07 2.523557e-03
746 9.446827e-06 1.235880e-02
747 3.532207e-04 2.500872e-02
748 9.356760e-04 6.019615e-02
749 2.210620e-04 1.687766e-01
750 3.222842e-06 6.744643e-03
751 1.116330e-05 1.169597e-02
752 3.434331e-07 1.953072e-03
753 9.598036e-08 2.981824e-03
754 3.080849e-04 9.036944e-02
755 6.927147e-05 1.926372e-02
756 1.582788e-04 2.619767e-02
757 4.631938e-08 1.516633e-03
758 4.340302e-05 1.692260e-02
759 6.544758e-05 1.789222e-02
760 6.123227e-07 2.255718e-03
761 9.985287e-05 1.721756e-02
762 7.415820e-05 1.441104e-02
763 4.461206e-08 1.964485e-03
764 2.130449e-06 9.792282e-03
765 4.613798e-09 1.044126e-02
766 8.913700e-07 5.413596e-03
767 5.930574e-06 5.807026e-03
768 1.502853e-04 1.676005e-02
769 3.586230e-06 7.112221e-03
770 2.033136e-04 5.139000e-02
771 3.060226e-06 3.717344e-03
772 2.719064e-09 1.550002e-03
773 2.291077e-07 1.603308e-02
774 2.550354e-07 1.948013e-03
775 2.034189e-05 7.350752e-02
776 2.132302e-04 5.402449e-02
777 7.093134e-05 2.700117e-02
778 6.866906e-06 2.173738e-02
779 1.307923e-03 9.656453e-02
780 4.679138e-05 1.182474e-02
781 4.013121e-04 3.349733e-02
782 1.496922e-05 3.893144e-03
783 3.338447e-05 8.534794e-03
784 2.827741e-06 6.045024e-03
785 3.492375e-04 2.625713e-02
786 4.376763e-05 2.097919e-02
787 8.743956e-05 1.755799e-02
788 5.771325e-05 1.933342e-02
789 1.628248e-08 1.347876e-03
790 7.161123e-04 1.230502e-01
791 1.245874e-04 1.198404e-02
792 2.752295e-06 4.701638e-03
793 2.301105e-05 8.865424e-03
794 5.743992e-06 4.897347e-03
795 4.361335e-04 5.220967e-01
796 1.271258e-07 3.130494e-03
797 1.085382e-03 1.922376e-01
798 1.272254e-03 3.130619e-01
799 5.495654e-06 4.025799e-03
800 1.632425e-04 3.350995e-02
801 1.194482e-06 4.117928e-03
802 8.226666e-05 3.914989e-02
803 3.294409e-04 8.526892e-02
804 1.481371e-05 1.554257e-02
805 4.148514e-07 4.015937e-03
806 1.660645e-03 1.461316e-01
807 2.501879e-05 5.305981e-02
808 3.271870e-06 3.624643e-03
809 2.127179e-04 2.315130e-01
810 5.251851e-05 9.525891e-03
811 1.406386e-05 2.637984e-02
812 1.069376e-06 6.830344e-03
813 3.535859e-06 5.758229e-03
814 1.037001e-05 9.936124e-03
815 1.221895e-05 2.536463e-02
816 2.618485e-04 1.154019e-01
817 2.946212e-03 4.253638e-01
818 7.003277e-07 3.567419e-03
819 1.026436e-04 9.370963e-02
820 2.416557e-04 4.139957e-02
821 2.173171e-05 2.612527e-02
822 1.411169e-07 3.558090e-03
823 3.653746e-06 9.342620e-03
824 8.102336e-06 2.585108e-02
825 1.059863e-05 2.613105e-02
826 8.325399e-06 7.812301e-03
827 1.087035e-05 4.968489e-03
828 5.281079e-05 3.164196e-02
829 1.895440e-05 1.394056e-02
830 2.622173e-03 1.938107e-01
831 3.614382e-05 9.646990e-03
832 1.567548e-05 7.150583e-03
833 1.917219e-05 2.131462e-02
834 1.476065e-05 2.124465e-02
835 3.820030e-07 2.252091e-03
836 1.322926e-08 1.026190e-03
837 1.034420e-05 1.471835e-02
838 4.246326e-05 4.787196e-03
839 2.414726e-06 1.496551e-02
840 2.692206e-05 3.540820e-02
841 8.212943e-05 2.792300e-02
842 1.093674e-03 3.141434e-01
843 6.534996e-05 2.387984e-02
844 1.428735e-05 3.537454e-02
845 3.109821e-06 3.254393e-02
846 3.516973e-04 2.935179e-02
847 1.008564e-04 1.462511e-02
848 5.777336e-04 8.786647e-02
849 6.526084e-07 5.735432e-03
850 3.785486e-03 7.457311e-01
851 2.686553e-05 1.305396e-02
852 3.339962e-04 1.821591e-01
853 9.140585e-04 2.094570e-01
854 1.594379e-04 7.537731e-02
855 4.094159e-04 1.480218e-01
856 1.258992e-04 3.457856e-02
857 1.476045e-03 2.125384e-01
858 1.525951e-05 1.979776e-02
859 8.174973e-08 3.863736e-03
860 3.267419e-05 3.826126e-02
861 2.380513e-08 1.639495e-03
862 4.833609e-05 1.929530e-02
863 8.015179e-04 6.097478e-02
864 8.636700e-06 7.550244e-03
865 1.458168e-04 7.557642e-02
866 1.711655e-04 1.366734e-01
867 3.637146e-03 4.798531e-01
868 6.025586e-06 6.360038e-03
869 7.088097e-06 3.238194e-02
870 7.537017e-05 4.158600e-02
871 5.463276e-06 2.661657e-02
872 1.026606e-03 2.207123e-01
873 1.561433e-05 6.882856e-02
874 1.883653e-03 1.709223e-01
875 1.430508e-05 5.789299e-03
876 1.189084e-09 1.062611e-03
877 3.148323e-07 9.352843e-03
878 2.624841e-03 2.410779e-01
879 2.661795e-04 7.256973e-02
880 1.044043e-05 1.026223e-02
881 3.952964e-08 2.290287e-03
882 1.830963e-04 5.793121e-02
883 1.309517e-03 4.345486e-01
884 2.445696e-04 7.153064e-02
885 2.072593e-04 6.521940e-02
886 4.116528e-07 7.840595e-03
887 1.155806e-06 1.327524e-02
888 3.476883e-06 1.243423e-02
889 1.977585e-06 2.287997e-02
890 1.456701e-06 2.315832e-02
891 2.265773e-03 2.195500e-01
892 3.024012e-07 2.854060e-03
893 1.196843e-04 3.736834e-02
894 7.897143e-06 6.274200e-03
895 2.443943e-04 7.171896e-02
896 4.396737e-06 5.442707e-02
897 2.866302e-04 6.272303e-02
898 1.080013e-05 8.481479e-03
899 7.592179e-06 1.400931e-02
900 4.252803e-06 1.612073e-02
901 1.401147e-04 7.538169e-02
902 9.267540e-07 2.111754e-03
903 2.637444e-05 3.313989e-02
904 3.054655e-07 2.106594e-02
905 6.308574e-08 6.661409e-03
906 6.111664e-07 8.183328e-03
907 9.013897e-08 2.062174e-03
908 1.912088e-07 8.977561e-03
909 1.305397e-05 2.559073e-02
910 6.346925e-06 2.662495e-02
911 1.838401e-07 2.114889e-02
912 3.309433e-06 1.035721e-02
913 3.481190e-07 3.393552e-03
914 3.794161e-07 7.507232e-03
915 4.284658e-04 5.684306e-02
916 2.926302e-08 2.826906e-03
917 2.838758e-08 2.391595e-03
918 1.652948e-07 2.636597e-03
919 5.691984e-05 1.604773e-01
920 4.588253e-08 6.483412e-03
921 3.516170e-06 3.746469e-03
922 2.071675e-06 1.623318e-02
923 2.198742e-08 5.131940e-03
924 8.498838e-04 2.062989e-01
925 1.896440e-04 5.647915e-02
926 1.187407e-04 3.625831e-02
927 9.262757e-05 1.185030e-01
928 4.911462e-06 4.327317e-02
929 2.100264e-04 1.206703e-01
930 4.838163e-05 3.665510e-02
931 1.487151e-05 1.203075e-02
932 3.575456e-05 4.207462e-02
933 4.485286e-08 2.971492e-03
934 1.218112e-05 8.314756e-03
935 4.255561e-07 3.563717e-03
936 1.021693e-05 2.717432e-02
937 2.791337e-08 5.815337e-03
938 2.886321e-08 2.374942e-03
939 3.493701e-06 9.932425e-03
940 8.239256e-05 9.221195e-02
941 1.028929e-07 3.328471e-03
942 1.354066e-04 1.242950e-01
943 6.804913e-05 2.137846e-02
944 2.153347e-10 1.972715e-03
945 3.443621e-05 2.265198e-02
946 2.219561e-08 2.222673e-03
947 1.156969e-05 1.884624e-02
948 4.017745e-08 1.518679e-03
949 1.033103e-05 1.707244e-02
950 1.504570e-04 8.228848e-02
951 1.989756e-07 3.012861e-02
952 2.775358e-05 3.875233e-02
953 5.404966e-09 2.418377e-03
954 3.518893e-05 3.525206e-02
955 4.664361e-06 4.255679e-03
956 3.545716e-05 1.690273e-02
957 6.106057e-05 2.808350e-02
958 1.166133e-04 2.673774e-02
959 1.533989e-05 2.030324e-02
960 3.713320e-08 2.434005e-03
961 1.296672e-07 9.512916e-03
962 2.763218e-07 1.075091e-02
963 2.592358e-07 3.519135e-03
964 9.075116e-07 1.919615e-03
965 5.360109e-04 7.002263e-02
966 5.301318e-05 1.145079e-02
967 1.412666e-06 7.843979e-03
968 3.185965e-04 3.361872e-02
969 7.242780e-04 8.219356e-02
970 1.511725e-05 1.765003e-02
971 4.026259e-06 7.328912e-03
972 5.506456e-05 3.630057e-02
973 6.639768e-06 8.076044e-03
974 3.347541e-05 7.267332e-03
975 1.310349e-04 8.474759e-02
976 1.557442e-04 2.588010e-01
977 1.612917e-05 1.172342e-02
978 9.939603e-06 2.358301e-02
979 2.315072e-07 2.915147e-03
980 7.200468e-06 2.062997e-02
981 8.872273e-05 1.913757e-02
982 4.333162e-07 1.383547e-03
983 5.455734e-07 3.793328e-03
984 1.997900e-05 1.946540e-02
985 6.029674e-05 5.950993e-02
986 1.594924e-03 2.966925e-01
987 5.255843e-07 6.181812e-03
988 7.518263e-08 2.064818e-03
989 3.336196e-04 3.763477e-02
990 3.340841e-07 2.255895e-03
991 1.383339e-03 4.225337e-01
992 4.443546e-06 6.599249e-03
993 7.002929e-06 9.302824e-03
994 7.146949e-10 1.343342e-03
995 4.540539e-06 1.499673e-02
996 3.048755e-03 4.116601e-01
997 3.518585e-06 7.752783e-03
998 1.628551e-06 3.739849e-03
999 9.825118e-05 2.262822e-02
1000 1.189302e-09 1.344508e-03
1001 2.009566e-06 8.935367e-03
1002 8.856001e-05 9.249319e-02
1003 5.752151e-05 2.004398e-02
1004 3.568972e-05 3.483696e-02
1005 2.795175e-06 2.147990e-03
1006 1.264488e-04 1.282644e-01
1007 2.751262e-07 3.006077e-03
1008 2.314435e-04 2.041854e-02
1009 1.092907e-06 1.992033e-03
1010 6.379702e-05 1.792224e-02
1011 3.527891e-07 1.728315e-02
1012 2.016475e-04 2.467618e-01
1013 6.221932e-06 1.203192e-02
1014 1.185679e-05 8.032193e-03
1015 5.553533e-05 3.131307e-02
1016 3.680523e-05 1.370916e-02
1017 1.251352e-03 2.665172e-01
1018 5.458210e-05 9.550038e-02
1019 6.624479e-09 1.929497e-03
1020 4.048885e-07 1.102994e-02
1021 8.619853e-06 1.371312e-02
1022 1.116650e-08 1.414593e-03
1023 1.150690e-05 1.739204e-02
1024 4.761240e-05 1.047940e-02
1025 1.733227e-08 1.527017e-03
1026 2.707714e-09 1.937736e-03
1027 2.242820e-05 9.842513e-03
1028 7.234791e-05 9.193661e-02
1029 1.858325e-06 5.996577e-03
1030 8.662410e-07 3.050004e-03
1031 1.460056e-05 9.671903e-03
1032 2.432827e-03 2.806993e-01
1033 6.714095e-08 1.551200e-03
1034 1.223661e-04 2.598086e-02
1035 5.321061e-05 1.369463e-02
1036 7.702680e-04 1.229601e-01
1037 5.675232e-08 3.021451e-03
1038 7.882970e-07 3.036600e-03
1039 1.533905e-05 8.999192e-03
1040 1.408081e-07 3.092141e-03
1041 6.109816e-04 2.433948e-01
1042 6.521231e-06 7.594623e-03
1043 1.714483e-08 1.239010e-03
1044 6.849276e-07 3.526209e-03
1045 2.804658e-08 2.384539e-03
1046 2.548458e-10 1.277345e-03
1047 1.893775e-08 1.279193e-03
1048 4.432870e-07 4.684350e-03
1049 7.056446e-08 1.163033e-03
1050 3.203761e-03 6.238256e-01
1051 1.791777e-04 4.402765e-02
1052 3.149820e-06 2.811478e-03
1053 7.173822e-06 8.799626e-03
1054 3.982457e-08 1.867391e-03
1055 1.106414e-08 1.156579e-03
1056 1.760868e-06 8.723405e-03
1057 9.594914e-06 1.269531e-02
1058 1.390836e-07 1.560374e-03
1059 2.047449e-04 5.061861e-02
1060 2.872795e-08 1.475473e-03
1061 2.230480e-06 2.863250e-03
1062 5.550912e-09 1.140367e-03
1063 9.641977e-06 2.494925e-02
1064 9.505815e-05 4.869230e-02
1065 8.776836e-09 1.807868e-03
1066 1.425696e-08 1.187608e-03
1067 1.079200e-05 1.323940e-02
1068 1.105640e-06 1.784215e-03
1069 3.467082e-06 2.859025e-03
1070 2.686988e-08 1.191991e-03
1071 3.762222e-06 1.884311e-03
1072 4.351522e-07 2.540643e-03
1073 1.683385e-07 1.340094e-03
1074 6.197135e-08 1.904746e-03
1075 9.231592e-07 3.720586e-03
1076 2.311392e-06 4.069179e-03
1077 8.652853e-07 5.279261e-03
1078 1.539647e-05 1.287300e-02
1079 1.153492e-06 4.474809e-03
1080 1.447082e-04 5.243812e-02
1081 7.138934e-06 5.018747e-02
1082 3.054283e-06 3.608289e-03
1083 5.329067e-06 4.779630e-03
1084 2.771956e-08 1.204506e-03
1085 1.143600e-06 1.796476e-03
1086 8.021018e-07 2.983178e-03
1087 1.040231e-07 1.386292e-03
1088 8.820772e-06 7.286588e-03
1089 4.843729e-07 1.355561e-03
1090 7.028917e-09 1.203890e-03
1091 1.563674e-07 1.659887e-03
1092 3.402525e-06 2.198840e-03
1093 8.782070e-06 2.318424e-02
1094 5.320747e-05 1.374566e-02
1095 7.104921e-07 2.972608e-03
1096 1.566876e-04 3.081313e-02
1097 3.206360e-05 5.150235e-02
1098 1.442412e-06 8.012004e-03
1099 1.831810e-08 3.597034e-03
1100 1.841350e-09 1.118635e-03
1101 4.141441e-06 2.418700e-02
1102 4.367376e-06 1.189080e-02
1103 6.318059e-07 3.854109e-03
1104 2.219309e-05 2.840816e-02
1105 4.448033e-08 2.107908e-03
1106 2.859009e-03 3.108399e-01
1107 6.339680e-07 2.602230e-03
1108 3.049263e-06 8.159934e-03
1109 1.374051e-09 1.817694e-03
1110 6.530669e-07 1.038646e-02
1111 2.931085e-07 2.187308e-03
1112 1.230569e-09 1.790165e-03
1113 4.557013e-06 1.436832e-02
1114 3.977061e-05 1.740735e-02
1115 6.886480e-04 1.558352e-01
1116 3.590225e-09 1.968454e-03
1117 6.208539e-04 2.024186e-01
1118 2.767130e-06 5.002850e-03
1119 8.452926e-06 2.956698e-02
1120 5.255719e-05 6.709278e-02
1121 5.746232e-05 8.485350e-03
1122 1.516223e-05 2.003084e-02
1123 2.953955e-06 3.657897e-03
1124 7.430185e-06 1.433751e-02
1125 9.772631e-06 4.365662e-03
1126 7.876753e-07 6.899464e-03
1127 4.445045e-07 4.345792e-03
1128 1.716138e-05 4.074648e-02
1129 4.719218e-06 8.378519e-03
1130 1.809916e-06 1.224939e-02
1131 9.924341e-05 7.188964e-02
1132 3.987279e-05 1.175110e-02
1133 5.043685e-07 2.184553e-03
1134 2.507942e-04 7.022719e-02
1135 5.442552e-05 1.484313e-02
1136 5.084212e-04 8.671004e-02
1137 1.582048e-06 2.225009e-02
1138 2.233201e-08 1.865376e-03
1139 1.359834e-05 6.387243e-03
1140 1.509452e-09 2.155786e-03
1141 4.464849e-06 5.397473e-03
1142 2.797373e-04 6.281573e-02
1143 5.500251e-06 7.785110e-02
1144 1.513694e-08 6.471471e-03
1145 4.316995e-06 2.420030e-02
1146 1.698823e-03 4.444923e-01
1147 6.927420e-05 6.007733e-02
1148 1.007428e-07 2.416954e-03
1149 7.116727e-04 1.264309e-01
1150 7.962944e-09 2.359783e-03
1151 1.451747e-03 1.192289e-01
1152 4.407462e-04 9.091524e-02
1153 4.547133e-06 5.981182e-03
1154 6.659023e-09 1.933395e-03
1155 7.078312e-04 3.091335e-01
1156 9.874904e-07 2.716828e-03
1157 1.256788e-04 4.531522e-02
1158 7.662912e-06 5.561604e-03
1159 5.336798e-09 1.511261e-03
1160 1.345063e-06 2.915493e-03
1161 3.043862e-06 1.965336e-02
1162 2.649672e-04 2.248234e-01
1163 7.505827e-05 1.225326e-02
1164 1.189544e-05 5.557879e-02
1165 1.118439e-03 4.756152e-01
1166 4.166816e-04 4.270653e-02
1167 1.147143e-05 1.098551e-01
1168 1.060773e-04 4.070877e-02
1169 1.508573e-07 8.006571e-03
1170 1.438800e-06 6.085396e-03
1171 2.192249e-06 9.937458e-03
1172 2.533348e-05 8.272446e-02
1173 4.946291e-09 1.101127e-03
1174 5.338545e-04 2.610943e-01
1175 2.581157e-05 2.504802e-02
1176 6.506149e-09 1.778720e-03
1177 4.188965e-04 1.089910e-01
1178 6.268227e-04 2.868293e-01
1179 2.868047e-04 2.664846e-02
1180 1.091222e-05 8.163810e-03
1181 1.458796e-06 1.923380e-03
1182 5.214338e-06 8.547727e-03
1183 6.727534e-04 1.422841e-01
1184 1.979526e-04 3.978094e-02
1185 8.045848e-07 1.081193e-02
1186 7.217903e-04 8.764090e-02
1187 2.394518e-04 6.623934e-02
1188 1.301747e-06 2.119659e-03
1189 2.475912e-07 2.569707e-03
1190 1.637697e-09 1.991165e-03
1191 3.012673e-06 2.819468e-03
1192 3.812407e-05 1.186105e-01
1193 4.655256e-08 3.227876e-03
1194 1.485207e-05 2.597823e-02
1195 1.189631e-03 1.961755e-01
1196 9.439904e-07 5.317039e-03
1197 1.762431e-07 3.505550e-03
1198 1.453275e-06 2.368671e-03
1199 4.722577e-04 1.861609e-01
1200 5.238675e-04 1.640685e-01
1201 2.436571e-09 1.124616e-03
1202 5.980684e-05 2.125802e-02
1203 3.215925e-05 3.678176e-02
1204 8.614790e-06 6.821845e-03
1205 3.537671e-09 1.941446e-03
1206 1.914525e-04 9.432156e-02
1207 1.276033e-05 5.201048e-03
1208 1.216381e-05 5.687254e-03
1209 7.893883e-04 7.960016e-02
1210 1.026527e-04 5.054247e-02
1211 4.524432e-04 3.738850e-02
1212 3.374208e-07 3.732849e-03
1213 1.737294e-07 4.981701e-03
1214 9.641499e-05 1.183405e-02
1215 9.436911e-08 2.613141e-03
1216 6.854526e-08 2.218632e-03
1217 7.114932e-06 2.755946e-02
1218 2.428651e-06 5.376484e-03
1219 1.593018e-05 1.258652e-02
1220 2.280999e-05 2.333326e-02
1221 1.690743e-04 2.860599e-02
1222 5.009468e-06 2.333313e-02
1223 1.162312e-04 3.835021e-02
1224 1.308702e-05 9.011161e-03
1225 1.834690e-06 2.878877e-03
1226 4.417230e-07 1.823864e-03
1227 2.366576e-05 5.983923e-03
1228 1.339021e-04 1.800442e-02
1229 2.728450e-04 3.512462e-02
1230 4.815392e-07 7.463463e-03
1231 6.916627e-06 3.831441e-02
1232 1.673616e-08 5.677050e-03
1233 2.749976e-05 2.298950e-02
1234 6.209603e-08 7.613569e-03
1235 4.392595e-05 5.168855e-02
1236 9.928624e-07 4.685605e-03
1237 5.098020e-04 1.501464e-01
1238 9.314853e-06 1.364309e-02
1239 1.929879e-06 6.802663e-03
1240 3.000277e-06 4.037938e-03
1241 2.958527e-05 7.350690e-03
1242 2.258922e-03 2.554461e-01
1243 5.732173e-04 8.325162e-02
1244 5.725542e-07 3.582933e-03
1245 8.240387e-06 6.735808e-03
1246 5.440485e-09 2.013399e-03
1247 2.112919e-04 1.178832e-02
1248 1.095568e-04 5.500737e-02
1249 2.501694e-08 9.776242e-03
1250 1.539118e-07 6.194599e-03
1251 1.160632e-06 1.420274e-02
1252 7.546179e-06 5.435633e-03
1253 7.988213e-04 2.599488e-01
1254 3.059179e-07 5.347736e-03
1255 3.116792e-06 2.138529e-02
1256 3.221034e-05 5.086085e-03
1257 1.584840e-04 8.658964e-02
1258 1.698003e-07 4.832248e-03
1259 6.882242e-04 6.722973e-02
1260 1.295593e-04 2.679155e-01
1261 3.736712e-06 5.520439e-03
1262 2.408928e-05 2.104395e-02
1263 3.149922e-05 4.866675e-02
1264 6.332028e-06 3.161477e-02
1265 2.493950e-05 1.030758e-02
1266 9.565428e-06 3.475249e-02
1267 2.678318e-06 1.755501e-02
1268 2.718424e-06 9.080100e-03
1269 1.036767e-04 1.645149e-02
1270 5.139380e-03 7.235910e-01
1271 1.439056e-03 2.165755e-01
1272 2.112948e-08 1.266831e-03
1273 1.623425e-04 4.500564e-02
1274 1.528448e-05 1.858356e-02
1275 1.212429e-04 4.981403e-02
1276 1.392935e-03 2.132034e-01
1277 5.017996e-04 1.745928e-01
1278 1.510982e-03 2.649775e-01
1279 3.029510e-06 2.425844e-03
1280 3.366043e-04 1.484705e-01
1281 9.957935e-06 6.581041e-03
1282 3.471923e-04 4.302393e-02
1283 4.525710e-06 2.072954e-02
1284 6.367488e-06 4.582022e-03
1285 7.364310e-04 1.075644e-01
1286 2.280652e-08 3.200796e-03
1287 9.717379e-05 3.330267e-02
1288 1.178263e-04 3.429317e-02
1289 2.818714e-05 1.339758e-02
1290 1.311671e-05 2.921731e-02
1291 1.203192e-04 1.565863e-02
1292 4.412865e-04 3.547084e-01
1293 9.527910e-08 3.327502e-03
1294 7.153986e-07 5.738769e-03
1295 1.095135e-06 3.322314e-03
1296 3.943731e-06 1.289273e-02
1297 9.593138e-05 5.595558e-02
1298 1.995661e-05 1.362713e-02
1299 5.614970e-05 7.460792e-03
1300 2.241223e-07 2.817289e-03
1301 9.065792e-07 3.099204e-03
1302 4.000555e-04 5.325692e-02
1303 1.226380e-05 8.309690e-03
1304 1.342367e-05 8.219890e-03
1305 3.530372e-04 4.686232e-02
1306 2.039715e-04 2.467450e-02
1307 1.504146e-05 6.581252e-03
1308 1.155039e-07 2.540885e-03
1309 1.995688e-04 4.802194e-02
1310 3.287563e-09 1.448098e-03
1311 2.742339e-03 4.452420e-01
1312 3.892369e-04 1.361615e-01
1313 1.371980e-07 1.731623e-03
1314 2.728500e-06 8.442218e-03
1315 1.887480e-06 3.181149e-03
1316 3.380287e-07 2.187125e-03
1317 2.063659e-09 1.374721e-03
1318 1.233737e-04 4.987995e-02
1319 1.023806e-03 3.275784e-01
1320 1.719600e-06 3.881418e-03
1321 8.052294e-06 1.326767e-02
1322 2.829629e-09 1.135235e-03
1323 5.826399e-07 2.219386e-03
1324 1.125228e-03 9.879450e-02
1325 3.881167e-06 9.704118e-03
1326 5.198646e-05 6.310882e-03
1327 3.701101e-05 2.448519e-02
1328 3.746856e-07 2.662584e-03
1329 4.386964e-05 2.200254e-02
1330 5.072313e-06 8.115426e-03
1331 1.756465e-07 2.117463e-03
1332 9.344159e-08 1.443671e-03
1333 8.106000e-05 1.898373e-02
1334 2.689243e-05 1.246300e-02
1335 1.608622e-06 1.168050e-02
1336 3.093023e-05 6.654114e-03
1337 1.141453e-03 6.846109e-02
1338 2.447733e-06 7.212753e-03
1339 1.143752e-03 1.571879e-01
1340 2.464333e-05 1.319184e-02
1341 6.381088e-04 2.911949e-01
1342 9.221445e-08 2.466682e-03
1343 5.148908e-07 2.151351e-03
1344 1.342098e-06 3.388907e-03
1345 1.583024e-05 1.452101e-02
1346 1.862481e-05 2.806059e-02
1347 5.472922e-08 1.353043e-03
1348 2.658457e-04 3.539570e-02
1349 2.044295e-04 1.185572e-01
1350 1.996034e-05 1.122340e-02
1351 2.239568e-04 2.131086e-02
1352 5.405395e-05 1.054493e-02
1353 5.820268e-06 1.061627e-02
1354 3.782446e-07 4.936500e-03
1355 3.779150e-06 9.198223e-03
1356 1.064523e-05 2.660292e-02
1357 4.555027e-07 6.044633e-03
1358 1.421047e-05 6.461387e-03
1359 1.344521e-07 2.047344e-03
1360 5.640386e-07 4.114539e-03
1361 5.304256e-05 1.192608e-02
1362 8.237214e-04 9.310854e-02
1363 2.498304e-06 5.985300e-03
1364 1.684479e-04 3.553479e-02
1365 3.897637e-07 4.503351e-03
1366 3.907246e-06 4.396200e-03
1367 1.600326e-07 1.738920e-03
1368 2.673718e-04 4.920435e-02
1369 5.110143e-09 2.457449e-03
1370 2.728196e-08 1.642908e-03
1371 1.932947e-04 3.618649e-02
1372 3.931024e-07 4.178768e-03
1373 4.392489e-05 6.410586e-03
1374 4.790149e-07 3.361017e-03
1375 4.221915e-05 9.821527e-03
1376 5.104673e-04 5.260120e-01
1377 6.656396e-06 9.532029e-03
1378 1.160006e-07 1.428975e-03
1379 1.602172e-05 4.368032e-03
1380 1.517569e-03 2.981229e-01
1381 2.950200e-06 3.242587e-03
1382 3.842349e-07 1.268850e-03
1383 1.937918e-05 2.051283e-02
1384 6.429373e-07 4.598829e-03
1385 6.055402e-07 4.459215e-03
1386 3.621407e-06 5.649778e-03
1387 2.753253e-04 1.748741e-02
1388 1.111571e-05 6.988182e-03
1389 6.130515e-07 3.224328e-03
1390 3.701826e-07 3.075817e-03
1391 3.307712e-06 8.957623e-03
1392 2.949844e-07 1.992286e-03
1393 8.954690e-08 7.644958e-03
1394 9.431573e-07 6.363214e-03
1395 8.905783e-05 4.171651e-02
1396 8.660518e-05 3.374951e-02
1397 8.312548e-07 3.122676e-03
1398 3.002329e-05 1.888795e-02
1399 6.742517e-05 2.348871e-02
1400 4.078636e-07 4.658660e-03
1401 1.807160e-04 8.209702e-02
1402 1.391645e-06 4.497165e-03
1403 6.134769e-06 5.246960e-03
1404 2.546076e-07 2.378297e-03
1405 2.751597e-06 4.059167e-03
1406 6.048010e-05 1.480271e-02
1407 1.182419e-07 2.741039e-03
1408 1.049834e-03 3.907212e-01
1409 7.740995e-06 4.945308e-02
1410 4.209144e-06 1.094865e-02
1411 2.701309e-05 1.150130e-02
1412 2.670031e-08 4.383788e-03
1413 1.668519e-10 1.143510e-03
1414 9.201630e-08 2.432241e-03
1415 2.451068e-06 5.904091e-03
1416 1.086921e-07 2.988584e-03
1417 1.272235e-05 4.066505e-03
1418 3.059262e-06 4.905507e-03
1419 4.507064e-07 4.479091e-03
1420 6.331287e-05 2.244081e-02
1421 7.839007e-06 1.249131e-02
1422 1.573327e-05 2.712617e-02
1423 9.047407e-07 3.837965e-03
1424 1.828089e-05 6.535109e-03
1425 2.743730e-05 6.849647e-03
1426 3.909523e-05 7.290429e-03
1427 2.349487e-05 5.215210e-03
1428 2.120655e-05 6.921020e-03
1429 4.429385e-05 1.509997e-02
1430 4.791452e-04 1.244178e-01
1431 1.316873e-05 3.101790e-02
1432 3.716643e-06 1.707453e-02
1433 1.909776e-06 7.783660e-03
1434 4.379812e-06 3.492335e-03
1435 1.288493e-06 3.248423e-03
1436 2.153709e-05 7.698858e-03
1437 2.528952e-06 2.464235e-03
1438 1.491541e-05 9.606810e-03
1439 9.876957e-04 2.449330e-01
1440 1.354728e-07 2.795451e-03
1441 1.675289e-08 1.739821e-03
1442 2.341713e-06 7.227323e-03
1443 1.484943e-05 5.039697e-03
1444 1.753445e-05 6.230732e-03
1445 7.300304e-06 9.812901e-03
1446 6.297672e-05 1.172718e-02
1447 2.784355e-03 6.822304e-01
1448 6.286849e-06 3.375704e-03
1449 7.699405e-07 3.054122e-03
1450 9.965869e-06 1.298056e-02
1451 2.183268e-04 4.151541e-02
1452 1.469559e-03 8.984371e-02
1453 1.512854e-07 2.965078e-03
1454 1.226887e-06 3.914356e-03
1455 6.430561e-05 9.639844e-03
1456 1.053257e-06 1.801052e-03
1457 1.758818e-06 2.435284e-03
1458 2.733287e-06 2.704278e-03
1459 4.945397e-05 6.630742e-03
1460 1.939915e-05 1.662615e-02
1461 6.123615e-06 2.170793e-03
1462 3.524974e-06 2.052656e-03
1463 1.698281e-07 1.492323e-03
1464 2.088578e-07 2.044293e-03
1465 9.524650e-08 1.405234e-03
1466 1.257762e-05 2.218630e-02
1467 9.650271e-04 6.185625e-02
1468 1.236994e-05 7.917323e-03
1469 3.165929e-05 1.606976e-02
1470 1.381807e-08 3.689485e-03
1471 3.830540e-05 1.130816e-02
1472 4.811454e-07 6.276925e-03
1473 3.043208e-06 3.969552e-03
1474 4.615327e-06 1.680576e-02
1475 2.090837e-08 1.748358e-03
1476 2.031237e-05 1.997957e-02
1477 2.240673e-10 1.745326e-03
1478 1.779208e-05 1.575135e-02
1479 7.935061e-06 1.080571e-02
1480 1.316446e-05 4.511010e-02
1481 8.418622e-05 3.004703e-02
1482 5.473580e-05 1.376675e-02
1483 1.504190e-04 9.309123e-03
1484 8.167872e-04 1.641324e-01
1485 2.175445e-04 3.943575e-02
1486 3.370235e-04 1.487335e-01
1487 1.140558e-07 2.022449e-03
1488 3.093654e-05 2.637448e-02
1489 3.247708e-06 1.748957e-03
1490 2.408605e-06 3.374520e-03
1491 1.939123e-04 5.090339e-02
1492 2.791919e-07 6.732565e-03
1493 8.030086e-07 1.163905e-02
1494 3.995421e-07 2.915195e-03
1495 3.698481e-05 1.294094e-02
1496 1.376155e-06 4.375224e-03
1497 1.880418e-03 2.115402e-01
1498 2.485171e-06 5.236594e-03
1499 9.986132e-09 2.924693e-03
1500 2.424444e-05 6.626606e-03
1501 4.324267e-06 5.291718e-03
1502 5.879609e-04 9.140383e-02
1503 1.872239e-04 1.357112e-01
1504 8.344474e-05 1.677983e-02
1505 7.451536e-07 5.641633e-03
1506 1.473570e-05 6.604453e-03
1507 5.748627e-04 3.550862e-02
1508 3.151042e-03 2.130574e-01
1509 1.656224e-06 4.505062e-03
1510 2.637117e-06 8.391197e-03
1511 3.384286e-05 1.039566e-02
1512 7.301070e-06 7.400628e-03
1513 1.749877e-05 9.669002e-03
1514 4.509372e-07 6.416201e-03
1515 1.214637e-03 3.269523e-01
1516 1.073193e-05 1.179924e-02
1517 1.102650e-03 2.027479e-01
1518 2.517493e-05 7.540077e-03
1519 3.363949e-05 1.151241e-02
1520 3.250865e-06 1.807517e-03
1521 1.919829e-07 7.184794e-03
1522 3.932986e-04 4.515852e-02
1523 6.131784e-06 9.439433e-03
1524 1.159139e-05 1.787483e-02
1525 7.244921e-05 3.426426e-02
1526 1.401254e-06 1.205879e-02
1527 2.494673e-04 2.839688e-02
1528 1.599426e-05 1.145174e-02
1529 1.807635e-05 7.446913e-03
1530 1.158925e-06 1.482960e-02
1531 9.896307e-05 1.986995e-02
1532 1.092307e-06 5.012752e-03
1533 9.008617e-07 6.655400e-03
1534 2.653908e-05 1.096412e-02
1535 8.110161e-08 1.588545e-03
1536 5.529677e-07 2.698587e-03
1537 2.401011e-06 3.959627e-03
1538 8.634735e-07 4.059540e-03
1539 3.590208e-06 2.442650e-03
1540 4.437047e-05 2.740748e-02
1541 7.688801e-04 2.804232e-01
1542 1.742784e-04 8.423393e-02
1543 1.817626e-03 2.110566e-01
1544 6.614700e-06 9.388876e-03
1545 1.138886e-05 5.255314e-02
1546 1.103459e-05 8.007095e-03
1547 4.623498e-04 1.959320e-01
1548 1.656154e-05 1.831222e-02
1549 1.786019e-06 4.443560e-03
1550 5.977709e-08 4.406150e-03
1551 1.115466e-05 5.690110e-03
1552 1.404000e-04 1.793901e-01
1553 2.728635e-04 3.774754e-01
1554 4.504140e-06 9.871829e-03
1555 1.765092e-03 2.281328e-01
1556 1.892534e-05 1.644707e-02
1557 1.262288e-03 1.735823e-01
1558 8.511262e-04 1.114313e-01
1559 7.537421e-06 1.078760e-02
1560 6.423148e-04 8.107787e-02
1561 1.592876e-04 2.043152e-01
1562 2.280312e-07 6.919648e-03
1563 3.618671e-05 1.329432e-02
1564 7.015336e-04 2.358920e-01
1565 3.187461e-05 1.602238e-02
1566 7.195876e-08 5.319398e-03
1567 7.176320e-03 1.413162e+00
1568 6.571403e-07 1.438673e-02
1569 3.051856e-05 1.525404e-02
1570 7.296513e-04 4.989459e-01
1571 3.153570e-07 2.443145e-03
1572 1.976732e-04 2.766977e-02
1573 3.898736e-04 2.473984e-01
1574 1.281016e-04 1.750429e-02
1575 4.144291e-07 1.797026e-02
1576 7.418232e-05 7.130586e-02
1577 7.504087e-04 2.351456e-01
1578 5.098651e-05 4.062690e-02
1579 7.376716e-07 5.046625e-03
1580 3.314481e-03 4.254943e-01
1581 7.257090e-06 1.693882e-02
1582 4.484263e-06 3.783686e-03
1583 2.236494e-04 6.581199e-02
1584 2.385135e-06 1.461994e-02
1585 6.301002e-04 2.239548e-01
1586 1.211723e-05 1.175692e-02
1587 4.967300e-05 6.055975e-03
1588 2.262471e-05 2.109423e-02
1589 1.164912e-07 2.915958e-03
1590 3.895914e-06 4.030829e-03
1591 1.443284e-06 4.447426e-03
1592 2.427233e-05 5.945281e-03
1593 1.513369e-06 3.453411e-03
1594 1.944780e-05 1.413526e-02
1595 1.266945e-07 4.138691e-03
1596 9.315391e-07 3.060946e-02
1597 7.129000e-06 8.165561e-03
1598 4.435735e-05 1.138647e-02
1599 4.343198e-05 1.203846e-01
1600 1.610798e-05 1.024051e-02
1601 2.071742e-08 3.283371e-03
1602 3.107744e-03 5.702967e-01
1603 4.659965e-06 8.462593e-03
1604 1.383460e-04 1.392350e-02
1605 1.692034e-04 2.098368e-02
1606 4.804056e-04 2.152068e-01
1607 1.935708e-04 1.134008e-01
1608 1.962473e-06 4.840415e-03
1609 7.841741e-04 1.271069e-01
1610 8.776837e-04 3.647236e-01
1611 2.690251e-05 1.513833e-02
1612 2.580805e-05 4.960486e-03
1613 4.720153e-09 1.207888e-03
1614 8.939636e-05 3.002195e-02
1615 4.925882e-04 1.625608e-01
1616 5.467588e-07 2.625175e-03
1617 1.000458e-07 3.406715e-03
1618 1.533636e-06 2.629891e-03
1619 3.520192e-05 7.866060e-02
1620 2.937936e-05 5.420955e-02
1621 3.499104e-06 9.966800e-02
1622 1.475826e-05 1.849323e-02
1623 7.829911e-06 5.405858e-02
1624 1.095383e-03 2.397440e-01
1625 3.711348e-07 4.429378e-03
1626 1.161418e-04 5.561198e-02
1627 7.413712e-06 1.697623e-02
1628 2.217588e-04 6.985807e-02
1629 1.717626e-03 1.887158e-01
1630 4.354335e-04 3.157434e-01
1631 8.398333e-05 8.240479e-02
1632 5.266669e-05 6.690190e-02
1633 4.238335e-08 3.098935e-03
1634 2.496704e-06 6.716737e-03
1635 1.163230e-08 1.156247e-03
1636 4.113095e-08 2.939735e-03
1637 8.948367e-08 1.703724e-03
1638 1.717215e-07 3.086291e-03
1639 9.442421e-09 1.851764e-03
1640 9.072674e-05 4.246875e-02
1641 4.790611e-04 6.757104e-02
1642 2.321712e-03 3.853225e-01
1643 1.483026e-05 2.384035e-02
1644 7.947129e-06 9.353524e-03
1645 1.682200e-05 9.670154e-03
1646 2.330608e-03 7.796477e-01
1647 1.048564e-05 1.410272e-02
1648 5.236384e-06 3.959100e-03
1649 1.674698e-03 3.985315e-01
1650 7.369575e-05 5.583108e-02
1651 7.220892e-07 4.385951e-03
1652 1.983408e-04 8.578008e-02
1653 1.691410e-03 3.923627e-01
1654 8.016007e-06 2.271084e-02
1655 9.219237e-04 1.596017e-01
1656 4.176774e-06 1.742280e-02
1657 2.566655e-06 1.115432e-02
1658 9.112897e-07 4.971349e-03
1659 2.606223e-05 1.900915e-02
1660 2.696130e-04 5.431970e-02
1661 1.675660e-04 3.374073e-02
1662 2.044800e-05 1.116983e-02
1663 1.432369e-03 1.270861e-01
1664 2.677199e-05 1.209878e-02
1665 2.058496e-05 1.063289e-02
1666 4.103968e-04 7.176178e-02
1667 1.284280e-04 3.714504e-02
1668 1.776784e-08 8.887957e-04
1669 2.702286e-06 1.170662e-02
1670 2.364910e-06 3.493125e-03
1671 1.469873e-05 2.233091e-02
1672 1.824878e-04 1.594295e-01
1673 1.386030e-04 2.254629e-02
1674 7.428575e-06 9.771342e-03
1675 2.216044e-05 1.455015e-02
1676 3.443844e-07 2.809138e-03
1677 3.452260e-07 7.098138e-03
1678 1.366534e-06 3.634694e-03
1679 8.695595e-10 1.409516e-03
1680 5.317866e-04 6.293236e-02
1681 3.064745e-05 2.352973e-02
1682 6.593676e-05 1.979618e-02
1683 5.913307e-08 1.747200e-03
1684 6.648211e-07 3.654017e-03
1685 2.856658e-04 2.011722e-02
1686 3.940275e-04 8.562727e-02
1687 2.918666e-05 3.139589e-02
1688 1.253241e-03 7.093573e-02
1689 1.759234e-04 8.493555e-02
1690 1.090144e-07 1.770863e-03
1691 1.160102e-07 1.755234e-03
1692 4.892168e-06 5.590969e-03
1693 2.577121e-04 5.300624e-02
1694 3.438191e-05 4.535843e-02
1695 9.336595e-06 2.900128e-03
1696 1.609013e-03 2.484208e-01
1697 2.038019e-06 8.644225e-03
1698 1.649167e-03 1.441378e-01
1699 1.847430e-03 4.196895e-01
1700 8.490712e-07 4.219433e-03
1701 1.798392e-04 5.444198e-02
1702 3.194448e-05 8.577088e-02
1703 8.977970e-06 5.678901e-02
1704 5.003277e-07 1.611528e-03
1705 1.934313e-07 1.971217e-03
1706 7.292570e-07 2.522709e-03
1707 1.580488e-04 4.486781e-02
1708 7.308665e-08 8.065016e-03
1709 5.679124e-06 1.614505e-02
1710 9.250533e-07 1.149123e-02
1711 4.895413e-04 1.161109e-01
1712 2.661623e-04 6.480593e-02
1713 5.246712e-06 1.118702e-02
1714 2.486130e-04 4.558101e-02
1715 2.962165e-05 6.927449e-03
1716 9.194304e-08 4.409514e-03
1717 8.627876e-06 2.622070e-02
1718 7.950677e-06 1.267549e-02
1719 3.134562e-07 7.618579e-03
1720 2.225929e-06 9.327942e-03
1721 1.835746e-06 3.144110e-02
1722 6.376248e-07 8.412071e-03
1723 1.176354e-03 3.458826e-01
1724 1.627266e-06 3.124525e-03
1725 1.895831e-05 1.576184e-02
1726 3.918428e-04 9.013601e-02
1727 8.653530e-05 2.815040e-02
1728 9.012746e-04 1.492143e-01
1729 3.794997e-06 4.304724e-03
1730 8.415450e-04 1.098386e-01
1731 6.238572e-06 6.864863e-03
1732 1.835846e-07 1.899612e-03
1733 3.206301e-11 1.011506e-03
1734 1.762191e-04 3.086883e-02
1735 1.202177e-04 2.668360e-02
1736 4.455499e-10 1.148577e-03
1737 2.079375e-05 1.492025e-02
1738 1.174025e-06 3.393403e-03
1739 5.649202e-05 1.688636e-02
1740 2.027717e-04 7.262690e-02
1741 7.957552e-09 4.426698e-03
1742 4.252360e-05 1.067580e-01
1743 1.169562e-03 9.512939e-02
1744 3.763903e-05 3.498452e-02
1745 6.427462e-05 1.363535e-02
1746 1.564988e-07 2.698559e-03
1747 5.837467e-07 6.626527e-03
1748 1.515079e-03 4.791522e-01
1749 9.440661e-06 9.348607e-03
1750 5.428896e-06 8.749250e-03
1751 2.883060e-06 6.399923e-03
1752 7.290063e-08 2.139197e-03
1753 4.408896e-05 4.745808e-02
1754 1.812597e-06 5.312790e-03
1755 1.525486e-06 6.144825e-03
1756 4.319087e-06 1.957479e-02
1757 3.991123e-06 1.471608e-02
1758 1.263637e-03 1.450559e-01
1759 6.674099e-07 5.079076e-03
1760 8.587321e-04 3.141028e-01
1761 9.062911e-08 7.057072e-03
1762 3.447188e-06 4.070534e-03
1763 8.788584e-07 1.149966e-02
1764 3.389093e-06 6.811710e-03
1765 4.998021e-05 1.886566e-02
1766 6.481917e-07 4.310664e-03
1767 5.734295e-06 6.853792e-03
1768 1.077429e-04 4.494637e-02
1769 2.012318e-04 1.900889e-02
1770 3.612376e-06 8.461181e-03
1771 8.165421e-06 9.935329e-03
1772 8.251578e-04 2.712082e-01
1773 1.399196e-03 2.212561e-01
1774 1.437628e-08 2.932969e-03
1775 3.388566e-08 2.828398e-03
1776 7.927807e-07 1.933735e-02
1777 1.771481e-06 1.192014e-02
1778 8.760511e-07 7.128165e-03
1779 2.345844e-06 1.699518e-02
1780 1.277222e-07 2.808246e-03
1781 1.254189e-08 1.304657e-03
1782 6.121643e-08 3.170957e-03
1783 6.554937e-06 6.974234e-03
1784 3.246398e-05 2.571659e-02
1785 2.095248e-06 4.255074e-03
1786 1.277030e-05 3.178669e-02
1787 9.910613e-04 2.764051e-01
1788 1.209228e-07 4.438187e-03
1789 2.140787e-05 3.237244e-02
1790 6.976798e-07 2.192979e-03
1791 4.554905e-06 5.610481e-03
1792 1.232497e-05 6.137582e-03
1793 1.715380e-07 9.491232e-03
1794 6.285757e-04 6.637830e-02
1795 4.657511e-06 4.226737e-03
1796 1.504920e-03 3.204715e-01
1797 3.451343e-07 1.738470e-02
1798 5.718473e-07 6.415823e-03
1799 6.479117e-07 2.874337e-03
1800 2.064512e-05 5.456972e-02
1801 1.514261e-05 4.103466e-03
1802 9.746184e-05 3.723684e-02
1803 3.178386e-07 2.034065e-03
1804 2.708003e-06 2.475740e-03
1805 2.972353e-07 1.102551e-02
1806 2.372004e-06 5.436889e-03
1807 2.373325e-07 1.554344e-03
1808 1.851846e-03 6.193163e-01
1809 1.676217e-05 1.051324e-02
1810 1.497042e-03 1.540213e-01
1811 4.768338e-07 7.806938e-03
1812 3.318385e-07 5.924891e-03
1813 4.453571e-06 1.397982e-02
1814 2.311302e-07 2.825666e-03
1815 2.341115e-05 2.386104e-02
1816 2.263852e-05 2.211923e-02
1817 2.303326e-06 4.712449e-03
1818 8.996924e-07 4.771931e-03
1819 2.445411e-10 2.082378e-03
1820 1.427525e-07 1.591211e-03
1821 9.162105e-08 3.407833e-03
1822 6.331015e-04 1.324903e-01
1823 9.548939e-06 3.825414e-02
1824 4.140087e-06 4.546323e-02
1825 2.246748e-03 3.049951e-01
1826 2.228862e-04 1.431230e-01
1827 1.683311e-04 3.741386e-02
1828 1.109905e-04 1.925339e-02
1829 2.206706e-05 9.944036e-03
1830 6.492993e-07 3.006276e-03
1831 7.800067e-08 1.700485e-03
1832 2.786444e-06 1.437283e-02
1833 1.297554e-05 6.459876e-03
1834 7.599582e-07 3.511971e-03
1835 7.501378e-07 3.547059e-03
1836 1.873643e-03 2.153959e-01
1837 3.927264e-04 2.082450e-01
1838 4.362173e-05 8.152623e-03
1839 1.696965e-05 3.655464e-02
1840 4.472030e-05 3.375842e-02
1841 1.649500e-04 5.525215e-02
1842 5.705288e-07 6.779215e-03
1843 4.388683e-06 8.399238e-03
1844 2.942016e-07 2.750311e-03
1845 1.337900e-04 1.989792e-02
1846 1.582208e-08 3.506677e-03
1847 2.531092e-05 5.841860e-02
1848 2.676272e-08 2.204496e-03
1849 3.890965e-07 1.366631e-02
1850 2.668526e-07 1.478174e-02
1851 1.165584e-05 3.593327e-02
1852 9.092275e-06 1.573700e-02
1853 1.324111e-04 4.331166e-02
1854 3.499570e-05 1.115661e-01
1855 3.478646e-05 3.276215e-02
1856 1.256679e-08 2.266979e-03
1857 1.207248e-07 4.623979e-03
1858 8.102511e-07 3.493514e-03
1859 6.245358e-07 3.246105e-03
1860 5.623006e-06 2.200664e-02
1861 5.513452e-06 7.476143e-03
1862 7.564454e-04 2.995680e-01
1863 5.951257e-08 3.005523e-03
1864 3.599705e-07 2.619628e-03
1865 7.876782e-07 1.139478e-02
1866 3.515042e-04 6.740438e-02
1867 3.721060e-08 2.610427e-03
1868 1.744185e-05 7.382812e-03
1869 2.188262e-03 2.600143e-01
1870 2.706158e-06 5.900167e-03
1871 3.891657e-06 1.119721e-02
1872 6.697445e-08 7.172967e-03
1873 5.593940e-08 1.838421e-03
1874 1.402424e-06 2.103619e-03
1875 3.240821e-03 4.005874e-01
1876 1.515507e-07 2.418015e-03
1877 2.857404e-06 2.910437e-03
1878 1.653228e-07 6.508189e-03
1879 1.678093e-06 1.154806e-02
1880 1.267364e-04 2.526325e-02
1881 6.182755e-06 4.459422e-02
1882 2.728611e-07 3.942560e-03
1883 6.076737e-06 1.299271e-02
1884 6.986372e-04 1.270971e-01
1885 6.539810e-06 6.112831e-03
1886 1.052263e-04 1.003632e-02
1887 5.037811e-05 2.187147e-02
1888 2.402953e-06 3.059587e-03
1889 1.369772e-07 1.307725e-03
1890 6.087027e-06 1.141634e-02
1891 2.486451e-04 1.133799e-01
1892 5.850619e-06 1.436060e-02
1893 1.882657e-04 3.975111e-02
1894 3.595969e-03 6.110467e-01
1895 3.274300e-05 4.273734e-02
1896 2.423655e-04 7.621051e-02
1897 1.221576e-06 3.950779e-03
1898 1.919717e-05 4.694609e-02
1899 1.107410e-05 8.958285e-03
1900 8.194120e-04 6.537000e-02
1901 5.735916e-06 4.752257e-03
1902 2.028285e-07 1.847174e-03
1903 6.106629e-06 1.080050e-02
1904 1.651962e-06 7.779188e-03
1905 6.843602e-06 5.045493e-03
1906 2.543231e-06 5.289818e-03
1907 8.044275e-08 3.758590e-03
1908 2.690882e-07 1.669289e-03
1909 8.291921e-05 7.370293e-03
1910 2.070702e-04 6.880145e-02
1911 4.145589e-04 5.040072e-02
1912 1.614174e-04 6.616473e-02
1913 4.728095e-05 5.712436e-02
1914 5.013154e-06 4.555845e-03
1915 7.543837e-08 7.891805e-03
1916 2.254731e-03 6.200800e-01
1917 1.742585e-03 2.677820e-01
1918 2.876628e-05 3.004705e-02
1919 6.838178e-05 1.388854e-02
1920 8.539891e-05 2.077985e-02
1921 2.540529e-08 1.366324e-03
1922 4.933536e-06 3.958078e-03
1923 9.292827e-06 2.746296e-03
1924 1.608725e-06 2.312376e-03
1925 1.706426e-06 2.081564e-03
1926 3.739356e-04 1.116802e-01
1927 2.890114e-06 1.122797e-02
1928 1.976547e-07 1.787256e-03
1929 3.586079e-05 1.054465e-02
1930 2.075886e-06 1.719651e-02
1931 5.306138e-05 1.943134e-02
1932 1.614974e-06 3.343368e-02
1933 1.463624e-05 1.547153e-02
1934 5.003501e-05 6.009418e-02
1935 4.467378e-06 1.391430e-02
1936 4.580550e-06 1.237637e-02
1937 7.105866e-06 4.955812e-03
1938 2.625702e-08 2.009658e-03
1939 4.085279e-04 2.164976e-01
1940 9.420028e-07 2.246584e-02
1941 9.058006e-06 1.452555e-02
1942 1.042474e-04 7.231695e-02
1943 8.012862e-06 3.193548e-02
1944 1.261849e-03 1.270047e-01
1945 9.069856e-05 3.331633e-02
1946 1.084419e-05 5.301860e-03
1947 1.641451e-05 3.973947e-03
1948 2.244142e-08 1.706955e-03
1949 8.671422e-05 8.824368e-02
1950 1.540068e-04 2.111673e-02
1951 9.698225e-06 3.839563e-02
1952 6.210326e-06 6.803866e-03
1953 1.986458e-04 3.092625e-02
1954 2.455284e-04 7.143946e-02
1955 1.279634e-05 8.618319e-03
1956 3.601027e-05 4.877633e-02
1957 4.129050e-06 7.607014e-03
1958 1.503303e-05 1.878659e-02
1959 6.196739e-06 2.617073e-02
1960 3.098615e-05 2.798335e-02
1961 1.415148e-04 8.611498e-02
1962 4.663556e-05 4.039276e-02
1963 8.909761e-05 5.506331e-02
1964 1.066547e-06 3.891995e-03
1965 7.349132e-06 1.448223e-02
1966 1.163832e-06 6.585545e-03
1967 3.290992e-05 5.318551e-02
1968 3.678576e-08 2.101790e-03
1969 2.931872e-03 9.034528e-02
1970 8.943010e-05 6.240887e-02
1971 7.626119e-04 2.495368e-01
1972 4.144387e-05 8.734960e-03
1973 9.808970e-04 1.479045e-01
1974 2.558667e-07 4.227162e-03
1975 2.701523e-04 1.576262e-01
1976 4.807551e-04 6.933723e-02
1977 1.510492e-05 6.605577e-03
1978 1.776162e-07 4.040445e-03
1979 1.082458e-04 4.187564e-02
1980 1.728800e-05 4.991115e-03
1981 5.954792e-05 5.090016e-02
1982 8.118012e-07 2.765713e-03
1983 1.405401e-06 2.166366e-03
1984 6.196909e-06 2.732128e-02
1985 1.299662e-05 1.059664e-02
1986 5.326481e-06 4.979913e-03
1987 1.198803e-06 3.479004e-02
1988 1.132245e-03 1.554945e-01
1989 7.214875e-07 1.407709e-03
1990 1.841817e-05 4.625402e-03
1991 4.174399e-06 7.524614e-03
1992 3.539407e-03 2.445437e-01
1993 4.819854e-08 1.181108e-03
1994 5.556319e-08 1.248542e-03
1995 4.978966e-04 6.969012e-02
1996 1.230238e-05 5.002034e-03
1997 1.619025e-06 2.038834e-03
1998 9.030230e-05 1.001671e-02
1999 6.800378e-04 7.414410e-02
2000 1.062500e-06 2.524613e-03
2001 1.022242e-06 3.076054e-03
