1 3.344779e-03 9.618895e-01
2 6.429542e-07 2.048698e-02
3 5.611265e-06 3.028071e-03
4 3.385650e-08 1.866055e-03
5 1.465976e-07 2.629781e-03
6 1.129509e-03 5.082558e-01
7 2.684212e-06 1.402922e-02
8 9.857237e-08 4.268530e-02
9 3.521338e-10 2.383811e-03
10 3.307448e-05 9.357864e-02
11 3.086401e-08 5.168912e-03
12 1.899693e-10 1.231076e-03
13 6.146143e-05 2.329879e-01
14 2.409476e-08 7.640479e-03
15 1.064981e-08 3.081784e-03
16 6.993163e-05 2.754558e-02
17 4.204404e-08 1.935987e-03
18 1.086970e-03 3.596118e-01
19 6.844598e-06 8.254166e-03
20 7.905956e-12 1.022714e-03
21 2.714921e-03 1.112709e+00
22 8.851318e-07 5.836078e-03
23 1.161132e-04 3.709876e-02
24 1.941671e-03 4.231583e-01
25 5.911633e-04 2.595958e-01
26 1.590861e-06 4.676669e-03
27 4.590584e-05 2.458484e-02
28 1.021489e-07 3.634485e-03
29 2.982420e-03 6.720376e-01
30 1.265792e-03 7.577925e-01
31 1.073231e-04 2.762150e-01
32 2.757458e-04 3.077082e-02
33 3.129226e-08 1.231168e-03
34 5.553193e-09 1.156586e-03
35 3.432104e-08 3.141814e-03
36 1.400632e-03 5.959516e-01
37 2.676707e-04 1.087551e-01
38 1.500635e-07 8.875675e-03
39 2.258277e-09 1.949583e-03
40 6.498694e-07 3.570098e-03
41 8.641027e-06 2.403310e-02
42 1.502342e-08 5.032976e-03
43 6.542362e-04 3.946015e-01
44 1.346423e-04 8.216549e-02
45 3.229902e-04 1.458019e-01
46 1.120811e-05 1.210105e-02
47 2.206638e-05 2.773678e-01
48 8.025227e-05 1.217506e-01
49 9.795206e-06 1.040641e-02
50 3.655352e-03 8.898532e-01
51 6.331230e-07 1.198487e-02
52 5.788382e-06 2.426960e-02
53 6.042950e-05 1.164143e-02
54 2.399767e-07 9.960930e-03
55 7.307624e-07 5.135429e-03
56 7.815979e-06 9.242104e-03
57 1.579440e-07 1.460067e-02
58 1.089085e-03 2.354205e-01
59 9.694126e-04 8.749605e-02
60 4.580604e-10 1.410646e-03
61 3.620438e-03 1.118563e+00
62 1.819427e-05 3.425661e-02
63 2.297777e-08 1.922996e-03
64 8.194429e-09 4.167497e-03
65 4.534719e-05 4.522031e-02
66 2.219612e-07 4.620183e-03
67 1.940346e-07 7.366668e-03
68 7.177091e-06 8.394857e-03
69 4.507900e-07 1.432143e-03
70 1.131249e-09 1.343122e-03
71 1.793447e-03 2.977507e-01
72 7.845232e-06 1.985785e-02
73 2.274358e-08 4.150540e-03
74 7.794220e-05 1.966386e-01
75 1.133406e-05 1.137040e-02
76 2.959973e-07 2.866746e-03
77 1.819590e-05 3.949327e-02
78 2.754917e-03 3.888271e-01
79 8.080141e-04 2.794520e-01
80 8.746472e-07 2.865997e-03
81 1.732479e-07 1.637859e-03
82 4.118417e-05 6.329039e-03
83 6.933495e-05 2.866592e-02
84 3.235206e-08 1.876446e-03
85 3.571785e-04 1.496774e-01
86 5.493290e-06 7.438580e-03
87 4.090834e-08 2.828036e-03
88 5.075780e-08 1.706256e-03
89 2.697539e-06 2.295834e-02
90 4.743814e-04 2.716218e-01
91 2.876489e-03 3.459192e-01
92 3.677457e-03 1.018258e+00
93 5.444889e-06 1.434331e-02
94 3.676925e-07 4.165162e-03
95 2.102903e-03 9.545673e-01
96 1.689868e-04 2.252884e-02
97 9.753060e-09 3.515178e-02
98 1.333364e-07 3.494340e-03
99 1.027073e-04 2.513846e-02
100 5.679419e-03 1.682888e+00
101 1.787216e-06 5.016673e-03
102 3.767457e-07 1.507669e-02
103 2.706933e-04 4.538443e-01
104 1.607668e-05 4.331218e-02
105 2.130064e-05 6.727086e-02
106 6.659679e-08 8.994247e-03
107 2.352286e-08 2.880420e-03
108 1.559645e-06 1.924691e-02
109 2.178029e-07 5.135310e-03
110 2.206493e-06 1.177327e-02
111 2.474156e-03 7.036107e-01
112 6.706969e-05 1.207623e-01
113 2.979022e-03 8.619553e-01
114 7.881887e-04 5.227776e-01
115 4.864070e-04 1.850288e-01
116 1.372350e-03 3.700291e-01
117 2.111125e-03 2.294445e-01
118 1.808831e-03 7.221232e-01
119 1.662732e-10 4.547734e-03
120 5.867930e-11 3.640477e-03
121 5.810995e-08 1.149880e-02
122 6.370227e-09 1.886348e-03
123 6.208090e-07 6.036957e-03
124 2.815236e-06 1.390480e-02
125 4.787611e-10 3.999708e-03
126 7.079008e-07 6.150018e-03
127 4.390879e-08 9.667531e-03
128 4.804116e-07 7.882683e-03
129 2.186990e-08 4.473545e-03
130 1.402601e-08 3.978041e-03
131 4.853147e-08 5.910070e-03
132 1.349136e-07 4.684853e-03
133 3.229498e-08 7.680300e-03
134 1.009349e-05 2.303872e-02
135 1.889060e-08 4.541381e-03
136 8.822789e-08 4.110417e-03
137 6.301112e-06 1.286183e-02
138 8.314083e-09 9.367172e-03
139 2.146625e-07 8.737548e-03
140 2.960198e-08 5.189518e-03
141 2.342402e-09 3.030523e-03
142 4.661165e-08 3.131955e-03
143 2.223441e-07 6.948111e-03
144 1.251138e-08 8.570523e-03
145 8.877311e-10 4.700471e-03
146 3.118827e-08 6.132776e-03
147 3.073230e-08 6.329309e-03
148 4.210618e-09 7.990575e-03
149 3.699512e-08 4.303446e-03
150 1.251566e-09 3.988081e-03
151 1.985373e-07 1.010619e-02
152 2.209479e-07 5.972065e-03
153 3.192804e-08 2.989233e-03
154 1.688412e-08 3.766738e-03
155 5.126801e-09 3.024297e-03
156 5.930929e-08 3.881483e-03
157 5.480284e-08 4.041113e-03
158 8.479577e-07 4.791614e-03
159 1.624040e-07 5.922600e-03
160 3.854210e-08 5.188549e-03
161 3.896243e-08 3.134553e-03
162 3.401182e-09 3.003881e-03
163 3.576237e-09 3.081589e-03
164 2.867299e-10 1.642612e-03
165 6.821436e-10 1.682306e-03
166 5.914705e-11 1.657501e-03
167 3.491676e-09 2.937864e-03
168 9.682116e-08 3.317158e-03
169 4.117842e-07 6.154293e-03
170 7.412906e-11 1.639730e-03
171 1.002908e-08 3.422772e-03
172 5.142694e-09 3.219697e-03
173 8.305062e-10 1.619433e-03
174 2.047447e-09 3.088017e-03
175 6.180037e-09 3.095213e-03
176 3.238687e-09 2.999292e-03
177 6.249316e-10 1.656914e-03
178 7.088191e-08 2.304418e-03
179 3.787702e-10 1.614972e-03
180 3.169092e-09 3.096130e-03
181 4.578614e-10 2.125485e-03
182 9.112381e-10 3.398060e-03
183 1.115531e-10 1.196612e-03
184 4.553366e-11 1.614903e-03
185 7.316276e-10 1.233328e-03
186 1.596366e-09 2.180119e-03
187 8.024373e-11 1.906956e-03
188 3.100578e-11 1.592574e-03
189 5.554036e-11 1.134014e-03
190 1.458095e-10 1.208933e-03
191 3.110982e-05 2.235131e-02
192 3.462589e-06 4.370442e-03
193 2.310173e-04 6.705001e-02
194 1.549062e-04 6.297723e-02
195 3.554901e-06 7.151737e-03
196 1.805612e-05 1.863751e-02
197 2.210985e-04 9.541777e-02
198 1.103057e-06 6.661193e-03
199 2.447364e-06 1.491928e-02
200 5.984254e-07 1.087933e-02
201 3.295469e-05 2.271684e-02
202 7.240205e-06 2.408896e-02
203 5.259613e-08 3.531754e-03
204 1.871861e-06 6.835584e-03
205 5.150237e-07 8.663549e-03
206 6.227915e-08 3.907732e-03
207 1.510586e-07 9.676787e-03
208 3.853159e-09 3.468776e-03
209 1.534606e-07 8.244017e-03
210 7.131045e-08 4.837683e-03
211 1.898015e-08 2.423447e-03
212 1.875866e-04 6.413245e-02
213 2.917687e-08 2.475245e-03
214 5.894074e-09 4.267513e-03
215 8.020721e-07 5.251796e-03
216 2.582231e-07 8.274074e-03
217 3.120852e-08 2.124918e-03
218 2.341393e-06 2.715356e-02
219 1.362118e-05 2.146600e-02
220 5.798687e-09 3.566229e-03
221 2.266515e-08 4.003282e-03
222 1.512756e-08 7.094867e-03
223 1.938688e-07 9.814310e-03
224 7.471136e-09 3.045056e-03
225 2.298783e-07 5.514267e-03
226 1.431163e-07 3.694141e-03
227 5.662534e-08 4.291301e-03
228 9.782321e-08 5.064673e-03
229 3.008949e-06 1.546411e-02
230 2.246155e-06 8.135556e-03
231 1.715611e-06 6.889647e-03
232 3.134696e-07 5.125409e-03
233 4.969798e-07 6.211397e-03
234 2.301547e-06 5.127773e-03
235 2.458843e-08 4.504685e-03
236 1.174885e-06 5.155613e-03
237 1.058909e-08 3.369007e-03
238 2.455609e-07 5.748190e-03
239 3.551690e-08 3.549805e-03
240 6.879083e-08 3.165402e-03
241 8.308471e-07 4.143402e-03
242 4.317618e-07 5.074481e-03
243 3.806031e-08 3.176421e-03
244 1.321169e-07 4.713364e-03
245 2.381485e-07 4.998581e-03
246 1.609528e-07 3.844164e-03
247 6.109762e-07 4.966324e-03
248 1.765143e-07 2.677553e-03
249 7.056843e-06 8.186329e-03
250 6.032179e-07 4.216975e-03
251 2.875860e-07 2.921098e-03
252 2.331561e-06 7.141549e-03
253 1.906744e-08 3.335717e-03
254 8.137127e-08 4.829648e-03
255 1.668972e-06 6.619259e-03
256 6.846731e-08 2.744537e-03
257 1.425658e-07 3.450162e-03
258 7.859490e-06 7.917808e-03
259 5.764330e-05 1.870300e-02
260 2.263014e-05 1.635121e-02
261 2.299611e-05 1.617620e-02
262 4.936788e-07 6.696730e-03
263 1.247073e-05 9.785051e-03
264 4.324512e-06 2.088587e-02
265 4.139032e-07 7.267454e-03
266 1.984662e-05 2.104900e-02
267 1.002850e-05 4.669536e-02
268 6.650874e-07 2.088371e-02
269 1.176653e-06 3.194434e-02
270 4.002973e-08 4.407248e-03
271 7.892223e-07 7.463109e-03
272 7.105532e-08 6.857572e-03
273 1.453954e-07 4.482795e-03
274 1.055617e-06 5.749601e-03
275 6.255544e-08 8.641446e-03
276 1.204180e-05 3.818891e-02
277 3.246751e-08 3.485329e-03
278 6.389554e-08 2.707232e-03
279 1.445737e-06 1.661561e-02
280 1.794903e-07 6.131089e-03
281 2.880604e-07 8.682214e-03
282 1.768044e-06 1.281531e-02
283 1.748263e-07 3.426137e-03
284 1.218850e-06 9.467124e-03
285 6.920265e-05 3.371104e-02
286 3.674307e-05 4.331295e-02
287 2.643898e-06 7.453981e-03
288 4.409304e-06 1.520139e-02
289 1.692218e-05 4.863905e-02
290 3.757159e-05 7.047489e-02
291 2.026453e-06 8.442949e-03
292 2.447749e-05 2.078343e-02
293 4.272014e-06 1.903014e-02
294 1.513853e-05 2.902837e-02
295 3.273260e-06 1.881183e-02
296 1.395596e-03 1.852054e-01
297 2.565460e-03 8.055545e-01
298 2.802709e-05 4.423001e-02
299 1.399350e-07 4.604520e-03
300 1.195228e-08 4.600664e-03
301 8.261327e-04 2.299606e-01
302 1.245888e-07 5.128341e-03
303 4.505559e-08 3.115297e-03
304 5.038504e-09 2.281611e-03
305 4.311402e-09 2.666653e-03
306 4.136575e-10 2.689711e-03
307 6.613861e-11 2.646540e-03
308 1.036686e-10 2.581893e-03
309 1.468175e-06 6.294167e-03
310 6.221642e-10 3.223239e-03
311 1.652759e-11 2.653570e-03
312 3.518243e-08 2.249305e-03
313 4.831379e-11 2.542543e-03
314 4.807923e-11 2.549020e-03
315 7.752324e-12 2.676365e-03
316 1.325897e-09 2.822412e-03
317 3.141543e-11 1.929809e-03
318 8.750797e-11 1.947585e-03
319 1.855136e-08 2.285841e-03
320 1.324404e-11 2.507136e-03
321 2.040032e-11 1.426055e-03
322 6.787187e-05 8.103684e-02
323 1.269591e-05 9.943572e-02
324 1.119000e-08 9.486753e-03
325 3.394091e-06 1.486758e-02
326 1.353268e-08 3.486941e-03
327 3.946997e-07 2.383660e-02
328 4.306093e-07 9.791351e-03
329 9.731446e-05 9.564856e-02
330 1.973713e-03 6.020427e-01
331 1.715036e-06 3.418490e-02
332 5.602656e-04 2.253871e-01
333 1.409440e-07 5.087492e-03
334 1.366000e-06 1.447010e-02
335 4.466432e-09 8.353790e-03
336 7.616291e-08 1.556488e-02
337 1.499077e-04 8.828854e-02
338 2.116668e-05 2.254114e-02
339 1.575730e-03 3.961785e-01
340 3.479093e-06 6.714477e-03
341 1.315823e-06 6.716797e-03
342 7.682341e-06 2.001404e-02
343 1.092591e-05 4.369030e-02
344 3.694797e-07 3.965293e-03
345 4.534592e-06 8.186586e-03
346 2.204099e-07 2.543112e-03
347 1.459061e-07 2.967603e-03
348 1.337647e-05 1.073835e-02
349 2.966511e-06 1.118947e-02
350 1.675274e-08 3.254495e-03
351 2.553588e-08 2.854950e-03
352 2.575896e-06 3.019740e-03
353 5.783953e-06 7.752079e-03
354 1.434672e-06 4.524691e-03
355 1.394676e-06 4.738167e-03
356 4.861096e-08 2.360738e-03
357 1.287745e-05 1.184003e-02
358 6.260876e-06 2.521779e-02
359 2.240981e-06 7.212329e-03
360 6.544128e-07 6.207257e-03
361 2.251654e-05 4.460735e-02
362 1.035818e-07 2.453862e-03
363 1.868169e-08 3.362690e-03
364 2.575896e-06 3.019740e-03
365 4.059659e-05 2.963942e-02
366 1.036477e-05 1.049925e-02
367 4.040929e-06 1.075495e-02
368 2.966511e-06 1.118947e-02
369 3.841891e-05 8.790248e-02
370 1.144077e-06 1.399903e-02
371 7.031590e-07 1.969374e-02
372 1.381173e-03 1.001199e+00
373 4.210042e-05 1.763210e-01
374 3.808036e-03 8.897661e-01
375 1.388534e-05 2.497401e-02
376 8.445121e-04 2.608696e-01
377 3.039563e-06 9.297410e-03
378 1.261484e-04 3.192158e-02
379 7.275437e-07 9.025184e-03
380 3.010853e-05 1.350417e-02
381 3.354523e-08 1.912310e-03
382 4.247478e-07 1.011289e-02
383 2.265449e-08 1.823853e-03
384 1.729769e-06 8.087027e-03
385 6.888365e-09 4.590567e-03
386 5.983099e-07 6.522516e-03
387 7.962141e-06 1.573271e-02
388 1.300304e-08 2.769929e-03
389 1.810012e-06 6.300491e-03
390 1.953786e-06 4.870428e-03
391 7.340855e-06 3.269420e-02
392 7.823212e-05 1.990851e-02
393 6.295074e-06 1.597533e-02
394 1.163764e-07 3.011094e-03
395 3.952357e-07 8.343188e-03
396 3.377608e-05 3.807347e-02
397 2.523631e-05 1.707080e-02
398 1.225252e-04 3.600410e-02
399 1.843418e-05 1.071202e-02
400 7.989491e-05 3.933194e-02
401 1.069909e-05 8.686593e-03
402 1.438865e-06 7.020620e-03
403 2.889209e-06 9.221461e-03
404 3.119383e-05 1.631202e-02
405 6.414146e-06 1.130020e-02
406 1.279042e-06 8.861160e-03
407 4.447389e-07 4.558549e-03
408 1.183872e-05 1.008063e-02
409 3.427574e-03 6.103652e-01
410 3.652772e-05 2.072983e-02
411 1.668471e-05 1.848513e-02
412 3.664189e-04 6.663201e-02
413 3.396977e-06 8.098629e-03
414 5.461670e-06 9.712533e-03
415 4.131441e-06 5.974945e-03
416 1.873265e-06 6.734188e-03
417 4.146402e-06 9.799229e-03
418 3.555398e-04 1.246931e-01
419 2.083873e-04 1.667185e-01
420 3.161669e-04 7.318722e-02
421 1.700905e-05 2.132648e-02
422 1.598051e-05 3.110522e-02
423 4.724507e-04 1.001824e-01
424 1.001949e-03 2.502001e-01
425 4.414934e-04 1.235775e-01
426 3.535690e-05 4.682090e-02
427 1.625542e-03 2.386488e-01
428 9.745875e-05 3.934753e-02
429 6.409392e-05 3.136057e-02
430 1.997840e-04 4.626453e-02
431 2.250909e-04 7.078227e-02
432 4.682375e-05 2.744412e-02
433 3.186669e-05 2.335932e-02
434 1.594186e-04 4.673203e-02
435 3.800522e-05 5.089620e-02
436 1.651497e-04 4.097007e-02
437 1.089740e-04 4.027433e-02
438 2.881574e-05 2.805120e-02
439 1.425598e-03 3.408742e-01
440 1.385677e-04 2.957122e-02
441 7.576329e-05 2.058831e-02
442 4.251990e-04 8.809395e-02
443 2.501905e-05 2.510664e-02
444 1.312340e-03 4.288254e-01
445 3.775396e-04 2.081550e-01
446 1.210696e-11 9.154245e-04
447 4.220827e-12 1.224538e-03
448 9.542573e-13 9.088608e-04
449 2.705569e-12 9.125942e-04
450 4.845025e-12 9.935042e-04
451 3.498146e-09 1.782218e-03
452 2.184383e-11 1.227390e-03
453 1.106082e-09 1.122149e-03
454 2.171824e-11 1.245291e-03
455 2.299787e-10 1.251100e-03
456 1.996845e-12 1.031946e-03
457 1.126676e-13 9.244452e-04
458 7.256350e-11 1.233126e-03
459 4.885650e-07 1.452862e-02
460 8.181724e-11 2.593575e-03
461 2.480005e-12 1.054475e-03
462 3.860112e-10 2.965551e-03
463 2.158902e-10 1.127613e-03
464 1.180634e-10 1.328799e-03
465 1.858909e-11 1.151013e-03
466 3.516412e-11 1.381002e-03
467 1.847252e-11 1.082766e-03
468 5.492154e-12 1.091935e-03
469 7.197724e-11 1.325867e-03
470 5.381900e-11 1.754952e-03
471 1.547036e-11 1.218722e-03
472 6.007973e-12 1.118994e-03
473 3.506634e-11 1.318777e-03
474 8.301892e-12 1.048071e-03
475 1.876571e-10 1.316111e-03
476 5.289550e-09 1.412536e-03
477 1.108593e-06 3.209176e-03
478 2.663774e-06 7.801247e-03
479 2.188470e-09 1.574727e-03
480 1.431412e-09 2.067309e-03
481 4.610921e-10 1.858995e-03
482 7.195820e-10 2.108241e-03
483 4.249657e-10 2.060972e-03
484 2.480358e-08 2.119259e-03
485 9.781949e-10 1.759920e-03
486 8.206854e-06 1.393020e-02
487 3.564952e-09 1.487447e-03
488 7.601902e-07 9.400449e-03
489 2.530652e-03 4.403492e-01
490 5.707008e-06 7.033600e-03
491 3.271292e-06 8.857557e-03
492 3.533899e-06 5.798529e-03
493 2.676312e-06 6.757809e-03
494 7.818383e-09 6.450008e-03
495 1.753800e-07 4.941577e-03
496 1.351466e-04 3.188630e-02
497 5.054238e-05 4.571877e-02
498 6.077892e-06 8.126792e-03
499 5.051747e-08 7.823427e-03
500 2.409866e-08 5.140447e-03
501 3.449483e-06 8.985485e-03
502 1.497902e-03 2.861846e-01
503 2.005010e-05 1.024194e-02
504 2.377456e-05 1.075129e-02
505 2.629211e-06 7.198116e-03
506 1.502881e-04 3.654932e-02
507 3.420650e-05 2.927257e-02
508 7.914185e-06 1.280043e-02
509 1.134595e-07 8.602893e-03
510 7.339875e-06 1.193194e-02
511 2.226098e-06 6.198687e-03
512 1.267594e-06 8.198690e-03
513 5.948988e-06 8.078963e-03
514 2.992823e-03 9.487507e-01
515 5.252366e-07 6.965942e-03
516 1.466593e-07 6.852683e-03
517 1.794386e-06 1.385427e-02
518 2.394060e-07 6.901461e-03
519 3.885352e-06 2.326834e-02
520 1.934392e-06 1.859776e-02
521 4.134440e-05 2.953387e-02
522 5.699159e-05 2.747405e-02
523 3.817218e-05 2.686355e-02
524 1.204113e-06 1.306551e-02
525 3.116212e-06 8.140193e-03
526 8.149414e-06 2.378064e-02
527 1.692518e-06 9.815086e-03
528 2.456098e-07 5.981232e-03
529 4.764741e-06 1.753435e-02
530 6.614502e-07 5.135740e-03
531 1.201068e-06 7.268342e-03
532 7.741630e-06 1.868716e-02
533 2.507433e-06 1.248024e-02
534 8.102150e-07 1.142724e-02
535 2.763715e-06 1.230633e-02
536 5.064139e-05 3.903362e-02
537 5.880287e-06 2.478195e-02
538 1.661248e-06 1.256357e-02
539 2.880057e-05 2.533938e-02
540 1.127978e-05 2.260448e-02
541 1.718082e-05 2.511656e-02
542 1.259701e-03 2.422233e-01
543 4.881676e-06 1.898764e-02
544 1.908496e-06 7.452060e-03
545 8.121390e-07 7.420300e-03
546 1.354103e-06 6.037376e-03
547 4.971257e-10 2.494613e-03
548 5.471989e-09 3.022751e-03
549 1.696926e-08 1.590521e-03
550 5.452165e-07 5.574725e-03
551 1.262389e-07 2.641930e-03
552 1.424653e-06 1.885755e-02
553 9.107908e-06 3.222193e-02
554 5.699312e-06 9.201870e-03
555 2.452857e-06 1.185624e-02
556 1.791336e-07 3.011757e-03
557 6.447386e-08 3.776623e-03
558 3.143274e-06 1.188851e-02
559 2.136526e-08 2.469552e-03
560 2.292983e-07 3.980100e-03
561 2.029602e-07 3.156012e-03
562 9.427513e-08 3.404799e-03
563 5.806722e-08 4.788680e-03
564 8.378085e-08 3.253273e-03
565 8.543825e-07 1.435488e-02
566 2.999020e-06 5.718112e-03
567 6.915786e-05 8.176596e-02
568 1.202860e-04 2.413196e-02
569 3.147719e-04 7.899086e-02
570 2.768175e-05 1.413741e-02
571 2.096029e-05 8.977177e-03
572 1.548389e-04 3.115148e-02
573 1.728092e-05 7.179324e-03
574 1.324521e-04 3.242352e-02
575 4.402886e-05 8.985442e-03
576 7.311610e-05 1.707277e-02
577 1.293039e-05 1.228761e-02
578 3.322510e-06 9.854876e-03
579 2.593971e-03 7.418960e-01
580 1.189099e-04 3.009321e-02
581 5.740317e-06 5.036097e-03
582 3.055583e-04 6.092127e-02
583 2.422876e-05 1.082943e-02
584 3.876073e-05 1.535653e-02
585 1.399860e-04 7.473664e-02
586 9.886810e-07 1.269797e-02
587 3.329560e-06 1.323682e-02
588 1.070167e-06 1.019522e-02
589 8.136225e-07 2.620857e-03
590 1.509170e-03 4.091431e-01
591 3.889772e-04 1.417495e-01
592 3.838540e-07 6.348959e-03
593 3.053074e-05 1.740751e-02
594 2.821391e-04 3.382294e-02
595 5.986851e-08 6.660129e-03
596 2.839655e-03 1.028569e+00
597 1.485943e-11 1.912639e-03
598 2.250914e-09 1.969072e-03
599 1.486170e-09 1.938473e-03
600 2.753884e-09 2.062438e-03
601 5.838979e-09 3.033863e-03
602 9.005566e-10 2.563958e-03
603 2.404527e-09 3.254237e-03
604 4.615230e-11 1.931492e-03
605 5.413015e-09 2.078586e-03
606 6.033825e-11 1.932131e-03
607 5.762932e-11 1.777691e-03
608 1.712519e-10 2.031255e-03
609 3.341829e-06 1.291427e-02
610 5.154292e-07 4.325208e-03
611 7.036586e-04 3.010473e-01
612 2.376749e-06 2.566819e-02
613 6.036198e-06 1.894068e-02
614 3.368114e-06 2.635077e-02
615 5.925180e-07 1.033766e-02
616 1.833059e-09 3.281084e-03
617 1.793754e-05 1.313139e-02
618 2.438953e-08 4.232540e-03
619 5.397467e-08 5.032377e-03
620 1.975443e-08 5.447773e-03
621 1.827965e-04 6.808908e-02
622 2.204613e-08 5.943666e-03
623 1.000375e-08 7.249374e-03
624 2.379280e-07 6.027043e-03
625 1.222562e-07 4.557720e-03
626 3.914545e-03 6.946380e-01
627 8.668417e-07 5.014805e-03
628 1.471308e-07 1.266903e-02
629 6.058804e-05 6.184899e-02
630 6.260708e-05 3.756064e-02
631 4.741274e-05 2.805774e-02
632 3.414574e-06 3.868960e-02
633 5.493476e-09 6.070203e-03
634 9.687306e-08 5.297631e-03
635 8.983556e-08 5.172940e-03
636 8.109432e-08 7.257402e-03
637 7.227538e-07 1.366600e-02
638 1.056328e-08 8.794360e-03
639 2.941693e-07 1.531845e-02
640 3.324996e-08 4.770299e-03
641 1.544240e-08 5.577084e-03
642 2.875801e-08 6.947276e-03
643 1.450247e-06 3.489496e-02
644 1.190132e-06 6.328002e-03
645 7.962497e-07 1.248469e-02
646 1.071971e-07 1.907376e-02
647 3.198585e-07 7.617294e-03
648 3.599713e-06 2.660227e-02
649 7.649987e-08 1.060246e-02
650 5.683889e-08 5.741302e-03
651 1.218641e-08 6.389041e-03
652 6.548433e-08 7.579641e-03
653 1.149067e-03 4.170738e-01
654 1.610237e-04 8.457593e-02
655 1.194756e-08 2.905004e-03
656 3.642975e-05 3.151245e-02
657 2.757428e-03 6.505012e-01
658 1.219153e-05 2.508279e-02
659 1.406736e-07 1.340418e-02
660 9.922791e-07 1.389905e-02
661 1.608192e-06 3.500136e-02
662 5.324004e-05 2.294722e-01
663 1.087103e-06 1.398364e-02
664 2.105897e-06 1.455304e-02
665 9.133623e-07 1.668031e-02
666 4.771487e-06 3.166352e-02
667 1.241291e-05 1.893968e-02
668 2.920384e-07 7.032979e-03
669 1.367803e-06 2.991807e-02
670 1.004423e-04 4.578332e-02
671 1.757113e-05 4.034115e-02
672 1.012777e-07 6.952906e-03
673 3.450333e-05 1.700959e-01
674 1.269088e-06 7.416887e-03
675 3.875818e-04 2.224794e-01
676 1.604157e-07 1.669661e-02
677 8.483039e-05 4.012744e-02
678 8.776080e-08 8.050864e-03
679 2.171081e-04 1.247346e-01
680 3.221835e-08 3.443988e-03
681 1.407626e-06 1.334141e-02
682 5.851289e-03 9.030567e-01
683 8.034845e-07 1.570824e-02
684 2.596732e-03 3.195673e-01
685 1.793620e-07 8.805307e-03
686 1.063692e-03 3.569194e-01
687 3.183482e-06 7.858947e-03
688 1.915425e-07 8.265297e-03
689 2.097439e-07 9.024556e-03
690 6.450898e-06 1.446772e-02
691 8.723661e-07 1.518173e-02
692 5.970955e-07 1.185644e-02
693 1.092607e-06 9.368739e-03
694 6.565684e-06 5.916310e-03
695 1.094642e-05 9.552713e-03
696 4.530351e-04 1.341433e-01
697 9.076469e-06 8.155631e-02
698 1.928233e-04 1.811406e-01
699 1.300766e-06 1.670162e-02
700 3.073154e-04 3.698637e-02
701 1.805211e-06 9.401485e-03
702 2.664423e-05 1.619760e-02
703 1.220390e-06 7.265394e-03
704 5.150529e-04 5.266682e-02
705 9.376880e-05 1.719314e-02
706 4.320275e-05 1.582496e-02
707 3.399445e-05 9.987283e-03
708 1.108179e-03 5.211089e-01
709 6.084127e-06 2.439647e-02
710 2.150481e-03 1.618486e-01
711 7.351429e-05 9.593083e-02
712 2.244933e-05 4.015088e-02
713 9.755376e-06 3.599706e-02
714 6.207093e-06 2.008947e-02
715 1.063568e-07 6.484893e-03
716 1.496486e-06 1.806194e-02
717 2.007045e-05 3.203536e-02
718 1.821822e-05 1.298204e-02
719 7.571324e-06 1.211606e-02
720 2.330153e-05 2.019700e-02
721 2.562460e-04 5.193464e-02
722 5.304713e-05 3.641020e-02
723 1.304943e-04 9.185468e-02
724 5.786540e-07 6.878892e-03
725 4.749227e-06 7.287252e-03
726 2.715266e-06 1.221807e-02
727 4.799514e-04 4.549494e-01
728 2.068364e-07 1.271343e-02
729 5.473459e-06 1.409952e-02
730 5.383793e-06 1.786780e-02
731 3.257577e-06 6.775083e-03
732 8.050901e-06 8.537140e-03
733 1.180498e-06 1.038476e-02
734 5.320510e-06 1.472493e-02
735 2.936418e-05 1.430897e-02
736 8.136380e-07 1.989654e-02
737 7.045166e-04 3.504939e-01
738 1.103647e-05 5.231517e-02
739 7.948953e-06 1.167802e-02
740 1.933015e-05 1.435934e-02
741 3.140384e-06 1.016489e-02
742 4.451613e-05 6.307753e-02
743 3.254671e-05 2.136897e-02
744 1.217787e-04 3.981243e-02
745 1.554718e-04 4.849295e-02
746 5.501325e-06 9.920820e-03
747 2.882429e-05 1.361124e-02
748 9.904404e-08 6.036248e-03
749 1.302866e-06 2.862969e-02
750 4.567609e-05 6.787047e-02
751 2.332868e-07 8.194252e-03
752 4.533422e-07 1.135593e-02
753 5.629496e-04 3.057254e-01
754 2.170734e-05 2.042769e-02
755 5.737215e-05 7.455946e-02
756 2.853464e-07 1.078409e-02
757 1.203891e-04 9.365567e-02
758 3.420616e-07 5.466572e-03
759 2.223475e-05 3.193762e-02
760 6.211101e-04 2.400586e-01
761 7.266748e-04 1.803108e-01
762 5.557787e-07 9.886602e-03
763 9.077015e-07 1.172979e-02
764 1.908126e-06 1.087275e-02
765 6.102206e-04 3.726678e-01
766 3.378822e-04 5.901077e-01
767 1.202495e-03 3.057778e-01
768 1.122789e-03 4.046761e-01
769 2.231672e-07 1.124152e-02
770 2.135190e-07 5.034510e-03
771 3.323851e-07 4.889694e-03
772 4.388573e-07 4.745747e-03
773 5.632865e-05 1.360448e-01
774 9.269569e-07 6.579797e-03
775 6.044687e-06 1.149806e-02
776 7.796586e-07 5.704175e-03
777 1.153863e-07 1.022963e-02
778 4.583686e-04 1.459598e-01
779 9.216682e-08 8.939080e-03
780 1.340968e-06 6.316071e-03
781 2.923264e-08 5.345297e-03
782 6.112314e-08 2.403087e-03
783 3.730469e-08 3.591324e-03
784 3.250773e-06 1.852810e-02
785 1.548784e-05 1.354973e-02
786 2.230239e-06 8.003227e-03
787 6.753190e-07 9.512191e-03
788 1.308923e-07 1.146722e-02
789 1.245668e-07 8.422818e-03
790 8.233323e-05 1.012312e-01
791 2.690503e-07 4.319794e-03
792 1.166034e-07 1.031372e-02
793 5.507382e-06 1.379728e-02
794 4.120950e-04 2.564986e-01
795 2.069497e-05 1.716954e-02
796 5.008559e-07 6.016163e-03
797 1.697523e-05 9.282998e-02
798 1.928471e-07 7.388422e-03
799 1.526176e-04 9.872490e-02
800 2.992479e-06 1.873057e-02
801 9.034999e-07 1.083178e-02
802 2.297681e-04 1.395061e-01
803 3.749909e-04 4.822045e-01
804 2.008083e-07 1.071462e-02
805 4.173529e-05 5.337173e-02
806 4.554588e-05 1.321100e-01
807 2.471550e-05 5.302966e-02
808 1.585414e-07 5.938952e-03
809 8.197327e-07 2.376804e-02
810 1.550217e-08 2.326153e-03
811 1.462332e-05 1.673457e-02
812 1.368479e-07 4.278120e-03
813 2.645343e-05 3.831716e-02
814 1.822995e-06 1.366115e-02
815 6.156520e-07 1.594993e-02
816 1.628224e-03 3.040246e-01
817 1.080585e-04 9.872592e-02
818 8.816149e-08 9.981396e-03
819 2.625168e-06 1.298341e-02
820 2.435078e-06 3.724559e-02
821 8.147872e-06 4.151995e-02
822 2.968635e-06 3.366505e-02
823 1.542677e-05 1.179156e-01
824 1.575570e-03 7.112284e-01
825 2.792454e-03 6.492419e-01
826 2.635999e-04 3.515056e-01
827 8.464075e-04 1.591062e-01
828 8.977530e-04 7.297908e-01
829 1.448364e-03 7.044419e-01
830 2.118608e-05 1.186730e-02
831 3.526261e-07 4.719766e-03
832 5.000003e-07 5.163926e-03
833 1.008491e-06 1.097143e-02
834 3.109947e-06 6.628183e-03
835 1.107595e-06 6.792839e-03
836 2.840999e-06 4.914330e-03
837 2.740805e-06 9.403299e-03
838 7.972482e-06 7.929248e-03
839 2.049610e-07 4.996502e-03
840 6.553741e-06 1.856690e-02
841 9.739475e-07 7.189468e-03
842 6.604674e-07 8.575465e-03
843 4.205247e-07 9.806644e-03
844 1.836813e-06 1.965784e-02
845 5.017065e-05 3.975823e-02
846 1.139411e-04 6.554898e-02
847 2.480821e-06 8.104533e-03
848 1.631595e-06 1.361525e-02
849 1.474452e-04 5.764275e-02
850 6.675342e-07 6.169957e-03
851 2.162653e-05 6.657242e-02
852 1.813846e-07 6.362273e-03
853 4.906688e-05 1.695834e-02
854 5.986989e-07 5.860752e-03
855 1.005995e-05 1.718646e-02
856 3.557152e-09 1.482369e-03
857 9.331764e-09 1.302450e-03
858 1.352532e-08 2.049329e-03
859 3.000429e-09 1.499069e-03
860 3.884983e-05 1.238019e-01
861 1.917453e-07 6.851314e-03
862 4.045908e-08 1.591216e-03
863 1.041345e-08 1.539416e-03
864 4.242080e-09 1.393789e-03
865 1.648128e-08 1.573703e-03
866 1.773459e-08 2.066204e-03
867 1.221226e-07 1.719108e-03
868 1.172598e-09 1.362931e-03
869 3.311179e-09 1.627015e-03
870 1.082088e-08 1.532419e-03
871 1.470642e-09 1.393961e-03
872 2.261072e-08 1.880247e-03
873 2.153470e-08 1.417840e-03
874 2.911645e-08 1.404225e-03
875 1.023431e-03 2.236524e-01
876 1.127660e-09 1.443958e-03
877 1.694911e-08 1.456259e-03
878 1.235622e-08 1.900552e-03
879 5.596426e-09 1.352520e-03
880 8.562254e-09 1.371261e-03
881 1.030562e-09 1.397919e-03
882 4.042362e-08 1.821120e-03
883 2.313730e-08 1.759976e-03
884 5.115277e-08 1.476299e-03
885 1.256652e-08 1.567204e-03
886 1.084447e-06 6.585088e-03
887 1.083562e-05 9.116570e-03
888 7.333844e-07 1.153285e-02
889 2.978575e-04 9.027435e-02
890 4.332369e-07 1.985567e-02
891 4.791258e-05 9.054311e-02
892 5.512200e-04 1.424545e-01
893 8.934713e-07 5.640898e-03
894 2.522564e-06 3.713820e-03
895 4.342652e-06 8.431538e-03
896 3.064786e-06 1.486473e-02
897 2.345711e-03 7.185616e-01
898 4.545111e-06 1.901576e-02
899 7.471513e-05 7.783489e-02
900 1.037842e-05 8.675192e-03
901 3.524714e-05 7.989845e-03
902 3.073054e-06 9.078976e-03
903 2.108027e-07 6.132764e-03
904 1.717451e-04 1.123748e-01
905 1.484679e-06 2.003977e-02
906 3.173105e-05 4.948451e-02
907 2.826811e-03 9.055887e-01
908 7.155049e-08 2.760278e-03
909 1.057731e-06 3.156401e-03
910 7.421933e-08 1.577231e-03
911 3.539464e-05 7.342822e-03
912 3.991776e-07 5.049142e-03
913 6.306039e-08 1.722228e-03
914 3.147652e-07 4.909325e-03
915 2.668473e-06 3.631912e-03
916 3.661102e-04 1.292616e-01
917 1.482699e-07 2.128880e-03
918 3.913905e-08 1.782345e-03
919 3.585644e-08 1.393891e-03
920 3.334377e-07 2.526252e-03
921 1.428763e-09 1.059899e-03
922 6.046297e-08 1.427979e-03
923 3.128925e-04 7.086298e-02
924 3.994802e-06 1.730027e-02
925 1.453742e-07 1.067770e-03
926 4.655303e-06 1.453966e-02
927 4.044974e-08 1.324903e-03
928 2.058677e-06 4.075936e-03
929 8.597376e-06 1.037606e-02
930 2.493660e-07 3.651388e-03
931 1.196798e-06 3.805379e-03
932 4.669480e-09 1.484582e-03
933 1.146381e-07 1.824099e-03
934 4.365349e-06 1.170058e-02
935 1.928551e-07 1.859311e-03
936 2.364005e-08 1.194522e-03
937 5.416652e-07 2.933989e-03
938 1.645335e-07 1.793149e-03
939 3.749979e-06 3.519390e-03
940 2.673592e-06 6.446102e-03
941 7.168604e-07 5.559245e-03
942 1.468208e-07 1.626727e-03
943 6.831992e-07 2.183838e-03
944 6.361366e-05 7.388907e-03
945 6.866570e-08 2.264080e-03
946 4.271193e-06 6.295518e-03
947 3.217575e-06 3.145143e-02
948 1.790220e-07 6.922920e-03
949 7.776683e-07 1.056446e-02
950 8.703093e-08 7.913418e-03
951 3.612397e-07 1.592308e-02
952 5.407707e-05 1.757816e-02
953 2.393374e-08 8.944542e-03
954 3.717385e-08 3.085136e-03
955 4.096286e-06 3.678318e-02
956 3.704579e-09 3.053670e-03
957 3.222172e-08 8.409517e-03
958 9.476576e-08 6.809043e-03
959 2.806609e-05 4.894186e-02
960 4.164023e-07 1.909372e-02
961 4.787017e-07 9.783771e-03
962 7.913429e-07 1.267659e-02
963 1.218295e-08 3.842293e-03
964 9.881894e-06 4.067422e-02
965 3.898796e-08 5.410371e-03
966 5.901602e-05 1.086218e-01
967 1.798084e-05 5.669087e-02
968 2.948756e-07 4.738485e-03
969 1.117091e-07 8.089326e-03
970 4.011825e-07 1.673827e-02
971 3.630005e-07 3.104410e-03
972 1.395942e-06 7.505546e-03
973 9.945022e-08 9.418837e-03
974 3.267432e-08 3.278246e-03
975 2.575710e-06 6.950295e-03
976 1.265331e-03 2.172615e-01
977 1.012219e-05 7.018894e-03
978 6.357157e-05 1.632068e-02
979 4.373379e-07 2.826604e-03
980 2.491113e-08 1.232588e-03
981 2.026495e-07 4.093766e-03
982 2.120558e-06 7.966393e-03
983 1.460437e-06 3.754306e-03
984 1.302669e-05 9.693654e-03
985 3.197230e-06 4.010227e-03
986 2.641266e-06 4.070149e-03
987 6.618261e-08 1.270554e-03
988 5.011502e-07 2.504499e-03
989 2.388967e-05 8.871709e-03
990 7.226795e-07 3.759171e-03
991 6.470914e-06 7.015223e-03
992 8.778399e-07 2.324893e-03
993 2.331148e-07 2.441336e-03
994 8.232588e-08 2.148836e-03
995 6.511393e-06 3.636693e-03
996 1.352422e-06 3.182559e-03
997 8.309176e-04 8.708628e-02
998 5.692738e-06 5.952711e-03
999 1.041415e-05 4.623161e-03
1000 4.714408e-07 1.886881e-03
1001 3.775155e-08 1.573571e-03
1002 7.357159e-06 5.748758e-03
1003 2.875289e-08 1.778620e-03
1004 1.084719e-05 5.143559e-03
1005 1.247940e-07 2.912590e-03
1006 3.130352e-05 1.176792e-02
1007 5.410991e-08 2.924638e-03
1008 2.708539e-05 7.176716e-03
1009 7.101094e-08 4.058209e-03
1010 5.973684e-08 2.854841e-03
1011 3.385274e-07 3.694116e-03
1012 2.177774e-06 3.699457e-03
1013 1.577322e-08 2.066661e-03
1014 1.593590e-07 3.428443e-03
1015 6.065785e-09 2.130753e-03
1016 3.269392e-06 2.962066e-03
1017 4.742584e-07 1.778440e-03
1018 2.995558e-07 2.886562e-03
1019 3.805938e-08 4.399426e-03
1020 3.169242e-08 1.748496e-03
1021 9.847903e-06 6.818385e-03
1022 1.955001e-08 1.165566e-03
1023 1.326640e-06 2.042922e-03
1024 1.650996e-08 1.398634e-03
1025 1.199974e-06 2.377709e-03
1026 1.517648e-03 7.820624e-01
1027 1.229156e-04 1.060694e-01
1028 8.407831e-05 7.321933e-02
1029 7.702764e-05 9.427497e-02
1030 6.461471e-04 3.047018e-01
1031 2.369894e-03 4.836052e-01
1032 1.272955e-06 7.804688e-03
1033 1.920170e-05 1.867469e-02
1034 1.605261e-04 2.309094e-01
1035 1.702897e-06 4.440658e-03
1036 1.251519e-06 9.636715e-03
1037 3.593390e-05 2.828427e-02
1038 1.406775e-06 3.045147e-03
1039 5.468838e-06 1.573590e-02
1040 3.912941e-06 9.192698e-03
1041 9.454076e-06 2.569716e-02
1042 2.344788e-07 1.082262e-02
1043 8.656118e-06 1.601212e-02
1044 1.980037e-07 1.705562e-02
1045 1.026799e-06 7.557465e-03
1046 3.833895e-04 5.933007e-02
1047 6.927515e-04 1.546379e-01
1048 1.017280e-03 7.133643e-02
1049 4.334871e-06 8.869171e-03
1050 1.405284e-03 4.423033e-01
1051 1.088715e-03 2.496087e-01
1052 3.311677e-09 1.227125e-03
1053 4.625358e-09 1.821277e-03
1054 3.314059e-04 6.562270e-02
1055 8.678953e-11 1.556023e-03
1056 1.310947e-09 4.672988e-03
1057 1.099344e-08 2.139046e-03
1058 4.729391e-08 2.024833e-03
1059 5.007967e-11 1.031695e-03
1060 6.420577e-11 9.550851e-04
1061 6.581386e-06 3.013106e-03
1062 4.698622e-10 1.812577e-03
1063 4.829709e-08 3.806351e-03
1064 9.805455e-04 1.509746e-01
1065 4.911797e-06 1.620047e-02
1066 6.166903e-10 1.577853e-03
1067 2.665822e-10 1.439747e-03
1068 5.341406e-11 1.465209e-03
1069 2.043709e-10 1.614058e-03
1070 1.137064e-07 1.408259e-02
1071 2.122799e-07 5.297633e-03
1072 4.006436e-07 3.299162e-03
1073 9.933071e-07 1.931869e-02
1074 1.031413e-09 1.055188e-03
1075 1.590955e-06 2.594372e-02
1076 1.370556e-06 5.987561e-03
1077 4.988325e-06 1.614815e-02
1078 6.179865e-10 1.632442e-03
1079 1.298966e-07 5.816292e-03
1080 1.490057e-07 1.579664e-03
1081 6.580062e-11 1.460186e-03
1082 1.749579e-09 1.485693e-03
1083 4.470257e-08 1.829032e-03
1084 3.645121e-10 1.228471e-03
1085 1.267272e-08 4.319164e-03
1086 1.127117e-09 1.239959e-03
1087 7.074445e-10 1.369599e-03
1088 7.599568e-10 4.681267e-03
1089 2.791506e-09 1.234572e-03
1090 2.004278e-10 1.195611e-03
1091 1.854487e-09 1.229141e-03
1092 7.127360e-04 5.680850e-01
1093 9.307278e-08 1.876761e-02
1094 1.039442e-07 1.384347e-02
1095 7.320809e-09 1.692808e-03
1096 2.987078e-10 1.481493e-03
1097 1.790644e-08 4.826320e-03
1098 1.280629e-06 7.848487e-03
1099 1.600981e-07 3.259594e-03
1100 6.577925e-08 2.807457e-03
1101 3.843496e-06 5.022563e-03
1102 2.477672e-08 3.181079e-03
1103 6.967218e-08 2.753696e-03
1104 3.348680e-05 6.897519e-02
1105 5.419436e-09 1.530074e-03
1106 4.710448e-10 2.235582e-03
1107 1.506940e-09 3.128500e-03
1108 2.621464e-08 1.737447e-03
1109 1.281172e-09 2.022613e-03
1110 9.949384e-08 4.732992e-03
1111 2.762587e-09 3.955431e-03
1112 1.506419e-05 3.985544e-02
1113 3.474282e-06 1.740222e-02
1114 2.857452e-08 2.056846e-03
1115 5.295584e-05 3.507489e-02
1116 4.959964e-10 1.479012e-03
1117 2.916005e-08 1.611040e-03
1118 9.608315e-07 6.665781e-03
1119 3.620967e-06 2.373810e-02
1120 1.131141e-07 4.046314e-03
1121 2.440385e-07 6.846265e-03
1122 2.294574e-07 4.099280e-03
1123 7.394218e-08 2.483940e-03
1124 1.311725e-07 3.786787e-03
1125 5.342408e-07 4.711188e-03
1126 4.382529e-07 5.116323e-03
1127 7.742611e-08 3.876697e-03
1128 5.931939e-07 4.587101e-03
1129 6.427140e-07 3.301358e-03
1130 2.195855e-06 5.091889e-03
1131 9.879283e-05 6.363923e-02
1132 2.967809e-04 2.167760e-01
1133 5.239475e-06 4.405378e-02
1134 2.399088e-07 9.167210e-03
1135 4.129292e-07 2.425014e-03
1136 7.177748e-07 4.821087e-03
1137 6.738910e-07 5.504796e-03
1138 1.196502e-05 1.443624e-02
1139 2.733326e-08 5.255478e-03
1140 2.778926e-04 2.576968e-01
1141 1.446095e-05 3.694685e-02
1142 1.749754e-06 9.360631e-03
1143 2.121469e-07 6.780433e-03
1144 1.741607e-06 3.732578e-02
1145 5.094458e-08 9.206588e-03
1146 7.769323e-05 8.592428e-02
1147 5.911859e-06 4.393171e-02
1148 3.578556e-05 2.270037e-02
1149 2.766906e-06 1.222259e-02
1150 2.663467e-06 1.166837e-02
1151 4.045342e-05 2.356983e-02
1152 1.593000e-06 6.374995e-03
1153 4.019131e-07 4.804824e-03
1154 2.547009e-05 1.258686e-02
1155 1.509546e-05 2.679413e-02
1156 5.325929e-05 4.073946e-02
1157 2.204740e-04 7.385177e-02
1158 1.494738e-06 1.515885e-02
1159 3.398465e-04 1.952831e-01
1160 1.538621e-05 1.178460e-02
1161 7.686970e-07 7.542604e-03
1162 6.698810e-05 5.059692e-02
1163 3.510853e-04 2.710195e-01
1164 6.495147e-05 2.713493e-02
1165 7.811791e-05 2.372255e-02
1166 3.863455e-05 5.054582e-02
1167 5.803324e-05 3.917604e-02
1168 9.043615e-05 3.140561e-02
1169 1.213274e-04 5.066054e-02
1170 5.781833e-05 3.930025e-02
1171 8.164328e-06 9.096689e-03
1172 3.105748e-06 2.604056e-02
1173 4.279271e-04 2.763373e-01
1174 2.211463e-04 2.149540e-01
1175 1.528604e-05 3.899326e-02
1176 2.032351e-03 1.999405e+00
1177 2.644733e-07 3.110077e-03
1178 8.658515e-05 3.388005e-02
1179 7.698815e-06 2.401440e-02
1180 9.439215e-05 1.042448e-01
1181 3.885457e-05 2.344338e-02
1182 1.200589e-04 6.765094e-02
1183 7.185893e-05 3.127838e-02
1184 1.389861e-03 1.770367e-01
1185 1.081112e-03 2.049757e-01
1186 7.873101e-05 3.085673e-02
1187 1.990625e-06 9.441330e-03
1188 9.432699e-06 1.048824e-02
1189 1.691535e-04 4.467643e-02
1190 6.462505e-04 2.668603e-01
1191 1.892228e-04 3.820012e-02
1192 2.121875e-04 1.033139e-01
1193 1.061537e-04 4.435864e-02
1194 3.329986e-04 2.003816e-01
1195 5.892264e-04 6.791538e-02
1196 7.729589e-04 1.872438e-01
1197 2.411315e-04 7.230278e-02
1198 1.615647e-05 2.892310e-02
1199 5.852185e-04 7.059482e-02
1200 3.607284e-04 1.883262e-01
1201 2.724069e-05 2.800430e-02
1202 3.295910e-06 1.641282e-02
1203 2.440510e-04 4.621282e-02
1204 1.482525e-04 8.317284e-02
1205 3.456610e-08 4.861488e-03
1206 1.438361e-06 1.818975e-02
1207 7.088884e-08 3.644870e-03
1208 1.615851e-04 1.079628e-01
1209 1.989522e-06 8.972592e-03
1210 2.255031e-08 8.345243e-03
1211 5.191231e-08 3.596000e-03
1212 1.551679e-05 5.765168e-03
1213 1.077410e-06 7.506947e-03
1214 4.886965e-06 9.159831e-03
1215 4.140884e-07 3.469952e-02
1216 9.518308e-10 4.242194e-03
1217 1.876896e-04 2.674760e-01
1218 8.828677e-07 6.750384e-03
1219 1.165346e-07 1.284309e-03
1220 2.013444e-07 3.402458e-03
1221 2.216720e-06 8.446191e-03
1222 1.538173e-03 3.419532e-01
1223 3.453394e-07 2.069483e-03
1224 2.293900e-06 2.245866e-03
1225 3.384018e-04 6.926336e-02
1226 2.296034e-09 2.309887e-03
1227 2.097733e-03 4.599787e-01
1228 1.452991e-05 1.089027e-02
1229 9.738159e-09 1.268922e-03
1230 1.827533e-06 2.671009e-03
1231 1.714661e-06 1.831605e-03
1232 3.405652e-08 2.022383e-03
1233 1.726345e-07 2.250503e-03
1234 4.613267e-05 5.610893e-03
1235 1.612528e-07 2.556851e-03
1236 1.378105e-06 2.961899e-03
1237 1.595586e-05 4.118059e-03
1238 1.275484e-05 4.410494e-03
1239 2.626529e-07 2.328570e-03
1240 1.054309e-03 8.479947e-01
1241 1.235519e-05 6.023349e-03
1242 2.150715e-05 4.754157e-03
1243 1.142783e-06 4.235370e-03
1244 6.439005e-06 4.140418e-03
1245 2.048317e-06 2.917197e-03
1246 2.093287e-06 2.880759e-03
1247 2.653031e-04 2.654275e-02
1248 1.686929e-05 4.640817e-02
1249 8.566509e-07 1.100985e-02
1250 1.102231e-04 2.590370e-02
1251 2.052300e-05 1.955587e-02
1252 5.442698e-06 1.722651e-02
1253 1.498194e-06 1.513140e-02
1254 5.195487e-06 8.457923e-03
1255 1.495301e-03 4.144708e-01
1256 5.721262e-06 9.111235e-03
1257 3.435685e-03 1.155614e+00
1258 2.679763e-04 9.085355e-02
1259 4.044709e-04 2.529188e-01
1260 4.737288e-04 3.897282e-02
1261 1.310623e-08 1.847559e-03
1262 1.567591e-03 3.107706e-01
1263 8.861869e-07 5.500770e-03
1264 1.377871e-04 8.634574e-02
1265 2.967022e-06 3.365796e-03
1266 1.088769e-07 6.921252e-03
1267 1.205968e-08 1.942460e-03
1268 1.289470e-05 7.299118e-03
1269 1.225045e-04 6.695169e-02
1270 1.222343e-04 8.216795e-02
1271 6.081101e-06 1.117280e-02
1272 7.540475e-07 3.319408e-03
1273 1.113010e-06 6.697887e-03
1274 1.290796e-05 2.183329e-02
1275 2.619580e-04 9.300635e-02
1276 2.731025e-04 1.184022e-01
1277 1.398292e-05 1.235440e-01
1278 5.145843e-04 2.094775e-01
1279 1.773926e-06 5.938438e-03
1280 5.419771e-07 7.389601e-03
1281 2.347163e-07 8.541752e-03
1282 2.205776e-06 1.550224e-02
1283 1.330438e-06 1.305545e-02
1284 8.586395e-04 2.740172e-01
1285 1.555314e-05 3.507737e-02
1286 2.019373e-04 1.358351e-01
1287 3.522913e-08 7.190750e-03
1288 2.524772e-05 1.226269e-01
1289 6.890644e-05 1.432101e-01
1290 4.036966e-09 1.825219e-03
1291 2.191770e-05 8.134681e-02
1292 1.538876e-06 1.588242e-02
1293 1.412342e-04 2.094186e-01
1294 2.348188e-07 2.436085e-03
1295 1.580380e-05 1.800391e-02
1296 5.735191e-05 2.134725e-02
1297 5.888557e-04 4.198475e-01
1298 3.746309e-04 1.959934e-01
1299 4.312089e-05 2.178276e-02
1300 1.486393e-03 4.443744e-01
1301 1.367974e-05 4.786319e-03
1302 8.565519e-07 3.774052e-03
1303 8.454234e-05 3.714369e-02
1304 8.459313e-05 5.275111e-02
1305 4.967855e-04 1.270539e-01
1306 7.155065e-04 5.329111e-02
1307 1.701285e-03 2.564483e-01
1308 2.896102e-06 1.040255e-02
1309 1.398516e-03 3.371693e-01
1310 1.587424e-03 4.322524e-01
1311 7.411717e-04 1.853767e-01
1312 6.227933e-03 1.095701e+00
1313 5.364237e-07 4.947611e-03
1314 1.233849e-04 4.768681e-02
1315 2.513123e-07 6.027075e-03
1316 2.578531e-09 4.991493e-03
1317 1.551439e-08 3.432055e-03
1318 1.009356e-07 2.007147e-03
1319 6.083606e-09 2.521026e-03
1320 1.531110e-07 4.480637e-03
1321 2.021185e-08 4.118582e-03
1322 1.629707e-09 1.540470e-03
1323 9.684716e-07 1.496805e-02
1324 3.506598e-06 3.284206e-03
1325 7.629806e-07 6.788887e-03
1326 2.857878e-06 8.305050e-03
1327 5.756682e-07 1.021066e-02
1328 6.353257e-06 7.398182e-03
1329 1.194326e-10 2.764876e-03
1330 7.873330e-07 9.823429e-03
1331 4.233162e-04 1.646195e-01
1332 3.825104e-04 2.360284e-01
1333 2.057443e-05 3.305206e-02
1334 3.394157e-07 2.101492e-02
1335 2.090936e-04 3.052969e-02
1336 8.428397e-06 1.054198e-02
1337 1.588718e-05 6.305198e-03
1338 1.344713e-04 3.252660e-02
1339 1.680457e-05 2.920269e-02
1340 4.533399e-06 1.026634e-02
1341 1.853201e-05 8.676244e-03
1342 3.942015e-08 1.658211e-03
1343 2.935739e-03 5.671775e-01
1344 1.523476e-07 5.163183e-03
1345 1.583104e-03 3.951596e-01
1346 2.919482e-04 8.523564e-02
1347 1.394716e-04 9.249841e-02
1348 6.712130e-05 2.898407e-02
1349 1.401943e-06 1.328411e-02
1350 6.504483e-04 7.062840e-01
1351 1.331793e-03 3.493588e-01
1352 1.931838e-03 4.162362e-01
1353 1.835790e-09 3.320853e-03
1354 6.917688e-08 3.136170e-03
1355 9.993248e-05 4.215408e-02
1356 5.142038e-07 4.596201e-03
1357 3.908538e-07 5.436462e-03
1358 2.356165e-03 3.982149e-01
1359 1.243999e-06 2.569864e-02
1360 6.104801e-06 5.561023e-03
1361 1.862053e-05 1.428633e-02
1362 1.410336e-06 3.781569e-03
1363 5.588493e-09 1.349190e-03
1364 4.526637e-08 1.292002e-03
1365 2.291852e-08 1.907924e-03
1366 4.286915e-07 7.142115e-03
1367 9.523338e-06 3.763044e-02
1368 5.188020e-07 3.343126e-03
1369 5.996874e-08 2.316004e-03
1370 1.550601e-08 1.156138e-03
1371 3.627598e-06 2.803635e-03
1372 1.094376e-07 1.247736e-03
1373 8.652084e-08 2.051255e-03
1374 1.518103e-06 9.119092e-03
1375 6.932971e-04 2.193275e-01
1376 5.590769e-05 2.899213e-02
1377 6.267196e-04 7.426415e-02
1378 1.869749e-07 1.157806e-02
1379 3.583155e-04 1.095439e-01
1380 5.843623e-05 6.378012e-02
1381 4.474081e-07 2.253337e-02
1382 2.059011e-07 2.284980e-03
1383 6.098427e-06 7.708874e-03
1384 8.432759e-04 4.460157e-01
1385 9.271976e-06 4.188032e-02
1386 8.879142e-05 1.686542e-01
1387 1.660863e-03 6.053977e-01
1388 1.939893e-03 5.042755e-01
1389 8.408238e-06 7.997211e-03
1390 6.870747e-04 2.067918e-01
1391 8.753479e-06 1.848945e-02
1392 2.262810e-07 1.608897e-02
1393 8.823435e-07 3.086066e-03
1394 2.882940e-07 1.087953e-02
1395 3.031609e-05 4.320771e-02
1396 2.351752e-06 5.253950e-03
1397 3.597746e-07 4.611375e-03
1398 1.236862e-03 4.829866e-01
1399 1.997890e-05 1.870250e-02
1400 4.399264e-06 8.738170e-03
1401 1.317363e-04 6.149703e-02
1402 7.612848e-07 4.029508e-03
1403 2.212706e-05 4.934806e-03
1404 7.074056e-05 4.173675e-02
1405 8.539145e-08 2.191418e-03
1406 6.169988e-05 1.950472e-02
1407 1.509393e-07 2.703004e-03
1408 1.861113e-08 2.398132e-03
1409 2.075314e-04 4.917383e-02
1410 1.346289e-03 1.738521e-01
1411 2.738053e-05 1.588834e-01
1412 7.716157e-04 2.905937e-01
1413 7.282542e-07 2.482087e-03
1414 2.649555e-03 6.802430e-01
1415 3.481574e-08 3.233940e-03
1416 2.701440e-05 5.765489e-03
1417 1.051921e-04 1.148118e-02
1418 2.991016e-06 3.956549e-03
1419 3.841493e-04 1.110518e-01
1420 1.463590e-03 3.726477e-01
1421 2.205068e-04 1.553738e-01
1422 3.453127e-04 7.844788e-02
1423 2.846221e-03 4.455122e-01
1424 3.593055e-07 9.893296e-03
1425 6.894207e-04 8.443999e-01
1426 1.063787e-03 4.549976e-01
1427 1.533859e-05 4.290452e-02
1428 8.729447e-05 1.655357e-02
1429 8.985310e-06 1.134003e-02
1430 4.892153e-05 4.495160e-02
1431 8.835688e-05 4.236620e-02
1432 5.042312e-04 8.513546e-02
1433 1.322684e-07 7.798232e-03
1434 2.854314e-07 3.259572e-02
1435 2.715279e-05 6.300722e-02
1436 3.132329e-04 4.055579e-01
1437 2.183386e-06 4.773070e-03
1438 5.746348e-05 9.506576e-03
1439 7.835964e-04 9.789534e-01
1440 1.374671e-04 7.060912e-02
1441 3.538193e-03 5.159083e-01
1442 1.413119e-09 2.166477e-03
1443 1.169804e-06 5.631635e-02
1444 6.085266e-07 3.604741e-02
1445 2.812378e-06 4.713781e-02
1446 5.525470e-07 6.432837e-03
1447 9.655848e-04 3.875356e-02
1448 5.912515e-07 9.877916e-03
1449 4.478444e-04 1.221340e-01
1450 8.252595e-05 1.268355e-01
1451 5.842234e-08 1.811284e-03
1452 3.242177e-07 1.409832e-02
1453 1.376201e-06 2.031339e-03
1454 5.817732e-08 1.287438e-02
1455 6.239454e-09 4.418566e-03
1456 5.168330e-05 9.561543e-03
1457 2.338448e-08 5.411252e-03
1458 1.214362e-08 2.874930e-03
1459 3.479153e-05 8.702668e-03
1460 1.643275e-07 4.508804e-03
1461 4.889727e-08 7.681353e-03
1462 1.882330e-07 8.563654e-03
1463 1.854699e-05 3.450998e-02
1464 1.366595e-03 7.749599e-01
1465 6.667557e-04 3.969364e-01
1466 6.336072e-04 3.860454e-01
1467 1.579234e-04 4.437415e-02
1468 2.261803e-03 7.659899e-01
1469 2.275989e-03 4.729396e-01
1470 2.398796e-04 3.698750e-02
1471 1.113634e-04 2.054448e-02
1472 2.451948e-04 1.217293e-01
1473 1.703721e-08 2.958636e-03
1474 1.737444e-08 1.252684e-02
1475 4.961771e-08 4.535160e-03
1476 1.863967e-05 8.537169e-03
1477 1.843048e-03 3.075068e-01
1478 1.982906e-06 2.843333e-02
1479 7.673548e-04 1.282088e-01
1480 7.206418e-04 1.556353e-01
1481 4.111971e-06 3.430006e-02
1482 2.827189e-05 6.475755e-02
1483 9.036752e-06 1.186306e-02
1484 1.810607e-05 7.675609e-03
1485 2.852070e-05 8.383331e-03
1486 2.642879e-03 3.211553e-01
1487 1.024277e-05 1.460549e-02
1488 1.267067e-04 4.340326e-02
1489 1.319994e-04 1.303574e-02
1490 2.713469e-05 7.385695e-03
1491 1.669792e-03 2.332553e-01
1492 2.367617e-05 2.245729e-02
1493 2.374968e-06 5.395873e-03
1494 1.717758e-05 2.214089e-02
1495 4.543280e-04 3.493965e-01
1496 6.189230e-05 1.085298e-02
1497 2.777693e-04 1.146125e-01
1498 1.772945e-03 7.016527e-01
1499 2.326945e-04 6.177055e-02
1500 1.790362e-06 1.029117e-02
1501 9.733157e-04 1.526047e-01
1502 7.272973e-04 1.548320e-01
1503 3.205112e-04 3.896772e-02
1504 2.300034e-03 6.312454e-01
1505 1.029449e-05 7.107960e-02
1506 7.713173e-07 1.709936e-03
1507 1.373251e-03 2.365299e-01
1508 7.367902e-04 8.798929e-01
1509 2.371913e-06 4.368961e-03
1510 1.890193e-07 3.751028e-03
1511 1.627678e-03 2.439651e-01
1512 1.956132e-07 1.064146e-03
1513 4.080646e-07 1.732675e-02
1514 6.176075e-08 5.216847e-03
1515 1.045367e-05 1.019439e-02
1516 6.537180e-05 1.102871e-01
1517 4.386006e-06 1.729873e-02
1518 2.519367e-05 8.567106e-02
1519 2.119382e-09 1.807262e-03
1520 1.225519e-04 7.328310e-02
1521 5.909813e-08 2.451213e-03
1522 6.691297e-08 4.724114e-03
1523 6.262614e-06 7.465822e-03
1524 4.406772e-04 3.587648e-01
1525 2.987316e-05 5.355318e-02
1526 7.728110e-06 2.394963e-02
1527 1.252517e-04 8.864823e-02
1528 3.213150e-05 9.520654e-03
1529 8.812897e-05 2.749591e-02
1530 1.795661e-06 7.285894e-03
1531 5.663463e-04 1.150733e-01
1532 5.601379e-06 2.055653e-02
1533 9.034630e-05 1.137894e-01
1534 3.174495e-03 4.664212e-01
1535 2.661448e-03 5.532568e-01
1536 2.641649e-04 3.199572e-01
1537 5.215381e-07 8.416027e-03
1538 4.584881e-05 3.872701e-01
1539 2.000718e-05 2.680433e-02
1540 2.302842e-07 4.667783e-02
1541 5.858614e-04 2.521536e-01
1542 2.293371e-03 1.298482e+00
1543 1.198509e-07 5.585428e-03
1544 1.263252e-06 1.680885e-02
1545 7.262973e-09 3.642754e-03
1546 1.129933e-04 1.591774e-01
1547 4.569766e-05 3.805856e-02
1548 3.158797e-07 3.961603e-02
1549 5.505352e-09 2.624531e-03
1550 1.213392e-03 5.358765e-02
1551 2.052447e-06 1.650253e-02
1552 5.537886e-08 1.274883e-03
1553 1.931114e-07 3.199644e-03
1554 2.313416e-03 4.483419e-01
1555 1.406268e-03 3.322098e-01
1556 7.865635e-06 4.120645e-02
1557 1.152008e-03 2.419813e-01
1558 4.133294e-04 3.314356e-01
1559 3.104652e-03 3.863769e-01
1560 3.201462e-06 5.694452e-03
1561 5.740424e-04 6.979680e-02
1562 5.893736e-06 1.412042e-02
1563 3.211429e-03 1.733354e-01
1564 5.016880e-07 8.056269e-03
1565 2.246730e-04 8.292604e-02
1566 3.943858e-05 3.433948e-02
1567 3.523703e-06 7.859498e-03
1568 4.699969e-04 3.012055e-02
1569 1.570211e-04 4.662420e-02
1570 6.097721e-04 8.559681e-02
1571 1.938464e-04 6.814481e-02
1572 6.284583e-09 1.951032e-03
1573 1.518376e-03 2.085276e-01
1574 3.334913e-07 5.625925e-03
1575 1.017576e-05 2.313496e-02
1576 1.675986e-05 1.640967e-02
1577 1.829051e-04 3.428287e-01
1578 1.870908e-07 6.670278e-03
1579 1.312660e-04 3.014599e-02
1580 1.144507e-08 2.504432e-03
1581 5.202730e-06 5.862194e-03
1582 6.434907e-06 7.323036e-03
1583 6.647032e-04 1.304946e-01
1584 1.388979e-05 9.462286e-03
1585 1.209160e-03 5.326232e-01
1586 1.000596e-03 5.019545e-01
1587 1.705728e-04 1.534696e-01
1588 6.748041e-04 2.330946e-01
1589 5.232932e-04 2.194267e-01
1590 5.611032e-04 3.274765e-01
1591 5.668968e-05 6.230704e-02
1592 5.755606e-05 3.763522e-02
1593 2.535233e-04 1.384503e-01
1594 6.916650e-05 5.024862e-02
1595 4.751267e-04 3.758175e-02
1596 7.468732e-05 3.232919e-02
1597 2.838897e-04 3.983259e-02
1598 1.735558e-04 1.362678e-01
1599 8.848230e-06 4.240797e-03
1600 5.398674e-04 1.722884e-01
1601 4.476137e-06 1.620815e-03
1602 5.677009e-03 7.267568e-01
1603 2.039668e-07 2.587547e-03
1604 1.634849e-08 2.526114e-03
1605 5.102499e-04 1.172536e-01
1606 1.075627e-09 2.940785e-03
1607 3.243586e-08 1.978269e-03
1608 2.591419e-07 2.088163e-03
1609 9.056976e-04 1.008109e-01
1610 8.779883e-04 1.167351e-01
1611 5.409220e-11 1.884621e-03
1612 4.838910e-08 2.242716e-03
1613 1.325367e-05 4.368365e-03
1614 1.665104e-06 5.441969e-03
1615 9.962003e-04 2.555515e-01
1616 2.916844e-04 1.514626e-01
1617 3.949098e-04 1.838315e-01
1618 1.947197e-04 7.314568e-02
1619 5.923554e-04 6.435476e-01
1620 2.120842e-06 1.116050e-02
1621 1.872374e-04 1.416366e-01
1622 5.994369e-07 5.904124e-03
1623 1.827681e-05 5.330853e-02
1624 2.516020e-07 5.297569e-03
1625 1.308601e-08 1.697583e-03
1626 7.228048e-08 9.852907e-03
1627 4.969616e-07 6.885937e-03
1628 2.678061e-09 1.990249e-03
1629 3.917030e-04 8.690141e-02
1630 2.486140e-09 1.722733e-03
1631 1.929972e-06 1.215289e-02
1632 1.138058e-07 1.016731e-02
1633 5.527963e-05 4.880852e-02
1634 1.602027e-03 6.966565e-01
1635 9.423798e-04 4.361886e-01
1636 2.666898e-03 1.193425e+00
1637 3.453687e-04 1.514939e-01
1638 1.417173e-03 7.855102e-02
1639 3.529261e-03 9.606338e-01
1640 9.872061e-04 1.791696e-01
1641 6.258203e-04 3.598621e-01
1642 4.988010e-04 9.686760e-02
1643 3.861837e-05 5.640293e-02
1644 6.843663e-04 1.530111e-01
1645 5.763993e-08 1.658349e-03
1646 4.138591e-04 6.028480e-02
1647 1.066427e-03 3.440900e-01
1648 2.865997e-06 6.549699e-03
1649 1.373942e-04 3.297672e-02
1650 1.001109e-03 3.967596e-01
1651 8.473887e-05 5.485054e-03
1652 4.400403e-03 7.584971e-01
1653 2.021670e-03 7.205796e-01
1654 7.717734e-07 2.834080e-03
1655 3.002315e-06 8.592859e-03
1656 2.732753e-09 3.791128e-03
1657 4.351226e-08 1.274419e-03
1658 4.129655e-07 3.461072e-03
1659 3.471332e-06 1.099585e-02
1660 9.876906e-10 2.013553e-03
1661 5.705726e-04 1.343229e-01
1662 2.496355e-08 8.358849e-03
1663 8.659921e-05 7.145290e-02
1664 7.035137e-09 7.017573e-03
1665 8.760000e-04 9.060131e-02
1666 4.696750e-05 1.027363e-01
1667 5.856937e-05 6.579253e-02
1668 3.145885e-06 3.119954e-03
1669 1.811508e-06 6.455849e-03
1670 1.424464e-06 1.139311e-02
1671 1.231020e-07 4.712254e-03
1672 1.661764e-05 3.250072e-02
1673 1.698368e-04 6.933690e-02
1674 4.667434e-06 4.050151e-03
1675 3.621333e-04 3.613127e-02
1676 2.514894e-08 1.486454e-03
1677 2.680295e-05 2.015705e-02
1678 7.287816e-05 3.110646e-01
1679 1.047203e-05 1.434256e-02
1680 8.268762e-06 1.867157e-02
1681 5.059589e-04 9.614359e-02
1682 1.656637e-06 8.418126e-03
1683 1.997501e-07 1.426636e-02
1684 2.346339e-07 7.032936e-03
1685 6.616824e-10 2.228338e-03
1686 1.762656e-05 4.901403e-02
1687 1.901455e-05 2.200445e-02
1688 2.238807e-08 1.180575e-03
1689 4.537475e-06 4.565192e-02
1690 4.624341e-06 1.128478e-02
1691 1.448894e-04 7.286874e-02
1692 1.125196e-03 7.503695e-01
1693 1.572585e-03 6.141274e-01
1694 1.415666e-03 1.808142e-01
1695 6.214245e-07 9.209515e-03
1696 7.987068e-08 3.057124e-03
1697 1.541205e-08 6.227876e-03
1698 1.332785e-03 1.255106e-01
1699 9.711869e-07 1.729536e-02
1700 1.847378e-04 3.921497e-02
1701 1.152787e-06 1.061228e-02
1702 3.128650e-07 6.259911e-03
1703 5.035164e-06 1.640763e-02
1704 2.573838e-06 7.242159e-03
1705 1.555342e-03 4.114385e-01
1706 1.737173e-05 5.411486e-02
1707 1.582167e-06 3.514253e-03
1708 1.168912e-10 2.066071e-03
1709 1.923550e-10 5.400184e-03
1710 2.386224e-09 1.420053e-03
1711 5.041190e-07 1.074678e-02
1712 7.921919e-07 5.661570e-03
1713 7.513975e-08 4.480399e-03
1714 1.388294e-07 6.149859e-03
1715 1.598059e-06 4.552786e-03
1716 6.641248e-08 6.169173e-03
1717 2.642328e-09 2.196793e-03
1718 2.826596e-07 1.828315e-02
1719 7.691621e-12 1.983143e-03
1720 5.312691e-07 4.848383e-03
1721 2.099978e-09 1.542979e-03
1722 3.454890e-07 1.301636e-02
1723 3.943321e-10 1.305800e-03
1724 2.544354e-10 1.416021e-03
1725 1.187413e-07 1.941256e-03
1726 9.441464e-07 3.786997e-02
1727 4.350979e-08 1.036210e-02
1728 7.789932e-09 2.570589e-03
1729 5.283471e-06 1.430806e-02
1730 1.047136e-07 4.524442e-03
1731 4.134630e-08 4.023834e-03
1732 1.401472e-03 1.161994e-01
1733 3.233255e-04 2.613867e-01
1734 7.098313e-04 4.216696e-01
1735 9.261868e-06 7.515562e-02
1736 1.223304e-07 7.933853e-03
1737 5.408839e-06 9.251393e-03
1738 6.237229e-04 2.446562e-01
1739 2.727649e-03 2.934867e-01
1740 1.189729e-05 2.498087e-02
1741 7.901648e-11 1.330461e-03
1742 6.949383e-08 1.708093e-03
1743 4.494437e-08 4.122989e-03
1744 1.813584e-08 2.077889e-03
1745 2.468773e-10 2.243328e-03
1746 1.225825e-07 8.581030e-03
1747 1.498175e-06 2.368176e-02
1748 3.820424e-05 1.191088e-02
1749 1.193581e-06 7.020031e-03
1750 1.740960e-06 8.808686e-03
1751 9.322137e-08 4.099049e-03
1752 3.178429e-08 7.634676e-03
1753 4.218979e-05 1.095760e-01
1754 6.420517e-04 4.931607e-01
1755 1.483292e-03 4.310189e-01
1756 1.135682e-06 2.004560e-02
1757 4.984809e-05 8.234865e-02
1758 1.141891e-03 7.572874e-01
1759 4.368054e-04 1.699887e-01
1760 4.165896e-04 3.140882e-01
1761 2.295665e-03 7.176503e-01
1762 1.289701e-03 7.636472e-01
1763 1.043537e-04 2.126509e-01
1764 6.528653e-05 2.747231e-02
1765 9.049282e-05 4.746478e-02
1766 9.714157e-04 2.966621e-01
1767 1.796672e-04 7.010919e-02
1768 9.007598e-06 3.627302e-02
1769 2.373963e-04 1.569066e-01
1770 1.485494e-03 1.939890e-01
1771 1.431476e-05 1.247017e-01
1772 2.729781e-08 4.457432e-03
1773 4.486584e-03 2.045836e+00
1774 4.725725e-04 3.493208e-01
1775 2.444442e-03 1.251652e+00
1776 3.039138e-04 2.446788e-01
1777 2.345972e-05 5.897259e-02
1778 8.155681e-04 7.015618e-01
1779 2.169285e-04 9.859737e-02
1780 2.834758e-05 7.243600e-02
1781 3.201044e-05 3.677144e-02
1782 2.384657e-05 3.768748e-02
1783 4.426762e-03 7.921537e-01
1784 9.463769e-05 8.023342e-02
1785 3.552016e-05 1.075145e-01
1786 1.991553e-04 3.257228e-02
1787 2.676124e-04 1.036240e-01
1788 9.503097e-04 3.711473e-01
1789 3.939974e-04 1.728309e-01
1790 1.227348e-05 2.010415e-02
1791 6.555805e-05 1.663616e-01
1792 6.563068e-04 2.940203e-01
1793 4.239070e-04 8.523019e-02
1794 2.428857e-04 3.179572e-02
1795 4.734422e-05 3.883684e-02
1796 9.225855e-05 1.190601e-01
1797 1.355355e-04 1.123804e-01
1798 9.421136e-06 5.000433e-02
1799 1.228545e-06 1.599703e-02
1800 3.874631e-04 2.117328e-01
1801 9.230050e-05 4.505315e-02
1802 5.187894e-03 6.399852e-01
1803 2.069689e-03 2.767658e-01
1804 3.959238e-04 2.950151e-01
1805 2.211128e-04 9.541178e-02
1806 6.570064e-05 7.246706e-02
1807 6.534120e-05 3.472232e-02
1808 1.281733e-03 2.890652e-01
1809 5.976894e-06 2.347156e-02
1810 2.002763e-07 9.317151e-03
1811 3.576509e-07 1.305018e-02
1812 3.347962e-05 2.440987e-02
1813 5.016088e-06 1.041598e-02
1814 6.302559e-08 2.086319e-02
1815 4.772370e-06 7.432239e-02
1816 3.940903e-06 3.046299e-02
1817 2.083002e-04 9.654164e-02
1818 1.832832e-06 4.656258e-02
1819 3.748645e-03 6.947694e-01
1820 1.402472e-04 1.602429e-01
1821 4.619673e-05 3.032735e-02
1822 2.571795e-06 2.094878e-02
1823 2.859344e-06 4.861384e-02
1824 1.285168e-03 7.606618e-02
1825 3.553425e-03 4.102633e-01
1826 5.343314e-04 1.076638e-01
1827 2.912140e-06 1.246436e-02
1828 3.020545e-06 1.812711e-02
1829 9.625414e-07 1.699792e-02
1830 1.672027e-03 1.141945e+00
1831 1.085849e-06 9.466989e-03
1832 1.303201e-04 4.370472e-02
1833 4.960276e-08 1.114072e-02
1834 2.321865e-05 2.377675e-02
1835 6.490530e-09 8.520227e-03
1836 3.133300e-06 6.703157e-03
1837 1.904412e-03 2.551114e-01
1838 5.305087e-05 3.576077e-02
1839 9.243633e-06 4.654210e-02
1840 5.317265e-05 8.543904e-02
1841 4.563662e-05 5.105673e-02
1842 6.781418e-06 2.223702e-02
1843 4.618795e-06 1.878100e-02
1844 2.214701e-06 2.146523e-02
1845 5.932144e-05 2.526882e-02
1846 7.477413e-07 7.304623e-03
1847 3.169967e-05 1.548663e-02
1848 1.589155e-06 1.281820e-02
1849 2.401054e-06 1.529332e-02
1850 1.424490e-06 9.959248e-03
1851 5.519135e-06 5.917300e-03
1852 3.971906e-07 4.823466e-03
1853 3.732949e-06 4.776297e-03
1854 1.202364e-04 1.087461e-01
1855 4.521905e-06 2.975787e-02
1856 7.250807e-05 1.064816e-01
1857 6.873349e-04 2.143871e-01
1858 1.676393e-04 1.105312e-01
1859 3.045483e-06 5.671567e-03
1860 5.141372e-04 1.112846e-01
1861 8.831241e-09 7.875900e-03
1862 1.523307e-06 9.801526e-03
1863 1.690896e-06 2.639476e-02
1864 5.554940e-04 1.695801e-01
1865 2.811150e-04 8.219878e-02
1866 1.925978e-05 5.000147e-02
1867 1.648295e-06 1.199960e-02
1868 2.494233e-08 9.838084e-03
1869 8.047845e-08 6.759692e-03
1870 1.311549e-06 1.600293e-02
1871 6.235788e-04 3.658411e-01
1872 7.515621e-05 2.520243e-01
1873 2.281531e-04 2.936771e-02
1874 7.695905e-05 9.730922e-02
1875 8.982543e-04 1.709200e-01
1876 5.442738e-05 1.163340e-02
1877 1.116134e-04 3.696713e-02
1878 3.631835e-05 9.573048e-03
1879 2.828809e-05 3.690782e-02
1880 4.558824e-05 2.149762e-02
1881 3.526829e-04 3.187605e-01
1882 3.327465e-06 6.482227e-02
1883 1.089155e-06 4.444273e-02
1884 2.625509e-05 8.808028e-02
1885 1.161569e-05 3.857034e-02
1886 8.073007e-05 1.148450e-01
1887 3.527901e-06 8.572796e-03
1888 7.187006e-07 1.630849e-02
1889 1.667110e-07 7.991753e-03
1890 1.813284e-09 5.479484e-03
1891 4.312194e-07 5.615085e-03
1892 1.089346e-06 6.012622e-03
1893 8.983347e-09 2.192640e-02
1894 1.882969e-05 6.216496e-02
1895 9.097778e-05 3.461213e-02
1896 5.518883e-07 5.044125e-03
1897 2.512595e-08 3.675555e-03
1898 7.085503e-07 3.879189e-03
1899 3.768393e-05 2.095496e-02
1900 2.551480e-05 2.307003e-02
1901 6.392366e-10 1.743902e-03
1902 2.087667e-03 3.301599e-01
1903 5.890476e-04 3.836427e-01
1904 1.109303e-04 4.051295e-02
1905 1.323579e-03 1.694824e-01
1906 1.968338e-03 6.709442e-01
1907 4.735035e-08 7.404765e-03
1908 5.202670e-07 8.163417e-03
1909 1.277686e-07 5.440600e-03
1910 1.129739e-04 3.827159e-02
1911 1.127409e-06 1.195761e-02
1912 9.081154e-05 7.561685e-02
1913 1.645114e-04 7.385008e-02
1914 1.203917e-03 1.780113e-01
1915 1.542666e-03 7.687658e-01
1916 1.324243e-03 2.607259e-01
1917 2.817296e-04 1.952940e-01
1918 5.799831e-04 2.005197e-01
1919 9.669490e-04 3.309964e-01
1920 2.578116e-05 7.110602e-02
1921 3.894695e-05 4.532273e-02
1922 3.960075e-04 2.201257e-01
1923 5.497902e-04 1.490074e-01
1924 1.081556e-03 3.827030e-01
1925 3.237490e-05 7.491656e-02
1926 1.191695e-05 2.480217e-02
1927 5.842856e-04 1.450839e-01
1928 6.736592e-04 3.472449e-01
1929 1.082766e-04 6.150693e-02
1930 9.872180e-07 6.074134e-03
1931 1.434831e-07 3.883482e-02
1932 1.846139e-07 2.589218e-02
1933 2.171786e-04 6.149299e-02
1934 2.168724e-07 7.595828e-03
1935 1.634080e-05 6.560966e-02
1936 1.158766e-05 2.229035e-02
1937 2.777683e-04 1.260937e-01
1938 5.722002e-04 1.516518e-01
1939 1.170412e-04 8.216437e-02
1940 6.275172e-05 9.994352e-02
1941 2.547544e-07 7.980152e-03
1942 8.319344e-05 1.717870e-01
1943 5.106095e-05 1.278237e-01
1944 8.976630e-06 3.709754e-02
1945 1.505066e-05 1.354966e-02
1946 7.673243e-05 1.392547e-01
1947 5.857358e-05 2.400010e-02
1948 7.495951e-04 1.445822e-01
1949 4.771087e-03 6.373326e-01
1950 1.207842e-03 2.317791e-01
1951 5.397538e-04 3.406778e-01
1952 7.352480e-05 1.481967e-01
1953 2.309967e-05 2.580205e-02
1954 1.896816e-05 1.767341e-02
1955 7.956214e-04 6.651234e-01
1956 9.249570e-04 4.533007e-01
1957 3.841165e-03 7.102243e-01
1958 1.221364e-03 4.632207e-01
1959 9.229635e-09 7.319451e-03
1960 1.437998e-05 1.828570e-02
1961 7.696342e-11 2.938942e-03
1962 3.261669e-08 7.222154e-03
1963 1.175354e-09 2.056898e-03
1964 3.788496e-09 3.510010e-03
1965 9.331109e-05 4.123201e-02
1966 1.347220e-06 1.201920e-02
1967 5.352185e-04 2.544160e-01
1968 3.652513e-05 2.478590e-02
1969 1.144956e-05 2.091907e-02
1970 2.076928e-06 9.645775e-03
1971 1.201090e-05 2.593911e-02
1972 4.954222e-08 7.140407e-03
1973 6.609362e-04 2.447098e-01
1974 1.055593e-05 4.069248e-02
1975 1.703138e-06 1.703833e-02
1976 1.549341e-05 3.276382e-02
1977 1.048045e-03 2.599140e-01
1978 8.571547e-05 6.888298e-02
1979 3.376549e-04 8.603034e-02
1980 3.107303e-04 1.023516e-01
1981 3.855572e-04 8.085423e-02
1982 3.220171e-04 1.604679e-01
1983 2.518697e-03 6.250962e-01
1984 1.317908e-04 9.582248e-02
1985 7.264742e-05 2.328655e-01
1986 5.411991e-05 8.732910e-02
1987 1.425707e-03 9.117343e-01
1988 1.794301e-05 5.344694e-02
1989 3.454290e-05 5.284049e-02
1990 1.855908e-04 2.252452e-01
1991 1.060144e-06 1.447776e-02
1992 6.053847e-05 5.826020e-02
1993 1.485219e-03 2.493409e-01
1994 1.650976e-04 7.000981e-02
1995 2.726162e-05 7.620134e-02
1996 1.869430e-04 6.807531e-02
1997 3.398983e-03 7.435369e-01
1998 6.702679e-04 2.514777e-01
1999 4.645975e-04 3.720565e-01
2000 3.163343e-04 2.029023e-01
