1 2.823096e-03 1.290631e+00
2 1.607382e-07 2.053281e-02
3 7.109379e-07 3.449677e-03
4 6.799971e-09 1.868127e-03
5 2.841327e-08 2.635378e-03
6 2.349790e-03 7.138854e-01
7 1.383092e-06 1.440032e-02
8 1.730417e-08 4.269093e-02
9 1.721550e-11 2.383826e-03
10 8.552091e-05 1.074979e-01
11 3.618364e-09 5.169931e-03
12 4.022943e-11 1.231085e-03
13 1.429652e-06 2.349062e-01
14 2.989796e-09 7.641424e-03
15 1.609478e-08 3.083116e-03
16 6.408653e-06 3.148844e-02
17 6.251034e-10 1.937594e-03
18 5.402220e-04 4.526388e-01
19 4.630247e-07 8.442350e-03
20 4.924270e-12 1.022715e-03
21 2.004468e-03 1.470042e+00
22 1.014602e-07 5.897063e-03
23 5.150693e-05 4.961048e-02
24 5.338828e-04 6.284536e-01
25 3.858049e-04 3.316534e-01
26 1.465371e-07 4.790343e-03
27 3.187051e-06 2.595114e-02
28 1.808598e-08 3.638692e-03
29 2.089977e-03 1.106431e+00
30 2.421028e-03 9.830299e-01
31 1.366294e-03 3.692150e-01
32 5.381339e-04 6.582232e-02
33 1.032445e-08 1.233870e-03
34 1.017035e-08 1.157127e-03
35 1.022656e-08 3.144253e-03
36 1.094051e-03 7.123693e-01
37 9.511975e-06 1.186969e-01
38 4.274855e-08 8.891458e-03
39 5.217287e-10 1.949674e-03
40 3.456455e-08 3.584108e-03
41 3.219257e-05 2.784260e-02
42 2.926645e-09 5.033801e-03
43 7.690864e-04 4.934075e-01
44 7.869795e-05 1.018915e-01
45 1.137065e-04 1.583531e-01
46 1.194714e-05 1.336699e-02
47 3.743036e-04 3.016871e-01
48 2.733799e-05 1.287044e-01
49 9.007311e-07 1.094341e-02
50 5.602095e-03 1.366497e+00
51 9.548172e-06 1.228645e-02
52 1.740154e-06 2.471914e-02
53 1.409462e-05 1.446679e-02
54 3.746700e-09 9.966290e-03
55 2.392290e-07 5.176150e-03
56 7.876150e-06 1.101864e-02
57 1.084778e-08 1.460342e-02
58 5.174264e-04 2.782970e-01
59 4.838275e-04 1.497519e-01
60 1.598682e-12 1.410655e-03
61 9.365491e-04 1.424168e+00
62 1.737968e-05 3.625090e-02
63 4.137743e-09 1.924245e-03
64 2.635012e-10 4.167806e-03
65 5.492923e-05 5.418638e-02
66 1.865421e-08 4.635201e-03
67 2.834238e-09 7.372433e-03
68 1.035610e-06 8.717976e-03
69 3.797991e-08 1.440523e-03
70 1.960969e-10 1.343205e-03
71 1.876210e-03 4.955341e-01
72 5.352245e-06 2.090188e-02
73 1.991722e-08 4.155399e-03
74 1.403076e-04 2.163635e-01
75 6.190150e-05 1.633220e-02
76 5.207048e-07 2.922142e-03
77 5.716632e-06 4.045920e-02
78 1.814871e-04 5.921588e-01
79 1.483532e-03 4.349733e-01
80 1.066921e-06 2.949875e-03
81 8.450779e-09 1.645311e-03
82 3.077905e-05 1.173195e-02
83 1.189681e-04 4.140216e-02
84 1.116765e-08 1.879125e-03
85 1.186195e-03 2.855476e-01
86 2.208358e-05 8.249262e-03
87 2.123970e-09 2.829577e-03
88 1.759802e-08 1.711991e-03
89 1.353110e-06 2.319945e-02
90 3.397215e-04 3.097272e-01
91 9.897989e-04 4.965350e-01
92 2.046071e-03 1.641637e+00
93 1.466113e-06 1.468600e-02
94 2.109068e-07 4.200628e-03
95 6.573667e-04 1.248953e+00
96 2.301723e-04 5.967582e-02
97 5.388130e-10 3.515212e-02
98 2.734037e-08 3.506475e-03
99 1.809064e-04 5.661743e-02
100 3.914233e-03 2.305744e+00
101 4.397574e-07 5.210525e-03
102 1.391731e-07 1.511509e-02
103 4.214224e-04 4.985145e-01
104 1.171893e-06 4.393778e-02
105 7.777074e-06 6.892091e-02
106 1.625897e-09 8.997016e-03
107 4.242822e-09 2.882776e-03
108 8.643065e-07 1.935699e-02
109 3.528669e-08 5.147985e-03
110 1.542928e-07 1.188381e-02
111 2.807824e-04 8.697507e-01
112 1.848668e-04 1.322486e-01
113 2.680024e-03 1.154384e+00
114 3.113119e-03 7.812136e-01
115 5.105366e-05 2.046793e-01
116 3.149359e-04 4.294427e-01
117 2.769562e-03 4.488422e-01
118 2.180618e-03 1.021168e+00
119 1.503514e-11 4.547742e-03
120 7.050191e-12 3.640481e-03
121 3.406181e-08 1.150598e-02
122 5.766136e-09 1.887099e-03
123 2.380067e-07 6.085641e-03
124 1.082075e-06 1.418693e-02
125 1.660375e-11 3.999725e-03
126 1.071268e-08 6.173831e-03
127 1.710852e-09 9.668956e-03
128 8.160813e-08 7.920001e-03
129 1.618648e-09 4.474489e-03
130 1.181151e-09 3.978773e-03
131 1.848888e-09 5.911386e-03
132 3.300543e-09 4.688227e-03
133 5.815253e-09 7.682143e-03
134 1.869790e-05 2.518712e-02
135 3.332729e-09 4.542195e-03
136 1.522434e-08 4.114227e-03
137 3.201967e-07 1.306485e-02
138 2.024896e-09 9.367682e-03
139 2.199267e-08 8.743503e-03
140 1.016476e-09 5.190247e-03
141 5.441427e-11 3.030588e-03
142 2.400216e-09 3.134390e-03
143 1.763388e-08 6.955317e-03
144 8.546177e-11 8.570780e-03
145 3.193429e-11 4.700500e-03
146 7.528549e-10 6.133357e-03
147 7.080145e-10 6.330011e-03
148 6.655495e-11 7.990665e-03
149 1.369909e-08 4.305809e-03
150 1.446646e-11 3.988118e-03
151 5.045878e-08 1.011628e-02
152 5.466204e-08 5.987292e-03
153 1.225385e-08 2.991775e-03
154 1.208798e-09 3.767372e-03
155 2.791506e-10 3.024430e-03
156 7.015929e-09 3.884948e-03
157 4.508044e-09 4.043242e-03
158 9.203925e-08 4.821018e-03
159 5.854429e-08 5.935203e-03
160 6.486839e-09 5.190051e-03
161 5.539095e-09 3.135777e-03
162 6.175360e-11 3.003948e-03
163 1.610650e-10 3.081715e-03
164 1.829158e-12 1.642620e-03
165 9.827579e-12 1.682327e-03
166 5.830495e-13 1.657503e-03
167 7.572847e-11 2.938002e-03
168 9.435583e-10 3.318898e-03
169 4.388507e-07 6.237980e-03
170 7.393613e-13 1.639733e-03
171 5.191377e-10 3.423484e-03
172 1.720076e-10 3.219866e-03
173 4.259717e-11 1.619465e-03
174 4.427277e-11 3.088071e-03
175 1.125013e-09 3.095569e-03
176 7.934394e-10 2.999546e-03
177 7.279493e-11 1.656938e-03
178 1.226043e-08 2.309453e-03
179 3.022929e-11 1.614984e-03
180 2.407220e-10 3.096292e-03
181 7.877208e-11 2.125507e-03
182 2.452794e-10 3.398134e-03
183 3.880352e-12 1.196617e-03
184 5.043840e-13 1.614904e-03
185 2.524880e-11 1.233361e-03
186 2.789990e-10 2.180238e-03
187 9.226084e-12 1.906960e-03
188 1.027630e-12 1.592576e-03
189 2.047568e-12 1.134017e-03
190 1.186902e-11 1.208942e-03
191 6.408453e-05 2.697361e-02
192 1.708169e-06 4.549449e-03
193 2.525969e-04 8.500789e-02
194 1.652519e-04 7.764519e-02
195 2.232514e-07 7.241416e-03
196 3.657327e-05 2.145588e-02
197 2.224134e-04 1.183964e-01
198 2.122515e-07 6.711857e-03
199 8.002559e-06 1.525122e-02
200 1.375166e-07 1.093018e-02
201 5.330800e-05 2.588911e-02
202 5.044390e-06 2.456395e-02
203 8.096681e-08 3.539741e-03
204 6.476957e-06 7.147094e-03
205 7.957647e-07 8.719414e-03
206 1.053399e-07 3.922483e-03
207 1.069906e-07 9.692290e-03
208 3.121139e-09 3.469508e-03
209 3.599581e-07 8.271538e-03
210 1.183137e-07 4.846903e-03
211 2.213550e-08 2.426762e-03
212 2.939421e-04 9.420524e-02
213 1.002821e-08 2.477917e-03
214 2.114473e-10 4.267875e-03
215 1.222188e-07 5.301625e-03
216 2.955756e-07 8.321837e-03
217 1.572419e-08 2.128090e-03
218 8.154717e-07 2.739410e-02
219 4.736821e-06 2.259342e-02
220 1.453273e-09 3.566644e-03
221 7.950212e-09 4.005252e-03
222 2.674694e-09 7.096255e-03
223 9.760787e-08 9.837234e-03
224 6.282894e-10 3.045445e-03
225 5.963777e-08 5.528036e-03
226 1.850261e-08 3.701199e-03
227 1.520599e-08 4.294820e-03
228 3.639600e-08 5.070417e-03
229 3.950880e-06 1.568580e-02
230 1.254211e-06 8.247044e-03
231 6.899380e-07 6.980531e-03
232 2.660944e-07 5.149423e-03
233 6.737361e-07 6.253890e-03
234 2.054405e-06 5.265430e-03
235 2.865288e-09 4.505348e-03
236 1.571517e-06 5.226842e-03
237 8.409701e-10 3.369267e-03
238 9.600065e-08 5.757183e-03
239 2.160859e-08 3.551554e-03
240 6.137428e-08 3.170728e-03
241 5.147666e-07 4.193978e-03
242 2.489236e-07 5.097650e-03
243 9.468653e-09 3.177840e-03
244 3.535573e-08 4.718259e-03
245 2.017991e-07 5.011360e-03
246 8.872449e-09 3.848156e-03
247 3.778633e-07 5.009024e-03
248 1.080129e-07 2.687450e-03
249 2.835201e-06 8.462473e-03
250 1.666611e-07 4.240339e-03
251 5.341858e-08 2.931880e-03
252 8.964571e-07 7.274066e-03
253 7.409577e-09 3.336700e-03
254 7.062756e-08 4.835466e-03
255 1.003158e-06 6.724491e-03
256 4.389567e-08 2.748081e-03
257 2.560109e-08 3.454553e-03
258 7.829641e-07 8.709215e-03
259 5.339465e-06 2.211205e-02
260 3.032476e-06 1.845075e-02
261 4.692145e-06 1.755710e-02
262 1.481255e-07 6.746913e-03
263 2.614038e-06 1.051723e-02
264 4.457886e-07 2.115932e-02
265 3.738781e-08 7.293047e-03
266 6.357085e-06 2.301871e-02
267 9.830994e-07 4.748397e-02
268 1.310598e-08 2.091110e-02
269 3.530045e-08 3.197974e-02
270 5.937133e-09 4.411276e-03
271 4.943106e-08 7.489830e-03
272 6.561143e-09 6.862204e-03
273 7.399698e-08 4.508940e-03
274 4.971469e-07 5.896214e-03
275 6.302767e-09 8.645807e-03
276 2.452266e-06 3.898664e-02
277 4.312260e-10 3.486101e-03
278 9.343958e-09 2.712559e-03
279 2.877656e-08 1.667825e-02
280 5.771815e-08 6.152826e-03
281 1.720829e-09 8.691289e-03
282 8.031024e-08 1.289371e-02
283 7.876091e-08 3.442720e-03
284 5.534449e-07 9.593903e-03
285 1.003622e-05 4.218951e-02
286 3.615620e-06 4.609266e-02
287 5.042427e-07 7.630519e-03
288 1.371062e-06 1.576205e-02
289 1.110510e-05 5.084521e-02
290 2.495126e-05 7.609050e-02
291 6.513726e-07 8.697790e-03
292 2.418200e-05 2.574653e-02
293 9.409892e-07 1.942924e-02
294 4.592904e-06 3.051193e-02
295 3.046019e-07 1.895126e-02
296 2.432194e-03 4.009934e-01
297 6.104399e-03 1.219075e+00
298 3.430294e-04 5.833179e-02
299 7.030083e-09 4.609578e-03
300 5.216856e-10 4.601033e-03
301 2.272401e-03 4.642026e-01
302 4.236114e-08 5.135320e-03
303 2.532121e-08 3.121724e-03
304 8.677636e-10 2.281909e-03
305 6.990695e-10 2.666880e-03
306 1.306369e-11 2.689724e-03
307 4.644678e-12 2.646544e-03
308 1.628380e-11 2.581900e-03
309 3.637392e-07 6.440077e-03
310 5.352099e-12 3.223254e-03
311 2.191543e-13 2.653570e-03
312 3.098333e-08 2.255072e-03
313 3.304241e-12 2.542545e-03
314 2.431845e-11 2.549024e-03
315 2.089749e-14 2.676365e-03
316 4.167279e-11 2.822459e-03
317 1.394757e-12 1.929810e-03
318 6.937929e-12 1.947590e-03
319 6.577281e-10 2.286530e-03
320 1.193317e-13 2.507136e-03
321 3.177241e-13 1.426056e-03
322 2.425353e-05 8.712311e-02
323 6.414215e-06 1.011065e-01
324 1.190877e-10 9.486988e-03
325 9.974524e-06 1.582668e-02
326 1.930661e-11 3.487228e-03
327 2.227310e-08 2.385280e-02
328 2.037107e-09 9.804313e-03
329 4.251867e-05 1.049867e-01
330 3.940983e-04 6.886750e-01
331 4.676347e-07 3.431275e-02
332 5.351171e-04 3.071633e-01
333 1.132798e-08 5.094476e-03
334 3.975413e-07 1.458838e-02
335 6.791592e-11 8.353930e-03
336 4.808287e-08 1.557738e-02
337 6.435999e-04 1.525305e-01
338 8.184507e-06 2.676950e-02
339 2.318330e-03 6.136999e-01
340 8.563635e-07 7.025307e-03
341 1.536011e-07 6.822553e-03
342 1.706623e-06 2.055429e-02
343 3.416920e-06 4.433576e-02
344 9.045757e-08 4.015596e-03
345 1.248216e-05 1.077714e-02
346 5.246375e-08 2.564942e-03
347 1.649595e-08 2.985819e-03
348 2.296058e-06 1.215590e-02
349 8.215840e-06 1.340998e-02
350 1.001902e-08 3.258683e-03
351 2.200911e-08 2.860364e-03
352 2.206593e-06 3.987954e-03
353 5.219981e-05 1.462095e-02
354 2.757136e-06 5.289239e-03
355 1.618881e-05 5.989504e-03
356 2.840399e-08 2.375166e-03
357 1.606507e-05 1.582270e-02
358 3.458072e-05 2.835344e-02
359 9.260779e-07 7.489377e-03
360 8.559159e-07 6.380208e-03
361 1.102163e-06 4.622174e-02
362 1.337312e-07 2.481488e-03
363 7.298624e-09 3.366356e-03
364 2.206593e-06 3.987954e-03
365 3.583113e-05 4.469024e-02
366 1.784826e-05 1.473389e-02
367 1.442277e-06 1.148395e-02
368 8.215840e-06 1.340998e-02
369 3.900758e-06 9.207896e-02
370 1.226409e-07 1.407124e-02
371 1.651432e-07 1.976040e-02
372 3.169757e-03 1.354362e+00
373 2.494993e-04 1.950162e-01
374 3.046148e-03 1.499862e+00
375 7.838555e-06 2.677783e-02
376 5.953407e-04 4.471555e-01
377 3.213185e-07 9.520060e-03
378 1.454278e-04 5.479213e-02
379 9.301404e-08 9.082894e-03
380 7.722181e-06 1.544826e-02
381 7.355527e-10 1.913221e-03
382 6.684469e-08 1.014065e-02
383 1.295778e-09 1.824561e-03
384 1.789327e-07 8.151068e-03
385 7.357383e-11 4.590683e-03
386 6.306049e-08 6.546911e-03
387 1.313708e-07 1.593961e-02
388 3.705393e-10 2.770238e-03
389 2.547677e-06 6.479498e-03
390 3.725426e-07 5.012133e-03
391 1.403281e-06 3.331047e-02
392 1.965510e-04 5.622499e-02
393 7.847133e-06 1.735467e-02
394 1.623955e-08 3.019915e-03
395 1.356208e-07 8.363436e-03
396 6.663992e-06 4.019915e-02
397 1.207626e-05 2.147335e-02
398 3.432142e-05 4.481183e-02
399 5.739593e-06 1.213106e-02
400 7.593482e-05 5.416879e-02
401 7.296587e-07 9.264167e-03
402 4.586315e-07 7.155396e-03
403 8.701112e-07 9.527819e-03
404 9.627686e-06 1.905786e-02
405 4.327629e-06 1.219478e-02
406 3.903468e-07 8.992077e-03
407 4.469426e-08 4.584196e-03
408 1.600008e-06 1.068897e-02
409 2.540931e-03 1.155619e+00
410 8.260219e-06 2.497601e-02
411 1.886338e-06 1.987640e-02
412 1.133217e-04 9.255655e-02
413 1.028576e-06 8.390480e-03
414 1.148302e-06 1.009023e-02
415 6.746227e-07 6.242823e-03
416 5.953613e-07 6.912026e-03
417 8.730363e-07 1.011127e-02
418 5.130803e-04 1.760910e-01
419 2.049238e-04 1.833804e-01
420 2.171012e-04 9.393201e-02
421 3.595897e-06 2.309274e-02
422 5.000773e-06 3.257367e-02
423 2.161332e-04 1.334833e-01
424 6.861540e-04 3.682586e-01
425 4.230797e-05 1.459979e-01
426 1.557992e-05 4.925274e-02
427 4.833183e-04 3.396824e-01
428 4.529889e-05 4.920075e-02
429 1.409036e-05 3.609929e-02
430 2.002694e-05 5.649761e-02
431 7.474085e-05 8.730383e-02
432 4.823327e-05 3.260396e-02
433 4.699786e-06 2.555144e-02
434 3.611857e-05 5.777173e-02
435 7.971734e-06 5.320489e-02
436 1.090350e-05 4.773673e-02
437 1.627263e-05 4.762511e-02
438 5.637943e-06 2.936775e-02
439 4.524338e-04 4.489890e-01
440 8.008444e-06 3.401817e-02
441 6.697677e-06 2.320903e-02
442 9.969102e-05 1.074145e-01
443 2.434476e-06 2.657056e-02
444 9.988682e-04 7.393332e-01
445 1.050517e-04 2.688401e-01
446 1.995078e-13 9.154252e-04
447 1.625641e-14 1.224538e-03
448 1.744761e-14 9.088609e-04
449 8.663644e-15 9.125942e-04
450 3.932567e-14 9.935044e-04
451 5.270796e-11 1.782297e-03
452 6.159217e-13 1.227391e-03
453 1.142593e-11 1.122177e-03
454 2.626600e-13 1.245292e-03
455 2.750287e-12 1.251107e-03
456 1.680004e-14 1.031946e-03
457 2.558775e-16 9.244453e-04
458 4.080406e-13 1.233128e-03
459 1.238641e-07 1.456305e-02
460 2.111873e-12 2.593579e-03
461 2.168568e-14 1.054475e-03
462 4.878197e-12 2.965568e-03
463 1.792078e-12 1.127622e-03
464 8.250754e-13 1.328802e-03
465 6.592957e-14 1.151013e-03
466 4.271462e-14 1.381003e-03
467 1.092135e-13 1.082767e-03
468 4.532179e-14 1.091935e-03
469 4.047440e-13 1.325869e-03
470 1.471159e-12 1.754955e-03
471 6.071087e-13 1.218722e-03
472 4.937654e-14 1.118995e-03
473 2.843863e-13 1.318778e-03
474 4.475903e-14 1.048071e-03
475 1.001133e-12 1.316116e-03
476 5.627602e-10 1.412754e-03
477 2.290515e-07 3.282713e-03
478 3.265219e-07 7.883613e-03
479 3.484557e-10 1.574857e-03
480 2.412956e-10 2.067440e-03
481 2.445203e-11 1.859013e-03
482 1.109457e-11 2.108263e-03
483 9.175019e-12 2.060984e-03
484 3.807832e-08 2.124375e-03
485 2.117729e-10 1.760003e-03
486 5.789096e-06 1.507055e-02
487 6.278632e-10 1.487629e-03
488 1.808327e-06 9.622964e-03
489 3.451996e-03 8.047426e-01
490 9.224796e-06 7.984897e-03
491 5.204816e-06 9.421904e-03
492 3.904636e-06 6.383511e-03
493 8.366525e-07 7.006923e-03
494 8.887913e-09 6.451370e-03
495 2.055182e-08 4.951511e-03
496 2.201261e-04 6.304904e-02
497 4.210503e-05 5.663245e-02
498 3.151405e-06 9.021876e-03
499 2.655323e-08 7.829113e-03
500 1.665062e-09 5.142052e-03
501 1.236001e-05 1.149688e-02
502 1.203862e-03 6.006447e-01
503 1.635825e-05 1.476683e-02
504 8.897300e-05 2.436635e-02
505 2.787855e-07 7.363669e-03
506 2.777036e-04 6.400437e-02
507 1.470227e-04 4.534308e-02
508 8.895372e-06 1.430362e-02
509 2.103169e-09 8.606720e-03
510 8.044745e-06 1.356728e-02
511 1.033661e-06 6.596091e-03
512 1.224713e-07 8.291130e-03
513 7.245035e-06 9.233760e-03
514 2.703242e-03 1.209181e+00
515 6.218856e-08 6.984384e-03
516 1.179552e-08 6.856593e-03
517 2.529341e-06 1.401473e-02
518 3.068758e-08 6.911644e-03
519 3.368239e-06 2.352124e-02
520 1.834409e-06 1.871341e-02
521 3.591284e-05 3.394298e-02
522 3.536484e-05 3.145451e-02
523 1.461569e-05 2.943038e-02
524 1.482197e-07 1.310771e-02
525 1.279240e-06 8.301811e-03
526 1.168514e-05 2.451022e-02
527 3.080190e-07 9.879856e-03
528 4.660866e-08 5.989301e-03
529 8.043879e-07 1.774528e-02
530 1.174712e-07 5.169984e-03
531 3.457975e-07 7.315944e-03
532 1.523950e-06 1.909358e-02
533 4.462584e-07 1.258336e-02
534 1.028139e-07 1.146227e-02
535 1.740737e-06 1.246916e-02
536 4.953515e-05 4.343096e-02
537 1.160025e-06 2.502760e-02
538 4.483296e-07 1.264024e-02
539 1.737557e-05 2.747508e-02
540 7.178764e-06 2.329911e-02
541 7.101377e-06 2.601877e-02
542 7.177177e-04 3.609921e-01
543 4.091887e-07 1.911105e-02
544 7.491343e-07 7.558616e-03
545 1.716960e-07 7.456800e-03
546 2.814935e-07 6.093513e-03
547 2.275674e-11 2.494631e-03
548 3.677329e-10 3.022958e-03
549 1.689520e-09 1.591268e-03
550 5.622643e-08 5.620376e-03
551 2.540154e-09 2.645747e-03
552 2.680354e-08 1.890063e-02
553 6.333755e-06 3.301928e-02
554 1.860516e-06 9.503975e-03
555 5.760915e-08 1.193847e-02
556 1.854402e-08 3.018931e-03
557 1.997249e-08 3.781052e-03
558 4.886081e-07 1.204883e-02
559 1.380198e-09 2.470667e-03
560 5.063115e-08 3.992583e-03
561 1.321713e-08 3.163208e-03
562 1.522152e-08 3.411890e-03
563 2.394372e-09 4.790491e-03
564 8.061711e-09 3.258604e-03
565 2.167746e-07 1.440018e-02
566 9.943070e-07 5.979796e-03
567 2.266494e-05 8.725782e-02
568 1.250146e-04 4.016735e-02
569 6.857758e-05 1.022248e-01
570 1.478032e-05 1.608308e-02
571 3.628310e-05 1.263066e-02
572 1.158590e-04 5.791347e-02
573 5.174196e-06 8.886778e-03
574 9.833299e-05 5.206558e-02
575 4.472933e-05 1.442959e-02
576 3.349316e-05 2.226978e-02
577 6.021492e-06 1.348872e-02
578 1.143917e-06 1.021660e-02
579 1.661097e-03 9.792408e-01
580 3.616434e-05 4.153207e-02
581 3.081821e-06 5.880184e-03
582 9.372086e-05 8.220360e-02
583 3.429974e-06 1.216869e-02
584 3.894520e-05 1.995832e-02
585 1.989588e-05 8.414820e-02
586 1.519490e-07 1.280100e-02
587 1.609519e-06 1.361456e-02
588 1.560216e-07 1.023808e-02
589 3.836038e-07 2.689804e-03
590 5.399225e-04 6.754441e-01
591 4.272714e-05 1.740801e-01
592 4.097344e-08 6.360488e-03
593 3.208442e-05 2.117171e-02
594 2.079235e-04 5.917799e-02
595 5.759556e-09 6.664263e-03
596 7.390406e-03 1.501696e+00
597 7.438990e-14 1.912640e-03
598 3.073677e-11 1.969120e-03
599 3.362334e-11 1.938514e-03
600 6.262124e-11 2.062525e-03
601 9.227621e-11 3.034075e-03
602 1.936334e-11 2.563983e-03
603 2.547996e-11 3.254323e-03
604 7.098873e-13 1.931493e-03
605 1.207345e-10 2.078772e-03
606 6.715127e-13 1.932134e-03
607 6.741109e-13 1.777694e-03
608 1.216194e-12 2.031260e-03
609 9.224215e-07 1.325795e-02
610 2.070742e-07 4.348925e-03
611 9.916336e-04 4.118605e-01
612 5.524175e-07 2.583856e-02
613 3.387482e-06 1.975236e-02
614 6.750115e-07 2.657708e-02
615 3.244699e-08 1.035827e-02
616 9.810362e-11 3.281144e-03
617 1.021211e-06 1.410161e-02
618 1.937081e-09 4.233504e-03
619 2.080424e-09 5.034710e-03
620 7.401534e-10 5.448642e-03
621 7.402646e-05 8.289973e-02
622 3.865943e-09 5.945044e-03
623 2.596138e-10 7.249838e-03
624 2.954968e-08 6.042305e-03
625 3.264953e-08 4.565822e-03
626 2.436081e-03 1.187562e+00
627 2.981707e-08 5.045607e-03
628 1.346183e-07 1.268532e-02
629 1.219174e-04 7.907547e-02
630 5.992610e-04 8.636090e-02
631 2.699355e-05 3.289710e-02
632 3.860188e-06 3.942668e-02
633 1.856037e-10 6.070479e-03
634 1.546080e-07 5.313511e-03
635 1.498443e-07 5.192228e-03
636 1.544615e-07 7.270809e-03
637 1.229484e-06 1.379966e-02
638 1.152278e-09 8.794978e-03
639 6.577118e-08 1.533593e-02
640 1.199999e-08 4.773272e-03
641 4.107634e-09 5.579210e-03
642 7.051865e-09 6.949526e-03
643 1.776187e-06 3.511940e-02
644 1.493242e-05 6.999250e-03
645 9.334097e-07 1.257337e-02
646 6.126947e-08 1.908877e-02
647 2.745792e-07 7.641690e-03
648 9.102772e-07 2.678936e-02
649 6.044278e-08 1.060887e-02
650 1.413189e-08 5.743862e-03
651 4.767930e-09 6.389939e-03
652 3.693208e-08 7.586021e-03
653 1.611177e-03 6.020044e-01
654 7.557195e-05 1.054241e-01
655 3.588513e-09 2.906169e-03
656 3.561236e-05 3.481059e-02
657 3.366844e-03 1.132526e+00
658 9.683051e-06 2.655274e-02
659 7.554681e-08 1.342623e-02
660 1.878428e-06 1.408980e-02
661 8.331460e-07 3.513368e-02
662 2.235121e-05 2.335624e-01
663 5.555780e-07 1.405890e-02
664 3.570754e-07 1.467273e-02
665 1.535025e-06 1.681004e-02
666 1.944764e-05 3.354879e-02
667 1.470540e-05 2.140410e-02
668 6.327036e-08 7.051837e-03
669 1.140560e-06 3.007257e-02
670 2.302456e-05 5.280806e-02
671 2.095297e-05 4.406795e-02
672 1.495568e-08 6.963427e-03
673 2.476440e-05 1.729210e-01
674 6.056388e-07 7.551890e-03
675 1.246971e-03 3.428820e-01
676 3.649979e-08 1.670456e-02
677 8.467917e-05 4.609766e-02
678 6.361177e-09 8.055625e-03
679 1.748096e-04 1.488194e-01
680 1.860917e-09 3.444756e-03
681 4.311719e-08 1.337976e-02
682 2.256279e-03 1.345341e+00
683 5.782008e-07 1.585188e-02
684 3.694970e-04 5.614926e-01
685 1.768925e-08 8.815891e-03
686 5.836053e-04 4.079358e-01
687 9.886355e-07 8.083366e-03
688 8.714902e-08 8.280851e-03
689 3.139870e-08 9.036303e-03
690 6.505834e-07 1.475776e-02
691 2.433663e-08 1.521458e-02
692 3.457873e-08 1.188913e-02
693 3.050038e-07 9.442416e-03
694 2.792534e-07 6.149882e-03
695 3.727171e-07 9.967474e-03
696 2.022200e-05 1.574932e-01
697 2.026430e-06 8.192424e-02
698 1.329866e-04 1.965929e-01
699 3.975339e-07 1.678028e-02
700 4.935238e-05 5.818787e-02
701 4.016701e-07 9.635493e-03
702 7.551658e-07 1.714009e-02
703 3.761065e-08 7.305502e-03
704 4.889615e-05 8.319493e-02
705 1.389319e-05 2.325262e-02
706 1.305008e-06 1.698476e-02
707 2.219716e-06 1.157907e-02
708 1.332404e-03 7.200710e-01
709 1.354440e-06 2.500422e-02
710 1.616736e-03 4.187386e-01
711 1.365398e-04 1.217763e-01
712 5.254170e-05 4.970697e-02
713 1.088083e-05 3.865753e-02
714 1.520484e-06 2.073845e-02
715 3.674310e-08 6.494020e-03
716 5.288394e-07 1.826817e-02
717 3.724130e-05 3.600134e-02
718 2.055332e-05 1.542323e-02
719 8.775724e-06 1.383507e-02
720 2.631366e-05 2.424429e-02
721 4.008590e-04 1.350528e-01
722 1.436918e-04 5.776459e-02
723 5.009657e-04 1.472502e-01
724 8.389313e-08 6.901832e-03
725 7.460911e-06 7.971647e-03
726 3.019991e-06 1.261835e-02
727 1.213240e-03 6.735445e-01
728 5.153802e-08 1.274452e-02
729 1.099577e-06 1.446733e-02
730 4.034257e-06 1.920309e-02
731 1.064687e-06 7.138906e-03
732 9.621401e-05 1.676075e-02
733 1.985952e-06 1.057546e-02
734 6.634307e-06 1.591307e-02
735 7.909365e-05 2.845967e-02
736 1.400710e-07 1.996726e-02
737 1.235111e-03 5.526510e-01
738 1.957366e-06 5.324724e-02
739 2.759499e-06 1.234572e-02
740 6.040679e-06 1.626662e-02
741 2.278828e-06 1.072801e-02
742 1.629809e-05 6.979005e-02
743 8.370374e-05 5.569612e-02
744 2.114679e-04 7.217193e-02
745 5.423009e-05 6.275282e-02
746 6.291558e-06 1.120500e-02
747 7.305435e-05 2.326268e-02
748 1.717343e-08 6.040789e-03
749 3.013535e-07 2.878595e-02
750 1.745049e-05 7.103766e-02
751 1.218673e-07 8.240530e-03
752 2.416164e-07 1.141924e-02
753 4.474526e-04 4.287807e-01
754 1.231001e-05 2.351744e-02
755 3.136887e-05 8.176966e-02
756 2.264007e-07 1.086270e-02
757 2.608569e-05 1.076525e-01
758 2.646771e-07 5.491663e-03
759 3.836600e-06 3.311806e-02
760 3.265668e-04 3.078083e-01
761 1.702552e-04 2.518273e-01
762 5.874942e-08 9.901617e-03
763 3.021935e-07 1.178882e-02
764 2.446703e-07 1.093764e-02
765 6.347877e-04 4.938327e-01
766 1.146078e-03 6.922609e-01
767 1.282174e-03 4.417986e-01
768 4.221071e-03 7.058031e-01
769 1.606027e-08 1.125454e-02
770 1.713427e-08 5.046479e-03
771 3.764231e-08 4.909609e-03
772 3.150117e-08 4.766603e-03
773 6.711618e-05 1.422637e-01
774 2.196880e-07 6.639419e-03
775 1.335001e-06 1.189183e-02
776 6.168704e-08 5.743384e-03
777 8.349556e-09 1.023372e-02
778 7.103745e-04 2.414680e-01
779 7.319265e-09 8.942211e-03
780 4.805746e-07 6.420234e-03
781 4.007940e-09 5.346592e-03
782 6.778380e-09 2.406392e-03
783 1.408197e-09 3.592767e-03
784 2.671537e-07 1.870259e-02
785 3.147418e-06 1.447413e-02
786 3.108075e-07 8.116927e-03
787 3.802591e-07 9.570107e-03
788 8.396273e-09 1.147168e-02
789 5.364456e-09 8.426147e-03
790 1.220449e-05 1.049577e-01
791 2.525377e-08 4.334022e-03
792 7.094523e-09 1.031749e-02
793 4.605199e-06 1.420302e-02
794 4.477965e-04 3.474952e-01
795 4.408341e-06 1.797666e-02
796 4.845355e-08 6.031561e-03
797 1.286352e-05 9.404657e-02
798 2.013465e-08 7.392802e-03
799 8.554574e-04 1.355175e-01
800 1.397162e-06 1.893597e-02
801 6.414974e-07 1.089236e-02
802 7.802127e-04 2.195480e-01
803 4.052742e-04 5.411472e-01
804 2.628662e-08 1.072129e-02
805 3.269044e-04 7.937391e-02
806 3.461970e-06 1.347727e-01
807 2.075141e-05 5.488216e-02
808 4.393289e-08 5.947175e-03
809 1.816587e-07 2.381682e-02
810 3.921977e-09 2.327194e-03
811 1.244582e-05 1.798166e-02
812 1.042789e-07 4.294111e-03
813 4.632501e-05 4.253890e-02
814 3.220744e-07 1.374496e-02
815 5.105017e-08 1.597697e-02
816 1.965923e-03 4.800170e-01
817 1.351701e-04 1.121950e-01
818 2.094006e-09 9.983171e-03
819 2.799152e-07 1.306957e-02
820 1.869474e-06 3.743937e-02
821 9.411729e-06 4.232151e-02
822 4.444582e-07 3.391210e-02
823 1.781445e-05 1.213507e-01
824 8.752313e-04 9.803617e-01
825 1.080910e-03 9.790101e-01
826 3.048318e-04 4.331880e-01
827 4.819691e-04 2.567115e-01
828 6.508227e-05 7.732577e-01
829 5.238932e-03 1.114503e+00
830 3.039545e-05 1.604270e-02
831 1.045965e-07 4.760498e-03
832 4.224988e-07 5.232975e-03
833 9.601015e-07 1.120203e-02
834 4.593955e-06 7.198086e-03
835 3.566411e-06 7.133698e-03
836 2.888831e-06 5.399153e-03
837 1.644302e-06 9.713823e-03
838 8.373943e-06 9.529700e-03
839 3.127951e-07 5.043074e-03
840 2.940515e-05 2.082005e-02
841 4.269919e-07 7.315736e-03
842 8.888605e-07 8.692127e-03
843 1.740397e-07 9.848640e-03
844 7.880738e-07 1.988898e-02
845 2.162477e-04 5.423354e-02
846 6.424177e-05 7.701232e-02
847 2.480868e-06 8.484185e-03
848 3.494032e-06 1.410716e-02
849 9.984195e-05 7.964458e-02
850 1.909976e-07 6.232789e-03
851 6.252565e-06 6.977966e-02
852 2.413223e-07 6.405818e-03
853 7.053087e-05 3.096834e-02
854 1.639154e-07 5.931199e-03
855 4.414216e-06 1.863311e-02
856 5.415911e-11 1.482538e-03
857 1.492767e-10 1.302718e-03
858 3.007590e-10 2.050058e-03
859 6.592918e-11 1.499272e-03
860 7.190606e-05 1.331463e-01
861 6.806471e-09 6.858839e-03
862 1.984256e-09 1.595257e-03
863 3.551723e-10 1.539995e-03
864 2.945780e-10 1.394173e-03
865 2.515280e-10 1.574323e-03
866 6.109885e-10 2.067107e-03
867 3.973956e-09 1.726179e-03
868 1.213064e-10 1.363047e-03
869 1.057190e-10 1.627172e-03
870 8.083489e-10 1.533332e-03
871 4.662036e-11 1.394077e-03
872 9.268295e-10 1.881464e-03
873 6.223383e-10 1.419099e-03
874 3.229529e-09 1.405390e-03
875 8.365192e-04 3.378829e-01
876 1.714524e-11 1.443979e-03
877 1.753401e-09 1.457928e-03
878 2.885356e-10 1.900991e-03
879 1.170351e-10 1.352845e-03
880 6.276697e-10 1.371965e-03
881 3.140866e-11 1.397987e-03
882 6.304356e-10 1.821889e-03
883 1.159104e-09 1.760946e-03
884 1.657344e-09 1.479548e-03
885 6.233148e-10 1.568036e-03
886 6.143754e-08 6.651092e-03
887 3.565030e-07 9.721741e-03
888 5.173690e-08 1.157518e-02
889 3.177161e-05 1.053421e-01
890 2.101577e-08 1.987785e-02
891 5.189853e-06 9.309056e-02
892 3.057297e-05 1.734875e-01
893 1.449073e-07 5.709008e-03
894 2.964080e-07 3.869806e-03
895 7.618047e-07 8.652207e-03
896 1.088163e-07 1.499915e-02
897 1.906118e-03 8.931608e-01
898 7.118460e-07 1.923159e-02
899 5.433168e-06 8.215163e-02
900 5.611690e-07 9.214246e-03
901 5.856984e-07 9.506568e-03
902 3.363577e-07 9.212886e-03
903 7.897762e-08 6.145934e-03
904 6.365279e-05 1.245613e-01
905 8.251653e-07 2.014672e-02
906 1.246414e-04 6.115941e-02
907 1.920518e-03 1.324989e+00
908 6.068795e-09 2.765770e-03
909 1.223563e-07 3.241018e-03
910 6.683831e-10 1.579537e-03
911 4.670908e-06 1.059476e-02
912 5.127909e-08 5.081595e-03
913 5.126520e-09 1.725147e-03
914 2.604224e-08 4.924673e-03
915 1.135140e-06 3.992751e-03
916 4.403779e-05 1.528833e-01
917 3.845189e-09 2.135266e-03
918 3.885945e-10 1.783634e-03
919 2.405959e-10 1.394673e-03
920 7.606805e-09 2.533014e-03
921 6.461422e-11 1.059968e-03
922 1.431334e-08 1.430754e-03
923 2.220818e-04 1.034094e-01
924 1.011942e-05 1.808494e-02
925 4.782263e-09 1.070818e-03
926 9.385913e-07 1.514931e-02
927 4.122136e-10 1.326004e-03
928 7.140338e-08 4.151967e-03
929 3.128325e-07 1.066518e-02
930 2.896279e-09 3.659729e-03
931 2.851095e-08 3.851778e-03
932 1.035686e-10 1.484693e-03
933 2.196057e-09 1.825969e-03
934 2.551276e-07 1.199888e-02
935 1.655091e-08 1.869011e-03
936 2.325914e-10 1.195050e-03
937 7.845404e-09 2.948799e-03
938 2.431518e-09 1.798047e-03
939 1.863403e-07 3.667763e-03
940 1.299179e-07 6.542380e-03
941 1.712138e-08 5.580174e-03
942 6.985226e-09 1.634143e-03
943 6.971592e-08 2.278886e-03
944 3.157786e-06 1.258131e-02
945 5.153420e-09 2.267096e-03
946 4.625109e-07 6.654675e-03
947 1.879253e-06 3.188431e-02
948 1.381813e-07 6.941771e-03
949 4.217149e-07 1.067682e-02
950 8.905876e-08 7.927249e-03
951 3.592602e-08 1.593564e-02
952 1.094756e-05 2.310659e-02
953 6.392717e-09 8.945981e-03
954 8.334500e-09 3.087467e-03
955 7.019641e-06 3.753574e-02
956 7.652398e-10 3.053952e-03
957 1.093574e-08 8.412530e-03
958 5.135958e-08 6.822281e-03
959 4.868793e-05 5.260983e-02
960 9.084368e-08 1.914849e-02
961 8.294585e-07 9.910513e-03
962 1.193390e-07 1.272998e-02
963 9.876425e-09 3.843251e-03
964 5.068798e-06 4.142640e-02
965 3.832447e-09 5.412517e-03
966 8.389115e-05 1.274325e-01
967 3.297824e-05 6.021175e-02
968 2.292916e-07 4.785436e-03
969 3.819851e-08 8.097364e-03
970 1.330892e-07 1.676656e-02
971 3.411670e-07 3.128920e-03
972 1.487976e-07 7.565064e-03
973 1.106464e-08 9.423638e-03
974 4.147544e-08 3.282598e-03
975 3.230274e-06 7.476426e-03
976 5.268222e-04 3.142609e-01
977 1.664091e-06 8.038285e-03
978 3.389942e-05 2.178195e-02
979 2.130716e-08 2.843526e-03
980 2.557241e-09 1.234540e-03
981 6.392850e-09 4.101913e-03
982 6.257883e-08 8.075459e-03
983 9.538803e-08 3.831771e-03
984 1.334602e-06 1.039659e-02
985 9.669891e-08 4.159473e-03
986 8.597734e-08 4.159046e-03
987 2.495149e-09 1.272852e-03
988 2.431431e-08 2.527098e-03
989 1.207158e-06 9.704310e-03
990 1.727358e-07 3.832670e-03
991 6.961051e-07 7.449625e-03
992 1.871216e-08 2.359080e-03
993 1.088545e-08 2.450318e-03
994 2.768457e-09 2.151753e-03
995 3.122539e-07 3.949883e-03
996 1.448079e-07 3.275317e-03
997 2.852735e-04 2.210535e-01
998 4.402169e-07 6.163182e-03
999 1.702667e-07 5.022082e-03
1000 2.601803e-08 1.911673e-03
1001 2.083445e-09 1.575556e-03
1002 5.018981e-08 5.909757e-03
1003 1.130610e-09 1.780312e-03
1004 1.069889e-06 5.845277e-03
1005 3.082136e-08 2.927213e-03
1006 3.076216e-06 1.391046e-02
1007 8.678143e-09 2.928979e-03
1008 1.780046e-06 8.820537e-03
1009 3.190837e-09 4.061371e-03
1010 1.283941e-08 2.861863e-03
1011 1.166857e-07 3.736144e-03
1012 3.464620e-07 3.910300e-03
1013 1.704813e-09 2.067595e-03
1014 1.626653e-08 3.442958e-03
1015 6.471870e-10 2.131120e-03
1016 8.252541e-08 3.089354e-03
1017 1.473276e-08 1.794750e-03
1018 1.360991e-08 2.896444e-03
1019 2.467886e-09 4.401915e-03
1020 1.465764e-09 1.749674e-03
1021 1.116427e-06 7.785345e-03
1022 2.124920e-10 1.166018e-03
1023 4.903515e-07 2.146089e-03
1024 3.992754e-10 1.399296e-03
1025 9.362067e-08 2.438881e-03
1026 5.549277e-04 9.575195e-01
1027 5.261402e-04 1.472674e-01
1028 2.348692e-04 1.006161e-01
1029 4.005578e-05 1.029016e-01
1030 1.917571e-04 3.501385e-01
1031 1.563027e-03 8.486837e-01
1032 1.688340e-07 7.899016e-03
1033 3.447810e-06 1.986069e-02
1034 7.868565e-04 2.889864e-01
1035 6.993224e-07 4.614650e-03
1036 2.685580e-07 9.702127e-03
1037 2.935669e-05 3.370682e-02
1038 5.552282e-08 3.126131e-03
1039 1.123212e-05 1.705613e-02
1040 6.312739e-07 9.529921e-03
1041 5.057168e-06 2.678750e-02
1042 1.006502e-07 1.085199e-02
1043 1.704775e-06 1.652215e-02
1044 3.911136e-08 1.706884e-02
1045 1.307189e-06 7.674812e-03
1046 9.090061e-05 8.916448e-02
1047 9.483812e-04 2.573054e-01
1048 4.031183e-04 1.604687e-01
1049 1.563475e-07 9.019659e-03
1050 4.347299e-04 5.122618e-01
1051 8.066746e-04 4.374789e-01
1052 1.082338e-10 1.227357e-03
1053 2.271349e-10 1.821575e-03
1054 7.783880e-05 8.117217e-02
1055 1.041431e-11 1.556032e-03
1056 2.082353e-10 4.673063e-03
1057 1.847339e-09 2.140354e-03
1058 7.362172e-09 2.028807e-03
1059 2.503045e-12 1.031699e-03
1060 1.003911e-12 9.550878e-04
1061 2.396157e-06 3.617682e-03
1062 7.758519e-11 1.812620e-03
1063 7.215684e-09 3.813548e-03
1064 5.766223e-04 2.998645e-01
1065 2.843348e-06 1.719360e-02
1066 1.316286e-12 1.577868e-03
1067 4.947318e-12 1.439763e-03
1068 1.545567e-13 1.465211e-03
1069 8.814432e-13 1.614064e-03
1070 3.788992e-08 1.409084e-02
1071 1.513963e-08 5.311888e-03
1072 2.813788e-08 3.328078e-03
1073 3.431868e-07 1.939598e-02
1074 3.643196e-11 1.055253e-03
1075 1.254946e-06 2.628025e-02
1076 8.123878e-07 6.133717e-03
1077 1.312465e-06 1.657901e-02
1078 1.554896e-10 1.632486e-03
1079 3.791479e-08 5.831351e-03
1080 7.459292e-10 1.585306e-03
1081 2.208367e-13 1.460188e-03
1082 2.716817e-11 1.485789e-03
1083 2.332451e-09 1.831079e-03
1084 8.244502e-12 1.228492e-03
1085 2.988467e-09 4.320036e-03
1086 3.864277e-11 1.240031e-03
1087 5.256302e-11 1.369660e-03
1088 1.250450e-10 4.681309e-03
1089 1.522665e-10 1.234737e-03
1090 1.150592e-11 1.195626e-03
1091 7.007243e-11 1.229229e-03
1092 1.788816e-03 7.830129e-01
1093 3.776738e-09 1.877156e-02
1094 8.788258e-09 1.384959e-02
1095 8.329234e-11 1.692951e-03
1096 4.544849e-12 1.481497e-03
1097 2.589906e-10 4.826531e-03
1098 1.953277e-08 7.874870e-03
1099 5.749391e-09 3.262180e-03
1100 7.966191e-09 2.809466e-03
1101 6.937860e-07 5.182076e-03
1102 1.323036e-09 3.181840e-03
1103 4.236787e-09 2.755342e-03
1104 8.607927e-06 7.068930e-02
1105 9.084987e-11 1.530164e-03
1106 1.071978e-11 2.235592e-03
1107 5.208321e-11 3.128540e-03
1108 4.465235e-10 1.737850e-03
1109 3.055886e-11 2.022655e-03
1110 3.843954e-09 4.735783e-03
1111 7.045613e-11 3.955483e-03
1112 8.072558e-06 4.124643e-02
1113 2.220198e-07 1.752324e-02
1114 4.783054e-10 2.057541e-03
1115 1.307008e-05 3.795693e-02
1116 7.924699e-12 1.479022e-03
1117 4.200222e-10 1.611742e-03
1118 1.791538e-07 6.744891e-03
1119 1.307740e-06 2.393406e-02
1120 2.637341e-09 4.052501e-03
1121 2.713309e-08 6.865537e-03
1122 1.721231e-08 4.112379e-03
1123 5.833165e-09 2.488806e-03
1124 3.235315e-08 3.801102e-03
1125 3.826876e-08 4.751609e-03
1126 7.005725e-08 5.142038e-03
1127 2.818394e-08 3.884466e-03
1128 2.076799e-07 4.655733e-03
1129 2.450436e-08 3.323426e-03
1130 2.392790e-07 5.238406e-03
1131 2.726715e-04 8.682372e-02
1132 8.131270e-04 2.737352e-01
1133 4.696838e-05 4.925911e-02
1134 1.887463e-07 9.208488e-03
1135 3.132104e-07 2.514496e-03
1136 3.827626e-07 4.929966e-03
1137 1.187009e-06 5.704885e-03
1138 5.695866e-06 1.621614e-02
1139 3.167152e-08 5.261378e-03
1140 4.833657e-04 3.504004e-01
1141 6.168788e-05 4.482793e-02
1142 2.079856e-06 9.825861e-03
1143 2.557221e-07 6.836546e-03
1144 3.017833e-06 3.797362e-02
1145 8.210674e-08 9.219813e-03
1146 1.389656e-04 1.048761e-01
1147 2.306299e-05 4.627289e-02
1148 9.685622e-05 3.233039e-02
1149 7.236440e-06 1.328449e-02
1150 8.764919e-07 1.195429e-02
1151 1.597469e-04 3.777247e-02
1152 1.406463e-06 6.749322e-03
1153 1.632272e-06 4.961789e-03
1154 6.262804e-06 1.488236e-02
1155 1.975906e-05 2.998843e-02
1156 1.826228e-04 6.818078e-02
1157 3.081547e-04 1.113340e-01
1158 1.429059e-06 1.552557e-02
1159 1.026273e-03 2.973774e-01
1160 9.763588e-06 1.420114e-02
1161 2.910608e-07 7.581968e-03
1162 1.271830e-04 5.959557e-02
1163 4.207395e-04 3.502781e-01
1164 8.471875e-05 3.894895e-02
1165 2.356698e-04 5.087629e-02
1166 3.223027e-05 5.460416e-02
1167 8.453806e-05 5.053906e-02
1168 2.589262e-04 5.038015e-02
1169 3.773083e-04 8.740417e-02
1170 1.676590e-04 6.065966e-02
1171 1.555684e-05 1.159051e-02
1172 8.289107e-07 2.628398e-02
1173 1.280037e-03 4.344155e-01
1174 6.695845e-04 2.842618e-01
1175 3.455815e-05 4.276743e-02
1176 6.369904e-03 2.660810e+00
1177 1.689100e-08 3.123671e-03
1178 1.057601e-04 4.510738e-02
1179 2.912098e-06 2.501201e-02
1180 5.158876e-04 1.525281e-01
1181 2.465583e-05 3.185868e-02
1182 1.127036e-04 9.811312e-02
1183 1.182071e-05 4.802110e-02
1184 4.845773e-04 3.478379e-01
1185 6.198206e-04 2.857712e-01
1186 3.080901e-05 3.591210e-02
1187 2.311975e-07 9.514999e-03
1188 5.246895e-06 1.130727e-02
1189 3.028779e-05 5.314694e-02
1190 5.588772e-04 3.441225e-01
1191 2.424172e-04 6.773991e-02
1192 1.766270e-04 1.255575e-01
1193 4.200680e-05 5.208973e-02
1194 9.214571e-04 2.710046e-01
1195 3.490199e-04 1.235295e-01
1196 4.351841e-04 2.727067e-01
1197 6.211503e-04 1.317746e-01
1198 6.269391e-06 3.033394e-02
1199 4.863096e-04 1.248112e-01
1200 6.943270e-04 2.397707e-01
1201 3.105008e-06 2.897485e-02
1202 2.821016e-06 1.676736e-02
1203 9.454865e-04 1.094537e-01
1204 2.701140e-04 1.042207e-01
1205 2.506118e-09 4.862627e-03
1206 2.282056e-07 1.826166e-02
1207 1.610570e-09 3.648982e-03
1208 1.048831e-03 2.275672e-01
1209 8.940096e-08 9.079877e-03
1210 4.949449e-10 8.345956e-03
1211 1.375443e-09 3.600871e-03
1212 2.811667e-07 6.257136e-03
1213 3.905982e-08 7.583295e-03
1214 3.707288e-07 9.479969e-03
1215 1.642804e-07 3.474686e-02
1216 2.181695e-11 4.242222e-03
1217 3.200453e-05 2.735349e-01
1218 7.153523e-08 6.872896e-03
1219 3.021059e-09 1.288236e-03
1220 2.439265e-09 3.410809e-03
1221 5.009724e-07 8.596649e-03
1222 1.924696e-03 6.189287e-01
1223 2.530393e-09 2.079476e-03
1224 1.302897e-07 2.395697e-03
1225 9.142656e-05 1.067108e-01
1226 5.923467e-10 2.310165e-03
1227 7.532230e-04 6.148451e-01
1228 8.634322e-06 1.244454e-02
1229 2.755655e-08 1.271989e-03
1230 2.034726e-07 2.778907e-03
1231 3.980233e-07 1.953976e-03
1232 1.640215e-09 2.023830e-03
1233 2.570137e-09 2.257182e-03
1234 6.945729e-06 9.543564e-03
1235 1.589092e-09 2.561263e-03
1236 3.022553e-08 3.005269e-03
1237 7.482343e-07 4.995649e-03
1238 1.864636e-07 4.761494e-03
1239 5.535231e-09 2.339754e-03
1240 1.755343e-03 1.140585e+00
1241 6.249005e-06 8.387843e-03
1242 9.824124e-07 5.915019e-03
1243 7.473489e-08 4.315520e-03
1244 6.515234e-07 4.644837e-03
1245 3.040969e-08 2.974564e-03
1246 4.558069e-08 2.960229e-03
1247 4.700743e-05 4.327626e-02
1248 9.729805e-06 4.759686e-02
1249 7.440809e-07 1.111560e-02
1250 1.350461e-05 3.050484e-02
1251 2.556110e-06 2.060320e-02
1252 9.631311e-07 1.757535e-02
1253 1.552153e-07 1.520468e-02
1254 1.425451e-06 8.881933e-03
1255 2.402503e-03 6.584261e-01
1256 3.248041e-06 9.799395e-03
1257 6.202893e-03 1.572706e+00
1258 1.201216e-04 1.162501e-01
1259 1.723474e-03 4.271158e-01
1260 1.264310e-03 1.163147e-01
1261 4.905651e-10 1.848080e-03
1262 2.827218e-03 7.249793e-01
1263 7.687112e-08 5.545836e-03
1264 4.154187e-05 9.703749e-02
1265 3.152610e-07 3.459100e-03
1266 4.412820e-08 6.928639e-03
1267 1.042534e-08 1.943516e-03
1268 4.968559e-07 7.586108e-03
1269 3.113564e-06 7.278332e-02
1270 3.494402e-04 1.223635e-01
1271 1.763052e-06 1.165939e-02
1272 3.867783e-08 3.342187e-03
1273 4.005264e-07 6.790767e-03
1274 9.551367e-06 2.300019e-02
1275 1.639313e-04 1.063675e-01
1276 1.925820e-04 1.409672e-01
1277 7.845030e-06 1.255682e-01
1278 5.584463e-04 2.669230e-01
1279 5.605831e-08 5.992350e-03
1280 8.772475e-08 7.399198e-03
1281 4.899468e-08 8.546149e-03
1282 2.754005e-07 1.556902e-02
1283 1.379295e-06 1.318274e-02
1284 8.642475e-04 3.588996e-01
1285 1.191486e-05 3.625264e-02
1286 6.899905e-05 1.553177e-01
1287 3.378594e-10 7.191375e-03
1288 2.700877e-05 1.265517e-01
1289 3.176690e-04 1.606187e-01
1290 3.921528e-11 1.825327e-03
1291 1.578337e-05 8.309219e-02
1292 1.037265e-07 1.594551e-02
1293 3.273360e-05 2.264946e-01
1294 3.553500e-08 2.445508e-03
1295 9.967146e-07 1.854572e-02
1296 3.553339e-05 2.864039e-02
1297 8.911493e-04 5.374557e-01
1298 2.012366e-04 2.242544e-01
1299 1.030915e-05 2.346805e-02
1300 6.646010e-04 6.230288e-01
1301 1.724670e-06 5.371243e-03
1302 6.496060e-08 3.801032e-03
1303 4.242243e-05 4.146359e-02
1304 9.636399e-05 6.310086e-02
1305 1.351281e-04 1.505205e-01
1306 1.125181e-04 8.679927e-02
1307 9.118001e-04 5.644787e-01
1308 9.593168e-07 1.055867e-02
1309 1.222159e-03 4.299773e-01
1310 1.271134e-03 6.193890e-01
1311 3.727964e-04 2.696987e-01
1312 3.114951e-03 1.527505e+00
1313 3.266907e-08 4.965064e-03
1314 2.603040e-05 5.223596e-02
1315 1.858484e-08 6.038645e-03
1316 1.834360e-10 4.991628e-03
1317 6.497175e-10 3.432743e-03
1318 4.282287e-08 2.020307e-03
1319 2.013779e-10 2.521203e-03
1320 1.818806e-09 4.483108e-03
1321 2.354468e-10 4.118991e-03
1322 7.602664e-11 1.540515e-03
1323 4.185170e-07 1.501444e-02
1324 8.500732e-06 4.540809e-03
1325 2.527202e-07 6.835217e-03
1326 1.111019e-06 8.497680e-03
1327 2.184675e-07 1.030659e-02
1328 5.269310e-07 7.630112e-03
1329 3.012790e-12 2.764880e-03
1330 2.342413e-07 9.900729e-03
1331 1.154028e-04 1.949103e-01
1332 1.523635e-04 2.649882e-01
1333 5.204236e-06 3.374304e-02
1334 1.311785e-07 2.103293e-02
1335 6.778073e-06 3.525456e-02
1336 1.681786e-07 1.072363e-02
1337 6.327275e-07 6.682953e-03
1338 2.296321e-05 4.269065e-02
1339 4.787463e-05 3.144924e-02
1340 1.151268e-05 1.086611e-02
1341 1.635319e-06 9.367491e-03
1342 7.551206e-10 1.658717e-03
1343 1.975869e-03 1.002924e+00
1344 2.069277e-08 5.172175e-03
1345 2.285490e-04 4.727651e-01
1346 7.336061e-06 1.003765e-01
1347 3.441995e-05 1.065856e-01
1348 2.207919e-05 3.274114e-02
1349 3.354029e-06 1.361131e-02
1350 1.919023e-03 1.007909e+00
1351 5.801376e-04 4.541583e-01
1352 1.979080e-03 6.138891e-01
1353 7.315856e-11 3.320924e-03
1354 5.653594e-08 3.140991e-03
1355 2.787801e-04 7.295496e-02
1356 2.110749e-07 4.655293e-03
1357 1.443318e-07 5.505874e-03
1358 9.539214e-04 6.065455e-01
1359 1.090380e-06 2.581137e-02
1360 3.857019e-05 6.985448e-03
1361 3.110896e-06 1.515528e-02
1362 6.515311e-07 3.842769e-03
1363 1.845589e-10 1.349390e-03
1364 1.630628e-09 1.293005e-03
1365 6.858249e-10 1.908700e-03
1366 3.139039e-07 7.171116e-03
1367 5.861866e-07 3.818335e-02
1368 1.079190e-07 3.368876e-03
1369 2.965253e-09 2.318301e-03
1370 1.526374e-10 1.156483e-03
1371 4.306571e-07 2.994715e-03
1372 4.318772e-09 1.250042e-03
1373 3.840606e-08 2.064687e-03
1374 9.581306e-08 9.168141e-03
1375 1.492369e-03 4.516317e-01
1376 8.774279e-05 3.518793e-02
1377 4.785676e-04 1.266338e-01
1378 8.381700e-08 1.159731e-02
1379 2.297418e-03 2.575737e-01
1380 1.294107e-04 7.589782e-02
1381 6.207418e-07 2.263371e-02
1382 2.365089e-08 2.298872e-03
1383 9.851741e-07 8.540425e-03
1384 1.078329e-03 7.010850e-01
1385 1.270030e-05 4.315540e-02
1386 8.159070e-04 2.128986e-01
1387 2.343759e-03 9.171732e-01
1388 1.132905e-03 8.608937e-01
1389 8.473268e-07 8.169439e-03
1390 9.934486e-04 2.620548e-01
1391 5.920254e-06 1.924580e-02
1392 2.891846e-08 1.609895e-02
1393 5.137479e-08 3.108884e-03
1394 2.251819e-08 1.089582e-02
1395 6.922347e-06 4.650251e-02
1396 4.862487e-07 5.319942e-03
1397 3.303432e-08 4.622700e-03
1398 1.393856e-03 6.270710e-01
1399 1.316224e-05 2.188350e-02
1400 1.118025e-06 9.295771e-03
1401 2.318451e-04 7.064624e-02
1402 4.222905e-07 4.086697e-03
1403 4.863293e-05 1.203012e-02
1404 6.745269e-06 4.527517e-02
1405 1.975822e-08 2.200123e-03
1406 2.182384e-05 2.503217e-02
1407 1.890527e-08 2.711167e-03
1408 1.655590e-09 2.399668e-03
1409 2.219930e-05 6.029998e-02
1410 2.857999e-04 2.391775e-01
1411 2.092396e-05 1.616021e-01
1412 4.634901e-03 5.831927e-01
1413 8.482966e-07 2.540790e-03
1414 2.176371e-03 9.998276e-01
1415 4.085678e-09 3.235663e-03
1416 1.027969e-05 6.700951e-03
1417 3.351215e-05 1.683962e-02
1418 3.444465e-07 4.067361e-03
1419 9.170232e-05 1.327785e-01
1420 8.127461e-04 4.708508e-01
1421 1.355884e-04 1.755718e-01
1422 1.464634e-04 1.282619e-01
1423 1.594972e-03 7.914272e-01
1424 5.238521e-08 9.906994e-03
1425 2.697084e-03 1.070524e+00
1426 6.325279e-04 5.902486e-01
1427 1.201297e-05 4.626766e-02
1428 4.407258e-05 2.681741e-02
1429 1.861861e-06 1.183680e-02
1430 8.320706e-06 4.889001e-02
1431 1.703504e-04 5.574742e-02
1432 3.009467e-04 1.222225e-01
1433 5.914469e-08 7.806287e-03
1434 3.621678e-08 3.260937e-02
1435 3.370031e-06 6.407436e-02
1436 2.977336e-03 5.515012e-01
1437 1.193889e-06 4.992477e-03
1438 2.182983e-05 1.437997e-02
1439 5.352851e-04 1.103429e+00
1440 1.107175e-04 8.905455e-02
1441 4.515393e-03 1.108511e+00
1442 1.670796e-11 2.166492e-03
1443 1.933216e-07 5.639074e-02
1444 3.158480e-07 3.611273e-02
1445 7.023192e-07 4.737948e-02
1446 5.412920e-08 6.454799e-03
1447 1.777973e-03 1.251691e-01
1448 6.042635e-07 9.915707e-03
1449 7.955870e-04 1.629942e-01
1450 9.487695e-05 1.478609e-01
1451 6.196782e-09 1.815162e-03
1452 8.908286e-08 1.413170e-02
1453 1.585169e-07 2.097217e-03
1454 4.589801e-08 1.287771e-02
1455 4.636812e-10 4.418793e-03
1456 3.923242e-06 1.093602e-02
1457 3.072766e-09 5.412035e-03
1458 4.275760e-10 2.875324e-03
1459 3.547330e-06 1.071463e-02
1460 1.960041e-09 4.512205e-03
1461 2.469884e-09 7.683536e-03
1462 1.617193e-08 8.574688e-03
1463 2.937059e-06 3.634885e-02
1464 1.501511e-03 8.665088e-01
1465 1.961204e-03 5.134359e-01
1466 9.239934e-04 5.495997e-01
1467 5.594087e-05 6.692841e-02
1468 2.358865e-03 9.759006e-01
1469 2.882540e-03 6.498801e-01
1470 9.878281e-06 5.089182e-02
1471 1.461091e-05 3.483914e-02
1472 1.807408e-05 1.315360e-01
1473 2.258059e-09 2.959216e-03
1474 5.717130e-10 1.252712e-02
1475 3.701015e-08 4.542419e-03
1476 6.895330e-06 9.752033e-03
1477 2.984623e-04 4.118723e-01
1478 1.962177e-06 2.860944e-02
1479 9.086965e-04 2.432600e-01
1480 2.841577e-04 2.192423e-01
1481 7.217073e-06 3.482775e-02
1482 5.750370e-05 6.825021e-02
1483 7.160020e-07 1.223123e-02
1484 1.600505e-06 8.520995e-03
1485 2.072511e-06 9.885616e-03
1486 2.188585e-03 5.997716e-01
1487 8.523302e-05 2.027923e-02
1488 5.193556e-05 5.469301e-02
1489 4.779281e-05 3.287477e-02
1490 2.117696e-05 1.332208e-02
1491 2.775098e-03 4.865300e-01
1492 4.096880e-07 2.297993e-02
1493 1.704712e-06 5.663530e-03
1494 6.478007e-07 2.303277e-02
1495 2.095877e-04 3.867097e-01
1496 1.386776e-05 1.480258e-02
1497 9.484644e-05 1.335777e-01
1498 3.448018e-03 1.070661e+00
1499 7.418546e-05 7.355963e-02
1500 2.376449e-07 1.036299e-02
1501 7.657134e-04 2.223226e-01
1502 5.132234e-04 2.661781e-01
1503 1.006684e-04 6.960598e-02
1504 6.470014e-03 9.347929e-01
1505 1.049343e-06 7.150491e-02
1506 1.045507e-06 1.907728e-03
1507 1.186080e-03 3.580635e-01
1508 1.277653e-03 1.256678e+00
1509 1.177302e-07 4.469726e-03
1510 3.601000e-07 3.767252e-03
1511 2.020935e-03 4.100591e-01
1512 3.925142e-08 1.084096e-03
1513 4.476745e-07 1.736604e-02
1514 5.346983e-08 5.222789e-03
1515 2.403164e-06 1.116897e-02
1516 5.470162e-05 1.149804e-01
1517 7.481681e-06 1.831101e-02
1518 5.815530e-06 8.799630e-02
1519 1.095301e-10 1.807427e-03
1520 4.992067e-04 1.348649e-01
1521 6.270747e-09 2.454850e-03
1522 4.435336e-08 4.729097e-03
1523 1.526103e-07 7.679568e-03
1524 1.537258e-03 5.336930e-01
1525 3.731891e-05 6.098776e-02
1526 5.232814e-06 2.457332e-02
1527 2.356281e-04 1.047947e-01
1528 8.883203e-06 1.222408e-02
1529 2.099418e-06 2.998575e-02
1530 3.075860e-07 7.469046e-03
1531 2.383173e-04 2.312357e-01
1532 4.625768e-06 2.090777e-02
1533 5.060787e-05 1.273771e-01
1534 6.685669e-04 6.613231e-01
1535 1.986870e-03 7.577409e-01
1536 1.126883e-03 4.271434e-01
1537 1.508229e-08 8.428078e-03
1538 6.055489e-05 3.952627e-01
1539 1.019975e-06 2.711983e-02
1540 5.442293e-09 4.668584e-02
1541 5.042922e-04 3.433784e-01
1542 3.905780e-03 1.648082e+00
1543 1.646417e-09 5.590065e-03
1544 1.822813e-07 1.688307e-02
1545 2.315595e-10 3.642931e-03
1546 5.146933e-05 1.676597e-01
1547 4.587929e-06 3.989743e-02
1548 2.314912e-08 3.962905e-02
1549 7.674467e-11 2.624717e-03
1550 1.819815e-05 8.557286e-02
1551 8.893614e-08 1.657818e-02
1552 1.642493e-08 1.277432e-03
1553 3.958519e-08 3.211313e-03
1554 1.219395e-03 6.922050e-01
1555 1.087551e-03 5.032217e-01
1556 9.854413e-06 4.237571e-02
1557 3.982554e-04 3.307937e-01
1558 4.454419e-04 4.679457e-01
1559 1.456559e-03 6.466458e-01
1560 1.688652e-07 5.883182e-03
1561 4.248421e-04 1.286939e-01
1562 1.266894e-07 1.431472e-02
1563 1.716532e-04 2.621072e-01
1564 2.634349e-07 8.090464e-03
1565 2.128910e-04 1.164772e-01
1566 1.045110e-04 4.771274e-02
1567 6.643750e-06 8.866619e-03
1568 1.938580e-04 6.806922e-02
1569 3.717720e-04 1.034275e-01
1570 1.569823e-04 1.060370e-01
1571 4.357830e-04 1.070173e-01
1572 2.311178e-10 1.951239e-03
1573 1.095542e-03 4.346952e-01
1574 2.869164e-06 5.806798e-03
1575 1.378145e-05 2.622399e-02
1576 3.750918e-05 2.055506e-02
1577 1.087108e-03 4.018981e-01
1578 3.117956e-08 6.685284e-03
1579 2.740218e-04 5.135768e-02
1580 1.306497e-09 2.504950e-03
1581 8.127116e-06 6.558807e-03
1582 2.599608e-06 7.921461e-03
1583 8.074904e-04 2.662969e-01
1584 2.063013e-06 1.003956e-02
1585 3.077776e-03 8.509075e-01
1586 8.428263e-04 6.643806e-01
1587 5.622032e-04 2.150419e-01
1588 3.848926e-04 3.018265e-01
1589 3.181259e-04 2.748438e-01
1590 6.340986e-04 4.554287e-01
1591 8.831655e-06 6.560332e-02
1592 1.839960e-05 4.263846e-02
1593 5.134075e-04 1.822582e-01
1594 4.110254e-05 5.547267e-02
1595 5.055791e-04 1.397075e-01
1596 6.426328e-05 5.002837e-02
1597 9.541958e-05 5.767592e-02
1598 4.348230e-05 1.489987e-01
1599 4.452877e-07 5.061546e-03
1600 6.553716e-04 2.810314e-01
1601 2.482202e-07 1.839038e-03
1602 5.927347e-03 1.297769e+00
1603 2.217529e-08 2.592099e-03
1604 5.454601e-09 2.526812e-03
1605 1.636204e-04 1.531716e-01
1606 1.451348e-11 2.940811e-03
1607 1.314943e-08 1.980095e-03
1608 2.436671e-08 2.101007e-03
1609 7.389362e-04 2.216884e-01
1610 3.013640e-04 1.507994e-01
1611 1.379462e-12 1.884622e-03
1612 8.460947e-09 2.245473e-03
1613 3.035665e-05 5.994048e-03
1614 8.037156e-07 5.543478e-03
1615 5.395349e-04 3.327344e-01
1616 1.931058e-04 1.758978e-01
1617 1.607319e-03 2.624564e-01
1618 1.568960e-04 9.472033e-02
1619 1.407752e-03 7.524911e-01
1620 1.205720e-06 1.144413e-02
1621 2.054328e-04 1.863779e-01
1622 6.350842e-07 5.963450e-03
1623 1.200765e-05 5.436689e-02
1624 5.680917e-09 5.302788e-03
1625 5.820571e-10 1.697838e-03
1626 2.547463e-08 9.855616e-03
1627 8.043911e-08 6.902950e-03
1628 1.169598e-10 1.990342e-03
1629 9.927457e-05 1.026613e-01
1630 7.990529e-11 1.722798e-03
1631 1.122997e-06 1.233526e-02
1632 1.461499e-08 1.017351e-02
1633 3.694525e-05 5.684478e-02
1634 1.163581e-03 9.016896e-01
1635 1.565052e-03 6.845772e-01
1636 2.233894e-03 1.496197e+00
1637 4.474943e-04 2.086321e-01
1638 1.782863e-03 2.150619e-01
1639 4.037814e-03 1.425215e+00
1640 2.376381e-03 5.289154e-01
1641 1.610537e-04 4.538585e-01
1642 9.262311e-04 1.539656e-01
1643 1.612014e-05 6.019820e-02
1644 1.166616e-03 2.431307e-01
1645 3.517340e-09 1.659843e-03
1646 1.174507e-03 2.176350e-01
1647 7.516272e-04 4.353468e-01
1648 7.099458e-07 6.713518e-03
1649 2.328307e-05 3.917307e-02
1650 3.940001e-03 5.629515e-01
1651 1.482090e-04 1.907049e-02
1652 3.427377e-03 1.030814e+00
1653 6.008985e-04 9.095653e-01
1654 1.659972e-08 2.858138e-03
1655 1.986855e-06 8.836900e-03
1656 7.532353e-11 3.791161e-03
1657 7.618974e-10 1.275140e-03
1658 1.736364e-08 3.474092e-03
1659 5.982519e-08 1.107066e-02
1660 3.368218e-12 2.013571e-03
1661 3.971295e-05 1.773564e-01
1662 2.077559e-09 8.360291e-03
1663 1.167361e-04 8.017766e-02
1664 1.874125e-10 7.017875e-03
1665 1.176787e-03 2.453253e-01
1666 1.293996e-05 1.059344e-01
1667 9.837830e-05 7.368902e-02
1668 5.161181e-07 3.247539e-03
1669 1.316901e-07 6.689321e-03
1670 8.165832e-07 1.154888e-02
1671 3.141913e-08 4.717615e-03
1672 1.632021e-06 3.298652e-02
1673 2.202476e-04 9.267820e-02
1674 1.644338e-05 6.286248e-03
1675 5.393964e-04 7.004304e-02
1676 4.705921e-10 1.488933e-03
1677 1.538885e-06 2.217002e-02
1678 6.059042e-04 3.590961e-01
1679 2.565076e-05 1.677880e-02
1680 3.416970e-06 1.902141e-02
1681 1.148232e-04 1.270423e-01
1682 1.882306e-06 8.748435e-03
1683 4.831174e-10 1.427051e-02
1684 3.075887e-09 7.037863e-03
1685 1.960237e-11 2.228348e-03
1686 1.749733e-05 5.051319e-02
1687 9.273319e-06 2.352676e-02
1688 4.443062e-11 1.181109e-03
1689 2.861797e-06 4.621209e-02
1690 1.611129e-06 1.152532e-02
1691 6.173269e-05 9.098727e-02
1692 1.028723e-03 9.164420e-01
1693 2.485013e-03 6.991001e-01
1694 1.863005e-03 3.079927e-01
1695 1.357172e-06 9.369168e-03
1696 2.270110e-09 3.060121e-03
1697 1.092991e-09 6.228542e-03
1698 1.010478e-04 1.694882e-01
1699 1.758853e-07 1.734223e-02
1700 1.698049e-04 7.513253e-02
1701 2.549013e-07 1.073701e-02
1702 2.010491e-07 6.395856e-03
1703 1.261307e-06 1.695771e-02
1704 7.396943e-07 7.513984e-03
1705 2.121732e-04 5.020168e-01
1706 1.426354e-04 6.230101e-02
1707 8.244264e-08 3.568781e-03
1708 3.528506e-14 2.066073e-03
1709 8.067285e-13 5.400189e-03
1710 4.136754e-11 1.420094e-03
1711 1.004622e-08 1.075722e-02
1712 1.643932e-08 5.686582e-03
1713 1.792984e-09 4.481710e-03
1714 5.303172e-09 6.156957e-03
1715 8.019648e-07 4.603548e-03
1716 3.618657e-10 6.170933e-03
1717 2.733270e-10 2.196927e-03
1718 1.901422e-08 1.830239e-02
1719 1.593404e-13 1.983144e-03
1720 4.900965e-08 4.912437e-03
1721 4.352069e-11 1.543081e-03
1722 4.219500e-07 1.306094e-02
1723 1.520929e-12 1.305811e-03
1724 2.844444e-13 1.416024e-03
1725 1.261672e-10 1.943378e-03
1726 1.293422e-07 3.797697e-02
1727 6.808207e-11 1.036306e-02
1728 5.906763e-11 2.571066e-03
1729 1.310583e-07 1.453623e-02
1730 7.607798e-09 4.535064e-03
1731 3.235281e-09 4.026567e-03
1732 1.404651e-03 2.888471e-01
1733 1.150165e-03 5.079621e-01
1734 7.254232e-04 5.531069e-01
1735 1.381715e-06 7.595284e-02
1736 1.016008e-08 7.941932e-03
1737 1.700026e-06 9.587823e-03
1738 1.551411e-04 2.694963e-01
1739 2.041279e-03 5.309419e-01
1740 1.900274e-06 2.549246e-02
1741 1.137226e-11 1.330465e-03
1742 3.628447e-09 1.712336e-03
1743 5.234287e-09 4.126633e-03
1744 8.558588e-09 2.081225e-03
1745 5.616279e-11 2.243359e-03
1746 4.911639e-08 8.590918e-03
1747 5.722322e-08 2.372090e-02
1748 8.025353e-05 2.501507e-02
1749 1.736599e-06 7.162829e-03
1750 2.377278e-07 8.915951e-03
1751 1.811566e-09 4.101712e-03
1752 9.112942e-10 7.636191e-03
1753 3.552227e-05 1.144355e-01
1754 1.236710e-03 6.587764e-01
1755 1.604088e-03 7.363605e-01
1756 8.467066e-07 2.015420e-02
1757 1.231734e-04 9.445345e-02
1758 5.311979e-04 9.498871e-01
1759 4.692980e-04 2.360775e-01
1760 9.089460e-04 3.961041e-01
1761 1.659846e-03 1.125126e+00
1762 2.201624e-03 1.020632e+00
1763 1.244417e-04 2.236228e-01
1764 4.560632e-05 3.395105e-02
1765 4.518477e-05 5.347274e-02
1766 1.143279e-03 4.163698e-01
1767 4.054749e-04 8.764039e-02
1768 5.146782e-05 3.981324e-02
1769 1.090827e-04 1.792715e-01
1770 7.290831e-04 3.311314e-01
1771 4.943031e-05 1.271090e-01
1772 2.804387e-09 4.459478e-03
1773 3.583739e-03 2.525221e+00
1774 1.860515e-03 5.693676e-01
1775 4.755065e-03 1.672265e+00
1776 5.206038e-04 3.529247e-01
1777 9.753431e-05 6.527725e-02
1778 1.181428e-03 8.221199e-01
1779 1.351925e-03 2.638157e-01
1780 1.026319e-04 7.728960e-02
1781 3.615000e-04 5.098834e-02
1782 1.000490e-05 4.105590e-02
1783 3.251035e-03 1.294594e+00
1784 2.949164e-05 8.809956e-02
1785 2.489650e-05 1.116315e-01
1786 7.292042e-04 1.185896e-01
1787 6.972326e-04 1.759166e-01
1788 2.103387e-03 5.692691e-01
1789 1.202279e-04 2.047352e-01
1790 5.664903e-06 2.118808e-02
1791 1.335053e-05 1.716496e-01
1792 6.773118e-04 3.938513e-01
1793 1.866123e-04 1.231887e-01
1794 3.319028e-05 5.062090e-02
1795 5.640220e-05 5.064362e-02
1796 3.075318e-04 1.331368e-01
1797 2.970883e-04 1.277729e-01
1798 4.478830e-05 5.203497e-02
1799 8.910264e-06 1.646524e-02
1800 1.203627e-04 2.264439e-01
1801 6.894885e-05 5.226254e-02
1802 1.956658e-03 9.831581e-01
1803 1.496095e-03 4.757649e-01
1804 7.084089e-04 4.039511e-01
1805 3.614208e-04 1.157207e-01
1806 6.203463e-05 8.176783e-02
1807 4.949634e-05 4.134246e-02
1808 1.980249e-03 3.917070e-01
1809 4.678443e-06 2.396922e-02
1810 4.422088e-07 9.334754e-03
1811 5.260376e-07 1.308803e-02
1812 7.826941e-05 3.222682e-02
1813 2.905058e-05 1.169867e-02
1814 2.920677e-08 2.086931e-02
1815 3.513611e-06 7.482549e-02
1816 3.339717e-05 3.161317e-02
1817 1.756357e-04 1.171991e-01
1818 3.156761e-06 4.672377e-02
1819 8.272444e-04 9.326255e-01
1820 2.850256e-05 1.871057e-01
1821 1.694497e-05 3.397673e-02
1822 5.848601e-07 2.109209e-02
1823 9.933448e-07 4.883974e-02
1824 3.790216e-04 1.907730e-01
1825 1.073232e-03 6.585253e-01
1826 3.950564e-04 1.656379e-01
1827 2.940768e-06 1.272272e-02
1828 2.745927e-07 1.845761e-02
1829 3.090551e-07 1.716779e-02
1830 1.897573e-03 1.482342e+00
1831 3.609039e-06 9.968331e-03
1832 5.827624e-04 1.073461e-01
1833 2.688270e-09 1.114268e-02
1834 1.019161e-05 2.540559e-02
1835 1.346557e-09 8.520787e-03
1836 2.845884e-07 6.982049e-03
1837 1.308419e-03 4.361019e-01
1838 7.690153e-05 4.460303e-02
1839 4.311355e-06 4.733097e-02
1840 8.106997e-05 9.034182e-02
1841 5.926763e-05 5.533037e-02
1842 2.049130e-06 2.274482e-02
1843 2.369318e-06 1.973902e-02
1844 8.423434e-06 2.205627e-02
1845 1.685685e-04 4.748315e-02
1846 1.092047e-07 7.480035e-03
1847 2.191233e-05 2.117778e-02
1848 1.607007e-07 1.296313e-02
1849 7.325129e-08 1.540512e-02
1850 4.271278e-07 1.008867e-02
1851 1.175952e-06 6.300868e-03
1852 6.489401e-08 4.864237e-03
1853 2.212035e-05 6.222544e-03
1854 2.054187e-04 1.531300e-01
1855 5.022594e-06 3.032474e-02
1856 2.247377e-04 1.431356e-01
1857 4.823209e-04 2.869182e-01
1858 1.173283e-04 1.214134e-01
1859 4.998081e-06 6.283972e-03
1860 1.127686e-03 3.447554e-01
1861 5.434606e-10 7.876980e-03
1862 3.333247e-06 1.020243e-02
1863 1.221911e-06 2.656794e-02
1864 1.718385e-03 2.963997e-01
1865 1.380609e-04 1.328179e-01
1866 8.717169e-07 5.065808e-02
1867 1.130003e-07 1.207959e-02
1868 2.712586e-09 9.840296e-03
1869 1.248532e-08 6.763424e-03
1870 4.181852e-07 1.607496e-02
1871 9.874284e-05 4.334349e-01
1872 6.114271e-04 3.390732e-01
1873 5.459655e-05 4.752252e-02
1874 1.292764e-05 1.023158e-01
1875 3.584126e-04 3.210202e-01
1876 3.190924e-05 2.045710e-02
1877 1.224900e-05 4.398050e-02
1878 4.278868e-06 1.365005e-02
1879 1.485145e-05 3.999319e-02
1880 4.139615e-06 2.462642e-02
1881 2.122597e-03 3.847954e-01
1882 7.407494e-07 6.510478e-02
1883 4.526352e-06 4.466912e-02
1884 6.212199e-05 9.283637e-02
1885 5.836137e-07 3.909039e-02
1886 1.239954e-06 1.170060e-01
1887 1.079018e-06 8.789158e-03
1888 1.512412e-07 1.634399e-02
1889 1.841610e-08 7.999115e-03
1890 8.158699e-11 5.479539e-03
1891 1.779739e-08 5.630129e-03
1892 1.203396e-07 6.100709e-03
1893 7.738493e-10 2.192673e-02
1894 5.366301e-06 6.422621e-02
1895 1.105160e-04 4.468891e-02
1896 7.625521e-08 5.074628e-03
1897 5.011265e-10 3.676981e-03
1898 6.613899e-06 4.451324e-03
1899 1.735486e-06 2.619874e-02
1900 7.923946e-06 2.599973e-02
1901 4.618842e-11 1.743952e-03
1902 7.532429e-04 5.808450e-01
1903 1.039910e-03 4.670883e-01
1904 1.137264e-04 6.936712e-02
1905 1.493789e-03 3.181812e-01
1906 2.446087e-03 1.107344e+00
1907 6.436584e-09 7.413467e-03
1908 2.168886e-07 8.269530e-03
1909 1.504685e-07 5.528355e-03
1910 4.847841e-05 6.361585e-02
1911 4.715786e-07 1.209911e-02
1912 6.830344e-06 8.448546e-02
1913 4.126615e-05 8.745691e-02
1914 6.041785e-05 2.414764e-01
1915 4.242847e-03 1.073291e+00
1916 1.177520e-04 3.612831e-01
1917 4.557223e-04 2.522568e-01
1918 7.041569e-05 2.395588e-01
1919 1.732896e-03 5.322250e-01
1920 2.492817e-05 7.424488e-02
1921 7.648524e-06 4.784482e-02
1922 5.665417e-04 3.237855e-01
1923 3.684363e-04 2.276893e-01
1924 7.583711e-04 5.215074e-01
1925 1.513897e-05 7.701195e-02
1926 1.630167e-06 2.552964e-02
1927 2.991684e-04 1.873025e-01
1928 1.044902e-03 4.113790e-01
1929 2.455418e-05 7.374112e-02
1930 1.398536e-07 6.112236e-03
1931 6.520223e-09 3.885064e-02
1932 1.569418e-08 2.591012e-02
1933 6.224064e-05 8.729339e-02
1934 1.457035e-07 7.651049e-03
1935 3.547801e-05 6.901303e-02
1936 4.750266e-06 2.329828e-02
1937 6.472151e-05 1.904442e-01
1938 1.800033e-03 3.434684e-01
1939 6.257834e-05 9.715993e-02
1940 4.446970e-05 1.091893e-01
1941 5.646758e-07 8.014601e-03
1942 8.852595e-04 2.220936e-01
1943 2.873704e-04 1.724179e-01
1944 1.909701e-05 3.930690e-02
1945 2.789003e-06 1.423644e-02
1946 1.009658e-05 1.460864e-01
1947 3.958030e-06 2.877803e-02
1948 3.831684e-05 2.223474e-01
1949 2.457253e-03 9.067949e-01
1950 8.851131e-04 3.629998e-01
1951 4.816132e-04 4.699673e-01
1952 2.425735e-05 1.544683e-01
1953 4.603596e-05 3.112505e-02
1954 9.873825e-06 2.156057e-02
1955 9.898805e-04 7.841195e-01
1956 1.119600e-03 6.621896e-01
1957 3.092810e-03 1.154074e+00
1958 6.483715e-04 5.946283e-01
1959 2.183153e-09 7.319913e-03
1960 3.892328e-05 2.190853e-02
1961 2.651236e-12 2.938944e-03
1962 8.390009e-09 7.225802e-03
1963 2.449775e-11 2.056929e-03
1964 1.491541e-10 3.510120e-03
1965 2.708051e-05 5.591127e-02
1966 3.999226e-07 1.219122e-02
1967 1.306263e-03 3.919265e-01
1968 5.650940e-06 2.793919e-02
1969 6.020873e-07 2.200733e-02
1970 6.529941e-08 9.855349e-03
1971 4.729757e-06 2.692135e-02
1972 4.896576e-09 7.144162e-03
1973 6.061604e-04 3.876817e-01
1974 2.088455e-06 4.141586e-02
1975 2.363640e-07 1.719167e-02
1976 7.339464e-06 3.513512e-02
1977 2.626579e-04 3.556353e-01
1978 1.558893e-04 8.756174e-02
1979 2.653132e-04 1.422222e-01
1980 1.960094e-04 2.368007e-01
1981 3.495900e-04 2.152069e-01
1982 3.536079e-04 1.817125e-01
1983 2.956795e-03 9.245531e-01
1984 2.108854e-04 1.075636e-01
1985 1.788816e-05 2.375197e-01
1986 4.533853e-05 9.303922e-02
1987 8.440256e-04 1.013770e+00
1988 1.541503e-05 5.529470e-02
1989 2.301254e-05 5.690566e-02
1990 6.599745e-04 3.235894e-01
1991 1.421090e-07 1.453242e-02
1992 1.332991e-04 6.991029e-02
1993 8.768165e-04 4.428914e-01
1994 4.735963e-04 1.472651e-01
1995 1.641526e-05 8.012800e-02
1996 3.609038e-05 1.059479e-01
1997 4.148441e-03 1.286262e+00
1998 1.671451e-04 2.846022e-01
1999 8.095534e-04 7.132103e-01
2000 6.239273e-03 4.877962e-01
