1 3.700207e-03 5.707774e-01
2 9.036002e-06 2.032407e-02
3 2.612569e-06 2.624021e-03
4 2.508632e-07 1.856581e-03
5 1.505174e-07 2.609419e-03
6 1.462994e-03 3.787326e-01
7 4.307025e-05 1.254888e-02
8 7.314680e-06 4.253293e-02
9 3.479792e-09 2.383499e-03
10 1.279449e-04 8.834873e-02
11 1.025680e-07 5.161980e-03
12 5.062744e-09 1.230910e-03
13 1.795436e-04 2.241565e-01
14 3.836179e-07 7.624243e-03
15 8.170164e-07 3.038523e-03
16 4.517491e-06 2.537369e-02
17 3.655462e-07 1.919068e-03
18 4.286767e-04 2.146977e-01
19 4.641663e-06 7.943856e-03
20 8.461266e-11 1.022707e-03
21 5.219402e-03 7.468377e-01
22 7.534734e-06 5.562083e-03
23 9.708718e-05 2.914786e-02
24 9.373298e-04 2.219541e-01
25 5.863960e-04 2.004659e-01
26 7.238559e-06 4.263436e-03
27 9.403263e-05 1.965635e-02
28 3.947454e-07 3.606243e-03
29 1.452404e-03 4.637177e-01
30 1.122664e-03 6.608657e-01
31 2.393808e-04 2.519809e-01
32 3.645279e-05 1.248216e-02
33 6.495766e-08 1.226342e-03
34 2.601167e-08 1.155666e-03
35 1.031043e-06 3.070121e-03
36 2.885721e-03 4.150927e-01
37 2.689739e-04 7.839767e-02
38 6.231458e-06 8.709942e-03
39 1.118906e-08 1.949119e-03
40 1.257335e-07 3.523640e-03
41 1.771085e-05 2.117672e-02
42 2.299055e-07 5.026268e-03
43 2.288051e-03 3.031212e-01
44 1.182440e-04 6.713368e-02
45 4.356721e-05 1.166206e-01
46 2.048071e-05 9.649140e-03
47 2.121972e-04 2.695940e-01
48 3.256470e-04 1.032931e-01
49 6.587936e-06 9.269055e-03
50 2.662191e-03 5.956972e-01
51 1.759078e-06 1.184904e-02
52 8.679324e-06 2.359036e-02
53 6.954368e-06 7.079287e-03
54 1.081225e-06 9.924069e-03
55 1.035941e-06 5.031744e-03
56 3.034148e-06 8.925980e-03
57 8.020274e-07 1.456842e-02
58 5.296489e-04 1.045846e-01
59 1.329071e-04 4.295389e-02
60 3.327648e-09 1.410515e-03
61 2.845813e-03 9.118202e-01
62 6.384681e-06 3.304248e-02
63 7.166250e-08 1.917717e-03
64 8.141605e-08 4.163394e-03
65 2.762478e-05 4.338623e-02
66 1.206713e-06 4.556528e-03
67 6.128950e-07 7.308672e-03
68 2.173030e-06 8.092780e-03
69 4.025693e-08 1.423838e-03
70 2.428471e-08 1.341759e-03
71 4.246555e-04 2.136962e-01
72 2.060808e-06 1.914899e-02
73 6.559066e-08 4.146999e-03
74 1.110446e-04 1.844813e-01
75 5.006689e-06 1.023611e-02
76 1.957028e-07 2.821493e-03
77 1.064953e-05 3.742552e-02
78 4.974313e-04 2.457325e-01
79 1.141391e-03 1.192645e-01
80 2.493994e-06 2.654801e-03
81 1.590990e-07 1.618606e-03
82 1.147072e-05 4.597406e-03
83 8.128689e-05 2.089448e-02
84 1.243458e-07 1.870598e-03
85 1.020607e-03 7.366583e-02
86 1.080402e-05 6.698101e-03
87 1.551178e-07 2.814538e-03
88 4.415674e-08 1.700943e-03
89 1.106450e-05 2.217217e-02
90 1.522323e-03 1.853502e-01
91 7.882110e-04 1.475357e-01
92 4.086993e-03 7.373841e-01
93 1.596898e-06 1.384520e-02
94 1.082531e-06 4.038361e-03
95 4.259277e-03 6.292434e-01
96 4.435768e-05 1.115155e-02
97 1.577962e-07 3.514598e-02
98 4.671871e-07 3.463654e-03
99 1.183712e-04 1.264248e-02
100 9.672716e-03 1.054902e+00
101 2.884613e-06 4.758587e-03
102 4.234756e-06 1.490037e-02
103 2.638201e-03 3.183805e-01
104 9.491594e-05 3.934695e-02
105 2.238171e-04 5.756040e-02
106 2.329090e-07 8.979947e-03
107 5.686474e-08 2.877075e-03
108 3.642550e-06 1.902232e-02
109 4.500277e-07 5.103789e-03
110 6.914833e-06 1.139286e-02
111 3.725735e-03 4.286662e-01
112 2.135955e-04 9.236961e-02
113 3.232059e-03 5.396862e-01
114 2.018532e-03 3.622020e-01
115 4.514732e-04 1.368270e-01
116 1.086564e-03 2.467603e-01
117 1.298110e-03 1.327811e-01
118 2.256382e-03 2.718573e-01
119 1.837854e-09 4.547668e-03
120 1.581898e-09 3.640440e-03
121 3.947067e-08 1.149349e-02
122 1.033064e-07 1.881171e-03
123 3.221630e-06 5.901592e-03
124 1.649805e-05 1.331393e-02
125 2.032543e-08 3.999193e-03
126 1.524266e-06 6.046790e-03
127 1.605694e-07 9.659502e-03
128 6.680520e-07 7.825660e-03
129 2.117231e-07 4.468652e-03
130 1.230802e-07 3.974878e-03
131 1.963998e-07 5.902596e-03
132 6.697201e-07 4.656946e-03
133 1.748265e-07 7.672242e-03
134 1.946550e-05 2.177920e-02
135 2.264437e-07 4.536379e-03
136 7.425752e-07 4.086754e-03
137 7.177537e-06 1.241405e-02
138 7.007707e-08 9.365174e-03
139 3.588627e-07 8.720262e-03
140 1.496972e-07 5.183894e-03
141 7.981020e-09 3.030102e-03
142 2.640301e-07 3.120843e-03
143 5.737137e-07 6.918283e-03
144 9.694061e-08 8.567499e-03
145 1.667819e-08 4.700116e-03
146 1.554681e-07 6.125396e-03
147 3.592419e-07 6.319100e-03
148 7.833439e-08 7.988718e-03
149 4.805607e-07 4.291099e-03
150 1.022798e-08 3.987744e-03
151 1.506275e-06 1.003512e-02
152 6.839918e-07 5.945985e-03
153 2.580720e-07 2.983684e-03
154 8.784776e-08 3.763818e-03
155 1.946012e-08 3.023548e-03
156 6.729285e-07 3.863354e-03
157 2.991651e-07 4.031885e-03
158 4.627112e-06 4.640372e-03
159 1.207870e-06 5.881705e-03
160 8.149544e-07 5.164736e-03
161 1.006366e-07 3.129426e-03
162 2.714836e-08 3.003174e-03
163 6.540238e-08 3.080347e-03
164 5.243730e-09 1.642512e-03
165 5.719169e-09 1.682181e-03
166 1.588883e-09 1.657475e-03
167 2.848846e-08 2.937348e-03
168 5.475134e-07 3.297337e-03
169 1.949622e-06 6.023516e-03
170 1.346454e-09 1.639697e-03
171 1.857384e-07 3.419508e-03
172 2.909691e-08 3.218768e-03
173 7.161717e-09 1.619337e-03
174 4.127219e-08 3.087528e-03
175 7.893006e-08 3.093355e-03
176 3.669763e-08 2.998551e-03
177 8.153895e-09 1.656783e-03
178 6.002497e-07 2.284471e-03
179 1.065221e-08 1.614798e-03
180 6.065958e-08 3.094783e-03
181 1.208961e-08 2.125320e-03
182 2.473536e-08 3.397582e-03
183 2.184592e-09 1.196575e-03
184 2.007431e-09 1.614872e-03
185 9.893886e-09 1.233173e-03
186 4.215579e-08 2.178500e-03
187 3.239720e-09 1.906870e-03
188 5.787917e-10 1.592565e-03
189 1.098952e-09 1.133998e-03
190 6.044334e-09 1.208849e-03
191 4.939200e-05 1.826603e-02
192 9.049624e-06 3.960442e-03
193 3.506033e-04 3.887501e-02
194 3.705741e-04 3.837577e-02
195 1.139876e-05 6.416484e-03
196 6.410086e-05 1.490191e-02
197 7.457112e-04 4.013692e-02
198 5.842086e-06 6.367004e-03
199 4.055137e-05 1.398993e-02
200 2.426689e-05 1.038342e-02
201 1.678625e-04 1.532488e-02
202 8.131791e-05 2.173498e-02
203 6.906187e-07 3.512021e-03
204 3.131751e-05 5.972208e-03
205 1.358206e-05 8.342659e-03
206 1.720888e-06 3.868423e-03
207 3.970892e-06 9.582211e-03
208 2.104967e-07 3.462425e-03
209 6.085356e-06 8.113613e-03
210 5.770653e-06 4.734468e-03
211 5.224299e-07 2.411908e-03
212 4.576983e-04 3.429990e-02
213 8.425791e-07 2.456153e-03
214 5.323232e-07 4.255310e-03
215 9.527040e-06 4.844677e-03
216 2.233991e-05 7.904537e-03
217 7.816595e-07 2.102387e-03
218 9.483572e-05 2.501038e-02
219 1.131822e-04 1.678616e-02
220 1.146585e-06 3.543762e-03
221 1.999534e-06 3.938856e-03
222 2.953137e-06 7.031680e-03
223 1.570773e-06 9.741299e-03
224 1.630575e-08 3.043902e-03
225 5.196153e-07 5.469965e-03
226 5.100058e-07 3.662951e-03
227 3.005207e-07 4.265522e-03
228 3.205652e-07 5.042984e-03
229 1.033820e-05 1.403665e-02
230 1.589978e-06 7.792391e-03
231 1.929934e-06 6.718372e-03
232 7.054437e-07 5.074955e-03
233 5.147798e-07 6.157042e-03
234 7.063108e-07 4.947908e-03
235 1.439808e-08 4.502235e-03
236 6.971254e-07 4.977005e-03
237 1.108314e-08 3.367824e-03
238 1.457052e-07 5.710860e-03
239 2.509271e-08 3.546561e-03
240 1.044730e-07 3.150791e-03
241 5.816058e-07 4.059859e-03
242 6.557192e-07 4.982777e-03
243 2.570499e-08 3.172054e-03
244 2.897558e-07 4.679115e-03
245 2.975850e-07 4.973544e-03
246 4.519421e-08 3.836035e-03
247 2.891724e-07 4.927059e-03
248 7.274364e-08 2.663047e-03
249 1.815519e-06 7.663282e-03
250 2.663641e-07 4.161265e-03
251 1.316279e-07 2.891643e-03
252 2.913502e-06 6.901067e-03
253 1.899387e-08 3.334075e-03
254 8.216690e-08 4.821434e-03
255 1.150835e-06 6.459891e-03
256 6.892323e-08 2.734099e-03
257 5.802664e-08 3.440695e-03
258 4.118927e-05 5.942876e-03
259 4.170109e-05 1.290132e-02
260 1.548208e-05 1.463920e-02
261 5.102393e-05 1.284374e-02
262 2.512599e-06 6.564449e-03
263 2.018981e-05 7.620666e-03
264 1.446385e-05 1.979096e-02
265 6.203364e-07 7.198849e-03
266 4.402307e-05 1.824027e-02
267 7.127410e-05 4.306890e-02
268 1.427714e-06 2.079496e-02
269 1.826013e-06 3.183336e-02
270 7.032435e-07 4.386267e-03
271 1.790175e-06 7.296974e-03
272 1.743157e-07 6.847100e-03
273 4.942307e-07 4.456496e-03
274 3.752218e-06 5.547204e-03
275 6.628049e-07 8.609001e-03
276 4.243777e-05 3.521591e-02
277 1.656069e-07 3.475796e-03
278 2.323411e-07 2.695895e-03
279 4.412159e-06 1.629850e-02
280 9.162330e-07 6.082807e-03
281 9.294550e-07 8.629059e-03
282 4.021701e-06 1.259205e-02
283 1.387339e-06 3.361467e-03
284 1.407448e-05 8.884421e-03
285 1.026291e-04 2.416340e-02
286 1.255105e-04 3.650902e-02
287 5.916265e-06 7.018303e-03
288 1.422210e-05 1.444783e-02
289 8.526691e-05 4.190527e-02
290 1.926757e-04 5.827570e-02
291 6.516705e-06 8.002804e-03
292 2.480530e-05 1.858947e-02
293 2.258023e-05 1.824236e-02
294 1.511494e-05 2.747436e-02
295 4.414010e-06 1.815472e-02
296 4.466128e-04 1.229040e-01
297 2.669432e-03 5.444044e-01
298 1.519295e-04 3.684375e-02
299 3.442560e-06 4.492268e-03
300 2.070194e-07 4.592425e-03
301 1.334738e-03 1.031738e-01
302 8.004007e-07 5.088730e-03
303 7.350842e-07 3.094234e-03
304 1.168864e-07 2.278389e-03
305 1.030114e-07 2.663322e-03
306 3.399518e-08 2.688721e-03
307 5.386662e-09 2.646430e-03
308 1.356443e-08 2.581575e-03
309 3.444708e-05 5.318755e-03
310 1.707435e-08 3.222830e-03
311 1.232047e-09 2.653546e-03
312 9.047046e-07 2.216587e-03
313 1.024810e-09 2.542501e-03
314 1.250909e-08 2.548752e-03
315 1.114712e-09 2.676339e-03
316 5.110298e-08 2.820943e-03
317 9.301945e-10 1.929778e-03
318 1.617690e-08 1.947218e-03
319 2.085183e-06 2.238895e-03
320 4.986108e-10 2.507114e-03
321 7.974363e-10 1.426029e-03
322 1.256711e-04 6.580795e-02
323 1.960081e-04 9.264417e-02
324 5.388824e-08 9.484816e-03
325 1.438567e-05 1.411685e-02
326 1.472012e-07 3.482420e-03
327 1.196497e-05 2.355747e-02
328 2.022083e-06 9.665506e-03
329 9.455534e-05 8.276059e-02
330 2.973792e-03 4.400982e-01
331 2.749536e-05 3.315703e-02
332 6.490384e-04 1.706433e-01
333 3.029510e-06 5.036355e-03
334 5.566627e-06 1.419697e-02
335 1.112842e-06 8.338875e-03
336 8.016691e-06 1.540870e-02
337 1.386344e-04 6.348451e-02
338 3.077151e-05 1.975355e-02
339 1.767681e-03 2.666860e-01
340 2.970435e-05 5.966926e-03
341 2.301643e-05 6.231898e-03
342 9.792293e-05 1.654558e-02
343 1.315025e-04 4.133743e-02
344 1.460232e-06 3.920115e-03
345 7.424869e-06 7.845551e-03
346 8.426157e-07 2.513478e-03
347 5.971718e-07 2.954775e-03
348 2.526649e-05 9.640942e-03
349 1.115827e-05 1.079141e-02
350 6.721687e-08 3.252263e-03
351 1.546208e-07 2.851657e-03
352 4.073114e-06 2.855385e-03
353 4.677998e-05 6.442360e-03
354 5.099650e-06 4.261807e-03
355 7.579307e-06 4.556269e-03
356 7.719821e-08 2.354992e-03
357 3.442785e-05 1.016843e-02
358 7.340211e-05 2.343851e-02
359 1.001607e-05 6.953225e-03
360 4.000017e-06 6.077677e-03
361 1.213243e-04 4.147941e-02
362 1.824594e-07 2.444850e-03
363 1.131184e-07 3.360280e-03
364 4.073114e-06 2.855385e-03
365 9.823821e-05 2.621435e-02
366 3.662127e-05 9.354563e-03
367 1.403925e-05 1.032118e-02
368 1.115827e-05 1.079141e-02
369 2.063494e-04 8.313750e-02
370 6.117630e-06 1.367427e-02
371 7.733202e-06 1.940799e-02
372 1.755941e-03 7.356897e-01
373 1.000132e-04 1.694572e-01
374 2.782187e-03 5.674630e-01
375 6.191553e-06 2.417753e-02
376 1.424316e-03 1.707544e-01
377 1.950770e-06 8.939356e-03
378 5.429650e-05 2.233917e-02
379 8.159725e-06 8.487121e-03
380 2.153690e-05 9.809558e-03
381 4.414440e-07 1.895818e-03
382 1.741207e-06 1.000850e-02
383 1.475969e-07 1.815666e-03
384 6.930334e-06 7.606207e-03
385 3.366747e-08 4.588528e-03
386 1.495754e-06 6.413463e-03
387 1.218831e-05 1.472486e-02
388 1.183766e-07 2.765632e-03
389 4.580649e-06 6.039885e-03
390 1.358866e-06 4.722591e-03
391 3.001580e-05 3.092373e-02
392 8.085702e-05 1.189067e-02
393 3.429453e-05 1.485825e-02
394 1.216925e-06 2.956271e-03
395 6.932559e-06 8.155445e-03
396 2.444489e-05 3.442970e-02
397 1.722713e-05 1.495275e-02
398 9.841368e-05 2.891267e-02
399 1.331438e-05 9.702807e-03
400 8.215080e-05 3.488227e-02
401 3.500136e-06 7.994467e-03
402 1.124307e-06 6.934410e-03
403 4.702252e-06 8.973091e-03
404 1.604053e-05 1.445479e-02
405 7.011214e-06 1.082239e-02
406 2.081669e-06 8.751208e-03
407 3.206002e-07 4.524177e-03
408 9.013326e-06 9.430594e-03
409 3.050507e-03 1.766923e-01
410 1.736927e-05 1.828887e-02
411 1.110442e-05 1.690310e-02
412 1.294617e-04 3.818249e-02
413 5.488495e-06 7.841825e-03
414 2.808506e-06 9.387355e-03
415 2.011169e-06 5.672355e-03
416 9.391227e-07 6.626788e-03
417 2.886279e-06 9.485802e-03
418 5.371657e-04 7.585359e-02
419 3.417396e-04 1.413046e-01
420 1.463461e-04 4.245314e-02
421 1.270397e-05 2.045521e-02
422 1.761840e-05 2.971187e-02
423 1.612234e-04 7.048373e-02
424 3.422812e-04 1.952377e-01
425 3.125300e-04 7.568870e-02
426 2.721312e-05 4.412491e-02
427 3.859945e-04 1.460915e-01
428 3.344573e-05 3.285859e-02
429 2.199564e-05 2.709311e-02
430 4.595148e-05 3.547468e-02
431 1.116097e-04 4.790518e-02
432 3.401322e-05 2.303677e-02
433 3.176005e-05 1.988102e-02
434 5.289787e-05 3.617081e-02
435 1.958384e-05 4.800565e-02
436 3.504287e-05 2.833953e-02
437 5.303340e-05 3.295089e-02
438 1.459696e-05 2.559173e-02
439 1.046050e-03 1.882353e-01
440 4.328225e-05 1.895506e-02
441 1.118008e-05 1.628702e-02
442 1.126782e-04 5.445645e-02
443 1.164837e-05 2.320268e-02
444 9.238801e-04 2.044189e-01
445 5.505166e-04 1.633938e-01
446 3.274196e-10 9.154134e-04
447 2.401695e-10 1.224529e-03
448 2.386399e-11 9.088597e-04
449 2.258034e-10 9.125860e-04
450 3.959627e-10 9.934933e-04
451 3.823909e-08 1.780169e-03
452 1.225074e-09 1.227347e-03
453 8.843735e-09 1.121595e-03
454 8.847615e-10 1.245250e-03
455 6.497393e-09 1.250655e-03
456 1.687122e-10 1.031939e-03
457 2.548337e-12 9.244452e-04
458 1.916272e-09 1.233031e-03
459 1.076015e-06 1.438760e-02
460 3.091418e-09 2.593474e-03
461 1.042694e-10 1.054472e-03
462 1.006287e-08 2.965019e-03
463 4.087021e-09 1.127323e-03
464 3.271639e-09 1.328664e-03
465 3.134272e-10 1.151000e-03
466 1.872733e-09 1.380938e-03
467 3.329921e-10 1.082750e-03
468 1.429257e-10 1.091927e-03
469 1.341293e-09 1.325779e-03
470 3.001719e-09 1.754845e-03
471 6.431949e-10 1.218694e-03
472 3.777008e-10 1.118976e-03
473 2.052788e-09 1.318699e-03
474 9.208401e-11 1.048065e-03
475 6.831122e-09 1.315808e-03
476 9.648589e-09 1.412064e-03
477 1.275009e-06 3.118217e-03
478 1.749853e-05 7.181092e-03
479 1.020906e-07 1.572814e-03
480 1.229437e-08 2.066840e-03
481 3.936580e-09 1.858857e-03
482 4.401027e-09 2.108097e-03
483 2.599127e-09 2.060887e-03
484 9.184755e-08 2.114968e-03
485 8.487092e-09 1.759686e-03
486 7.012082e-06 1.346650e-02
487 1.105600e-08 1.486989e-03
488 4.130538e-06 9.303395e-03
489 1.318916e-03 2.434552e-01
490 1.011797e-05 6.739665e-03
491 3.912854e-06 8.659219e-03
492 1.229441e-06 5.686315e-03
493 3.419660e-06 6.628123e-03
494 4.920253e-08 6.448386e-03
495 2.232614e-07 4.932801e-03
496 1.045143e-04 2.451732e-02
497 9.286035e-05 4.159951e-02
498 7.674837e-06 7.795960e-03
499 3.206206e-07 7.817035e-03
500 1.534460e-07 5.136277e-03
501 6.400596e-06 8.694941e-03
502 1.634039e-03 2.049092e-01
503 3.869643e-05 9.099164e-03
504 2.952496e-05 9.267780e-03
505 1.045027e-05 6.948410e-03
506 1.809616e-04 2.533814e-02
507 1.464894e-04 2.528780e-02
508 9.315830e-06 1.230091e-02
509 1.007467e-06 8.572041e-03
510 6.334342e-06 1.153159e-02
511 2.905982e-06 6.054832e-03
512 3.618218e-06 8.075834e-03
513 7.765900e-06 7.694528e-03
514 4.170140e-03 5.791846e-01
515 5.140761e-07 6.915527e-03
516 3.410081e-07 6.823591e-03
517 5.978639e-06 1.351924e-02
518 3.616191e-07 6.870527e-03
519 8.522760e-06 2.251454e-02
520 6.365653e-06 1.818431e-02
521 2.739203e-05 2.445564e-02
522 2.512095e-05 2.186836e-02
523 1.173903e-05 2.422955e-02
524 1.735017e-06 1.295394e-02
525 2.064593e-06 7.757435e-03
526 8.158654e-06 2.265713e-02
527 1.694437e-06 9.581749e-03
528 2.378743e-07 5.951941e-03
529 4.770143e-06 1.687747e-02
530 2.846859e-07 5.082730e-03
531 1.225703e-06 7.114549e-03
532 5.109804e-06 1.814154e-02
533 1.610963e-06 1.228505e-02
534 7.865766e-07 1.135433e-02
535 2.820402e-06 1.195245e-02
536 3.357257e-05 3.480342e-02
537 6.000898e-06 2.402900e-02
538 1.621389e-06 1.243277e-02
539 1.918275e-05 2.221845e-02
540 7.477901e-06 2.166225e-02
541 1.145078e-05 2.384197e-02
542 3.706006e-04 1.432255e-01
543 3.236293e-06 1.857986e-02
544 1.939107e-06 7.246034e-03
545 9.701264e-06 6.977712e-03
546 1.028420e-05 5.425131e-03
547 3.606072e-09 2.494370e-03
548 6.724441e-08 3.018775e-03
549 2.682280e-08 1.588660e-03
550 2.059612e-06 5.477393e-03
551 6.800610e-07 2.597370e-03
552 3.735190e-05 1.791887e-02
553 6.508780e-05 2.828213e-02
554 1.248135e-05 8.323287e-03
555 1.381318e-05 1.113718e-02
556 9.802120e-07 2.975082e-03
557 7.204677e-07 3.745988e-03
558 3.788906e-05 9.908489e-03
559 7.436913e-08 2.464966e-03
560 1.235642e-06 3.923894e-03
561 1.622432e-06 3.071490e-03
562 1.050078e-06 3.337335e-03
563 9.435740e-07 4.750275e-03
564 4.735008e-07 3.223443e-03
565 6.656971e-06 1.407774e-02
566 9.895514e-06 5.052883e-03
567 2.599958e-04 5.707248e-02
568 6.162631e-05 1.542057e-02
569 5.418899e-04 4.318519e-02
570 2.062008e-05 1.215474e-02
571 1.079196e-05 7.487174e-03
572 1.322948e-04 1.678641e-02
573 1.347304e-05 5.718457e-03
574 1.015349e-04 1.888441e-02
575 9.711712e-06 6.932455e-03
576 3.875821e-05 1.209007e-02
577 1.000796e-05 1.114569e-02
578 6.033022e-06 9.499751e-03
579 4.871554e-03 5.619430e-01
580 1.463661e-04 1.915028e-02
581 1.020679e-05 3.970801e-03
582 3.757240e-04 3.406859e-02
583 2.445257e-05 8.940236e-03
584 4.675715e-05 1.123990e-02
585 3.876350e-04 5.120654e-02
586 1.274115e-05 1.225632e-02
587 7.469192e-06 1.251368e-02
588 8.361999e-06 9.805554e-03
589 1.184450e-06 2.535445e-03
590 2.870908e-03 2.674353e-01
591 1.070851e-03 7.780600e-02
592 3.184588e-06 6.119521e-03
593 7.300390e-06 1.585883e-02
594 1.484713e-04 1.867910e-02
595 3.255682e-07 6.645354e-03
596 1.769138e-03 6.379056e-01
597 1.191067e-09 1.912600e-03
598 2.655393e-08 1.967885e-03
599 2.697611e-08 1.937771e-03
600 1.116253e-07 2.059786e-03
601 1.596325e-07 3.027930e-03
602 3.723228e-08 2.562921e-03
603 6.547242e-08 3.252638e-03
604 1.826955e-09 1.931435e-03
605 1.026588e-07 2.075943e-03
606 2.335917e-09 1.932073e-03
607 2.186655e-09 1.777647e-03
608 4.256396e-09 2.031103e-03
609 3.842598e-06 1.233731e-02
610 7.939133e-07 4.246510e-03
611 6.763323e-04 2.084500e-01
612 4.475141e-06 2.541007e-02
613 1.325656e-05 1.790592e-02
614 7.626880e-06 2.556453e-02
615 8.149697e-07 1.028557e-02
616 6.239267e-09 3.280795e-03
617 7.556507e-06 1.226743e-02
618 5.152107e-08 4.229598e-03
619 2.801198e-07 5.023404e-03
620 7.314401e-08 5.445470e-03
621 1.848064e-04 4.819533e-02
622 2.646230e-07 5.937639e-03
623 4.595201e-08 7.247752e-03
624 2.677029e-07 6.009074e-03
625 4.096885e-07 4.542095e-03
626 1.879225e-03 3.876123e-01
627 9.968817e-07 4.947544e-03
628 2.227577e-06 1.259321e-02
629 1.566800e-04 5.244709e-02
630 7.692272e-05 3.077375e-02
631 3.408991e-05 2.239148e-02
632 3.871019e-05 3.666081e-02
633 2.148568e-07 6.061305e-03
634 2.525537e-06 5.200886e-03
635 6.908887e-07 5.133884e-03
636 9.090276e-07 7.216945e-03
637 5.734851e-06 1.341043e-02
638 2.740990e-07 8.784565e-03
639 5.036821e-06 1.517985e-02
640 8.568045e-07 4.741670e-03
641 2.437331e-07 5.567327e-03
642 1.080783e-06 6.924370e-03
643 1.832407e-05 3.407914e-02
644 1.153767e-06 6.117807e-03
645 3.326085e-06 1.228283e-02
646 3.030078e-06 1.895537e-02
647 1.238235e-06 7.484026e-03
648 1.461084e-05 2.526229e-02
649 1.009104e-06 1.055285e-02
650 7.429882e-07 5.704604e-03
651 5.338232e-07 6.372553e-03
652 1.380654e-06 7.510138e-03
653 3.376525e-04 3.095065e-01
654 6.318411e-05 6.544017e-02
655 8.030755e-08 2.900559e-03
656 9.738173e-05 2.550524e-02
657 1.250202e-03 4.287831e-01
658 9.692367e-05 2.123729e-02
659 2.736494e-06 1.330927e-02
660 1.945211e-05 1.335317e-02
661 4.446944e-05 3.336116e-02
662 7.578544e-04 2.034825e-01
663 6.339751e-06 1.373171e-02
664 5.955075e-06 1.419651e-02
665 1.131415e-05 1.613437e-02
666 6.297527e-05 2.938914e-02
667 2.096978e-05 1.688565e-02
668 6.719938e-07 6.985211e-03
669 2.501649e-05 2.873452e-02
670 1.694424e-04 3.396957e-02
671 4.594122e-05 3.704702e-02
672 3.337664e-07 6.908658e-03
673 7.756141e-05 1.589609e-01
674 2.998916e-06 7.145167e-03
675 2.606384e-04 1.348075e-01
676 3.086308e-06 1.656501e-02
677 2.545990e-05 3.045609e-02
678 1.638629e-06 8.021451e-03
679 5.981352e-04 8.833932e-02
680 1.293365e-07 3.437669e-03
681 3.027519e-05 1.272488e-02
682 2.644630e-03 5.525898e-01
683 1.459169e-05 1.549212e-02
684 1.258382e-03 1.543292e-01
685 3.288154e-06 8.751750e-03
686 7.223904e-04 2.576802e-01
687 2.376666e-05 7.066220e-03
688 1.564119e-06 8.214030e-03
689 2.354387e-06 8.943948e-03
690 2.095510e-05 1.345260e-02
691 2.150255e-06 1.505424e-02
692 1.491175e-06 1.178766e-02
693 8.796193e-06 9.085686e-03
694 5.153657e-06 5.302056e-03
695 8.410670e-06 8.418213e-03
696 5.114493e-04 8.755845e-02
697 4.411839e-05 8.006812e-02
698 6.915705e-04 1.371702e-01
699 1.989721e-06 1.655083e-02
700 6.999302e-05 2.154803e-02
701 2.830122e-06 9.205445e-03
702 1.286947e-05 1.448932e-02
703 2.161541e-06 7.117049e-03
704 7.689084e-05 2.726102e-02
705 4.472519e-05 1.095439e-02
706 3.304234e-05 1.353733e-02
707 2.656805e-05 8.066679e-03
708 6.870411e-04 4.087001e-01
709 3.577933e-05 2.348168e-02
710 1.131561e-03 7.016019e-02
711 9.740480e-04 8.286115e-02
712 6.982135e-05 3.666685e-02
713 1.929377e-04 3.145611e-02
714 1.230044e-04 1.816636e-02
715 2.091565e-06 6.452186e-03
716 6.693924e-05 1.712708e-02
717 2.318259e-05 3.040249e-02
718 4.549675e-05 1.125738e-02
719 3.001427e-05 1.116439e-02
720 4.042588e-05 1.860141e-02
721 4.620132e-04 2.819064e-02
722 2.129405e-04 2.637070e-02
723 5.025303e-04 6.524971e-02
724 1.455397e-06 6.797451e-03
725 7.515218e-06 6.999234e-03
726 2.448521e-05 1.159099e-02
727 1.850219e-03 3.953495e-01
728 3.817181e-06 1.256940e-02
729 1.333788e-05 1.340382e-02
730 3.215088e-05 1.707700e-02
731 1.885089e-05 6.189028e-03
732 2.963284e-05 6.922205e-03
733 2.073242e-05 9.848656e-03
734 3.351651e-05 1.378722e-02
735 1.081982e-04 1.061280e-02
736 1.667093e-05 1.950859e-02
737 2.955125e-03 2.014284e-01
738 2.162487e-04 4.699907e-02
739 3.099310e-05 9.812441e-03
740 7.363353e-05 1.098435e-02
741 4.178124e-05 8.692568e-03
742 4.073668e-04 4.162902e-02
743 1.910331e-04 1.420000e-02
744 4.360829e-04 2.349324e-02
745 1.791581e-04 3.044818e-02
746 2.090150e-05 9.189104e-03
747 7.184140e-05 1.042404e-02
748 1.261018e-06 5.974166e-03
749 7.111858e-06 2.808006e-02
750 1.646203e-04 5.003513e-02
751 5.078883e-07 8.148490e-03
752 2.126790e-06 1.122910e-02
753 1.727950e-03 2.075065e-01
754 3.894190e-05 1.752872e-02
755 1.367550e-04 4.475212e-02
756 6.479568e-07 1.074130e-02
757 2.249551e-04 7.861988e-02
758 5.429732e-07 5.405436e-03
759 1.113806e-04 2.238287e-02
760 7.132636e-04 1.533049e-01
761 5.784439e-04 1.064139e-01
762 2.921629e-06 9.681680e-03
763 6.944641e-06 1.133708e-02
764 1.063423e-05 1.025742e-02
765 8.704020e-04 3.200458e-01
766 1.177197e-03 5.148329e-01
767 1.239271e-03 2.121391e-01
768 1.090656e-03 3.196916e-01
769 5.508649e-06 1.117603e-02
770 1.101379e-06 5.011386e-03
771 1.080248e-06 4.860329e-03
772 1.026101e-06 4.711141e-03
773 3.950474e-04 1.196593e-01
774 2.908480e-06 6.447668e-03
775 6.427351e-06 1.109044e-02
776 1.822936e-06 5.642694e-03
777 1.210534e-06 1.020680e-02
778 4.727219e-04 1.028138e-01
779 6.863781e-07 8.920935e-03
780 1.902400e-06 6.185306e-03
781 9.689908e-08 5.340908e-03
782 2.047957e-07 2.396974e-03
783 1.704954e-07 3.585656e-03
784 1.074367e-05 1.819476e-02
785 2.605002e-05 1.087066e-02
786 8.820630e-06 7.450116e-03
787 3.445557e-06 9.244456e-03
788 4.783245e-07 1.144259e-02
789 4.198854e-07 8.390758e-03
790 1.357042e-04 8.789310e-02
791 2.052885e-06 4.190643e-03
792 1.998892e-07 1.029766e-02
793 4.613146e-05 1.160488e-02
794 2.114565e-04 2.163992e-01
795 3.186284e-05 1.488575e-02
796 7.972884e-07 5.920917e-03
797 2.701121e-05 8.927505e-02
798 9.768930e-07 7.307754e-03
799 2.313945e-04 6.722876e-02
800 2.314587e-05 1.764320e-02
801 4.569599e-06 1.056293e-02
802 2.593827e-04 1.065323e-01
803 2.140725e-03 3.664258e-01
804 1.512713e-06 1.060396e-02
805 1.031226e-04 4.181780e-02
806 2.094095e-04 1.197780e-01
807 5.893862e-05 4.813188e-02
808 5.352356e-07 5.903594e-03
809 2.027641e-06 2.367390e-02
810 3.494661e-08 2.324184e-03
811 1.455702e-05 1.540852e-02
812 3.072648e-07 4.256561e-03
813 5.935757e-05 3.459616e-02
814 4.207941e-06 1.340622e-02
815 1.019376e-05 1.570361e-02
816 1.132991e-03 2.225224e-01
817 1.181020e-04 9.225823e-02
818 6.474790e-07 9.961604e-03
819 5.641996e-06 1.252482e-02
820 8.406242e-06 3.675978e-02
821 2.323342e-05 4.000085e-02
822 1.231699e-05 3.292553e-02
823 4.335456e-05 1.143019e-01
824 2.037331e-03 5.020277e-01
825 3.993686e-03 4.436988e-01
826 3.686572e-04 3.243233e-01
827 3.336700e-04 9.782935e-02
828 4.324275e-03 5.818628e-01
829 2.226854e-03 4.532445e-01
830 3.022987e-05 9.825442e-03
831 7.519311e-07 4.671742e-03
832 1.501491e-06 5.094751e-03
833 6.914291e-06 1.069445e-02
834 6.864685e-06 6.138438e-03
835 2.326639e-06 6.606087e-03
836 1.792689e-06 4.707698e-03
837 9.069031e-06 9.047028e-03
838 1.188567e-05 6.600192e-03
839 1.017850e-06 4.949543e-03
840 7.007082e-05 1.676661e-02
841 3.334118e-06 7.045248e-03
842 3.051910e-06 8.447626e-03
843 2.009146e-06 9.732399e-03
844 8.745292e-06 1.931863e-02
845 1.590959e-04 3.108885e-02
846 2.431944e-04 5.470462e-02
847 8.154580e-06 7.652987e-03
848 7.738129e-06 1.329030e-02
849 1.029756e-04 4.340272e-02
850 1.422741e-06 6.065545e-03
851 3.055610e-05 6.389965e-02
852 1.692705e-07 6.346789e-03
853 2.261222e-05 1.368196e-02
854 5.422416e-07 5.806312e-03
855 2.260653e-05 1.577716e-02
856 1.649718e-08 1.481654e-03
857 5.953349e-08 1.299948e-03
858 1.296765e-07 2.044616e-03
859 2.011376e-08 1.498308e-03
860 5.676446e-04 9.195213e-02
861 1.976138e-06 6.801450e-03
862 1.211587e-07 1.582445e-03
863 1.573981e-07 1.535681e-03
864 1.222718e-08 1.393009e-03
865 3.600795e-07 1.565894e-03
866 2.623003e-07 2.058007e-03
867 5.878790e-07 1.693553e-03
868 1.147736e-08 1.362521e-03
869 4.858032e-08 1.625465e-03
870 4.882136e-08 1.530102e-03
871 6.635201e-09 1.393646e-03
872 4.911364e-08 1.877218e-03
873 4.012200e-08 1.414720e-03
874 9.014001e-08 1.400220e-03
875 5.690337e-04 6.284843e-02
876 1.666186e-08 1.443582e-03
877 1.095289e-07 1.452006e-03
878 1.312337e-07 1.896027e-03
879 1.669737e-08 1.351531e-03
880 3.911029e-08 1.369271e-03
881 6.767134e-09 1.397658e-03
882 1.700327e-07 1.814473e-03
883 5.430439e-07 1.748890e-03
884 9.786062e-08 1.466482e-03
885 1.847820e-07 1.562359e-03
886 7.679227e-06 6.348152e-03
887 1.022888e-05 7.837919e-03
888 1.091992e-06 1.142788e-02
889 2.488231e-04 5.514607e-02
890 3.078958e-06 1.953444e-02
891 9.411335e-05 8.187264e-02
892 1.058130e-04 1.077280e-01
893 1.803652e-06 5.503128e-03
894 1.126619e-06 3.531205e-03
895 9.450402e-06 7.695484e-03
896 1.319033e-05 1.419954e-02
897 3.003712e-03 4.362694e-01
898 7.966440e-06 1.817772e-02
899 1.035209e-04 7.169746e-02
900 6.944360e-06 7.614766e-03
901 2.107063e-05 5.569742e-03
902 6.650004e-06 8.677677e-03
903 1.034592e-06 6.087704e-03
904 1.544633e-04 9.946259e-02
905 2.279110e-05 1.912893e-02
906 3.373563e-05 4.661701e-02
907 5.426204e-03 5.365988e-01
908 1.339539e-07 2.755688e-03
909 8.648262e-07 3.076559e-03
910 4.146217e-08 1.572712e-03
911 6.404113e-06 5.919940e-03
912 1.720067e-06 4.985472e-03
913 5.261056e-08 1.716662e-03
914 1.766823e-07 4.886669e-03
915 2.347762e-06 3.414421e-03
916 1.948813e-04 8.177795e-02
917 1.780793e-07 2.118660e-03
918 4.824418e-08 1.778411e-03
919 7.812713e-09 1.392203e-03
920 3.985067e-07 2.481720e-03
921 3.660832e-09 1.059591e-03
922 1.771638e-07 1.414103e-03
923 5.392097e-04 4.266536e-02
924 8.493105e-05 1.547092e-02
925 5.404359e-08 1.057372e-03
926 9.341177e-05 1.207918e-02
927 7.632906e-08 1.320321e-03
928 6.287732e-07 3.842600e-03
929 4.518624e-06 9.556455e-03
930 3.322061e-07 3.624378e-03
931 4.722271e-07 3.721736e-03
932 6.844038e-09 1.484200e-03
933 7.698512e-07 1.780612e-03
934 3.623089e-05 9.939787e-03
935 1.212703e-06 1.801939e-03
936 3.612200e-07 1.186321e-03
937 4.870361e-06 2.721587e-03
938 4.954932e-07 1.773175e-03
939 5.144117e-06 3.199246e-03
940 1.540715e-05 5.580561e-03
941 1.349746e-05 5.120395e-03
942 1.376439e-07 1.618247e-03
943 2.780592e-06 2.059475e-03
944 7.584176e-06 4.128060e-03
945 2.558652e-07 2.251078e-03
946 5.030108e-06 5.725674e-03
947 1.456598e-05 3.082120e-02
948 5.322293e-07 6.845246e-03
949 6.493066e-07 1.051276e-02
950 1.104253e-07 7.905955e-03
951 2.021842e-07 1.590170e-02
952 2.440817e-06 1.517337e-02
953 4.975289e-07 8.925840e-03
954 9.562941e-08 3.081469e-03
955 1.667102e-05 3.586831e-02
956 2.586255e-08 3.052911e-03
957 1.989018e-07 8.402993e-03
958 8.862580e-08 6.797244e-03
959 1.743647e-05 4.609026e-02
960 1.316238e-06 1.903028e-02
961 1.410897e-06 9.731088e-03
962 2.540706e-06 1.256828e-02
963 1.104544e-07 3.839232e-03
964 2.631736e-05 3.908650e-02
965 1.047455e-07 5.405131e-03
966 1.622396e-05 1.040236e-01
967 3.126225e-05 5.518873e-02
968 1.325059e-06 4.691760e-03
969 7.240735e-07 8.055689e-03
970 1.294147e-06 1.667723e-02
971 4.013484e-07 3.071250e-03
972 2.683231e-06 7.328513e-03
973 6.197840e-07 9.399672e-03
974 8.868304e-08 3.274748e-03
975 1.606341e-06 6.763501e-03
976 6.771086e-04 1.095734e-01
977 2.144139e-06 6.399472e-03
978 3.262348e-05 9.124704e-03
979 2.198380e-07 2.770393e-03
980 2.167209e-08 1.223480e-03
981 6.510475e-07 4.038618e-03
982 4.444667e-06 7.465904e-03
983 2.073669e-06 3.537535e-03
984 7.940373e-06 8.119283e-03
985 4.245031e-06 3.632710e-03
986 1.961049e-06 3.499228e-03
987 1.680048e-07 1.257849e-03
988 4.568166e-07 2.429572e-03
989 8.742626e-06 6.356939e-03
990 2.853723e-06 3.563012e-03
991 4.082793e-06 6.121126e-03
992 4.131053e-07 2.241700e-03
993 4.932639e-07 2.391433e-03
994 1.687322e-07 2.131925e-03
995 1.045911e-06 2.932618e-03
996 5.520024e-07 3.029930e-03
997 1.374042e-04 3.822736e-02
998 1.527012e-05 4.559933e-03
999 5.775562e-06 3.778173e-03
1000 8.024465e-07 1.785682e-03
1001 1.402142e-07 1.561257e-03
1002 6.349451e-06 4.673253e-03
1003 1.647625e-07 1.766218e-03
1004 5.166667e-06 4.376301e-03
1005 5.614378e-07 2.880273e-03
1006 1.127206e-05 9.578381e-03
1007 2.347485e-07 2.910663e-03
1008 2.020410e-05 4.852374e-03
1009 1.514526e-07 4.049802e-03
1010 1.205341e-07 2.837033e-03
1011 2.057528e-07 3.666638e-03
1012 8.592238e-07 3.511405e-03
1013 7.223631e-08 2.060051e-03
1014 2.303838e-07 3.395299e-03
1015 3.786417e-08 2.129021e-03
1016 3.697833e-06 2.261885e-03
1017 3.599219e-07 1.676912e-03
1018 8.055151e-07 2.786436e-03
1019 9.115595e-08 4.384605e-03
1020 8.364080e-08 1.741869e-03
1021 1.323371e-05 4.813465e-03
1022 2.114286e-07 1.156416e-03
1023 2.251726e-06 1.844477e-03
1024 2.838517e-08 1.391875e-03
1025 4.078950e-07 2.242809e-03
1026 3.338016e-03 6.754335e-01
1027 2.409727e-04 8.328073e-02
1028 6.597580e-05 6.567609e-02
1029 5.553086e-04 6.904705e-02
1030 4.997432e-04 2.580100e-01
1031 1.238392e-03 3.604823e-01
1032 3.822640e-06 7.608640e-03
1033 2.259813e-05 1.687947e-02
1034 1.029340e-03 1.650912e-01
1035 4.364504e-06 4.206503e-03
1036 1.355153e-05 9.196093e-03
1037 7.217244e-05 2.303499e-02
1038 1.563434e-06 2.948481e-03
1039 3.074073e-05 1.389194e-02
1040 4.783055e-06 8.949296e-03
1041 1.807418e-06 2.525812e-02
1042 2.197653e-06 1.073030e-02
1043 2.382478e-05 1.460522e-02
1044 3.920374e-07 1.703808e-02
1045 1.382425e-06 7.448440e-03
1046 5.077307e-04 3.675198e-02
1047 4.422452e-04 1.088240e-01
1048 1.020575e-04 4.151637e-02
1049 4.071881e-06 8.626398e-03
1050 1.668096e-03 2.403845e-01
1051 9.222449e-04 1.428734e-01
1052 1.701057e-08 1.226431e-03
1053 3.945586e-08 1.819877e-03
1054 3.211528e-04 2.965220e-02
1055 9.319821e-09 1.555869e-03
1056 7.370662e-08 4.671300e-03
1057 1.944062e-08 2.136976e-03
1058 1.444350e-07 2.018936e-03
1059 2.769612e-09 1.031651e-03
1060 5.806222e-10 9.550555e-04
1061 7.946166e-07 2.864913e-03
1062 6.962511e-08 1.811427e-03
1063 3.969138e-07 3.793755e-03
1064 3.954823e-04 8.568695e-02
1065 6.372629e-06 1.544052e-02
1066 1.055755e-09 1.577750e-03
1067 3.778493e-10 1.439705e-03
1068 3.333367e-10 1.465192e-03
1069 1.502546e-09 1.613975e-03
1070 6.572857e-07 1.405781e-02
1071 1.112451e-06 5.236463e-03
1072 9.181573e-07 3.228380e-03
1073 4.494144e-06 1.891438e-02
1074 2.066964e-08 1.054408e-03
1075 1.252160e-05 2.549928e-02
1076 3.328378e-06 5.571189e-03
1077 1.476078e-05 1.442507e-02
1078 1.280493e-08 1.632137e-03
1079 2.465780e-07 5.796595e-03
1080 2.315855e-08 1.573629e-03
1081 2.250969e-09 1.460127e-03
1082 8.787989e-09 1.485368e-03
1083 5.927538e-08 1.825813e-03
1084 2.070735e-09 1.228354e-03
1085 1.621354e-07 4.309839e-03
1086 7.191361e-09 1.239751e-03
1087 1.034839e-08 1.369335e-03
1088 2.066037e-09 4.681111e-03
1089 2.998766e-09 1.234275e-03
1090 4.999058e-10 1.195559e-03
1091 3.151104e-09 1.228858e-03
1092 1.727159e-03 4.995030e-01
1093 9.242506e-07 1.874469e-02
1094 5.298458e-07 1.382652e-02
1095 9.219747e-08 1.691293e-03
1096 1.797651e-08 1.481265e-03
1097 1.437029e-07 4.823408e-03
1098 6.649807e-06 7.605042e-03
1099 5.589031e-07 3.246194e-03
1100 3.640294e-07 2.800855e-03
1101 1.475326e-05 4.650172e-03
1102 4.496623e-07 3.176020e-03
1103 1.580125e-07 2.747357e-03
1104 2.462639e-04 6.306205e-02
1105 6.755569e-08 1.528926e-03
1106 2.907226e-08 2.235092e-03
1107 6.613883e-08 3.127691e-03
1108 1.670952e-07 1.734092e-03
1109 5.516263e-08 2.021767e-03
1110 5.175815e-07 4.716608e-03
1111 5.256590e-08 3.954635e-03
1112 2.770679e-05 3.844268e-02
1113 9.114199e-06 1.700551e-02
1114 2.178434e-07 2.051886e-03
1115 1.340921e-04 3.015916e-02
1116 5.942289e-09 1.478904e-03
1117 6.454591e-08 1.608873e-03
1118 1.811927e-06 6.594531e-03
1119 3.343037e-05 2.267337e-02
1120 1.133968e-06 3.997222e-03
1121 2.671759e-06 6.725425e-03
1122 1.600848e-06 4.013828e-03
1123 5.797593e-07 2.454941e-03
1124 1.184321e-06 3.726759e-03
1125 2.540451e-06 4.418488e-03
1126 1.907240e-06 4.967338e-03
1127 7.939138e-07 3.844120e-03
1128 8.243662e-07 4.488531e-03
1129 2.322628e-06 3.199629e-03
1130 2.659958e-06 4.713444e-03
1131 9.558800e-05 4.328614e-02
1132 5.844558e-04 1.703439e-01
1133 1.145843e-05 4.287093e-02
1134 1.837182e-06 9.074411e-03
1135 1.745973e-06 2.273812e-03
1136 4.724244e-06 4.536725e-03
1137 1.808784e-06 5.345243e-03
1138 4.624979e-05 1.031674e-02
1139 1.268856e-06 5.202170e-03
1140 5.609166e-04 1.969294e-01
1141 8.897081e-05 2.887968e-02
1142 1.673879e-05 8.386947e-03
1143 2.110846e-06 6.662522e-03
1144 1.670103e-05 3.640911e-02
1145 1.006126e-06 9.151253e-03
1146 1.467014e-04 6.405319e-02
1147 2.575119e-05 4.154400e-02
1148 7.206303e-05 1.581073e-02
1149 1.986673e-05 1.037198e-02
1150 1.873065e-05 9.619359e-03
1151 3.777573e-05 1.294252e-02
1152 3.074707e-06 5.819495e-03
1153 2.586522e-06 4.632785e-03
1154 1.512164e-05 7.635348e-03
1155 1.706169e-04 1.560061e-02
1156 1.195282e-04 3.325814e-02
1157 1.641359e-04 4.989775e-02
1158 1.011350e-05 1.456505e-02
1159 6.831689e-04 1.398369e-01
1160 1.753070e-05 1.023447e-02
1161 8.033285e-06 7.031961e-03
1162 7.845801e-05 4.173037e-02
1163 1.035873e-03 1.898966e-01
1164 6.700325e-05 2.033664e-02
1165 8.534543e-05 1.232745e-02
1166 1.037653e-04 4.028490e-02
1167 4.475873e-05 3.237213e-02
1168 1.059209e-04 1.943548e-02
1169 9.984877e-05 3.750004e-02
1170 7.153107e-05 3.104301e-02
1171 7.255752e-06 8.171416e-03
1172 3.953730e-05 2.369107e-02
1173 1.226265e-03 2.000963e-01
1174 2.277920e-03 1.271865e-01
1175 6.498889e-05 3.587578e-02
1176 4.998644e-03 1.493650e+00
1177 6.161243e-07 3.086977e-03
1178 6.024792e-05 2.351715e-02
1179 2.497881e-05 2.271957e-02
1180 6.460861e-04 5.109194e-02
1181 7.738743e-05 1.959380e-02
1182 1.596428e-04 4.029657e-02
1183 3.335886e-05 2.445849e-02
1184 4.853094e-04 7.830084e-02
1185 7.525381e-04 1.400602e-01
1186 8.952220e-05 2.081793e-02
1187 8.172977e-06 9.008603e-03
1188 2.873005e-06 1.010425e-02
1189 2.040302e-04 3.007875e-02
1190 2.160912e-03 1.519722e-01
1191 1.169230e-04 2.814870e-02
1192 4.632792e-04 7.810940e-02
1193 1.515743e-04 3.296639e-02
1194 7.672886e-04 1.638873e-01
1195 2.076771e-04 5.468184e-02
1196 1.168904e-03 1.098903e-01
1197 2.949022e-04 3.267066e-02
1198 2.808035e-05 2.673285e-02
1199 2.617375e-04 4.450720e-02
1200 7.676066e-04 1.482818e-01
1201 8.284952e-06 2.688327e-02
1202 2.376819e-05 1.528856e-02
1203 6.220853e-05 3.896315e-02
1204 3.192610e-04 6.360599e-02
1205 3.310040e-07 4.845304e-03
1206 9.613422e-06 1.662225e-02
1207 5.507103e-07 3.622454e-03
1208 3.159951e-04 8.201489e-02
1209 6.509696e-06 8.756711e-03
1210 3.759991e-07 8.331122e-03
1211 5.358239e-07 3.559682e-03
1212 1.275840e-05 4.864491e-03
1213 3.518331e-06 7.377292e-03
1214 5.309436e-06 8.669127e-03
1215 2.098353e-05 3.428347e-02
1216 6.835431e-08 4.240751e-03
1217 1.196543e-03 2.226720e-01
1218 3.747123e-06 6.463443e-03
1219 1.424785e-07 1.275954e-03
1220 1.599065e-07 3.387732e-03
1221 1.775805e-05 7.571646e-03
1222 1.913117e-03 1.782533e-01
1223 2.570108e-07 2.042962e-03
1224 8.920364e-07 2.128946e-03
1225 2.589513e-04 5.030601e-02
1226 4.267287e-08 2.308492e-03
1227 1.100977e-03 3.283487e-01
1228 4.175078e-05 9.344396e-03
1229 1.055668e-08 1.268089e-03
1230 9.185903e-07 2.551082e-03
1231 1.448972e-06 1.745753e-03
1232 4.284180e-08 2.019597e-03
1233 1.065431e-07 2.238572e-03
1234 5.138093e-06 3.885660e-03
1235 2.801371e-07 2.540832e-03
1236 1.081396e-06 2.865206e-03
1237 3.775599e-06 3.197063e-03
1238 4.223498e-06 3.825350e-03
1239 1.896237e-07 2.309933e-03
1240 2.853511e-03 7.232868e-01
1241 6.750616e-06 4.813131e-03
1242 8.165456e-06 3.201918e-03
1243 4.847881e-06 4.027868e-03
1244 3.671451e-06 3.768117e-03
1245 1.596436e-06 2.757925e-03
1246 1.752252e-06 2.675539e-03
1247 9.679980e-05 1.488780e-02
1248 5.971639e-05 4.337608e-02
1249 4.218523e-06 1.076047e-02
1250 5.790384e-05 1.835952e-02
1251 4.103417e-05 1.794729e-02
1252 6.626460e-06 1.675650e-02
1253 2.708791e-06 1.498047e-02
1254 8.974076e-07 8.167046e-03
1255 1.496860e-03 3.080451e-01
1256 2.340952e-05 7.800957e-03
1257 2.272579e-03 8.472796e-01
1258 6.628906e-05 7.111603e-02
1259 1.760471e-03 1.988321e-01
1260 1.361377e-04 2.221510e-02
1261 3.661374e-08 1.845366e-03
1262 9.351325e-04 1.246559e-01
1263 5.587285e-06 5.292518e-03
1264 4.786740e-04 4.736323e-02
1265 1.147638e-06 3.040934e-03
1266 1.188648e-06 6.866309e-03
1267 2.716257e-08 1.939937e-03
1268 1.295688e-05 5.884917e-03
1269 8.483354e-05 5.940033e-02
1270 5.872505e-04 4.962026e-02
1271 5.768650e-06 1.066858e-02
1272 9.311006e-07 3.233664e-03
1273 1.146337e-05 6.283305e-03
1274 1.872203e-05 2.067977e-02
1275 2.927064e-04 6.721437e-02
1276 3.081746e-04 9.550520e-02
1277 2.254706e-04 1.178088e-01
1278 1.604300e-03 1.357650e-01
1279 1.252818e-05 5.261678e-03
1280 1.104863e-06 7.354363e-03
1281 3.607359e-07 8.519658e-03
1282 1.460869e-06 1.532728e-02
1283 1.243270e-05 1.251776e-02
1284 8.021495e-04 2.179931e-01
1285 9.928648e-05 2.934193e-02
1286 3.760174e-04 9.787932e-02
1287 2.059123e-06 7.141897e-03
1288 1.619976e-04 1.174445e-01
1289 1.356847e-04 1.310705e-01
1290 1.489558e-07 1.821777e-03
1291 1.542752e-04 7.061865e-02
1292 5.369151e-05 1.511430e-02
1293 1.373123e-04 2.021252e-01
1294 4.937203e-07 2.367884e-03
1295 2.311668e-05 1.665325e-02
1296 3.565788e-05 1.687095e-02
1297 1.907353e-03 2.878369e-01
1298 1.693816e-04 1.772381e-01
1299 1.736447e-05 1.910528e-02
1300 1.546045e-03 3.174586e-01
1301 8.796937e-06 3.928302e-03
1302 7.649388e-07 3.651422e-03
1303 7.915246e-05 2.214937e-02
1304 2.009764e-04 3.631455e-02
1305 7.248892e-04 4.695061e-02
1306 2.094381e-04 1.851676e-02
1307 2.081070e-03 6.457834e-02
1308 2.514923e-06 9.894194e-03
1309 2.308390e-03 1.609911e-01
1310 6.893035e-04 2.963265e-01
1311 1.196265e-03 1.266670e-01
1312 1.905372e-03 6.398982e-01
1313 9.322673e-06 4.735185e-03
1314 1.809689e-04 3.453486e-02
1315 1.917364e-07 5.991571e-03
1316 8.569662e-08 4.989795e-03
1317 5.708281e-08 3.429674e-03
1318 6.544255e-07 1.990843e-03
1319 6.255849e-08 2.516829e-03
1320 1.030935e-06 4.424169e-03
1321 3.553324e-07 4.104383e-03
1322 1.354066e-08 1.539797e-03
1323 8.328263e-06 1.472569e-02
1324 5.056682e-06 2.972338e-03
1325 1.364460e-06 6.717283e-03
1326 1.648077e-06 8.062331e-03
1327 1.270441e-05 9.868913e-03
1328 1.600276e-05 6.598207e-03
1329 1.107100e-09 2.764843e-03
1330 4.426745e-06 9.535382e-03
1331 3.975616e-04 1.469937e-01
1332 1.948322e-04 2.022725e-01
1333 1.777509e-05 3.201043e-02
1334 3.743858e-07 2.097479e-02
1335 5.264779e-05 1.782236e-02
1336 1.080130e-05 9.499258e-03
1337 5.791624e-06 4.306265e-03
1338 1.026063e-04 2.211888e-02
1339 5.198576e-06 2.831726e-02
1340 9.490442e-07 1.002972e-02
1341 1.134092e-05 7.518808e-03
1342 1.578542e-07 1.650632e-03
1343 3.129401e-03 3.341283e-01
1344 7.029702e-07 5.140051e-03
1345 6.556014e-04 2.189793e-01
1346 1.767162e-04 4.041117e-02
1347 1.960705e-04 7.479987e-02
1348 6.919933e-05 2.095462e-02
1349 9.817703e-06 1.301324e-02
1350 4.229376e-03 4.159942e-01
1351 8.489386e-04 2.400671e-01
1352 1.036115e-03 2.366323e-01
1353 2.900945e-08 3.319242e-03
1354 4.779702e-07 3.096385e-03
1355 1.233537e-05 3.608514e-02
1356 4.602168e-07 4.491893e-03
1357 5.516323e-07 5.378566e-03
1358 2.399110e-03 2.655734e-01
1359 3.721829e-06 2.543679e-02
1360 1.417194e-05 4.038874e-03
1361 5.020130e-05 1.208126e-02
1362 1.502087e-06 3.317329e-03
1363 3.734819e-08 1.347960e-03
1364 9.384452e-08 1.284528e-03
1365 7.236282e-08 1.904176e-03
1366 3.882426e-07 7.079301e-03
1367 3.271322e-05 3.418389e-02
1368 2.471658e-06 3.265933e-03
1369 1.231972e-07 2.307492e-03
1370 1.578232e-07 1.150192e-03
1371 9.667716e-06 2.176706e-03
1372 2.938604e-07 1.220359e-03
1373 3.180678e-07 2.029664e-03
1374 1.390789e-05 8.214995e-03
1375 1.194903e-03 1.224799e-01
1376 3.783662e-04 1.672480e-02
1377 1.900757e-04 4.397473e-02
1378 9.996335e-06 1.133152e-02
1379 8.339993e-04 7.176834e-02
1380 1.825967e-04 4.084861e-02
1381 9.432721e-07 2.246060e-02
1382 1.767193e-07 2.251791e-03
1383 7.502047e-06 6.592098e-03
1384 1.821010e-03 3.041786e-01
1385 1.345419e-04 3.239298e-02
1386 5.348379e-04 1.229364e-01
1387 3.077157e-03 3.571976e-01
1388 1.501909e-03 3.355402e-01
1389 2.895260e-05 7.237492e-03
1390 5.384392e-04 1.124201e-01
1391 2.228117e-05 1.597670e-02
1392 3.233606e-06 1.594964e-02
1393 2.663468e-06 2.924213e-03
1394 7.777384e-06 1.068309e-02
1395 4.503287e-05 4.055572e-02
1396 2.617939e-06 5.017285e-03
1397 7.939925e-06 4.346247e-03
1398 2.752039e-03 3.091606e-01
1399 5.602403e-05 1.639686e-02
1400 2.328494e-05 8.255658e-03
1401 1.965144e-04 4.734616e-02
1402 3.643950e-06 3.969085e-03
1403 1.115083e-05 3.075649e-03
1404 6.982244e-05 3.516094e-02
1405 2.705393e-07 2.174874e-03
1406 1.434524e-04 1.240225e-02
1407 2.396542e-06 2.640663e-03
1408 8.172039e-08 2.395572e-03
1409 2.405479e-04 2.574261e-02
1410 5.530973e-04 1.027235e-01
1411 9.502952e-05 1.555021e-01
1412 7.487726e-04 1.646864e-01
1413 4.380146e-07 2.417259e-03
1414 1.100909e-03 4.732700e-01
1415 2.418718e-07 3.214540e-03
1416 6.700050e-06 4.177951e-03
1417 2.496747e-05 3.256246e-03
1418 8.283800e-07 3.702075e-03
1419 3.678400e-04 6.124993e-02
1420 2.731981e-03 2.283732e-01
1421 2.507390e-04 1.183536e-01
1422 3.434681e-04 4.855215e-02
1423 1.589468e-03 2.760448e-01
1424 1.116898e-06 9.843992e-03
1425 2.652002e-03 6.470186e-01
1426 1.001797e-03 3.532502e-01
1427 8.832298e-05 4.034614e-02
1428 4.024650e-05 9.715600e-03
1429 1.153873e-05 1.008908e-02
1430 2.083948e-05 4.243843e-02
1431 3.695621e-05 3.807920e-02
1432 3.017835e-04 4.128348e-02
1433 4.024564e-07 7.783136e-03
1434 8.927182e-07 3.255156e-02
1435 2.436906e-04 4.753947e-02
1436 2.068257e-03 2.608644e-01
1437 2.838495e-06 4.675688e-03
1438 4.839952e-05 7.409687e-03
1439 4.128073e-03 7.134947e-01
1440 1.223047e-04 3.868705e-02
1441 1.034810e-03 3.328199e-01
1442 6.133964e-08 2.164779e-03
1443 1.878727e-04 5.390786e-02
1444 3.656084e-05 3.535961e-02
1445 8.146064e-05 4.447160e-02
1446 4.102856e-06 6.290306e-03
1447 1.724810e-04 1.293608e-02
1448 1.752347e-06 9.754314e-03
1449 2.764268e-04 9.031897e-02
1450 2.611184e-04 1.103548e-01
1451 3.069528e-07 1.803575e-03
1452 4.791303e-06 1.396175e-02
1453 5.114741e-07 1.947836e-03
1454 4.454608e-07 1.284126e-02
1455 1.542881e-08 4.417632e-03
1456 4.316134e-06 8.101693e-03
1457 3.790122e-07 5.402594e-03
1458 7.942104e-08 2.871772e-03
1459 1.115859e-05 6.824386e-03
1460 3.160723e-08 4.499954e-03
1461 2.480832e-07 7.665218e-03
1462 2.230401e-06 8.497281e-03
1463 1.298796e-04 2.994022e-02
1464 3.069090e-03 5.323645e-01
1465 7.153850e-04 3.258722e-01
1466 1.812652e-03 2.728202e-01
1467 1.020713e-04 2.931708e-02
1468 3.174705e-03 4.549600e-01
1469 8.636515e-04 2.772169e-01
1470 8.871561e-05 2.711754e-02
1471 2.234234e-05 1.419317e-02
1472 6.333438e-04 8.120051e-02
1473 4.595308e-08 2.956316e-03
1474 2.802321e-07 1.250592e-02
1475 2.483819e-07 4.520011e-03
1476 2.607221e-05 5.559002e-03
1477 8.583647e-04 1.638260e-01
1478 6.310479e-05 2.604449e-02
1479 3.370074e-04 7.126292e-02
1480 7.826106e-04 1.142490e-01
1481 7.328342e-06 3.332547e-02
1482 6.597775e-05 6.077673e-02
1483 3.832570e-05 9.971742e-03
1484 7.196341e-06 6.633198e-03
1485 1.596764e-05 6.433433e-03
1486 7.731218e-04 1.464404e-01
1487 2.211404e-05 1.128565e-02
1488 1.512442e-04 2.778592e-02
1489 1.614890e-05 4.584450e-03
1490 1.964868e-05 5.222226e-03
1491 1.024196e-03 1.383587e-01
1492 1.182201e-04 1.779176e-02
1493 8.181456e-06 5.197744e-03
1494 1.412078e-05 1.963322e-02
1495 1.286712e-03 2.426941e-01
1496 2.665755e-05 6.282963e-03
1497 2.706789e-04 9.131597e-02
1498 1.542696e-03 4.203317e-01
1499 3.201596e-04 2.590466e-02
1500 2.526668e-06 1.006746e-02
1501 1.589786e-04 7.110629e-02
1502 1.117884e-03 1.060055e-01
1503 1.324411e-04 2.486915e-02
1504 1.613642e-03 4.753114e-01
1505 4.466155e-05 6.853882e-02
1506 4.500381e-07 1.667330e-03
1507 3.995708e-04 1.242653e-01
1508 1.214623e-03 7.221689e-01
1509 1.036147e-06 4.080411e-03
1510 1.973743e-06 3.646288e-03
1511 7.547985e-04 1.197757e-01
1512 2.187095e-07 1.051565e-03
1513 6.945456e-06 1.717562e-02
1514 1.849418e-07 5.209669e-03
1515 3.886401e-06 9.669169e-03
1516 1.960432e-04 9.258329e-02
1517 4.756170e-05 1.586699e-02
1518 1.912217e-04 8.214827e-02
1519 1.726163e-08 1.806445e-03
1520 2.232013e-04 6.448928e-02
1521 9.782137e-07 2.431538e-03
1522 3.785813e-07 4.710689e-03
1523 6.391955e-06 5.520724e-03
1524 3.842645e-03 2.306544e-01
1525 3.812286e-04 3.374286e-02
1526 8.253038e-06 2.303551e-02
1527 3.418070e-04 3.446793e-02
1528 8.567701e-06 7.061808e-03
1529 3.994690e-05 1.906225e-02
1530 8.002169e-06 6.736098e-03
1531 1.064288e-04 7.884774e-02
1532 4.145502e-05 1.572345e-02
1533 2.332868e-04 1.036000e-01
1534 2.472088e-03 2.661776e-01
1535 8.193165e-04 3.807224e-01
1536 9.317655e-04 2.793439e-01
1537 1.742996e-06 8.330673e-03
1538 1.608763e-03 3.443165e-01
1539 1.098838e-05 2.508381e-02
1540 2.460137e-06 4.657515e-02
1541 2.615839e-04 2.006940e-01
1542 1.828034e-03 7.629835e-01
1543 3.320216e-07 5.570047e-03
1544 5.479668e-06 1.649731e-02
1545 7.674071e-08 3.640637e-03
1546 1.416999e-03 9.497770e-02
1547 2.936302e-05 3.603193e-02
1548 1.449904e-06 3.956926e-02
1549 5.409720e-08 2.622608e-03
1550 7.597441e-05 2.676483e-02
1551 9.366782e-06 1.609802e-02
1552 7.032491e-08 1.268976e-03
1553 8.809764e-08 3.192452e-03
1554 2.776631e-03 2.613413e-01
1555 1.118450e-03 1.808356e-01
1556 1.182647e-04 3.902604e-02
1557 7.271388e-04 1.998775e-01
1558 5.838295e-04 2.716670e-01
1559 1.464453e-03 2.387303e-01
1560 1.036462e-05 4.901162e-03
1561 1.142548e-04 4.114561e-02
1562 8.112127e-06 1.333572e-02
1563 2.757149e-04 2.724838e-02
1564 2.436683e-06 7.931446e-03
1565 4.541755e-04 6.727647e-02
1566 4.303979e-04 2.266651e-02
1567 1.152089e-05 6.777445e-03
1568 1.705939e-04 9.123718e-03
1569 3.366027e-04 2.415168e-02
1570 2.202357e-04 4.085633e-02
1571 2.823154e-04 5.745261e-02
1572 9.741778e-08 1.948437e-03
1573 2.798845e-04 1.182476e-01
1574 2.588183e-06 5.526616e-03
1575 2.703068e-05 2.180628e-02
1576 7.685384e-06 1.474437e-02
1577 6.846063e-04 3.164250e-01
1578 8.022359e-07 6.604813e-03
1579 1.468965e-05 2.109099e-02
1580 5.587714e-08 2.502435e-03
1581 1.795766e-05 4.778233e-03
1582 3.915540e-06 6.152324e-03
1583 5.376680e-04 7.889888e-02
1584 1.119566e-05 7.060791e-03
1585 1.593060e-03 4.070428e-01
1586 1.921448e-03 3.745602e-01
1587 3.086540e-04 1.269025e-01
1588 3.117255e-03 9.504440e-02
1589 1.054423e-03 1.854256e-01
1590 2.823009e-03 2.372155e-01
1591 5.232764e-05 5.741184e-02
1592 2.117815e-05 3.150340e-02
1593 6.205627e-04 1.110052e-01
1594 3.951639e-05 4.243871e-02
1595 2.529164e-05 1.695671e-02
1596 4.382346e-05 2.504827e-02
1597 4.946149e-05 2.949569e-02
1598 3.491419e-04 1.087102e-01
1599 5.244341e-06 3.527740e-03
1600 6.757475e-04 1.328209e-01
1601 1.081679e-06 1.430234e-03
1602 1.903791e-03 4.020021e-01
1603 4.539221e-07 2.558528e-03
1604 1.119948e-08 2.524329e-03
1605 4.660471e-04 5.102182e-02
1606 2.835365e-09 2.940485e-03
1607 1.364488e-07 1.973708e-03
1608 7.038271e-07 2.002304e-03
1609 4.194997e-04 4.283984e-02
1610 2.644636e-04 8.262263e-02
1611 1.645309e-09 1.884556e-03
1612 6.919789e-08 2.239184e-03
1613 3.512927e-06 3.221165e-03
1614 1.372407e-06 5.237479e-03
1615 9.208491e-04 1.160895e-01
1616 2.870180e-04 8.740574e-02
1617 4.842616e-04 1.286408e-01
1618 1.882209e-04 3.877274e-02
1619 7.893703e-04 4.510025e-01
1620 3.793863e-06 1.069680e-02
1621 1.275481e-04 1.222730e-01
1622 4.158185e-06 5.637565e-03
1623 3.964222e-05 5.058145e-02
1624 8.850172e-07 5.270185e-03
1625 3.418266e-07 1.692267e-03
1626 1.866110e-06 9.824756e-03
1627 4.591142e-06 6.605669e-03
1628 4.612132e-08 1.989468e-03
1629 3.103247e-04 6.670590e-02
1630 4.002760e-08 1.721902e-03
1631 8.804588e-06 1.180328e-02
1632 1.464023e-06 1.011274e-02
1633 6.411172e-05 3.925245e-02
1634 2.421739e-03 5.031123e-01
1635 1.694312e-03 2.310029e-01
1636 3.939795e-03 9.883412e-01
1637 3.042903e-04 1.237096e-01
1638 2.313347e-04 2.488641e-02
1639 2.501380e-03 6.574890e-01
1640 1.031532e-04 1.215222e-01
1641 5.578288e-04 3.151166e-01
1642 3.020218e-05 4.630564e-02
1643 1.119705e-04 4.953886e-02
1644 2.023987e-04 1.151772e-01
1645 4.510213e-07 1.645274e-03
1646 2.476347e-04 1.536026e-02
1647 1.725295e-04 2.609090e-01
1648 9.606584e-06 6.151920e-03
1649 1.555877e-04 2.676503e-02
1650 1.267707e-03 3.005440e-01
1651 4.228308e-06 2.222024e-03
1652 2.482108e-03 3.768137e-01
1653 3.764868e-03 5.212598e-01
1654 2.628497e-07 2.787988e-03
1655 1.964528e-05 7.111239e-03
1656 2.520950e-07 3.785229e-03
1657 7.841517e-08 1.269516e-03
1658 1.695891e-06 3.371007e-03
1659 1.544580e-05 1.052426e-02
1660 5.402943e-09 2.013315e-03
1661 2.092638e-04 8.170311e-02
1662 8.276487e-07 8.342735e-03
1663 3.131694e-04 3.938489e-02
1664 1.293988e-07 7.010367e-03
1665 3.531034e-04 3.055429e-02
1666 3.692659e-04 7.852946e-02
1667 1.592408e-04 5.644795e-02
1668 6.464614e-06 2.791995e-03
1669 1.812002e-05 5.784184e-03
1670 6.031223e-06 1.099404e-02
1671 1.197569e-06 4.665120e-03
1672 2.911265e-05 3.131468e-02
1673 2.006305e-04 5.978150e-02
1674 9.581190e-06 3.069086e-03
1675 1.102552e-04 1.218426e-02
1676 6.351139e-07 1.474774e-03
1677 4.430179e-05 1.445131e-02
1678 9.813859e-04 2.754085e-01
1679 5.635834e-06 1.372468e-02
1680 1.946087e-05 1.682567e-02
1681 4.564517e-04 6.362900e-02
1682 3.202969e-06 8.251968e-03
1683 1.189566e-06 1.421314e-02
1684 3.185573e-06 6.934300e-03
1685 3.920523e-09 2.228229e-03
1686 1.072987e-04 3.758829e-02
1687 7.607271e-05 1.646133e-02
1688 3.050207e-08 1.175842e-03
1689 1.782382e-05 4.454144e-02
1690 8.386999e-06 1.082261e-02
1691 6.988387e-05 6.096537e-02
1692 3.235391e-03 5.499682e-01
1693 3.917264e-03 4.431731e-01
1694 6.970402e-04 8.424156e-02
1695 8.895330e-06 8.937270e-03
1696 2.978295e-06 2.989484e-03
1697 3.358662e-07 6.222387e-03
1698 1.599208e-04 5.776087e-02
1699 2.617193e-06 1.712504e-02
1700 9.580278e-05 1.191265e-02
1701 3.040876e-06 1.031250e-02
1702 6.712923e-07 6.179528e-03
1703 9.586713e-06 1.451232e-02
1704 1.825916e-06 7.009651e-03
1705 4.084178e-04 3.084589e-01
1706 8.298632e-05 4.993369e-02
1707 3.026065e-06 3.269941e-03
1708 1.334627e-09 2.066017e-03
1709 3.176837e-08 5.399549e-03
1710 1.036671e-08 1.419659e-03
1711 1.298001e-06 1.061139e-02
1712 1.922312e-06 5.505044e-03
1713 2.088061e-07 4.443305e-03
1714 1.555472e-06 6.062936e-03
1715 6.585767e-07 4.477039e-03
1716 4.760068e-07 6.152426e-03
1717 9.623472e-09 2.196099e-03
1718 1.321117e-06 1.821945e-02
1719 2.706698e-10 1.983120e-03
1720 8.353301e-07 4.643580e-03
1721 3.726442e-08 1.541362e-03
1722 2.194936e-05 1.241397e-02
1723 6.848524e-09 1.305617e-03
1724 4.866006e-09 1.415916e-03
1725 1.286210e-07 1.929420e-03
1726 8.339170e-06 3.642466e-02
1727 5.227607e-07 1.035214e-02
1728 9.533891e-08 2.567909e-03
1729 3.196037e-05 1.178884e-02
1730 1.371612e-07 4.516392e-03
1731 9.489135e-07 4.002136e-03
1732 1.102311e-04 6.238247e-02
1733 6.388270e-04 2.250948e-01
1734 9.032696e-04 2.773871e-01
1735 2.487097e-05 7.355294e-02
1736 3.684643e-07 7.900334e-03
1737 4.872464e-06 8.908763e-03
1738 1.186912e-04 2.138559e-01
1739 5.559976e-04 1.728631e-01
1740 7.709275e-06 2.355969e-02
1741 1.895179e-09 1.330420e-03
1742 2.111811e-07 1.694877e-03
1743 3.436173e-07 4.107512e-03
1744 5.069842e-08 2.072185e-03
1745 3.355961e-08 2.242755e-03
1746 1.161139e-06 8.544297e-03
1747 3.975167e-06 2.323609e-02
1748 1.018571e-05 9.342350e-03
1749 1.416020e-06 6.862592e-03
1750 9.238118e-07 8.703638e-03
1751 1.184755e-07 4.090973e-03
1752 2.855045e-07 7.620248e-03
1753 3.901111e-04 9.649443e-02
1754 4.662632e-03 3.562187e-01
1755 1.855667e-03 3.156068e-01
1756 7.672000e-06 1.949414e-02
1757 1.070826e-04 6.702195e-02
1758 1.543446e-03 5.290905e-01
1759 1.208133e-04 1.393891e-01
1760 1.254893e-03 1.803713e-01
1761 2.113812e-03 5.373851e-01
1762 2.269257e-03 5.663161e-01
1763 8.981459e-04 1.846000e-01
1764 5.454871e-05 2.255557e-02
1765 1.495552e-04 3.957715e-02
1766 4.748574e-04 2.301028e-01
1767 2.265441e-04 3.858564e-02
1768 5.798644e-05 3.259236e-02
1769 4.082015e-04 1.385495e-01
1770 5.385932e-04 9.183336e-02
1771 2.144926e-04 1.128946e-01
1772 6.341020e-07 4.411555e-03
1773 7.651986e-03 1.441605e+00
1774 6.722675e-04 2.660028e-01
1775 2.816153e-03 8.946172e-01
1776 1.289425e-03 1.589302e-01
1777 4.415372e-05 5.620635e-02
1778 2.293182e-03 5.262885e-01
1779 2.306876e-04 7.712413e-02
1780 1.006597e-04 5.981295e-02
1781 7.242997e-05 3.110963e-02
1782 8.410331e-05 3.303441e-02
1783 3.627543e-03 3.952456e-01
1784 6.465515e-05 7.029470e-02
1785 8.464433e-05 1.011477e-01
1786 8.315791e-05 1.481159e-02
1787 3.700679e-04 4.915450e-02
1788 6.892860e-04 2.658007e-01
1789 2.685822e-04 1.249413e-01
1790 1.989676e-05 1.794182e-02
1791 1.054014e-04 1.542879e-01
1792 6.778058e-04 1.805412e-01
1793 7.670474e-05 5.694142e-02
1794 4.631590e-05 1.979983e-02
1795 1.202673e-04 3.280401e-02
1796 2.184391e-04 9.442679e-02
1797 1.422487e-04 9.851633e-02
1798 4.785188e-05 4.833914e-02
1799 3.720866e-06 1.574751e-02
1800 4.101726e-04 1.733175e-01
1801 6.923735e-05 3.935591e-02
1802 1.588315e-03 3.465236e-01
1803 6.714654e-04 1.738913e-01
1804 1.825493e-03 1.694738e-01
1805 4.528838e-04 5.614352e-02
1806 1.425578e-04 6.073165e-02
1807 1.418106e-04 2.307745e-02
1808 6.572851e-04 1.640059e-01
1809 1.369299e-05 2.286982e-02
1810 1.550788e-06 9.237320e-03
1811 1.548062e-05 1.283791e-02
1812 5.039924e-05 1.901894e-02
1813 9.591536e-06 9.563935e-03
1814 4.346657e-07 2.084554e-02
1815 3.052520e-05 7.102174e-02
1816 3.159063e-05 2.814021e-02
1817 2.952026e-04 6.275626e-02
1818 7.717154e-06 4.624461e-02
1819 1.504608e-03 3.553920e-01
1820 3.056131e-04 1.254220e-01
1821 1.312618e-04 2.209484e-02
1822 1.680647e-05 1.920611e-02
1823 8.364000e-06 4.798697e-02
1824 9.462576e-05 3.283488e-02
1825 9.100423e-04 2.601775e-01
1826 1.945096e-04 5.464950e-02
1827 7.870542e-06 1.195345e-02
1828 1.251889e-05 1.678359e-02
1829 2.250253e-05 1.574406e-02
1830 4.356674e-03 7.341104e-01
1831 2.320739e-06 9.242502e-03
1832 7.008518e-05 3.641703e-02
1833 3.204592e-07 1.111705e-02
1834 4.740295e-05 1.848109e-02
1835 1.347305e-07 8.514984e-03
1836 3.849820e-06 6.243496e-03
1837 8.104166e-04 7.110451e-02
1838 7.752396e-05 3.052090e-02
1839 2.747862e-05 4.505848e-02
1840 8.803454e-05 7.574250e-02
1841 1.048523e-04 4.068856e-02
1842 9.904675e-06 2.126813e-02
1843 2.043934e-05 1.716363e-02
1844 2.393792e-05 2.032692e-02
1845 5.622592e-05 1.658263e-02
1846 4.452028e-07 7.232255e-03
1847 2.925200e-05 1.283985e-02
1848 3.112095e-06 1.258920e-02
1849 3.249936e-06 1.502998e-02
1850 9.893522e-07 9.870901e-03
1851 9.778960e-07 5.676875e-03
1852 1.223398e-06 4.752673e-03
1853 1.466175e-06 4.389768e-03
1854 2.615479e-04 6.925232e-02
1855 1.203638e-05 2.803758e-02
1856 2.469695e-04 8.754261e-02
1857 1.040786e-03 1.022113e-01
1858 3.294794e-04 6.334060e-02
1859 1.852416e-06 5.451552e-03
1860 2.182208e-04 8.075120e-02
1861 4.796128e-08 7.874194e-03
1862 7.937462e-07 9.531802e-03
1863 7.977532e-06 2.594662e-02
1864 3.635258e-04 1.280507e-01
1865 1.110809e-04 5.675691e-02
1866 1.732390e-05 4.615258e-02
1867 2.514368e-06 1.164789e-02
1868 2.555284e-07 9.827370e-03
1869 7.846573e-07 6.716425e-03
1870 2.731690e-06 1.546955e-02
1871 1.903146e-03 2.195506e-01
1872 5.296645e-04 2.209827e-01
1873 3.132601e-05 1.665519e-02
1874 1.099386e-04 7.517286e-02
1875 5.352922e-04 9.987550e-02
1876 1.488172e-05 7.002713e-03
1877 4.973860e-05 2.450657e-02
1878 6.345502e-06 7.589396e-03
1879 2.898312e-05 3.358407e-02
1880 1.972711e-05 1.713911e-02
1881 3.227664e-04 2.561304e-01
1882 1.559513e-05 6.419459e-02
1883 1.311751e-05 4.400258e-02
1884 8.408387e-05 7.855767e-02
1885 5.573323e-05 3.395078e-02
1886 8.252538e-04 9.061508e-02
1887 4.787264e-06 8.120430e-03
1888 1.349482e-06 1.612142e-02
1889 1.218703e-07 7.978808e-03
1890 3.374113e-08 5.477173e-03
1891 3.347734e-07 5.556417e-03
1892 6.442395e-07 5.943506e-03
1893 7.846301e-08 2.192277e-02
1894 2.461453e-05 5.641780e-02
1895 4.171881e-05 2.402178e-02
1896 2.010636e-07 5.005610e-03
1897 8.958424e-08 3.670671e-03
1898 8.037578e-07 3.748989e-03
1899 6.955947e-06 1.767333e-02
1900 1.572450e-05 2.123475e-02
1901 1.154132e-08 1.743160e-03
1902 9.590084e-04 2.066830e-01
1903 8.317664e-04 3.412262e-01
1904 5.613433e-05 2.544029e-02
1905 6.105695e-04 9.297851e-02
1906 2.015391e-03 5.813077e-01
1907 4.163176e-07 7.390840e-03
1908 9.321373e-07 8.115742e-03
1909 1.768158e-07 5.427616e-03
1910 4.265027e-05 3.204946e-02
1911 3.168708e-07 1.192682e-02
1912 2.270290e-04 5.756309e-02
1913 1.049924e-04 6.744834e-02
1914 1.658540e-03 9.501256e-02
1915 1.595235e-03 6.773275e-01
1916 1.468007e-03 1.784019e-01
1917 3.885963e-04 1.774154e-01
1918 1.261516e-03 1.327422e-01
1919 1.458201e-03 2.300339e-01
1920 3.660652e-05 6.776991e-02
1921 8.214292e-05 3.885989e-02
1922 7.028078e-04 1.640454e-01
1923 3.565803e-04 1.080060e-01
1924 1.062546e-03 2.096305e-01
1925 4.270001e-05 7.181759e-02
1926 6.904487e-06 2.424628e-02
1927 5.199877e-04 7.870679e-02
1928 4.204606e-04 2.956045e-01
1929 1.665076e-04 4.925910e-02
1930 1.366430e-06 5.982150e-03
1931 9.902946e-06 3.852975e-02
1932 2.551501e-07 2.587640e-02
1933 3.115594e-04 3.545549e-02
1934 3.959238e-07 7.556776e-03
1935 6.061584e-05 6.240122e-02
1936 2.208165e-05 1.977791e-02
1937 1.363524e-03 7.125779e-02
1938 1.032287e-03 7.034159e-02
1939 2.331619e-04 6.707728e-02
1940 9.939338e-05 9.300536e-02
1941 7.999630e-07 7.903711e-03
1942 4.533427e-04 1.249445e-01
1943 1.940609e-04 1.173859e-01
1944 1.986584e-05 3.497751e-02
1945 1.025114e-05 1.211589e-02
1946 3.366194e-04 1.273847e-01
1947 1.606145e-05 2.024737e-02
1948 7.043759e-04 7.151452e-02
1949 3.244840e-03 3.581798e-01
1950 5.372083e-04 1.185474e-01
1951 1.104750e-03 2.471825e-01
1952 4.996311e-04 1.307222e-01
1953 3.111834e-05 2.279917e-02
1954 4.330346e-05 1.533521e-02
1955 1.593943e-03 5.321337e-01
1956 1.446422e-03 3.269202e-01
1957 1.631868e-03 5.237898e-01
1958 1.963878e-03 3.642390e-01
1959 1.362865e-07 7.314232e-03
1960 2.874376e-05 1.584982e-02
1961 1.703816e-09 2.938880e-03
1962 1.089335e-06 7.186833e-03
1963 3.353238e-09 2.056635e-03
1964 2.416545e-08 3.509030e-03
1965 1.146734e-04 3.263562e-02
1966 1.643386e-06 1.192957e-02
1967 3.295265e-04 1.760644e-01
1968 3.078488e-05 2.043717e-02
1969 8.414556e-06 1.972323e-02
1970 7.351320e-07 9.472028e-03
1971 2.433423e-05 2.329391e-02
1972 9.798695e-08 7.129985e-03
1973 1.141892e-03 1.563302e-01
1974 3.154667e-05 3.775900e-02
1975 1.359452e-06 1.684300e-02
1976 1.491530e-05 3.134537e-02
1977 4.385661e-04 1.851134e-01
1978 2.817609e-04 5.533834e-02
1979 1.381295e-04 6.275596e-02
1980 2.977701e-04 6.522977e-02
1981 1.701443e-04 3.771770e-02
1982 5.333165e-04 1.186463e-01
1983 2.476812e-03 4.381023e-01
1984 6.380219e-05 8.720643e-02
1985 1.148493e-03 1.851510e-01
1986 1.705742e-04 6.886195e-02
1987 4.468518e-03 7.033032e-01
1988 2.165189e-04 4.713473e-02
1989 2.275542e-05 4.914380e-02
1990 2.922731e-04 1.782850e-01
1991 7.814817e-06 1.396600e-02
1992 2.360877e-04 3.437486e-02
1993 6.635853e-04 1.051521e-01
1994 7.351262e-05 4.790652e-02
1995 9.534503e-05 6.399014e-02
1996 6.588542e-04 4.435749e-02
1997 4.659721e-03 3.694086e-01
1998 7.113560e-04 1.752192e-01
1999 3.836293e-04 3.201284e-01
2000 4.012149e-04 1.671239e-01
