2 4.105203e-04 1.123441e-01
3 4.133300e-03 4.535736e-01
4 8.249010e-04 1.673118e-01
5 1.780373e-04 7.877645e-02
6 5.016776e-03 6.215315e-01
7 2.608766e-03 1.430608e-01
8 4.972149e-05 5.081985e-02
9 1.565161e-05 8.307215e-03
10 2.668210e-04 3.281837e-02
11 1.598251e-03 2.452385e-01
12 2.253977e-04 1.985055e-02
13 2.086014e-03 2.673514e-01
14 4.306575e-04 6.223567e-02
15 1.443023e-04 4.560329e-02
16 7.183870e-05 5.262127e-02
17 2.422559e-05 1.096616e-02
18 2.968737e-04 8.468669e-02
19 1.976979e-03 2.700849e-01
20 8.811150e-04 2.652732e-01
21 7.883642e-04 8.515579e-02
22 7.343998e-05 2.562412e-02
23 3.231379e-03 3.316442e-01
24 7.499329e-04 1.628576e-01
25 4.985423e-04 3.066630e-02
26 1.266442e-03 3.915279e-01
27 2.275003e-04 4.430687e-02
28 2.810520e-04 2.586048e-02
29 9.462998e-04 3.628404e-01
30 4.389513e-06 7.360516e-03
31 1.227126e-04 2.840623e-02
32 7.516664e-04 1.713669e-01
33 5.007862e-05 1.203228e-02
34 1.097194e-05 5.490987e-03
35 8.468767e-04 1.514272e-01
36 3.253666e-04 3.150511e-02
37 2.440945e-03 3.551081e-01
38 3.589887e-03 4.689101e-01
39 1.135945e-03 3.680740e-01
40 6.692422e-04 1.606930e-01
41 9.341831e-06 6.755554e-03
42 2.506212e-03 4.220761e-01
43 3.190813e-05 1.090923e-02
44 1.927824e-06 2.788687e-03
45 1.087543e-06 2.643380e-03
46 1.302443e-07 1.418520e-03
47 3.976466e-06 6.134346e-03
48 6.739667e-06 6.938443e-03
49 4.198228e-06 8.933626e-03
50 5.045155e-05 2.790847e-02
51 8.687183e-07 3.072864e-03
52 2.981982e-06 5.539325e-03
53 4.179339e-06 5.597955e-03
54 1.508097e-06 4.230765e-03
55 1.904995e-06 3.308668e-03
56 1.027940e-04 1.563733e-02
57 3.176878e-04 2.192596e-02
58 1.419205e-07 1.707033e-03
59 1.109578e-05 9.074221e-03
60 2.851158e-07 2.277519e-03
61 6.303375e-07 4.129910e-03
62 5.066687e-08 1.236773e-03
63 3.838743e-06 5.395312e-03
64 7.837668e-06 1.153831e-02
65 5.448543e-06 2.444870e-03
66 1.795497e-06 4.700249e-03
67 1.494801e-06 4.738089e-03
68 2.151882e-05 9.645315e-03
69 3.145337e-05 7.005345e-03
70 1.727146e-03 2.132599e-01
71 9.571617e-08 4.409397e-03
72 1.872270e-04 1.412522e-02
73 4.532253e-06 3.489418e-03
74 1.863369e-06 5.589519e-03
75 3.415699e-06 5.442812e-03
76 4.675912e-06 5.873452e-03
77 5.543034e-06 4.041345e-03
78 2.946480e-04 2.727755e-02
79 7.125583e-06 1.078552e-02
80 2.307702e-04 6.463829e-02
81 1.050718e-06 3.042990e-03
82 3.628471e-05 3.323001e-02
83 4.975792e-07 2.508231e-03
84 8.638316e-06 1.263057e-02
85 1.367060e-06 7.600891e-03
86 3.906838e-05 1.001922e-02
87 1.329325e-03 9.347015e-02
88 1.835342e-07 2.769720e-03
89 2.831539e-04 2.201158e-02
90 2.270801e-04 1.042517e-01
91 5.574632e-05 1.269153e-02
92 2.107303e-04 5.916692e-02
93 2.277337e-04 2.432195e-02
94 1.117635e-05 8.635070e-03
95 1.038953e-06 5.329929e-03
96 6.464689e-05 7.665760e-03
97 2.031439e-05 1.149942e-02
98 5.326691e-05 6.605777e-03
99 1.561631e-03 2.497108e-01
100 5.009459e-03 3.270955e-01
101 4.859690e-04 9.114102e-02
102 9.826203e-06 5.577655e-03
103 1.817273e-03 1.433834e-01
104 3.291423e-06 2.446290e-02
105 3.016856e-04 3.280066e-02
106 1.909931e-04 4.649713e-02
107 4.185546e-06 1.184663e-02
108 1.078258e-04 1.060244e-01
109 8.476994e-06 1.163474e-02
110 5.213085e-06 3.963085e-03
111 1.046244e-05 1.063826e-02
112 2.640310e-05 1.925182e-02
113 3.634825e-04 5.679672e-02
114 1.158661e-05 8.816094e-03
115 3.645135e-05 1.514717e-02
116 2.487621e-04 5.754130e-02
117 1.408502e-05 5.737751e-03
118 6.338662e-07 3.650929e-03
119 1.903214e-03 2.509889e-01
120 3.940702e-05 1.554306e-02
121 1.881267e-05 8.077835e-03
122 1.828266e-06 4.986255e-03
123 2.104819e-04 2.841484e-02
124 4.392000e-05 1.025670e-02
125 4.371265e-04 1.146843e-01
126 2.634180e-05 5.805017e-03
127 4.806719e-06 1.115625e-02
128 7.194670e-04 3.197182e-01
129 1.848679e-03 2.536712e-01
130 2.070771e-04 5.754938e-02
131 3.396488e-04 1.171211e-01
132 8.460651e-05 2.673811e-02
133 4.382184e-03 5.536504e-01
134 4.961983e-05 1.486148e-02
135 1.714695e-03 9.018250e-02
136 1.922096e-07 2.282680e-03
137 2.957442e-06 1.279967e-02
138 3.025514e-06 3.721461e-03
139 2.659763e-05 8.266307e-03
140 6.278799e-05 2.283384e-02
141 5.629072e-06 7.027605e-03
142 1.007181e-03 7.321849e-02
143 7.623761e-05 8.045646e-02
144 1.138270e-03 1.455692e-01
145 6.579173e-05 4.367775e-02
146 5.847359e-05 1.135737e-02
147 3.536836e-04 5.139061e-02
148 1.002263e-05 5.580904e-03
149 1.303250e-04 6.761526e-02
150 2.138814e-04 5.479646e-02
151 2.391499e-04 2.343682e-02
152 1.457068e-05 3.288135e-02
153 1.675710e-05 8.632253e-03
154 5.012262e-05 1.250467e-02
155 1.993965e-06 2.824085e-03
156 1.127879e-05 1.226087e-02
157 8.573718e-06 1.264371e-02
158 1.304829e-08 3.779313e-03
159 2.041371e-05 1.732483e-02
160 2.261201e-06 9.380650e-03
161 2.577821e-06 4.640670e-03
162 3.220811e-05 1.538023e-02
163 3.794597e-05 1.598242e-02
164 3.781386e-05 5.321981e-03
165 2.058807e-06 1.621932e-03
166 2.512124e-06 2.056825e-03
167 8.914888e-06 7.010815e-03
168 8.627459e-06 4.397066e-03
169 2.165142e-04 1.811605e-02
170 1.275582e-05 5.501950e-03
171 1.035128e-04 3.545033e-02
172 8.329481e-04 1.380761e-01
173 2.618113e-04 6.596752e-02
174 3.150163e-04 1.381378e-01
175 8.470184e-08 1.260602e-03
176 4.286119e-05 1.138780e-02
177 1.030259e-07 3.178764e-03
178 2.725738e-06 7.663030e-03
179 4.106782e-05 9.975429e-03
180 5.320939e-08 1.274326e-03
181 1.349135e-04 9.038167e-02
182 1.271422e-04 1.970540e-02
183 6.702529e-05 2.246394e-02
184 7.291478e-06 7.927352e-03
185 1.459285e-07 1.516978e-03
186 1.333837e-04 4.525422e-02
187 3.584978e-03 4.330632e-01
188 1.026151e-04 2.808813e-02
189 8.298626e-05 9.813847e-03
190 5.764612e-06 4.853360e-03
191 2.347609e-06 6.667513e-03
192 1.199949e-05 5.601781e-03
193 5.317068e-06 6.183324e-03
194 1.295131e-05 5.807232e-03
195 7.603565e-05 1.831806e-02
196 2.093313e-06 7.722056e-03
197 1.181258e-05 2.071414e-02
198 2.146276e-05 1.235022e-02
199 2.772281e-05 1.544461e-02
200 2.426128e-04 6.353527e-02
201 1.570801e-04 8.065100e-02
202 2.881835e-05 1.189902e-02
203 5.453553e-04 1.573200e-01
204 1.029190e-06 3.980512e-03
205 2.936385e-04 2.075456e-02
206 3.896812e-05 1.838173e-02
207 9.739327e-06 3.097517e-02
208 6.010884e-05 8.396745e-02
209 4.222978e-04 4.283791e-02
210 5.034747e-05 5.310723e-02
211 8.587831e-04 4.573872e-02
212 8.232492e-06 4.760822e-03
213 2.719044e-05 1.412509e-02
214 1.200667e-05 1.251971e-02
215 2.688505e-06 1.221586e-02
216 1.600664e-05 3.638275e-02
217 1.790200e-06 2.595902e-03
218 3.828157e-06 4.489490e-03
219 1.922163e-06 2.442598e-03
220 7.904031e-04 1.608062e-01
221 4.213674e-06 5.467829e-03
222 7.262801e-05 2.541923e-02
223 5.306951e-04 6.133502e-02
224 1.435813e-07 2.282325e-03
225 4.822461e-07 3.203720e-03
226 8.047338e-06 1.134029e-02
227 1.518294e-06 4.163453e-03
228 7.533663e-06 5.443351e-03
229 1.574215e-05 1.736764e-02
230 1.423692e-03 2.024223e-01
231 2.482090e-08 2.038959e-03
232 3.219133e-03 3.923171e-01
233 2.433456e-06 9.056757e-03
234 2.410793e-05 4.318809e-03
235 8.289407e-07 7.382727e-03
236 2.170326e-04 1.928762e-02
237 1.717529e-03 1.318084e-01
238 1.006279e-06 5.022952e-03
239 4.815418e-05 6.447759e-03
240 3.452596e-04 6.069649e-02
241 1.422490e-03 3.355921e-01
242 4.557579e-05 2.688137e-02
243 1.309616e-06 4.381269e-03
244 6.359293e-07 1.856476e-03
245 1.267400e-07 1.273839e-03
246 2.508908e-04 8.773685e-02
247 2.681250e-04 2.711519e-02
248 5.806258e-04 1.677327e-01
249 1.499461e-03 1.766298e-01
250 5.007934e-04 1.026644e-01
251 5.910080e-08 1.289199e-03
252 1.360240e-06 8.676563e-03
253 1.417601e-06 4.089582e-03
254 3.845923e-05 1.690364e-02
255 7.749012e-06 8.290837e-03
256 1.535579e-07 2.428148e-03
257 1.426703e-05 4.671845e-03
258 1.486836e-04 4.540608e-02
259 4.884383e-07 1.428256e-03
260 1.340014e-05 8.900082e-03
261 1.469190e-05 7.022106e-03
262 9.630469e-07 1.612950e-03
263 2.670602e-05 3.256318e-03
264 3.169833e-05 2.829800e-02
265 1.223568e-04 6.847213e-02
266 2.761872e-05 1.120019e-02
267 5.547257e-06 1.936633e-02
268 1.976042e-05 6.134019e-03
269 4.850213e-04 9.930304e-02
270 8.377504e-07 3.588500e-03
271 3.355512e-05 1.521177e-02
272 2.261872e-05 9.228362e-03
273 9.531012e-05 9.402681e-02
274 4.886826e-08 1.876711e-03
275 2.618635e-05 3.731175e-02
276 2.761100e-05 1.710822e-02
277 2.254916e-07 3.999074e-03
278 2.518125e-04 6.151863e-02
279 6.942912e-06 4.364622e-03
280 2.344210e-04 2.727773e-02
281 7.878733e-04 5.032376e-02
282 1.568618e-06 1.978603e-03
283 2.515899e-06 6.334177e-03
284 2.885104e-07 4.712718e-03
285 1.685683e-05 8.636726e-03
286 1.246598e-06 5.779895e-03
287 9.576523e-07 5.030298e-03
288 7.090941e-07 2.157213e-03
289 1.140951e-03 1.740672e-01
290 1.535985e-08 1.420259e-03
291 1.079543e-05 1.692854e-02
292 1.364041e-03 2.440572e-01
293 3.034662e-06 5.213062e-03
294 1.578390e-06 4.317878e-03
295 1.522345e-06 1.776836e-02
296 2.973153e-04 1.098041e-01
297 5.948757e-06 1.687306e-02
298 3.839968e-06 5.277955e-03
299 6.684889e-06 3.985897e-03
300 8.565369e-06 1.484020e-02
301 4.408861e-03 2.356305e-01
302 1.318472e-06 3.525851e-03
303 5.079704e-06 1.987821e-02
304 4.280795e-04 3.188572e-02
305 1.665058e-05 1.015992e-02
306 6.510196e-05 1.596821e-02
307 9.743292e-04 1.142180e-01
308 9.772225e-07 1.076540e-02
309 5.588462e-04 9.007464e-02
310 7.853185e-05 1.376042e-02
311 3.425845e-05 9.703940e-03
312 2.330575e-05 4.148244e-03
313 2.412413e-03 4.561726e-01
314 7.258063e-06 2.930493e-03
315 2.413667e-07 4.726824e-03
316 2.881045e-03 2.052187e-01
317 6.331857e-04 1.735326e-01
318 4.000115e-04 1.465054e-01
319 1.603790e-04 5.276908e-02
320 1.417200e-04 3.108939e-02
321 6.266288e-04 2.285513e-01
322 9.685261e-08 6.872045e-03
323 2.420493e-05 2.261091e-02
324 7.218353e-07 5.260111e-03
325 1.627138e-06 5.256611e-03
326 3.629247e-05 4.327849e-02
327 1.959726e-03 4.150746e-01
328 3.314559e-04 1.051241e-01
329 1.431910e-03 1.200991e-01
330 1.533360e-05 8.137761e-03
331 2.587853e-05 2.426170e-02
332 3.415846e-04 1.971612e-01
333 1.245852e-05 1.638148e-02
334 6.552942e-05 4.332002e-02
335 9.942780e-08 2.160060e-03
336 1.803223e-05 8.680082e-03
337 1.883423e-05 1.242044e-02
338 5.907184e-04 4.215061e-02
339 9.471718e-04 1.474933e-01
340 8.686896e-06 1.355194e-02
341 1.004203e-05 9.954966e-03
342 1.566484e-05 5.112654e-03
343 1.583662e-05 3.830684e-02
344 7.604140e-05 8.831375e-03
345 3.216974e-03 3.078186e-01
346 1.187455e-03 1.587636e-01
347 2.137360e-06 4.125705e-03
348 1.218780e-04 2.846121e-02
349 5.278006e-06 6.894479e-03
350 2.041827e-06 2.913558e-03
351 1.492385e-03 5.079874e-01
352 1.232457e-03 1.853827e-01
353 3.137030e-07 1.274185e-03
354 3.611352e-04 9.044305e-02
355 1.825282e-05 2.066412e-02
356 2.881784e-03 1.185952e-01
357 2.589319e-04 5.568060e-02
358 7.915336e-06 4.114883e-03
359 4.858484e-06 1.134357e-02
360 1.091530e-03 7.511248e-02
361 3.450065e-04 8.945980e-02
362 7.634643e-05 3.344226e-02
363 9.717640e-05 2.558699e-02
364 4.641068e-05 4.886003e-02
365 2.706893e-05 3.750823e-02
366 1.999135e-05 1.923355e-02
367 3.728345e-06 1.671990e-02
368 1.512347e-05 1.144808e-02
369 1.931525e-05 1.057142e-02
370 1.959573e-05 1.598763e-02
371 1.837124e-04 8.057846e-02
372 4.677843e-06 3.633953e-02
373 1.336978e-04 3.705168e-02
374 5.077389e-07 6.310199e-03
375 8.730167e-07 1.381609e-03
376 4.187930e-06 3.437051e-03
377 1.566323e-03 1.428825e-01
378 5.293223e-05 1.387042e-02
379 6.890931e-05 3.346728e-03
380 3.456735e-05 1.763758e-02
381 1.288571e-03 2.851613e-01
382 2.385781e-05 9.459917e-03
383 3.667704e-04 1.079250e-01
384 8.156792e-05 1.340597e-02
385 2.331130e-03 2.856998e-01
386 2.363397e-05 8.339166e-03
387 8.236521e-06 1.937048e-02
388 2.120727e-06 3.913588e-03
389 2.164285e-05 1.020205e-02
390 1.722396e-07 4.433305e-03
391 2.202363e-04 1.517646e-02
392 2.744384e-05 2.614442e-02
393 2.417440e-07 2.647902e-03
394 3.900100e-03 3.757517e-01
395 1.514863e-06 1.721045e-03
396 1.548336e-04 3.330192e-02
397 2.929707e-05 1.961835e-02
398 3.843756e-07 2.550732e-03
399 2.123957e-05 8.498987e-03
400 2.699915e-03 9.218881e-01
401 9.460740e-05 2.172577e-02
402 9.989293e-04 3.414589e-01
403 1.120006e-04 2.692810e-02
404 7.073581e-05 2.315479e-02
405 1.183076e-05 4.689587e-03
406 5.931376e-04 2.443435e-01
407 1.291925e-04 7.913495e-02
408 2.432426e-03 2.549013e-01
409 1.855275e-04 7.001017e-02
410 6.803615e-06 1.429087e-02
411 1.157775e-04 1.458128e-02
412 7.813043e-06 1.123956e-02
413 1.085705e-03 1.996300e-01
414 3.180229e-05 8.251831e-03
415 3.145986e-07 1.912149e-03
416 4.039066e-04 1.080690e-01
417 2.428326e-06 2.328934e-03
418 1.588188e-03 1.355761e-01
419 2.348169e-03 4.224294e-01
420 1.872581e-05 7.608374e-03
421 2.427303e-05 1.258096e-02
422 5.289595e-05 2.568440e-02
423 8.198571e-05 8.146903e-03
424 5.843943e-04 3.404948e-02
425 9.399534e-06 8.928345e-03
426 3.184909e-06 3.711911e-03
427 2.069082e-04 1.303700e-01
428 1.145477e-04 1.905920e-02
429 2.433736e-03 1.208884e-01
430 9.443961e-07 1.624624e-03
431 1.430938e-07 4.144372e-03
432 2.327545e-04 9.895176e-02
433 1.190477e-07 1.251193e-03
434 6.307413e-06 4.969147e-03
435 1.785494e-06 5.228202e-03
436 3.457517e-07 2.334923e-03
437 3.680054e-04 8.784049e-02
438 2.191732e-06 5.772710e-03
439 3.661269e-06 4.386239e-03
440 9.513071e-07 4.217628e-03
441 2.617637e-05 3.811353e-02
442 6.871023e-06 6.497524e-03
443 9.054593e-06 4.873860e-03
444 1.073140e-04 4.089254e-02
445 1.085131e-04 6.871107e-02
446 2.335670e-05 1.592261e-02
447 5.419658e-07 2.446692e-03
448 2.553295e-06 2.460065e-03
449 2.901311e-07 2.317374e-03
450 2.244401e-06 3.427039e-03
451 1.946373e-07 1.283907e-03
452 6.529536e-05 8.702058e-03
453 3.991785e-06 3.995774e-03
454 4.085500e-05 2.905332e-02
455 3.861383e-04 6.040517e-02
456 1.390372e-06 5.544766e-03
457 7.213268e-05 2.154002e-02
458 3.342746e-04 3.739244e-02
459 3.394908e-04 3.575783e-02
460 1.825617e-06 3.526690e-03
461 6.980289e-05 3.353694e-02
462 1.287721e-03 1.267519e-01
463 1.388870e-04 5.842878e-02
464 1.799268e-05 5.078750e-03
465 4.960150e-07 1.804455e-03
466 1.908996e-07 2.713703e-03
467 1.365019e-03 1.113850e-01
468 7.529859e-07 5.921146e-03
469 8.325586e-05 4.101400e-02
470 4.038931e-05 1.447289e-02
471 1.683184e-04 2.378915e-02
472 2.989582e-05 4.473537e-03
473 4.046430e-05 1.217955e-02
474 1.474605e-06 4.086457e-03
475 1.662026e-04 2.321845e-02
476 4.706572e-07 2.266897e-03
477 3.557604e-04 3.074200e-02
478 1.042636e-07 3.577849e-03
479 1.307178e-07 1.832266e-03
480 2.256406e-05 1.077474e-02
481 1.898314e-06 8.032410e-03
482 1.241119e-03 1.251504e-01
483 7.209819e-08 1.186911e-03
484 4.907718e-07 1.919593e-03
485 1.059397e-04 7.799004e-02
486 8.626110e-06 4.947473e-03
487 2.663199e-04 7.365307e-02
488 1.400934e-05 5.885467e-03
489 1.239380e-05 9.746073e-03
490 3.459534e-04 4.267062e-02
491 1.227253e-05 1.020420e-02
492 7.470010e-06 4.014331e-03
493 1.780032e-06 2.292632e-03
494 1.979274e-04 2.981406e-02
495 1.060115e-03 8.718643e-02
496 6.533435e-04 1.600178e-01
497 1.932557e-04 1.084194e-01
498 8.977407e-05 3.828981e-02
499 6.845180e-06 7.486954e-03
500 1.154175e-06 9.688159e-03
501 1.202216e-03 2.846522e-01
502 5.216548e-05 1.668825e-02
503 2.013880e-04 4.143974e-02
504 1.640546e-03 2.409896e-01
505 4.337423e-06 6.024312e-03
506 1.386722e-05 1.252153e-02
507 6.568423e-06 9.140587e-03
508 2.408450e-05 1.144997e-02
509 9.087376e-04 2.708575e-01
510 2.020477e-06 9.755282e-03
511 2.851228e-06 4.729410e-03
512 8.990466e-07 1.993302e-03
513 4.836923e-05 2.643154e-02
514 1.195707e-05 1.941134e-02
515 6.398291e-05 5.445766e-02
516 1.083804e-04 5.337490e-02
517 1.587325e-05 6.668700e-03
518 1.489661e-06 4.474358e-03
519 2.111501e-05 1.024523e-02
520 1.132050e-07 1.496700e-03
521 9.996575e-06 2.610638e-02
522 3.499761e-06 3.155708e-03
523 9.354924e-06 7.572689e-03
524 1.319636e-04 4.841278e-02
525 1.664022e-04 5.492901e-02
526 7.913689e-06 1.578457e-02
527 4.656476e-04 1.323225e-01
528 3.507866e-04 1.934025e-02
529 2.953400e-04 6.960782e-02
530 1.444330e-04 1.523009e-02
531 1.081067e-08 1.573728e-03
532 8.125275e-06 9.236235e-03
533 1.347679e-06 2.656269e-03
534 2.383516e-04 7.557453e-02
535 1.701251e-03 1.801978e-01
536 7.805029e-05 3.245142e-02
537 7.590181e-04 2.043096e-01
538 9.411468e-05 9.021794e-02
539 2.680445e-05 4.899441e-02
540 3.035964e-05 2.667982e-02
541 5.108749e-03 3.060891e-01
542 1.259911e-05 9.705885e-03
543 1.474400e-05 2.777694e-03
544 4.285690e-04 4.735866e-02
545 2.840768e-06 9.349263e-03
546 1.095736e-05 1.354397e-02
547 1.565192e-04 4.270171e-02
548 3.280942e-05 1.197262e-02
549 1.141321e-05 2.782596e-02
550 5.961678e-08 5.834231e-03
551 1.782961e-05 6.986148e-03
552 3.445801e-07 2.596015e-03
553 2.562476e-06 6.912729e-03
554 6.174291e-08 3.016381e-03
555 1.472724e-04 6.284827e-02
556 9.877352e-06 6.547490e-03
557 4.729818e-04 5.787273e-02
558 1.320072e-06 8.042194e-03
559 1.584428e-04 3.035768e-02
560 9.901487e-07 3.310091e-03
561 1.741116e-05 3.206757e-02
562 1.347424e-06 1.624850e-03
563 4.289054e-03 7.099606e-01
564 9.652009e-04 4.556467e-01
565 7.038730e-06 3.125396e-03
566 4.333039e-05 1.546619e-02
567 1.795933e-04 4.185954e-02
568 2.277017e-04 7.083468e-02
569 1.745916e-05 9.078831e-03
570 9.724943e-05 4.221771e-02
571 1.570183e-04 2.250062e-02
572 1.774931e-04 4.378384e-02
573 2.042207e-04 5.915181e-02
574 1.392485e-05 4.894680e-03
575 1.515515e-06 3.942461e-03
576 1.138677e-05 8.496149e-03
577 1.581426e-07 2.679545e-03
578 2.630480e-06 3.699220e-03
579 4.393075e-05 1.171110e-02
580 2.180193e-06 5.828253e-03
581 4.618403e-04 5.497950e-02
582 6.614051e-06 1.448137e-02
583 2.537122e-03 3.178424e-01
584 4.817853e-04 4.065225e-02
585 1.769438e-04 3.689845e-02
586 3.189391e-04 3.502964e-02
587 4.149791e-05 9.608540e-03
588 8.698468e-05 5.272253e-02
589 5.659629e-05 1.295323e-02
590 2.035129e-05 1.171099e-02
591 2.479903e-05 2.505848e-02
592 1.232116e-03 3.011216e-01
593 8.197387e-06 8.738669e-03
594 1.589593e-04 7.276164e-02
595 1.036570e-05 5.225851e-03
596 2.054889e-07 1.353299e-03
597 1.580120e-06 2.129773e-03
598 7.521732e-05 3.481435e-02
599 7.740777e-06 1.542840e-02
600 6.669684e-06 4.065586e-03
601 5.440503e-06 4.031964e-03
602 8.419504e-05 1.865319e-02
603 8.839150e-05 2.187249e-02
604 2.991199e-07 2.031491e-03
605 1.251203e-03 5.395401e-02
606 8.246187e-05 1.565510e-02
607 4.634790e-06 5.037160e-03
608 3.386005e-05 9.641836e-03
609 3.370205e-05 1.235954e-02
610 6.926565e-05 1.205496e-02
611 7.873569e-07 2.451282e-03
612 7.424032e-05 3.315899e-02
613 1.540222e-06 5.290772e-03
614 1.778308e-06 5.216682e-03
615 2.316499e-07 5.931160e-03
616 1.479692e-04 1.230846e-02
617 1.496596e-05 1.316219e-02
618 1.032369e-06 8.333471e-03
619 7.187534e-06 6.005469e-03
620 3.457223e-07 3.783883e-03
621 1.984972e-06 3.278350e-03
622 4.323165e-04 8.774735e-02
623 4.389414e-05 1.390031e-02
624 3.577197e-06 4.156648e-03
625 1.394725e-05 1.136751e-02
626 3.008052e-06 6.049194e-03
627 9.701021e-07 3.528921e-03
628 1.507760e-04 2.135509e-02
629 3.006607e-06 1.890990e-03
630 5.746875e-05 9.725259e-03
631 2.115912e-05 9.923021e-03
632 8.580517e-08 1.243769e-03
633 4.103749e-04 2.339052e-01
634 2.756510e-05 1.926888e-02
635 3.641234e-06 8.425694e-03
636 7.985890e-06 2.048855e-02
637 3.752698e-06 1.136873e-02
638 1.724758e-06 2.127654e-03
639 4.839238e-07 1.554587e-03
640 6.877170e-07 2.394115e-03
641 4.614643e-07 1.508228e-03
642 2.566428e-06 5.147875e-03
643 1.552172e-04 7.135746e-02
644 8.106577e-04 5.005855e-02
645 6.882512e-05 3.352141e-02
646 2.121173e-06 1.395421e-02
647 1.011355e-05 4.965846e-03
648 3.771712e-05 2.769879e-02
649 2.828567e-03 2.380978e-01
650 5.879048e-06 4.215714e-03
651 1.092417e-06 8.315774e-03
652 8.842472e-05 3.400188e-02
653 6.330259e-07 4.737425e-03
654 3.761488e-06 4.508277e-03
655 1.279557e-05 8.514804e-03
656 7.873033e-07 2.741176e-03
657 2.268563e-05 1.397172e-02
658 1.860703e-04 2.178749e-02
659 8.385585e-05 1.352953e-02
660 4.291641e-04 7.287779e-02
661 1.505400e-06 5.417749e-03
662 6.610594e-04 3.263320e-02
663 1.809585e-03 3.686211e-01
664 2.346837e-04 3.302208e-02
665 2.755267e-06 8.644661e-03
666 3.931526e-05 9.975164e-03
667 1.963785e-05 4.868307e-03
668 1.087402e-03 6.821663e-02
669 7.492264e-04 4.958373e-02
670 2.594102e-06 9.272618e-03
671 9.960897e-06 1.816112e-02
672 2.328757e-05 2.356515e-02
673 1.503609e-05 9.308525e-03
674 1.532573e-06 1.974475e-03
675 1.691393e-04 1.178959e-01
676 8.498297e-06 5.210891e-03
677 1.204204e-08 1.338463e-03
678 6.433105e-06 4.975628e-03
679 4.184664e-04 8.438130e-02
680 6.597606e-05 2.009762e-02
681 3.507228e-04 3.877302e-02
682 4.937275e-05 7.432532e-03
683 2.654417e-05 2.861843e-02
684 2.577152e-05 1.601889e-02
685 1.033717e-07 2.160937e-03
686 4.102641e-05 1.728013e-02
687 7.410869e-04 3.232864e-01
688 4.263548e-05 2.088169e-02
689 2.924789e-06 9.879908e-03
690 6.741087e-07 1.989038e-03
691 5.156035e-04 4.262099e-02
692 1.797321e-06 2.794182e-03
693 4.373591e-05 1.796903e-02
694 2.101320e-04 4.770250e-02
695 1.230175e-03 1.469986e-01
696 3.059996e-03 4.145721e-01
697 8.241396e-06 7.273391e-03
698 1.392640e-04 1.140891e-01
699 1.488115e-07 1.521719e-03
700 1.062053e-04 3.847625e-02
701 4.582095e-05 1.431763e-02
702 8.095460e-08 1.225637e-03
703 6.894430e-07 3.974294e-03
704 1.047708e-08 1.311199e-03
705 4.479978e-04 3.437987e-02
706 1.336739e-06 1.668898e-03
707 1.927038e-04 3.116501e-02
708 6.027083e-08 4.994629e-03
709 7.185360e-08 2.937184e-03
710 1.168849e-05 5.990058e-03
711 6.802279e-08 1.200828e-03
712 4.298414e-06 4.445517e-03
713 3.855484e-06 6.299564e-03
714 1.220564e-07 2.445966e-03
715 9.438838e-05 1.079252e-02
716 1.165136e-04 1.076150e-02
717 7.227308e-06 5.135564e-03
718 1.267112e-08 2.641913e-03
719 1.176774e-03 2.294306e-01
720 6.486579e-09 1.188016e-03
721 1.240197e-05 2.566034e-03
722 4.614829e-08 2.731021e-03
723 1.103330e-05 1.581115e-02
724 2.688855e-06 3.263524e-03
725 1.680324e-07 1.458788e-03
726 1.513234e-04 2.117966e-02
727 4.954852e-07 4.351962e-03
728 3.640094e-05 6.768676e-03
729 1.568759e-06 7.248129e-03
730 2.259818e-06 2.631641e-03
731 2.654140e-04 6.086201e-02
732 2.073576e-08 1.363957e-03
733 6.350192e-10 9.157371e-04
734 1.131904e-06 2.875243e-03
735 7.715479e-07 3.345007e-03
736 1.343649e-04 9.565152e-03
737 2.756859e-08 1.361556e-03
738 4.187184e-04 6.919813e-02
739 1.533243e-06 3.443441e-03
740 6.425258e-05 1.484515e-02
741 6.176958e-06 8.068640e-03
742 6.345874e-05 1.344038e-02
743 1.827088e-03 3.017219e-01
744 2.560274e-07 2.633805e-03
745 5.699881e-07 2.486217e-03
746 3.157816e-05 1.123372e-02
747 5.509250e-05 9.673526e-03
748 7.546671e-05 3.661094e-02
749 3.136852e-04 1.560526e-01
750 1.022844e-05 6.336046e-03
751 1.740933e-05 1.079830e-02
752 3.106230e-07 1.933322e-03
753 7.199578e-07 2.961545e-03
754 1.780255e-04 7.475354e-02
755 1.052395e-04 1.600039e-02
756 1.588635e-04 1.630787e-02
757 1.621080e-07 1.512451e-03
758 1.101766e-04 1.212162e-02
759 1.447569e-04 1.418961e-02
760 9.074482e-07 2.203169e-03
761 5.479220e-05 1.195614e-02
762 1.372017e-05 1.182480e-02
763 1.059519e-07 1.958908e-03
764 4.531328e-06 9.626078e-03
765 3.592036e-08 1.043984e-02
766 1.220183e-06 5.343749e-03
767 9.068320e-06 5.478123e-03
768 9.656254e-05 1.110655e-02
769 2.235068e-06 6.901982e-03
770 1.900419e-04 3.189217e-02
771 1.362685e-06 3.332830e-03
772 2.969669e-08 1.549150e-03
773 5.768226e-06 1.592732e-02
774 8.919022e-07 1.926814e-03
775 1.581730e-04 6.918835e-02
776 3.205190e-04 3.864291e-02
777 1.554256e-04 1.720713e-02
778 1.078993e-05 2.086600e-02
779 3.749112e-04 4.416687e-02
780 2.501445e-05 9.961013e-03
781 4.576753e-05 2.768650e-02
782 2.098195e-05 3.441483e-03
783 1.476340e-05 7.385433e-03
784 1.967224e-06 5.926918e-03
785 1.643833e-04 1.175807e-02
786 7.521315e-05 1.836387e-02
787 6.837864e-05 1.262461e-02
788 6.432973e-05 1.610107e-02
789 1.896868e-07 1.344609e-03
790 8.538048e-04 6.887455e-02
791 3.210435e-05 6.855772e-03
792 6.078433e-06 4.533190e-03
793 1.909970e-05 7.612867e-03
794 9.757097e-06 4.529223e-03
795 2.103017e-03 4.025657e-01
796 1.423815e-07 3.117689e-03
797 8.082116e-04 1.397996e-01
798 1.331952e-03 2.058919e-01
799 1.173082e-05 3.681529e-03
800 4.323372e-04 1.547760e-02
801 1.520590e-06 4.026338e-03
802 8.158883e-05 3.290811e-02
803 7.682255e-04 5.806904e-02
804 7.073046e-05 1.350608e-02
805 1.105579e-06 3.955510e-03
806 5.976919e-04 7.144345e-02
807 1.304079e-04 4.721787e-02
808 3.214335e-06 3.365579e-03
809 4.858465e-04 1.989777e-01
810 1.287481e-05 6.682361e-03
811 5.072354e-05 2.525630e-02
812 2.425897e-06 6.742361e-03
813 1.327112e-06 5.552259e-03
814 1.871756e-05 7.968182e-03
815 6.226469e-05 2.210001e-02
816 6.913243e-04 6.958896e-02
817 2.726012e-03 2.553055e-01
818 3.486352e-06 3.427932e-03
819 2.181260e-04 8.448918e-02
820 2.070597e-04 2.720849e-02
821 4.630966e-05 2.414397e-02
822 1.529722e-07 3.546371e-03
823 2.705297e-06 9.166415e-03
824 2.269324e-04 2.250938e-02
825 9.109380e-05 2.287446e-02
826 1.348503e-05 6.323366e-03
827 1.981091e-05 3.828858e-03
828 8.406689e-05 2.684074e-02
829 9.666443e-05 1.114928e-02
830 9.850268e-04 8.728881e-02
831 9.146363e-06 6.664344e-03
832 3.178582e-05 6.207795e-03
833 1.116397e-05 2.070632e-02
834 4.552428e-05 1.999558e-02
835 2.314912e-07 2.236664e-03
836 2.959512e-08 1.024680e-03
837 6.054939e-06 1.429632e-02
838 6.051630e-06 3.175372e-03
839 1.439032e-05 1.403557e-02
840 7.195477e-05 3.338272e-02
841 1.239837e-04 2.052028e-02
842 8.058821e-04 2.411427e-01
843 7.914347e-05 1.925077e-02
844 5.157435e-05 3.412691e-02
845 1.754422e-05 3.173679e-02
846 6.565781e-05 9.271541e-03
847 1.133995e-04 8.412508e-03
848 2.337669e-04 6.299634e-02
849 5.115063e-06 5.529944e-03
850 2.462492e-03 4.110823e-01
851 6.664613e-05 8.923255e-03
852 6.751358e-04 1.413441e-01
853 5.072144e-04 8.264808e-02
854 1.340765e-04 6.352569e-02
855 2.032362e-04 1.065467e-01
856 1.183729e-04 2.615009e-02
857 1.778076e-03 1.552475e-01
858 1.493178e-05 1.925280e-02
859 1.596832e-07 3.847397e-03
860 4.701719e-05 3.459817e-02
861 1.083405e-07 1.635486e-03
862 2.673269e-05 1.627686e-02
863 3.653962e-04 2.549992e-02
864 1.314495e-05 6.958298e-03
865 3.698597e-04 4.467502e-02
866 4.612768e-04 9.266848e-02
867 3.470834e-03 2.772039e-01
868 4.249859e-06 6.099067e-03
869 5.942489e-06 3.195023e-02
870 4.853710e-05 3.821703e-02
871 3.646847e-05 2.475670e-02
872 4.469923e-04 1.508040e-01
873 8.104406e-05 6.618727e-02
874 2.997975e-04 8.336336e-02
875 1.033623e-05 5.069378e-03
876 5.115483e-09 1.062454e-03
877 2.250379e-06 9.299704e-03
878 8.267886e-04 1.584238e-01
879 2.558759e-04 5.383629e-02
880 1.010851e-05 9.693460e-03
881 9.555392e-08 2.285721e-03
882 1.977186e-04 4.885637e-02
883 2.085790e-03 2.598010e-01
884 1.784112e-04 5.287649e-02
885 7.162372e-05 5.021371e-02
886 4.448540e-07 7.814005e-03
887 1.801808e-05 1.290613e-02
888 7.557148e-06 1.194824e-02
889 1.015857e-05 2.257871e-02
890 8.840921e-06 2.274834e-02
891 1.053562e-03 1.574564e-01
892 3.122086e-07 2.840236e-03
893 7.575547e-05 3.285720e-02
894 4.901846e-06 5.911568e-03
895 2.290010e-04 4.957867e-02
896 1.727506e-05 5.405020e-02
897 8.896257e-05 4.390217e-02
898 1.163233e-05 7.614754e-03
899 3.894838e-06 1.370884e-02
900 3.250316e-05 1.503599e-02
901 6.424231e-04 5.891651e-02
902 6.215721e-07 2.036176e-03
903 9.358569e-05 2.906060e-02
904 2.917155e-06 2.095897e-02
905 1.428487e-06 6.634301e-03
906 4.676519e-06 8.072169e-03
907 8.319713e-07 2.040297e-03
908 6.606011e-07 8.949512e-03
909 1.121791e-04 2.187452e-02
910 2.100431e-04 2.278911e-02
911 7.017815e-06 2.105236e-02
912 1.178494e-05 9.920395e-03
913 1.324718e-06 3.358854e-03
914 6.910763e-07 7.464085e-03
915 2.791528e-04 3.513329e-02
916 1.024748e-07 2.823543e-03
917 1.439396e-07 2.384959e-03
918 2.986436e-07 2.625071e-03
919 3.462200e-04 1.478934e-01
920 4.494073e-07 6.472577e-03
921 6.326764e-06 3.382409e-03
922 5.086681e-06 1.586528e-02
923 1.100326e-07 5.129327e-03
924 9.934950e-04 1.230663e-01
925 1.007655e-04 4.136340e-02
926 3.905577e-05 3.252217e-02
927 4.274946e-04 9.450626e-02
928 9.083475e-05 4.120640e-02
929 1.228579e-03 9.359355e-02
930 3.073067e-05 3.348854e-02
931 9.974055e-06 1.150831e-02
932 2.051681e-04 3.450477e-02
933 1.058571e-07 2.966876e-03
934 2.079028e-05 6.985391e-03
935 7.585525e-07 3.511162e-03
936 1.022786e-04 2.218883e-02
937 2.302659e-07 5.810844e-03
938 3.179374e-07 2.369457e-03
939 8.844733e-06 9.507858e-03
940 1.273831e-04 8.747578e-02
941 1.926551e-06 3.274943e-03
942 3.337704e-04 1.095468e-01
943 1.721691e-05 1.861970e-02
944 7.394150e-09 1.972567e-03
945 1.225093e-04 1.825646e-02
946 2.146519e-07 2.214817e-03
947 5.355071e-05 1.717492e-02
948 2.150315e-07 1.506417e-03
949 3.786674e-05 1.599360e-02
950 2.512375e-04 6.521906e-02
951 2.596153e-06 3.007601e-02
952 8.071754e-05 3.566878e-02
953 1.272996e-08 2.417701e-03
954 4.215993e-05 3.336107e-02
955 8.368801e-06 3.951815e-03
956 2.280808e-05 1.430940e-02
957 6.519882e-05 2.225481e-02
958 8.315138e-05 1.693623e-02
959 2.646541e-05 1.901774e-02
960 2.862614e-07 2.428381e-03
961 1.225297e-06 9.483979e-03
962 2.188075e-06 1.069722e-02
963 1.050983e-06 3.470253e-03
964 6.217235e-07 1.845699e-03
965 2.592882e-04 2.174959e-02
966 1.707234e-05 6.232269e-03
967 2.205740e-06 7.696319e-03
968 5.994060e-05 2.489921e-02
969 1.893485e-04 5.947390e-02
970 4.885335e-05 1.536788e-02
971 6.116708e-06 6.913534e-03
972 3.763140e-05 3.086322e-02
973 1.422174e-05 7.194274e-03
974 1.005670e-05 4.979009e-03
975 1.494808e-04 7.602549e-02
976 7.150454e-04 2.244923e-01
977 3.691516e-05 9.526927e-03
978 2.219874e-05 2.178213e-02
979 1.277170e-06 2.859504e-03
980 2.548147e-05 1.961364e-02
981 8.814588e-05 1.353529e-02
982 9.635114e-07 1.353512e-03
983 1.043749e-06 3.756918e-03
984 1.892889e-05 1.872857e-02
985 1.363038e-04 5.427859e-02
986 1.057258e-03 2.172328e-01
987 2.428100e-06 6.111583e-03
988 4.625058e-07 2.029088e-03
989 8.403901e-05 1.896617e-02
990 1.803466e-06 2.185131e-03
991 3.589568e-03 2.903056e-01
992 1.090951e-05 6.234658e-03
993 3.109400e-06 8.826758e-03
994 5.431221e-09 1.343193e-03
995 3.297508e-06 1.467840e-02
996 2.015423e-03 2.958342e-01
997 5.331011e-06 7.387867e-03
998 4.909789e-06 3.455038e-03
999 4.355831e-05 1.616886e-02
1000 8.629205e-09 1.344289e-03
1001 3.518072e-06 8.731163e-03
1002 5.259690e-04 8.012526e-02
1003 1.051808e-04 1.384343e-02
1004 2.269603e-05 3.387168e-02
1005 1.269855e-06 1.944202e-03
1006 1.429931e-04 1.198109e-01
1007 9.044070e-07 2.976754e-03
1008 1.551995e-04 9.790529e-03
1009 9.841697e-07 1.952452e-03
1010 4.336090e-05 1.131019e-02
1011 6.368105e-07 1.723558e-02
1012 1.180259e-03 2.147698e-01
1013 1.837333e-05 1.105524e-02
1014 4.968251e-06 7.445406e-03
1015 6.146723e-05 2.880401e-02
1016 6.049941e-05 9.260330e-03
1017 3.617550e-03 1.334087e-01
1018 1.781581e-04 9.052830e-02
1019 1.086498e-07 1.925799e-03
1020 1.256468e-06 1.099878e-02
1021 4.903064e-06 1.318107e-02
1022 8.030730e-08 1.411402e-03
1023 2.087016e-05 1.683049e-02
1024 8.691184e-06 9.328685e-03
1025 8.751182e-08 1.524783e-03
1026 2.997222e-08 1.937130e-03
1027 2.514589e-05 8.445935e-03
1028 1.122475e-04 8.437766e-02
1029 1.760316e-05 5.260288e-03
1030 7.849826e-07 2.990531e-03
1031 4.419600e-06 9.288299e-03
1032 2.517225e-03 1.849767e-01
1033 1.570960e-07 1.545718e-03
1034 1.168107e-04 1.723613e-02
1035 2.700874e-05 1.217659e-02
1036 4.928160e-04 8.375328e-02
1037 9.703609e-08 3.015823e-03
1038 1.025357e-06 2.965838e-03
1039 3.579467e-05 7.861270e-03
1040 1.064329e-06 3.048827e-03
1041 1.354833e-03 1.293200e-01
1042 1.482950e-05 6.622970e-03
1043 4.752327e-08 1.235826e-03
1044 6.187265e-06 3.105164e-03
1045 4.921781e-07 2.376070e-03
1046 9.014350e-09 1.277208e-03
1047 9.122968e-08 1.275964e-03
1048 2.783036e-06 4.586979e-03
1049 1.123036e-07 1.155185e-03
1050 2.380206e-03 4.216267e-01
1051 2.913851e-05 3.593870e-02
1052 4.514943e-06 2.616962e-03
1053 2.976571e-05 6.941417e-03
1054 1.917081e-07 1.862226e-03
1055 7.850379e-08 1.154534e-03
1056 4.955942e-06 8.561521e-03
1057 4.513165e-05 1.117535e-02
1058 4.018367e-07 1.544945e-03
1059 1.322465e-04 3.008028e-02
1060 2.359335e-07 1.472569e-03
1061 5.397800e-06 2.707470e-03
1062 1.888050e-08 1.139394e-03
1063 1.804057e-05 2.405980e-02
1064 8.051792e-05 4.462082e-02
1065 4.942753e-08 1.806177e-03
1066 1.732658e-07 1.180831e-03
1067 1.931252e-05 1.245922e-02
1068 1.593447e-06 1.737054e-03
1069 4.541325e-06 2.685983e-03
1070 6.195149e-08 1.188703e-03
1071 2.180359e-06 1.696790e-03
1072 4.237394e-07 2.511390e-03
1073 2.532856e-07 1.330691e-03
1074 1.980686e-07 1.894110e-03
1075 9.667061e-07 3.678332e-03
1076 3.039513e-06 3.853357e-03
1077 3.507194e-06 5.066626e-03
1078 6.312228e-06 1.229649e-02
1079 2.494912e-06 4.404269e-03
1080 5.934747e-05 4.277563e-02
1081 1.927239e-04 4.382685e-02
1082 3.186766e-06 3.418034e-03
1083 7.794950e-06 4.196162e-03
1084 5.566527e-08 1.201753e-03
1085 1.196024e-06 1.744784e-03
1086 1.819800e-06 2.900587e-03
1087 3.137701e-07 1.363302e-03
1088 3.097691e-05 5.870037e-03
1089 6.957536e-07 1.303899e-03
1090 3.332341e-08 1.203165e-03
1091 8.625372e-07 1.631079e-03
1092 4.698472e-06 1.930989e-03
1093 9.424034e-05 2.181796e-02
1094 3.254104e-05 1.168448e-02
1095 2.442461e-06 2.821975e-03
1096 1.516560e-04 2.247275e-02
1097 6.603104e-05 4.763205e-02
1098 2.991422e-06 7.880592e-03
1099 6.737403e-08 3.594003e-03
1100 3.905706e-08 1.117719e-03
1101 1.242773e-05 2.375365e-02
1102 8.751301e-06 1.136484e-02
1103 2.112700e-06 3.796136e-03
1104 4.350269e-05 2.588290e-02
1105 9.153386e-08 2.104389e-03
1106 2.069750e-03 1.258095e-01
1107 3.534140e-07 2.578694e-03
1108 1.628412e-05 7.783204e-03
1109 3.969260e-08 1.816944e-03
1110 2.699980e-05 9.890518e-03
1111 6.519854e-07 2.161486e-03
1112 5.427066e-09 1.789978e-03
1113 1.255114e-05 1.387153e-02
1114 4.008307e-05 1.488065e-02
1115 5.004051e-04 1.298708e-01
1116 1.454317e-08 1.967794e-03
1117 1.117741e-03 1.560607e-01
1118 2.877811e-06 4.869737e-03
1119 4.664671e-05 2.759190e-02
1120 3.687183e-05 6.176343e-02
1121 1.672392e-05 5.965853e-03
1122 2.408833e-05 1.895972e-02
1123 1.325640e-06 3.534998e-03
1124 1.269561e-05 1.350714e-02
1125 6.066365e-06 3.891710e-03
1126 7.011267e-07 6.848282e-03
1127 5.108500e-07 4.327947e-03
1128 2.155079e-05 3.881565e-02
1129 4.257611e-05 6.484511e-03
1130 1.416949e-05 1.161677e-02
1131 1.061154e-04 6.551820e-02
1132 2.823993e-05 9.174856e-03
1133 1.275260e-06 2.130150e-03
1134 2.209583e-04 3.498968e-02
1135 1.298743e-04 1.045870e-02
1136 5.786468e-04 4.884738e-02
1137 7.473188e-06 2.184357e-02
1138 3.510327e-08 1.863145e-03
1139 5.671002e-06 5.784269e-03
1140 2.371135e-08 2.155271e-03
1141 8.856033e-06 5.013059e-03
1142 2.219613e-04 5.164971e-02
1143 8.380745e-05 7.658121e-02
1144 3.899286e-07 6.465637e-03
1145 1.823771e-05 2.336425e-02
1146 4.375644e-03 2.548766e-01
1147 1.840471e-04 4.806007e-02
1148 1.640528e-07 2.408741e-03
1149 8.201632e-04 8.665038e-02
1150 3.954116e-08 2.358515e-03
1151 6.459791e-04 6.852477e-02
1152 5.952903e-04 5.790905e-02
1153 5.259475e-06 5.443386e-03
1154 1.395207e-07 1.930504e-03
1155 2.916985e-03 1.510397e-01
1156 2.603177e-06 2.635017e-03
1157 2.294197e-04 2.342448e-02
1158 1.522652e-05 4.955382e-03
1159 3.136971e-08 1.510368e-03
1160 1.993913e-06 2.767949e-03
1161 1.536275e-05 1.907533e-02
1162 1.846179e-03 1.565193e-01
1163 5.230858e-05 8.508876e-03
1164 9.864545e-05 5.060715e-02
1165 3.749327e-03 3.377185e-01
1166 2.925422e-04 1.987529e-02
1167 1.376578e-04 1.063840e-01
1168 1.297740e-04 2.727200e-02
1169 1.740604e-06 7.943285e-03
1170 2.171441e-06 5.932671e-03
1171 4.990630e-06 9.755950e-03
1172 1.404418e-04 7.828543e-02
1173 7.808778e-09 1.100650e-03
1174 2.239119e-03 1.998965e-01
1175 9.608000e-05 2.145215e-02
1176 7.238108e-08 1.777044e-03
1177 1.029280e-03 7.386075e-02
1178 1.685555e-03 2.064396e-01
1179 8.036733e-05 1.634456e-02
1180 1.854315e-05 7.052030e-03
1181 3.078359e-06 1.827879e-03
1182 1.211417e-05 8.202498e-03
1183 9.102873e-04 8.542528e-02
1184 1.757950e-04 2.030065e-02
1185 4.935890e-06 1.062582e-02
1186 2.076691e-04 5.756963e-02
1187 6.676621e-04 3.026951e-02
1188 1.386184e-06 1.962591e-03
1189 3.020129e-07 2.547533e-03
1190 3.209608e-08 1.990543e-03
1191 6.645400e-06 2.599862e-03
1192 5.135496e-04 1.049570e-01
1193 3.645670e-07 3.216160e-03
1194 5.039792e-05 2.339398e-02
1195 2.608443e-03 1.223706e-01
1196 5.069151e-06 5.094934e-03
1197 2.765926e-06 3.421297e-03
1198 4.921153e-06 2.209622e-03
1199 1.064897e-03 9.532381e-02
1200 1.214433e-03 1.224791e-01
1201 5.449786e-09 1.124247e-03
1202 1.111390e-04 1.301911e-02
1203 4.309144e-05 3.391934e-02
1204 1.659933e-05 5.856318e-03
1205 1.188299e-08 1.940955e-03
1206 1.968645e-04 7.417945e-02
1207 1.074835e-05 4.555365e-03
1208 2.596827e-05 4.391584e-03
1209 2.042398e-04 5.222983e-02
1210 3.490504e-04 3.348217e-02
1211 8.980382e-05 2.290426e-02
1212 3.917172e-06 3.633474e-03
1213 8.882144e-07 4.951524e-03
1214 3.738655e-05 6.964963e-03
1215 9.377463e-07 2.581567e-03
1216 9.263190e-08 2.212831e-03
1217 1.488072e-05 2.709925e-02
1218 1.208207e-06 5.298852e-03
1219 8.616530e-06 1.191140e-02
1220 4.786625e-05 2.201376e-02
1221 7.683174e-05 1.971845e-02
1222 1.270631e-05 2.269303e-02
1223 7.337693e-05 3.031078e-02
1224 2.695697e-06 8.514775e-03
1225 1.431939e-05 2.631357e-03
1226 4.029937e-06 1.733027e-03
1227 2.167185e-05 5.110292e-03
1228 6.250319e-05 1.231696e-02
1229 1.370292e-04 2.452636e-02
1230 1.107521e-06 7.423358e-03
1231 7.026949e-05 3.553633e-02
1232 4.245720e-07 5.667331e-03
1233 3.040003e-05 2.033140e-02
1234 1.032629e-07 7.609478e-03
1235 4.094189e-05 5.008908e-02
1236 1.456832e-06 4.623587e-03
1237 3.083319e-04 1.272369e-01
1238 1.017496e-05 1.304642e-02
1239 7.949002e-06 6.519911e-03
1240 1.056602e-05 3.719484e-03
1241 4.306714e-05 5.422974e-03
1242 1.159635e-03 1.952641e-01
1243 2.549675e-04 4.198896e-02
1244 3.146217e-06 3.370319e-03
1245 9.054856e-06 6.200453e-03
1246 5.067984e-08 2.012157e-03
1247 4.456763e-05 4.470540e-03
1248 3.201246e-04 4.770970e-02
1249 3.246213e-07 9.752658e-03
1250 6.539514e-07 6.165567e-03
1251 5.709408e-06 1.400279e-02
1252 2.755688e-06 5.128222e-03
1253 1.139564e-03 2.047200e-01
1254 8.296569e-07 5.322480e-03
1255 2.627722e-05 2.058113e-02
1256 3.898745e-05 3.820279e-03
1257 3.286149e-04 7.527355e-02
1258 8.365626e-07 4.818196e-03
1259 2.241484e-04 4.728132e-02
1260 1.925663e-03 2.244838e-01
1261 9.170230e-06 4.801776e-03
1262 9.792116e-05 1.845513e-02
1263 1.123828e-04 4.546974e-02
1264 3.132147e-05 3.081368e-02
1265 1.670832e-05 9.044918e-03
1266 3.444653e-05 3.373690e-02
1267 6.822384e-06 1.730399e-02
1268 1.898955e-06 8.926093e-03
1269 6.691193e-05 1.139134e-02
1270 2.152457e-03 3.222535e-01
1271 2.946216e-03 1.033416e-01
1272 7.958425e-08 1.263993e-03
1273 1.586750e-04 3.093120e-02
1274 1.507713e-05 1.756918e-02
1275 8.031070e-05 3.873961e-02
1276 1.447191e-03 1.003790e-01
1277 8.989197e-04 1.009896e-01
1278 1.134070e-03 1.484703e-01
1279 2.911916e-06 2.245480e-03
1280 1.011136e-03 1.181300e-01
1281 3.302758e-05 5.738910e-03
1282 2.464238e-04 3.086672e-02
1283 9.174116e-06 1.992553e-02
1284 4.126556e-06 4.295942e-03
1285 7.338336e-04 6.318133e-02
1286 1.613073e-07 3.196687e-03
1287 4.331970e-04 2.167593e-02
1288 4.646388e-04 2.306826e-02
1289 3.793361e-05 1.173974e-02
1290 2.914279e-05 2.782734e-02
1291 1.239794e-04 9.647215e-03
1292 2.251061e-03 2.780764e-01
1293 2.545592e-07 3.301428e-03
1294 2.352275e-06 5.625757e-03
1295 1.643599e-06 3.212399e-03
1296 3.708836e-06 1.272953e-02
1297 7.459066e-05 5.041724e-02
1298 4.055735e-05 1.163290e-02
1299 2.391281e-05 5.051162e-03
1300 5.352178e-07 2.788263e-03
1301 1.172287e-06 3.052516e-03
1302 7.118537e-05 4.073891e-02
1303 2.271828e-05 7.377756e-03
1304 1.777737e-05 6.866218e-03
1305 2.031036e-04 2.992491e-02
1306 2.216582e-04 1.241859e-02
1307 1.244976e-05 4.994341e-03
1308 5.078025e-07 2.508369e-03
1309 1.293627e-04 3.823097e-02
1310 3.766103e-08 1.446852e-03
1311 2.675127e-03 3.050868e-01
1312 9.599525e-04 1.036963e-01
1313 7.214142e-07 1.707216e-03
1314 2.472248e-05 7.293687e-03
1315 4.268351e-06 2.933564e-03
1316 6.817907e-07 2.166974e-03
1317 3.847265e-08 1.374010e-03
1318 3.053504e-04 3.557619e-02
1319 1.559602e-03 1.621291e-01
1320 1.753012e-06 3.809561e-03
1321 6.939901e-06 1.282056e-02
1322 2.810032e-08 1.134668e-03
1323 2.854528e-06 2.137733e-03
1324 4.200858e-04 5.749027e-02
1325 5.462280e-06 9.539434e-03
1326 6.933047e-06 4.856154e-03
1327 5.669107e-05 2.220705e-02
1328 1.094923e-06 2.633238e-03
1329 1.395077e-04 1.701290e-02
1330 5.075722e-06 7.562010e-03
1331 7.116820e-07 2.097419e-03
1332 2.110818e-07 1.426795e-03
1333 7.803959e-05 1.333349e-02
1334 2.505249e-05 1.094142e-02
1335 1.393917e-06 1.162482e-02
1336 3.225777e-05 4.855627e-03
1337 3.744203e-04 2.275080e-02
1338 1.667657e-05 6.756618e-03
1339 2.610887e-03 5.984530e-02
1340 6.596069e-05 9.379462e-03
1341 2.901820e-03 2.409930e-01
1342 1.066104e-06 2.446792e-03
1343 1.634393e-06 2.115180e-03
1344 1.964969e-06 3.300917e-03
1345 6.709967e-06 1.323900e-02
1346 2.427835e-04 2.476502e-02
1347 2.178164e-07 1.345687e-03
1348 1.093045e-04 9.576467e-03
1349 3.661354e-04 1.038831e-01
1350 1.915861e-05 9.591799e-03
1351 1.236477e-04 1.219758e-02
1352 1.661250e-05 8.982894e-03
1353 8.440675e-06 1.000490e-02
1354 4.271984e-06 4.817964e-03
1355 2.970103e-05 8.718861e-03
1356 6.189578e-05 2.393786e-02
1357 1.568833e-06 5.986495e-03
1358 2.050428e-05 5.510432e-03
1359 4.260644e-07 2.037243e-03
1360 2.016384e-06 4.055728e-03
1361 2.039180e-05 9.417532e-03
1362 5.790595e-04 3.839414e-02
1363 6.270927e-06 5.780419e-03
1364 4.348387e-05 3.085468e-02
1365 5.751928e-06 4.353340e-03
1366 7.741723e-06 4.120005e-03
1367 3.840000e-07 1.725648e-03
1368 1.801985e-04 3.817212e-02
1369 1.415594e-08 2.456784e-03
1370 1.788031e-07 1.638863e-03
1371 1.805939e-04 2.633164e-02
1372 2.231414e-06 4.101719e-03
1373 1.840596e-05 4.837703e-03
1374 5.918660e-07 3.339266e-03
1375 1.315938e-05 7.522704e-03
1376 6.864102e-04 4.508521e-01
1377 3.058425e-05 8.850905e-03
1378 5.261518e-07 1.413798e-03
1379 1.443729e-05 3.860509e-03
1380 7.711888e-04 1.986748e-01
1381 2.127676e-06 3.146187e-03
1382 5.797274e-07 1.240616e-03
1383 6.530644e-05 1.898489e-02
1384 1.919955e-06 4.534206e-03
1385 1.250038e-06 4.406695e-03
1386 7.475799e-06 5.335685e-03
1387 1.011332e-04 7.476232e-03
1388 5.799168e-05 6.328404e-03
1389 3.332586e-06 3.130430e-03
1390 3.809857e-06 2.939200e-03
1391 2.593039e-05 8.393440e-03
1392 9.888863e-07 1.950762e-03
1393 1.554770e-06 7.626177e-03
1394 2.986115e-06 6.260605e-03
1395 2.565716e-05 3.699765e-02
1396 2.595774e-04 2.813413e-02
1397 7.207969e-06 2.994660e-03
1398 3.214077e-05 1.738853e-02
1399 6.538728e-05 2.017918e-02
1400 2.616136e-06 4.598442e-03
1401 1.219943e-04 6.586822e-02
1402 1.220708e-06 4.449499e-03
1403 8.581751e-06 4.737233e-03
1404 1.323948e-06 2.284262e-03
1405 2.713009e-06 3.859046e-03
1406 7.600808e-05 1.228269e-02
1407 8.337677e-07 2.717431e-03
1408 9.755829e-04 2.213738e-01
1409 4.231398e-05 4.835898e-02
1410 5.675424e-06 1.074775e-02
1411 2.458601e-05 1.067817e-02
1412 7.237883e-07 4.374044e-03
1413 4.725246e-09 1.143454e-03
1414 6.691709e-07 2.420918e-03
1415 7.309617e-06 5.715357e-03
1416 5.972179e-07 2.969691e-03
1417 1.848647e-05 3.362925e-03
1418 9.522963e-06 4.710989e-03
1419 3.320559e-06 4.403722e-03
1420 1.486436e-04 1.828459e-02
1421 2.178482e-05 1.157519e-02
1422 3.644975e-05 2.523269e-02
1423 5.847978e-07 3.804344e-03
1424 9.839911e-06 6.070257e-03
1425 1.476846e-05 6.151963e-03
1426 2.120985e-05 6.306006e-03
1427 1.274638e-05 4.623606e-03
1428 1.150493e-05 6.387037e-03
1429 1.018519e-04 1.173321e-02
1430 5.650359e-04 8.769924e-02
1431 1.996115e-05 3.006221e-02
1432 2.216601e-06 1.695754e-02
1433 9.320997e-06 7.298490e-03
1434 2.882403e-06 3.218852e-03
1435 2.735087e-06 3.126142e-03
1436 4.432134e-05 5.027575e-03
1437 1.695162e-06 2.283832e-03
1438 3.419635e-05 8.432093e-03
1439 2.866379e-03 1.590551e-01
1440 3.077543e-07 2.784593e-03
1441 2.507929e-07 1.735154e-03
1442 3.792357e-05 6.333660e-03
1443 6.423504e-06 4.520379e-03
1444 4.126308e-05 4.815698e-03
1445 2.576015e-05 8.115425e-03
1446 6.772299e-05 7.334389e-03
1447 6.248219e-03 4.023684e-01
1448 2.006914e-05 2.549451e-03
1449 1.673670e-06 2.991056e-03
1450 2.645833e-05 1.151684e-02
1451 1.687020e-04 2.824288e-02
1452 3.735289e-04 4.231605e-02
1453 1.545750e-07 2.954866e-03
1454 5.222805e-06 3.783972e-03
1455 3.375792e-05 6.936274e-03
1456 1.314178e-06 1.747134e-03
1457 5.492735e-06 2.182821e-03
1458 5.182312e-06 2.437146e-03
1459 1.256887e-05 5.300080e-03
1460 2.844461e-05 1.445693e-02
1461 3.674068e-06 1.987242e-03
1462 7.991634e-06 1.848672e-03
1463 5.116312e-07 1.474711e-03
1464 6.927797e-07 2.025841e-03
1465 2.027172e-07 1.398153e-03
1466 3.412470e-05 2.130957e-02
1467 6.449921e-04 2.072940e-02
1468 1.670887e-05 6.994415e-03
1469 8.884211e-05 1.292941e-02
1470 2.017776e-08 3.688533e-03
1471 2.340085e-05 9.123547e-03
1472 2.152334e-06 6.221208e-03
1473 5.478259e-06 3.752876e-03
1474 6.822189e-06 1.654949e-02
1475 2.870518e-08 1.746613e-03
1476 4.129127e-05 1.885715e-02
1477 1.497819e-08 1.745147e-03
1478 1.598080e-05 1.488879e-02
1479 9.483541e-06 1.022740e-02
1480 4.244171e-05 4.434917e-02
1481 2.451565e-05 2.760491e-02
1482 1.398058e-05 1.194855e-02
1483 3.924799e-05 5.597801e-03
1484 1.603610e-03 9.674937e-02
1485 1.278652e-04 2.829286e-02
1486 4.514248e-04 1.132919e-01
1487 6.432948e-07 1.992582e-03
1488 6.224945e-05 2.446021e-02
1489 3.236786e-06 1.524052e-03
1490 1.196060e-06 3.218519e-03
1491 1.255277e-04 4.432303e-02
1492 1.436104e-06 6.684828e-03
1493 3.707997e-06 1.157527e-02
1494 3.597186e-07 2.897082e-03
1495 1.099621e-04 1.045617e-02
1496 5.724763e-06 4.186890e-03
1497 2.634730e-03 1.212815e-01
1498 3.208997e-06 5.095645e-03
1499 4.441536e-08 2.923221e-03
1500 5.903720e-06 4.862989e-03
1501 4.474032e-06 4.993086e-03
1502 5.286217e-04 6.998663e-02
1503 5.626293e-04 1.043441e-01
1504 5.508502e-05 1.315808e-02
1505 9.980456e-07 5.586146e-03
1506 1.487022e-05 5.992762e-03
1507 3.144200e-04 1.803187e-02
1508 1.349617e-03 1.136524e-01
1509 2.246028e-06 4.407282e-03
1510 9.817734e-06 7.971307e-03
1511 6.409216e-05 7.397499e-03
1512 3.163461e-06 7.145202e-03
1513 5.835722e-05 8.067235e-03
1514 2.652416e-06 6.290076e-03
1515 1.284119e-03 2.612682e-01
1516 7.516711e-06 1.136168e-02
1517 9.184201e-04 1.320726e-01
1518 5.637612e-05 6.057025e-03
1519 3.063808e-05 1.000616e-02
1520 2.585764e-07 1.749114e-03
1521 2.103524e-06 7.143974e-03
1522 2.378073e-04 3.145892e-02
1523 1.176181e-05 9.068332e-03
1524 1.608726e-05 1.698784e-02
1525 9.658560e-05 2.858200e-02
1526 3.076718e-06 1.193163e-02
1527 1.986397e-04 1.669404e-02
1528 1.277090e-05 1.047281e-02
1529 2.467373e-05 6.458498e-03
1530 3.571622e-06 1.466806e-02
1531 1.328261e-04 1.414427e-02
1532 3.094606e-06 4.891738e-03
1533 3.862874e-06 6.525261e-03
1534 2.055105e-05 8.076467e-03
1535 5.585752e-07 1.576533e-03
1536 2.705225e-06 2.646750e-03
1537 8.065341e-06 3.770802e-03
1538 2.651417e-06 3.981029e-03
1539 8.004774e-06 2.275464e-03
1540 1.773860e-04 2.339355e-02
1541 5.603612e-04 1.876163e-01
1542 1.287253e-04 7.468082e-02
1543 4.208820e-04 1.398839e-01
1544 1.461730e-05 8.969923e-03
1545 1.616069e-04 4.903711e-02
1546 6.021469e-06 7.249266e-03
1547 9.443567e-04 1.622487e-01
1548 3.628663e-05 1.704536e-02
1549 8.340261e-06 4.256591e-03
1550 6.503545e-08 4.401021e-03
1551 8.361793e-06 5.357064e-03
1552 1.815639e-03 1.202202e-01
1553 2.145919e-03 3.315474e-01
1554 1.802543e-05 9.373968e-03
1555 1.906071e-03 1.493467e-01
1556 4.297073e-05 1.284957e-02
1557 8.600201e-04 9.418901e-02
1558 1.727101e-04 4.722352e-02
1559 3.747636e-06 1.045346e-02
1560 3.308419e-04 4.584244e-02
1561 2.974079e-03 1.486048e-01
1562 1.125445e-06 6.889245e-03
1563 6.578551e-05 1.093008e-02
1564 2.222375e-03 1.036068e-01
1565 2.835943e-05 1.447818e-02
1566 1.077097e-06 5.298757e-03
1567 6.708863e-03 7.845559e-01
1568 5.057008e-06 1.427104e-02
1569 5.834891e-05 8.582386e-03
1570 3.675340e-03 3.133040e-01
1571 4.695584e-06 2.320398e-03
1572 1.248821e-04 1.240703e-02
1573 1.984993e-03 1.861715e-01
1574 2.975353e-05 1.126580e-02
1575 2.346796e-06 1.789514e-02
1576 4.878905e-04 6.284783e-02
1577 2.881654e-04 1.831588e-01
1578 8.548472e-05 3.545915e-02
1579 4.228114e-06 4.792814e-03
1580 6.287401e-04 3.185414e-01
1581 3.556639e-05 1.553471e-02
1582 1.112424e-05 3.319750e-03
1583 4.305364e-04 4.832788e-02
1584 1.557645e-05 1.408548e-02
1585 1.017599e-03 1.659708e-01
1586 3.587389e-05 1.086994e-02
1587 3.265261e-05 3.753422e-03
1588 7.920415e-05 1.737701e-02
1589 7.733923e-08 2.910238e-03
1590 2.332332e-06 3.772789e-03
1591 5.158165e-07 4.367954e-03
1592 1.261409e-05 4.670231e-03
1593 9.419895e-06 3.204871e-03
1594 3.422933e-05 1.053864e-02
1595 3.533344e-07 4.128486e-03
1596 5.989329e-05 2.965476e-02
1597 6.579752e-06 7.883712e-03
1598 4.356331e-05 6.675045e-03
1599 1.306247e-04 1.162344e-01
1600 6.497677e-06 9.711012e-03
1601 2.196958e-08 3.281628e-03
1602 1.277265e-03 3.973232e-01
1603 5.978770e-06 7.746151e-03
1604 4.156725e-05 7.803254e-03
1605 4.734123e-05 8.694772e-03
1606 3.595333e-04 1.706612e-01
1607 2.972004e-04 9.149008e-02
1608 2.820423e-06 4.699044e-03
1609 8.818512e-04 6.286081e-02
1610 6.550903e-04 3.283684e-01
1611 2.375797e-05 1.271846e-02
1612 3.255859e-06 3.666869e-03
1613 1.776612e-08 1.207120e-03
1614 6.451220e-05 2.227119e-02
1615 1.047934e-04 1.280253e-01
1616 1.622345e-07 2.593439e-03
1617 1.085504e-07 3.397029e-03
1618 9.032425e-06 2.432907e-03
1619 1.214255e-04 7.440851e-02
1620 2.931418e-05 5.272336e-02
1621 9.501603e-06 9.919456e-02
1622 2.497990e-05 1.698384e-02
1623 9.336604e-05 5.046362e-02
1624 1.669774e-03 1.847771e-01
1625 1.114548e-06 4.380305e-03
1626 1.969758e-04 4.759747e-02
1627 1.622865e-05 1.618024e-02
1628 6.587979e-04 5.074917e-02
1629 3.101205e-04 1.342599e-01
1630 3.171925e-03 2.393418e-01
1631 1.811496e-04 7.530856e-02
1632 3.728820e-04 5.899482e-02
1633 3.404958e-07 3.088707e-03
1634 3.287645e-06 6.510366e-03
1635 1.874211e-07 1.152807e-03
1636 4.594377e-07 2.925444e-03
1637 7.466979e-07 1.687211e-03
1638 4.316956e-07 3.070488e-03
1639 1.049537e-07 1.849760e-03
1640 6.065812e-05 3.866530e-02
1641 3.418526e-04 4.914336e-02
1642 1.132466e-03 2.472204e-01
1643 2.423314e-06 2.311855e-02
1644 2.158801e-05 8.450740e-03
1645 5.664397e-05 6.084039e-03
1646 1.596733e-03 6.139119e-01
1647 3.923031e-05 1.327509e-02
1648 2.593974e-06 3.563931e-03
1649 2.403050e-03 2.332557e-01
1650 1.671282e-04 4.479402e-02
1651 3.761133e-06 4.161755e-03
1652 6.602391e-04 6.049188e-02
1653 2.201420e-03 1.694020e-01
1654 1.087554e-05 2.230994e-02
1655 3.268688e-04 1.057779e-01
1656 2.108022e-05 1.686459e-02
1657 1.088424e-05 1.081412e-02
1658 3.569994e-06 4.808457e-03
1659 3.990148e-05 1.472357e-02
1660 2.307329e-04 1.770350e-02
1661 1.249514e-04 2.492923e-02
1662 2.650386e-05 7.085451e-03
1663 4.079330e-04 7.942909e-02
1664 4.232944e-05 1.004605e-02
1665 3.074112e-05 8.997936e-03
1666 3.027330e-04 4.926521e-02
1667 4.992070e-05 3.118347e-02
1668 1.757951e-08 8.867293e-04
1669 6.516779e-06 1.138923e-02
1670 6.144194e-06 3.011379e-03
1671 3.638497e-05 2.073687e-02
1672 3.741764e-04 1.451621e-01
1673 6.432657e-05 1.704434e-02
1674 3.925805e-06 9.257802e-03
1675 5.223474e-05 1.207104e-02
1676 2.074622e-06 2.722478e-03
1677 8.856244e-07 7.033083e-03
1678 1.313252e-06 3.566821e-03
1679 9.967398e-09 1.409182e-03
1680 4.015501e-04 2.941585e-02
1681 3.699468e-05 2.179952e-02
1682 4.900955e-05 1.485736e-02
1683 7.367343e-07 1.735819e-03
1684 3.705187e-06 3.579324e-03
1685 3.756579e-05 1.407655e-02
1686 5.594199e-04 4.592713e-02
1687 4.429576e-05 2.962852e-02
1688 6.520296e-04 2.851144e-02
1689 4.549896e-04 5.740455e-02
1690 1.601310e-06 1.698135e-03
1691 7.025454e-07 1.733812e-03
1692 2.675392e-06 5.377677e-03
1693 5.836295e-04 3.225182e-02
1694 4.241743e-05 3.982151e-02
1695 6.130838e-06 2.581249e-03
1696 7.564279e-04 1.460648e-01
1697 6.837198e-06 8.267242e-03
1698 6.036378e-04 8.698296e-02
1699 2.584307e-03 3.166331e-01
1700 2.292094e-06 4.110959e-03
1701 1.412543e-04 4.171008e-02
1702 8.552700e-05 8.236240e-02
1703 3.376014e-05 5.563488e-02
1704 2.560449e-06 1.536910e-03
1705 9.971237e-07 1.954308e-03
1706 3.064200e-06 2.404905e-03
1707 6.911739e-05 4.033107e-02
1708 1.204106e-06 8.040199e-03
1709 5.133155e-05 1.441832e-02
1710 8.126560e-06 1.130359e-02
1711 7.476872e-04 7.993489e-02
1712 9.182198e-05 4.269117e-02
1713 6.362393e-05 8.828145e-03
1714 1.525676e-04 3.366546e-02
1715 1.060347e-05 5.998785e-03
1716 3.675804e-07 4.395066e-03
1717 6.355160e-05 2.448531e-02
1718 1.249707e-05 1.163849e-02
1719 1.896759e-06 7.562590e-03
1720 7.360767e-06 9.066725e-03
1721 1.286412e-05 3.105660e-02
1722 3.134096e-06 8.291046e-03
1723 2.983906e-03 2.433598e-01
1724 6.129400e-06 2.949323e-03
1725 4.074488e-05 1.435969e-02
1726 2.682353e-04 7.012400e-02
1727 5.719541e-05 2.538505e-02
1728 8.925816e-04 4.347695e-02
1729 6.242025e-06 3.958652e-03
1730 4.141550e-04 7.703472e-02
1731 1.026077e-05 6.401261e-03
1732 4.289877e-07 1.884360e-03
1733 8.369186e-10 1.011483e-03
1734 1.044523e-04 2.650056e-02
1735 7.199747e-05 2.370074e-02
1736 1.210958e-08 1.148278e-03
1737 2.344566e-05 1.371154e-02
1738 6.075801e-06 3.036752e-03
1739 2.754711e-05 1.215160e-02
1740 2.264542e-04 6.216671e-02
1741 1.039416e-07 4.424156e-03
1742 1.233143e-03 8.967297e-02
1743 3.305268e-04 4.202866e-02
1744 2.205656e-04 2.886849e-02
1745 4.671660e-05 9.948270e-03
1746 1.480784e-06 2.616916e-03
1747 1.421915e-06 6.567919e-03
1748 2.615959e-03 3.556284e-01
1749 1.382658e-05 8.705359e-03
1750 4.290199e-06 8.443183e-03
1751 1.472217e-06 6.266199e-03
1752 2.567201e-06 2.092146e-03
1753 1.576577e-04 4.076651e-02
1754 2.053613e-06 5.218809e-03
1755 2.375314e-06 5.989475e-03
1756 1.000915e-05 1.883549e-02
1757 8.875179e-06 1.428546e-02
1758 9.763784e-04 4.878292e-02
1759 5.700908e-06 4.829299e-03
1760 2.193495e-03 2.316509e-01
1761 7.863197e-07 7.029716e-03
1762 3.627094e-06 3.847560e-03
1763 3.890449e-06 1.125397e-02
1764 1.494280e-06 6.640482e-03
1765 1.233997e-05 1.741019e-02
1766 5.181872e-06 4.142310e-03
1767 1.264526e-05 6.070334e-03
1768 1.078067e-04 2.706172e-02
1769 8.199699e-06 1.605199e-02
1770 3.576845e-06 8.286005e-03
1771 1.491613e-05 9.424550e-03
1772 1.698142e-03 2.126597e-01
1773 7.327380e-04 1.506752e-01
1774 9.250234e-07 2.917944e-03
1775 9.691748e-07 2.799754e-03
1776 2.617332e-06 1.924133e-02
1777 3.197217e-05 1.139512e-02
1778 5.229836e-06 6.953404e-03
1779 7.004072e-06 1.666964e-02
1780 9.049185e-07 2.795434e-03
1781 1.593296e-08 1.303614e-03
1782 2.185055e-07 3.163085e-03
1783 4.349233e-06 6.714743e-03
1784 7.330677e-05 2.218715e-02
1785 1.096874e-05 3.917255e-03
1786 2.995046e-05 3.057614e-02
1787 1.737152e-03 1.375627e-01
1788 2.693319e-07 4.427973e-03
1789 2.249345e-05 3.103249e-02
1790 1.138825e-06 2.131412e-03
1791 1.812508e-05 5.096716e-03
1792 4.900944e-06 5.416470e-03
1793 1.561374e-06 9.440491e-03
1794 2.257667e-04 2.270394e-02
1795 1.088509e-05 3.379501e-03
1796 1.653122e-03 1.654320e-01
1797 3.342467e-06 1.729354e-02
1798 6.206931e-07 6.386735e-03
1799 5.441955e-06 2.774218e-03
1800 1.233012e-04 4.717123e-02
1801 7.241624e-06 3.658962e-03
1802 3.198727e-04 2.454005e-02
1803 5.264295e-07 2.002174e-03
1804 3.940499e-06 2.210785e-03
1805 1.171430e-07 1.101191e-02
1806 4.160410e-06 5.136270e-03
1807 8.240692e-07 1.518965e-03
1808 2.884810e-03 4.548029e-01
1809 2.296944e-05 9.420818e-03
1810 6.256863e-04 6.368040e-02
1811 9.343559e-06 7.644865e-03
1812 9.844213e-07 5.886195e-03
1813 4.922970e-05 1.243829e-02
1814 5.904091e-07 2.780324e-03
1815 2.573424e-05 2.214476e-02
1816 1.004909e-05 2.049541e-02
1817 8.966760e-06 4.264590e-03
1818 3.469445e-06 4.668597e-03
1819 4.985124e-09 2.082254e-03
1820 1.013955e-07 1.583040e-03
1821 3.846017e-07 3.391179e-03
1822 1.064450e-03 6.269930e-02
1823 7.488474e-06 3.773812e-02
1824 5.253118e-05 4.461460e-02
1825 3.027849e-03 1.518946e-01
1826 9.070501e-04 1.086295e-01
1827 1.363322e-04 2.680541e-02
1828 2.883426e-05 1.294167e-02
1829 3.431604e-05 8.747723e-03
1830 1.166821e-06 2.901479e-03
1831 1.917715e-07 1.687702e-03
1832 3.923485e-06 1.414509e-02
1833 7.955327e-06 6.043267e-03
1834 7.655483e-07 3.457516e-03
1835 4.876857e-07 3.513118e-03
1836 1.409659e-03 9.267671e-02
1837 9.211160e-04 1.544478e-01
1838 2.742502e-05 5.687623e-03
1839 8.359813e-05 3.341564e-02
1840 1.012796e-04 2.936619e-02
1841 2.202344e-04 4.141391e-02
1842 1.764072e-06 6.686467e-03
1843 4.675485e-06 8.075292e-03
1844 5.340163e-07 2.722691e-03
1845 2.551598e-05 1.712043e-02
1846 8.287171e-08 3.503032e-03
1847 1.448599e-04 5.403142e-02
1848 9.817419e-08 2.201562e-03
1849 1.284998e-06 1.359844e-02
1850 2.900935e-06 1.467521e-02
1851 5.587962e-06 3.517239e-02
1852 8.841289e-06 1.509963e-02
1853 1.961078e-04 3.250258e-02
1854 4.687928e-04 1.023664e-01
1855 4.919811e-05 2.911163e-02
1856 1.740936e-07 2.262818e-03
1857 1.028988e-06 4.575660e-03
1858 2.831109e-06 3.384052e-03
1859 8.651145e-07 3.162310e-03
1860 7.022801e-05 2.064276e-02
1861 1.033180e-06 7.312837e-03
1862 1.789043e-03 2.064928e-01
1863 1.104868e-06 2.979075e-03
1864 3.209429e-06 2.555973e-03
1865 2.926013e-06 1.129013e-02
1866 3.704010e-04 3.557393e-02
1867 6.195291e-08 2.607308e-03
1868 4.368405e-05 4.476903e-03
1869 1.566160e-03 1.585505e-01
1870 5.588914e-06 5.451971e-03
1871 5.906564e-06 1.077910e-02
1872 1.694623e-07 7.156699e-03
1873 2.749309e-07 1.825531e-03
1874 1.296619e-06 2.045737e-03
1875 2.352515e-03 1.393982e-01
1876 5.004623e-07 2.394702e-03
1877 1.209742e-06 2.789712e-03
1878 5.318856e-07 6.482232e-03
1879 6.189241e-06 1.139202e-02
1880 1.252446e-04 1.813904e-02
1881 1.006625e-05 4.420038e-02
1882 4.954032e-06 3.825651e-03
1883 3.927091e-05 1.216332e-02
1884 1.727687e-03 5.012278e-02
1885 2.535321e-06 5.775078e-03
1886 3.249326e-05 7.156534e-03
1887 4.823748e-05 1.786999e-02
1888 1.756525e-06 2.812377e-03
1889 4.447995e-07 1.287463e-03
1890 9.385630e-06 1.086876e-02
1891 3.888570e-04 9.807747e-02
1892 4.925940e-05 1.280478e-02
1893 1.294370e-04 2.981182e-02
1894 3.411977e-03 3.707332e-01
1895 7.971767e-05 4.022831e-02
1896 3.196044e-04 6.273503e-02
1897 8.176442e-07 3.905042e-03
1898 5.234650e-05 4.432333e-02
1899 1.551176e-05 8.113704e-03
1900 1.574401e-04 3.352850e-02
1901 1.001644e-05 3.701301e-03
1902 2.713538e-07 1.827713e-03
1903 2.986083e-05 9.967908e-03
1904 5.720331e-06 7.526140e-03
1905 4.937902e-06 4.793286e-03
1906 5.918269e-06 5.027181e-03
1907 1.784766e-07 3.753368e-03
1908 6.269333e-07 1.638298e-03
1909 3.297017e-05 5.243102e-03
1910 2.956777e-04 4.305440e-02
1911 2.528672e-04 2.228528e-02
1912 4.847967e-04 4.537809e-02
1913 4.430434e-04 5.060679e-02
1914 1.103136e-05 4.325296e-03
1915 5.555101e-07 7.880312e-03
1916 4.086102e-03 4.295584e-01
1917 3.954919e-04 2.128591e-01
1918 2.879588e-05 2.782294e-02
1919 5.994541e-05 1.198170e-02
1920 1.421993e-04 9.858172e-03
1921 2.082001e-07 1.357282e-03
1922 4.544160e-06 3.598840e-03
1923 5.424247e-06 2.272285e-03
1924 6.908935e-07 2.250429e-03
1925 1.704378e-06 2.015432e-03
1926 2.928636e-04 6.730939e-02
1927 1.428379e-05 1.094502e-02
1928 3.459732e-07 1.757292e-03
1929 3.668977e-05 7.880706e-03
1930 2.664564e-05 1.638595e-02
1931 5.303028e-05 1.393421e-02
1932 6.458490e-05 3.276008e-02
1933 2.906371e-05 1.413505e-02
1934 7.767415e-05 5.645814e-02
1935 9.046540e-06 1.318389e-02
1936 9.102181e-06 1.183017e-02
1937 1.041378e-05 4.531069e-03
1938 3.004311e-07 2.002693e-03
1939 8.415004e-04 1.672661e-01
1940 2.489038e-05 2.213390e-02
1941 3.021146e-05 1.349720e-02
1942 3.354075e-04 6.051164e-02
1943 6.828142e-05 3.091288e-02
1944 8.530008e-04 8.250306e-02
1945 2.736750e-04 2.208151e-02
1946 1.476628e-05 4.702076e-03
1947 6.804457e-06 2.933592e-03
1948 1.627680e-07 1.703147e-03
1949 4.070534e-05 8.125128e-02
1950 6.315845e-05 1.571077e-02
1951 2.019163e-05 3.766141e-02
1952 3.741883e-06 6.448913e-03
1953 1.111395e-04 2.201850e-02
1954 3.658151e-04 5.946232e-02
1955 1.745843e-05 7.747014e-03
1956 2.706377e-04 2.861660e-02
1957 1.369228e-05 7.201917e-03
1958 3.719495e-05 1.521143e-02
1959 1.488830e-05 2.533991e-02
1960 2.050581e-04 2.210833e-02
1961 6.649469e-04 6.348217e-02
1962 2.437522e-04 2.811494e-02
1963 1.949881e-04 4.638509e-02
1964 2.213409e-06 3.716361e-03
1965 1.407700e-05 1.399020e-02
1966 1.622385e-06 6.517456e-03
1967 3.223261e-05 5.013159e-02
1968 3.295520e-07 2.093113e-03
1969 1.867197e-04 3.167793e-02
1970 3.436419e-04 4.281319e-02
1971 1.050355e-03 1.663163e-01
1972 4.226526e-05 5.157357e-03
1973 6.926153e-04 9.548041e-02
1974 4.818506e-07 4.197723e-03
1975 1.540412e-03 9.942385e-02
1976 2.079572e-04 5.061704e-02
1977 1.089801e-05 5.644119e-03
1978 1.049867e-06 4.007538e-03
1979 5.786827e-05 3.529144e-02
1980 1.806435e-05 3.773081e-03
1981 1.566368e-04 4.026296e-02
1982 2.620380e-06 2.681417e-03
1983 4.357769e-07 2.062938e-03
1984 3.268727e-05 2.605446e-02
1985 4.303258e-05 9.380166e-03
1986 2.014211e-05 4.464317e-03
1987 3.476331e-06 3.462662e-02
1988 1.113223e-03 9.461150e-02
1989 3.821411e-07 1.376337e-03
1990 1.447455e-05 3.563415e-03
1991 2.118870e-05 6.223885e-03
1992 8.813405e-04 1.140940e-01
1993 8.385688e-08 1.176194e-03
1994 1.331661e-07 1.243227e-03
1995 1.862726e-04 4.181744e-02
1996 1.688182e-05 4.346076e-03
1997 2.342145e-06 1.947531e-03
1998 5.665625e-05 6.036612e-03
1999 5.848865e-04 2.385671e-02
2000 7.227834e-07 2.457763e-03
2001 1.644358e-06 2.929525e-03
