1 3.365893e-03 1.183885e+00
2 1.854001e-07 2.052503e-02
3 2.420770e-06 3.410540e-03
4 1.761070e-08 1.867405e-03
5 2.751361e-08 2.634078e-03
6 1.038903e-03 6.249886e-01
7 3.099780e-06 1.429292e-02
8 2.955000e-08 4.269009e-02
9 1.979055e-11 2.383826e-03
10 6.464532e-05 1.028292e-01
11 4.119792e-09 5.169696e-03
12 3.721615e-11 1.231084e-03
13 5.127403e-06 2.347205e-01
14 2.157507e-09 7.641333e-03
15 4.573368e-09 3.082739e-03
16 1.627571e-05 3.076038e-02
17 2.404976e-09 1.937507e-03
18 4.064713e-04 4.316890e-01
19 9.612247e-07 8.410471e-03
20 4.901208e-12 1.022715e-03
21 4.155354e-03 1.375774e+00
22 7.956621e-07 5.875927e-03
23 7.782943e-05 4.494143e-02
24 1.367398e-03 5.734620e-01
25 1.988485e-04 3.145887e-01
26 4.799703e-07 4.773960e-03
27 3.608416e-06 2.569737e-02
28 1.297322e-08 3.638097e-03
29 2.172936e-03 1.039922e+00
30 2.735137e-03 9.088351e-01
31 5.205771e-04 3.369704e-01
32 2.484866e-04 5.258074e-02
33 1.774886e-08 1.233408e-03
34 1.445760e-09 1.156898e-03
35 1.544600e-08 3.143706e-03
36 8.377063e-04 6.812483e-01
37 1.138736e-05 1.182355e-01
38 1.104120e-07 8.887512e-03
39 3.856521e-10 1.949651e-03
40 5.284541e-08 3.582472e-03
41 4.844902e-05 2.565199e-02
42 1.863180e-09 5.033671e-03
43 5.688451e-04 4.429998e-01
44 8.713874e-05 9.501856e-02
45 1.846885e-05 1.566692e-01
46 6.370745e-06 1.282723e-02
47 2.611251e-04 2.904870e-01
48 3.749110e-05 1.268591e-01
49 1.035926e-06 1.088983e-02
50 3.073224e-03 1.145474e+00
51 4.144205e-06 1.205960e-02
52 1.867830e-06 2.464085e-02
53 3.260537e-05 1.357028e-02
54 1.277098e-08 9.966012e-03
55 2.082466e-07 5.166960e-03
56 2.779815e-05 1.050001e-02
57 1.188193e-08 1.460294e-02
58 1.134077e-04 2.681547e-01
59 4.129430e-04 1.262564e-01
60 8.117829e-12 1.410655e-03
61 9.344813e-04 1.364163e+00
62 1.110653e-05 3.576958e-02
63 6.216444e-09 1.924001e-03
64 9.726794e-10 4.167771e-03
65 5.637563e-05 5.103633e-02
66 2.900237e-08 4.634001e-03
67 4.967855e-09 7.372273e-03
68 1.172698e-06 8.661582e-03
69 2.783087e-08 1.438960e-03
70 3.249243e-10 1.343192e-03
71 9.930330e-04 4.136145e-01
72 9.746441e-06 2.056295e-02
73 4.715996e-08 4.153478e-03
74 9.637545e-05 2.114684e-01
75 3.090667e-05 1.287567e-02
76 3.638762e-07 2.894735e-03
77 4.407157e-06 4.012963e-02
78 7.162893e-04 5.778215e-01
79 1.672056e-03 3.790661e-01
80 5.412826e-07 2.907338e-03
81 2.067166e-08 1.644108e-03
82 4.937225e-05 9.801378e-03
83 6.069283e-05 3.557420e-02
84 1.670530e-08 1.878619e-03
85 1.368854e-03 2.146894e-01
86 2.338547e-06 7.767003e-03
87 1.399954e-09 2.829500e-03
88 4.070896e-08 1.710297e-03
89 1.591635e-06 2.312467e-02
90 4.215343e-04 2.967666e-01
91 5.098903e-04 4.600767e-01
92 5.367382e-03 1.490985e+00
93 1.537601e-06 1.457837e-02
94 2.137406e-07 4.190547e-03
95 1.755071e-03 1.182651e+00
96 2.629649e-04 4.346803e-02
97 1.887199e-09 3.515208e-02
98 1.565202e-07 3.502591e-03
99 4.350095e-04 4.303071e-02
100 4.284500e-03 2.146727e+00
101 7.664961e-07 5.185602e-03
102 7.572716e-08 1.510736e-02
103 3.387626e-04 4.838862e-01
104 8.991475e-07 4.389441e-02
105 6.015354e-06 6.863526e-02
106 4.319910e-09 8.996892e-03
107 1.042010e-08 2.882430e-03
108 3.219022e-07 1.932883e-02
109 4.139533e-08 5.146316e-03
110 1.224182e-07 1.187785e-02
111 5.974527e-04 8.464805e-01
112 9.560649e-05 1.265659e-01
113 1.482811e-03 1.062552e+00
114 1.683469e-03 6.505184e-01
115 6.023583e-05 2.015340e-01
116 2.573973e-04 4.184192e-01
117 1.935001e-03 3.830710e-01
118 1.670945e-03 9.404106e-01
119 1.128822e-11 4.547741e-03
120 1.600047e-11 3.640480e-03
121 3.238391e-08 1.150435e-02
122 8.387657e-09 1.886814e-03
123 4.059477e-07 6.068573e-03
124 2.762481e-06 1.411172e-02
125 3.791894e-11 3.999723e-03
126 4.190082e-08 6.172838e-03
127 4.257863e-09 9.668809e-03
128 1.360362e-07 7.913885e-03
129 2.733212e-09 4.474393e-03
130 2.906538e-09 3.978691e-03
131 2.896466e-09 5.911283e-03
132 5.438996e-09 4.688078e-03
133 6.792814e-09 7.681889e-03
134 6.930408e-06 2.472553e-02
135 3.878016e-09 4.542047e-03
136 1.771528e-08 4.113549e-03
137 7.156318e-07 1.304712e-02
138 1.028477e-09 9.367586e-03
139 2.435946e-08 8.742030e-03
140 1.107242e-09 5.190191e-03
141 8.494564e-11 3.030584e-03
142 8.132806e-09 3.134140e-03
143 2.985527e-08 6.954029e-03
144 3.009001e-10 8.570772e-03
145 5.401810e-11 4.700498e-03
146 8.665226e-10 6.133317e-03
147 1.247438e-09 6.329947e-03
148 1.126817e-10 7.990661e-03
149 7.082538e-09 4.305334e-03
150 3.393468e-11 3.988116e-03
151 4.005128e-08 1.011302e-02
152 6.547236e-08 5.983738e-03
153 2.019803e-08 2.991042e-03
154 2.824644e-09 3.767260e-03
155 6.908325e-10 3.024405e-03
156 2.605995e-08 3.884353e-03
157 1.112901e-08 4.042734e-03
158 1.545722e-07 4.816346e-03
159 9.993527e-08 5.932494e-03
160 1.071719e-08 5.189729e-03
161 6.275286e-09 3.135551e-03
162 2.292218e-10 3.003943e-03
163 5.978534e-10 3.081703e-03
164 1.420614e-11 1.642620e-03
165 5.203902e-11 1.682326e-03
166 2.906527e-12 1.657503e-03
167 3.775097e-10 2.937997e-03
168 4.996333e-09 3.318826e-03
169 7.080607e-07 6.195380e-03
170 5.742241e-12 1.639733e-03
171 2.776722e-09 3.423428e-03
172 5.799902e-10 3.219853e-03
173 1.404829e-10 1.619461e-03
174 2.274757e-10 3.088067e-03
175 1.630163e-09 3.095490e-03
176 1.818153e-09 2.999500e-03
177 7.249737e-11 1.656934e-03
178 2.787852e-08 2.308864e-03
179 2.940120e-11 1.614983e-03
180 5.387015e-10 3.096275e-03
181 1.161017e-10 2.125502e-03
182 3.523203e-10 3.398120e-03
183 1.921821e-11 1.196617e-03
184 3.621146e-12 1.614904e-03
185 5.644324e-11 1.233360e-03
186 6.361174e-10 2.180214e-03
187 1.410437e-11 1.906959e-03
188 7.744209e-12 1.592576e-03
189 6.752754e-12 1.134016e-03
190 1.779564e-11 1.208941e-03
191 4.730561e-05 2.449397e-02
192 8.968581e-07 4.494830e-03
193 1.306194e-04 7.746823e-02
194 8.477208e-05 7.129115e-02
195 5.112120e-07 7.226730e-03
196 2.711277e-05 1.999413e-02
197 2.371642e-04 1.090152e-01
198 3.283112e-07 6.699764e-03
199 2.051226e-06 1.506914e-02
200 5.079711e-07 1.091680e-02
201 1.908285e-05 2.442359e-02
202 2.648510e-06 2.440265e-02
203 6.331643e-08 3.535907e-03
204 2.285608e-06 6.973351e-03
205 2.922261e-07 8.694456e-03
206 1.702178e-07 3.915258e-03
207 1.796179e-07 9.687412e-03
208 7.359077e-09 3.469266e-03
209 2.760561e-07 8.256741e-03
210 9.027688e-08 4.842671e-03
211 3.576855e-08 2.425244e-03
212 2.197897e-04 8.691649e-02
213 2.469273e-08 2.477348e-03
214 1.100317e-09 4.267854e-03
215 3.078126e-07 5.294119e-03
216 4.776178e-07 8.301566e-03
217 2.641744e-08 2.127475e-03
218 1.314215e-06 2.736747e-02
219 7.969917e-06 2.236887e-02
220 2.361367e-09 3.566561e-03
221 1.957603e-08 4.004800e-03
222 9.461158e-09 7.096046e-03
223 2.281733e-07 9.832760e-03
224 9.780960e-10 3.045429e-03
225 6.202424e-08 5.526798e-03
226 2.739490e-08 3.700534e-03
227 1.571072e-08 4.294428e-03
228 3.785242e-08 5.069661e-03
229 1.220121e-06 1.562595e-02
230 5.836064e-07 8.227880e-03
231 4.896024e-07 6.965439e-03
232 1.859402e-07 5.143112e-03
233 3.116904e-07 6.242465e-03
234 6.389754e-07 5.233800e-03
235 1.968510e-09 4.505284e-03
236 4.825165e-07 5.200501e-03
237 3.884314e-10 3.369250e-03
238 4.441276e-08 5.755555e-03
239 6.720856e-09 3.551222e-03
240 2.839357e-08 3.169687e-03
241 3.532816e-07 4.183292e-03
242 1.151595e-07 5.093429e-03
243 2.907423e-09 3.177696e-03
244 1.099659e-08 4.717715e-03
245 6.462849e-08 5.008273e-03
246 9.042527e-09 3.847907e-03
247 2.589081e-07 4.999707e-03
248 7.412868e-08 2.685208e-03
249 1.311649e-06 8.414396e-03
250 7.689700e-08 4.237265e-03
251 3.666088e-08 2.930771e-03
252 2.866385e-07 7.257593e-03
253 2.297027e-09 3.336540e-03
254 2.223736e-08 4.834077e-03
255 3.120092e-07 6.709047e-03
256 1.347767e-08 2.747345e-03
257 1.754160e-08 3.453921e-03
258 3.978237e-06 8.621970e-03
259 1.922487e-05 2.164258e-02
260 1.626582e-05 1.817185e-02
261 1.169458e-05 1.728586e-02
262 5.333005e-07 6.736824e-03
263 6.097937e-06 1.035639e-02
264 1.551541e-06 2.113246e-02
265 2.072471e-07 7.289988e-03
266 1.538288e-05 2.258651e-02
267 4.811074e-06 4.739526e-02
268 1.065541e-07 2.090969e-02
269 1.263256e-07 3.197730e-02
270 2.984991e-08 4.410733e-03
271 8.336305e-08 7.487542e-03
272 2.451747e-08 6.861664e-03
273 2.668271e-07 4.502878e-03
274 1.202996e-06 5.862415e-03
275 3.465348e-08 8.645306e-03
276 2.775268e-06 3.889033e-02
277 1.085860e-09 3.486064e-03
278 3.369355e-08 2.711794e-03
279 1.078729e-07 1.667650e-02
280 2.113204e-07 6.147843e-03
281 1.399066e-08 8.691103e-03
282 2.988485e-07 1.288651e-02
283 1.329948e-07 3.438931e-03
284 9.527551e-07 9.559831e-03
285 5.115600e-05 4.136713e-02
286 1.301812e-05 4.577475e-02
287 1.258713e-06 7.596332e-03
288 5.019796e-06 1.564368e-02
289 1.911742e-05 5.016155e-02
290 6.228442e-05 7.439881e-02
291 2.422309e-06 8.651801e-03
292 6.036417e-05 2.410700e-02
293 2.267324e-06 1.936917e-02
294 1.146501e-05 3.020053e-02
295 3.619312e-07 1.893630e-02
296 9.242811e-04 3.460563e-01
297 2.274316e-03 1.023143e+00
298 8.606042e-05 5.019818e-02
299 1.186431e-08 4.609139e-03
300 8.694289e-10 4.601015e-03
301 2.563750e-03 3.580151e-01
302 7.225483e-08 5.133214e-03
303 6.179023e-08 3.119918e-03
304 2.030581e-09 2.281858e-03
305 1.679732e-09 2.666841e-03
306 3.144162e-11 2.689723e-03
307 2.375016e-11 2.646543e-03
308 3.912690e-11 2.581899e-03
309 1.342617e-06 6.409835e-03
310 1.322374e-11 3.223253e-03
311 3.731900e-13 2.653570e-03
312 7.250150e-08 2.253234e-03
313 5.363294e-12 2.542545e-03
314 4.141101e-11 2.549023e-03
315 3.621749e-14 2.676365e-03
316 2.271846e-10 2.822456e-03
317 3.584579e-12 1.929810e-03
318 2.408122e-11 1.947590e-03
319 2.264757e-09 2.286479e-03
320 2.068142e-13 2.507136e-03
321 1.655213e-12 1.426056e-03
322 2.855705e-05 8.549886e-02
323 7.772161e-06 1.007921e-01
324 4.242125e-10 9.486977e-03
325 3.457215e-06 1.552058e-02
326 1.545148e-10 3.487226e-03
327 3.472191e-08 2.385152e-02
328 7.550181e-09 9.804181e-03
329 4.663109e-05 1.034090e-01
330 3.586854e-04 6.682815e-01
331 4.842850e-07 3.429395e-02
332 5.658580e-04 2.800165e-01
333 1.883035e-08 5.093912e-03
334 5.780581e-07 1.455992e-02
335 1.577612e-10 8.353926e-03
336 3.304998e-08 1.557567e-02
337 6.240636e-04 1.220919e-01
338 1.920276e-05 2.619471e-02
339 8.871867e-04 5.627492e-01
340 1.380398e-06 6.959941e-03
341 7.673600e-07 6.807431e-03
342 1.915322e-06 2.046339e-02
343 1.182677e-06 4.422693e-02
344 1.327251e-07 4.010448e-03
345 1.869888e-05 1.000638e-02
346 8.519657e-08 2.562613e-03
347 8.159028e-08 2.983805e-03
348 7.442222e-06 1.191322e-02
349 1.230773e-05 1.290266e-02
350 3.121378e-08 3.257810e-03
351 3.108111e-08 2.859092e-03
352 4.774816e-06 3.838036e-03
353 7.819786e-05 1.139766e-02
354 8.922792e-06 5.042960e-03
355 1.168413e-05 5.275700e-03
356 1.365079e-07 2.371527e-03
357 5.199063e-05 1.438770e-02
358 3.577254e-05 2.658343e-02
359 1.943190e-06 7.440123e-03
360 1.956740e-06 6.306721e-03
361 5.955277e-06 4.610897e-02
362 1.929940e-07 2.474358e-03
363 2.273850e-08 3.365720e-03
364 4.774816e-06 3.838036e-03
365 1.936050e-04 4.102405e-02
366 4.538776e-05 1.354845e-02
367 7.792997e-06 1.133638e-02
368 1.230773e-05 1.290266e-02
369 3.175547e-05 9.158567e-02
370 4.489480e-07 1.405730e-02
371 4.057966e-07 1.974219e-02
372 2.514777e-03 1.217060e+00
373 2.681322e-04 1.833969e-01
374 3.246458e-03 1.372144e+00
375 1.928363e-05 2.615373e-02
376 2.205588e-03 3.981402e-01
377 2.456496e-06 9.470031e-03
378 3.557131e-04 4.415556e-02
379 3.001549e-07 9.074900e-03
380 7.986726e-06 1.504221e-02
381 2.802295e-09 1.913172e-03
382 1.634916e-07 1.013691e-02
383 6.600984e-09 1.824463e-03
384 4.375243e-07 8.141385e-03
385 2.771783e-10 4.590676e-03
386 1.623051e-07 6.542333e-03
387 6.943049e-07 1.592567e-02
388 8.160116e-10 2.770216e-03
389 8.206862e-07 6.410371e-03
390 8.243241e-07 4.983789e-03
391 4.657604e-06 3.321454e-02
392 3.227193e-04 4.755444e-02
393 1.359672e-05 1.696146e-02
394 6.299565e-08 3.018635e-03
395 9.978519e-08 8.359302e-03
396 5.543133e-06 4.000079e-02
397 3.082860e-05 2.065469e-02
398 4.066276e-05 4.287724e-02
399 6.791347e-06 1.188535e-02
400 6.203962e-05 5.096887e-02
401 1.862693e-06 9.214703e-03
402 7.959409e-07 7.131893e-03
403 1.536160e-06 9.483909e-03
404 1.675720e-05 1.852466e-02
405 5.120648e-06 1.200951e-02
406 6.891475e-07 8.972378e-03
407 1.140967e-07 4.581166e-03
408 1.899102e-06 1.061659e-02
409 2.087646e-03 1.059409e+00
410 2.108692e-05 2.441604e-02
411 4.815495e-06 1.974852e-02
412 1.340874e-04 8.770516e-02
413 1.186468e-06 8.347784e-03
414 1.998645e-06 1.002664e-02
415 1.174195e-06 6.205462e-03
416 1.036239e-06 6.879054e-03
417 1.519539e-06 1.006292e-02
418 4.284422e-04 1.587058e-01
419 7.647566e-05 1.783234e-01
420 8.102013e-05 8.857460e-02
421 6.109540e-06 2.289756e-02
422 5.859470e-06 3.232503e-02
423 1.187425e-04 1.269174e-01
424 5.565624e-04 3.381711e-01
425 4.981504e-05 1.431646e-01
426 8.469755e-06 4.865484e-02
427 3.864946e-04 3.160683e-01
428 3.650180e-05 4.762628e-02
429 7.715915e-06 3.553910e-02
430 1.604146e-05 5.554017e-02
431 6.022610e-05 8.470605e-02
432 2.540503e-05 3.102258e-02
433 5.581153e-06 2.523181e-02
434 2.893077e-05 5.604499e-02
435 6.478686e-06 5.292402e-02
436 1.278845e-05 4.710189e-02
437 1.908578e-05 4.667766e-02
438 3.151336e-06 2.917594e-02
439 3.617972e-04 4.268839e-01
440 6.565446e-06 3.369328e-02
441 3.697469e-06 2.301201e-02
442 1.079387e-04 9.892044e-02
443 3.959980e-06 2.638684e-02
444 1.631750e-03 6.419653e-01
445 1.679449e-04 2.590359e-01
446 1.445885e-12 9.154251e-04
447 1.156846e-13 1.224538e-03
448 1.274489e-13 9.088609e-04
449 9.590253e-14 9.125942e-04
450 2.758957e-13 9.935044e-04
451 1.289128e-10 1.782294e-03
452 4.383050e-12 1.227391e-03
453 6.192042e-11 1.122176e-03
454 1.874595e-12 1.245292e-03
455 2.008992e-11 1.251106e-03
456 2.664988e-13 1.031946e-03
457 2.832446e-15 9.244453e-04
458 4.516821e-12 1.233128e-03
459 2.012941e-07 1.455781e-02
460 1.502861e-11 2.593579e-03
461 1.543206e-13 1.054475e-03
462 5.245492e-11 2.965567e-03
463 2.842771e-11 1.127621e-03
464 6.121197e-12 1.328802e-03
465 6.901807e-13 1.151013e-03
466 6.775814e-13 1.381003e-03
467 1.697831e-12 1.082766e-03
468 5.016913e-13 1.091935e-03
469 4.480329e-12 1.325869e-03
470 7.076422e-12 1.754954e-03
471 2.049446e-12 1.218722e-03
472 5.168639e-13 1.118995e-03
473 2.077346e-12 1.318778e-03
474 4.954617e-13 1.048071e-03
475 1.101807e-11 1.316116e-03
476 1.346422e-09 1.412701e-03
477 2.777451e-07 3.265192e-03
478 4.760168e-07 7.869764e-03
479 5.835417e-10 1.574831e-03
480 3.636166e-10 2.067425e-03
481 3.650218e-11 1.859012e-03
482 3.856737e-11 2.108261e-03
483 2.147735e-11 2.060983e-03
484 3.056312e-08 2.122421e-03
485 3.546457e-10 1.759988e-03
486 6.834950e-06 1.466998e-02
487 1.469734e-09 1.487581e-03
488 1.436109e-06 9.528129e-03
489 1.305639e-03 7.183947e-01
490 4.980380e-06 7.627664e-03
491 4.105331e-06 9.142097e-03
492 3.076415e-06 6.162755e-03
493 9.670170e-07 6.958517e-03
494 1.042237e-08 6.450950e-03
495 3.442452e-08 4.949996e-03
496 2.564523e-04 5.121199e-02
497 6.966914e-05 5.437375e-02
498 3.671463e-06 8.852413e-03
499 3.088715e-08 7.828019e-03
500 4.264590e-09 5.141925e-03
501 2.125825e-05 1.075421e-02
502 2.046492e-03 5.250410e-01
503 1.907994e-05 1.388169e-02
504 1.037764e-04 1.955201e-02
505 6.996442e-07 7.343297e-03
506 2.940829e-04 5.360419e-02
507 1.724055e-04 3.840229e-02
508 1.010219e-05 1.388475e-02
509 7.987750e-09 8.606472e-03
510 1.367557e-05 1.306207e-02
511 2.857880e-06 6.488067e-03
512 3.327075e-07 8.280456e-03
513 8.098175e-06 8.866371e-03
514 1.928966e-03 1.099163e+00
515 5.054346e-08 6.981005e-03
516 9.484312e-09 6.856079e-03
517 8.625753e-07 1.396128e-02
518 5.204207e-08 6.909553e-03
519 1.823711e-06 2.341446e-02
520 6.255842e-07 1.867464e-02
521 2.839209e-05 3.235265e-02
522 2.615121e-05 3.003848e-02
523 1.715943e-05 2.852835e-02
524 2.645863e-07 1.309766e-02
525 9.459586e-07 8.250590e-03
526 5.818598e-06 2.417064e-02
527 2.277705e-07 9.867523e-03
528 3.627908e-08 5.987456e-03
529 9.443847e-07 1.769563e-02
530 1.379161e-07 5.162734e-03
531 1.770162e-07 7.303707e-03
532 2.552597e-06 1.902482e-02
533 2.284429e-07 1.256756e-02
534 1.740801e-07 1.145638e-02
535 9.379809e-07 1.240877e-02
536 2.535740e-05 4.167803e-02
537 8.578027e-07 2.498115e-02
538 2.295031e-07 1.262438e-02
539 1.284870e-05 2.677935e-02
540 3.674861e-06 2.304507e-02
541 3.635246e-06 2.576747e-02
542 8.426302e-04 3.166973e-01
543 3.290125e-07 1.909319e-02
544 6.023493e-07 7.525924e-03
545 1.825948e-07 7.451194e-03
546 3.020656e-07 6.084407e-03
547 5.138192e-11 2.494630e-03
548 5.606262e-10 3.022944e-03
549 3.832785e-09 1.591197e-03
550 2.146463e-07 5.615987e-03
551 9.512716e-09 2.645544e-03
552 1.013547e-07 1.889860e-02
553 3.261938e-06 3.284472e-02
554 1.442897e-06 9.442003e-03
555 2.025661e-07 1.193369e-02
556 3.028357e-08 3.018266e-03
557 2.347061e-08 3.780428e-03
558 5.321005e-07 1.202878e-02
559 3.670464e-09 2.470596e-03
560 5.859780e-08 3.990965e-03
561 2.278093e-08 3.162697e-03
562 3.914525e-08 3.411145e-03
563 6.126154e-09 4.790348e-03
564 2.143910e-08 3.258188e-03
565 2.508401e-07 1.439184e-02
566 1.143441e-06 5.942276e-03
567 2.606441e-05 8.640257e-02
568 9.697006e-05 3.678983e-02
569 5.276819e-05 1.001105e-01
570 7.857101e-06 1.572175e-02
571 1.886131e-05 1.178556e-02
572 1.925912e-04 5.289751e-02
573 5.960126e-06 8.695299e-03
574 1.130817e-04 4.835502e-02
575 2.339795e-05 1.335466e-02
576 2.597962e-05 2.136489e-02
577 6.936121e-06 1.326589e-02
578 1.859409e-06 1.017568e-02
579 1.993468e-03 8.970399e-01
580 4.165749e-05 4.019376e-02
581 3.549931e-06 5.766137e-03
582 7.211512e-05 7.931420e-02
583 8.510023e-06 1.195640e-02
584 2.037227e-05 1.902240e-02
585 3.371166e-05 8.316953e-02
586 5.656271e-07 1.279108e-02
587 2.714760e-06 1.354070e-02
588 1.242137e-07 1.023261e-02
589 3.053989e-07 2.676358e-03
590 2.178765e-03 6.295839e-01
591 2.302673e-04 1.696684e-01
592 3.186805e-08 6.359239e-03
593 3.689674e-05 1.967638e-02
594 1.612799e-04 5.356052e-02
595 1.524465e-08 6.663935e-03
596 2.738425e-03 1.299708e+00
597 5.823146e-13 1.912640e-03
598 7.517578e-11 1.969118e-03
599 1.227008e-10 1.938511e-03
600 2.285221e-10 2.062521e-03
601 5.040551e-10 3.034066e-03
602 1.057715e-10 2.563981e-03
603 9.298337e-11 3.254321e-03
604 1.736238e-12 1.931493e-03
605 4.405932e-10 2.078763e-03
606 5.256515e-12 1.932133e-03
607 3.525278e-12 1.777694e-03
608 2.974560e-12 2.031260e-03
609 2.359360e-06 1.317549e-02
610 1.097554e-07 4.343443e-03
611 1.103573e-03 3.810340e-01
612 1.021579e-06 2.580126e-02
613 6.153143e-06 1.956183e-02
614 1.109244e-06 2.653614e-02
615 3.936016e-08 1.035657e-02
616 1.221670e-10 3.281139e-03
617 2.679565e-06 1.403370e-02
618 3.403741e-09 4.233400e-03
619 5.238159e-09 5.034544e-03
620 1.867280e-09 5.448577e-03
621 8.722295e-05 7.877982e-02
622 6.717538e-09 5.944784e-03
623 9.474682e-10 7.249800e-03
624 7.465532e-08 6.038778e-03
625 3.763334e-08 4.563961e-03
626 3.966688e-03 1.048035e+00
627 1.117091e-07 5.041829e-03
628 4.469251e-08 1.268211e-02
629 1.837595e-04 6.981954e-02
630 4.425278e-04 5.939628e-02
631 4.276525e-05 3.120174e-02
632 6.494147e-06 3.918797e-02
633 4.318306e-10 6.070467e-03
634 1.129741e-07 5.308503e-03
635 1.146837e-07 5.184888e-03
636 7.695293e-08 7.266508e-03
637 6.688486e-07 1.375760e-02
638 2.788745e-09 8.794896e-03
639 7.190621e-08 1.533238e-02
640 1.257098e-08 4.772680e-03
641 6.480487e-09 5.578995e-03
642 7.503355e-09 6.949240e-03
643 1.243788e-06 3.505979e-02
644 4.849342e-06 6.615208e-03
645 4.795257e-07 1.254734e-02
646 9.193640e-08 1.908594e-02
647 8.904908e-08 7.635135e-03
648 1.441059e-06 2.673875e-02
649 2.907926e-08 1.060707e-02
650 1.557342e-08 5.743277e-03
651 3.313427e-09 6.389784e-03
652 3.867156e-08 7.584805e-03
653 1.281184e-03 4.979554e-01
654 1.853229e-04 9.894462e-02
655 8.183762e-09 2.905902e-03
656 2.516812e-05 3.370400e-02
657 2.248022e-03 1.016595e+00
658 1.646724e-05 2.604586e-02
659 1.223595e-07 1.342231e-02
660 1.390232e-06 1.402295e-02
661 6.254547e-07 3.510755e-02
662 2.323628e-05 2.326854e-01
663 4.170804e-07 1.404147e-02
664 5.384936e-07 1.465849e-02
665 1.136078e-06 1.675541e-02
666 1.439327e-05 3.285671e-02
667 2.348334e-05 2.081524e-02
668 7.217202e-08 7.049497e-03
669 7.946885e-07 3.003428e-02
670 3.725286e-05 5.188585e-02
671 3.281078e-05 4.316228e-02
672 1.124973e-07 6.961852e-03
673 1.859099e-05 1.721443e-01
674 6.756876e-07 7.534542e-03
675 1.506403e-03 2.986092e-01
676 4.077327e-08 1.670336e-02
677 6.811095e-05 4.352371e-02
678 1.383944e-08 8.055196e-03
679 2.041450e-04 1.421021e-01
680 3.232168e-09 3.444666e-03
681 1.597724e-07 1.337691e-02
682 3.324398e-03 1.196527e+00
683 4.558354e-07 1.582182e-02
684 9.401140e-04 5.359964e-01
685 2.832598e-08 8.814670e-03
686 2.865380e-04 3.925806e-01
687 7.471109e-07 8.031979e-03
688 6.849003e-08 8.276339e-03
689 2.291701e-08 9.034776e-03
690 7.407393e-07 1.471997e-02
691 8.684092e-08 1.521152e-02
692 8.578172e-08 1.188525e-02
693 2.335112e-07 9.426911e-03
694 4.621677e-07 6.129176e-03
695 8.763849e-07 9.944450e-03
696 7.697607e-05 1.559782e-01
697 1.600090e-06 8.186938e-02
698 1.076252e-04 1.916401e-01
699 3.273947e-07 1.676952e-02
700 1.203963e-04 5.330838e-02
701 1.392982e-06 9.591244e-03
702 1.852915e-06 1.707259e-02
703 9.676051e-08 7.302146e-03
704 1.258178e-04 8.065599e-02
705 3.381530e-05 2.200324e-02
706 3.296890e-06 1.688909e-02
707 3.638085e-06 1.143785e-02
708 1.049194e-03 6.436879e-01
709 1.660544e-06 2.492053e-02
710 2.838741e-03 3.210326e-01
711 2.346483e-04 1.145736e-01
712 3.906157e-05 4.736434e-02
713 2.867285e-05 3.784651e-02
714 3.936890e-06 2.064338e-02
715 6.585949e-08 6.492081e-03
716 1.369289e-06 1.823510e-02
717 4.214869e-05 3.425068e-02
718 2.504494e-05 1.459817e-02
719 2.272241e-05 1.328636e-02
720 3.130476e-05 2.303439e-02
721 1.119412e-03 1.069108e-01
722 3.720518e-04 4.878024e-02
723 5.900214e-04 1.240968e-01
724 1.530405e-07 6.896429e-03
725 6.666113e-06 7.665479e-03
726 5.358939e-06 1.245854e-02
727 3.113214e-03 5.837918e-01
728 9.030401e-08 1.274158e-02
729 1.320644e-06 1.441374e-02
730 1.073846e-05 1.890341e-02
731 2.834003e-06 7.059817e-03
732 1.149615e-04 1.246353e-02
733 1.610546e-06 1.048653e-02
734 7.475691e-06 1.558490e-02
735 1.287012e-04 2.465095e-02
736 3.626768e-07 1.995850e-02
737 2.248097e-03 4.884046e-01
738 5.068080e-06 5.312485e-02
739 3.320165e-06 1.220389e-02
740 1.067212e-05 1.587859e-02
741 6.065824e-06 1.055873e-02
742 4.219959e-05 6.877101e-02
743 5.033372e-04 4.617319e-02
744 5.799186e-04 5.898294e-02
745 6.524839e-05 5.996570e-02
746 1.127719e-05 1.087314e-02
747 8.789730e-05 1.950810e-02
748 8.381391e-09 6.040254e-03
749 3.534274e-07 2.877365e-02
750 2.845641e-05 7.048650e-02
751 4.222982e-07 8.233455e-03
752 3.921840e-07 1.140976e-02
753 1.576281e-03 4.018374e-01
754 2.029198e-05 2.296637e-02
755 7.632346e-05 8.052002e-02
756 7.845305e-07 1.084956e-02
757 6.151258e-05 1.061539e-01
758 1.982858e-07 5.486363e-03
759 9.334815e-06 3.296522e-02
760 3.574632e-04 2.978954e-01
761 4.057372e-04 2.438732e-01
762 4.213476e-08 9.899958e-03
763 3.225020e-07 1.177987e-02
764 2.605876e-07 1.092814e-02
765 7.360321e-04 4.613261e-01
766 1.271951e-03 6.480238e-01
767 6.356695e-04 4.059290e-01
768 1.990456e-03 5.323562e-01
769 5.394182e-08 1.125358e-02
770 5.673523e-08 5.045473e-03
771 1.246919e-07 4.907572e-03
772 7.132528e-08 4.765485e-03
773 4.404917e-05 1.401340e-01
774 3.381571e-07 6.633443e-03
775 2.080198e-06 1.184409e-02
776 2.070747e-07 5.740281e-03
777 1.959345e-08 1.023329e-02
778 5.010106e-04 2.232392e-01
779 1.119392e-08 8.941855e-03
780 7.397296e-07 6.407161e-03
781 2.588526e-09 5.346528e-03
782 1.549437e-08 2.406139e-03
783 4.810317e-09 3.592699e-03
784 8.736656e-07 1.868829e-02
785 8.320050e-06 1.425151e-02
786 1.165368e-06 8.092506e-03
787 8.743774e-07 9.553122e-03
788 3.065273e-08 1.147110e-02
789 1.958431e-08 8.425777e-03
790 3.004601e-05 1.041608e-01
791 9.791291e-08 4.331772e-03
792 1.765554e-08 1.031702e-02
793 4.860794e-06 1.405958e-02
794 8.175807e-04 3.204334e-01
795 6.773583e-06 1.772861e-02
796 7.548998e-08 6.029560e-03
797 9.057773e-06 9.361434e-02
798 2.079842e-08 7.392111e-03
799 3.981635e-04 1.121929e-01
800 2.146792e-06 1.885735e-02
801 6.719286e-07 1.086882e-02
802 8.022747e-04 1.793611e-01
803 4.390511e-04 5.258702e-01
804 4.062447e-08 1.071992e-02
805 2.413382e-04 5.993432e-02
806 1.751984e-05 1.345268e-01
807 1.528302e-05 5.427766e-02
808 6.234947e-08 5.945826e-03
809 2.822563e-07 2.381023e-02
810 3.791561e-09 2.327120e-03
811 1.203197e-05 1.774769e-02
812 1.497080e-07 4.291508e-03
813 1.698886e-05 4.071643e-02
814 7.779274e-07 1.372522e-02
815 1.742016e-07 1.597395e-02
816 9.697210e-04 4.141618e-01
817 9.412136e-05 1.072703e-01
818 7.340140e-09 9.983054e-03
819 3.199467e-07 1.305897e-02
820 1.448797e-06 3.737428e-02
821 2.190099e-06 4.211113e-02
822 1.150726e-06 3.388472e-02
823 2.969619e-05 1.203334e-01
824 2.201253e-03 8.975540e-01
825 2.692998e-03 8.919497e-01
826 5.289616e-04 4.133403e-01
827 8.133302e-04 2.173325e-01
828 1.653805e-04 7.680482e-01
829 2.704271e-03 9.522706e-01
830 3.180198e-05 1.453625e-02
831 1.094748e-07 4.755344e-03
832 2.126698e-07 5.210519e-03
833 1.027426e-06 1.114027e-02
834 3.191322e-06 7.001193e-03
835 1.707847e-06 7.023292e-03
836 1.949400e-06 5.267806e-03
837 1.146918e-06 9.662587e-03
838 1.242233e-05 9.190002e-03
839 3.271628e-07 5.032099e-03
840 9.692187e-06 1.954725e-02
841 9.525950e-07 7.294017e-03
842 6.295031e-07 8.662532e-03
843 1.780498e-07 9.842094e-03
844 1.169069e-06 1.985701e-02
845 7.162203e-05 4.747607e-02
846 6.545387e-05 7.436318e-02
847 1.681197e-06 8.396505e-03
848 2.542912e-06 1.399291e-02
849 1.483896e-04 7.436453e-02
850 2.966219e-07 6.220696e-03
851 1.434079e-05 6.934658e-02
852 1.757066e-07 6.395389e-03
853 1.099739e-04 2.741028e-02
854 2.499881e-07 5.922259e-03
855 1.012438e-05 1.832736e-02
856 8.569027e-10 1.482521e-03
857 1.124136e-09 1.302686e-03
858 7.027783e-09 2.049947e-03
859 1.043128e-09 1.499252e-03
860 4.887074e-05 1.294188e-01
861 4.570209e-08 6.857829e-03
862 3.139480e-08 1.594630e-03
863 3.772125e-09 1.539887e-03
864 3.226499e-09 1.394099e-03
865 2.671365e-09 1.574247e-03
866 4.492118e-09 2.066958e-03
867 6.287574e-08 1.724924e-03
868 8.918703e-10 1.363017e-03
869 7.772688e-10 1.627146e-03
870 5.990876e-09 1.533160e-03
871 5.147308e-10 1.394066e-03
872 7.133015e-09 1.881324e-03
873 6.918767e-09 1.418982e-03
874 6.917041e-09 1.405176e-03
875 8.990210e-04 3.042337e-01
876 1.260554e-10 1.443975e-03
877 1.289138e-08 1.457498e-03
878 2.121375e-09 1.900920e-03
879 1.903633e-09 1.352801e-03
880 4.614761e-09 1.371811e-03
881 3.467800e-10 1.397980e-03
882 4.860229e-09 1.821747e-03
883 5.840613e-09 1.760736e-03
884 2.622241e-08 1.479025e-03
885 4.582743e-09 1.567883e-03
886 6.627530e-07 6.636718e-03
887 4.056609e-06 9.669271e-03
888 3.678833e-07 1.156658e-02
889 1.133139e-04 1.022185e-01
890 1.630494e-07 1.987446e-02
891 1.888122e-05 9.272119e-02
892 1.530132e-04 1.696028e-01
893 5.496326e-07 5.691671e-03
894 1.433147e-06 3.837067e-03
895 1.747521e-06 8.594440e-03
896 1.109347e-06 1.497535e-02
897 1.397899e-03 8.206978e-01
898 1.224575e-06 1.918614e-02
899 4.460155e-05 8.118343e-02
900 2.870505e-06 9.156853e-03
901 9.642025e-06 9.407759e-03
902 1.289538e-06 9.183581e-03
903 1.289854e-07 6.140981e-03
904 1.075401e-04 1.213121e-01
905 9.138578e-07 2.010747e-02
906 1.342684e-04 5.649214e-02
907 6.261340e-03 1.226494e+00
908 2.659310e-08 2.765182e-03
909 8.473910e-07 3.222876e-03
910 3.449045e-09 1.579402e-03
911 3.336312e-05 9.778871e-03
912 2.352668e-07 5.075982e-03
913 2.418740e-08 1.724653e-03
914 7.831802e-08 4.922089e-03
915 3.479936e-06 3.881661e-03
916 1.536280e-04 1.493128e-01
917 2.443230e-08 2.134857e-03
918 3.864991e-09 1.783559e-03
919 2.792295e-09 1.394625e-03
920 5.787939e-08 2.531938e-03
921 3.206236e-10 1.059951e-03
922 2.166685e-08 1.429430e-03
923 1.120652e-04 9.007383e-02
924 4.828436e-06 1.766687e-02
925 1.685819e-08 1.070096e-03
926 2.328152e-06 1.507931e-02
927 2.187582e-09 1.325944e-03
928 3.558786e-07 4.145115e-03
929 2.223780e-06 1.062875e-02
930 3.061375e-08 3.659284e-03
931 1.436708e-07 3.846793e-03
932 3.692899e-10 1.484674e-03
933 5.258569e-09 1.825770e-03
934 1.961675e-06 1.196914e-02
935 8.649043e-08 1.866232e-03
936 1.791719e-09 1.194984e-03
937 4.169988e-08 2.947781e-03
938 1.259142e-08 1.797628e-03
939 1.440200e-06 3.639046e-03
940 6.799746e-07 6.523364e-03
941 1.402013e-07 5.576937e-03
942 3.799703e-08 1.632707e-03
943 8.277999e-07 2.264242e-03
944 2.439562e-05 1.213325e-02
945 2.734875e-08 2.266347e-03
946 2.451730e-06 6.596137e-03
947 1.446121e-06 3.178116e-02
948 7.940701e-08 6.933298e-03
949 3.553055e-07 1.065631e-02
950 7.152519e-08 7.922601e-03
951 1.908007e-08 1.593425e-02
952 2.053528e-05 2.216336e-02
953 3.092364e-09 8.945799e-03
954 4.546980e-09 3.087075e-03
955 2.579794e-06 3.732715e-02
956 1.374121e-09 3.053898e-03
957 8.651110e-09 8.411998e-03
958 6.179121e-08 6.818745e-03
959 7.631479e-06 5.163854e-02
960 1.124973e-07 1.914232e-02
961 6.098015e-07 9.881970e-03
962 1.394266e-07 1.272393e-02
963 2.534884e-09 3.842909e-03
964 1.746399e-06 4.129424e-02
965 3.185569e-09 5.412320e-03
966 1.561895e-04 1.205877e-01
967 1.135508e-05 5.950393e-02
968 1.723885e-07 4.775449e-03
969 1.419143e-08 8.095934e-03
970 7.228512e-08 1.676144e-02
971 1.144111e-07 3.121554e-03
972 7.402103e-08 7.561092e-03
973 1.771375e-09 9.423416e-03
974 9.886092e-09 3.281764e-03
975 1.737473e-06 7.368598e-03
976 7.249378e-04 2.899976e-01
977 1.159424e-05 7.862185e-03
978 7.842199e-05 1.996011e-02
979 6.751373e-08 2.841161e-03
980 1.874530e-08 1.234263e-03
981 4.503137e-08 4.101173e-03
982 6.949011e-07 8.063449e-03
983 4.785812e-07 3.821149e-03
984 6.827050e-06 1.023613e-02
985 1.079719e-06 4.135653e-03
986 6.161937e-07 4.143961e-03
987 1.200325e-08 1.272568e-03
988 1.772719e-07 2.522918e-03
989 5.737838e-06 9.566651e-03
990 8.270542e-07 3.809955e-03
991 5.108340e-06 7.344631e-03
992 2.082658e-07 2.354762e-03
993 8.388408e-08 2.448850e-03
994 1.977772e-08 2.151297e-03
995 2.369517e-06 3.895180e-03
996 6.933360e-07 3.256274e-03
997 1.380229e-03 1.971020e-01
998 2.124537e-06 6.109824e-03
999 1.793232e-06 4.985988e-03
1000 1.873522e-07 1.907646e-03
1001 1.500259e-08 1.575234e-03
1002 5.624802e-07 5.899732e-03
1003 8.141361e-09 1.780137e-03
1004 5.441315e-06 5.695676e-03
1005 1.475718e-07 2.923160e-03
1006 1.045054e-05 1.360169e-02
1007 4.155070e-08 2.927838e-03
1008 1.350775e-05 8.508700e-03
1009 1.602798e-08 4.060968e-03
1010 4.190046e-08 2.859803e-03
1011 3.934402e-07 3.721704e-03
1012 1.708877e-06 3.864190e-03
1013 5.702009e-09 2.067382e-03
1014 8.170882e-08 3.440904e-03
1015 4.850518e-09 2.131017e-03
1016 5.895572e-07 3.075754e-03
1017 1.126891e-07 1.792316e-03
1018 1.009689e-07 2.894919e-03
1019 1.912340e-08 4.401583e-03
1020 4.798606e-09 1.749509e-03
1021 1.242580e-05 7.527763e-03
1022 2.323802e-09 1.165975e-03
1023 1.181987e-06 2.102226e-03
1024 2.070831e-09 1.399248e-03
1025 4.685686e-07 2.425471e-03
1026 9.238594e-04 9.056927e-01
1027 1.926741e-04 1.290209e-01
1028 1.849031e-04 8.828285e-02
1029 3.163223e-05 1.011471e-01
1030 3.188241e-04 3.291422e-01
1031 2.605375e-03 7.299497e-01
1032 6.355718e-07 7.874136e-03
1033 4.018737e-06 1.968888e-02
1034 4.279837e-04 2.613099e-01
1035 8.111546e-07 4.576989e-03
1036 1.492148e-07 9.692925e-03
1037 2.318311e-05 3.242097e-02
1038 9.582535e-08 3.121320e-03
1039 9.057533e-06 1.650262e-02
1040 1.101122e-06 9.477368e-03
1041 5.659515e-06 2.640865e-02
1042 1.165970e-07 1.084542e-02
1043 1.974874e-06 1.641096e-02
1044 6.686427e-08 1.706512e-02
1045 7.262938e-07 7.630022e-03
1046 1.568829e-04 8.128784e-02
1047 3.473000e-04 2.244157e-01
1048 4.743504e-04 1.322764e-01
1049 3.970600e-07 9.001179e-03
1050 4.832313e-04 4.846052e-01
1051 9.193366e-04 4.079854e-01
1052 3.887957e-10 1.227346e-03
1053 2.604775e-10 1.821565e-03
1054 6.015906e-05 7.869186e-02
1055 2.617972e-11 1.556031e-03
1056 1.772738e-10 4.673052e-03
1057 2.144589e-09 2.140237e-03
1058 2.667176e-08 2.028139e-03
1059 1.487861e-11 1.031698e-03
1060 1.163419e-11 9.550877e-04
1061 3.805747e-06 3.473276e-03
1062 2.077029e-10 1.812613e-03
1063 2.924061e-08 3.812714e-03
1064 6.738119e-04 2.729920e-01
1065 5.167642e-06 1.701237e-02
1066 1.447956e-11 1.577868e-03
1067 5.542695e-11 1.439762e-03
1068 2.532828e-12 1.465211e-03
1069 1.004593e-11 1.614063e-03
1070 3.140691e-08 1.408915e-02
1071 1.826266e-08 5.311044e-03
1072 7.365087e-08 3.325463e-03
1073 2.821985e-07 1.937726e-02
1074 9.637387e-11 1.055250e-03
1075 2.210939e-06 2.619919e-02
1076 5.984406e-07 6.109178e-03
1077 9.904355e-07 1.653255e-02
1078 1.777238e-10 1.632478e-03
1079 4.502597e-08 5.829384e-03
1080 5.387329e-09 1.585178e-03
1081 3.555340e-12 1.460188e-03
1082 2.013381e-10 1.485785e-03
1083 5.272524e-09 1.830886e-03
1084 4.170121e-11 1.228490e-03
1085 1.599984e-09 4.319938e-03
1086 9.160037e-11 1.240028e-03
1087 1.947874e-10 1.369654e-03
1088 2.076256e-10 4.681301e-03
1089 2.417838e-10 1.234725e-03
1090 2.573157e-11 1.195625e-03
1091 2.389210e-10 1.229222e-03
1092 1.376428e-03 6.538377e-01
1093 1.980224e-08 1.877080e-02
1094 2.039302e-08 1.384857e-02
1095 4.011237e-10 1.692930e-03
1096 4.616264e-12 1.481497e-03
1097 3.861893e-10 4.826498e-03
1098 1.016932e-07 7.872592e-03
1099 6.268441e-09 3.261740e-03
1100 1.243233e-08 2.808583e-03
1101 7.497236e-07 5.103236e-03
1102 4.363653e-09 3.181611e-03
1103 5.995340e-09 2.754971e-03
1104 8.822050e-06 7.031714e-02
1105 2.010145e-10 1.530150e-03
1106 3.695257e-11 2.235590e-03
1107 1.224093e-10 3.128531e-03
1108 1.515968e-09 1.737764e-03
1109 1.053406e-10 2.022649e-03
1110 1.281429e-08 4.735105e-03
1111 1.469535e-10 3.955474e-03
1112 5.716845e-06 4.058221e-02
1113 3.632319e-07 1.749637e-02
1114 3.419112e-09 2.057449e-03
1115 2.026229e-05 3.671080e-02
1116 2.542529e-11 1.479020e-03
1117 1.400196e-09 1.611668e-03
1118 3.795674e-07 6.724029e-03
1119 9.261186e-07 2.382646e-02
1120 2.088237e-08 4.052263e-03
1121 6.515219e-08 6.864167e-03
1122 6.061932e-08 4.111284e-03
1123 2.071971e-08 2.488428e-03
1124 7.669870e-08 3.798836e-03
1125 3.059067e-07 4.748050e-03
1126 1.663833e-07 5.137946e-03
1127 4.498294e-08 3.882905e-03
1128 4.930480e-07 4.645890e-03
1129 7.256560e-08 3.321828e-03
1130 8.622612e-07 5.225291e-03
1131 1.327433e-04 7.763742e-02
1132 4.138746e-04 2.510784e-01
1133 5.105679e-05 4.708789e-02
1134 3.150577e-07 9.195738e-03
1135 7.854794e-07 2.491175e-03
1136 9.426101e-07 4.906441e-03
1137 2.023708e-06 5.639559e-03
1138 2.094951e-05 1.561591e-02
1139 5.286649e-08 5.259238e-03
1140 5.745848e-04 3.234044e-01
1141 4.391455e-05 4.228396e-02
1142 3.626217e-06 9.683599e-03
1143 4.400652e-07 6.819813e-03
1144 5.261572e-06 3.776720e-02
1145 9.342557e-08 9.214405e-03
1146 1.089291e-04 9.884808e-02
1147 1.738870e-05 4.521436e-02
1148 7.230695e-05 2.911114e-02
1149 8.234020e-06 1.280781e-02
1150 2.038664e-06 1.187648e-02
1151 1.239302e-04 2.925055e-02
1152 3.047737e-06 6.646640e-03
1153 1.182741e-06 4.902898e-03
1154 2.178484e-05 1.429452e-02
1155 3.012997e-05 2.905352e-02
1156 1.956081e-04 6.175389e-02
1157 4.634339e-04 9.900368e-02
1158 3.387414e-06 1.545374e-02
1159 1.040798e-03 2.591144e-01
1160 2.180541e-05 1.364764e-02
1161 2.091932e-07 7.572278e-03
1162 9.140986e-05 5.536125e-02
1163 6.680448e-04 3.349526e-01
1164 1.308221e-04 3.532991e-02
1165 3.544239e-04 4.144634e-02
1166 3.435130e-05 5.346876e-02
1167 1.879050e-04 4.681329e-02
1168 2.759658e-04 4.125873e-02
1169 3.826485e-04 7.333682e-02
1170 2.560717e-04 5.235437e-02
1171 2.339594e-05 1.096802e-02
1172 1.951266e-06 2.624102e-02
1173 1.428311e-03 3.800208e-01
1174 1.044145e-03 2.654226e-01
1175 4.555162e-05 4.152648e-02
1176 4.532693e-03 2.430149e+00
1177 1.098806e-07 3.122171e-03
1178 1.616602e-04 3.998385e-02
1179 1.385327e-05 2.469320e-02
1180 7.598991e-04 1.238550e-01
1181 1.130010e-04 2.830561e-02
1182 5.945451e-04 8.778832e-02
1183 6.439288e-05 4.622283e-02
1184 5.357250e-04 3.159867e-01
1185 3.134170e-04 2.634666e-01
1186 1.593057e-05 3.487468e-02
1187 1.774238e-07 9.502908e-03
1188 2.672039e-06 1.114178e-02
1189 2.262194e-05 5.205991e-02
1190 4.115411e-04 3.232364e-01
1191 1.234536e-04 6.009402e-02
1192 8.857455e-05 1.199533e-01
1193 3.127697e-05 4.990605e-02
1194 3.105394e-04 2.424755e-01
1195 2.607446e-04 1.122589e-01
1196 4.768482e-04 2.558350e-01
1197 3.201643e-04 1.030084e-01
1198 4.814096e-06 3.003996e-02
1199 2.476585e-04 1.094729e-01
1200 2.373511e-04 2.181382e-01
1201 3.341645e-06 2.880215e-02
1202 1.411563e-06 1.662428e-02
1203 2.148848e-04 8.292217e-02
1204 9.101354e-05 9.442860e-02
1205 4.118989e-09 4.862462e-03
1206 5.587640e-07 1.824636e-02
1207 1.909403e-08 3.648633e-03
1208 1.694771e-03 1.591624e-01
1209 1.580141e-06 9.055427e-03
1210 2.737928e-09 8.345893e-03
1211 1.468145e-08 3.600636e-03
1212 1.375481e-06 6.226167e-03
1213 1.915822e-07 7.577407e-03
1214 9.411028e-07 9.446395e-03
1215 3.561483e-07 3.473271e-02
1216 1.088331e-10 4.242219e-03
1217 2.247762e-05 2.722384e-01
1218 3.478564e-07 6.866197e-03
1219 1.433005e-08 1.287960e-03
1220 3.697005e-08 3.410373e-03
1221 7.674646e-07 8.564686e-03
1222 2.743429e-03 5.581141e-01
1223 2.644836e-08 2.079074e-03
1224 9.177708e-07 2.378550e-03
1225 6.361881e-04 9.793962e-02
1226 1.358455e-09 2.310126e-03
1227 3.762464e-04 5.972084e-01
1228 1.868663e-05 1.167449e-02
1229 2.729820e-08 1.269982e-03
1230 9.742210e-07 2.752149e-03
1231 1.386787e-06 1.913123e-03
1232 1.171761e-08 2.023560e-03
1233 4.132179e-08 2.256432e-03
1234 3.481888e-05 8.373074e-03
1235 2.594585e-08 2.560870e-03
1236 3.326715e-07 2.999907e-03
1237 8.235298e-06 4.862907e-03
1238 2.052276e-06 4.728414e-03
1239 6.160697e-08 2.338477e-03
1240 3.846276e-03 1.039009e+00
1241 1.995582e-05 8.062512e-03
1242 7.370736e-06 5.751615e-03
1243 5.622417e-07 4.302249e-03
1244 4.945289e-06 4.543514e-03
1245 3.295777e-07 2.968252e-03
1246 4.939998e-07 2.950769e-03
1247 7.744282e-05 4.167177e-02
1248 5.153406e-06 4.739081e-02
1249 3.941036e-07 1.109984e-02
1250 1.534323e-05 3.008057e-02
1251 3.904100e-06 2.051869e-02
1252 1.588740e-06 1.753688e-02
1253 2.322226e-07 1.519810e-02
1254 1.109218e-06 8.830352e-03
1255 2.458180e-03 5.773369e-01
1256 2.237477e-06 9.691430e-03
1257 6.260188e-03 1.412403e+00
1258 1.981353e-04 1.106407e-01
1259 1.150924e-03 3.800630e-01
1260 4.044304e-04 7.865167e-02
1261 1.038007e-09 1.848044e-03
1262 2.967810e-03 6.056132e-01
1263 7.650632e-08 5.539055e-03
1264 3.828649e-05 9.485943e-02
1265 2.237817e-07 3.446582e-03
1266 2.982370e-08 6.925216e-03
1267 1.026690e-08 1.943094e-03
1268 5.298645e-07 7.559345e-03
1269 1.000254e-05 7.256606e-02
1270 1.627323e-04 1.049909e-01
1271 1.775261e-06 1.152350e-02
1272 8.705300e-08 3.340875e-03
1273 1.327723e-06 6.762900e-03
1274 7.523121e-06 2.253631e-02
1275 6.055409e-05 1.023168e-01
1276 2.018772e-04 1.330917e-01
1277 2.048271e-05 1.250879e-01
1278 3.929617e-04 2.527494e-01
1279 1.271349e-07 5.990206e-03
1280 2.048031e-08 7.397622e-03
1281 1.773138e-08 8.544915e-03
1282 2.917129e-07 1.555901e-02
1283 5.698050e-07 1.315297e-02
1284 6.878489e-04 3.353028e-01
1285 8.417964e-06 3.581088e-02
1286 2.381517e-04 1.526966e-01
1287 1.196657e-09 7.191351e-03
1288 3.258496e-05 1.255106e-01
1289 1.522054e-04 1.544504e-01
1290 1.998431e-10 1.825324e-03
1291 3.465315e-06 8.289103e-02
1292 2.535989e-07 1.593854e-02
1293 1.300911e-04 2.242497e-01
1294 4.003479e-08 2.442952e-03
1295 3.699334e-06 1.843892e-02
1296 9.347114e-05 2.610309e-02
1297 1.006189e-03 5.003333e-01
1298 6.499886e-05 2.208554e-01
1299 5.026365e-06 2.330623e-02
1300 1.086130e-03 5.950694e-01
1301 2.535391e-06 5.295937e-03
1302 4.637225e-08 3.799554e-03
1303 3.512460e-05 4.019675e-02
1304 7.356377e-05 6.009172e-02
1305 1.489098e-04 1.433562e-01
1306 2.927338e-04 7.991171e-02
1307 3.479554e-03 4.537415e-01
1308 7.244063e-07 1.053169e-02
1309 5.416893e-04 4.053629e-01
1310 1.023724e-03 5.670475e-01
1311 6.363600e-04 2.422324e-01
1312 5.475854e-03 1.392533e+00
1313 1.153651e-07 4.961937e-03
1314 5.864419e-05 5.079792e-02
1315 1.346133e-07 6.036827e-03
1316 9.200122e-10 4.991604e-03
1317 3.084908e-09 3.432656e-03
1318 1.572066e-07 2.017340e-03
1319 1.321527e-09 2.521182e-03
1320 1.284622e-08 4.482810e-03
1321 2.374591e-09 4.118942e-03
1322 2.400674e-10 1.540510e-03
1323 2.716544e-07 1.500333e-02
1324 1.683312e-05 4.178567e-03
1325 1.551893e-07 6.829479e-03
1326 1.060226e-06 8.456513e-03
1327 1.473534e-06 1.028477e-02
1328 1.732484e-06 7.593703e-03
1329 1.521349e-11 2.764880e-03
1330 6.895701e-07 9.890501e-03
1331 2.423370e-04 1.886964e-01
1332 2.395106e-04 2.577887e-01
1333 3.438104e-06 3.358348e-02
1334 8.958291e-08 2.102712e-02
1335 1.658616e-05 3.470369e-02
1336 4.367132e-07 1.070852e-02
1337 2.256495e-06 6.581912e-03
1338 7.863699e-05 4.023436e-02
1339 2.145197e-05 3.047093e-02
1340 5.905141e-06 1.055276e-02
1341 1.905152e-06 9.290899e-03
1342 1.079698e-09 1.658675e-03
1343 2.147183e-03 8.862429e-01
1344 4.704408e-08 5.170945e-03
1345 5.161172e-04 4.547580e-01
1346 5.443160e-05 9.925521e-02
1347 1.942561e-04 1.019019e-01
1348 3.465807e-05 3.179775e-02
1349 2.283463e-06 1.348250e-02
1350 4.730494e-03 8.714357e-01
1351 9.094450e-04 4.251913e-01
1352 1.553839e-03 5.474353e-01
1353 1.737155e-10 3.320919e-03
1354 2.014045e-08 3.139669e-03
1355 4.278065e-04 5.897287e-02
1356 4.757201e-07 4.641678e-03
1357 7.936044e-07 5.480167e-03
1358 7.489827e-04 5.684349e-01
1359 7.862714e-07 2.577231e-02
1360 1.324072e-05 6.066287e-03
1361 1.044517e-05 1.493035e-02
1362 4.280864e-07 3.823262e-03
1363 6.629956e-10 1.349370e-03
1364 6.152470e-09 1.292898e-03
1365 1.261103e-09 1.908650e-03
1366 1.740057e-07 7.162704e-03
1367 2.206025e-06 3.812191e-02
1368 8.258320e-08 3.361854e-03
1369 6.832643e-09 2.318001e-03
1370 2.567725e-10 1.156475e-03
1371 2.242344e-06 2.956536e-03
1372 1.398949e-08 1.249788e-03
1373 6.395945e-08 2.062447e-03
1374 1.471383e-07 9.164307e-03
1375 2.485313e-03 3.646054e-01
1376 6.351211e-05 3.253418e-02
1377 4.605057e-04 1.115523e-01
1378 9.914236e-08 1.159291e-02
1379 1.056215e-03 1.885776e-01
1380 6.401732e-05 7.283173e-02
1381 7.102170e-07 2.260525e-02
1382 7.550024e-08 2.297879e-03
1383 4.948884e-06 8.311587e-03
1384 1.142332e-03 6.487543e-01
1385 1.290867e-05 4.273109e-02
1386 4.012599e-04 1.913541e-01
1387 2.427979e-03 8.150122e-01
1388 3.838671e-03 7.147081e-01
1389 3.560334e-07 8.150856e-03
1390 2.095526e-04 2.443554e-01
1391 4.059205e-06 1.909302e-02
1392 6.352097e-08 1.609761e-02
1393 5.413007e-08 3.106940e-03
1394 5.453276e-08 1.089422e-02
1395 2.602949e-05 4.590993e-02
1396 2.124217e-07 5.310103e-03
1397 3.440919e-08 4.621724e-03
1398 1.078118e-03 5.701535e-01
1399 1.977871e-05 2.142837e-02
1400 1.683839e-06 9.220797e-03
1401 5.003002e-05 6.627948e-02
1402 2.911497e-07 4.072557e-03
1403 7.629191e-05 9.363301e-03
1404 3.825559e-05 4.463271e-02
1405 4.741224e-08 2.198788e-03
1406 4.647327e-05 2.357794e-02
1407 9.240679e-08 2.709728e-03
1408 8.078367e-09 2.399561e-03
1409 5.339752e-05 5.799420e-02
1410 2.097241e-04 2.311073e-01
1411 1.473967e-05 1.611973e-01
1412 2.171013e-03 4.553876e-01
1413 2.737976e-07 2.522237e-03
1414 3.153682e-03 9.151472e-01
1415 1.322314e-08 3.235241e-03
1416 4.875236e-06 6.358154e-03
1417 2.577937e-05 1.557549e-02
1418 7.747027e-07 4.036519e-03
1419 7.449971e-05 1.288379e-01
1420 2.781520e-04 4.457496e-01
1421 6.594735e-05 1.718302e-01
1422 2.391120e-04 1.209453e-01
1423 3.783673e-03 6.774848e-01
1424 5.973527e-08 9.905085e-03
1425 1.364495e-03 9.709338e-01
1426 1.026622e-03 5.560871e-01
1427 3.217480e-05 4.547831e-02
1428 1.211728e-04 2.333788e-02
1429 2.005734e-06 1.173632e-02
1430 2.893592e-05 4.813072e-02
1431 8.809449e-05 5.077238e-02
1432 2.268865e-04 1.101893e-01
1433 8.444241e-08 7.804371e-03
1434 7.703555e-08 3.260784e-02
1435 4.744986e-06 6.397035e-02
1436 9.951636e-04 4.939095e-01
1437 1.930241e-06 4.942118e-03
1438 5.257886e-05 1.343300e-02
1439 8.017923e-04 1.080387e+00
1440 1.204471e-04 8.385875e-02
1441 3.245466e-03 9.445597e-01
1442 2.300359e-11 2.166491e-03
1443 2.366159e-07 5.638178e-02
1444 2.212539e-07 3.610609e-02
1445 1.110515e-06 4.734588e-02
1446 4.367429e-08 6.453137e-03
1447 4.185235e-04 7.299952e-02
1448 2.561510e-07 9.902798e-03
1449 1.886556e-04 1.421146e-01
1450 6.802599e-04 1.402995e-01
1451 1.590018e-08 1.814851e-03
1452 2.280599e-07 1.412819e-02
1453 3.659825e-07 2.087248e-03
1454 2.296703e-08 1.287681e-02
1455 1.111883e-09 4.418765e-03
1456 6.194949e-06 1.078157e-02
1457 4.356078e-09 5.411944e-03
1458 1.476198e-09 2.875292e-03
1459 1.014562e-05 1.035590e-02
1460 2.023648e-09 4.512157e-03
1461 2.792783e-09 7.683455e-03
1462 2.571532e-08 8.574001e-03
1463 2.052814e-06 3.616235e-02
1464 3.659774e-04 8.329487e-01
1465 2.994547e-04 4.699725e-01
1466 1.632537e-03 4.785668e-01
1467 2.079408e-04 6.136294e-02
1468 5.568976e-04 8.916911e-01
1469 1.329738e-03 5.643379e-01
1470 8.469171e-05 4.868349e-02
1471 8.380853e-05 3.244851e-02
1472 1.982776e-05 1.302659e-01
1473 3.015972e-09 2.959126e-03
1474 2.807088e-10 1.252711e-02
1475 4.575260e-08 4.541120e-03
1476 5.111902e-06 9.472826e-03
1477 5.183866e-04 4.005372e-01
1478 7.081310e-07 2.855228e-02
1479 1.538348e-03 2.055410e-01
1480 3.549288e-04 2.053587e-01
1481 2.536144e-06 3.463778e-02
1482 2.663403e-05 6.716142e-02
1483 2.380627e-06 1.215606e-02
1484 8.433441e-06 8.401051e-03
1485 6.522161e-06 9.677017e-03
1486 2.456893e-03 5.277127e-01
1487 6.350167e-05 1.760252e-02
1488 5.523595e-05 5.095738e-02
1489 2.502794e-04 2.750786e-02
1490 3.383218e-05 1.179743e-02
1491 1.977473e-03 3.922896e-01
1492 9.310452e-07 2.295905e-02
1493 2.852358e-06 5.578906e-03
1494 3.815344e-06 2.296386e-02
1495 2.369209e-04 3.798413e-01
1496 4.992359e-05 1.391049e-02
1497 2.393893e-04 1.277733e-01
1498 4.068088e-03 9.570947e-01
1499 8.356361e-05 7.121096e-02
1500 6.034713e-07 1.034710e-02
1501 5.627453e-04 1.967426e-01
1502 9.292054e-04 2.389826e-01
1503 1.728372e-04 6.295832e-02
1504 1.043037e-03 8.264723e-01
1505 1.645229e-06 7.145915e-02
1506 2.627049e-06 1.830718e-03
1507 6.211754e-04 3.186582e-01
1508 3.246919e-03 1.182377e+00
1509 8.962287e-07 4.446423e-03
1510 7.812281e-08 3.760173e-03
1511 1.048534e-03 3.456424e-01
1512 2.029464e-07 1.081443e-03
1513 2.290537e-07 1.735595e-02
1514 5.482069e-08 5.220989e-03
1515 5.713693e-06 1.103386e-02
1516 5.608833e-05 1.133531e-01
1517 1.270762e-05 1.784535e-02
1518 9.373790e-06 8.773114e-02
1519 3.873781e-10 1.807417e-03
1520 5.879771e-04 1.159550e-01
1521 3.037166e-08 2.454124e-03
1522 1.892551e-08 4.728310e-03
1523 7.990842e-07 7.664145e-03
1524 9.276560e-04 4.778426e-01
1525 8.961966e-05 5.876052e-02
1526 3.606163e-06 2.443779e-02
1527 1.067820e-04 1.001854e-01
1528 1.302115e-05 1.183934e-02
1529 1.058933e-05 2.973406e-02
1530 1.060413e-06 7.437311e-03
1531 8.162961e-04 2.115694e-01
1532 3.370880e-06 2.076506e-02
1533 4.052900e-05 1.251903e-01
1534 1.179226e-03 6.138807e-01
1535 7.018649e-04 7.111164e-01
1536 8.752962e-04 3.973389e-01
1537 5.283100e-08 8.427064e-03
1538 6.806662e-05 3.931530e-01
1539 7.545514e-07 2.707732e-02
1540 1.344516e-08 4.668537e-02
1541 7.708805e-04 3.233746e-01
1542 3.147185e-03 1.526657e+00
1543 1.412986e-08 5.589844e-03
1544 7.028918e-07 1.686454e-02
1545 3.838697e-10 3.642920e-03
1546 1.291979e-04 1.653571e-01
1547 1.224829e-05 3.958908e-02
1548 5.821762e-08 3.962727e-02
1549 4.542794e-10 2.624711e-03
1550 1.057304e-04 8.371935e-02
1551 1.558756e-07 1.657348e-02
1552 2.804049e-08 1.276767e-03
1553 4.842147e-08 3.209734e-03
1554 1.908356e-03 6.033561e-01
1555 1.634084e-03 4.386738e-01
1556 1.100452e-05 4.188315e-02
1557 4.413056e-04 3.050307e-01
1558 1.068599e-03 4.318193e-01
1559 1.720771e-03 5.552297e-01
1560 1.330785e-06 5.871481e-03
1561 5.284511e-04 1.131285e-01
1562 1.641124e-06 1.429472e-02
1563 5.310695e-04 2.481328e-01
1564 2.472099e-07 8.080255e-03
1565 2.335922e-04 1.043274e-01
1566 7.751523e-05 4.388827e-02
1567 1.599602e-05 8.472465e-03
1568 4.092777e-04 5.451866e-02
1569 5.191519e-04 8.104651e-02
1570 1.182624e-04 9.936413e-02
1571 2.948221e-04 9.051655e-02
1572 7.813504e-10 1.951208e-03
1573 1.274910e-03 3.890519e-01
1574 1.555925e-06 5.728138e-03
1575 1.853072e-05 2.535166e-02
1576 4.923909e-05 1.894224e-02
1577 5.369333e-04 3.788596e-01
1578 1.228753e-07 6.682308e-03
1579 1.280157e-04 4.217352e-02
1580 3.496851e-09 2.504868e-03
1581 6.685074e-06 6.278804e-03
1582 2.812773e-06 7.740545e-03
1583 9.485850e-04 2.336041e-01
1584 2.335697e-06 9.955663e-03
1585 1.465123e-03 7.593864e-01
1586 8.904249e-04 6.325413e-01
1587 6.193874e-04 1.740850e-01
1588 4.261955e-04 2.762476e-01
1589 3.840885e-04 2.598727e-01
1590 7.456183e-04 4.198629e-01
1591 1.035249e-05 6.533000e-02
1592 2.987530e-05 4.167031e-02
1593 5.427373e-04 1.622867e-01
1594 2.840953e-05 5.418211e-02
1595 1.334774e-03 9.711451e-02
1596 1.383721e-04 4.554735e-02
1597 1.719009e-04 5.194788e-02
1598 3.983981e-05 1.475338e-01
1599 5.339817e-06 5.007756e-03
1600 2.299910e-03 2.530333e-01
1601 1.916126e-06 1.807106e-03
1602 5.775557e-03 1.141779e+00
1603 2.638639e-08 2.591238e-03
1604 4.277734e-09 2.526649e-03
1605 2.886144e-04 1.397230e-01
1606 5.865816e-11 2.940810e-03
1607 9.657681e-09 1.979541e-03
1608 1.192864e-07 2.098292e-03
1609 7.622500e-04 1.818233e-01
1610 2.811508e-04 1.404084e-01
1611 5.068224e-12 1.884622e-03
1612 1.306570e-08 2.244991e-03
1613 1.288044e-05 5.279904e-03
1614 3.671583e-07 5.514659e-03
1615 4.224636e-04 3.136988e-01
1616 1.273249e-04 1.701832e-01
1617 5.488899e-04 2.278526e-01
1618 1.235281e-04 9.014061e-02
1619 3.277624e-04 7.078207e-01
1620 1.976197e-06 1.138478e-02
1621 2.299163e-04 1.762682e-01
1622 4.048397e-07 5.945272e-03
1623 8.504111e-06 5.409671e-02
1624 1.452700e-08 5.302467e-03
1625 6.916573e-10 1.697812e-03
1626 1.817814e-08 9.855085e-03
1627 1.283272e-07 6.900618e-03
1628 6.543625e-10 1.990332e-03
1629 1.120537e-04 9.900137e-02
1630 2.016948e-10 1.722794e-03
1631 1.236782e-06 1.230156e-02
1632 2.141280e-08 1.017284e-02
1633 3.628907e-05 5.527970e-02
1634 8.595658e-04 8.500385e-01
1635 1.768875e-03 5.521074e-01
1636 1.568994e-03 1.387812e+00
1637 4.710034e-04 1.895377e-01
1638 1.232621e-03 1.765698e-01
1639 2.912564e-03 1.293866e+00
1640 2.009560e-03 4.342891e-01
1641 6.141283e-04 4.329496e-01
1642 4.224040e-04 1.299661e-01
1643 3.728584e-05 5.911630e-02
1644 6.057146e-04 2.126137e-01
1645 5.003041e-09 1.659692e-03
1646 1.330920e-03 1.711195e-01
1647 8.254814e-04 4.089875e-01
1648 7.849575e-07 6.675651e-03
1649 1.759994e-05 3.821165e-02
1650 1.201526e-03 4.783695e-01
1651 1.105568e-04 1.468017e-02
1652 2.318692e-03 9.612868e-01
1653 1.384335e-03 8.672569e-01
1654 9.338246e-08 2.856878e-03
1655 3.506816e-06 8.767324e-03
1656 4.860960e-11 3.791158e-03
1657 1.057406e-09 1.275111e-03
1658 3.870965e-08 3.473375e-03
1659 8.654727e-08 1.106756e-02
1660 2.441991e-11 2.013570e-03
1661 1.836702e-04 1.731052e-01
1662 4.836486e-09 8.360171e-03
1663 5.543654e-05 7.658054e-02
1664 6.380285e-10 7.017860e-03
1665 1.267712e-03 1.962003e-01
1666 6.627416e-06 1.056009e-01
1667 4.686126e-05 7.093284e-02
1668 3.926187e-07 3.223435e-03
1669 5.263168e-07 6.676545e-03
1670 9.405241e-07 1.150971e-02
1671 1.404979e-08 4.716377e-03
1672 1.050860e-06 3.291679e-02
1673 9.350883e-05 8.740681e-02
1674 2.334282e-05 5.791222e-03
1675 1.819688e-04 5.769658e-02
1676 7.627478e-09 1.488866e-03
1677 7.453207e-06 2.193332e-02
1678 3.883920e-04 3.327969e-01
1679 2.407841e-05 1.540570e-02
1680 9.535758e-07 1.895680e-02
1681 1.483243e-04 1.219515e-01
1682 2.620366e-06 8.638213e-03
1683 1.502747e-09 1.427047e-02
1684 8.583217e-09 7.037588e-03
1685 2.523837e-11 2.228347e-03
1686 1.823425e-05 4.983383e-02
1687 1.585088e-05 2.295760e-02
1688 1.629480e-09 1.181092e-03
1689 4.355387e-06 4.603070e-02
1690 9.599297e-07 1.147068e-02
1691 6.553379e-05 8.758906e-02
1692 1.632712e-03 8.450219e-01
1693 3.517060e-04 6.625668e-01
1694 4.220823e-04 2.431624e-01
1695 5.803127e-07 9.302276e-03
1696 4.905681e-09 3.059884e-03
1697 2.080335e-09 6.228445e-03
1698 4.477144e-05 1.658770e-01
1699 7.705251e-08 1.733643e-02
1700 2.624326e-04 6.766752e-02
1701 6.031483e-07 1.071813e-02
1702 6.712706e-07 6.376580e-03
1703 1.910728e-06 1.689780e-02
1704 7.675645e-07 7.485587e-03
1705 5.362901e-04 4.860691e-01
1706 6.088265e-05 5.899924e-02
1707 2.480515e-07 3.562652e-03
1708 5.591507e-13 2.066073e-03
1709 3.327489e-12 5.400189e-03
1710 6.111815e-11 1.420092e-03
1711 1.994374e-08 1.075676e-02
1712 3.426006e-08 5.685462e-03
1713 2.694555e-09 4.481615e-03
1714 5.642137e-08 6.155961e-03
1715 1.658022e-07 4.581078e-03
1716 7.767937e-10 6.170895e-03
1717 2.863812e-10 2.196920e-03
1718 8.393510e-08 1.830073e-02
1719 7.381796e-13 1.983144e-03
1720 3.442400e-07 4.907645e-03
1721 8.678297e-11 1.543078e-03
1722 4.065987e-07 1.304794e-02
1723 9.637978e-12 1.305811e-03
1724 1.924877e-12 1.416024e-03
1725 1.800195e-09 1.943362e-03
1726 8.860476e-07 3.796884e-02
1727 4.808089e-10 1.036305e-02
1728 6.863389e-10 2.571058e-03
1729 5.787184e-07 1.452602e-02
1730 2.266805e-08 4.534515e-03
1731 1.130299e-08 4.026276e-03
1732 1.206406e-03 2.252027e-01
1733 2.420113e-03 4.099641e-01
1734 5.258586e-04 5.280433e-01
1735 3.348574e-06 7.579711e-02
1736 2.071057e-08 7.941026e-03
1737 1.554891e-06 9.519161e-03
1738 5.516266e-05 2.650477e-01
1739 1.076245e-03 4.799005e-01
1740 1.019889e-06 2.542607e-02
1741 1.589758e-11 1.330465e-03
1742 1.229383e-08 1.712119e-03
1743 2.233994e-08 4.125920e-03
1744 1.645288e-08 2.080777e-03
1745 7.297686e-11 2.243356e-03
1746 4.279958e-08 8.589161e-03
1747 1.286531e-07 2.371742e-02
1748 1.072362e-04 1.902654e-02
1749 9.756130e-07 7.107772e-03
1750 2.391141e-07 8.907735e-03
1751 2.392086e-09 4.101608e-03
1752 9.082323e-10 7.636152e-03
1753 2.221171e-05 1.131601e-01
1754 8.780903e-04 5.950332e-01
1755 3.514341e-03 6.893902e-01
1756 4.514270e-07 2.012833e-02
1757 9.640806e-05 8.799899e-02
1758 1.975309e-03 9.078200e-01
1759 5.429666e-04 2.050671e-01
1760 7.208822e-04 3.700447e-01
1761 4.120669e-03 9.920463e-01
1762 1.732483e-03 9.326594e-01
1763 6.364939e-05 2.201798e-01
1764 5.208221e-05 3.224785e-02
1765 3.563560e-05 5.201078e-02
1766 5.829060e-04 3.757267e-01
1767 4.473331e-05 7.862856e-02
1768 1.769062e-05 3.760760e-02
1769 1.847147e-04 1.720227e-01
1770 1.224459e-03 2.952739e-01
1771 8.013760e-06 1.260748e-01
1772 1.045850e-08 4.459244e-03
1773 4.102110e-03 2.348043e+00
1774 1.427553e-03 4.750939e-01
1775 2.274363e-03 1.513447e+00
1776 8.224660e-04 3.253633e-01
1777 2.213939e-05 6.296905e-02
1778 3.796374e-04 7.777404e-01
1779 1.489181e-03 1.940750e-01
1780 2.184896e-05 7.504217e-02
1781 1.228340e-04 4.263418e-02
1782 5.036924e-06 4.069131e-02
1783 3.384021e-03 1.196626e+00
1784 3.481955e-05 8.677978e-02
1785 1.979817e-05 1.105706e-01
1786 5.237646e-04 9.560623e-02
1787 7.028545e-04 1.474678e-01
1788 2.539070e-03 4.770049e-01
1789 2.137625e-04 1.980827e-01
1790 6.760553e-06 2.094466e-02
1791 2.331129e-05 1.708207e-01
1792 7.942202e-04 3.697823e-01
1793 1.368006e-04 1.164996e-01
1794 2.404156e-05 4.918638e-02
1795 5.552960e-05 4.783777e-02
1796 5.292097e-05 1.260745e-01
1797 5.046052e-05 1.213750e-01
1798 7.362807e-06 5.094341e-02
1799 2.192558e-06 1.619927e-02
1800 4.367842e-05 2.225291e-01
1801 3.669229e-05 4.996265e-02
1802 9.338329e-04 9.113986e-01
1803 7.877932e-04 4.086931e-01
1804 4.875289e-04 3.419957e-01
1805 5.800642e-05 1.038407e-01
1806 4.287150e-05 7.829324e-02
1807 1.617131e-05 3.936207e-02
1808 2.121508e-04 3.461060e-01
1809 2.358974e-06 2.382287e-02
1810 7.160263e-08 9.326972e-03
1811 1.808162e-07 1.307444e-02
1812 8.657742e-05 2.922933e-02
1813 4.557287e-06 1.094223e-02
1814 7.183117e-09 2.086850e-02
1815 1.755072e-06 7.469745e-02
1816 5.124931e-06 3.092431e-02
1817 5.892588e-05 1.119046e-01
1818 5.211162e-07 4.665325e-02
1819 9.541349e-04 8.788198e-01
1820 2.209150e-04 1.835795e-01
1821 4.000562e-05 3.285912e-02
1822 4.840005e-07 2.106817e-02
1823 7.692884e-07 4.881263e-02
1824 6.617659e-04 1.669685e-01
1825 1.243714e-03 5.997482e-01
1826 4.251741e-04 1.522938e-01
1827 1.012430e-06 1.265119e-02
1828 7.577383e-07 1.843838e-02
1829 7.762555e-07 1.714680e-02
1830 2.073874e-03 1.414483e+00
1831 1.890043e-06 9.813476e-03
1832 2.818007e-04 8.846277e-02
1833 1.517690e-09 1.114258e-02
1834 5.824368e-06 2.504598e-02
1835 7.735719e-10 8.520747e-03
1836 3.612121e-07 6.966469e-03
1837 1.461683e-03 3.801262e-01
1838 8.704647e-05 4.114045e-02
1839 3.274278e-06 4.719297e-02
1840 2.836473e-05 8.787037e-02
1841 9.952721e-06 5.397676e-02
1842 3.500727e-06 2.259460e-02
1843 1.856422e-05 1.952340e-02
1844 4.347358e-06 2.182898e-02
1845 9.920676e-05 4.211329e-02
1846 9.210763e-07 7.466841e-03
1847 2.506051e-05 2.002257e-02
1848 5.724123e-07 1.294905e-02
1849 7.791190e-08 1.540229e-02
1850 3.195760e-07 1.007389e-02
1851 8.676787e-07 6.235986e-03
1852 1.423959e-07 4.859749e-03
1853 1.208585e-05 5.580665e-03
1854 4.721154e-04 1.423967e-01
1855 5.442836e-06 3.013658e-02
1856 3.682728e-04 1.350365e-01
1857 5.228769e-04 2.758189e-01
1858 6.101338e-05 1.186618e-01
1859 1.690233e-06 6.144101e-03
1860 8.611642e-04 2.698535e-01
1861 4.627872e-09 7.876859e-03
1862 2.553550e-06 1.008005e-02
1863 5.722115e-07 2.653966e-02
1864 8.995994e-04 2.673475e-01
1865 2.429883e-04 1.246652e-01
1866 9.587570e-07 5.062518e-02
1867 2.846025e-07 1.207131e-02
1868 2.391456e-08 9.839971e-03
1869 1.555409e-08 6.762940e-03
1870 7.545075e-07 1.605465e-02
1871 3.750506e-04 4.188502e-01
1872 5.034321e-04 2.924106e-01
1873 9.159022e-05 4.467575e-02
1874 2.234734e-05 1.016376e-01
1875 1.249350e-03 2.996879e-01
1876 5.335903e-05 1.884162e-02
1877 4.818230e-05 4.290673e-02
1878 2.238881e-05 1.331474e-02
1879 2.650057e-05 3.920217e-02
1880 1.448332e-05 2.440255e-02
1881 2.898143e-04 3.490133e-01
1882 7.415135e-07 6.507493e-02
1883 1.465286e-06 4.456488e-02
1884 1.301992e-05 9.095953e-02
1885 8.446659e-07 3.905959e-02
1886 4.256611e-06 1.168871e-01
1887 2.803399e-07 8.744323e-03
1888 1.259361e-07 1.633830e-02
1889 1.457891e-08 7.998428e-03
1890 6.373276e-11 5.479536e-03
1891 1.979619e-08 5.629236e-03
1892 2.919609e-07 6.094865e-03
1893 1.956354e-10 2.192672e-02
1894 4.517869e-06 6.397839e-02
1895 5.661098e-05 4.159425e-02
1896 8.963142e-08 5.071605e-03
1897 1.263052e-09 3.676955e-03
1898 4.985633e-06 4.217906e-03
1899 2.114724e-05 2.598935e-02
1900 1.319930e-05 2.530452e-02
1901 3.399599e-11 1.743950e-03
1902 1.803170e-03 5.284311e-01
1903 7.414175e-04 4.331502e-01
1904 1.967429e-04 6.076379e-02
1905 8.166320e-04 2.692781e-01
1906 4.253082e-03 9.657291e-01
1907 1.697996e-08 7.412982e-03
1908 2.600380e-07 8.259849e-03
1909 8.236500e-07 5.510037e-03
1910 8.555888e-05 6.119269e-02
1911 5.572046e-07 1.207377e-02
1912 2.462070e-05 8.383036e-02
1913 6.672249e-05 8.551262e-02
1914 3.225581e-04 2.377866e-01
1915 2.194625e-03 9.678669e-01
1916 5.784995e-04 3.492578e-01
1917 7.306069e-04 2.248200e-01
1918 2.407510e-04 2.333924e-01
1919 1.824355e-03 4.987966e-01
1920 1.371594e-05 7.358002e-02
1921 8.932331e-06 4.748222e-02
1922 1.031716e-03 2.835945e-01
1923 6.356065e-04 2.082035e-01
1924 6.060463e-04 4.821736e-01
1925 5.017334e-06 7.647719e-02
1926 3.801213e-06 2.542563e-02
1927 1.344719e-04 1.747441e-01
1928 1.507080e-04 3.833217e-01
1929 5.645704e-05 7.191920e-02
1930 1.496752e-07 6.105353e-03
1931 8.082301e-08 3.884962e-02
1932 2.730200e-08 2.590927e-02
1933 1.598144e-04 8.343671e-02
1934 2.354604e-07 7.645030e-03
1935 2.589903e-05 6.762235e-02
1936 1.704466e-05 2.296790e-02
1937 2.278437e-04 1.869475e-01
1938 1.928964e-03 2.527754e-01
1939 1.012112e-04 9.466301e-02
1940 3.490219e-05 1.070148e-01
1941 9.585138e-08 8.000667e-03
1942 3.421800e-04 1.949331e-01
1943 4.911242e-04 1.502717e-01
1944 1.525059e-05 3.876662e-02
1945 7.550148e-07 1.417316e-02
1946 1.834416e-05 1.454796e-01
1947 1.478654e-05 2.844578e-02
1948 2.059803e-04 2.192722e-01
1949 1.675781e-03 8.357657e-01
1950 9.748542e-04 3.379701e-01
1951 1.200528e-03 4.406634e-01
1952 1.910141e-05 1.533412e-01
1953 5.200057e-05 2.838962e-02
1954 2.434077e-05 2.053512e-02
1955 1.013676e-03 7.449701e-01
1956 2.692404e-03 5.985000e-01
1957 3.291591e-03 1.011199e+00
1958 1.046618e-03 5.589208e-01
1959 1.054106e-09 7.319844e-03
1960 1.356387e-05 2.059046e-02
1961 4.022229e-12 2.938944e-03
1962 1.293309e-08 7.225335e-03
1963 3.760348e-11 2.056927e-03
1964 1.645969e-10 3.510109e-03
1965 3.121053e-05 5.478897e-02
1966 9.848859e-07 1.216055e-02
1967 2.212649e-03 3.308696e-01
1968 1.896121e-05 2.767958e-02
1969 3.476137e-06 2.195239e-02
1970 1.666124e-06 9.837683e-03
1971 1.773930e-06 2.673856e-02
1972 1.175845e-08 7.143746e-03
1973 7.425523e-04 3.533430e-01
1974 1.636943e-06 4.130328e-02
1975 6.013387e-07 1.717540e-02
1976 9.135555e-06 3.464289e-02
1977 4.571287e-04 3.442455e-01
1978 2.496840e-04 7.938155e-02
1979 4.692199e-04 1.271402e-01
1980 1.690065e-03 2.114014e-01
1981 1.857372e-03 1.718581e-01
1982 5.642295e-05 1.742635e-01
1983 1.435965e-03 8.016644e-01
1984 5.007152e-05 1.030517e-01
1985 2.820948e-05 2.367337e-01
1986 4.745517e-05 9.132758e-02
1987 6.128803e-04 9.892734e-01
1988 1.648625e-05 5.462484e-02
1989 2.581041e-05 5.584141e-02
1990 1.121711e-03 2.938398e-01
1991 1.630252e-07 1.452516e-02
1992 7.401796e-05 6.560950e-02
1993 1.491691e-03 4.041855e-01
1994 8.068613e-04 1.198575e-01
1995 1.929130e-05 7.941071e-02
1996 9.464686e-05 1.026940e-01
1997 4.361300e-03 1.134921e+00
1998 1.153742e-04 2.784111e-01
1999 1.785191e-03 6.625577e-01
2000 9.089691e-04 3.173186e-01
