2 6.504158e-05 1.699643e-01
3 1.053116e-03 1.067114e+00
4 1.737853e-03 5.424607e-01
5 9.617705e-05 1.515469e-01
6 1.739721e-03 1.616601e+00
7 1.407882e-03 5.369583e-01
8 2.927611e-06 5.500706e-02
9 4.197323e-07 1.146489e-02
10 1.763226e-03 3.203111e-01
11 1.332904e-03 6.650451e-01
12 4.115361e-05 4.842300e-02
13 2.658128e-03 8.810151e-01
14 6.781580e-04 2.116903e-01
15 1.715153e-04 1.088509e-01
16 8.464788e-05 6.996551e-02
17 1.165656e-05 2.508526e-02
18 1.991517e-03 3.093922e-01
19 5.563887e-05 3.399880e-01
20 7.816945e-04 6.593077e-01
21 1.212845e-03 4.268321e-01
22 2.018958e-05 3.366882e-02
23 5.195346e-03 1.104935e+00
24 2.992480e-03 7.279701e-01
25 5.380399e-05 6.260114e-02
26 1.908337e-03 9.305445e-01
27 5.570631e-04 1.399227e-01
28 2.931424e-04 8.388224e-02
29 4.598206e-03 1.223461e+00
30 8.247320e-07 7.901894e-03
31 2.686846e-03 5.815368e-01
32 1.857006e-03 8.004799e-01
33 1.713587e-04 4.935825e-02
34 1.060896e-05 1.056417e-02
35 6.271977e-05 2.895572e-01
36 3.619330e-04 1.412326e-01
37 9.656343e-04 1.385768e+00
38 4.139113e-03 1.955915e+00
39 1.822261e-03 9.148725e-01
40 2.425825e-04 3.007252e-01
41 4.389981e-07 7.232110e-03
42 3.989643e-03 1.328582e+00
43 1.097409e-05 1.966933e-02
44 8.643940e-09 3.026522e-03
45 2.006630e-07 2.817226e-03
46 1.275118e-09 1.441456e-03
47 7.152069e-09 6.340178e-03
48 6.656840e-08 7.272763e-03
49 6.248426e-08 9.177320e-03
50 4.343841e-07 3.352412e-02
51 1.668678e-08 3.201380e-03
52 8.809687e-08 5.695098e-03
53 2.046432e-08 5.715851e-03
54 1.640793e-08 4.309027e-03
55 3.266698e-09 3.403692e-03
56 1.266097e-06 2.305738e-02
57 1.786035e-06 4.339383e-02
58 3.956372e-09 1.718153e-03
59 1.148732e-06 1.318970e-02
60 6.087372e-08 2.459199e-03
61 3.740536e-09 4.242492e-03
62 4.864391e-08 1.363909e-03
63 3.326862e-07 5.819119e-03
64 1.732693e-08 1.184482e-02
65 2.498828e-08 2.830345e-03
66 5.856090e-08 4.910450e-03
67 1.124721e-09 4.816409e-03
68 1.859783e-06 1.222985e-02
69 1.131483e-05 1.222725e-02
70 1.636251e-03 8.735692e-01
71 1.918424e-11 4.412656e-03
72 1.798533e-04 9.887649e-02
73 4.279214e-07 4.652296e-03
74 3.796648e-08 5.806264e-03
75 7.936510e-08 5.867872e-03
76 1.679448e-05 9.638143e-03
77 5.627129e-07 4.920909e-03
78 1.857067e-05 5.453998e-02
79 2.375041e-06 1.154567e-02
80 4.511415e-05 1.046027e-01
81 1.929241e-07 3.218948e-03
82 1.609779e-05 4.776997e-02
83 9.558579e-09 2.531070e-03
84 7.195564e-05 3.595163e-02
85 2.613082e-07 8.037821e-03
86 9.660082e-04 7.866935e-02
87 5.399818e-04 2.970925e-01
88 9.640048e-10 2.775840e-03
89 1.149742e-04 7.272004e-02
90 1.452510e-04 1.431539e-01
91 6.325217e-06 2.052865e-02
92 1.864209e-04 1.183058e-01
93 1.510357e-05 5.606556e-02
94 4.573980e-07 9.066322e-03
95 5.130553e-10 5.393071e-03
96 3.431711e-06 1.518320e-02
97 4.846784e-05 2.620288e-02
98 3.792553e-04 9.099041e-02
99 1.745856e-04 3.563053e-01
100 2.120747e-03 1.262239e+00
101 7.708032e-04 2.347201e-01
102 1.885300e-07 6.798657e-03
103 9.129771e-04 3.288913e-01
104 1.086858e-08 2.473651e-02
105 9.996058e-04 1.438529e-01
106 4.838332e-05 8.052781e-02
107 3.176918e-07 1.226776e-02
108 1.877070e-05 1.171469e-01
109 1.785977e-07 1.221548e-02
110 2.377687e-06 4.844514e-03
111 4.398955e-07 1.090706e-02
112 4.452262e-08 1.961408e-02
113 2.971850e-04 2.015853e-01
114 4.505604e-05 2.237656e-02
115 2.811440e-04 4.418280e-02
116 3.847481e-04 1.263982e-01
117 1.431598e-06 7.652899e-03
118 1.300821e-08 3.735194e-03
119 1.736179e-03 8.478621e-01
120 4.376176e-05 4.889195e-02
121 3.535566e-07 9.112119e-03
122 6.990631e-07 5.348624e-03
123 6.529695e-04 1.827449e-01
124 3.880334e-06 1.479060e-02
125 5.194172e-05 1.788803e-01
126 1.704548e-05 1.637219e-02
127 1.297023e-07 1.172858e-02
128 1.541292e-03 5.435704e-01
129 9.506370e-04 6.835782e-01
130 7.961946e-06 8.078571e-02
131 2.520399e-04 2.742408e-01
132 2.506900e-05 3.247126e-02
133 1.147781e-03 1.308292e+00
134 2.832522e-04 7.310117e-02
135 1.435980e-03 5.264244e-01
136 4.097892e-10 2.287602e-03
137 1.410231e-07 1.306643e-02
138 1.047978e-06 4.196059e-03
139 2.498115e-06 1.076397e-02
140 4.812528e-04 9.218560e-02
141 3.780211e-06 8.806205e-03
142 6.314547e-05 2.996712e-01
143 1.162907e-04 1.486358e-01
144 1.218985e-03 3.334712e-01
145 2.290745e-05 6.424832e-02
146 7.454082e-07 1.470003e-02
147 1.522832e-04 8.969577e-02
148 1.327217e-06 6.704591e-03
149 2.392176e-04 1.029566e-01
150 5.130462e-05 1.104422e-01
151 4.207202e-04 1.091455e-01
152 4.781571e-05 4.306607e-02
153 1.123917e-06 1.081599e-02
154 3.625618e-06 1.752082e-02
155 1.118959e-07 3.190200e-03
156 3.274812e-05 3.310184e-02
157 9.389533e-08 1.321337e-02
158 6.884796e-11 3.780424e-03
159 5.407891e-07 1.793886e-02
160 9.087514e-07 1.043420e-02
161 2.003659e-06 5.416403e-03
162 9.148712e-08 1.729257e-02
163 1.459895e-06 1.769016e-02
164 7.984921e-06 1.705462e-02
165 4.901066e-08 1.801576e-03
166 4.925805e-07 2.631558e-03
167 1.750747e-05 1.046149e-02
168 1.813443e-06 5.913965e-03
169 3.465765e-05 4.138686e-02
170 2.044600e-06 8.111026e-03
171 6.928006e-05 6.920243e-02
172 3.644363e-04 6.527807e-01
173 5.355185e-04 1.179231e-01
174 1.141287e-03 3.285218e-01
175 1.256919e-10 1.263870e-03
176 1.782160e-06 1.525161e-02
177 6.108474e-09 3.191246e-03
178 3.300501e-08 7.886913e-03
179 9.167030e-07 1.329277e-02
180 4.564572e-10 1.277302e-03
181 1.418230e-04 1.243621e-01
182 1.473659e-03 2.567345e-01
183 2.186806e-05 4.624781e-02
184 1.695964e-06 9.699241e-03
185 6.703014e-10 1.523798e-03
186 2.143425e-06 4.948210e-02
187 2.799664e-03 1.097812e+00
188 7.969320e-05 6.850180e-02
189 6.055918e-06 1.587913e-02
190 1.325315e-06 5.773240e-03
191 1.402972e-06 7.157093e-03
192 2.828409e-08 5.864505e-03
193 9.428049e-09 6.284472e-03
194 2.867641e-08 6.120054e-03
195 6.368590e-04 5.288560e-02
196 4.579092e-07 8.438669e-03
197 7.653316e-08 2.127912e-02
198 6.114153e-05 1.889680e-02
199 8.272989e-07 2.062595e-02
200 2.308410e-04 1.494237e-01
201 2.710303e-06 9.342836e-02
202 7.441258e-06 1.702335e-02
203 5.154820e-05 2.171506e-01
204 8.742089e-07 4.846135e-03
205 4.068844e-05 5.520030e-02
206 1.412762e-04 7.689843e-02
207 5.862754e-06 3.435605e-02
208 2.764859e-05 1.022640e-01
209 8.127345e-04 2.661745e-01
210 7.824332e-06 6.002710e-02
211 5.624054e-05 2.232284e-01
212 1.016547e-08 5.027614e-03
213 5.390531e-06 1.680797e-02
214 1.152765e-06 1.434725e-02
215 2.203952e-07 1.247480e-02
216 5.858583e-06 4.065293e-02
217 3.022168e-07 3.038431e-03
218 4.413525e-07 4.760170e-03
219 5.454803e-08 2.564158e-03
220 2.511714e-05 2.621922e-01
221 4.992880e-09 5.697170e-03
222 1.442158e-06 4.380874e-02
223 1.312988e-03 3.095135e-01
224 2.022229e-09 2.300612e-03
225 1.711267e-09 3.232975e-03
226 4.273993e-07 1.235417e-02
227 2.891850e-08 4.285311e-03
228 1.222398e-07 6.430565e-03
229 1.162562e-06 1.846646e-02
230 4.322688e-04 4.097707e-01
231 1.470961e-10 2.043747e-03
232 1.147036e-03 9.154619e-01
233 5.688606e-08 9.451209e-03
234 6.464285e-07 5.401356e-03
235 1.305255e-10 7.405346e-03
236 7.123810e-04 2.431128e-01
237 6.333915e-04 4.852867e-01
238 6.542885e-08 5.107524e-03
239 2.012359e-05 1.744596e-02
240 4.156240e-06 6.962368e-02
241 2.988263e-04 5.573071e-01
242 2.657837e-06 3.914799e-02
243 4.199280e-08 4.579069e-03
244 3.821037e-09 1.879501e-03
245 1.232696e-09 1.284310e-03
246 8.549679e-04 2.963145e-01
247 6.525954e-04 1.990530e-01
248 1.364373e-04 3.806390e-01
249 5.378472e-04 6.290635e-01
250 4.825220e-04 3.668156e-01
251 6.981954e-10 1.293959e-03
252 4.407204e-08 8.792853e-03
253 2.533802e-08 4.244843e-03
254 1.347239e-06 2.336208e-02
255 1.356382e-07 9.053157e-03
256 1.415298e-10 2.437827e-03
257 2.656691e-08 5.316879e-03
258 1.773427e-03 2.499275e-01
259 3.768820e-09 1.457283e-03
260 2.201941e-07 1.011901e-02
261 1.646683e-04 1.963746e-02
262 3.181696e-07 1.890052e-03
263 1.576597e-05 8.994346e-03
264 1.381794e-06 3.002887e-02
265 8.255705e-06 8.255903e-02
266 1.893957e-06 1.271323e-02
267 3.263740e-07 1.991022e-02
268 8.518642e-07 1.032453e-02
269 2.719086e-04 2.014833e-01
270 1.380147e-10 3.605462e-03
271 3.234940e-06 2.011945e-02
272 2.839220e-06 1.417940e-02
273 1.571937e-04 1.479237e-01
274 5.533985e-10 1.879395e-03
275 1.226106e-03 3.243341e-01
276 7.481556e-07 1.871033e-02
277 5.883262e-10 4.011113e-03
278 4.450478e-05 1.198533e-01
279 2.599358e-08 5.221454e-03
280 1.188722e-05 8.520871e-02
281 4.845792e-04 2.295704e-01
282 1.458325e-08 2.092127e-03
283 6.383846e-08 7.077559e-03
284 6.919429e-09 4.750989e-03
285 6.546181e-09 9.256861e-03
286 3.163133e-08 6.186279e-03
287 9.479185e-09 5.092393e-03
288 2.563965e-08 2.227475e-03
289 1.431552e-03 5.225189e-01
290 2.062197e-09 1.422052e-03
291 1.842163e-05 2.238562e-02
292 8.758885e-04 5.746002e-01
293 4.353397e-06 6.049819e-03
294 1.617791e-08 4.366714e-03
295 9.196623e-09 1.781053e-02
296 2.643920e-06 1.262586e-01
297 1.342308e-06 1.912580e-02
298 6.522335e-07 5.976789e-03
299 5.282760e-08 4.272382e-03
300 3.264178e-06 1.662077e-02
301 2.842508e-04 4.549756e-01
302 1.464884e-07 3.622365e-03
303 2.442723e-07 2.064450e-02
304 7.412825e-04 1.851271e-01
305 7.628181e-05 3.391935e-02
306 6.669461e-05 3.825059e-02
307 9.141603e-04 6.041082e-01
308 1.460000e-06 1.108391e-02
309 4.060969e-04 3.285331e-01
310 9.678938e-05 3.234822e-02
311 1.950935e-06 1.368486e-02
312 2.267391e-05 7.823092e-03
313 5.104332e-03 1.410508e+00
314 2.564778e-06 5.236819e-03
315 1.288661e-10 4.747137e-03
316 3.178118e-03 9.884306e-01
317 2.711630e-03 7.461585e-01
318 1.543204e-03 2.992958e-01
319 3.520360e-04 1.132631e-01
320 6.571291e-06 4.427789e-02
321 4.833420e-04 4.155016e-01
322 1.578105e-11 6.874495e-03
323 1.293057e-06 2.768233e-02
324 7.661997e-09 5.424510e-03
325 5.918716e-09 5.312439e-03
326 3.102622e-06 4.699898e-02
327 4.407391e-03 1.133462e+00
328 8.354116e-04 2.921629e-01
329 8.476851e-04 6.765593e-01
330 3.256262e-06 1.194933e-02
331 4.177779e-04 7.698377e-02
332 1.437991e-03 4.602525e-01
333 2.055028e-08 1.670717e-02
334 3.389401e-06 5.027163e-02
335 2.384535e-09 2.172320e-03
336 2.601597e-06 1.147812e-02
337 2.522188e-06 1.367730e-02
338 1.506818e-03 3.868243e-01
339 1.111143e-03 4.253878e-01
340 2.423482e-06 1.572113e-02
341 6.674533e-08 1.049172e-02
342 1.883052e-06 9.435082e-03
343 6.531613e-08 3.918655e-02
344 2.140492e-04 2.920826e-02
345 1.523857e-03 1.131247e+00
346 2.095555e-03 7.676688e-01
347 3.749504e-09 4.232716e-03
348 8.317373e-05 6.491134e-02
349 5.968292e-05 1.298975e-02
350 6.397972e-07 3.419170e-03
351 5.843995e-04 9.593856e-01
352 1.196687e-04 2.356982e-01
353 2.746576e-08 1.290814e-03
354 1.836697e-04 1.693255e-01
355 2.033575e-06 2.734544e-02
356 4.052246e-04 6.290425e-01
357 3.587883e-04 2.404424e-01
358 4.164008e-06 6.474187e-03
359 1.250706e-06 1.331494e-02
360 8.574273e-05 1.614640e-01
361 2.321290e-04 3.079998e-01
362 2.325009e-03 3.036619e-01
363 6.994275e-06 4.816437e-02
364 3.650516e-06 5.435382e-02
365 3.190671e-06 4.197106e-02
366 7.120336e-07 2.119093e-02
367 1.231629e-07 1.712885e-02
368 6.706198e-06 1.333578e-02
369 4.089071e-07 1.183902e-02
370 7.507088e-07 2.085537e-02
371 1.123367e-05 8.838075e-02
372 7.909432e-08 3.672429e-02
373 7.771402e-05 7.741979e-02
374 6.396189e-10 6.334641e-03
375 2.874382e-08 1.472630e-03
376 4.687481e-08 3.688018e-03
377 2.308626e-03 8.196319e-01
378 4.883043e-05 3.332652e-02
379 1.151601e-06 6.277814e-03
380 4.363290e-06 2.110998e-02
381 9.786537e-04 8.063625e-01
382 3.910676e-04 5.484322e-02
383 3.705309e-04 2.511903e-01
384 5.104393e-06 2.378604e-02
385 2.124786e-03 7.918752e-01
386 2.375552e-05 1.981427e-02
387 2.265610e-06 2.134143e-02
388 5.520229e-08 4.091085e-03
389 2.002675e-07 1.073487e-02
390 3.904826e-10 4.438216e-03
391 9.918506e-05 5.386215e-02
392 8.979506e-06 2.949009e-02
393 1.516109e-09 2.653952e-03
394 3.867332e-04 9.224837e-01
395 1.531403e-07 1.881667e-03
396 3.170140e-06 4.045041e-02
397 7.646618e-06 2.329616e-02
398 9.343656e-11 2.559561e-03
399 4.591425e-08 9.129347e-03
400 5.480372e-03 2.227522e+00
401 1.233238e-06 2.806830e-02
402 5.624058e-04 6.614801e-01
403 2.310594e-05 3.837991e-02
404 8.638930e-06 3.015518e-02
405 8.028936e-08 5.192014e-03
406 1.422033e-03 3.204914e-01
407 4.012722e-05 1.274566e-01
408 3.130683e-04 7.874361e-01
409 1.703848e-05 8.943212e-02
410 4.671084e-06 1.587235e-02
411 4.586572e-05 4.960638e-02
412 2.271017e-05 1.682368e-02
413 2.586945e-03 6.216179e-01
414 1.350353e-04 7.578525e-02
415 3.301593e-08 1.972286e-03
416 9.378650e-05 1.496015e-01
417 3.789587e-06 3.325214e-03
418 2.067865e-03 6.968007e-01
419 8.599354e-04 9.177932e-01
420 1.370992e-05 1.192467e-02
421 4.259666e-04 4.845619e-02
422 2.370742e-06 3.107008e-02
423 3.107469e-06 1.321802e-02
424 1.018630e-04 8.771500e-02
425 3.089733e-06 1.678035e-02
426 1.459321e-08 3.760759e-03
427 7.905176e-05 1.621008e-01
428 2.975946e-05 5.421080e-02
429 2.450587e-03 5.184810e-01
430 3.424445e-07 1.759365e-03
431 3.169878e-10 4.157858e-03
432 4.550830e-05 1.631201e-01
433 5.281836e-10 1.257330e-03
434 9.399570e-08 5.226764e-03
435 2.853657e-06 6.297995e-03
436 1.157644e-09 2.357996e-03
437 4.389185e-04 1.782778e-01
438 5.872807e-08 5.847412e-03
439 2.062823e-08 4.608759e-03
440 5.000961e-08 4.343711e-03
441 3.812833e-05 4.807496e-02
442 3.046916e-09 6.772801e-03
443 5.261505e-07 5.502451e-03
444 5.861340e-05 5.554367e-02
445 2.320710e-04 1.158977e-01
446 1.847616e-07 1.750599e-02
447 1.866206e-08 2.497427e-03
448 3.560547e-06 2.911486e-03
449 2.671351e-07 2.396802e-03
450 5.742995e-07 3.762116e-03
451 1.192354e-07 1.356419e-03
452 2.283292e-05 1.785790e-02
453 1.588103e-07 5.182425e-03
454 8.499725e-05 4.607323e-02
455 5.337505e-04 2.126710e-01
456 2.117087e-08 5.641899e-03
457 1.370616e-05 4.649918e-02
458 1.341945e-05 7.241524e-02
459 8.147843e-06 7.380967e-02
460 9.868626e-08 4.084954e-03
461 1.056777e-05 4.014232e-02
462 1.083862e-03 4.085727e-01
463 2.773866e-05 7.773851e-02
464 1.024949e-04 1.790932e-02
465 3.577892e-08 1.848944e-03
466 3.646427e-09 2.733487e-03
467 6.149134e-04 7.060893e-01
468 6.908243e-11 5.934419e-03
469 3.321533e-04 1.793876e-01
470 4.128199e-05 2.648816e-02
471 1.659329e-05 3.975797e-02
472 1.569650e-05 8.563993e-03
473 1.370185e-05 1.785143e-02
474 8.287625e-07 5.401661e-03
475 1.169657e-05 4.566633e-02
476 6.942316e-10 2.276601e-03
477 3.665275e-04 1.185758e-01
478 2.186765e-10 3.581742e-03
479 1.250507e-09 1.841094e-03
480 4.071235e-06 1.400399e-02
481 1.185096e-07 8.207749e-03
482 1.640302e-03 4.451775e-01
483 1.426641e-08 1.196400e-03
484 5.480767e-09 1.956053e-03
485 1.545973e-04 1.158351e-01
486 1.033997e-06 5.351516e-03
487 1.472352e-05 9.460171e-02
488 1.739701e-07 6.602912e-03
489 4.486114e-05 1.656301e-02
490 1.159265e-05 4.906231e-02
491 1.469825e-07 1.099103e-02
492 1.088518e-04 3.226621e-02
493 1.576122e-08 2.368781e-03
494 3.855248e-04 2.021164e-01
495 1.652892e-03 3.397058e-01
496 1.759825e-04 2.105591e-01
497 6.217517e-05 1.592675e-01
498 8.411990e-06 4.379501e-02
499 2.048845e-05 1.487696e-02
500 1.818007e-09 9.724478e-03
501 3.334463e-03 1.235137e+00
502 3.148063e-07 1.989606e-02
503 5.068885e-05 7.974014e-02
504 3.563428e-03 1.384216e+00
505 8.696509e-09 6.450742e-03
506 3.151850e-08 1.315107e-02
507 2.810638e-07 9.747625e-03
508 7.333456e-05 2.435202e-02
509 8.194636e-05 4.256279e-01
510 2.623458e-08 9.926619e-03
511 5.779938e-07 5.060192e-03
512 9.534777e-09 2.040428e-03
513 9.745998e-05 4.396450e-02
514 3.629335e-08 1.969509e-02
515 2.804412e-07 5.786488e-02
516 5.433796e-05 1.068181e-01
517 8.368688e-06 8.232870e-03
518 8.996782e-09 4.543601e-03
519 2.874258e-07 1.094296e-02
520 2.806395e-10 1.504653e-03
521 5.492781e-07 3.019174e-02
522 1.071447e-07 3.528311e-03
523 2.882725e-07 8.571950e-03
524 9.820253e-05 9.201155e-02
525 5.408671e-04 1.818110e-01
526 1.398586e-06 1.778927e-02
527 1.501332e-04 2.210412e-01
528 6.390321e-04 2.219589e-01
529 3.555450e-04 3.553901e-01
530 2.450073e-04 8.716977e-02
531 3.092591e-11 1.574198e-03
532 2.930645e-07 9.754831e-03
533 7.892805e-07 3.011732e-03
534 2.732217e-06 8.975076e-02
535 1.323171e-03 4.844342e-01
536 4.042536e-04 1.401212e-01
537 4.958994e-04 4.536768e-01
538 3.552132e-06 9.657385e-02
539 4.332404e-05 6.610318e-02
540 5.113947e-06 2.887495e-02
541 4.794409e-03 1.159317e+00
542 2.397571e-06 1.370563e-02
543 1.225472e-04 2.423743e-02
544 2.062931e-04 9.312506e-02
545 1.483704e-07 9.557667e-03
546 2.187648e-06 1.593336e-02
547 7.714008e-06 5.592426e-02
548 2.252811e-04 7.037962e-02
549 1.926889e-06 2.943185e-02
550 2.018192e-09 5.839031e-03
551 9.660016e-05 5.496946e-02
552 1.761405e-07 2.723767e-03
553 3.301289e-08 7.556154e-03
554 7.917510e-10 3.020842e-03
555 1.453769e-06 7.090326e-02
556 3.237090e-07 7.738289e-03
557 8.153223e-05 1.068272e-01
558 1.352480e-07 8.207906e-03
559 1.165150e-03 1.510680e-01
560 1.656235e-08 3.366525e-03
561 6.730373e-06 3.415162e-02
562 2.431455e-07 1.858660e-03
563 2.713327e-03 2.042414e+00
564 6.673100e-04 1.006659e+00
565 5.521358e-07 3.988135e-03
566 6.088796e-04 1.462353e-01
567 1.283932e-04 8.367427e-02
568 8.923930e-05 1.243720e-01
569 3.219964e-07 1.243486e-02
570 1.044067e-06 5.211923e-02
571 2.110720e-04 8.339736e-02
572 3.173281e-04 1.675807e-01
573 2.802280e-04 2.509001e-01
574 1.944343e-07 5.968959e-03
575 1.443169e-08 4.064459e-03
576 9.315948e-06 1.008286e-02
577 5.115383e-10 2.689600e-03
578 7.577600e-07 4.267246e-03
579 4.754824e-05 3.437644e-02
580 4.518853e-08 6.038760e-03
581 2.072751e-04 1.324434e-01
582 4.888072e-07 1.530199e-02
583 1.960332e-03 5.420796e-01
584 1.022103e-06 7.949888e-02
585 2.209664e-05 4.778909e-02
586 8.963847e-04 2.444024e-01
587 7.536777e-07 1.425891e-02
588 6.127813e-06 6.003161e-02
589 2.062279e-04 6.615597e-02
590 1.915895e-08 1.236313e-02
591 3.578646e-06 2.721945e-02
592 5.280834e-03 1.066081e+00
593 1.284945e-06 9.467031e-03
594 2.908603e-04 1.253895e-01
595 9.953357e-08 5.625026e-03
596 2.374205e-09 1.380124e-03
597 7.026518e-09 2.289301e-03
598 1.269516e-04 5.049738e-02
599 2.864786e-04 2.922987e-02
600 4.646473e-07 5.212665e-03
601 9.607416e-08 4.354108e-03
602 7.894839e-05 3.196981e-02
603 1.902924e-05 3.638324e-02
604 4.939319e-09 2.069329e-03
605 2.001473e-04 1.897212e-01
606 2.167482e-04 1.255472e-01
607 1.651275e-07 5.264735e-03
608 2.007575e-04 5.886750e-02
609 3.403006e-05 1.911529e-02
610 6.448614e-07 1.659140e-02
611 8.284429e-10 2.536801e-03
612 6.702208e-06 3.701984e-02
613 1.625825e-08 5.341043e-03
614 4.493717e-07 5.755234e-03
615 2.648304e-09 5.945857e-03
616 8.295224e-04 8.915947e-02
617 3.796823e-07 1.416587e-02
618 1.483869e-08 8.410938e-03
619 7.400310e-06 8.917127e-03
620 4.835016e-08 3.892943e-03
621 2.182909e-07 3.449390e-03
622 1.149054e-03 4.274878e-01
623 7.698007e-06 1.846298e-02
624 4.621613e-07 4.508595e-03
625 4.331503e-07 1.189177e-02
626 5.580493e-07 6.449816e-03
627 4.896912e-07 3.723807e-03
628 1.333769e-04 3.961042e-02
629 1.077419e-06 2.263212e-03
630 6.561641e-06 1.577062e-02
631 4.825773e-06 1.268665e-02
632 1.190590e-08 1.266411e-03
633 6.474246e-04 3.676069e-01
634 6.831172e-05 3.942154e-02
635 2.598669e-07 8.818215e-03
636 1.427824e-07 2.106083e-02
637 1.054608e-07 1.160865e-02
638 1.783142e-09 2.183122e-03
639 7.185861e-11 1.581200e-03
640 5.697385e-10 2.443869e-03
641 2.230864e-10 1.528583e-03
642 1.355743e-07 5.437590e-03
643 9.867691e-05 9.044344e-02
644 2.823598e-03 3.285118e-01
645 4.025106e-04 1.100955e-01
646 2.331500e-06 1.465017e-02
647 1.171620e-06 6.127389e-03
648 8.259985e-05 4.254769e-02
649 1.445039e-03 8.003138e-01
650 4.346218e-06 5.284649e-03
651 4.478952e-07 8.562146e-03
652 8.282696e-05 8.147046e-02
653 8.996479e-09 4.785905e-03
654 2.739439e-07 4.977063e-03
655 1.972820e-06 9.272885e-03
656 3.803162e-08 2.817654e-03
657 6.056631e-04 9.776458e-02
658 9.650212e-05 1.582623e-01
659 1.732903e-04 4.469754e-02
660 4.521001e-05 1.238457e-01
661 1.073227e-07 5.598166e-03
662 8.826927e-04 3.034868e-01
663 3.895880e-03 8.848353e-01
664 1.104801e-05 5.385095e-02
665 1.037365e-07 9.408379e-03
666 7.390710e-04 4.469204e-02
667 1.439852e-04 8.828403e-02
668 1.810424e-03 4.412252e-01
669 1.130212e-03 3.226175e-01
670 1.722243e-08 9.349577e-03
671 2.347516e-04 3.619979e-02
672 2.454228e-07 2.509019e-02
673 1.620749e-05 1.324379e-02
674 3.106303e-07 2.137265e-03
675 6.297071e-05 1.423836e-01
676 3.382218e-07 5.759634e-03
677 7.574494e-11 1.338960e-03
678 1.308813e-06 7.724439e-03
679 1.444262e-03 3.403119e-01
680 1.709273e-05 4.747508e-02
681 7.365437e-05 7.654558e-02
682 2.723771e-05 1.427259e-02
683 6.466702e-07 3.068374e-02
684 8.812877e-06 1.995640e-02
685 3.466317e-10 2.171249e-03
686 8.760727e-06 1.958463e-02
687 3.842701e-03 9.023496e-01
688 5.387992e-06 2.536751e-02
689 9.181416e-08 1.035207e-02
690 1.237493e-08 2.017614e-03
691 1.189202e-03 2.630503e-01
692 2.424654e-08 2.933428e-03
693 1.709710e-05 2.351557e-02
694 1.472628e-03 1.693434e-01
695 7.847141e-04 3.503639e-01
696 1.142682e-03 8.180338e-01
697 1.130230e-06 9.742138e-03
698 2.938154e-04 1.802202e-01
699 1.883451e-08 1.541955e-03
700 3.360815e-05 5.926022e-02
701 2.113928e-05 2.058632e-02
702 6.187396e-09 1.237813e-03
703 2.887540e-09 4.012216e-03
704 3.044501e-11 1.311538e-03
705 2.898401e-04 4.311451e-01
706 2.187681e-08 1.734259e-03
707 1.957670e-04 1.188819e-01
708 8.797967e-13 4.995843e-03
709 6.149823e-11 2.939371e-03
710 4.320635e-07 6.343272e-03
711 1.779520e-10 1.204910e-03
712 1.778153e-07 4.833482e-03
713 5.758001e-08 6.470079e-03
714 5.756058e-10 2.451313e-03
715 8.177325e-06 1.736319e-02
716 8.630951e-05 3.923617e-02
717 1.766372e-08 5.330275e-03
718 1.342257e-11 2.642275e-03
719 2.495742e-03 8.859014e-01
720 3.380276e-12 1.188325e-03
721 1.483870e-06 8.980661e-03
722 7.846132e-11 2.732728e-03
723 3.601119e-06 1.714481e-02
724 1.390188e-07 3.501640e-03
725 9.357311e-12 1.464603e-03
726 8.916463e-05 5.573025e-02
727 1.892513e-10 4.371453e-03
728 6.652258e-09 7.909182e-03
729 3.206395e-10 7.307716e-03
730 4.339100e-09 2.754050e-03
731 3.120680e-05 1.135667e-01
732 2.007242e-13 1.364472e-03
733 3.021435e-14 9.157500e-04
734 1.680734e-08 2.995336e-03
735 1.540218e-08 3.408689e-03
736 1.297139e-06 1.690990e-02
737 2.195169e-12 1.363522e-03
738 2.365011e-05 9.997648e-02
739 1.162963e-09 3.515904e-03
740 5.602492e-06 3.827043e-02
741 1.978306e-08 8.489212e-03
742 3.033705e-05 2.363219e-02
743 3.572725e-03 8.963292e-01
744 1.368921e-12 2.638483e-03
745 5.051833e-09 2.532886e-03
746 4.120167e-07 1.285992e-02
747 1.489904e-04 6.877283e-02
748 3.959071e-04 2.824005e-01
749 5.946426e-05 1.888231e-01
750 6.002452e-08 6.865582e-03
751 4.450574e-07 1.239873e-02
752 2.287179e-07 2.003110e-03
753 2.972156e-09 2.987987e-03
754 3.235951e-05 1.110255e-01
755 1.108875e-06 2.184462e-02
756 1.309686e-05 3.847011e-02
757 4.217493e-10 1.517613e-03
758 1.737127e-07 2.126567e-02
759 3.348606e-04 4.613822e-02
760 6.996388e-09 2.277764e-03
761 5.063242e-05 3.759003e-02
762 4.509648e-04 4.276747e-02
763 6.092675e-10 1.966560e-03
764 4.176587e-09 9.889784e-03
765 1.059339e-10 1.044243e-02
766 5.139548e-07 5.538996e-03
767 1.585005e-08 5.909437e-03
768 1.018388e-04 3.393806e-02
769 6.306062e-06 8.374440e-03
770 2.515452e-04 8.252575e-02
771 4.520309e-05 6.914394e-03
772 5.901041e-13 1.550058e-03
773 1.160254e-08 1.604551e-02
774 8.707896e-09 1.957996e-03
775 4.250042e-04 1.180447e-01
776 9.021048e-05 1.020544e-01
777 3.521459e-05 3.861914e-02
778 1.043148e-04 3.156033e-02
779 1.163804e-03 3.579227e-01
780 1.327518e-05 1.673642e-02
781 2.107899e-04 9.354165e-02
782 2.830622e-06 4.676035e-03
783 2.312959e-06 1.012838e-02
784 3.332493e-06 7.225386e-03
785 3.817396e-04 7.096102e-02
786 3.211645e-05 2.933309e-02
787 1.298986e-03 6.933045e-02
788 5.696975e-07 2.321703e-02
789 3.774083e-10 1.348910e-03
790 1.417985e-04 1.687767e-01
791 2.327094e-05 1.938212e-02
792 8.605409e-07 4.986828e-03
793 1.933773e-06 1.014009e-02
794 3.933534e-07 5.177488e-03
795 3.839832e-04 6.074082e-01
796 5.919806e-09 3.135010e-03
797 5.768990e-04 3.524141e-01
798 5.644567e-04 5.345294e-01
799 1.634440e-07 5.441123e-03
800 2.636324e-04 9.797018e-02
801 1.888328e-08 4.164869e-03
802 4.697370e-06 4.710657e-02
803 1.155263e-03 2.883801e-01
804 2.797933e-07 1.609100e-02
805 1.276615e-08 4.030212e-03
806 9.429124e-04 2.795867e-01
807 5.848157e-07 5.550274e-02
808 3.344721e-06 4.461255e-03
809 1.230595e-03 4.226890e-01
810 1.012798e-05 1.935563e-02
811 2.133790e-06 2.771556e-02
812 1.130941e-07 6.945830e-03
813 4.776110e-08 5.875580e-03
814 1.947749e-06 1.087096e-02
815 3.659186e-06 2.668556e-02
816 3.147815e-04 1.883333e-01
817 3.613451e-03 1.073316e+00
818 7.533831e-09 3.591665e-03
819 2.605920e-05 1.059128e-01
820 9.985207e-06 5.323825e-02
821 3.118959e-06 2.818467e-02
822 8.582031e-09 3.574948e-03
823 7.343648e-07 9.796879e-03
824 1.559463e-07 2.607970e-02
825 2.532572e-06 2.674219e-02
826 6.664979e-05 1.624851e-02
827 4.560177e-07 5.776794e-03
828 2.674089e-05 4.203080e-02
829 4.231244e-07 1.442178e-02
830 1.660831e-03 6.602070e-01
831 6.920884e-06 2.238776e-02
832 2.103813e-06 9.000572e-03
833 4.373285e-06 2.271064e-02
834 2.308011e-06 2.207605e-02
835 4.756186e-08 2.284434e-03
836 1.955515e-09 1.027460e-03
837 4.220114e-07 1.494516e-02
838 1.029748e-05 1.000959e-02
839 1.934107e-07 1.527149e-02
840 2.053821e-06 3.821412e-02
841 2.784374e-06 3.681722e-02
842 3.571549e-03 5.848604e-01
843 5.529361e-05 3.261340e-02
844 2.181756e-07 3.632468e-02
845 3.964106e-06 3.290917e-02
846 1.990600e-04 1.682766e-01
847 9.979981e-05 3.024667e-02
848 3.014203e-04 1.451750e-01
849 1.063455e-07 5.802161e-03
850 5.567728e-04 1.072423e+00
851 5.775853e-06 2.158644e-02
852 4.316789e-05 1.944712e-01
853 8.650745e-04 3.466930e-01
854 8.526814e-05 9.499253e-02
855 3.334048e-04 1.703984e-01
856 1.121385e-04 6.353612e-02
857 3.555450e-04 3.526223e-01
858 1.096466e-06 2.071503e-02
859 2.075016e-09 3.867127e-03
860 1.782883e-03 1.462888e-01
861 5.886266e-09 1.642248e-03
862 3.475933e-06 2.374297e-02
863 3.527278e-04 1.236017e-01
864 2.899450e-07 8.001074e-03
865 6.362529e-05 1.261491e-01
866 7.005502e-05 1.844665e-01
867 1.692666e-03 7.433723e-01
868 2.101960e-06 7.482637e-03
869 1.642811e-05 3.397351e-02
870 1.458072e-04 5.377594e-02
871 1.081901e-06 2.817742e-02
872 1.312208e-03 4.435305e-01
873 8.826561e-05 7.920481e-02
874 3.999441e-04 2.891848e-01
875 2.739612e-07 6.426206e-03
876 4.604633e-13 1.062645e-03
877 5.923709e-08 9.389058e-03
878 1.667514e-03 4.647030e-01
879 2.934996e-04 1.219334e-01
880 7.088503e-06 1.195825e-02
881 2.085538e-10 2.291714e-03
882 1.768592e-05 7.508816e-02
883 2.015578e-03 7.159399e-01
884 5.437937e-04 1.400372e-01
885 3.465587e-05 8.180671e-02
886 1.616970e-06 8.003619e-03
887 7.022580e-08 1.345619e-02
888 4.414357e-06 1.312661e-02
889 3.102304e-07 2.302481e-02
890 2.383455e-07 2.359351e-02
891 1.410233e-04 3.829625e-01
892 1.170776e-10 2.858965e-03
893 1.947491e-04 7.059226e-02
894 1.344245e-06 7.130155e-03
895 4.219321e-05 8.203041e-02
896 1.671695e-07 5.491121e-02
897 7.250816e-05 8.987885e-02
898 5.020201e-06 9.542321e-03
899 3.937529e-08 1.433167e-02
900 6.287852e-08 1.625992e-02
901 9.635884e-05 9.656144e-02
902 1.540048e-08 2.128587e-03
903 6.530038e-07 3.496944e-02
904 5.753399e-09 2.108524e-02
905 8.056823e-09 6.664726e-03
906 2.169571e-06 8.401436e-03
907 2.956833e-08 2.067695e-03
908 1.797811e-08 8.981614e-03
909 2.152995e-04 4.212217e-02
910 2.731355e-05 2.852312e-02
911 2.124060e-07 2.119656e-02
912 7.322729e-08 1.047907e-02
913 5.197696e-09 3.415701e-03
914 8.009151e-08 7.559693e-03
915 3.425062e-04 2.315787e-01
916 1.171815e-11 2.827314e-03
917 1.012274e-09 2.394970e-03
918 1.012959e-10 2.639590e-03
919 3.187993e-04 2.392802e-01
920 1.207921e-09 6.486830e-03
921 3.624142e-08 3.987234e-03
922 2.011778e-07 1.638470e-02
923 2.458530e-09 5.135912e-03
924 6.927266e-04 3.927006e-01
925 4.217400e-05 7.878077e-02
926 1.050114e-05 4.459827e-02
927 5.505190e-05 1.271018e-01
928 9.224955e-08 4.360467e-02
929 2.248825e-04 1.806415e-01
930 9.644268e-05 6.532254e-02
931 4.096774e-04 3.521741e-02
932 4.368640e-05 5.539934e-02
933 1.166404e-09 2.973337e-03
934 2.470151e-06 1.022435e-02
935 6.766176e-08 3.625724e-03
936 1.740863e-07 2.787562e-02
937 1.617466e-10 5.815870e-03
938 6.243485e-09 2.378189e-03
939 1.827203e-06 1.044978e-02
940 3.609067e-04 1.703419e-01
941 5.027834e-09 3.332353e-03
942 2.294717e-05 1.427144e-01
943 2.147973e-06 2.441269e-02
944 1.232102e-12 1.972736e-03
945 1.210850e-04 3.773704e-02
946 1.523869e-10 2.224291e-03
947 8.727599e-06 2.263204e-02
948 5.203049e-08 1.536988e-03
949 2.597058e-07 1.802089e-02
950 1.253849e-04 1.470820e-01
951 1.749533e-08 3.014885e-02
952 7.051904e-06 4.227019e-02
953 1.163827e-11 2.418495e-03
954 1.089588e-05 3.853637e-02
955 8.149506e-08 4.502071e-03
956 2.239940e-06 1.956485e-02
957 1.313290e-04 6.627560e-02
958 2.084716e-04 5.930434e-02
959 3.276035e-04 5.391862e-02
960 9.329058e-10 2.435064e-03
961 4.113737e-10 9.517456e-03
962 1.385352e-08 1.077916e-02
963 3.748601e-08 3.552089e-03
964 1.121101e-07 1.997816e-03
965 1.528921e-03 2.406425e-01
966 2.707145e-05 2.176449e-02
967 7.313278e-07 8.271689e-03
968 5.395223e-04 1.680914e-01
969 1.104292e-04 1.369560e-01
970 2.212540e-05 2.469109e-02
971 1.608942e-06 8.307032e-03
972 1.482744e-04 5.578036e-02
973 2.293620e-06 9.251611e-03
974 2.495831e-06 8.364838e-03
975 2.115953e-05 9.328606e-02
976 2.298116e-04 3.402543e-01
977 1.314787e-05 2.112852e-02
978 1.166322e-06 2.465638e-02
979 7.373525e-09 2.953740e-03
980 2.844223e-06 2.212854e-02
981 2.272407e-06 2.218966e-02
982 3.524661e-08 1.419006e-03
983 1.442557e-07 3.879115e-03
984 1.313585e-05 2.156669e-02
985 7.119106e-06 6.172394e-02
986 4.587375e-04 4.306446e-01
987 1.736438e-08 6.226545e-03
988 1.956236e-09 2.068681e-03
989 1.860298e-04 1.129496e-01
990 2.832463e-09 2.265592e-03
991 5.714510e-03 1.115879e+00
992 6.507086e-07 7.088797e-03
993 2.129709e-07 9.661179e-03
994 9.815834e-14 1.343352e-03
995 1.232804e-07 1.517016e-02
996 2.193920e-03 9.820467e-01
997 2.255729e-07 8.041990e-03
998 1.278892e-06 4.005397e-03
999 2.135597e-06 2.596767e-02
1000 4.811532e-13 1.344524e-03
1001 7.814585e-06 1.011324e-02
1002 1.943719e-04 1.181665e-01
1003 5.860176e-05 4.789040e-02
1004 9.974077e-06 4.078172e-02
1005 1.250308e-07 2.312666e-03
1006 7.549020e-04 2.408539e-01
1007 5.241148e-09 3.017312e-03
1008 1.480772e-04 4.628667e-02
1009 5.023598e-08 2.051157e-03
1010 1.332955e-06 2.208110e-02
1011 3.986454e-08 1.733044e-02
1012 2.031752e-04 2.629560e-01
1013 1.105178e-08 1.236007e-02
1014 2.285443e-07 8.487030e-03
1015 2.133556e-05 3.560292e-02
1016 7.679422e-05 2.666569e-02
1017 2.136408e-03 6.691483e-01
1018 1.058838e-05 1.058622e-01
1019 2.439846e-10 1.929920e-03
1020 1.447917e-09 1.104052e-02
1021 3.484719e-07 1.427453e-02
1022 1.970862e-11 1.414997e-03
1023 7.073187e-06 1.978204e-02
1024 1.178008e-05 2.218631e-02
1025 5.162371e-11 1.527451e-03
1026 2.051035e-12 1.937813e-03
1027 3.410983e-07 1.123960e-02
1028 1.273653e-04 1.144074e-01
1029 9.471095e-08 6.118912e-03
1030 2.087606e-09 3.061503e-03
1031 1.717783e-05 1.323948e-02
1032 1.486777e-03 5.346444e-01
1033 4.411598e-10 1.554783e-03
1034 6.749114e-06 3.169125e-02
1035 1.338727e-06 1.619854e-02
1036 1.807668e-05 1.621590e-01
1037 1.596137e-10 3.022625e-03
1038 6.128138e-08 3.138690e-03
1039 4.130167e-06 1.010067e-02
1040 2.952806e-09 3.102330e-03
1041 1.534590e-03 6.220578e-01
1042 5.826149e-07 7.836597e-03
1043 4.208737e-11 1.239526e-03
1044 4.391878e-08 3.630953e-03
1045 7.449463e-10 2.386097e-03
1046 2.043441e-13 1.277349e-03
1047 2.593231e-10 1.279852e-03
1048 1.012139e-08 4.746160e-03
1049 2.952389e-09 1.166482e-03
1050 1.630662e-03 1.154637e+00
1051 2.730134e-04 1.306797e-01
1052 7.053749e-08 2.948800e-03
1053 1.504793e-07 9.358095e-03
1054 2.516695e-10 1.868703e-03
1055 2.011675e-11 1.156858e-03
1056 5.048373e-07 9.005058e-03
1057 5.395326e-07 1.331269e-02
1058 2.049626e-09 1.572308e-03
1059 4.210193e-05 9.935380e-02
1060 9.685373e-10 1.477618e-03
1061 4.089065e-06 3.510270e-03
1062 3.529652e-11 1.140560e-03
1063 3.149061e-04 3.242870e-02
1064 8.960705e-06 6.156165e-02
1065 2.214714e-11 1.808278e-03
1066 1.624319e-11 1.188392e-03
1067 7.434263e-06 1.501062e-02
1068 1.491566e-08 1.818451e-03
1069 2.112518e-07 2.979491e-03
1070 5.467008e-10 1.193423e-03
1071 8.367733e-07 2.133837e-03
1072 4.126203e-09 2.556626e-03
1073 1.617944e-09 1.345458e-03
1074 9.611952e-10 1.907029e-03
1075 5.652534e-07 3.854238e-03
1076 8.690596e-07 4.185490e-03
1077 1.607173e-07 5.521596e-03
1078 6.197801e-06 1.533207e-02
1079 3.081094e-08 4.525980e-03
1080 7.142310e-05 7.926678e-02
1081 2.322079e-06 5.185681e-02
1082 2.868595e-07 3.778214e-03
1083 1.380867e-06 5.230732e-03
1084 1.902615e-10 1.205203e-03
1085 1.625938e-08 1.823566e-03
1086 1.459089e-08 3.022433e-03
1087 4.403077e-08 1.408463e-03
1088 7.751769e-07 8.568383e-03
1089 5.727427e-09 1.366178e-03
1090 2.089916e-11 1.204079e-03
1091 2.420144e-09 1.664270e-03
1092 8.203956e-07 2.445728e-03
1093 1.243738e-06 2.400055e-02
1094 1.019268e-04 2.444824e-02
1095 2.713987e-08 2.999169e-03
1096 2.185109e-05 4.136313e-02
1097 2.527136e-06 5.308434e-02
1098 1.095647e-07 8.095112e-03
1099 2.992448e-09 3.598452e-03
1100 5.004360e-11 1.118769e-03
1101 7.717979e-06 2.526142e-02
1102 1.585330e-07 1.199637e-02
1103 4.118069e-07 4.091526e-03
1104 3.656142e-05 3.444572e-02
1105 3.335823e-09 2.111976e-03
1106 4.316205e-03 7.838628e-01
1107 2.577234e-09 2.632458e-03
1108 6.322981e-07 8.292149e-03
1109 6.115653e-12 1.817780e-03
1110 4.677709e-07 1.048837e-02
1111 2.695040e-08 2.199989e-03
1112 3.486338e-12 1.790197e-03
1113 4.943592e-07 1.490418e-02
1114 3.506275e-05 3.377993e-02
1115 3.629053e-03 4.440464e-01
1116 2.199540e-12 1.968540e-03
1117 2.284468e-03 4.719775e-01
1118 2.121438e-07 5.119349e-03
1119 1.141538e-05 3.184523e-02
1120 5.818778e-06 7.739227e-02
1121 9.754413e-06 1.223900e-02
1122 2.647289e-07 2.089367e-02
1123 4.590198e-06 4.464888e-03
1124 1.442823e-07 1.464639e-02
1125 1.269543e-05 5.655142e-03
1126 1.037121e-07 6.942048e-03
1127 2.929245e-07 4.446763e-03
1128 6.125970e-06 5.112686e-02
1129 6.847458e-07 8.638117e-03
1130 9.288996e-08 1.234476e-02
1131 1.574834e-04 1.141663e-01
1132 2.131204e-05 1.519759e-02
1133 5.163268e-08 2.206592e-03
1134 5.909200e-04 1.217353e-01
1135 9.545275e-06 1.838739e-02
1136 9.294444e-04 2.881640e-01
1137 4.358103e-06 2.267349e-02
1138 1.049597e-10 1.865763e-03
1139 4.429569e-06 7.560485e-03
1140 9.127971e-12 2.155836e-03
1141 7.106756e-07 6.660992e-03
1142 3.598289e-05 9.622157e-02
1143 3.181506e-07 7.796920e-02
1144 4.385803e-09 6.472556e-03
1145 1.726941e-06 2.513604e-02
1146 7.541555e-04 7.789700e-01
1147 5.149607e-04 1.056839e-01
1148 2.089495e-09 2.426283e-03
1149 2.545460e-03 3.035846e-01
1150 1.452307e-11 2.359941e-03
1151 4.280278e-04 3.141199e-01
1152 4.341745e-04 1.638308e-01
1153 6.258273e-07 6.636179e-03
1154 6.611664e-10 1.933855e-03
1155 6.241066e-04 4.456312e-01
1156 1.348175e-09 2.780806e-03
1157 7.339451e-04 8.770228e-02
1158 5.133244e-07 5.892410e-03
1159 2.853716e-10 1.511905e-03
1160 1.213074e-06 3.163555e-03
1161 2.774721e-06 2.076299e-02
1162 1.399208e-05 2.334786e-01
1163 1.063327e-05 2.305819e-02
1164 1.328867e-05 6.052021e-02
1165 5.935463e-04 9.134299e-01
1166 6.460718e-04 2.442390e-01
1167 3.127033e-04 1.533415e-01
1168 9.695405e-06 4.740656e-02
1169 1.139019e-08 8.022305e-03
1170 7.858015e-07 6.219493e-03
1171 3.580298e-07 1.018152e-02
1172 6.897573e-05 9.176732e-02
1173 6.225385e-11 1.101248e-03
1174 5.820714e-04 4.541027e-01
1175 2.598348e-06 2.614831e-02
1176 9.549003e-12 1.778835e-03
1177 1.736179e-04 1.416902e-01
1178 1.415360e-03 5.566461e-01
1179 1.973152e-04 5.379163e-02
1180 6.097420e-07 9.811880e-03
1181 4.426443e-08 1.994118e-03
1182 2.432929e-05 1.297251e-02
1183 2.436153e-04 2.033361e-01
1184 1.239426e-04 6.838819e-02
1185 3.809570e-09 1.085108e-02
1186 5.298834e-04 2.331969e-01
1187 6.585971e-04 2.727256e-01
1188 6.919777e-07 2.519954e-03
1189 1.709510e-08 2.579638e-03
1190 2.398608e-13 1.991191e-03
1191 1.068132e-07 2.990804e-03
1192 9.630238e-05 1.488764e-01
1193 1.433756e-10 3.228918e-03
1194 9.677242e-07 2.916131e-02
1195 4.344183e-04 3.325115e-01
1196 4.472259e-09 5.335052e-03
1197 4.078945e-07 3.554573e-03
1198 1.232547e-05 3.552622e-03
1199 3.079852e-03 4.607024e-01
1200 7.543064e-04 5.164365e-01
1201 1.353454e-10 1.124806e-03
1202 1.235846e-05 2.702439e-02
1203 4.434037e-05 5.050097e-02
1204 3.731818e-06 7.552113e-03
1205 1.311693e-10 1.941569e-03
1206 1.137311e-03 5.489798e-01
1207 8.216452e-07 5.944146e-03
1208 3.617721e-07 6.399265e-03
1209 1.708649e-04 1.460854e-01
1210 9.762285e-05 8.110730e-02
1211 8.736235e-04 2.169188e-01
1212 1.830842e-08 3.749406e-03
1213 5.966177e-09 4.993645e-03
1214 1.498590e-05 2.714089e-02
1215 1.063020e-09 2.616417e-03
1216 1.694818e-10 2.222686e-03
1217 2.342808e-06 2.922680e-02
1218 9.333319e-07 5.915814e-03
1219 1.837943e-05 1.673017e-02
1220 4.666216e-06 2.582824e-02
1221 1.975697e-05 3.870774e-02
1222 3.986027e-07 2.363978e-02
1223 1.717206e-04 5.172034e-02
1224 4.811211e-07 9.805320e-03
1225 3.724569e-08 2.939062e-03
1226 5.451941e-09 1.837561e-03
1227 2.432159e-05 1.079931e-02
1228 1.507072e-04 3.609005e-02
1229 4.356134e-05 6.246420e-02
1230 1.676088e-07 7.519898e-03
1231 2.642798e-07 4.034551e-02
1232 2.269374e-11 5.677332e-03
1233 5.136682e-07 2.457999e-02
1234 8.806671e-10 7.617761e-03
1235 4.157072e-05 5.994420e-02
1236 2.026667e-08 4.716651e-03
1237 1.014939e-03 2.674290e-01
1238 5.584484e-07 1.434914e-02
1239 4.929702e-07 7.042406e-03
1240 1.405619e-07 4.238090e-03
1241 4.243397e-05 1.081574e-02
1242 3.577060e-03 5.655752e-01
1243 7.136219e-05 1.414858e-01
1244 9.501035e-09 3.619918e-03
1245 1.180612e-07 6.919763e-03
1246 3.889761e-10 2.014003e-03
1247 4.634847e-04 1.232926e-01
1248 1.154373e-05 6.317421e-02
1249 3.907551e-09 9.786516e-03
1250 1.588400e-09 6.206624e-03
1251 9.957435e-10 1.430295e-02
1252 9.799710e-06 8.663653e-03
1253 5.928827e-04 4.460550e-01
1254 1.495113e-09 5.368592e-03
1255 1.121588e-06 2.202093e-02
1256 1.348230e-05 1.317851e-02
1257 8.800184e-04 1.764502e-01
1258 2.149108e-09 4.848401e-03
1259 8.439030e-05 9.205659e-02
1260 3.196118e-04 2.987107e-01
1261 1.278411e-08 5.602847e-03
1262 1.105624e-05 2.270460e-02
1263 4.070028e-05 5.482793e-02
1264 1.378136e-07 3.172559e-02
1265 2.338023e-06 1.105792e-02
1266 4.173959e-07 3.503714e-02
1267 9.262663e-07 1.789119e-02
1268 3.609274e-06 9.376513e-03
1269 7.429766e-05 2.959186e-02
1270 4.467244e-03 1.451690e+00
1271 1.251554e-03 5.739249e-01
1272 4.232942e-10 1.268531e-03
1273 8.236460e-04 1.447016e-01
1274 2.845028e-06 2.092162e-02
1275 2.777571e-05 6.335074e-02
1276 1.058526e-03 7.505004e-01
1277 2.586964e-04 2.616338e-01
1278 4.072681e-03 6.916271e-01
1279 9.119066e-07 2.911701e-03
1280 2.087136e-03 3.591821e-01
1281 1.460148e-06 7.579086e-03
1282 7.132714e-05 7.373930e-02
1283 1.875048e-07 2.106166e-02
1284 1.615182e-07 4.782085e-03
1285 7.928211e-04 2.192709e-01
1286 5.414009e-11 3.201499e-03
1287 3.971019e-05 4.373878e-02
1288 1.869064e-04 7.079421e-02
1289 6.408666e-05 2.655855e-02
1290 2.922236e-06 3.203867e-02
1291 1.589163e-05 2.565650e-02
1292 3.087451e-04 4.493338e-01
1293 4.312995e-08 3.346205e-03
1294 1.320140e-07 5.888960e-03
1295 3.221451e-07 3.462115e-03
1296 7.619254e-08 1.307800e-02
1297 5.567131e-06 5.985970e-02
1298 2.328233e-06 1.576977e-02
1299 1.225798e-04 3.365085e-02
1300 1.960674e-08 2.829952e-03
1301 1.211165e-07 3.160212e-03
1302 1.304923e-03 2.189116e-01
1303 4.338592e-06 9.359732e-03
1304 1.847712e-06 8.711023e-03
1305 1.873271e-04 7.836096e-02
1306 1.576829e-04 5.916661e-02
1307 7.662810e-07 7.057320e-03
1308 6.750777e-10 2.544934e-03
1309 2.916719e-04 1.165409e-01
1310 3.176887e-12 1.448175e-03
1311 2.778558e-03 8.407610e-01
1312 4.782454e-04 3.968994e-01
1313 3.221651e-10 1.734618e-03
1314 3.476957e-07 8.609306e-03
1315 1.380454e-08 3.227767e-03
1316 2.676974e-09 2.199536e-03
1317 1.034476e-12 1.374760e-03
1318 1.382682e-04 7.961459e-02
1319 4.500926e-03 1.118661e+00
1320 4.204486e-08 3.999210e-03
1321 2.517134e-05 1.634318e-02
1322 4.194100e-11 1.135353e-03
1323 1.295546e-08 2.233728e-03
1324 1.842522e-04 2.214695e-01
1325 1.512801e-08 9.791558e-03
1326 1.537567e-05 1.294918e-02
1327 3.709736e-05 3.139218e-02
1328 3.687529e-08 2.689014e-03
1329 2.685625e-05 2.601260e-02
1330 5.621474e-08 8.252529e-03
1331 2.679928e-08 2.124656e-03
1332 3.305268e-10 1.452886e-03
1333 1.211123e-05 2.365904e-02
1334 1.703884e-06 1.376755e-02
1335 2.791668e-08 1.172207e-02
1336 2.977157e-06 9.143243e-03
1337 5.125588e-04 1.618337e-01
1338 4.537745e-08 7.357171e-03
1339 2.188449e-03 5.167378e-01
1340 2.496294e-05 1.841568e-02
1341 1.121640e-03 4.800401e-01
1342 2.386992e-09 2.470472e-03
1343 1.444857e-08 2.175491e-03
1344 4.747602e-07 3.592572e-03
1345 2.423705e-06 1.528872e-02
1346 7.694344e-08 2.861463e-02
1347 2.692974e-09 1.355838e-03
1348 1.021112e-04 8.331503e-02
1349 6.865574e-04 2.045322e-01
1350 4.104616e-06 1.329440e-02
1351 6.645385e-05 3.558725e-02
1352 2.948802e-06 1.605476e-02
1353 8.077900e-07 1.166682e-02
1354 3.089333e-09 4.958279e-03
1355 1.675044e-07 9.437610e-03
1356 1.347136e-04 3.231445e-02
1357 1.425970e-09 6.053716e-03
1358 4.111167e-06 7.924316e-03
1359 1.088864e-09 2.051831e-03
1360 3.397403e-08 4.145561e-03
1361 7.995098e-05 2.214819e-02
1362 1.730677e-04 1.740107e-01
1363 3.571911e-06 6.333134e-03
1364 7.208497e-04 8.072226e-02
1365 2.112512e-09 4.523261e-03
1366 1.814812e-07 4.608872e-03
1367 6.069266e-09 1.745188e-03
1368 1.294544e-05 6.862827e-02
1369 9.978790e-12 2.457531e-03
1370 2.538753e-08 1.647770e-03
1371 9.338480e-05 7.733180e-02
1372 9.384702e-10 4.192685e-03
1373 1.036902e-07 7.749230e-03
1374 9.857178e-08 3.412468e-03
1375 1.825537e-05 1.653824e-02
1376 2.902872e-03 1.107432e+00
1377 5.279822e-07 9.838976e-03
1378 3.179073e-09 1.432307e-03
1379 1.836673e-05 6.071485e-03
1380 3.070424e-03 7.102027e-01
1381 1.299607e-06 3.520279e-03
1382 5.365527e-09 1.284028e-03
1383 9.436196e-07 2.176969e-02
1384 2.646588e-08 4.633208e-03
1385 1.774575e-08 4.490384e-03
1386 1.566316e-07 5.859394e-03
1387 1.376776e-04 5.239478e-02
1388 3.971093e-07 7.818253e-03
1389 1.472104e-08 3.265349e-03
1390 1.593306e-08 3.100195e-03
1391 1.854740e-07 9.238900e-03
1392 1.469020e-08 2.003365e-03
1393 9.589467e-09 7.649666e-03
1394 1.583273e-07 6.514232e-03
1395 9.997812e-05 5.112758e-02
1396 8.701358e-05 5.472929e-02
1397 2.420057e-08 3.232304e-03
1398 1.254595e-05 3.231133e-02
1399 8.311875e-06 4.314884e-02
1400 1.702741e-08 4.682172e-03
1401 2.467752e-04 1.176276e-01
1402 2.768522e-07 4.635294e-03
1403 2.652298e-07 5.531102e-03
1404 4.373352e-09 2.382895e-03
1405 1.977722e-07 4.179917e-03
1406 5.241422e-05 2.296185e-02
1407 2.962576e-08 2.753165e-03
1408 1.984316e-03 9.059069e-01
1409 4.617965e-06 5.162693e-02
1410 5.784550e-08 1.108809e-02
1411 1.422276e-05 1.589491e-02
1412 5.166069e-10 4.384724e-03
1413 1.202353e-14 1.143512e-03
1414 3.699439e-10 2.434506e-03
1415 6.709618e-08 5.995780e-03
1416 4.782348e-09 2.992338e-03
1417 9.319228e-07 5.172643e-03
1418 8.932244e-08 5.030991e-03
1419 2.206270e-08 4.512707e-03
1420 5.660262e-06 2.558831e-02
1421 1.447128e-06 1.365057e-02
1422 8.154861e-05 3.713235e-02
1423 9.743235e-07 4.065614e-03
1424 1.804806e-06 7.457502e-03
1425 2.617289e-06 8.351622e-03
1426 3.766764e-06 1.015799e-02
1427 2.112285e-06 6.372217e-03
1428 1.850966e-06 8.247509e-03
1429 6.526583e-05 2.564451e-02
1430 2.055571e-04 3.412484e-01
1431 5.017045e-06 3.373545e-02
1432 8.635003e-07 1.819016e-02
1433 5.302760e-09 7.839341e-03
1434 6.237033e-07 3.720571e-03
1435 2.807720e-09 3.320827e-03
1436 2.027386e-05 1.138751e-02
1437 4.678630e-07 2.892350e-03
1438 2.239537e-05 1.566824e-02
1439 3.949744e-03 6.231014e-01
1440 2.911314e-09 2.807444e-03
1441 1.513464e-10 1.740389e-03
1442 4.884614e-09 7.298888e-03
1443 3.222501e-06 6.492169e-03
1444 2.373978e-06 8.617647e-03
1445 7.599345e-07 1.071180e-02
1446 1.264512e-06 1.676584e-02
1447 3.648447e-03 1.198163e+00
1448 8.670381e-06 4.531566e-03
1449 1.387894e-08 3.108093e-03
1450 8.067705e-07 1.370653e-02
1451 7.416233e-05 6.348139e-02
1452 1.440589e-03 2.221895e-01
1453 2.685954e-09 2.968185e-03
1454 2.116736e-08 3.940633e-03
1455 8.625449e-05 2.108110e-02
1456 7.588036e-08 1.889620e-03
1457 5.020028e-07 2.636427e-03
1458 3.875542e-07 2.917164e-03
1459 9.576448e-06 1.161474e-02
1460 2.562629e-06 1.915092e-02
1461 9.970756e-07 2.599471e-03
1462 6.838013e-08 2.175241e-03
1463 4.990162e-09 1.507116e-03
1464 2.572381e-09 2.055679e-03
1465 2.835771e-08 1.410944e-03
1466 1.537405e-05 2.456112e-02
1467 2.514193e-04 1.722240e-01
1468 3.611149e-06 9.439228e-03
1469 7.253917e-07 1.775042e-02
1470 1.086733e-10 3.690370e-03
1471 5.409740e-05 1.994348e-02
1472 2.087746e-08 6.297113e-03
1473 4.281665e-08 4.044485e-03
1474 1.489215e-08 1.696512e-02
1475 5.477558e-09 1.749762e-03
1476 8.374975e-07 2.092786e-02
1477 1.745397e-11 1.745338e-03
1478 3.289520e-07 1.658871e-02
1479 1.016173e-06 1.148027e-02
1480 1.745371e-06 4.682774e-02
1481 1.486301e-05 3.739882e-02
1482 2.983826e-06 1.728206e-02
1483 3.250291e-05 2.237184e-02
1484 6.399658e-04 3.248138e-01
1485 7.869006e-05 8.787542e-02
1486 3.166687e-05 1.971069e-01
1487 6.392230e-10 2.030040e-03
1488 1.654111e-06 2.741029e-02
1489 3.777980e-07 2.138249e-03
1490 2.382594e-05 5.086765e-03
1491 2.038178e-06 5.967604e-02
1492 1.544557e-08 6.755012e-03
1493 5.942984e-07 1.175006e-02
1494 6.010303e-08 3.026570e-03
1495 4.983763e-06 2.258480e-02
1496 2.073829e-07 4.499785e-03
1497 8.200021e-04 4.631379e-01
1498 1.987692e-08 5.334436e-03
1499 4.470235e-10 2.925366e-03
1500 4.663906e-05 1.169414e-02
1501 9.281781e-08 5.469212e-03
1502 1.017505e-04 1.608189e-01
1503 3.782699e-04 2.196464e-01
1504 4.628134e-05 3.119764e-02
1505 2.118579e-07 5.714328e-03
1506 2.508540e-06 8.165133e-03
1507 1.351143e-04 9.178201e-02
1508 9.710703e-05 3.582164e-01
1509 4.474576e-08 4.599969e-03
1510 1.420447e-08 8.563721e-03
1511 4.522426e-07 1.214176e-02
1512 3.162430e-07 7.622630e-03
1513 1.848820e-06 1.135588e-02
1514 7.001584e-09 6.428114e-03
1515 2.221056e-03 6.119508e-01
1516 6.169825e-06 1.459556e-02
1517 1.472556e-03 6.887237e-01
1518 4.425103e-06 9.323801e-03
1519 3.813385e-06 1.272642e-02
1520 1.446284e-07 1.935559e-03
1521 1.684186e-08 7.191763e-03
1522 4.919589e-05 6.871306e-02
1523 5.694439e-06 1.042049e-02
1524 2.301655e-06 1.887494e-02
1525 1.070288e-05 3.913274e-02
1526 1.195338e-06 1.224090e-02
1527 2.154410e-05 3.983218e-02
1528 7.298328e-06 1.293104e-02
1529 3.838225e-06 9.625087e-03
1530 6.075736e-08 1.488173e-02
1531 1.228805e-05 2.862574e-02
1532 8.942594e-09 5.077369e-03
1533 9.648308e-09 6.696407e-03
1534 1.690778e-05 1.428987e-02
1535 3.532887e-09 1.590996e-03
1536 5.899625e-08 2.743513e-03
1537 2.534781e-07 4.093385e-03
1538 4.119689e-08 4.118241e-03
1539 4.191904e-08 2.607138e-03
1540 5.277677e-06 3.217958e-02
1541 1.180946e-03 4.488734e-01
1542 4.685069e-04 1.534919e-01
1543 6.647069e-04 3.357341e-01
1544 9.590632e-07 1.025905e-02
1545 9.208704e-07 5.442355e-02
1546 2.860411e-06 9.368044e-03
1547 3.503875e-03 4.778183e-01
1548 6.983630e-06 2.198795e-02
1549 8.441561e-07 4.874946e-03
1550 2.426522e-09 4.407812e-03
1551 2.168062e-07 6.498952e-03
1552 1.863335e-04 2.176072e-01
1553 1.045492e-03 4.587955e-01
1554 1.406144e-07 1.026172e-02
1555 1.481176e-03 6.541203e-01
1556 1.400748e-04 2.259921e-02
1557 4.268716e-05 2.196610e-01
1558 1.024199e-03 4.799131e-01
1559 6.762312e-06 1.175477e-02
1560 1.320242e-03 1.908380e-01
1561 3.853922e-05 2.203727e-01
1562 9.906550e-10 6.923889e-03
1563 1.034461e-05 2.263291e-02
1564 6.682959e-04 4.250342e-01
1565 2.024478e-05 2.165336e-02
1566 4.924690e-08 5.372011e-03
1567 2.095918e-03 2.277945e+00
1568 6.183972e-09 1.442404e-02
1569 1.582630e-04 2.848922e-02
1570 1.038382e-03 7.211407e-01
1571 3.698534e-09 2.462350e-03
1572 5.219546e-05 5.077180e-02
1573 1.475139e-03 4.286150e-01
1574 1.684235e-05 2.173645e-02
1575 3.999266e-09 1.799238e-02
1576 6.101592e-05 9.831756e-02
1577 1.026484e-04 3.125382e-01
1578 1.267147e-03 1.407663e-01
1579 4.319929e-09 5.081621e-03
1580 2.140298e-03 8.794708e-01
1581 1.916232e-05 1.954697e-02
1582 4.904309e-07 4.822434e-03
1583 6.929891e-04 1.750569e-01
1584 1.122947e-07 1.485090e-02
1585 2.937376e-04 2.776843e-01
1586 3.636952e-06 1.265205e-02
1587 6.651699e-05 1.721739e-02
1588 1.946165e-05 2.471812e-02
1589 4.091657e-09 2.919181e-03
1590 1.470978e-05 6.349995e-03
1591 4.818405e-06 5.206038e-03
1592 6.443568e-05 1.389927e-02
1593 8.800278e-07 3.754541e-03
1594 2.745016e-06 1.691561e-02
1595 6.940627e-07 4.214882e-03
1596 4.929763e-08 3.066418e-02
1597 1.146217e-06 8.590200e-03
1598 1.681388e-05 1.792333e-02
1599 3.402602e-05 1.258893e-01
1600 3.046733e-06 1.070116e-02
1601 9.547524e-08 3.291131e-03
1602 1.119786e-03 9.599972e-01
1603 6.001369e-08 8.699000e-03
1604 6.000468e-05 4.173150e-02
1605 2.127477e-05 5.352164e-02
1606 8.086068e-04 3.702646e-01
1607 2.149928e-03 4.230288e-01
1608 1.051755e-08 4.893046e-03
1609 7.175316e-04 2.233159e-01
1610 6.080232e-04 4.963281e-01
1611 3.314871e-07 1.673706e-02
1612 3.747277e-04 2.233054e-02
1613 2.272025e-11 1.208080e-03
1614 1.280246e-03 9.904395e-02
1615 1.214672e-03 2.832341e-01
1616 1.688659e-08 2.651337e-03
1617 1.759917e-09 3.410252e-03
1618 1.101409e-07 2.705171e-03
1619 8.916333e-07 8.079591e-02
1620 1.525356e-05 6.036219e-02
1621 2.275591e-07 1.002141e-01
1622 1.594345e-05 2.431308e-02
1623 5.070986e-06 5.720663e-02
1624 8.752104e-04 5.835916e-01
1625 1.202306e-08 4.478247e-03
1626 4.704198e-04 1.262156e-01
1627 9.108375e-07 1.758119e-02
1628 1.594268e-04 1.348423e-01
1629 3.365704e-04 3.532168e-01
1630 9.117212e-04 5.338584e-01
1631 4.984545e-04 1.416585e-01
1632 9.054576e-07 6.988675e-02
1633 2.568927e-10 3.099611e-03
1634 2.035155e-09 6.778025e-03
1635 5.713258e-11 1.156793e-03
1636 1.122857e-09 2.940666e-03
1637 3.374752e-10 1.705858e-03
1638 8.200307e-09 3.093079e-03
1639 5.265757e-11 1.852138e-03
1640 1.735555e-04 6.522543e-02
1641 6.513841e-04 2.012391e-01
1642 4.022261e-03 7.790833e-01
1643 1.354746e-04 4.261055e-02
1644 1.875944e-05 1.233028e-02
1645 3.371505e-04 2.779130e-02
1646 2.444233e-03 1.238050e+00
1647 2.712648e-05 1.650638e-02
1648 3.333832e-07 4.198901e-03
1649 5.612394e-04 6.314032e-01
1650 1.771486e-04 1.241218e-01
1651 8.117606e-09 4.405544e-03
1652 2.264792e-04 1.268072e-01
1653 3.976430e-03 7.878479e-01
1654 7.122740e-07 2.349872e-02
1655 1.124662e-03 4.085096e-01
1656 7.216844e-08 1.783802e-02
1657 3.738818e-06 1.276819e-02
1658 2.152701e-06 5.264502e-03
1659 6.526453e-06 2.237777e-02
1660 2.661639e-05 9.479970e-02
1661 2.419158e-04 1.415413e-01
1662 1.123738e-03 5.614210e-02
1663 2.617066e-05 2.298519e-01
1664 7.888149e-07 1.392025e-02
1665 2.225162e-06 1.222164e-02
1666 8.738788e-05 9.506989e-02
1667 2.820784e-05 5.292020e-02
1668 6.182568e-11 8.895966e-04
1669 7.730823e-06 1.303465e-02
1670 2.308251e-08 3.678819e-03
1671 3.699899e-06 2.419172e-02
1672 1.211870e-03 2.572913e-01
1673 7.957542e-05 3.961532e-02
1674 4.541006e-07 1.098534e-02
1675 3.077698e-06 1.598649e-02
1676 1.495631e-07 2.855468e-03
1677 1.327084e-09 7.112926e-03
1678 8.432845e-08 3.677135e-03
1679 1.107399e-13 1.409525e-03
1680 5.020887e-05 9.379109e-02
1681 3.342570e-05 3.212016e-02
1682 1.862131e-06 2.611225e-02
1683 2.139976e-09 1.750261e-03
1684 8.566753e-09 3.672707e-03
1685 7.464412e-04 7.568744e-02
1686 1.650490e-03 3.098177e-01
1687 2.615876e-06 3.293665e-02
1688 1.213127e-03 3.565374e-01
1689 7.820434e-06 9.904647e-02
1690 1.577881e-09 1.776278e-03
1691 2.479941e-08 1.767370e-03
1692 2.216345e-07 6.007494e-03
1693 4.998095e-04 2.068556e-01
1694 1.951159e-05 5.123598e-02
1695 2.848591e-06 4.356015e-03
1696 8.548495e-04 4.096013e-01
1697 1.161870e-07 8.758801e-03
1698 4.498650e-03 5.799859e-01
1699 4.248965e-03 7.879783e-01
1700 8.298987e-08 4.275452e-03
1701 3.571022e-05 7.919072e-02
1702 2.171649e-05 8.905474e-02
1703 1.455171e-06 5.800881e-02
1704 4.245165e-08 1.635646e-03
1705 4.952012e-09 1.979513e-03
1706 9.488659e-07 2.653571e-03
1707 4.766889e-04 1.608182e-01
1708 1.009357e-09 8.068229e-03
1709 8.890161e-07 1.655218e-02
1710 5.144674e-08 1.163068e-02
1711 8.851323e-04 3.738951e-01
1712 1.234153e-04 9.283641e-02
1713 3.134392e-07 1.143458e-02
1714 1.389155e-04 9.739181e-02
1715 1.137165e-06 8.788484e-03
1716 1.329833e-09 4.416081e-03
1717 1.686867e-06 2.685494e-02
1718 2.968900e-06 1.352435e-02
1719 1.844894e-09 7.630467e-03
1720 1.442812e-07 9.474680e-03
1721 3.302674e-08 3.152199e-02
1722 7.857072e-09 8.443207e-03
1723 1.201525e-03 5.881740e-01
1724 1.804591e-06 3.468740e-03
1725 1.375146e-06 1.819875e-02
1726 4.538771e-04 2.301427e-01
1727 8.965239e-06 3.230934e-02
1728 7.691117e-04 4.746543e-01
1729 3.192909e-07 4.646679e-03
1730 3.128610e-04 2.727124e-01
1731 1.073238e-07 7.370680e-03
1732 6.895861e-09 1.912457e-03
1733 1.184062e-14 1.011506e-03
1734 4.005226e-04 8.375640e-02
1735 6.210299e-05 4.129762e-02
1736 1.689919e-13 1.148585e-03
1737 1.934540e-05 2.167680e-02
1738 4.689057e-07 3.640149e-03
1739 3.135578e-06 2.605546e-02
1740 4.245848e-04 1.209920e-01
1741 1.978208e-10 4.427049e-03
1742 9.714417e-05 1.192180e-01
1743 5.557754e-04 2.114776e-01
1744 3.766516e-05 4.719750e-02
1745 3.427808e-04 4.188215e-02
1746 1.543767e-08 2.725530e-03
1747 2.797348e-08 6.705222e-03
1748 8.876149e-04 6.773925e-01
1749 1.278414e-05 1.226529e-02
1750 3.770749e-06 9.689473e-03
1751 1.038107e-07 6.517988e-03
1752 3.492491e-09 2.143573e-03
1753 5.680305e-05 5.775268e-02
1754 1.411798e-07 5.574840e-03
1755 2.909948e-06 6.657264e-03
1756 1.265102e-07 1.983445e-02
1757 1.153361e-07 1.515619e-02
1758 1.194942e-04 2.407102e-01
1759 3.344397e-07 5.162278e-03
1760 1.019090e-03 6.199486e-01
1761 1.123043e-08 7.060759e-03
1762 1.012803e-06 4.332025e-03
1763 1.411933e-07 1.170336e-02
1764 3.566288e-08 6.938885e-03
1765 7.515477e-05 3.436225e-02
1766 8.178790e-08 4.498889e-03
1767 4.818095e-05 9.404417e-03
1768 5.695784e-05 5.769599e-02
1769 6.530943e-04 1.233279e-01
1770 6.118697e-08 8.550428e-03
1771 4.942135e-06 1.146400e-02
1772 4.393003e-04 5.069789e-01
1773 1.694991e-03 4.403898e-01
1774 2.100941e-09 2.935246e-03
1775 3.650371e-11 2.829930e-03
1776 9.039225e-08 1.939559e-02
1777 5.987332e-07 1.265268e-02
1778 1.781507e-07 7.269729e-03
1779 3.251816e-06 1.745032e-02
1780 5.828182e-09 2.812045e-03
1781 2.388470e-11 1.305323e-03
1782 2.193571e-10 3.173229e-03
1783 2.402683e-07 7.431297e-03
1784 1.491902e-05 3.429642e-02
1785 2.762748e-07 4.457206e-03
1786 1.805007e-06 3.385687e-02
1787 2.407208e-03 6.082204e-01
1788 1.151600e-09 4.441658e-03
1789 7.424067e-05 4.274055e-02
1790 4.014682e-09 2.235058e-03
1791 1.797185e-07 5.836557e-03
1792 9.080511e-07 7.177533e-03
1793 1.281769e-07 9.523310e-03
1794 3.490346e-04 1.038613e-01
1795 3.226369e-05 8.533333e-03
1796 1.573031e-03 6.961050e-01
1797 1.883200e-08 1.740230e-02
1798 3.739762e-07 6.660778e-03
1799 2.619825e-09 2.885562e-03
1800 2.997962e-06 5.601305e-02
1801 4.384523e-05 6.381516e-03
1802 9.029463e-06 4.013719e-02
1803 1.724456e-08 2.049529e-03
1804 6.949358e-07 3.021596e-03
1805 2.543907e-08 1.103876e-02
1806 3.942283e-07 6.002410e-03
1807 5.171819e-09 1.571553e-03
1808 8.904010e-04 8.447264e-01
1809 7.077627e-07 1.174584e-02
1810 6.975860e-04 2.699515e-01
1811 9.644578e-09 7.842559e-03
1812 5.288568e-08 5.933769e-03
1813 1.936784e-06 1.452514e-02
1814 3.805547e-10 2.832738e-03
1815 1.695468e-07 2.575529e-02
1816 2.574908e-04 3.353243e-02
1817 7.431937e-07 4.858890e-03
1818 7.164002e-08 4.832940e-03
1819 1.611238e-13 2.082381e-03
1820 3.362440e-09 1.597602e-03
1821 3.884651e-09 3.412962e-03
1822 7.555248e-04 2.137326e-01
1823 2.436203e-05 4.166520e-02
1824 1.015809e-05 4.740787e-02
1825 3.669238e-03 7.915345e-01
1826 1.203673e-04 1.846844e-01
1827 2.490893e-04 6.579738e-02
1828 2.097606e-04 4.515180e-02
1829 2.039478e-06 1.218770e-02
1830 3.217713e-08 3.102305e-03
1831 1.186045e-09 1.703520e-03
1832 2.877131e-07 1.495275e-02
1833 3.747336e-05 2.157515e-02
1834 1.554986e-06 3.661757e-03
1835 1.341823e-08 3.577422e-03
1836 3.446786e-04 5.254132e-01
1837 9.270568e-04 3.440019e-01
1838 1.065307e-04 2.127246e-02
1839 6.274636e-07 3.746913e-02
1840 1.711322e-06 3.912194e-02
1841 6.680074e-05 1.007209e-01
1842 2.255763e-07 6.895680e-03
1843 5.692061e-08 8.682684e-03
1844 3.162941e-08 2.765294e-03
1845 6.125002e-05 4.391441e-02
1846 3.617002e-10 3.506984e-03
1847 3.227598e-07 6.009131e-02
1848 2.431421e-10 2.206605e-03
1849 1.473443e-08 1.367653e-02
1850 1.561690e-08 1.479157e-02
1851 3.414230e-06 3.666634e-02
1852 1.194048e-05 2.261085e-02
1853 5.369375e-05 5.504416e-02
1854 7.236245e-06 1.195606e-01
1855 1.104189e-05 4.677818e-02
1856 4.698381e-11 2.267660e-03
1857 5.192324e-09 4.628082e-03
1858 2.780328e-07 3.959487e-03
1859 3.760923e-09 3.269128e-03
1860 3.276983e-06 2.331398e-02
1861 5.179350e-08 7.734518e-03
1862 5.401983e-04 3.950772e-01
1863 6.844203e-11 3.006961e-03
1864 1.163954e-08 2.668887e-03
1865 8.652248e-09 1.142259e-02
1866 1.235831e-04 9.817458e-02
1867 1.863460e-10 2.611331e-03
1868 8.301687e-06 1.070926e-02
1869 1.585490e-04 4.907090e-01
1870 1.000250e-06 6.058546e-03
1871 3.417332e-08 1.130463e-02
1872 2.021617e-09 7.174866e-03
1873 8.594481e-09 1.843080e-03
1874 4.508022e-07 2.195730e-03
1875 1.439593e-03 1.096775e+00
1876 4.362472e-08 2.424199e-03
1877 1.906342e-07 3.191782e-03
1878 1.940983e-08 6.553529e-03
1879 4.007532e-06 1.167938e-02
1880 2.893636e-04 7.325267e-02
1881 1.423687e-06 4.512666e-02
1882 1.539150e-09 3.948302e-03
1883 4.832846e-07 1.344481e-02
1884 1.880136e-03 2.739200e-01
1885 2.321944e-06 7.017890e-03
1886 4.013327e-04 9.306675e-02
1887 1.063198e-04 4.717270e-02
1888 7.946865e-08 3.275132e-03
1889 6.863788e-09 1.317136e-03
1890 9.406024e-07 1.207341e-02
1891 5.077108e-04 2.007360e-01
1892 5.129872e-08 1.486025e-02
1893 5.438286e-05 6.686210e-02
1894 6.155115e-03 1.462742e+00
1895 2.607608e-04 7.853639e-02
1896 5.934804e-05 1.271167e-01
1897 3.116970e-08 4.001957e-03
1898 4.063496e-05 5.371901e-02
1899 1.817220e-05 1.162977e-02
1900 3.208250e-04 1.717828e-01
1901 2.578712e-08 4.904176e-03
1902 1.278859e-08 1.854625e-03
1903 2.601792e-07 1.103188e-02
1904 2.621807e-06 8.264417e-03
1905 9.415153e-07 5.237540e-03
1906 6.715645e-06 6.482360e-03
1907 3.745775e-10 3.760347e-03
1908 1.828972e-08 1.714070e-03
1909 3.896262e-05 1.679539e-02
1910 9.967573e-05 1.034929e-01
1911 4.116959e-04 1.704271e-01
1912 9.265866e-06 7.675599e-02
1913 5.481859e-06 6.317880e-02
1914 8.489044e-08 4.778494e-03
1915 6.162418e-10 7.895654e-03
1916 7.692283e-04 9.280955e-01
1917 2.105268e-03 5.576014e-01
1918 5.376623e-05 3.490209e-02
1919 1.700757e-04 3.490799e-02
1920 3.889091e-05 3.217608e-02
1921 1.519137e-10 1.367046e-03
1922 3.412364e-06 4.771021e-03
1923 1.890819e-07 3.148338e-03
1924 1.272322e-07 2.427797e-03
1925 2.652445e-08 2.132753e-03
1926 6.677880e-05 1.635071e-01
1927 1.961341e-06 1.157128e-02
1928 6.086531e-10 1.791335e-03
1929 1.323539e-05 1.606170e-02
1930 4.043553e-06 1.780018e-02
1931 1.271714e-05 2.734396e-02
1932 1.266959e-08 3.379155e-02
1933 3.393514e-07 1.611236e-02
1934 9.927394e-06 7.016668e-02
1935 2.203588e-05 1.765814e-02
1936 1.854881e-07 1.255173e-02
1937 4.712469e-06 5.526494e-03
1938 5.549185e-11 2.010178e-03
1939 1.469646e-04 2.862312e-01
1940 8.710629e-08 2.261574e-02
1941 7.053917e-05 1.725800e-02
1942 2.047868e-05 8.355611e-02
1943 6.681190e-07 3.241155e-02
1944 3.667053e-04 2.867431e-01
1945 8.368712e-06 4.114553e-02
1946 9.960229e-07 7.071005e-03
1947 8.215045e-06 6.083569e-03
1948 4.624066e-09 1.708296e-03
1949 5.317123e-04 2.010635e-01
1950 3.686452e-05 3.451035e-02
1951 9.784319e-06 4.254686e-02
1952 2.627577e-07 7.183463e-03
1953 8.870330e-05 6.636298e-02
1954 4.066503e-06 7.615911e-02
1955 3.607991e-06 1.013874e-02
1956 1.667214e-05 5.821307e-02
1957 9.735421e-06 8.512600e-03
1958 2.094400e-05 2.183537e-02
1959 7.638295e-06 2.737647e-02
1960 1.129128e-05 3.104193e-02
1961 3.614907e-06 1.061786e-01
1962 4.372840e-04 1.382783e-01
1963 3.867211e-04 1.044248e-01
1964 4.196532e-07 4.033867e-03
1965 8.982747e-07 1.517550e-02
1966 9.510241e-08 6.703032e-03
1967 6.343020e-06 5.691921e-02
1968 8.682812e-10 2.103120e-03
1969 1.150562e-03 3.748658e-01
1970 4.751682e-04 1.078019e-01
1971 7.107029e-04 3.890202e-01
1972 8.534910e-05 2.204465e-02
1973 1.055187e-04 2.096356e-01
1974 3.453898e-08 4.243327e-03
1975 6.545639e-04 3.242917e-01
1976 1.348812e-04 1.303717e-01
1977 1.879367e-06 7.728049e-03
1978 1.757554e-08 4.048346e-03
1979 1.009734e-03 1.119419e-01
1980 3.095083e-04 2.028445e-02
1981 4.227027e-06 5.526680e-02
1982 1.320624e-08 2.801659e-03
1983 1.476083e-06 2.407381e-03
1984 3.473842e-07 2.762004e-02
1985 3.990839e-05 1.844686e-02
1986 1.676035e-05 1.275197e-02
1987 8.648180e-07 3.499194e-02
1988 1.263382e-04 2.321049e-01
1989 1.590730e-07 1.452090e-03
1990 3.031752e-06 5.574116e-03
1991 3.578526e-06 9.413546e-03
1992 5.431717e-04 6.100204e-01
1993 1.254576e-09 1.188404e-03
1994 9.820702e-09 1.259099e-03
1995 1.885950e-03 1.788517e-01
1996 3.067239e-08 5.552773e-03
1997 8.501429e-08 2.107875e-03
1998 1.146766e-05 1.879574e-02
1999 3.019719e-05 1.309887e-01
2000 2.543711e-07 2.651474e-03
2001 2.443402e-08 3.121940e-03
