2 1.924325e-04 1.472675e-01
3 5.810747e-03 7.580532e-01
4 1.226396e-03 3.393349e-01
5 8.752414e-04 1.219024e-01
6 2.967838e-03 9.087148e-01
7 1.208914e-03 2.578232e-01
8 2.255492e-05 5.387806e-02
9 1.558939e-05 1.045698e-02
10 4.018980e-04 8.265693e-02
11 8.837514e-04 4.473181e-01
12 1.167913e-04 3.773069e-02
13 1.403243e-03 5.163023e-01
14 8.496608e-04 1.290876e-01
15 1.934997e-04 6.014796e-02
16 1.101551e-04 5.835237e-02
17 6.966730e-05 1.693278e-02
18 1.457735e-03 1.363600e-01
19 9.000783e-05 3.258045e-01
20 2.233770e-03 4.467949e-01
21 3.129244e-04 2.089404e-01
22 3.553362e-05 3.128802e-02
23 1.593030e-03 7.155597e-01
24 1.537579e-03 3.388394e-01
25 2.147981e-04 5.116827e-02
26 1.747615e-03 6.875285e-01
27 2.879187e-04 7.470238e-02
28 2.039516e-04 4.717585e-02
29 5.570629e-03 6.707109e-01
30 1.926000e-06 7.746347e-03
31 1.318680e-03 1.364885e-01
32 1.713545e-03 2.553976e-01
33 9.421199e-05 2.928586e-02
34 1.533266e-05 9.355636e-03
35 3.623869e-04 2.155746e-01
36 4.623817e-04 7.721548e-02
37 3.169348e-03 8.287350e-01
38 2.808799e-03 1.096753e+00
39 1.712824e-03 6.186818e-01
40 3.415106e-04 2.297162e-01
41 7.848497e-07 7.154300e-03
42 2.636095e-03 8.188020e-01
43 1.958186e-05 1.758872e-02
44 3.068130e-07 3.009395e-03
45 2.828169e-07 2.711216e-03
46 1.773919e-07 1.437759e-03
47 4.772487e-07 6.323414e-03
48 8.705564e-07 7.217613e-03
49 6.187914e-07 9.095616e-03
50 1.356735e-05 3.226855e-02
51 2.576495e-07 3.154469e-03
52 4.314859e-07 5.665237e-03
53 4.300847e-07 5.679815e-03
54 8.987514e-08 4.298025e-03
55 6.717018e-08 3.396468e-03
56 1.498115e-05 2.160510e-02
57 3.022007e-05 4.155022e-02
58 1.927141e-08 1.715571e-03
59 1.870503e-05 1.201644e-02
60 1.052309e-06 2.401997e-03
61 2.412106e-07 4.227957e-03
62 5.551188e-07 1.336780e-03
63 1.775130e-06 5.642043e-03
64 6.625792e-08 1.184011e-02
65 1.282000e-06 2.800589e-03
66 5.095836e-07 4.870157e-03
67 1.170904e-07 4.807387e-03
68 3.859335e-06 1.119735e-02
69 8.511729e-06 1.029907e-02
70 3.667676e-03 4.939224e-01
71 9.042572e-10 4.412568e-03
72 3.957241e-04 6.374351e-02
73 3.449042e-06 4.503814e-03
74 5.084082e-07 5.777663e-03
75 1.234170e-06 5.753509e-03
76 7.531920e-06 6.659925e-03
77 2.860610e-06 4.629257e-03
78 3.587322e-05 4.797032e-02
79 3.777434e-07 1.138016e-02
80 7.281405e-05 9.260654e-02
81 4.308990e-07 3.172942e-03
82 1.407685e-05 4.102864e-02
83 2.815508e-08 2.528094e-03
84 2.536953e-05 1.537077e-02
85 2.070869e-06 7.804900e-03
86 1.392520e-04 2.570126e-02
87 3.546358e-04 2.221859e-01
88 9.103997e-09 2.774736e-03
89 3.364129e-04 4.255189e-02
90 8.994365e-05 1.235445e-01
91 2.340827e-05 1.801985e-02
92 4.465423e-05 8.315792e-02
93 5.877692e-05 4.699771e-02
94 4.685829e-07 9.004811e-03
95 5.595524e-08 5.390677e-03
96 2.281020e-05 1.272092e-02
97 4.962501e-05 2.109963e-02
98 2.372468e-04 2.944952e-02
99 2.435796e-04 3.196832e-01
100 6.798955e-03 7.746737e-01
101 7.674748e-04 1.403978e-01
102 1.706340e-06 6.585026e-03
103 1.422728e-04 2.220077e-01
104 3.499438e-07 2.472103e-02
105 7.704481e-05 9.572293e-02
106 4.847000e-05 6.351916e-02
107 4.465211e-07 1.214448e-02
108 6.412977e-05 1.135083e-01
109 4.583000e-07 1.215372e-02
110 2.221171e-06 4.366271e-03
111 3.182270e-07 1.084571e-02
112 1.876854e-07 1.959527e-02
113 3.436757e-04 9.561365e-02
114 4.843694e-05 1.069020e-02
115 8.990417e-05 2.360063e-02
116 2.542310e-04 8.285452e-02
117 1.084461e-06 7.284458e-03
118 2.725669e-07 3.715269e-03
119 3.426655e-03 5.815085e-01
120 1.081296e-04 2.577415e-02
121 5.244469e-07 9.037942e-03
122 7.556328e-07 5.184029e-03
123 7.338044e-04 8.656555e-02
124 4.606499e-06 1.419137e-02
125 1.581463e-04 1.529422e-01
126 6.464387e-06 1.440650e-02
127 4.208523e-07 1.163978e-02
128 5.829539e-04 4.037930e-01
129 1.751918e-03 4.812510e-01
130 2.560578e-05 7.753553e-02
131 3.348548e-04 1.603341e-01
132 5.882922e-06 2.840981e-02
133 1.877233e-03 8.333356e-01
134 1.145913e-04 4.573540e-02
135 1.443595e-03 2.496929e-01
136 4.528511e-09 2.287244e-03
137 4.216636e-07 1.299981e-02
138 9.151188e-07 4.062981e-03
139 9.650059e-06 9.742065e-03
140 8.436033e-05 4.774345e-02
141 3.069435e-06 7.800529e-03
142 5.080682e-04 1.576666e-01
143 2.630388e-04 9.016796e-02
144 2.590462e-04 2.403667e-01
145 1.251579e-04 5.143008e-02
146 6.016550e-06 1.435976e-02
147 1.935307e-04 7.248123e-02
148 4.772013e-06 6.397296e-03
149 3.939239e-05 7.156855e-02
150 3.529372e-04 8.768907e-02
151 3.767246e-04 4.620527e-02
152 2.393755e-05 3.759547e-02
153 5.704271e-06 1.045931e-02
154 2.432101e-05 1.538650e-02
155 1.074284e-06 3.124071e-03
156 1.027258e-04 1.819518e-02
157 6.054300e-07 1.316646e-02
158 1.655831e-09 3.780325e-03
159 4.718361e-07 1.785595e-02
160 2.236332e-06 1.005848e-02
161 4.215359e-06 5.167904e-03
162 4.891634e-06 1.711609e-02
163 1.247500e-05 1.714884e-02
164 9.780899e-05 1.139107e-02
165 4.475876e-07 1.772091e-03
166 4.086435e-06 2.378238e-03
167 1.122587e-05 8.573037e-03
168 1.316424e-05 5.245556e-03
169 2.423972e-04 2.907488e-02
170 1.165488e-05 7.147868e-03
171 7.283136e-05 4.431336e-02
172 2.753418e-03 3.894124e-01
173 4.613623e-05 7.761426e-02
174 7.767450e-04 1.744961e-01
175 5.266823e-09 1.263646e-03
176 2.386611e-05 1.416534e-02
177 4.769283e-08 3.189657e-03
178 5.046316e-07 7.829304e-03
179 4.593646e-06 1.241725e-02
180 4.879063e-09 1.277065e-03
181 6.610823e-05 1.122667e-01
182 1.633619e-04 4.598692e-02
183 1.581781e-04 3.652427e-02
184 5.666641e-06 8.874254e-03
185 5.778591e-09 1.523176e-03
186 5.579871e-06 4.904634e-02
187 1.125399e-03 6.274578e-01
188 1.286169e-04 4.785057e-02
189 2.727519e-05 1.519576e-02
190 1.526019e-06 5.573816e-03
191 1.084468e-06 6.961583e-03
192 2.609808e-07 5.841392e-03
193 5.051931e-08 6.282255e-03
194 2.811819e-07 6.104656e-03
195 9.127960e-05 2.583969e-02
196 4.658183e-06 8.079553e-03
197 7.479545e-07 2.123552e-02
198 6.121616e-06 1.421326e-02
199 1.026726e-05 1.963110e-02
200 1.653689e-04 1.087720e-01
201 2.622429e-05 9.114620e-02
202 6.340285e-06 1.393984e-02
203 4.491335e-04 1.933054e-01
204 3.231691e-06 4.109361e-03
205 3.411524e-05 4.041136e-02
206 5.797850e-04 3.339938e-02
207 2.954445e-06 3.243960e-02
208 8.954832e-05 9.239300e-02
209 4.891075e-04 1.303542e-01
210 1.712988e-05 5.736416e-02
211 5.355717e-04 1.858994e-01
212 6.806044e-07 5.003581e-03
213 1.044934e-05 1.602783e-02
214 6.088520e-06 1.379833e-02
215 6.889670e-07 1.238306e-02
216 1.713841e-05 3.881139e-02
217 7.130021e-07 2.783702e-03
218 3.787997e-07 4.708228e-03
219 6.450110e-07 2.541295e-03
220 7.487869e-04 2.450750e-01
221 2.120102e-07 5.668104e-03
222 2.062008e-05 4.321198e-02
223 1.357308e-03 1.277207e-01
224 5.383617e-08 2.299126e-03
225 6.665717e-08 3.230679e-03
226 2.319499e-06 1.191781e-02
227 4.744136e-07 4.253777e-03
228 4.043568e-06 6.160804e-03
229 1.933364e-06 1.809598e-02
230 1.602447e-04 3.145562e-01
231 1.858954e-08 2.043202e-03
232 6.471876e-04 6.558202e-01
233 7.157070e-07 9.431916e-03
234 4.706463e-06 5.175514e-03
235 5.241673e-09 7.405041e-03
236 1.420831e-03 7.386359e-02
237 5.997557e-04 2.496454e-01
238 4.331235e-07 5.079712e-03
239 3.642531e-05 1.229985e-02
240 1.442113e-05 6.833325e-02
241 4.833952e-04 4.634252e-01
242 1.054782e-04 3.611836e-02
243 5.559640e-07 4.511199e-03
244 4.258264e-08 1.877790e-03
245 3.839497e-08 1.282350e-03
246 9.825290e-04 1.609639e-01
247 2.234438e-04 9.030845e-02
248 1.866260e-03 2.761647e-01
249 2.035693e-03 3.301575e-01
250 2.911053e-03 2.559154e-01
251 8.471201e-09 1.293626e-03
252 7.330791e-07 8.764422e-03
253 2.621539e-07 4.234502e-03
254 2.040320e-05 2.202781e-02
255 3.569107e-06 8.890540e-03
256 6.673404e-09 2.437533e-03
257 9.242290e-07 5.234677e-03
258 5.818442e-04 9.376143e-02
259 1.062101e-07 1.450319e-03
260 3.475372e-06 9.976991e-03
261 1.635455e-05 9.233686e-03
262 1.426995e-06 1.751181e-03
263 2.078444e-05 6.011197e-03
264 4.225442e-06 2.953645e-02
265 3.637053e-05 7.815198e-02
266 6.139401e-06 1.220258e-02
267 2.150892e-06 1.980096e-02
268 2.823884e-05 9.335246e-03
269 4.686212e-04 1.614494e-01
270 1.822657e-08 3.605073e-03
271 1.563466e-05 1.832849e-02
272 2.993464e-05 1.221739e-02
273 1.518021e-04 1.124413e-01
274 1.709749e-09 1.879180e-03
275 1.945977e-03 1.086093e-01
276 2.907140e-06 1.841524e-02
277 2.041812e-08 4.010521e-03
278 1.494454e-04 1.059416e-01
279 5.460288e-07 5.083982e-03
280 2.355061e-04 7.008178e-02
281 7.024625e-04 1.255705e-01
282 1.272540e-07 2.082455e-03
283 3.041031e-06 6.860661e-03
284 9.756249e-08 4.746005e-03
285 1.718390e-06 9.237084e-03
286 5.544981e-07 6.119954e-03
287 2.745439e-07 5.077987e-03
288 2.013232e-07 2.215704e-03
289 7.555849e-04 2.889962e-01
290 3.689255e-09 1.421563e-03
291 2.110216e-05 1.841366e-02
292 1.197499e-03 4.013744e-01
293 2.367382e-06 5.691909e-03
294 3.003128e-08 4.361052e-03
295 5.447674e-08 1.780475e-02
296 1.020558e-04 1.226218e-01
297 1.684211e-05 1.801225e-02
298 3.339390e-06 5.602731e-03
299 8.942490e-08 4.255847e-03
300 4.565559e-06 1.545330e-02
301 4.849389e-04 3.471637e-01
302 4.148607e-07 3.569678e-03
303 2.286560e-06 2.048853e-02
304 6.392723e-04 1.341127e-01
305 4.796901e-05 2.136218e-02
306 6.163130e-05 2.035520e-02
307 5.340075e-04 2.630248e-01
308 2.330080e-06 1.087689e-02
309 9.356978e-04 2.789968e-01
310 5.312002e-05 2.140189e-02
311 5.569945e-06 1.329700e-02
312 5.554097e-06 5.381549e-03
313 3.442058e-03 7.891130e-01
314 3.698571e-06 3.536219e-03
315 3.031130e-08 4.746367e-03
316 9.873663e-04 5.133136e-01
317 1.819222e-03 3.051292e-01
318 4.311395e-04 2.100878e-01
319 1.737694e-04 8.698806e-02
320 3.484612e-05 4.040647e-02
321 3.697924e-04 3.637418e-01
322 4.996638e-09 6.874427e-03
323 6.018141e-06 2.704091e-02
324 8.101625e-07 5.407920e-03
325 4.665396e-08 5.307941e-03
326 2.081507e-05 4.599396e-02
327 2.061714e-03 6.797590e-01
328 1.179320e-03 1.723062e-01
329 1.568332e-03 3.728082e-01
330 1.478576e-05 1.080264e-02
331 2.253256e-05 2.850231e-02
332 6.077344e-04 3.068308e-01
333 3.613799e-07 1.669151e-02
334 2.318460e-05 4.921593e-02
335 5.591171e-08 2.170665e-03
336 1.038531e-05 1.075861e-02
337 1.394739e-06 1.344400e-02
338 6.573075e-04 8.163041e-02
339 9.348126e-04 2.534176e-01
340 1.492931e-05 1.443012e-02
341 2.769882e-06 1.039119e-02
342 2.240516e-05 7.490606e-03
343 1.103360e-06 3.914466e-02
344 1.493760e-04 1.593297e-02
345 4.396712e-03 7.490358e-01
346 3.356021e-03 3.700883e-01
347 4.093904e-07 4.224970e-03
348 7.846732e-05 4.776964e-02
349 5.462903e-06 7.605512e-03
350 2.280317e-06 3.175175e-03
351 1.524920e-03 7.509836e-01
352 1.842024e-05 2.150187e-01
353 4.353654e-08 1.286421e-03
354 8.909938e-05 1.362189e-01
355 5.231804e-05 2.499265e-02
356 1.814204e-03 3.909342e-01
357 1.102758e-03 1.533587e-01
358 8.630413e-06 5.206529e-03
359 4.813986e-06 1.203715e-02
360 4.474431e-04 1.410720e-01
361 4.933912e-04 1.850299e-01
362 6.569912e-04 7.501691e-02
363 1.159746e-04 3.767067e-02
364 2.313237e-05 5.190684e-02
365 1.400088e-05 4.075185e-02
366 7.020547e-06 2.079229e-02
367 1.276039e-06 1.704013e-02
368 4.912677e-06 1.203878e-02
369 1.728166e-06 1.174751e-02
370 3.295659e-05 1.860202e-02
371 2.061320e-06 8.656600e-02
372 2.194150e-07 3.668372e-02
373 4.759517e-05 6.639513e-02
374 6.094248e-08 6.332251e-03
375 2.850671e-07 1.455216e-03
376 5.240681e-07 3.651575e-03
377 1.858438e-03 4.805947e-01
378 3.887378e-05 2.252728e-02
379 1.037188e-05 5.909491e-03
380 1.526666e-05 2.013548e-02
381 2.837510e-03 5.759871e-01
382 1.928803e-04 1.835668e-02
383 9.673113e-04 1.607300e-01
384 1.389379e-05 1.934897e-02
385 2.813421e-03 5.730759e-01
386 8.119575e-05 1.547205e-02
387 8.334489e-06 2.019092e-02
388 3.975611e-07 4.041995e-03
389 1.478330e-06 1.065774e-02
390 1.020766e-08 4.437539e-03
391 1.702127e-04 3.184996e-02
392 1.101148e-05 2.810793e-02
393 9.040522e-09 2.653256e-03
394 9.935524e-04 6.858080e-01
395 5.971277e-07 1.791485e-03
396 3.332642e-05 3.864781e-02
397 8.193076e-06 2.222706e-02
398 1.348680e-08 2.559383e-03
399 2.262667e-06 9.052885e-03
400 3.325576e-03 1.434491e+00
401 5.210494e-06 2.712088e-02
402 4.478587e-04 5.668250e-01
403 7.357464e-06 3.050128e-02
404 6.268733e-05 2.686109e-02
405 6.803603e-07 5.083423e-03
406 9.923598e-05 2.589813e-01
407 1.197753e-04 1.099446e-01
408 1.944540e-03 6.503700e-01
409 2.634901e-05 8.302969e-02
410 1.693322e-05 1.503200e-02
411 2.326563e-04 3.749997e-02
412 9.177077e-06 1.205342e-02
413 8.514844e-04 4.599301e-01
414 2.840555e-04 2.053337e-02
415 1.812766e-07 1.963005e-03
416 7.053723e-05 1.205866e-01
417 3.946306e-06 2.700834e-03
418 2.842786e-03 4.144540e-01
419 3.369619e-03 6.648910e-01
420 2.313214e-06 9.389524e-03
421 5.334790e-05 1.893938e-02
422 2.778656e-05 2.855664e-02
423 1.051197e-05 1.195437e-02
424 1.719124e-04 6.022082e-02
425 5.709580e-05 1.322507e-02
426 4.994536e-08 3.757060e-03
427 8.482470e-05 1.495069e-01
428 2.222770e-04 3.378059e-02
429 1.690189e-03 2.958258e-01
430 1.107081e-06 1.698588e-03
431 4.356108e-08 4.157098e-03
432 2.755975e-04 1.338730e-01
433 1.614347e-08 1.256423e-03
434 9.542547e-07 5.195885e-03
435 6.459002e-06 5.584155e-03
436 6.727465e-08 2.355889e-03
437 4.040484e-04 1.306628e-01
438 9.541494e-08 5.832938e-03
439 2.869861e-07 4.582744e-03
440 2.957932e-07 4.308671e-03
441 1.210922e-05 3.989886e-02
442 1.671514e-07 6.768222e-03
443 2.867321e-06 5.255105e-03
444 5.953178e-05 4.611678e-02
445 6.200152e-05 8.948156e-02
446 2.443545e-05 1.718544e-02
447 1.705169e-07 2.489088e-03
448 2.631096e-06 2.619338e-03
449 1.305959e-07 2.383725e-03
450 8.712185e-07 3.645143e-03
451 2.062333e-07 1.326925e-03
452 2.139100e-05 1.208749e-02
453 6.110918e-06 5.049297e-03
454 1.892428e-04 3.613073e-02
455 1.360122e-03 1.244401e-01
456 3.658998e-07 5.607128e-03
457 1.746866e-04 4.045498e-02
458 1.763905e-04 6.530134e-02
459 2.052713e-04 6.541936e-02
460 4.200654e-06 3.870486e-03
461 2.807166e-05 3.681658e-02
462 5.120684e-04 2.747161e-01
463 1.422304e-04 6.858658e-02
464 1.553877e-05 8.293435e-03
465 2.115264e-07 1.837000e-03
466 9.569636e-08 2.728860e-03
467 4.921401e-03 3.906987e-01
468 6.594253e-09 5.934083e-03
469 1.443890e-04 9.806504e-02
470 3.520538e-05 1.791428e-02
471 7.912904e-05 3.568166e-02
472 1.522138e-05 6.490451e-03
473 2.273345e-05 1.477556e-02
474 3.359190e-06 4.548355e-03
475 4.136516e-05 3.555208e-02
476 1.237412e-08 2.275735e-03
477 1.736542e-04 7.210843e-02
478 3.487155e-09 3.581454e-03
479 1.279680e-08 1.840002e-03
480 1.469631e-05 1.344194e-02
481 9.650792e-07 8.170852e-03
482 4.622857e-04 2.524042e-01
483 2.436188e-08 1.191659e-03
484 1.102883e-07 1.947641e-03
485 1.394696e-04 9.436582e-02
486 6.393817e-07 5.258156e-03
487 6.979736e-05 8.729797e-02
488 1.602897e-06 6.516460e-03
489 1.494265e-05 1.200798e-02
490 8.592928e-06 4.731317e-02
491 1.601742e-06 1.079126e-02
492 2.239762e-04 9.514005e-03
493 1.781172e-07 2.362777e-03
494 1.534976e-03 1.028456e-01
495 5.117894e-04 1.528336e-01
496 7.510709e-05 1.914649e-01
497 2.832846e-04 1.393067e-01
498 1.814350e-05 4.144889e-02
499 3.238042e-05 1.014626e-02
500 1.063226e-07 9.721533e-03
501 3.876751e-03 6.121464e-01
502 8.009961e-06 1.952015e-02
503 1.827124e-04 6.712263e-02
504 4.009383e-03 8.917995e-01
505 3.380755e-06 6.378051e-03
506 2.775840e-06 1.308635e-02
507 1.356769e-06 9.619755e-03
508 1.702300e-05 1.408307e-02
509 1.698715e-04 3.354102e-01
510 6.530688e-07 9.889629e-03
511 8.125837e-07 4.920449e-03
512 1.830875e-07 2.037151e-03
513 2.652711e-05 3.381553e-02
514 9.866830e-08 1.968467e-02
515 2.585737e-06 5.761227e-02
516 1.901219e-04 6.654317e-02
517 9.314225e-06 7.542484e-03
518 1.156487e-07 4.536128e-03
519 1.575642e-06 1.077936e-02
520 5.029587e-08 1.504187e-03
521 1.263352e-05 2.905207e-02
522 1.030684e-06 3.322788e-03
523 1.312661e-05 8.116409e-03
524 1.056235e-04 7.238908e-02
525 3.137068e-04 8.891668e-02
526 1.458578e-05 1.704067e-02
527 2.976846e-04 1.622945e-01
528 1.073531e-03 1.167234e-01
529 1.490525e-03 1.647900e-01
530 2.028141e-04 4.324618e-02
531 6.524643e-10 1.574178e-03
532 1.693850e-06 9.664375e-03
533 1.157007e-06 2.780878e-03
534 1.121075e-05 8.889015e-02
535 5.750515e-04 2.582369e-01
536 6.336861e-04 6.463596e-02
537 7.481003e-04 2.855671e-01
538 1.076573e-05 9.602937e-02
539 8.482340e-05 5.599759e-02
540 3.777328e-06 2.834450e-02
541 7.265251e-03 6.686153e-01
542 3.143481e-05 1.200470e-02
543 5.148008e-05 6.015828e-03
544 1.943564e-04 7.263632e-02
545 6.101695e-07 9.527906e-03
546 2.475439e-05 1.530390e-02
547 1.812279e-04 5.147583e-02
548 2.248596e-04 2.513536e-02
549 5.358464e-06 2.900517e-02
550 1.713225e-08 5.838286e-03
551 7.981576e-05 1.496244e-02
552 3.654777e-07 2.664914e-03
553 1.728703e-06 7.465615e-03
554 8.203694e-09 3.020520e-03
555 1.231865e-05 7.034780e-02
556 1.843396e-06 7.531492e-03
557 2.205000e-04 8.221285e-02
558 4.510862e-07 8.188592e-03
559 7.167152e-05 4.749576e-02
560 7.773780e-08 3.356862e-03
561 3.640568e-06 3.314143e-02
562 6.794838e-07 1.771582e-03
563 3.771939e-03 1.460612e+00
564 1.994475e-03 7.394782e-01
565 3.466934e-06 3.711687e-03
566 3.840797e-05 2.012178e-02
567 1.047140e-04 5.192627e-02
568 7.788620e-05 8.978102e-02
569 2.502443e-05 1.050270e-02
570 5.515725e-05 4.951000e-02
571 9.627387e-05 5.995820e-02
572 3.786622e-04 6.621942e-02
573 8.235148e-04 8.708839e-02
574 3.282840e-06 5.491577e-03
575 1.518130e-07 4.056643e-03
576 3.711148e-06 9.408512e-03
577 2.543469e-08 2.688065e-03
578 3.505585e-06 3.982539e-03
579 7.424730e-05 2.097263e-02
580 1.039112e-06 5.984084e-03
581 2.074000e-04 8.304439e-02
582 1.572434e-06 1.509140e-02
583 3.202317e-04 4.545362e-01
584 2.368962e-04 7.499984e-02
585 4.214772e-06 4.464630e-02
586 7.398329e-04 9.355937e-02
587 4.322945e-06 1.279912e-02
588 3.827223e-05 5.790547e-02
589 1.344789e-04 3.314821e-02
590 7.585422e-07 1.228649e-02
591 3.687176e-06 2.669310e-02
592 2.186379e-03 5.486300e-01
593 2.823956e-06 9.217718e-03
594 1.403281e-04 8.708030e-02
595 1.003832e-06 5.541475e-03
596 8.825344e-08 1.373037e-03
597 6.241659e-07 2.250745e-03
598 1.551425e-04 4.250535e-02
599 2.286599e-05 1.660689e-02
600 8.216657e-06 4.989833e-03
601 1.068330e-06 4.251759e-03
602 8.783328e-05 2.561197e-02
603 4.709995e-05 3.043815e-02
604 6.421512e-08 2.065952e-03
605 2.944604e-04 1.379552e-01
606 5.704483e-04 7.312103e-02
607 4.530672e-07 5.223824e-03
608 7.902727e-05 1.931876e-02
609 1.096452e-05 1.446591e-02
610 1.317850e-05 1.595355e-02
611 2.449768e-07 2.530741e-03
612 1.540222e-05 3.548658e-02
613 8.945491e-08 5.335312e-03
614 1.880076e-06 5.560646e-03
615 1.059894e-07 5.942254e-03
616 1.919948e-04 3.722906e-02
617 3.888916e-06 1.379911e-02
618 2.112841e-07 8.387729e-03
619 1.090223e-05 6.712136e-03
620 5.261855e-07 3.855153e-03
621 2.929019e-07 3.403360e-03
622 1.777230e-03 2.195436e-01
623 1.111967e-05 1.562660e-02
624 1.234390e-06 4.366499e-03
625 2.099210e-06 1.178369e-02
626 1.841922e-06 6.306435e-03
627 6.529020e-07 3.633592e-03
628 5.045840e-05 2.880528e-02
629 1.265109e-06 2.041031e-03
630 1.522199e-05 1.298939e-02
631 8.839869e-06 1.110304e-02
632 5.560746e-08 1.257988e-03
633 9.495823e-05 2.874485e-01
634 2.603636e-05 2.188616e-02
635 3.067679e-06 8.708850e-03
636 6.262980e-07 2.102313e-02
637 7.721485e-07 1.156948e-02
638 1.635468e-07 2.180457e-03
639 2.135402e-08 1.580813e-03
640 1.685145e-07 2.441726e-03
641 1.070585e-07 1.527270e-03
642 1.233583e-06 5.405730e-03
643 1.391745e-04 8.032266e-02
644 8.716836e-04 1.302634e-01
645 4.286042e-04 4.803677e-02
646 8.521352e-07 1.411888e-02
647 4.466620e-06 5.932287e-03
648 2.623518e-05 3.434388e-02
649 5.094037e-03 4.602263e-01
650 4.370965e-06 4.823315e-03
651 7.701616e-07 8.479230e-03
652 2.752629e-04 5.359451e-02
653 7.152938e-08 4.779651e-03
654 1.361490e-06 4.880444e-03
655 1.124912e-06 9.085445e-03
656 1.177762e-07 2.801501e-03
657 7.191023e-05 3.009216e-02
658 6.282322e-04 1.239200e-01
659 1.248198e-05 1.609109e-02
660 1.458811e-04 1.084356e-01
661 7.313661e-07 5.518642e-03
662 2.668572e-03 1.977120e-01
663 8.798352e-04 7.152723e-01
664 7.085123e-05 4.878950e-02
665 6.198131e-06 9.275429e-03
666 1.957334e-05 1.273768e-02
667 2.356981e-04 1.804427e-02
668 1.534486e-03 2.263641e-01
669 2.010989e-03 1.569050e-01
670 2.474012e-07 9.335174e-03
671 4.629635e-05 1.971317e-02
672 2.371376e-06 2.492749e-02
673 7.949388e-06 1.066218e-02
674 1.537377e-07 2.086168e-03
675 8.397991e-05 1.355174e-01
676 1.044031e-06 5.591465e-03
677 5.602832e-10 1.338899e-03
678 7.000191e-06 6.434645e-03
679 2.436663e-04 1.383196e-01
680 4.606307e-05 4.440393e-02
681 7.777503e-05 6.595812e-02
682 3.542366e-05 1.153775e-02
683 1.147414e-05 3.021961e-02
684 1.173491e-05 1.858405e-02
685 9.358138e-09 2.170470e-03
686 8.399344e-06 1.849381e-02
687 3.067411e-03 4.645629e-01
688 1.050637e-05 2.438076e-02
689 1.870333e-06 1.024119e-02
690 4.151281e-08 2.012890e-03
691 9.048521e-04 1.366461e-01
692 5.870779e-07 2.897966e-03
693 3.063556e-05 2.052755e-02
694 8.344171e-05 7.443870e-02
695 5.344281e-04 2.258893e-01
696 1.383331e-03 5.635922e-01
697 2.105441e-05 8.155566e-03
698 9.489008e-05 1.330930e-01
699 1.065964e-07 1.533012e-03
700 7.927244e-05 4.425276e-02
701 1.091925e-05 1.915426e-02
702 5.330831e-08 1.235195e-03
703 5.024221e-08 4.006387e-03
704 2.109870e-10 1.311525e-03
705 1.679987e-03 1.717280e-01
706 2.433455e-07 1.726835e-03
707 3.454541e-04 5.981556e-02
708 3.522972e-10 4.995836e-03
709 2.133205e-09 2.939336e-03
710 1.348800e-06 6.223003e-03
711 4.531635e-09 1.204723e-03
712 1.051256e-06 4.755929e-03
713 1.123422e-06 6.435162e-03
714 1.776202e-08 2.450853e-03
715 4.399867e-05 1.502654e-02
716 1.379458e-04 2.179948e-02
717 5.575397e-07 5.313278e-03
718 9.015644e-10 2.642252e-03
719 7.132367e-03 4.097045e-01
720 1.385006e-09 1.188285e-03
721 3.921121e-05 6.769450e-03
722 2.500489e-09 2.732631e-03
723 3.436816e-06 1.624055e-02
724 6.175200e-07 3.448445e-03
725 2.037698e-09 1.464504e-03
726 5.614561e-05 4.049256e-02
727 3.124588e-08 4.370302e-03
728 9.890056e-07 7.875094e-03
729 2.087047e-08 7.307013e-03
730 8.867821e-08 2.748262e-03
731 2.505739e-04 8.510540e-02
732 1.593561e-10 1.364469e-03
733 8.282335e-13 9.157499e-04
734 1.879271e-07 2.968646e-03
735 2.249695e-07 3.395247e-03
736 9.842465e-06 1.579719e-02
737 2.830847e-09 1.363476e-03
738 2.772491e-04 8.659720e-02
739 2.272823e-07 3.510021e-03
740 1.969089e-04 3.140625e-02
741 9.361435e-07 8.454654e-03
742 1.576299e-05 2.112918e-02
743 2.086104e-03 5.811562e-01
744 4.581782e-09 2.638377e-03
745 3.161086e-08 2.528876e-03
746 2.594168e-06 1.269521e-02
747 6.930167e-05 3.080972e-02
748 1.038729e-03 1.023226e-01
749 7.689421e-05 1.754883e-01
750 6.461831e-07 6.804514e-03
751 5.414547e-06 1.202298e-02
752 3.766798e-07 1.967311e-03
753 6.980979e-08 2.985357e-03
754 1.328167e-04 9.826479e-02
755 9.612072e-06 2.051343e-02
756 7.338397e-05 3.019357e-02
757 6.698110e-09 1.517339e-03
758 3.018543e-05 1.930925e-02
759 3.000176e-05 1.962749e-02
760 1.086952e-07 2.270788e-03
761 1.004006e-04 2.144633e-02
762 3.590743e-05 1.585793e-02
763 1.304401e-08 1.965550e-03
764 1.533705e-06 9.853428e-03
765 4.496538e-09 1.044140e-02
766 1.343843e-06 5.466523e-03
767 6.202501e-07 5.891062e-03
768 1.658441e-04 2.138274e-02
769 4.149223e-06 7.326177e-03
770 7.064372e-05 5.860983e-02
771 8.062763e-06 3.958526e-03
772 5.735942e-10 1.550044e-03
773 1.221768e-07 1.603771e-02
774 7.905441e-08 1.953946e-03
775 1.244705e-04 7.593701e-02
776 3.261110e-04 6.799027e-02
777 7.315769e-05 3.087276e-02
778 7.231580e-06 2.208789e-02
779 1.201824e-03 1.412066e-01
780 3.371430e-05 1.336667e-02
781 5.865740e-04 5.232429e-02
782 6.853067e-06 4.247106e-03
783 1.064585e-05 9.205014e-03
784 4.781269e-06 6.229931e-03
785 1.490294e-04 3.304110e-02
786 3.123726e-05 2.271870e-02
787 1.366058e-04 2.469169e-02
788 3.883513e-05 2.223012e-02
789 6.738873e-09 1.348449e-03
790 4.709012e-04 1.447053e-01
791 1.508262e-05 1.486711e-02
792 3.085221e-06 4.821384e-03
793 7.110062e-06 9.392113e-03
794 1.923374e-06 5.004907e-03
795 5.114180e-04 5.452807e-01
796 4.127382e-08 3.133075e-03
797 6.583831e-04 2.446627e-01
798 8.093540e-04 3.627502e-01
799 1.564527e-05 4.636763e-03
800 2.218897e-04 4.723723e-02
801 3.676322e-07 4.142891e-03
802 4.890914e-05 4.149763e-02
803 3.465876e-04 1.032385e-01
804 2.909037e-06 1.592804e-02
805 1.250758e-07 4.024482e-03
806 5.264821e-04 1.845798e-01
807 1.761815e-05 5.500258e-02
808 5.771465e-06 3.769575e-03
809 2.421677e-03 2.645503e-01
810 3.771559e-05 1.206203e-02
811 9.540491e-06 2.688506e-02
812 7.904845e-07 6.883969e-03
813 1.605780e-06 5.826409e-03
814 7.329998e-06 1.019091e-02
815 7.781650e-06 2.569772e-02
816 3.486642e-04 1.295262e-01
817 4.579755e-03 5.838926e-01
818 3.124449e-07 3.584627e-03
819 1.211458e-04 9.858244e-02
820 7.027099e-05 5.025129e-02
821 2.250810e-05 2.715410e-02
822 2.554337e-08 3.562241e-03
823 2.543951e-06 9.505112e-03
824 1.491950e-06 2.602579e-02
825 4.638213e-06 2.636867e-02
826 1.261055e-05 8.509517e-03
827 1.174659e-05 5.375188e-03
828 8.446997e-05 3.420264e-02
829 1.796126e-06 1.421764e-02
830 2.228258e-03 2.785414e-01
831 1.227102e-04 1.200170e-02
832 1.071248e-05 7.909446e-03
833 9.615521e-06 2.164842e-02
834 3.251626e-06 2.147857e-02
835 1.763059e-07 2.266379e-03
836 9.652755e-09 1.026761e-03
837 1.008383e-06 1.484530e-02
838 4.568461e-05 6.944279e-03
839 1.698725e-06 1.514118e-02
840 2.148798e-05 3.635137e-02
841 5.555202e-05 3.060064e-02
842 7.315096e-04 3.491210e-01
843 2.876531e-05 2.655176e-02
844 6.921237e-06 3.567595e-02
845 2.261593e-06 3.268484e-02
846 8.494222e-04 5.573589e-02
847 6.968619e-05 1.846106e-02
848 2.717764e-04 1.024806e-01
849 5.035865e-07 5.750193e-03
850 4.207386e-03 9.026358e-01
851 6.490707e-05 1.514718e-02
852 4.399692e-05 1.886633e-01
853 1.012413e-03 2.476272e-01
854 1.028504e-04 7.965977e-02
855 8.299924e-05 1.564342e-01
856 1.703460e-04 4.460026e-02
857 4.434774e-04 2.405140e-01
858 1.546151e-05 2.033465e-02
859 1.566992e-08 3.865381e-03
860 5.061202e-05 4.014590e-02
861 1.040106e-08 1.640725e-03
862 3.469295e-05 2.060265e-02
863 3.396745e-04 7.769472e-02
864 2.757668e-06 7.712409e-03
865 5.446626e-04 9.095748e-02
866 2.596094e-04 1.434989e-01
867 1.686449e-03 6.087427e-01
868 1.025200e-05 6.576087e-03
869 9.242423e-07 3.246639e-02
870 3.245477e-05 4.420726e-02
871 1.985813e-05 2.709453e-02
872 6.609503e-04 2.633979e-01
873 9.444404e-05 7.042598e-02
874 6.464525e-04 2.067530e-01
875 6.713544e-06 6.167722e-03
876 1.579177e-10 1.062641e-03
877 1.044850e-07 9.359788e-03
878 1.877258e-03 3.394195e-01
879 4.152789e-04 8.484161e-02
880 3.095367e-06 1.048797e-02
881 1.250804e-08 2.291395e-03
882 1.354078e-04 6.431264e-02
883 8.427419e-04 4.870530e-01
884 2.313789e-04 8.105008e-02
885 1.546651e-04 7.008244e-02
886 6.932984e-07 7.856817e-03
887 1.788985e-06 1.334885e-02
888 3.553114e-06 1.256559e-02
889 1.256036e-06 2.295617e-02
890 5.862989e-06 2.334001e-02
891 1.643980e-03 2.727584e-01
892 4.771932e-08 2.857959e-03
893 4.348036e-04 4.583771e-02
894 8.490282e-06 6.636353e-03
895 1.228874e-04 7.653664e-02
896 2.966940e-06 5.460787e-02
897 1.449433e-04 7.121271e-02
898 7.892517e-06 8.904525e-03
899 2.215085e-06 1.412061e-02
900 1.910943e-06 1.620274e-02
901 1.392940e-04 8.083471e-02
902 1.276642e-07 2.122416e-03
903 1.165854e-05 3.388999e-02
904 1.472695e-07 2.107979e-02
905 7.655603e-09 6.662556e-03
906 1.932362e-07 8.200895e-03
907 2.903206e-08 2.064331e-03
908 8.218864e-09 8.979486e-03
909 1.958080e-05 2.644859e-02
910 2.496004e-05 2.702350e-02
911 1.250721e-07 2.115422e-02
912 6.915463e-07 1.042572e-02
913 2.464646e-07 3.407228e-03
914 3.654091e-07 7.526494e-03
915 1.726537e-03 9.543921e-02
916 3.944669e-09 2.827244e-03
917 2.709239e-08 2.393230e-03
918 9.436409e-09 2.639133e-03
919 2.110946e-04 1.654688e-01
920 2.181662e-08 6.485749e-03
921 2.707140e-06 3.895036e-03
922 9.466720e-07 1.631812e-02
923 3.379684e-08 5.133520e-03
924 1.270224e-03 2.673343e-01
925 5.471522e-05 6.290080e-02
926 7.996063e-05 3.956206e-02
927 1.947137e-05 1.204845e-01
928 2.301876e-06 4.353747e-02
929 1.497074e-04 1.326497e-01
930 7.792166e-05 4.036662e-02
931 2.682651e-05 1.366589e-02
932 9.234218e-05 4.456409e-02
933 5.775749e-09 2.972620e-03
934 1.326679e-05 8.990776e-03
935 1.927730e-07 3.577003e-03
936 3.041109e-06 2.756638e-02
937 2.246653e-09 5.815692e-03
938 8.498694e-09 2.375480e-03
939 2.384869e-06 1.005616e-02
940 1.768299e-04 9.960450e-02
941 3.506482e-08 3.330959e-03
942 1.050665e-04 1.336426e-01
943 1.764881e-05 2.353993e-02
944 2.233923e-10 1.972728e-03
945 8.557747e-05 2.611838e-02
946 6.925804e-09 2.223608e-03
947 1.199567e-05 1.940377e-02
948 3.042185e-08 1.520167e-03
949 7.437497e-06 1.748315e-02
950 9.964180e-05 8.731747e-02
951 9.421842e-08 3.013748e-02
952 2.012267e-05 4.035055e-02
953 1.543889e-09 2.418461e-03
954 3.996841e-06 3.571818e-02
955 2.165404e-06 4.413793e-03
956 1.388847e-05 1.834881e-02
957 1.622182e-04 3.181087e-02
958 8.004502e-05 3.237791e-02
959 9.542920e-05 2.165108e-02
960 2.933460e-09 2.434597e-03
961 3.711115e-08 9.516708e-03
962 3.121600e-07 1.076514e-02
963 2.863688e-07 3.532278e-03
964 5.917600e-07 1.954239e-03
965 7.923160e-04 9.082153e-02
966 7.660159e-05 1.317421e-02
967 4.946575e-06 8.046298e-03
968 4.981333e-04 4.689100e-02
969 4.714784e-04 9.897285e-02
970 7.906935e-05 1.944274e-02
971 1.447628e-05 7.584582e-03
972 1.378230e-04 4.042377e-02
973 1.070821e-05 8.402714e-03
974 6.891558e-06 7.860043e-03
975 3.904799e-05 8.744214e-02
976 8.461474e-04 2.754174e-01
977 1.884113e-04 1.434028e-02
978 2.270029e-05 2.401033e-02
979 5.522387e-07 2.930007e-03
980 7.538574e-06 2.086645e-02
981 3.920231e-05 2.090098e-02
982 4.601906e-07 1.398295e-03
983 5.774550e-07 3.821611e-03
984 1.370384e-05 1.998232e-02
985 1.538738e-05 6.052576e-02
986 6.678187e-04 3.337692e-01
987 1.708729e-07 6.197117e-03
988 2.557348e-08 2.066702e-03
989 5.604256e-04 5.468201e-02
990 4.768088e-08 2.261988e-03
991 1.950224e-03 5.617411e-01
992 2.231179e-06 6.768921e-03
993 1.532256e-06 9.403536e-03
994 1.087374e-10 1.343350e-03
995 6.979578e-07 1.511434e-02
996 4.617576e-03 5.703493e-01
997 5.661206e-06 7.906117e-03
998 1.850119e-06 3.797237e-03
999 2.096504e-05 2.424290e-02
1000 1.809467e-10 1.344522e-03
1001 1.423199e-06 9.040256e-03
1002 4.125397e-05 9.541347e-02
1003 6.063474e-05 2.331245e-02
1004 2.270973e-05 3.597498e-02
1005 5.422551e-07 2.220963e-03
1006 4.012263e-04 1.418028e-01
1007 2.006806e-07 3.012002e-03
1008 9.478303e-05 2.607753e-02
1009 5.502893e-07 2.012033e-03
1010 1.210237e-05 2.047315e-02
1011 4.233740e-07 1.729615e-02
1012 5.801231e-05 2.506998e-01
1013 2.092094e-06 1.229241e-02
1014 2.333950e-06 8.407955e-03
1015 1.966912e-05 3.310133e-02
1016 9.737798e-05 1.549252e-02
1017 3.395906e-03 3.719116e-01
1018 9.024104e-05 9.870237e-02
1019 4.154707e-09 1.929805e-03
1020 5.669642e-08 1.103597e-02
1021 1.064731e-05 1.403714e-02
1022 5.549236e-09 1.414829e-03
1023 4.312830e-06 1.770728e-02
1024 4.600745e-05 1.243420e-02
1025 5.540271e-09 1.527284e-03
1026 5.450015e-10 1.937803e-03
1027 2.470107e-05 1.051900e-02
1028 1.106332e-04 9.728931e-02
1029 8.250897e-07 6.063686e-03
1030 8.499579e-08 3.058641e-03
1031 3.143646e-05 1.057235e-02
1032 1.145587e-03 3.171225e-01
1033 4.281689e-08 1.553526e-03
1034 2.839583e-05 2.954205e-02
1035 1.038621e-05 1.487516e-02
1036 3.985406e-04 1.473015e-01
1037 1.146968e-08 3.022144e-03
1038 2.117304e-06 3.081721e-03
1039 4.329932e-06 9.374602e-03
1040 9.893560e-08 3.097416e-03
1041 1.483525e-03 2.700866e-01
1042 7.879615e-07 7.717748e-03
1043 5.252086e-09 1.239297e-03
1044 4.662657e-07 3.552661e-03
1045 1.337936e-08 2.385103e-03
1046 2.346023e-11 1.277349e-03
1047 3.913876e-09 1.279586e-03
1048 4.873998e-07 4.700592e-03
1049 3.226957e-08 1.165021e-03
1050 1.479510e-03 7.462205e-01
1051 7.548577e-05 4.878878e-02
1052 1.441961e-06 2.882203e-03
1053 2.348002e-06 9.156666e-03
1054 1.234459e-08 1.868317e-03
1055 2.240523e-09 1.156791e-03
1056 2.574864e-06 8.826824e-03
1057 4.590505e-06 1.294653e-02
1058 1.307569e-07 1.566896e-03
1059 5.502012e-04 6.317371e-02
1060 1.474081e-08 1.476370e-03
1061 3.785081e-06 2.994488e-03
1062 1.780416e-09 1.140507e-03
1063 1.117748e-05 2.530774e-02
1064 1.603463e-04 5.522847e-02
1065 1.734023e-09 1.808157e-03
1066 6.189371e-09 1.188132e-03
1067 1.206427e-05 1.362162e-02
1068 2.421557e-07 1.811710e-03
1069 7.593555e-07 2.945245e-03
1070 1.288226e-08 1.192931e-03
1071 1.229713e-06 1.965947e-03
1072 1.361129e-07 2.551857e-03
1073 3.485229e-08 1.344055e-03
1074 1.324351e-08 1.906371e-03
1075 4.268034e-07 3.751179e-03
1076 1.111668e-06 4.121747e-03
1077 5.114287e-06 5.359389e-03
1078 2.603378e-05 1.353452e-02
1079 5.587326e-07 4.508013e-03
1080 4.829596e-05 5.829698e-02
1081 7.307787e-06 5.057780e-02
1082 9.151408e-07 3.676704e-03
1083 4.331221e-06 4.891385e-03
1084 5.645765e-09 1.205055e-03
1085 1.532343e-07 1.816382e-03
1086 2.449223e-07 3.005118e-03
1087 1.174554e-07 1.392711e-03
1088 1.473597e-05 7.772719e-03
1089 6.624446e-08 1.361659e-03
1090 1.504845e-09 1.204047e-03
1091 2.095213e-08 1.662609e-03
1092 1.024790e-06 2.284547e-03
1093 6.719131e-06 2.363502e-02
1094 2.656592e-05 1.481020e-02
1095 2.139488e-07 2.985582e-03
1096 7.214627e-05 3.410818e-02
1097 5.725889e-06 5.221447e-02
1098 8.545879e-07 8.052294e-03
1099 1.478419e-08 3.597547e-03
1100 9.422762e-10 1.118697e-03
1101 3.264097e-06 2.440080e-02
1102 8.270725e-07 1.196709e-02
1103 7.086672e-07 3.879696e-03
1104 3.918938e-05 2.968922e-02
1105 4.802668e-08 2.109578e-03
1106 2.162255e-03 3.989562e-01
1107 3.070534e-07 2.620782e-03
1108 1.009425e-06 8.205795e-03
1109 9.496076e-10 1.817754e-03
1110 4.314810e-07 1.043582e-02
1111 2.716370e-08 2.193070e-03
1112 2.621696e-10 1.790189e-03
1113 4.191077e-06 1.459503e-02
1114 9.731758e-05 2.012395e-02
1115 8.781318e-04 1.958695e-01
1116 4.786083e-10 1.968510e-03
1117 6.156185e-04 2.329366e-01
1118 1.349497e-06 5.069592e-03
1119 6.495016e-06 2.979097e-02
1120 8.653079e-05 7.186691e-02
1121 1.563782e-05 9.700306e-03
1122 1.120279e-05 2.044159e-02
1123 2.216637e-06 3.772572e-03
1124 2.257530e-06 1.448147e-02
1125 2.725739e-06 4.588875e-03
1126 3.290569e-07 6.918784e-03
1127 5.129502e-07 4.362134e-03
1128 1.008515e-04 4.571541e-02
1129 1.418872e-06 8.486088e-03
1130 8.415960e-07 1.231651e-02
1131 1.553804e-04 7.657369e-02
1132 1.268390e-05 1.274759e-02
1133 1.163084e-07 2.192983e-03
1134 2.607732e-04 8.369193e-02
1135 1.112902e-05 1.633138e-02
1136 5.531573e-04 1.166232e-01
1137 1.092545e-06 2.232345e-02
1138 2.001921e-09 1.865700e-03
1139 1.072079e-05 7.025139e-03
1140 3.163226e-10 2.155817e-03
1141 4.743803e-06 5.661906e-03
1142 2.590941e-04 7.420884e-02
1143 7.937409e-07 7.790478e-02
1144 7.718473e-09 6.472070e-03
1145 2.961779e-06 2.442820e-02
1146 1.889858e-03 5.244527e-01
1147 1.053485e-04 6.644371e-02
1148 7.601658e-08 2.422668e-03
1149 2.239977e-04 1.409914e-01
1150 1.164969e-09 2.359900e-03
1151 6.671471e-04 1.667423e-01
1152 7.366751e-04 1.074733e-01
1153 1.158300e-05 6.354724e-03
1154 6.853694e-09 1.933588e-03
1155 5.581533e-04 3.367309e-01
1156 4.448196e-07 2.764634e-03
1157 8.044821e-05 5.129520e-02
1158 3.230762e-06 5.784029e-03
1159 8.770556e-09 1.511683e-03
1160 9.960809e-07 2.975941e-03
1161 1.115381e-05 2.031484e-02
1162 9.469655e-05 2.305084e-01
1163 2.046591e-04 1.519482e-02
1164 9.147112e-05 5.661664e-02
1165 3.926987e-03 6.001970e-01
1166 1.766893e-03 9.335139e-02
1167 6.659890e-05 1.117093e-01
1168 3.015803e-05 4.333684e-02
1169 9.521795e-08 8.012193e-03
1170 8.828634e-07 6.123255e-03
1171 2.370129e-06 1.005788e-02
1172 3.784463e-05 8.427399e-02
1173 1.019809e-09 1.101211e-03
1174 1.176210e-03 3.074877e-01
1175 7.848275e-06 2.560116e-02
1176 5.885268e-10 1.778814e-03
1177 1.277291e-04 1.199659e-01
1178 3.839869e-04 3.127910e-01
1179 8.328124e-05 3.704785e-02
1180 7.978070e-06 8.618633e-03
1181 6.473334e-07 1.971598e-03
1182 1.061531e-05 9.012662e-03
1183 9.195298e-05 1.564952e-01
1184 3.049645e-04 5.055590e-02
1185 4.004840e-07 1.084040e-02
1186 1.190192e-03 1.306430e-01
1187 1.371211e-03 1.122017e-01
1188 5.506510e-07 2.177645e-03
1189 1.000508e-07 2.574927e-03
1190 5.119380e-10 1.991183e-03
1191 1.378695e-06 2.919934e-03
1192 6.434503e-05 1.219872e-01
1193 6.309589e-09 3.228704e-03
1194 2.208339e-05 2.676447e-02
1195 3.416068e-04 2.317246e-01
1196 1.945407e-07 5.330211e-03
1197 3.008849e-07 3.524601e-03
1198 1.488945e-06 2.456734e-03
1199 7.065838e-04 2.075175e-01
1200 1.807727e-03 2.193844e-01
1201 1.881006e-09 1.124729e-03
1202 6.709052e-05 2.295554e-02
1203 7.750767e-05 3.889122e-02
1204 3.035923e-06 6.973864e-03
1205 1.026403e-09 1.941523e-03
1206 1.598202e-03 1.289592e-01
1207 8.511558e-06 5.464478e-03
1208 5.821126e-06 6.101253e-03
1209 2.468040e-04 1.046474e-01
1210 2.610982e-04 5.526401e-02
1211 1.122320e-03 5.871812e-02
1212 3.170827e-07 3.742268e-03
1213 1.122316e-07 4.987406e-03
1214 7.070585e-05 1.438186e-02
1215 3.105360e-08 2.614963e-03
1216 7.362635e-08 2.220522e-03
1217 6.657830e-06 2.788867e-02
1218 5.838632e-06 5.512555e-03
1219 5.364170e-05 1.394819e-02
1220 2.433774e-05 2.393099e-02
1221 5.144314e-05 3.159692e-02
1222 3.279397e-06 2.345309e-02
1223 2.277709e-05 4.062330e-02
1224 9.618196e-06 9.342777e-03
1225 4.018313e-07 2.924502e-03
1226 6.646675e-08 1.833580e-03
1227 2.373672e-05 6.961957e-03
1228 5.834877e-05 2.187638e-02
1229 1.882245e-04 4.285112e-02
1230 5.008709e-07 7.495880e-03
1231 1.491607e-05 3.882370e-02
1232 3.487033e-09 5.677254e-03
1233 1.310083e-05 2.409829e-02
1234 6.971747e-08 7.615486e-03
1235 1.372244e-05 5.267370e-02
1236 3.068234e-07 4.704259e-03
1237 1.225948e-03 1.780327e-01
1238 5.041421e-06 1.402548e-02
1239 1.993060e-06 6.880700e-03
1240 1.531496e-06 4.125406e-03
1241 1.497974e-05 8.166084e-03
1242 1.148482e-03 3.103328e-01
1243 6.304399e-04 1.053723e-01
1244 2.602792e-07 3.596886e-03
1245 6.964513e-07 6.841151e-03
1246 2.221489e-09 2.013704e-03
1247 3.055365e-04 2.542209e-02
1248 5.226889e-05 5.752664e-02
1249 5.581377e-08 9.777517e-03
1250 1.390365e-07 6.203759e-03
1251 2.030624e-06 1.427100e-02
1252 1.275209e-05 6.151109e-03
1253 7.964594e-04 2.809218e-01
1254 2.031034e-07 5.357052e-03
1255 6.339004e-06 2.162302e-02
1256 1.495868e-05 6.498063e-03
1257 4.817470e-05 9.160753e-02
1258 2.024974e-07 4.839889e-03
1259 5.999448e-05 7.746620e-02
1260 1.254333e-04 2.708544e-01
1261 2.124388e-07 5.589359e-03
1262 1.694490e-05 2.153662e-02
1263 3.234675e-05 5.047738e-02
1264 4.163507e-07 3.170927e-02
1265 5.423853e-06 1.077295e-02
1266 1.260178e-06 3.486160e-02
1267 1.676171e-06 1.763946e-02
1268 1.307905e-06 9.136239e-03
1269 1.145449e-04 2.046723e-02
1270 3.714845e-03 9.047613e-01
1271 2.137033e-03 3.430068e-01
1272 1.529848e-08 1.267878e-03
1273 2.548791e-04 5.684011e-02
1274 2.326774e-05 1.946915e-02
1275 8.634271e-05 5.343024e-02
1276 3.793767e-03 3.281202e-01
1277 8.144512e-04 1.992092e-01
1278 3.639230e-03 3.191144e-01
1279 3.557725e-06 2.570142e-03
1280 4.020684e-04 1.611788e-01
1281 1.193993e-05 6.974736e-03
1282 2.641114e-04 5.520612e-02
1283 1.338898e-06 2.084853e-02
1284 8.411337e-07 4.711477e-03
1285 3.712605e-04 1.258274e-01
1286 4.719575e-09 3.201362e-03
1287 3.475529e-05 3.503537e-02
1288 2.036531e-04 4.005154e-02
1289 3.116073e-05 1.437974e-02
1290 9.766459e-06 2.953918e-02
1291 5.672763e-05 2.006258e-02
1292 4.775378e-04 3.687664e-01
1293 7.080085e-08 3.334031e-03
1294 6.192109e-07 5.785520e-03
1295 7.247428e-07 3.358502e-03
1296 1.927892e-06 1.300835e-02
1297 3.347296e-05 5.756877e-02
1298 6.099738e-06 1.409814e-02
1299 1.339764e-04 1.052786e-02
1300 1.007835e-07 2.822019e-03
1301 1.790647e-07 3.115520e-03
1302 6.134970e-04 7.911437e-02
1303 9.300399e-06 8.540716e-03
1304 2.957102e-06 8.432627e-03
1305 1.814655e-04 5.447174e-02
1306 2.219676e-04 3.145596e-02
1307 2.738209e-06 6.791606e-03
1308 3.218332e-08 2.542956e-03
1309 1.475174e-04 5.737745e-02
1310 1.073951e-09 1.448147e-03
1311 2.166290e-03 5.339942e-01
1312 5.942328e-04 1.551255e-01
1313 2.750133e-08 1.733927e-03
1314 1.237984e-06 8.534147e-03
1315 3.405860e-07 3.212748e-03
1316 4.479901e-08 2.194196e-03
1317 4.271607e-10 1.374753e-03
1318 1.343969e-04 5.931267e-02
1319 2.428775e-03 3.998304e-01
1320 1.308735e-06 3.967863e-03
1321 9.211301e-06 1.354844e-02
1322 1.379634e-09 1.135290e-03
1323 1.283498e-07 2.228620e-03
1324 8.470569e-04 1.435199e-01
1325 5.493246e-07 9.760877e-03
1326 3.576889e-05 8.926676e-03
1327 2.708233e-05 2.590037e-02
1328 1.728587e-07 2.677174e-03
1329 3.142033e-05 2.363727e-02
1330 1.543787e-06 8.220292e-03
1331 3.656385e-08 2.120063e-03
1332 1.589553e-07 1.448850e-03
1333 1.789831e-05 2.140767e-02
1334 1.327734e-05 1.330467e-02
1335 3.545911e-07 1.170566e-02
1336 1.616921e-05 7.210339e-03
1337 4.936185e-04 9.110990e-02
1338 1.140507e-06 7.297712e-03
1339 7.497450e-04 1.811286e-01
1340 2.737600e-05 1.416819e-02
1341 7.623591e-04 3.192242e-01
1342 4.129635e-08 2.468585e-03
1343 2.469224e-07 2.166268e-03
1344 1.039954e-06 3.423968e-03
1345 7.922812e-06 1.503663e-02
1346 3.566954e-06 2.845290e-02
1347 2.565601e-08 1.354115e-03
1348 4.695034e-04 5.103989e-02
1349 3.414792e-04 1.255406e-01
1350 2.240718e-05 1.210686e-02
1351 4.863028e-05 2.772650e-02
1352 2.488094e-05 1.244660e-02
1353 6.039230e-06 1.088928e-02
1354 2.807042e-07 4.948242e-03
1355 2.675849e-06 9.280075e-03
1356 4.863950e-06 2.688914e-02
1357 4.161357e-08 6.052659e-03
1358 4.464183e-06 6.809286e-03
1359 1.866944e-08 2.050481e-03
1360 1.697507e-07 4.128141e-03
1361 1.258734e-04 1.553633e-02
1362 6.058702e-04 1.182362e-01
1363 1.186791e-06 6.053104e-03
1364 1.228269e-04 4.206996e-02
1365 2.675511e-07 4.512537e-03
1366 1.238967e-06 4.512131e-03
1367 3.406865e-08 1.743385e-03
1368 9.197972e-05 5.766404e-02
1369 2.555849e-10 2.457521e-03
1370 1.826846e-08 1.644001e-03
1371 3.137192e-04 4.526024e-02
1372 1.258110e-07 4.189801e-03
1373 5.731225e-06 7.548005e-03
1374 3.653756e-07 3.374460e-03
1375 4.755492e-05 1.105671e-02
1376 1.279766e-03 5.666543e-01
1377 3.030912e-06 9.640056e-03
1378 2.362637e-08 1.431274e-03
1379 1.177255e-05 4.890602e-03
1380 1.644200e-03 3.824392e-01
1381 9.420546e-07 3.319688e-03
1382 1.233808e-07 1.279886e-03
1383 1.371082e-05 2.115594e-02
1384 3.116708e-07 4.616222e-03
1385 2.935422e-07 4.475595e-03
1386 1.755516e-06 5.747743e-03
1387 2.961715e-04 2.419632e-02
1388 1.085242e-05 7.389118e-03
1389 5.779542e-07 3.246238e-03
1390 2.676180e-07 3.087603e-03
1391 2.344387e-06 9.056097e-03
1392 6.074388e-08 1.998162e-03
1393 2.810401e-08 7.647567e-03
1394 4.345994e-07 6.395377e-03
1395 6.365924e-05 4.463477e-02
1396 1.883459e-04 3.940616e-02
1397 2.188660e-06 3.168002e-03
1398 4.799169e-05 2.066656e-02
1399 2.561221e-04 3.020475e-02
1400 2.635944e-07 4.670000e-03
1401 2.896577e-04 8.750616e-02
1402 1.584742e-06 4.564315e-03
1403 1.305118e-06 5.440403e-03
1404 3.408262e-08 2.381768e-03
1405 9.929585e-07 4.134194e-03
1406 6.731941e-05 1.735923e-02
1407 4.111273e-08 2.744137e-03
1408 4.317368e-03 4.940006e-01
1409 5.726229e-06 4.962095e-02
1410 9.040348e-07 1.103511e-02
1411 3.014764e-05 1.241698e-02
1412 1.317698e-08 4.384171e-03
1413 1.505209e-11 1.143512e-03
1414 1.866805e-08 2.434076e-03
1415 7.565041e-07 5.965655e-03
1416 1.613781e-08 2.990795e-03
1417 8.590017e-06 4.428998e-03
1418 1.441251e-06 4.997215e-03
1419 1.338286e-07 4.492848e-03
1420 1.874566e-05 2.381706e-02
1421 8.463465e-06 1.285873e-02
1422 6.419797e-05 2.861805e-02
1423 1.577102e-06 3.884825e-03
1424 8.818026e-06 6.876749e-03
1425 1.323474e-05 7.362405e-03
1426 2.866505e-05 8.191313e-03
1427 7.626799e-06 5.642523e-03
1428 1.022926e-05 7.317336e-03
1429 4.755856e-05 1.704936e-02
1430 1.192110e-03 1.548392e-01
1431 2.152544e-05 3.169247e-02
1432 8.786248e-06 1.756059e-02
1433 6.071136e-07 7.816664e-03
1434 1.130669e-06 3.615181e-03
1435 9.181944e-07 3.296759e-03
1436 2.398478e-05 8.683059e-03
1437 1.955488e-06 2.556811e-03
1438 2.384879e-05 1.043862e-02
1439 1.060392e-03 2.907602e-01
1440 9.657820e-08 2.800749e-03
1441 3.938070e-09 1.740192e-03
1442 7.468739e-07 7.264403e-03
1443 7.420838e-06 5.356631e-03
1444 1.795546e-05 6.974794e-03
1445 3.165049e-06 1.009704e-02
1446 4.921085e-05 1.309387e-02
1447 4.464282e-03 8.248709e-01
1448 4.164578e-06 3.652729e-03
1449 7.978967e-07 3.075515e-03
1450 8.443989e-06 1.339026e-02
1451 1.125934e-04 4.633580e-02
1452 7.714868e-04 1.284057e-01
1453 1.339286e-08 2.967525e-03
1454 2.567585e-07 3.935005e-03
1455 6.800242e-05 1.138882e-02
1456 1.164375e-06 1.838727e-03
1457 4.653414e-07 2.464962e-03
1458 1.435521e-06 2.763477e-03
1459 2.365512e-05 7.896329e-03
1460 9.327891e-06 1.736861e-02
1461 2.795562e-06 2.386461e-03
1462 1.134684e-06 2.141114e-03
1463 1.276270e-07 1.500566e-03
1464 7.046026e-08 2.048680e-03
1465 2.783199e-08 1.407508e-03
1466 9.652727e-06 2.250062e-02
1467 6.684956e-04 9.162472e-02
1468 8.393340e-06 8.209779e-03
1469 9.343276e-06 1.705022e-02
1470 1.583280e-08 3.689779e-03
1471 1.237266e-05 1.257703e-02
1472 1.573125e-07 6.285643e-03
1473 4.725125e-07 4.020671e-03
1474 1.447298e-06 1.693014e-02
1475 4.448372e-09 1.748926e-03
1476 6.133803e-06 2.033863e-02
1477 1.038093e-10 1.745330e-03
1478 1.281076e-05 1.626013e-02
1479 6.089054e-06 1.117285e-02
1480 1.422727e-05 4.575245e-02
1481 9.217470e-05 3.255875e-02
1482 4.048604e-05 1.525266e-02
1483 5.347118e-05 1.240174e-02
1484 8.979728e-04 2.012916e-01
1485 3.570437e-04 4.691653e-02
1486 5.334269e-04 1.728302e-01
1487 7.259289e-08 2.027001e-03
1488 6.532559e-06 2.712932e-02
1489 2.568981e-06 1.857706e-03
1490 1.092785e-06 3.462242e-03
1491 3.696428e-05 5.413598e-02
1492 4.203347e-07 6.746133e-03
1493 1.249943e-06 1.168464e-02
1494 1.032232e-06 2.947536e-03
1495 9.047229e-05 1.594634e-02
1496 1.009804e-06 4.439766e-03
1497 1.180145e-03 2.836772e-01
1498 1.594807e-06 5.289030e-03
1499 6.505864e-09 2.925031e-03
1500 2.553821e-05 7.998862e-03
1501 5.905339e-07 5.406494e-03
1502 6.773858e-04 1.169714e-01
1503 3.076077e-04 1.461066e-01
1504 5.412167e-05 1.955898e-02
1505 7.205005e-07 5.670660e-03
1506 1.509911e-05 7.120549e-03
1507 2.846070e-04 5.137252e-02
1508 1.026002e-03 2.711422e-01
1509 8.109170e-07 4.541250e-03
1510 8.066035e-07 8.447656e-03
1511 1.729458e-05 1.129460e-02
1512 1.656899e-06 7.536610e-03
1513 3.623170e-06 9.974554e-03
1514 4.151563e-08 6.423833e-03
1515 1.090642e-03 3.660846e-01
1516 1.848080e-05 1.220410e-02
1517 1.121892e-03 2.627896e-01
1518 1.307536e-05 8.262290e-03
1519 1.654763e-05 1.219300e-02
1520 2.374163e-06 1.885464e-03
1521 3.912113e-08 7.188877e-03
1522 2.059026e-04 5.307302e-02
1523 9.577203e-06 9.736167e-03
1524 5.835345e-06 1.821188e-02
1525 3.653421e-05 3.659967e-02
1526 7.560511e-07 1.209721e-02
1527 4.946754e-05 3.286718e-02
1528 1.784770e-05 1.192243e-02
1529 4.025600e-06 7.744317e-03
1530 3.687777e-07 1.485685e-02
1531 6.938966e-05 2.325338e-02
1532 5.463633e-07 5.040357e-03
1533 4.189021e-07 6.676928e-03
1534 1.971386e-05 1.176784e-02
1535 1.871182e-08 1.589929e-03
1536 5.931806e-07 2.720003e-03
1537 7.749067e-07 4.030250e-03
1538 4.459598e-07 4.080430e-03
1539 1.699011e-06 2.524300e-03
1540 4.936857e-05 2.913082e-02
1541 7.858956e-04 3.118430e-01
1542 1.041656e-04 8.961135e-02
1543 8.035344e-04 2.571500e-01
1544 1.012523e-05 9.592644e-03
1545 1.133294e-05 5.317276e-02
1546 4.923571e-06 8.486234e-03
1547 7.153724e-04 2.102952e-01
1548 1.700874e-05 1.891905e-02
1549 1.753038e-06 4.507820e-03
1550 1.188976e-08 4.406990e-03
1551 8.086352e-06 6.026717e-03
1552 4.132157e-05 1.825124e-01
1553 4.484741e-04 3.980479e-01
1554 2.260139e-06 9.985674e-03
1555 2.641783e-03 3.049168e-01
1556 1.212474e-05 1.680324e-02
1557 6.086674e-04 1.985401e-01
1558 1.926885e-03 1.816627e-01
1559 5.903491e-06 1.093600e-02
1560 4.500123e-04 1.091895e-01
1561 6.877067e-05 2.091489e-01
1562 1.936734e-08 6.922735e-03
1563 8.562085e-05 1.520416e-02
1564 1.878778e-03 2.836116e-01
1565 3.641040e-05 1.719554e-02
1566 6.511706e-07 5.328958e-03
1567 4.990186e-03 1.771975e+00
1568 5.058328e-07 1.440227e-02
1569 1.233018e-05 1.622717e-02
1570 7.772809e-04 5.262870e-01
1571 8.552075e-08 2.449988e-03
1572 9.250192e-05 3.657571e-02
1573 1.348172e-03 2.923079e-01
1574 1.491560e-05 1.921643e-02
1575 2.881043e-07 1.798385e-02
1576 1.670053e-04 7.527456e-02
1577 2.957860e-04 2.512401e-01
1578 1.236823e-04 4.538270e-02
1579 3.697892e-07 5.066777e-03
1580 2.276025e-03 4.812684e-01
1581 1.156148e-05 1.734264e-02
1582 2.959995e-06 3.968947e-03
1583 5.510154e-04 7.757022e-02
1584 5.817645e-07 1.469577e-02
1585 4.152452e-04 2.454852e-01
1586 1.222630e-05 1.198436e-02
1587 5.214668e-05 7.918320e-03
1588 2.423450e-05 2.185407e-02
1589 1.672808e-08 2.917445e-03
1590 4.098172e-06 4.241538e-03
1591 2.054431e-06 4.588857e-03
1592 2.257918e-05 6.562837e-03
1593 2.209101e-06 3.527897e-03
1594 1.827846e-05 1.518969e-02
1595 1.385369e-07 4.144344e-03
1596 3.329224e-07 3.062945e-02
1597 3.407896e-06 8.298901e-03
1598 4.617199e-05 1.240128e-02
1599 5.033370e-05 1.221304e-01
1600 2.186125e-06 1.043309e-02
1601 1.975771e-08 3.284018e-03
1602 2.026763e-03 6.859373e-01
1603 5.195140e-06 8.616567e-03
1604 9.306940e-05 1.731338e-02
1605 1.041789e-04 2.930285e-02
1606 3.501189e-04 2.340223e-01
1607 9.844569e-04 1.343795e-01
1608 3.864844e-07 4.878927e-03
1609 8.916518e-04 1.575404e-01
1610 4.018174e-04 3.917720e-01
1611 7.767322e-06 1.582401e-02
1612 6.832875e-05 6.283342e-03
1613 1.347490e-09 1.208024e-03
1614 5.934483e-05 3.256536e-02
1615 3.386275e-04 1.775625e-01
1616 2.381823e-07 2.644087e-03
1617 1.983077e-08 3.409058e-03
1618 3.491855e-07 2.661014e-03
1619 3.839431e-05 7.983252e-02
1620 2.067141e-05 5.526740e-02
1621 8.242470e-06 9.986150e-02
1622 2.409672e-05 1.918140e-02
1623 1.659531e-05 5.483292e-02
1624 3.846237e-03 3.491753e-01
1625 3.696653e-07 4.453544e-03
1626 6.499436e-04 6.694611e-02
1627 1.136644e-05 1.728399e-02
1628 8.102096e-04 9.778980e-02
1629 2.656423e-03 2.465347e-01
1630 4.478896e-04 3.332578e-01
1631 3.064145e-04 8.705742e-02
1632 2.716538e-05 6.841186e-02
1633 2.526100e-09 3.099468e-03
1634 5.402177e-07 6.765920e-03
1635 5.368286e-09 1.156678e-03
1636 3.554553e-09 2.940332e-03
1637 1.966462e-08 1.705006e-03
1638 8.231213e-08 3.090639e-03
1639 2.890392e-09 1.852052e-03
1640 1.013121e-04 4.729623e-02
1641 3.245083e-04 9.373983e-02
1642 9.198414e-04 4.379330e-01
1643 2.271685e-05 2.475940e-02
1644 5.501546e-06 9.704728e-03
1645 3.640080e-05 1.102824e-02
1646 3.690898e-03 9.412890e-01
1647 1.574141e-05 1.462661e-02
1648 1.607480e-06 4.040160e-03
1649 1.970628e-03 4.418118e-01
1650 4.451114e-04 6.360905e-02
1651 1.431961e-07 4.397970e-03
1652 2.283679e-04 9.561344e-02
1653 1.293772e-03 4.474810e-01
1654 9.131613e-06 2.297338e-02
1655 1.529615e-03 2.071628e-01
1656 7.161387e-06 1.769481e-02
1657 6.296216e-06 1.129426e-02
1658 1.036050e-06 5.026747e-03
1659 1.753128e-05 2.020951e-02
1660 2.695477e-04 7.279401e-02
1661 1.398990e-03 5.608198e-02
1662 3.192045e-05 1.214446e-02
1663 9.568468e-04 1.851285e-01
1664 2.905361e-05 1.261110e-02
1665 9.927384e-06 1.104313e-02
1666 1.130733e-04 8.066474e-02
1667 1.274896e-04 4.173765e-02
1668 9.950321e-09 8.893216e-04
1669 4.327833e-06 1.183462e-02
1670 1.797862e-06 3.598796e-03
1671 7.063785e-06 2.279334e-02
1672 2.040776e-04 1.646423e-01
1673 2.102342e-04 2.822894e-02
1674 1.903361e-05 1.021841e-02
1675 1.712516e-05 1.534933e-02
1676 2.367832e-07 2.830085e-03
1677 1.002997e-07 7.108824e-03
1678 1.804453e-07 3.655063e-03
1679 2.131816e-11 1.409524e-03
1680 1.805693e-04 7.318799e-02
1681 3.197239e-05 2.447087e-02
1682 7.287818e-05 2.305437e-02
1683 1.220399e-08 1.748804e-03
1684 1.373040e-07 3.667436e-03
1685 2.159477e-04 3.513747e-02
1686 6.795671e-04 1.081179e-01
1687 8.604883e-06 3.217530e-02
1688 1.356050e-03 1.321011e-01
1689 1.866377e-04 9.054286e-02
1690 3.776824e-08 1.772894e-03
1691 1.039009e-07 1.761454e-03
1692 4.897273e-06 5.755565e-03
1693 3.001317e-04 6.847752e-02
1694 2.392335e-05 4.663496e-02
1695 6.419135e-06 3.212207e-03
1696 7.995981e-04 2.842404e-01
1697 6.468979e-07 8.721683e-03
1698 1.761579e-03 2.223470e-01
1699 1.247378e-03 5.212276e-01
1700 4.270711e-07 4.246298e-03
1701 1.967901e-04 5.954851e-02
1702 1.372428e-05 8.652131e-02
1703 1.454343e-05 5.714145e-02
1704 1.609591e-07 1.625072e-03
1705 6.318121e-08 1.976359e-03
1706 8.232263e-07 2.558598e-03
1707 5.497713e-04 5.822018e-02
1708 3.308783e-08 8.066626e-03
1709 3.950858e-06 1.629209e-02
1710 2.201736e-06 1.153749e-02
1711 5.329363e-04 1.422810e-01
1712 1.289221e-04 7.378857e-02
1713 9.266721e-07 1.131739e-02
1714 2.075415e-04 5.548612e-02
1715 1.369112e-05 7.770805e-03
1716 5.856459e-08 4.412314e-03
1717 9.312741e-06 2.644773e-02
1718 1.094584e-05 1.302182e-02
1719 9.009162e-08 7.627131e-03
1720 1.110526e-06 9.396733e-03
1721 6.041481e-07 3.148758e-02
1722 3.306854e-07 8.432548e-03
1723 1.259583e-03 3.826082e-01
1724 1.139472e-06 3.213139e-03
1725 2.262098e-05 1.642772e-02
1726 6.595768e-04 1.148740e-01
1727 2.793204e-05 3.021932e-02
1728 2.447333e-03 2.229685e-01
1729 2.776166e-06 4.438089e-03
1730 1.201531e-03 1.518721e-01
1731 6.998529e-06 7.154558e-03
1732 1.337265e-07 1.905331e-03
1733 1.962305e-12 1.011506e-03
1734 2.829469e-04 4.073563e-02
1735 1.340484e-04 3.251514e-02
1736 9.565156e-11 1.148583e-03
1737 5.394549e-05 1.618703e-02
1738 3.111174e-06 3.484398e-03
1739 6.446652e-05 1.955236e-02
1740 9.267221e-05 7.910594e-02
1741 1.509348e-09 4.426979e-03
1742 4.797205e-05 1.089809e-01
1743 5.687741e-04 1.152263e-01
1744 2.611318e-05 3.704062e-02
1745 1.567055e-04 2.027137e-02
1746 3.892927e-07 2.708376e-03
1747 1.062076e-06 6.650501e-03
1748 1.065726e-03 5.483400e-01
1749 2.833171e-06 9.557594e-03
1750 3.455977e-06 8.985930e-03
1751 6.619869e-07 6.471587e-03
1752 4.726639e-08 2.140925e-03
1753 4.523800e-05 4.916376e-02
1754 2.112578e-06 5.384333e-03
1755 1.631298e-06 6.218761e-03
1756 8.011896e-06 1.972285e-02
1757 1.855673e-06 1.481683e-02
1758 3.675014e-04 1.947725e-01
1759 4.430979e-07 5.095980e-03
1760 2.302352e-04 3.404045e-01
1761 1.913067e-08 7.058484e-03
1762 5.837908e-07 4.139009e-03
1763 8.517536e-07 1.152565e-02
1764 1.030868e-06 6.887667e-03
1765 5.803278e-05 2.030303e-02
1766 1.494625e-06 4.359306e-03
1767 1.467938e-05 7.203514e-03
1768 1.171230e-04 4.924673e-02
1769 2.077454e-04 3.051469e-02
1770 7.613946e-07 8.507192e-03
1771 9.816447e-06 1.020297e-02
1772 1.351363e-03 3.234609e-01
1773 4.038210e-04 2.536288e-01
1774 2.320657e-08 2.933538e-03
1775 1.344386e-08 2.829270e-03
1776 7.570107e-07 1.936051e-02
1777 3.966524e-06 1.200694e-02
1778 6.063861e-07 7.157130e-03
1779 2.359622e-06 1.712578e-02
1780 1.530025e-08 2.811402e-03
1781 9.424557e-09 1.305133e-03
1782 1.718803e-08 3.172723e-03
1783 2.729907e-06 7.279370e-03
1784 3.366337e-05 2.798708e-02
1785 1.440049e-06 4.353454e-03
1786 3.490197e-05 3.276196e-02
1787 1.382306e-03 3.289689e-01
1788 3.774128e-08 4.440206e-03
1789 1.878856e-05 3.358084e-02
1790 2.350047e-07 2.223308e-03
1791 1.282804e-06 5.704122e-03
1792 1.435860e-05 6.488796e-03
1793 2.670533e-07 9.501198e-03
1794 1.910876e-04 8.226871e-02
1795 8.738907e-06 4.551061e-03
1796 2.655192e-03 4.030912e-01
1797 5.997034e-08 1.739299e-02
1798 6.373519e-07 6.445107e-03
1799 3.603922e-08 2.881356e-03
1800 8.466099e-06 5.528590e-02
1801 2.913473e-06 4.515992e-03
1802 1.967032e-05 3.877304e-02
1803 3.986768e-08 2.044008e-03
1804 2.699265e-06 2.605740e-03
1805 1.255392e-07 1.103277e-02
1806 6.054815e-06 5.621562e-03
1807 1.138158e-07 1.561861e-03
1808 9.343545e-04 6.639599e-01
1809 7.203828e-06 1.088027e-02
1810 3.289834e-04 1.804284e-01
1811 2.845288e-07 7.830882e-03
1812 3.209637e-08 5.930738e-03
1813 5.288195e-06 1.411681e-02
1814 4.966867e-08 2.829943e-03
1815 2.418230e-05 2.506705e-02
1816 2.264417e-05 2.299895e-02
1817 1.824972e-06 4.762852e-03
1818 2.521120e-07 4.814349e-03
1819 2.205914e-11 2.082380e-03
1820 6.646004e-08 1.594611e-03
1821 4.884751e-08 3.410316e-03
1822 2.915141e-04 1.476269e-01
1823 9.374814e-06 3.860525e-02
1824 6.743467e-06 4.581923e-02
1825 2.507858e-03 4.566718e-01
1826 1.433702e-04 1.533916e-01
1827 5.214196e-05 4.180899e-02
1828 1.192874e-04 2.398579e-02
1829 2.172848e-05 1.075498e-02
1830 7.027993e-07 3.026008e-03
1831 2.648003e-08 1.702257e-03
1832 6.474518e-06 1.458924e-02
1833 6.895576e-05 7.438244e-03
1834 7.897627e-07 3.540850e-03
1835 3.464569e-07 3.567709e-03
1836 1.288471e-03 2.938132e-01
1837 5.819085e-04 2.242540e-01
1838 5.258517e-05 1.012732e-02
1839 1.303446e-05 3.701129e-02
1840 7.561420e-05 3.590527e-02
1841 2.718219e-04 6.382585e-02
1842 2.198963e-06 6.830499e-03
1843 3.218971e-06 8.541681e-03
1844 1.536514e-07 2.756326e-03
1845 7.013432e-05 2.452645e-02
1846 3.374959e-09 3.506861e-03
1847 1.145586e-05 5.934263e-02
1848 2.868644e-08 2.205799e-03
1849 9.075467e-08 1.367155e-02
1850 3.404541e-08 1.478763e-02
1851 2.463890e-06 3.613485e-02
1852 1.474706e-05 1.610660e-02
1853 2.136872e-04 4.921577e-02
1854 8.890830e-05 1.139706e-01
1855 1.469185e-04 3.593683e-02
1856 9.623598e-09 2.267357e-03
1857 1.413562e-08 4.626415e-03
1858 1.923048e-06 3.534284e-03
1859 2.085369e-07 3.263112e-03
1860 2.781793e-06 2.214593e-02
1861 4.218981e-06 7.600398e-03
1862 3.290256e-04 3.355416e-01
1863 1.435918e-08 3.006604e-03
1864 5.967434e-07 2.641881e-03
1865 1.518351e-07 1.140505e-02
1866 3.645173e-04 7.484883e-02
1867 8.382422e-09 2.610918e-03
1868 2.883271e-05 8.764648e-03
1869 2.379565e-03 3.856577e-01
1870 8.064250e-07 5.953707e-03
1871 1.045277e-06 1.125436e-02
1872 1.455333e-08 7.173773e-03
1873 2.569160e-08 1.839693e-03
1874 4.593798e-07 2.151032e-03
1875 4.739545e-03 5.524452e-01
1876 2.040347e-08 2.420696e-03
1877 4.530775e-06 3.051869e-03
1878 6.554762e-07 6.526172e-03
1879 2.198071e-07 1.158286e-02
1880 5.001297e-05 2.874059e-02
1881 3.717485e-06 4.487170e-02
1882 4.136230e-08 3.946545e-03
1883 6.080443e-06 1.314908e-02
1884 2.443830e-04 1.489818e-01
1885 1.523632e-05 6.456630e-03
1886 2.201232e-04 1.871763e-02
1887 8.400224e-05 2.391956e-02
1888 1.177780e-06 3.165503e-03
1889 9.796880e-08 1.311407e-03
1890 8.635570e-06 1.167855e-02
1891 2.819061e-04 1.203227e-01
1892 6.566819e-06 1.453621e-02
1893 2.105507e-04 4.847543e-02
1894 5.805933e-03 7.955894e-01
1895 2.718774e-04 4.779138e-02
1896 2.567235e-04 9.316251e-02
1897 4.204670e-07 3.973402e-03
1898 4.891472e-05 4.784522e-02
1899 8.849610e-06 9.217302e-03
1900 6.197551e-04 1.021808e-01
1901 7.224037e-07 4.848992e-03
1902 2.678798e-08 1.850160e-03
1903 1.385953e-06 1.088861e-02
1904 2.500341e-06 7.908761e-03
1905 9.389281e-07 5.151123e-03
1906 1.242181e-06 5.370416e-03
1907 9.307023e-09 3.760085e-03
1908 7.117031e-07 1.687931e-03
1909 5.999735e-05 1.031107e-02
1910 2.383816e-04 7.644827e-02
1911 6.674783e-04 6.630904e-02
1912 3.286543e-05 6.892890e-02
1913 7.440018e-05 6.062625e-02
1914 2.447147e-06 4.710832e-03
1915 3.661225e-08 7.894672e-03
1916 2.274105e-03 6.742644e-01
1917 1.244767e-03 3.102990e-01
1918 2.156012e-05 3.100357e-02
1919 7.067878e-05 1.553587e-02
1920 7.180345e-05 2.369250e-02
1921 5.302390e-09 1.366808e-03
1922 5.385064e-06 4.148903e-03
1923 4.637863e-06 2.967581e-03
1924 7.954964e-07 2.363442e-03
1925 3.629073e-07 2.119436e-03
1926 6.046348e-04 1.317214e-01
1927 3.209652e-06 1.133843e-02
1928 1.958007e-08 1.790656e-03
1929 1.733442e-05 1.162150e-02
1930 5.228434e-06 1.734978e-02
1931 3.901014e-05 2.068586e-02
1932 2.463280e-06 3.353312e-02
1933 3.018177e-06 1.586019e-02
1934 8.407751e-05 6.419099e-02
1935 2.199616e-06 1.403914e-02
1936 1.519159e-06 1.247402e-02
1937 5.370960e-06 5.144527e-03
1938 3.539294e-09 2.010100e-03
1939 7.175780e-04 2.353530e-01
1940 1.571840e-06 2.250542e-02
1941 1.493935e-05 1.495233e-02
1942 1.123743e-04 7.580369e-02
1943 3.719045e-06 3.207353e-02
1944 1.295347e-03 1.785568e-01
1945 1.675917e-04 3.770379e-02
1946 2.004848e-05 5.881376e-03
1947 1.138477e-05 4.489720e-03
1948 3.148405e-09 1.707432e-03
1949 1.287477e-04 9.164558e-02
1950 1.163741e-04 2.698197e-02
1951 1.719499e-05 3.875356e-02
1952 5.039801e-06 7.024739e-03
1953 2.477396e-04 3.918278e-02
1954 5.162531e-05 7.464246e-02
1955 8.801398e-06 9.080374e-03
1956 6.025678e-05 5.091607e-02
1957 3.200473e-06 7.753850e-03
1958 1.235401e-05 1.968950e-02
1959 1.111916e-05 2.642821e-02
1960 1.001101e-05 2.868938e-02
1961 6.303840e-05 9.270172e-02
1962 2.769678e-04 4.554725e-02
1963 2.212185e-04 6.242243e-02
1964 2.024591e-06 3.947385e-03
1965 3.420345e-06 1.468762e-02
1966 1.276737e-06 6.641207e-03
1967 3.412684e-05 5.407740e-02
1968 8.672549e-09 2.102475e-03
1969 2.128714e-03 1.905314e-01
1970 9.717876e-05 6.535868e-02
1971 1.942512e-03 3.006988e-01
1972 6.457464e-05 1.153077e-02
1973 5.951866e-04 1.786617e-01
1974 1.806097e-07 4.236987e-03
1975 5.302248e-04 1.780841e-01
1976 7.677077e-04 8.474102e-02
1977 1.047983e-05 7.060545e-03
1978 7.655501e-08 4.044298e-03
1979 1.803356e-04 4.697971e-02
1980 1.006397e-04 6.894646e-03
1981 4.243455e-05 5.303566e-02
1982 3.855463e-07 2.785926e-03
1983 2.233745e-06 2.273700e-03
1984 8.545138e-07 2.755342e-02
1985 3.287453e-05 1.182145e-02
1986 2.918913e-05 5.563898e-03
1987 8.206473e-07 3.487415e-02
1988 5.318938e-04 1.758125e-01
1989 2.317857e-07 1.426597e-03
1990 1.526507e-06 4.815255e-03
1991 9.827781e-06 7.852053e-03
1992 1.706867e-03 3.530942e-01
1993 8.434986e-08 1.185464e-03
1994 5.896456e-08 1.252997e-03
1995 1.454599e-04 8.087960e-02
1996 3.880012e-06 5.466471e-03
1997 4.632443e-07 2.082230e-03
1998 1.451872e-04 1.362781e-02
1999 9.930766e-04 1.053888e-01
2000 1.119898e-06 2.574117e-03
2001 2.910812e-07 3.108404e-03
