1 2.751092e-03 5.432748e-01
2 1.066247e-05 2.023721e-02
3 1.942437e-06 2.604603e-03
4 2.924565e-07 1.854543e-03
5 2.563729e-07 2.607922e-03
6 1.204712e-03 3.645094e-01
7 4.963243e-05 1.218803e-02
8 1.260223e-05 4.245249e-02
9 5.864734e-09 2.383466e-03
10 1.074429e-04 8.709222e-02
11 1.728649e-07 5.161003e-03
12 9.356531e-09 1.230819e-03
13 4.931905e-04 2.214930e-01
14 6.692577e-07 7.620214e-03
15 9.944022e-07 3.029550e-03
16 7.613639e-06 2.533064e-02
17 3.014435e-07 1.916259e-03
18 7.620942e-04 2.100990e-01
19 7.822915e-06 7.899632e-03
20 2.203415e-10 1.022706e-03
21 2.908207e-03 7.069590e-01
22 9.180190e-06 5.482945e-03
23 5.499790e-05 2.830084e-02
24 1.178239e-03 2.109655e-01
25 1.124929e-03 1.917666e-01
26 1.370630e-05 4.138286e-03
27 1.603282e-04 1.878282e-02
28 6.652917e-07 3.602482e-03
29 2.641420e-03 4.444935e-01
30 3.148573e-03 6.385590e-01
31 4.124215e-04 2.493484e-01
32 4.290571e-05 1.213485e-02
33 1.670777e-07 1.225546e-03
34 4.383927e-08 1.155419e-03
35 1.265992e-06 3.058199e-03
36 2.249240e-03 3.919644e-01
37 4.533204e-04 7.583494e-02
38 7.334557e-06 8.650570e-03
39 1.326840e-08 1.948992e-03
40 2.119073e-07 3.522442e-03
41 2.088290e-05 2.100454e-02
42 9.136996e-07 5.022257e-03
43 1.274883e-03 2.856394e-01
44 1.468072e-04 6.586520e-02
45 7.972439e-05 1.160367e-01
46 3.684457e-05 9.379339e-03
47 1.132498e-04 2.683571e-01
48 4.091333e-04 9.900323e-02
49 1.128818e-05 9.197167e-03
50 3.138158e-03 5.679160e-01
51 1.342365e-06 1.183628e-02
52 4.411052e-06 2.352758e-02
53 1.788734e-05 6.994072e-03
54 1.207965e-06 9.915979e-03
55 5.552432e-07 5.023097e-03
56 1.205843e-05 8.873042e-03
57 1.351712e-06 1.456078e-02
58 6.381255e-04 9.978440e-02
59 1.043687e-04 4.166593e-02
60 3.833625e-09 1.410484e-03
61 3.315066e-03 8.870227e-01
62 7.937187e-06 3.296243e-02
63 1.207778e-07 1.917034e-03
64 4.137769e-08 4.162805e-03
65 3.151183e-05 4.319213e-02
66 2.033757e-06 4.545030e-03
67 6.954374e-07 7.303122e-03
68 5.658832e-06 8.064017e-03
69 3.090405e-08 1.423525e-03
70 1.852689e-08 1.341572e-03
71 3.207812e-04 2.111474e-01
72 3.575076e-06 1.912451e-02
73 1.900110e-07 4.145782e-03
74 2.891734e-04 1.830115e-01
75 1.989778e-05 1.014875e-02
76 8.117917e-07 2.817861e-03
77 1.208377e-05 3.732908e-02
78 6.524695e-04 2.392851e-01
79 1.345817e-03 1.081679e-01
80 3.003606e-06 2.627620e-03
81 1.832904e-07 1.617162e-03
82 5.829711e-06 4.514437e-03
83 1.456602e-04 2.000165e-02
84 2.233615e-07 1.869075e-03
85 8.502281e-04 6.416095e-02
86 8.692543e-06 6.600049e-03
87 1.190475e-07 2.813243e-03
88 1.754894e-07 1.700172e-03
89 2.911944e-05 2.201860e-02
90 1.278385e-03 1.703998e-01
91 6.380948e-04 1.400613e-01
92 3.038666e-03 7.070066e-01
93 1.821596e-06 1.383398e-02
94 8.636855e-07 4.030090e-03
95 4.961600e-03 5.921294e-01
96 2.290436e-05 1.089431e-02
97 2.721165e-07 3.514426e-02
98 3.564187e-07 3.460050e-03
99 4.071758e-05 1.199463e-02
100 7.869071e-03 9.706169e-01
101 2.478596e-06 4.726163e-03
102 5.320423e-06 1.484458e-02
103 3.138213e-03 2.921454e-01
104 1.190158e-04 3.800976e-02
105 2.778826e-04 5.515936e-02
106 4.280818e-07 8.976714e-03
107 1.090880e-07 2.876232e-03
108 6.694931e-06 1.897177e-02
109 3.866851e-07 5.098730e-03
110 5.622551e-06 1.132726e-02
111 2.997598e-03 3.948536e-01
112 4.094804e-04 8.835582e-02
113 5.940457e-03 4.948260e-01
114 2.401099e-03 3.421290e-01
115 3.670995e-04 1.325437e-01
116 1.993166e-03 2.306867e-01
117 1.112936e-03 1.165296e-01
118 1.834697e-03 2.504506e-01
119 7.304071e-09 4.547636e-03
120 4.297440e-09 3.640414e-03
121 7.487033e-08 1.149281e-02
122 2.866719e-07 1.879302e-03
123 6.110980e-06 5.845701e-03
124 3.129450e-05 1.302771e-02
125 3.657498e-08 3.998948e-03
126 2.742870e-06 6.028370e-03
127 4.460328e-07 9.656847e-03
128 1.853823e-06 7.813573e-03
129 3.809892e-07 4.466093e-03
130 3.344530e-07 3.973064e-03
131 7.805397e-07 5.899170e-03
132 1.270365e-06 4.645328e-03
133 5.007780e-07 7.668560e-03
134 5.401615e-05 2.142700e-02
135 4.031943e-07 4.533784e-03
136 1.337614e-06 4.078532e-03
137 8.010650e-06 1.235653e-02
138 1.844282e-07 9.364201e-03
139 1.426206e-06 8.714001e-03
140 5.949323e-07 5.181282e-03
141 3.171848e-08 3.029963e-03
142 4.749872e-07 3.117364e-03
143 1.592037e-06 6.907902e-03
144 3.852652e-07 8.565807e-03
145 4.532064e-08 4.699870e-03
146 4.224626e-07 6.123105e-03
147 9.761894e-07 6.313806e-03
148 2.128627e-07 7.987563e-03
149 1.305508e-06 4.283227e-03
150 4.064843e-08 3.987566e-03
151 2.710495e-06 1.001692e-02
152 1.270501e-06 5.936404e-03
153 4.548642e-07 2.981223e-03
154 1.514918e-07 3.762860e-03
155 5.121495e-08 3.023278e-03
156 1.198183e-06 3.855643e-03
157 3.527462e-07 4.028977e-03
158 5.164191e-06 4.603287e-03
159 1.471107e-06 5.871128e-03
160 1.002432e-06 5.155281e-03
161 8.188305e-08 3.128685e-03
162 3.230641e-08 3.002946e-03
163 7.862341e-08 3.079691e-03
164 6.303745e-09 1.642460e-03
165 6.875294e-09 1.682124e-03
166 2.793554e-09 1.657457e-03
167 2.367573e-08 2.937108e-03
168 2.967697e-07 3.293586e-03
169 2.283507e-06 6.003139e-03
170 2.418625e-09 1.639681e-03
171 2.280637e-07 3.417360e-03
172 3.462517e-08 3.218523e-03
173 8.522406e-09 1.619277e-03
174 4.911370e-08 3.087181e-03
175 6.559590e-08 3.092691e-03
176 3.049806e-08 2.998243e-03
177 6.776405e-09 1.656715e-03
178 3.410824e-07 2.280051e-03
179 8.852662e-09 1.614709e-03
180 5.041197e-08 3.094273e-03
181 1.453352e-08 2.125198e-03
182 2.076662e-08 3.397334e-03
183 2.682408e-09 1.196550e-03
184 3.529441e-09 1.614849e-03
185 8.306430e-09 1.233074e-03
186 5.413242e-08 2.178008e-03
187 6.146500e-09 1.906817e-03
188 1.017625e-09 1.592558e-03
189 1.932163e-09 1.133985e-03
190 7.421691e-09 1.208779e-03
191 1.743810e-05 1.800187e-02
192 7.293889e-06 3.875326e-03
193 1.828852e-04 3.640375e-02
194 2.986783e-04 3.489034e-02
195 5.945938e-06 6.336138e-03
196 3.343694e-05 1.445008e-02
197 3.889854e-04 3.488069e-02
198 4.458137e-06 6.324629e-03
199 3.268392e-05 1.360852e-02
200 1.955883e-05 1.015518e-02
201 1.352952e-04 1.374606e-02
202 6.554127e-05 2.097015e-02
203 5.566304e-07 3.505526e-03
204 2.524154e-05 5.677651e-03
205 1.094698e-05 8.214913e-03
206 1.387015e-06 3.852237e-03
207 4.935491e-06 9.526769e-03
208 1.696578e-07 3.460445e-03
209 4.904724e-06 8.056378e-03
210 4.651077e-06 4.680192e-03
211 4.210723e-07 2.406995e-03
212 3.789730e-04 2.826890e-02
213 6.791087e-07 2.448228e-03
214 2.776758e-07 4.251558e-03
215 7.678681e-06 4.755070e-03
216 1.800570e-05 7.694419e-03
217 4.077371e-07 2.096877e-03
218 4.946917e-05 2.434192e-02
219 5.903926e-05 1.598839e-02
220 9.241337e-07 3.532978e-03
221 1.611601e-06 3.920049e-03
222 2.380194e-06 7.003904e-03
223 2.856133e-06 9.718601e-03
224 2.950928e-08 3.043663e-03
225 9.403723e-07 5.462346e-03
226 9.229816e-07 3.655472e-03
227 5.438664e-07 4.261115e-03
228 5.801419e-07 5.038283e-03
229 1.210868e-05 1.392859e-02
230 1.862272e-06 7.775773e-03
231 2.260447e-06 6.698200e-03
232 8.262554e-07 5.067582e-03
233 6.029390e-07 6.151661e-03
234 8.272710e-07 4.940526e-03
235 1.686384e-08 4.502085e-03
236 5.407047e-07 4.970904e-03
237 1.298120e-08 3.367708e-03
238 1.706581e-07 5.709337e-03
239 4.541146e-08 3.546193e-03
240 1.223647e-07 3.149699e-03
241 6.812094e-07 4.053780e-03
242 7.680152e-07 4.975923e-03
243 3.010713e-08 3.171785e-03
244 3.472540e-07 4.675627e-03
245 3.485482e-07 4.970434e-03
246 5.293400e-08 3.835563e-03
247 3.386950e-07 4.924036e-03
248 8.717868e-08 2.662171e-03
249 2.126438e-06 7.644305e-03
250 3.192206e-07 4.158059e-03
251 1.577477e-07 2.890058e-03
252 3.412458e-06 6.870615e-03
253 2.224668e-08 3.333877e-03
254 6.373033e-08 4.820715e-03
255 8.926109e-07 6.449819e-03
256 8.260016e-08 2.733270e-03
257 6.796407e-08 3.440089e-03
258 1.566136e-05 5.625501e-03
259 5.469838e-05 1.236081e-02
260 1.388141e-05 1.444634e-02
261 4.574864e-05 1.220812e-02
262 3.294841e-06 6.529026e-03
263 1.122754e-05 7.451051e-03
264 8.043333e-06 1.966945e-02
265 8.134643e-07 7.190103e-03
266 2.448119e-05 1.787043e-02
267 6.048908e-05 4.233830e-02
268 1.872201e-06 2.077483e-02
269 1.549706e-06 3.181464e-02
270 9.221827e-07 4.376353e-03
271 2.347505e-06 7.271736e-03
272 2.285851e-07 6.844642e-03
273 6.480984e-07 4.449529e-03
274 2.086605e-06 5.515681e-03
275 8.691544e-07 8.599657e-03
276 2.359961e-05 3.485939e-02
277 2.171649e-07 3.473462e-03
278 4.457179e-07 2.692448e-03
279 3.744522e-06 1.625327e-02
280 1.201482e-06 6.069890e-03
281 1.218820e-06 8.615956e-03
282 3.413147e-06 1.255083e-02
283 7.714980e-07 3.349812e-03
284 2.700017e-05 8.675623e-03
285 3.902257e-05 2.337261e-02
286 1.125341e-04 3.494549e-02
287 7.758162e-06 6.934896e-03
288 1.864983e-05 1.424732e-02
289 1.118129e-04 4.070318e-02
290 2.526609e-04 5.555937e-02
291 8.545536e-06 7.910932e-03
292 3.252788e-05 1.823976e-02
293 1.255685e-05 1.805266e-02
294 1.982064e-05 2.726127e-02
295 3.521670e-06 1.812099e-02
296 5.733849e-04 1.173404e-01
297 3.244821e-03 5.190048e-01
298 1.846775e-04 3.539815e-02
299 2.860426e-06 4.460635e-03
300 1.720126e-07 4.590523e-03
301 7.980549e-04 8.904290e-02
302 4.430403e-07 5.081796e-03
303 1.306820e-06 3.086348e-03
304 1.451216e-07 2.277135e-03
305 1.187546e-07 2.662569e-03
306 2.679635e-08 2.688500e-03
307 2.827800e-09 2.646395e-03
308 4.868820e-09 2.581494e-03
309 1.998898e-05 5.002231e-03
310 2.032381e-08 3.222698e-03
311 1.428834e-09 2.653536e-03
312 5.249829e-07 2.208274e-03
313 8.075806e-10 2.542494e-03
314 9.860163e-09 2.548671e-03
315 8.784258e-10 2.676331e-03
316 2.812405e-08 2.820585e-03
317 5.011979e-10 1.929772e-03
318 1.925557e-08 1.947093e-03
319 1.643624e-06 2.225296e-03
320 3.929199e-10 2.507110e-03
321 9.491983e-10 1.426023e-03
322 1.578895e-04 6.415244e-02
323 2.457759e-04 8.988278e-02
324 2.306486e-07 9.483395e-03
325 1.803830e-05 1.391418e-02
326 1.807448e-07 3.480718e-03
327 1.469149e-05 2.341912e-02
328 3.836361e-06 9.632382e-03
329 1.185636e-04 8.142849e-02
330 1.584417e-03 4.171548e-01
331 3.376089e-05 3.283910e-02
332 5.396285e-04 1.640003e-01
333 3.719862e-06 5.001325e-03
334 6.835127e-06 1.413260e-02
335 1.366431e-06 8.326007e-03
336 9.843501e-06 1.531601e-02
337 1.127257e-04 6.216926e-02
338 2.502076e-05 1.946161e-02
339 2.059158e-03 2.512830e-01
340 3.609741e-05 5.662441e-03
341 2.797010e-05 5.995968e-03
342 7.716615e-05 1.586025e-02
343 2.469198e-04 3.948351e-02
344 1.701014e-06 3.907391e-03
345 9.022873e-06 7.769442e-03
346 1.582164e-06 2.501599e-03
347 4.755130e-07 2.949758e-03
348 1.405067e-05 9.428677e-03
349 9.469831e-06 1.067703e-02
350 8.168350e-08 3.251574e-03
351 1.878987e-07 2.850072e-03
352 4.949743e-06 2.813633e-03
353 3.970135e-05 5.962841e-03
354 4.327984e-06 4.209533e-03
355 6.795694e-06 4.461851e-03
356 9.381305e-08 2.354201e-03
357 2.921832e-05 9.815523e-03
358 6.229509e-05 2.268610e-02
359 1.217176e-05 6.850555e-03
360 4.860914e-06 6.036675e-03
361 1.029658e-04 4.023578e-02
362 1.452878e-07 2.443317e-03
363 1.374641e-07 3.359121e-03
364 4.949743e-06 2.813633e-03
365 8.337305e-05 2.520736e-02
366 3.107983e-05 8.979176e-03
367 1.191487e-05 1.017727e-02
368 9.469831e-06 1.067703e-02
369 1.751251e-04 8.102232e-02
370 3.402009e-06 1.362287e-02
371 1.014076e-05 1.929897e-02
372 2.180108e-03 7.168526e-01
373 1.311501e-04 1.680472e-01
374 2.192445e-03 5.479915e-01
375 5.037031e-06 2.412358e-02
376 1.208792e-03 1.561544e-01
377 1.073588e-06 8.925703e-03
378 4.617102e-05 2.182370e-02
379 6.634792e-06 8.409708e-03
380 2.507528e-05 9.605233e-03
381 7.925959e-07 1.889599e-03
382 2.115955e-06 9.990652e-03
383 2.650047e-07 1.813586e-03
384 1.244315e-05 7.508571e-03
385 3.919882e-08 4.588209e-03
386 1.741497e-06 6.399273e-03
387 1.419078e-05 1.460923e-02
388 2.172323e-07 2.764162e-03
389 8.405930e-06 5.983006e-03
390 1.093296e-06 4.710259e-03
391 2.414968e-05 3.065133e-02
392 4.308008e-05 1.126685e-02
393 1.827190e-05 1.459366e-02
394 6.483696e-07 2.946882e-03
395 3.693621e-06 8.101958e-03
396 3.205527e-05 3.408508e-02
397 1.462036e-05 1.477616e-02
398 1.221866e-04 2.785692e-02
399 1.653062e-05 9.559975e-03
400 1.019952e-04 3.400099e-02
401 4.345631e-06 7.956918e-03
402 1.395895e-06 6.922349e-03
403 5.838133e-06 8.922647e-03
404 1.991529e-05 1.428271e-02
405 5.950295e-06 1.075052e-02
406 2.584518e-06 8.728877e-03
407 3.980446e-07 4.520738e-03
408 1.119059e-05 9.333902e-03
409 1.678818e-03 1.553430e-01
410 1.474100e-05 1.811083e-02
411 9.424129e-06 1.678927e-02
412 1.098719e-04 3.685544e-02
413 6.814301e-06 7.782947e-03
414 3.486932e-06 9.357226e-03
415 2.496988e-06 5.650780e-03
416 7.970170e-07 6.617162e-03
417 2.449534e-06 9.456217e-03
418 4.558831e-04 7.034736e-02
419 4.481326e-04 1.364867e-01
420 1.242013e-04 4.095302e-02
421 1.577276e-05 2.031893e-02
422 2.187431e-05 2.952287e-02
423 1.368274e-04 6.883111e-02
424 2.904881e-04 1.917291e-01
425 2.652387e-04 7.248511e-02
426 2.309530e-05 4.384596e-02
427 3.275868e-04 1.421349e-01
428 4.152491e-05 3.249979e-02
429 2.730893e-05 2.685714e-02
430 3.899822e-05 3.500365e-02
431 1.385702e-04 4.670786e-02
432 4.222948e-05 2.267188e-02
433 2.695420e-05 1.955546e-02
434 4.489350e-05 3.562858e-02
435 2.431453e-05 4.779556e-02
436 4.595268e-05 2.784550e-02
437 4.500852e-05 3.240727e-02
438 1.812302e-05 2.543514e-02
439 8.877647e-04 1.775127e-01
440 3.673289e-05 1.851139e-02
441 1.466075e-05 1.612941e-02
442 8.879374e-05 5.366786e-02
443 9.188686e-06 2.312632e-02
444 7.514208e-04 1.963050e-01
445 4.477525e-04 1.585590e-01
446 5.756651e-10 9.154096e-04
447 6.524527e-10 1.224525e-03
448 6.482975e-11 9.088593e-04
449 3.970047e-10 9.125834e-04
450 1.075686e-09 9.934869e-04
451 6.723150e-08 1.779727e-03
452 3.328077e-09 1.227326e-03
453 1.085901e-08 1.121492e-03
454 2.403574e-09 1.245236e-03
455 1.765104e-08 1.250549e-03
456 4.583294e-10 1.031936e-03
457 6.922900e-12 9.244451e-04
458 5.205812e-09 1.232999e-03
459 1.310167e-06 1.437738e-02
460 5.435293e-09 2.593439e-03
461 2.832618e-10 1.054470e-03
462 2.733715e-08 2.964855e-03
463 7.185751e-09 1.127276e-03
464 8.887849e-09 1.328611e-03
465 5.510639e-10 1.150996e-03
466 3.369026e-09 1.380914e-03
467 5.854626e-10 1.082746e-03
468 3.882770e-10 1.091925e-03
469 3.643804e-09 1.325757e-03
470 5.277586e-09 1.754810e-03
471 1.747326e-09 1.218683e-03
472 6.640690e-10 1.118972e-03
473 5.576674e-09 1.318666e-03
474 2.501586e-10 1.048063e-03
475 8.582420e-09 1.315718e-03
476 1.774087e-08 1.411951e-03
477 1.552464e-06 3.106113e-03
478 2.128647e-05 7.013689e-03
479 2.894745e-07 1.571033e-03
480 2.260567e-08 2.066697e-03
481 1.012528e-08 1.858809e-03
482 8.092171e-09 2.108046e-03
483 4.779017e-09 2.060856e-03
484 1.092981e-07 2.114196e-03
485 1.560522e-08 1.759587e-03
486 8.344342e-06 1.340757e-02
487 1.315658e-08 1.486897e-03
488 3.254986e-06 9.274486e-03
489 1.050220e-03 2.323749e-01
490 1.204033e-05 6.654637e-03
491 7.194567e-06 8.613578e-03
492 3.486039e-06 5.664866e-03
493 6.287732e-06 6.588234e-03
494 1.395122e-07 6.447527e-03
495 6.330504e-07 4.928906e-03
496 8.236036e-05 2.378586e-02
497 1.704076e-04 4.044644e-02
498 9.133017e-06 7.731463e-03
499 9.091093e-07 7.811441e-03
500 4.350913e-07 5.133600e-03
501 7.778152e-06 8.629331e-03
502 1.287671e-03 1.934732e-01
503 7.101166e-05 8.618662e-03
504 5.418112e-05 8.901162e-03
505 1.243577e-05 6.860590e-03
506 2.201347e-04 2.360694e-02
507 1.782002e-04 2.388638e-02
508 1.132081e-05 1.220542e-02
509 2.856640e-06 8.554465e-03
510 7.697639e-06 1.146666e-02
511 5.462115e-06 6.016934e-03
512 6.793862e-06 8.024824e-03
513 2.201996e-05 7.559045e-03
514 2.221823e-03 5.470111e-01
515 2.738963e-07 6.911561e-03
516 1.210348e-07 6.821124e-03
517 2.122012e-06 1.347599e-02
518 1.926682e-07 6.867737e-03
519 3.025002e-06 2.245289e-02
520 2.259375e-06 1.813827e-02
521 1.459429e-05 2.424430e-02
522 1.338427e-05 2.167455e-02
523 9.444822e-06 2.412301e-02
524 6.158135e-07 1.294139e-02
525 1.100001e-06 7.741507e-03
526 4.346876e-06 2.259419e-02
527 1.363285e-06 9.566371e-03
528 1.304544e-07 5.949636e-03
529 3.837893e-06 1.683418e-02
530 2.290485e-07 5.080146e-03
531 6.530463e-07 7.105092e-03
532 1.813634e-06 1.810458e-02
533 8.583102e-07 1.227262e-02
534 4.215889e-07 1.134777e-02
535 1.001051e-06 1.193205e-02
536 1.191599e-05 3.456059e-02
537 2.129912e-06 2.398560e-02
538 1.304514e-06 1.241806e-02
539 6.808576e-06 2.207970e-02
540 3.984176e-06 2.160456e-02
541 6.100899e-06 2.375362e-02
542 2.981725e-04 1.398622e-01
543 1.148665e-06 1.855646e-02
544 6.882514e-07 7.232008e-03
545 7.644881e-06 6.909816e-03
546 8.104255e-06 5.353155e-03
547 4.291207e-09 2.494339e-03
548 8.002050e-08 3.018210e-03
549 3.259569e-08 1.588385e-03
550 2.502888e-06 5.456281e-03
551 8.264259e-07 2.590399e-03
552 7.013499e-05 1.739228e-02
553 1.157120e-04 2.758389e-02
554 1.438888e-05 8.232073e-03
555 1.678610e-05 1.099559e-02
556 1.798783e-06 2.962911e-03
557 8.755291e-07 3.738603e-03
558 4.604367e-05 9.520107e-03
559 9.037510e-08 2.464204e-03
560 2.267521e-06 3.908551e-03
561 1.971617e-06 3.054859e-03
562 1.926993e-06 3.324296e-03
563 7.435640e-07 4.743671e-03
564 8.689193e-07 3.217563e-03
565 8.265035e-06 1.400632e-02
566 1.202526e-05 4.951449e-03
567 2.048843e-04 5.525287e-02
568 3.320486e-05 1.503170e-02
569 2.919756e-04 3.976582e-02
570 1.111030e-05 1.202463e-02
571 8.504381e-06 7.411645e-03
572 4.670736e-05 1.607888e-02
573 1.061715e-05 5.624164e-03
574 5.470797e-05 1.824371e-02
575 5.232765e-06 6.871174e-03
576 2.088330e-05 1.184550e-02
577 7.886564e-06 1.107565e-02
578 7.345870e-06 9.442476e-03
579 2.624841e-03 5.312031e-01
580 7.886350e-05 1.822670e-02
581 8.043252e-06 3.899367e-03
582 2.024438e-04 3.169774e-02
583 1.317528e-05 8.785938e-03
584 2.519321e-05 1.094486e-02
585 2.088615e-04 4.876053e-02
586 1.548334e-05 1.212572e-02
587 9.076736e-06 1.243712e-02
588 7.096682e-06 9.719839e-03
589 2.173580e-06 2.520737e-03
590 1.104335e-03 2.461145e-01
591 5.769851e-04 7.104884e-02
592 3.873960e-06 6.089055e-03
593 5.692436e-06 1.580977e-02
594 1.181947e-04 1.742157e-02
595 3.956381e-07 6.642017e-03
596 2.167002e-03 6.193248e-01
597 2.190015e-09 1.912586e-03
598 2.092528e-08 1.967699e-03
599 3.355828e-08 1.937502e-03
600 8.987048e-08 2.058970e-03
601 1.985828e-07 3.026339e-03
602 4.631695e-08 2.562549e-03
603 5.271240e-08 3.252160e-03
604 4.914299e-09 1.931413e-03
605 8.265148e-08 2.075192e-03
606 2.999561e-09 1.932046e-03
607 1.817250e-09 1.777629e-03
608 3.537336e-09 2.031067e-03
609 2.047311e-06 1.230766e-02
610 6.821679e-07 4.237586e-03
611 3.761079e-04 2.027682e-01
612 3.845254e-06 2.535977e-02
613 7.371959e-06 1.779455e-02
614 6.472799e-06 2.548635e-02
615 7.002606e-07 1.027641e-02
616 3.476467e-09 3.280747e-03
617 4.202167e-06 1.220394e-02
618 1.962829e-08 4.229240e-03
619 2.406922e-07 5.020255e-03
620 4.297245e-08 5.444727e-03
621 1.027707e-04 4.664277e-02
622 2.273767e-07 5.934665e-03
623 2.555387e-08 7.247366e-03
624 1.017884e-07 6.007012e-03
625 3.520238e-07 4.537490e-03
626 1.045036e-03 3.718248e-01
627 3.594862e-07 4.941763e-03
628 4.087818e-06 1.256555e-02
629 1.824216e-04 5.096064e-02
630 1.352446e-04 2.988429e-02
631 2.833089e-05 2.210500e-02
632 2.152138e-05 3.633294e-02
633 1.882739e-07 6.058982e-03
634 1.435096e-06 5.182288e-03
635 9.354382e-07 5.123542e-03
636 5.165405e-07 7.210251e-03
637 3.258738e-06 1.336820e-02
638 3.711201e-07 8.780463e-03
639 4.413646e-06 1.512538e-02
640 1.098069e-06 4.731030e-03
641 2.135775e-07 5.564692e-03
642 6.141378e-07 6.916411e-03
643 2.180555e-05 3.392515e-02
644 1.372976e-06 6.108111e-03
645 3.958024e-06 1.225487e-02
646 3.605778e-06 1.892991e-02
647 1.473494e-06 7.473620e-03
648 1.738682e-05 2.513951e-02
649 1.851802e-06 1.054032e-02
650 8.841521e-07 5.698360e-03
651 6.352468e-07 6.368067e-03
652 1.642971e-06 7.498535e-03
653 4.016470e-04 3.061488e-01
654 3.520566e-05 6.495741e-02
655 9.983523e-08 2.899552e-03
656 5.188433e-05 2.475392e-02
657 6.880369e-04 4.200334e-01
658 8.053394e-05 2.034669e-02
659 7.516909e-06 1.326867e-02
660 3.653462e-05 1.310105e-02
661 5.831400e-05 3.273423e-02
662 9.433026e-04 1.952809e-01
663 8.313491e-06 1.364234e-02
664 1.118174e-05 1.411256e-02
665 2.124437e-05 1.597487e-02
666 8.258121e-05 2.850131e-02
667 5.760214e-05 1.657456e-02
668 1.845908e-06 6.975242e-03
669 4.697301e-05 2.838183e-02
670 2.221945e-04 3.158078e-02
671 1.261965e-04 3.636547e-02
672 5.933643e-07 6.905078e-03
673 1.381582e-04 1.581875e-01
674 8.237759e-06 7.100678e-03
675 3.173560e-04 1.323331e-01
676 8.477818e-06 1.651922e-02
677 3.100024e-05 3.021438e-02
678 2.034457e-06 8.003872e-03
679 4.818353e-04 8.347625e-02
680 1.574815e-07 3.436441e-03
681 2.385774e-05 1.251299e-02
682 1.395167e-03 5.367166e-01
683 1.811647e-05 1.533558e-02
684 1.562357e-03 1.408297e-01
685 4.082444e-06 8.716476e-03
686 9.472905e-04 2.474959e-01
687 2.017035e-05 6.822600e-03
688 1.941949e-06 8.197251e-03
689 2.923115e-06 8.918691e-03
690 1.778422e-05 1.323779e-02
691 2.669672e-06 1.503117e-02
692 1.851384e-06 1.177166e-02
693 1.092101e-05 8.991323e-03
694 1.415664e-05 5.225600e-03
695 7.137988e-06 8.332000e-03
696 4.340581e-04 8.231583e-02
697 8.284031e-05 7.944614e-02
698 1.298549e-03 1.274205e-01
699 3.736063e-06 1.652278e-02
700 5.940185e-05 2.083056e-02
701 3.513769e-06 9.175084e-03
702 1.597823e-05 1.435126e-02
703 1.834462e-06 7.094892e-03
704 6.525591e-05 2.647285e-02
705 5.552904e-05 1.047459e-02
706 2.804245e-05 1.319863e-02
707 2.254784e-05 7.794343e-03
708 8.530033e-04 4.013298e-01
709 1.980469e-05 2.317170e-02
710 4.302525e-04 6.144120e-02
711 2.455099e-04 7.658520e-02
712 8.049213e-05 3.615659e-02
713 7.458340e-05 2.978455e-02
714 4.754947e-05 1.710069e-02
715 1.228804e-06 6.430925e-03
716 2.545225e-05 1.661130e-02
717 1.361988e-05 3.016683e-02
718 1.729919e-05 1.090682e-02
719 1.141230e-05 1.093312e-02
720 1.537110e-05 1.828992e-02
721 1.170271e-04 2.478963e-02
722 8.231582e-05 2.452585e-02
723 1.942617e-04 6.089593e-02
724 8.228363e-07 6.783650e-03
725 2.905137e-06 6.934124e-03
726 9.465177e-06 1.137886e-02
727 7.205725e-04 3.801498e-01
728 4.638727e-06 1.253028e-02
729 7.417184e-06 1.329177e-02
730 1.865655e-05 1.678157e-02
731 1.048296e-05 6.030661e-03
732 1.097772e-05 6.688167e-03
733 1.164704e-05 9.634540e-03
734 1.863850e-05 1.350565e-02
735 3.901744e-05 9.985324e-03
736 1.449154e-05 1.932817e-02
737 1.683206e-03 1.750458e-01
738 1.254850e-04 4.501203e-02
739 2.630330e-05 9.494745e-03
740 2.799761e-05 1.041699e-02
741 2.323451e-05 8.341562e-03
742 2.363872e-04 3.788585e-02
743 7.263634e-05 1.272804e-02
744 1.658114e-04 2.013310e-02
745 6.925663e-05 2.889601e-02
746 7.947357e-06 9.028052e-03
747 2.731619e-05 9.870484e-03
748 9.937194e-07 5.965341e-03
749 8.642495e-06 2.800716e-02
750 8.500272e-05 4.908045e-02
751 9.141554e-07 8.142536e-03
752 2.477482e-06 1.121057e-02
753 9.611680e-04 1.938227e-01
754 2.166134e-05 1.722034e-02
755 6.881802e-05 4.398518e-02
756 1.166267e-06 1.073371e-02
757 1.830083e-04 7.665969e-02
758 9.773052e-07 5.399071e-03
759 5.604907e-05 2.175823e-02
760 5.387934e-04 1.490238e-01
761 4.369517e-04 1.029421e-01
762 3.550432e-06 9.651732e-03
763 8.439288e-06 1.126590e-02
764 1.292296e-05 1.014841e-02
765 1.092123e-03 3.106335e-01
766 1.415166e-03 5.030294e-01
767 1.506393e-03 2.003475e-01
768 8.591189e-04 3.108913e-01
769 4.939118e-06 1.110741e-02
770 9.875093e-07 4.997665e-03
771 9.685632e-07 4.846872e-03
772 8.525884e-07 4.701712e-03
773 7.251433e-04 1.151927e-01
774 2.416658e-06 6.420943e-03
775 5.340490e-06 1.103138e-02
776 1.514679e-06 5.625944e-03
777 1.554147e-06 1.019172e-02
778 8.677214e-04 9.746899e-02
779 8.821134e-07 8.913111e-03
780 1.580705e-06 6.167826e-03
781 1.215826e-07 5.339861e-03
782 1.701649e-07 2.395092e-03
783 2.139265e-07 3.583813e-03
784 8.926925e-06 1.809604e-02
785 2.164498e-05 1.063129e-02
786 7.506853e-06 7.364252e-03
787 2.775612e-06 9.216443e-03
788 5.812710e-07 1.143769e-02
789 3.488831e-07 8.386900e-03
790 1.127567e-04 8.664616e-02
791 1.705744e-06 4.171779e-03
792 2.429099e-07 1.029561e-02
793 2.540911e-05 1.126228e-02
794 2.462632e-04 2.145421e-01
795 2.567436e-05 1.464223e-02
796 6.422657e-07 5.914435e-03
797 2.244363e-05 8.902685e-02
798 8.117011e-07 7.298778e-03
799 1.969298e-04 6.497624e-02
800 1.274870e-05 1.747131e-02
801 3.888987e-06 1.051845e-02
802 2.155212e-04 1.041489e-01
803 1.179107e-03 3.505277e-01
804 1.838284e-06 1.058845e-02
805 8.568461e-05 4.087024e-02
806 1.879519e-04 1.173910e-01
807 4.897214e-05 4.759031e-02
808 6.715785e-07 5.897806e-03
809 1.684769e-06 2.365527e-02
810 2.903716e-08 2.323863e-03
811 1.209544e-05 1.527476e-02
812 2.553065e-07 4.253737e-03
813 7.135665e-05 3.400100e-02
814 4.899280e-06 1.336630e-02
815 7.776856e-06 1.562496e-02
816 8.830962e-04 2.134417e-01
817 1.404856e-04 9.108379e-02
818 1.704029e-06 9.952617e-03
819 1.484855e-05 1.244651e-02
820 6.413151e-06 3.669493e-02
821 1.772486e-05 3.982160e-02
822 9.396670e-06 3.283050e-02
823 4.994673e-05 1.139084e-01
824 2.347112e-03 4.835380e-01
825 3.543137e-03 3.965312e-01
826 4.292252e-04 3.208258e-01
827 4.329503e-04 9.334685e-02
828 2.305464e-03 5.557500e-01
829 1.737478e-03 4.365814e-01
830 3.476379e-05 9.548048e-03
831 1.318305e-06 4.662337e-03
832 3.975242e-06 5.071665e-03
833 1.212232e-05 1.060797e-02
834 1.242334e-05 6.037771e-03
835 2.788331e-06 6.578082e-03
836 4.746195e-06 4.680136e-03
837 1.041852e-05 8.956347e-03
838 1.424423e-05 6.457127e-03
839 1.219829e-06 4.937291e-03
840 5.434836e-05 1.615338e-02
841 3.995730e-06 7.005116e-03
842 3.657521e-06 8.410891e-03
843 2.308110e-06 9.712309e-03
844 1.582677e-05 1.919038e-02
845 1.906665e-04 2.917385e-02
846 2.883888e-04 5.192916e-02
847 9.772751e-06 7.554832e-03
848 9.273660e-06 1.319716e-02
849 1.221123e-04 4.222751e-02
850 1.117244e-06 6.051758e-03
851 2.399497e-05 6.360354e-02
852 2.936492e-07 6.344778e-03
853 3.922753e-05 1.341337e-02
854 9.406770e-07 5.799871e-03
855 2.597041e-05 1.555112e-02
856 1.900562e-08 1.481505e-03
857 7.400972e-08 1.299202e-03
858 1.493941e-07 2.043439e-03
859 2.317211e-08 1.498126e-03
860 3.011911e-04 8.769270e-02
861 3.330522e-06 6.782622e-03
862 1.395812e-07 1.581346e-03
863 2.652738e-07 1.534182e-03
864 1.408636e-08 1.392898e-03
865 4.148305e-07 1.562626e-03
866 4.420728e-07 2.055508e-03
867 9.907931e-07 1.687952e-03
868 1.322252e-08 1.362417e-03
869 5.596707e-08 1.625024e-03
870 5.624477e-08 1.529659e-03
871 7.644099e-09 1.393585e-03
872 5.658149e-08 1.876772e-03
873 4.622265e-08 1.414356e-03
874 1.097107e-07 1.399230e-03
875 2.067917e-04 5.909356e-02
876 2.808139e-08 1.443423e-03
877 1.261830e-07 1.451012e-03
878 2.211771e-07 1.894777e-03
879 1.923624e-08 1.351380e-03
880 4.505710e-08 1.368917e-03
881 7.796094e-09 1.397597e-03
882 2.113780e-07 1.812342e-03
883 2.158186e-06 1.739415e-03
884 1.127406e-07 1.465594e-03
885 2.128786e-07 1.560682e-03
886 1.294233e-05 6.274986e-03
887 1.256315e-05 7.730527e-03
888 8.601713e-07 1.141907e-02
889 1.368816e-04 5.313837e-02
890 3.747443e-06 1.950062e-02
891 1.220857e-04 8.055438e-02
892 8.883551e-05 1.066670e-01
893 3.422859e-06 5.476548e-03
894 9.458555e-07 3.519909e-03
895 7.934103e-06 7.600727e-03
896 7.333320e-06 1.408782e-02
897 2.521772e-03 4.061517e-01
898 1.511822e-05 1.806032e-02
899 1.342893e-04 7.024742e-02
900 8.529087e-06 7.541858e-03
901 1.768989e-05 5.358470e-03
902 8.626516e-06 8.584529e-03
903 1.342094e-06 6.073213e-03
904 2.003728e-04 9.729899e-02
905 1.913431e-05 1.890041e-02
906 4.149640e-05 4.622563e-02
907 3.083354e-03 4.966409e-01
908 1.665708e-07 2.754153e-03
909 1.075405e-06 3.066649e-03
910 7.540537e-08 1.572163e-03
911 5.278925e-06 5.862951e-03
912 3.098388e-06 4.966429e-03
913 6.618392e-08 1.716079e-03
914 3.352968e-07 4.884066e-03
915 2.953476e-06 3.388429e-03
916 2.451600e-04 7.962042e-02
917 2.214403e-07 2.116620e-03
918 8.590116e-08 1.777858e-03
919 1.437435e-08 1.392103e-03
920 7.331994e-07 2.476592e-03
921 6.516554e-09 1.059545e-03
922 1.467200e-07 1.412081e-03
923 3.064499e-04 3.731870e-02
924 4.850781e-05 1.447352e-02
925 4.529084e-08 1.056824e-03
926 7.601760e-05 1.115294e-02
927 9.602171e-08 1.319476e-03
928 1.193247e-06 3.833334e-03
929 5.684414e-06 9.506430e-03
930 4.179142e-07 3.620700e-03
931 5.940601e-07 3.716508e-03
932 8.609778e-09 1.484124e-03
933 9.684703e-07 1.772089e-03
934 2.016368e-05 9.656692e-03
935 6.749089e-07 1.792463e-03
936 2.977545e-07 1.183107e-03
937 2.625863e-06 2.687549e-03
938 4.084362e-07 1.768765e-03
939 4.240308e-06 3.153470e-03
940 8.574584e-06 5.460176e-03
941 7.277174e-06 5.026065e-03
942 1.659397e-07 1.616860e-03
943 2.263866e-06 2.036879e-03
944 9.338475e-06 4.047762e-03
945 2.083170e-07 2.248999e-03
946 9.060822e-06 5.669986e-03
947 5.142593e-06 3.074330e-02
948 6.616468e-07 6.838574e-03
949 5.580639e-07 1.050594e-02
950 9.488264e-08 7.904713e-03
951 2.541489e-07 1.589933e-02
952 2.097266e-06 1.514593e-02
953 1.349314e-06 8.918054e-03
954 8.219124e-08 3.080465e-03
955 9.794301e-06 3.569884e-02
956 3.250966e-08 3.052608e-03
957 1.709515e-07 8.400905e-03
958 1.090408e-07 6.796247e-03
959 9.983420e-06 4.591844e-02
960 7.321543e-07 1.901986e-02
961 1.212633e-06 9.716280e-03
962 2.183678e-06 1.254162e-02
963 9.493297e-08 3.838073e-03
964 2.261916e-05 3.881029e-02
965 9.002630e-08 5.404031e-03
966 9.531649e-06 1.038587e-01
967 1.738955e-05 5.494116e-02
968 1.138857e-06 4.677853e-03
969 8.520827e-07 8.047982e-03
970 1.626764e-06 1.666205e-02
971 2.236876e-07 3.068377e-03
972 1.495473e-06 7.309308e-03
973 3.548633e-07 9.393564e-03
974 7.622100e-08 3.273818e-03
975 9.197259e-07 6.747673e-03
976 8.316271e-04 1.024646e-01
977 3.817745e-06 6.374901e-03
978 3.970650e-05 8.766438e-03
979 2.675679e-07 2.767978e-03
980 2.637741e-08 1.223242e-03
981 7.923991e-07 4.031468e-03
982 5.409666e-06 7.417093e-03
983 1.633446e-06 3.520803e-03
984 6.254696e-06 8.055214e-03
985 2.335261e-06 3.598458e-03
986 1.078805e-06 3.483404e-03
987 1.410488e-07 1.256165e-03
988 3.598382e-07 2.425886e-03
989 4.809461e-06 6.286396e-03
990 1.569880e-06 3.539986e-03
991 3.216049e-06 6.088182e-03
992 3.254064e-07 2.238367e-03
993 3.885480e-07 2.387453e-03
994 1.329117e-07 2.130564e-03
995 8.238730e-07 2.924178e-03
996 4.348168e-07 3.025476e-03
997 7.325633e-05 3.739762e-02
998 8.400341e-06 4.436721e-03
999 3.177231e-06 3.731571e-03
1000 1.040949e-06 1.774442e-03
1001 1.818886e-07 1.559293e-03
1002 3.492937e-06 4.622020e-03
1003 2.137331e-07 1.763910e-03
1004 2.842268e-06 4.334612e-03
1005 4.422491e-07 2.875743e-03
1006 6.009638e-06 9.510313e-03
1007 1.849133e-07 2.908769e-03
1008 1.111461e-05 4.689351e-03
1009 1.745279e-07 4.048533e-03
1010 9.494567e-08 2.836061e-03
1011 1.620731e-07 3.664978e-03
1012 6.768176e-07 3.504472e-03
1013 5.690113e-08 2.059469e-03
1014 2.654851e-07 3.393369e-03
1015 4.362151e-08 2.128678e-03
1016 2.912813e-06 2.232048e-03
1017 2.835134e-07 1.674008e-03
1018 6.345108e-07 2.779937e-03
1019 1.109472e-07 4.383604e-03
1020 9.635858e-08 1.741110e-03
1021 7.280077e-06 4.706685e-03
1022 1.163103e-07 1.154710e-03
1023 1.238711e-06 1.826308e-03
1024 3.528734e-08 1.391519e-03
1025 4.801010e-07 2.238922e-03
1026 2.604449e-03 6.504557e-01
1027 1.285206e-04 8.154983e-02
1028 3.518758e-05 6.520219e-02
1029 3.059229e-04 6.540690e-02
1030 9.194610e-04 2.515793e-01
1031 1.007989e-03 3.495448e-01
1032 3.111437e-06 7.574878e-03
1033 1.839375e-05 1.667988e-02
1034 7.991976e-04 1.567581e-01
1035 3.552488e-06 4.167955e-03
1036 7.465621e-06 9.107261e-03
1037 3.976023e-05 2.256189e-02
1038 1.272557e-06 2.934673e-03
1039 2.502141e-05 1.362044e-02
1040 3.893167e-06 8.907052e-03
1041 9.957173e-07 2.524627e-02
1042 1.788779e-06 1.071089e-02
1043 1.939218e-05 1.439480e-02
1044 4.813733e-07 1.703355e-02
1045 7.615865e-07 7.439378e-03
1046 2.707934e-04 3.310498e-02
1047 1.596422e-04 1.064186e-01
1048 1.282220e-04 4.017193e-02
1049 2.171699e-06 8.597150e-03
1050 1.301513e-03 2.279024e-01
1051 1.111129e-03 1.345151e-01
1052 1.339936e-08 1.226294e-03
1053 4.858240e-08 1.819460e-03
1054 1.115992e-04 2.749436e-02
1055 1.100031e-08 1.555786e-03
1056 5.940666e-08 4.670607e-03
1057 2.391287e-08 2.136751e-03
1058 1.138494e-07 2.017994e-03
1059 3.269010e-09 1.031626e-03
1060 4.527367e-10 9.550516e-04
1061 9.254140e-07 2.857934e-03
1062 8.474171e-08 1.810662e-03
1063 3.199078e-07 3.790022e-03
1064 3.021054e-04 8.302903e-02
1065 7.521699e-06 1.538381e-02
1066 1.779337e-09 1.577740e-03
1067 2.885587e-10 1.439703e-03
1068 5.860685e-10 1.465189e-03
1069 2.532345e-09 1.613961e-03
1070 7.750069e-07 1.405142e-02
1071 8.975436e-07 5.226916e-03
1072 4.789385e-07 3.221908e-03
1073 3.625947e-06 1.887581e-02
1074 2.439665e-08 1.054224e-03
1075 1.524022e-05 2.536177e-02
1076 2.685389e-06 5.542625e-03
1077 1.190923e-05 1.429840e-02
1078 2.279981e-08 1.631990e-03
1079 2.907406e-07 5.794198e-03
1080 4.072794e-08 1.573386e-03
1081 1.773107e-09 1.460109e-03
1082 6.922371e-09 1.485297e-03
1083 4.623196e-08 1.825442e-03
1084 1.631135e-09 1.228337e-03
1085 2.935023e-07 4.307679e-03
1086 5.664693e-09 1.239693e-03
1087 8.151508e-09 1.369252e-03
1088 3.482035e-09 4.681091e-03
1089 2.362152e-09 1.234251e-03
1090 5.760713e-10 1.195554e-03
1091 2.482150e-09 1.228833e-03
1092 1.402404e-03 4.856196e-01
1093 1.077205e-06 1.873653e-02
1094 9.541661e-07 1.382008e-02
1095 1.087929e-07 1.690407e-03
1096 2.095144e-08 1.481106e-03
1097 2.585200e-07 4.821515e-03
1098 5.412610e-06 7.546311e-03
1099 4.268271e-07 3.242179e-03
1100 4.242725e-07 2.797640e-03
1101 1.719478e-05 4.519871e-03
1102 5.394455e-07 3.171064e-03
1103 2.845548e-07 2.745435e-03
1104 1.433301e-04 6.115513e-02
1105 7.873547e-08 1.528329e-03
1106 3.388343e-08 2.234835e-03
1107 1.191053e-07 3.126887e-03
1108 1.947478e-07 1.732616e-03
1109 9.405377e-08 2.021255e-03
1110 8.824905e-07 4.711800e-03
1111 6.126502e-08 3.954171e-03
1112 3.377073e-05 3.819862e-02
1113 7.356481e-06 1.693834e-02
1114 2.509670e-07 2.049909e-03
1115 6.931042e-05 2.942983e-02
1116 1.070110e-08 1.478832e-03
1117 7.522760e-08 1.608303e-03
1118 2.139513e-06 6.580604e-03
1119 3.947441e-05 2.241641e-02
1120 1.380168e-06 3.984769e-03
1121 3.251836e-06 6.696084e-03
1122 1.948414e-06 3.996248e-03
1123 4.672791e-07 2.449488e-03
1124 1.441454e-06 3.713753e-03
1125 3.092019e-06 4.390589e-03
1126 2.321328e-06 4.946393e-03
1127 9.662837e-07 3.835401e-03
1128 1.003348e-06 4.479478e-03
1129 2.676504e-06 3.180169e-03
1130 3.237472e-06 4.684233e-03
1131 1.163415e-04 4.223640e-02
1132 4.603806e-04 1.656280e-01
1133 1.394621e-05 4.274509e-02
1134 2.236060e-06 9.054236e-03
1135 1.375317e-06 2.259724e-03
1136 5.749944e-06 4.484844e-03
1137 2.201496e-06 5.325379e-03
1138 5.629127e-05 9.808832e-03
1139 1.544342e-06 5.188235e-03
1140 4.418386e-04 1.924035e-01
1141 1.082876e-04 2.790261e-02
1142 1.318528e-05 8.251885e-03
1143 2.569140e-06 6.639341e-03
1144 1.315554e-05 3.627435e-02
1145 1.224571e-06 9.140204e-03
1146 1.155579e-04 6.286949e-02
1147 3.134213e-05 4.126121e-02
1148 8.770893e-05 1.501934e-02
1149 2.418008e-05 1.015380e-02
1150 1.475429e-05 9.468225e-03
1151 4.597737e-05 1.252768e-02
1152 5.474668e-06 5.784260e-03
1153 3.148092e-06 4.604380e-03
1154 1.840477e-05 7.469284e-03
1155 2.076602e-04 1.372692e-02
1156 9.846493e-05 3.230069e-02
1157 1.330827e-04 4.822146e-02
1158 1.230928e-05 1.445399e-02
1159 5.539188e-04 1.328598e-01
1160 1.421403e-05 1.005543e-02
1161 6.513451e-06 6.949918e-03
1162 6.361438e-05 4.092909e-02
1163 8.398937e-04 1.793174e-01
1164 5.432676e-05 1.965234e-02
1165 6.919875e-05 1.145583e-02
1166 8.413372e-05 3.922516e-02
1167 3.629073e-05 3.191501e-02
1168 8.588151e-05 1.835372e-02
1169 8.095818e-05 3.648030e-02
1170 5.799796e-05 3.031248e-02
1171 5.883021e-06 8.097315e-03
1172 3.205715e-05 2.328728e-02
1173 1.492505e-03 1.866297e-01
1174 1.833225e-03 1.081019e-01
1175 3.818127e-05 3.521515e-02
1176 4.098111e-03 1.444394e+00
1177 5.121751e-07 3.082243e-03
1178 7.738525e-05 2.288143e-02
1179 2.076452e-05 2.252765e-02
1180 8.298632e-04 4.427472e-02
1181 9.920515e-05 1.871883e-02
1182 2.050527e-04 3.861209e-02
1183 2.746224e-05 2.411038e-02
1184 2.731722e-04 7.373627e-02
1185 5.741139e-04 1.342542e-01
1186 4.669747e-05 2.018692e-02
1187 1.037573e-05 8.881510e-03
1188 4.944729e-06 1.007029e-02
1189 1.148451e-04 2.815975e-02
1190 1.127197e-03 1.367408e-01
1191 2.126009e-04 2.645914e-02
1192 3.534373e-04 7.453510e-02
1193 1.156366e-04 3.179697e-02
1194 5.853671e-04 1.579676e-01
1195 1.584798e-04 5.317547e-02
1196 8.919985e-04 1.014118e-01
1197 2.376877e-04 2.989696e-02
1198 2.263243e-05 2.646874e-02
1199 1.997337e-04 4.260870e-02
1200 9.050865e-04 1.408191e-01
1201 9.766198e-06 2.679681e-02
1202 2.796272e-05 1.501866e-02
1203 6.942922e-05 3.846457e-02
1204 2.435653e-04 6.114282e-02
1205 4.121920e-07 4.842230e-03
1206 1.197138e-05 1.653297e-02
1207 4.689025e-07 3.618010e-03
1208 4.144837e-04 7.791914e-02
1209 3.586231e-06 8.714039e-03
1210 4.682233e-07 8.327630e-03
1211 6.172973e-07 3.554819e-03
1212 1.073503e-05 4.748862e-03
1213 2.924737e-06 7.350259e-03
1214 6.964269e-06 8.600310e-03
1215 2.695222e-05 3.406206e-02
1216 8.965881e-08 4.239865e-03
1217 1.018797e-03 2.130151e-01
1218 2.990399e-06 6.436623e-03
1219 1.662982e-07 1.274821e-03
1220 1.824067e-07 3.386609e-03
1221 2.046366e-05 7.422867e-03
1222 1.030806e-03 1.661814e-01
1223 1.335383e-07 2.041460e-03
1224 4.634866e-07 2.123736e-03
1225 1.337468e-04 4.888521e-02
1226 7.930479e-08 2.307967e-03
1227 6.160780e-04 3.190282e-01
1228 3.470681e-05 9.023610e-03
1229 2.003381e-08 1.267933e-03
1230 7.712042e-07 2.541871e-03
1231 1.244718e-06 1.728943e-03
1232 3.596792e-08 2.019167e-03
1233 5.861111e-08 2.237713e-03
1234 4.047318e-06 3.844201e-03
1235 1.020522e-07 2.538858e-03
1236 5.948936e-07 2.856480e-03
1237 1.375427e-06 3.170451e-03
1238 1.538594e-06 3.795580e-03
1239 2.279560e-07 2.308032e-03
1240 2.296449e-03 6.993798e-01
1241 3.682577e-06 4.766259e-03
1242 2.974625e-06 3.144363e-03
1243 3.699452e-06 3.992705e-03
1244 2.019725e-06 3.738493e-03
1245 5.815717e-07 2.746673e-03
1246 9.639422e-07 2.661400e-03
1247 7.628108e-05 1.421034e-02
1248 1.622276e-04 4.239787e-02
1249 1.146019e-05 1.069137e-02
1250 4.562992e-05 1.795428e-02
1251 3.233613e-05 1.766011e-02
1252 7.885453e-06 1.670082e-02
1253 7.358795e-06 1.493610e-02
1254 1.528534e-06 8.158122e-03
1255 1.743250e-03 2.948990e-01
1256 1.965351e-05 7.566234e-03
1257 2.618829e-03 8.282397e-01
1258 7.816156e-05 7.047157e-02
1259 9.385859e-04 1.882013e-01
1260 1.636578e-04 2.085007e-02
1261 4.262915e-08 1.845019e-03
1262 1.148227e-03 1.138429e-01
1263 9.823495e-06 5.227912e-03
1264 3.770554e-04 4.350090e-02
1265 1.344178e-06 3.028938e-03
1266 2.089866e-06 6.852565e-03
1267 3.181433e-08 1.939653e-03
1268 1.076799e-05 5.776032e-03
1269 6.510682e-05 5.869218e-02
1270 4.625820e-04 4.488185e-02
1271 1.014237e-05 1.060188e-02
1272 1.729501e-06 3.220622e-03
1273 2.040565e-05 6.139586e-03
1274 5.193917e-05 2.030959e-02
1275 5.121745e-04 6.328528e-02
1276 5.533158e-04 9.116360e-02
1277 3.840389e-04 1.155667e-01
1278 1.320719e-03 1.190234e-01
1279 1.467371e-05 5.130731e-03
1280 2.925157e-06 7.337375e-03
1281 6.342414e-07 8.515487e-03
1282 2.628088e-06 1.530803e-02
1283 2.236629e-05 1.235398e-02
1284 9.594408e-04 2.076023e-01
1285 1.187553e-04 2.805580e-02
1286 2.931973e-04 9.535250e-02
1287 2.397424e-06 7.122362e-03
1288 2.759269e-04 1.158335e-01
1289 1.580581e-04 1.298882e-01
1290 2.679699e-07 1.819815e-03
1291 1.215734e-04 6.953893e-02
1292 9.922806e-05 1.414679e-02
1293 5.754003e-04 1.990792e-01
1294 3.889075e-07 2.363901e-03
1295 2.725692e-05 1.642851e-02
1296 1.945199e-05 1.662337e-02
1297 2.582486e-03 2.592871e-01
1298 2.084545e-04 1.754604e-01
1299 7.276496e-05 1.872008e-02
1300 1.964024e-03 2.991990e-01
1301 6.929419e-06 3.857321e-03
1302 3.990151e-07 3.646030e-03
1303 1.004854e-04 2.091851e-02
1304 1.617419e-04 3.463075e-02
1305 3.948092e-04 4.032202e-02
1306 1.118993e-04 1.693821e-02
1307 7.581209e-04 4.990969e-02
1308 1.981025e-06 9.873901e-03
1309 1.229895e-03 1.431814e-01
1310 8.125424e-04 2.891333e-01
1311 6.451275e-04 1.181596e-01
1312 1.526273e-03 6.226336e-01
1313 1.097917e-05 4.636973e-03
1314 2.084856e-04 3.289249e-02
1315 1.464266e-07 5.990194e-03
1316 6.544540e-08 4.989180e-03
1317 1.566957e-07 3.428601e-03
1318 4.997764e-07 1.986142e-03
1319 7.291128e-08 2.516276e-03
1320 8.038656e-07 4.417241e-03
1321 4.093615e-07 4.101159e-03
1322 1.594663e-08 1.539655e-03
1323 6.700634e-06 1.465011e-02
1324 5.825563e-06 2.926447e-03
1325 1.675387e-06 6.701506e-03
1326 1.898671e-06 8.047374e-03
1327 1.463614e-05 9.753615e-03
1328 1.874333e-05 6.430943e-03
1329 1.946489e-09 2.764830e-03
1330 3.561607e-06 9.495207e-03
1331 4.656465e-04 1.428383e-01
1332 2.244569e-04 2.005043e-01
1333 1.386240e-05 3.184789e-02
1334 9.833733e-07 2.096926e-02
1335 2.778986e-05 1.745886e-02
1336 8.423696e-06 9.400488e-03
1337 2.943450e-06 4.264373e-03
1338 8.041629e-05 2.103000e-02
1339 9.658642e-06 2.824742e-02
1340 2.579532e-06 1.001628e-02
1341 5.763740e-06 7.436778e-03
1342 7.983050e-08 1.649640e-03
1343 1.669037e-03 3.116500e-01
1344 1.909713e-06 5.128536e-03
1345 5.006744e-04 2.142701e-01
1346 1.380878e-04 3.895859e-02
1347 3.456427e-04 7.232803e-02
1348 5.310810e-05 2.037698e-02
1349 1.131051e-05 1.292414e-02
1350 3.229920e-03 3.856148e-01
1351 6.483235e-04 2.339692e-01
1352 9.051197e-04 2.232544e-01
1353 7.880808e-08 3.318767e-03
1354 5.598256e-07 3.091390e-03
1355 1.378130e-05 3.599283e-02
1356 5.650892e-07 4.486572e-03
1357 6.773359e-07 5.372187e-03
1358 1.952755e-03 2.443844e-01
1359 6.543674e-06 2.539375e-02
1360 1.099205e-05 3.914847e-03
1361 2.581116e-05 1.173145e-02
1362 1.759329e-06 3.301629e-03
1363 4.428885e-08 1.347533e-03
1364 1.081138e-07 1.283677e-03
1365 2.570084e-08 1.903763e-03
1366 6.826033e-07 7.074812e-03
1367 2.576847e-05 3.391993e-02
1368 1.317752e-06 3.251007e-03
1369 1.452233e-07 2.306206e-03
1370 8.232533e-08 1.149080e-03
1371 3.342949e-06 2.120252e-03
1372 3.385426e-07 1.217692e-03
1373 2.648019e-07 2.026983e-03
1374 2.476369e-05 8.055614e-03
1375 6.518403e-04 1.141833e-01
1376 2.081454e-04 1.367183e-02
1377 1.529691e-04 4.238226e-02
1378 5.367303e-06 1.124259e-02
1379 6.470395e-04 6.495031e-02
1380 9.524793e-05 3.956156e-02
1381 7.509182e-07 2.245261e-02
1382 3.179161e-07 2.249463e-03
1383 9.938121e-06 6.461948e-03
1384 2.387941e-03 2.785060e-01
1385 2.606687e-04 2.973273e-02
1386 6.706371e-04 1.154016e-01
1387 3.859500e-03 3.171904e-01
1388 1.989611e-03 3.094841e-01
1389 2.477130e-05 6.838796e-03
1390 4.286396e-04 1.078596e-01
1391 1.893906e-05 1.573202e-02
1392 2.508051e-06 1.592134e-02
1393 9.864589e-07 2.902994e-03
1394 4.144844e-06 1.062668e-02
1395 2.477332e-05 4.019236e-02
1396 1.388359e-06 4.996429e-03
1397 9.496844e-06 4.243396e-03
1398 1.466659e-03 2.891989e-01
1399 7.080786e-05 1.557529e-02
1400 1.302295e-05 8.039870e-03
1401 1.524205e-04 4.562636e-02
1402 2.827076e-06 3.939295e-03
1403 9.066903e-06 2.969859e-03
1404 5.415571e-05 3.454988e-02
1405 7.349565e-07 2.170442e-03
1406 7.290613e-05 1.136463e-02
1407 2.850753e-06 2.616831e-03
1408 2.146493e-07 2.394363e-03
1409 2.003376e-04 2.332876e-02
1410 9.832872e-04 9.679004e-02
1411 5.066449e-05 1.549283e-01
1412 6.088380e-04 1.575827e-01
1413 7.460603e-07 2.412903e-03
1414 1.337851e-03 4.619851e-01
1415 2.851155e-07 3.212016e-03
1416 3.405135e-06 4.129488e-03
1417 1.268910e-05 3.075652e-03
1418 1.428525e-06 3.693047e-03
1419 4.336052e-04 5.741135e-02
1420 2.211670e-03 2.024666e-01
1421 1.912896e-04 1.164191e-01
1422 2.740323e-04 4.592790e-02
1423 1.901649e-03 2.568683e-01
1424 8.797894e-07 9.834980e-03
1425 3.255691e-03 6.138173e-01
1426 1.204309e-03 3.432054e-01
1427 7.223201e-05 3.930890e-02
1428 1.093642e-04 9.122505e-03
1429 1.387128e-05 9.973381e-03
1430 1.660690e-05 4.227560e-02
1431 4.329674e-05 3.772509e-02
1432 3.715892e-04 3.808833e-02
1433 3.442752e-07 7.778910e-03
1434 1.086983e-06 3.254308e-02
1435 9.438787e-05 4.561342e-02
1436 1.147077e-03 2.445176e-01
1437 1.052363e-06 4.654938e-03
1438 1.794397e-05 7.055880e-03
1439 2.189221e-03 6.806069e-01
1440 1.570939e-04 3.739654e-02
1441 8.942534e-04 3.195395e-01
1442 6.967214e-08 2.164264e-03
1443 1.472426e-04 5.191412e-02
1444 2.865405e-05 3.497162e-02
1445 9.583652e-05 4.354657e-02
1446 4.907374e-06 6.237159e-03
1447 9.010041e-05 1.196608e-02
1448 3.146272e-06 9.729627e-03
1449 1.555137e-04 8.807152e-02
1450 7.244020e-04 1.051918e-01
1451 3.717127e-07 1.799155e-03
1452 1.329217e-05 1.386701e-02
1453 3.902054e-07 1.943890e-03
1454 4.971665e-07 1.283769e-02
1455 1.818728e-08 4.417471e-03
1456 2.429477e-06 8.061097e-03
1457 4.467749e-07 5.398639e-03
1458 9.343698e-08 2.870871e-03
1459 2.095229e-05 6.667072e-03
1460 3.641319e-08 4.499668e-03
1461 2.987754e-07 7.662515e-03
1462 2.744176e-06 8.472211e-03
1463 1.002413e-04 2.897185e-02
1464 1.637975e-03 5.144751e-01
1465 8.333466e-04 3.196386e-01
1466 1.008014e-03 2.575921e-01
1467 8.238632e-05 2.856488e-02
1468 2.557423e-03 4.291484e-01
1469 4.703052e-04 2.714132e-01
1470 3.102449e-05 2.667723e-02
1471 8.150862e-06 1.406752e-02
1472 2.310545e-04 7.763871e-02
1473 5.416892e-08 2.955837e-03
1474 2.137901e-07 1.250376e-02
1475 2.941612e-07 4.517577e-03
1476 9.253868e-06 5.370417e-03
1477 7.224286e-04 1.566727e-01
1478 5.336879e-05 2.513566e-02
1479 2.712169e-04 6.843944e-02
1480 4.082333e-04 1.087327e-01
1481 8.679031e-06 3.325365e-02
1482 7.526141e-05 6.031316e-02
1483 4.415321e-05 9.623920e-03
1484 8.482958e-06 6.558101e-03
1485 1.839556e-05 6.288519e-03
1486 9.099807e-04 1.390743e-01
1487 2.715330e-05 1.102995e-02
1488 1.857091e-04 2.603708e-02
1489 1.860437e-05 4.437892e-03
1490 2.412614e-05 4.995027e-03
1491 1.179928e-03 1.290637e-01
1492 9.019055e-05 1.687967e-02
1493 1.453505e-05 5.087677e-03
1494 1.661277e-05 1.947287e-02
1495 2.251474e-03 2.254222e-01
1496 2.033714e-05 6.077294e-03
1497 2.133029e-04 8.942158e-02
1498 1.297784e-03 4.046498e-01
1499 2.575389e-04 2.259819e-02
1500 4.444642e-06 1.004145e-02
1501 8.840786e-05 6.977070e-02
1502 3.992780e-04 1.002290e-01
1503 1.055417e-04 2.383431e-02
1504 1.380095e-03 4.565186e-01
1505 3.518026e-05 6.817845e-02
1506 5.535679e-07 1.662109e-03
1507 4.780491e-04 1.194446e-01
1508 9.835579e-04 7.113818e-01
1509 2.967968e-06 4.058591e-03
1510 3.666190e-06 3.618641e-03
1511 6.112088e-04 1.130723e-01
1512 1.140854e-07 1.050024e-03
1513 8.507432e-06 1.710267e-02
1514 3.346979e-07 5.206957e-03
1515 4.760421e-06 9.628351e-03
1516 2.401317e-04 9.052429e-02
1517 5.825794e-05 1.536746e-02
1518 1.551073e-04 8.048000e-02
1519 3.105349e-08 1.806217e-03
1520 1.136297e-04 6.327721e-02
1521 1.124928e-06 2.422562e-03
1522 6.644206e-07 4.706337e-03
1523 8.062848e-06 5.421161e-03
1524 2.856994e-03 2.020931e-01
1525 3.187745e-04 2.919017e-02
1526 2.265509e-05 2.288042e-02
1527 1.861822e-04 3.233233e-02
1528 1.075414e-05 6.949761e-03
1529 6.989864e-05 1.852603e-02
1530 1.004697e-05 6.640153e-03
1531 1.266714e-04 7.768174e-02
1532 7.148838e-05 1.527166e-02
1533 8.870242e-05 1.018025e-01
1534 1.992474e-03 2.429264e-01
1535 1.008047e-03 3.715130e-01
1536 5.234463e-04 2.697210e-01
1537 2.144497e-06 8.311081e-03
1538 1.227331e-03 3.319045e-01
1539 5.854533e-06 2.499904e-02
1540 1.982841e-06 4.655201e-02
1541 2.038884e-04 1.985975e-01
1542 2.197250e-03 7.413808e-01
1543 3.913829e-07 5.566582e-03
1544 6.459364e-06 1.644013e-02
1545 9.046099e-08 3.639837e-03
1546 5.004626e-04 8.607714e-02
1547 5.282376e-05 3.564512e-02
1548 2.722458e-06 3.954882e-02
1549 6.376910e-08 2.622044e-03
1550 3.861211e-05 2.621529e-02
1551 7.355507e-06 1.600725e-02
1552 3.574089e-08 1.268468e-03
1553 2.419965e-07 3.191145e-03
1554 1.007539e-03 2.451223e-01
1555 1.347518e-03 1.706991e-01
1556 9.622616e-05 3.815515e-02
1557 8.655222e-04 1.942906e-01
1558 6.949395e-04 2.671813e-01
1559 3.978382e-03 2.147412e-01
1560 5.241630e-06 4.836059e-03
1561 1.388451e-04 3.997444e-02
1562 9.053720e-06 1.327070e-02
1563 2.370921e-04 2.432924e-02
1564 4.526092e-06 7.897315e-03
1565 5.891654e-04 6.091473e-02
1566 1.629237e-04 1.971838e-02
1567 1.370981e-05 6.680627e-03
1568 9.494109e-05 7.790760e-03
1569 1.882573e-04 2.103229e-02
1570 2.608274e-04 3.869789e-02
1571 2.260890e-04 5.483632e-02
1572 7.968551e-08 1.947419e-03
1573 2.197865e-04 1.155353e-01
1574 2.130687e-06 5.499607e-03
1575 3.255401e-05 2.151169e-02
1576 6.499661e-06 1.463368e-02
1577 1.245062e-03 3.073634e-01
1578 4.077166e-07 6.599011e-03
1579 1.120678e-05 2.097765e-02
1580 4.387896e-08 2.501894e-03
1581 2.232426e-05 4.553095e-03
1582 1.989976e-06 6.124002e-03
1583 2.976700e-04 7.478476e-02
1584 9.063428e-06 6.954626e-03
1585 1.946736e-03 3.856586e-01
1586 2.348029e-03 3.487680e-01
1587 2.432933e-04 1.248896e-01
1588 5.179966e-04 7.963988e-02
1589 5.961381e-04 1.754268e-01
1590 1.521065e-03 2.194021e-01
1591 2.897520e-05 5.687790e-02
1592 2.533091e-05 3.122907e-02
1593 1.452350e-04 1.081942e-01
1594 6.659970e-05 4.206221e-02
1595 8.657045e-06 1.683458e-02
1596 3.565700e-05 2.472555e-02
1597 3.856730e-05 2.916331e-02
1598 1.920686e-04 1.058931e-01
1599 6.105954e-06 3.477986e-03
1600 1.222932e-03 1.229114e-01
1601 5.470300e-07 1.423440e-03
1602 1.618228e-03 3.810950e-01
1603 1.195855e-06 2.552687e-03
1604 1.392275e-08 2.524189e-03
1605 3.633974e-04 4.789000e-02
1606 2.270670e-09 2.940458e-03
1607 3.509601e-07 1.972036e-03
1608 8.461051e-07 1.995247e-03
1609 3.271024e-04 4.002082e-02
1610 2.062139e-04 8.084545e-02
1611 1.927078e-09 1.884539e-03
1612 1.216629e-07 2.238384e-03
1613 4.090079e-06 3.187838e-03
1614 2.464105e-06 5.218145e-03
1615 7.177447e-04 1.087091e-01
1616 2.460751e-04 8.381247e-02
1617 5.765213e-04 1.236843e-01
1618 9.935145e-05 3.747319e-02
1619 9.488029e-04 4.416741e-01
1620 4.537791e-06 1.064765e-02
1621 3.391924e-04 1.201985e-01
1622 4.950387e-06 5.595005e-03
1623 4.522798e-05 5.020681e-02
1624 6.751827e-07 5.263357e-03
1625 2.671066e-07 1.689457e-03
1626 9.437349e-07 9.813034e-03
1627 5.475105e-06 6.559598e-03
1628 3.603964e-08 1.989089e-03
1629 1.569384e-04 6.475667e-02
1630 4.718403e-08 1.721485e-03
1631 6.795397e-06 1.173764e-02
1632 1.686631e-06 1.009946e-02
1633 8.039016e-05 3.834923e-02
1634 1.290287e-03 4.844281e-01
1635 1.415290e-03 2.090553e-01
1636 4.637221e-03 9.508037e-01
1637 2.448215e-04 1.209480e-01
1638 1.232536e-04 2.310162e-02
1639 2.149305e-03 6.293728e-01
1640 1.293446e-04 1.200689e-01
1641 1.465210e-03 3.068646e-01
1642 2.486355e-05 4.599046e-02
1643 1.356299e-04 4.802704e-02
1644 1.738675e-04 1.128291e-01
1645 5.605822e-07 1.638977e-03
1646 2.083212e-04 1.284300e-02
1647 1.387841e-04 2.591272e-01
1648 7.567184e-06 6.074406e-03
1649 8.470933e-05 2.556619e-02
1650 1.460855e-03 2.899231e-01
1651 2.302092e-06 2.189444e-03
1652 1.997551e-03 3.560184e-01
1653 4.436820e-03 4.894592e-01
1654 2.007349e-07 2.786100e-03
1655 1.611434e-05 6.918527e-03
1656 2.049821e-07 3.782837e-03
1657 4.226638e-08 1.268932e-03
1658 3.050890e-06 3.348666e-03
1659 2.773235e-05 1.030665e-02
1660 6.290612e-09 2.013264e-03
1661 1.179600e-04 8.016099e-02
1662 4.409657e-07 8.336350e-03
1663 5.574649e-04 3.545862e-02
1664 1.525337e-07 7.009017e-03
1665 2.871135e-04 2.720433e-02
1666 4.891743e-04 7.212320e-02
1667 1.294810e-04 5.493721e-02
1668 7.937743e-06 2.717245e-03
1669 1.518130e-05 5.584443e-03
1670 1.091499e-05 1.090559e-02
1671 9.635229e-07 4.654251e-03
1672 2.342304e-05 3.105047e-02
1673 1.705366e-04 5.757821e-02
1674 7.672987e-06 2.980295e-03
1675 5.785635e-05 1.134951e-02
1676 7.820223e-07 1.468050e-03
1677 3.647086e-05 1.398900e-02
1678 7.979793e-04 2.660979e-01
1679 3.101629e-06 1.368524e-02
1680 1.651610e-05 1.662618e-02
1681 3.873825e-04 5.895014e-02
1682 2.718304e-06 8.219136e-03
1683 9.672535e-07 1.420186e-02
1684 6.043771e-06 6.882117e-03
1685 4.915973e-09 2.228174e-03
1686 1.993053e-04 3.608534e-02
1687 1.413036e-04 1.539576e-02
1688 2.454091e-08 1.175565e-03
1689 2.239333e-05 4.430664e-02
1690 4.468537e-06 1.075790e-02
1691 5.682359e-05 6.030236e-02
1692 1.779841e-03 5.238625e-01
1693 3.151696e-03 4.076223e-01
1694 5.608145e-04 7.791562e-02
1695 1.563966e-05 8.834412e-03
1696 3.431153e-06 2.962455e-03
1697 2.702264e-07 6.219339e-03
1698 1.259709e-04 5.647050e-02
1699 4.658799e-06 1.709223e-02
1700 1.103698e-04 1.104320e-02
1701 5.346430e-06 1.027734e-02
1702 1.207648e-06 6.170685e-03
1703 1.724639e-05 1.438603e-02
1704 3.537628e-06 6.973548e-03
1705 5.355696e-04 3.027011e-01
1706 1.008469e-04 4.908304e-02
1707 5.620857e-06 3.227554e-03
1708 3.625695e-09 2.065995e-03
1709 5.585475e-08 5.399182e-03
1710 1.866875e-08 1.419533e-03
1711 3.526195e-06 1.059013e-02
1712 1.546626e-06 5.487598e-03
1713 2.563880e-07 4.440891e-03
1714 1.251479e-06 6.048819e-03
1715 8.187169e-07 4.468782e-03
1716 3.829787e-07 6.148106e-03
1717 1.733031e-08 2.195982e-03
1718 1.075323e-06 1.820778e-02
1719 3.323489e-10 1.983117e-03
1720 1.025682e-06 4.633921e-03
1721 4.575608e-08 1.540931e-03
1722 2.695109e-05 1.216016e-02
1723 5.883121e-09 1.305538e-03
1724 6.113507e-09 1.415852e-03
1725 1.104900e-07 1.927928e-03
1726 9.974375e-06 3.631664e-02
1727 6.509823e-07 1.034728e-02
1728 8.115470e-08 2.567070e-03
1729 3.767448e-05 1.145532e-02
1730 2.547742e-07 4.514471e-03
1731 1.204661e-06 3.987380e-03
1732 8.686536e-05 6.161100e-02
1733 3.298623e-04 2.213901e-01
1734 1.097674e-03 2.681281e-01
1735 4.474260e-05 7.322530e-02
1736 2.811027e-07 7.897491e-03
1737 1.351733e-05 8.812421e-03
1738 1.556430e-04 2.121826e-01
1739 7.290950e-04 1.650246e-01
1740 6.555580e-06 2.348650e-02
1741 2.206545e-09 1.330402e-03
1742 1.772975e-07 1.692759e-03
1743 6.041438e-07 4.103539e-03
1744 3.932273e-08 2.071741e-03
1745 4.127989e-08 2.242366e-03
1746 9.243574e-07 8.534462e-03
1747 7.137261e-06 2.318009e-02
1748 1.224474e-05 9.240220e-03
1749 1.648663e-06 6.849158e-03
1750 7.441882e-07 8.696128e-03
1751 1.521609e-07 4.089204e-03
1752 5.136194e-07 7.616487e-03
1753 2.034937e-04 9.374469e-02
1754 1.698568e-03 3.233536e-01
1755 2.196203e-03 2.927252e-01
1756 4.265338e-06 1.942916e-02
1757 9.198771e-05 6.577963e-02
1758 1.291802e-03 5.105124e-01
1759 2.169156e-04 1.376870e-01
1760 1.527971e-03 1.684579e-01
1761 1.197431e-03 5.189437e-01
1762 2.757654e-03 5.430551e-01
1763 7.622407e-04 1.753935e-01
1764 4.629453e-05 2.199642e-02
1765 1.269249e-04 3.804413e-02
1766 4.030032e-04 2.252353e-01
1767 1.259498e-04 3.666684e-02
1768 3.223824e-05 3.210122e-02
1769 5.068070e-04 1.341705e-01
1770 4.432738e-04 8.728403e-02
1771 1.800776e-04 1.107440e-01
1772 5.323615e-07 4.405197e-03
1773 6.225141e-03 1.374928e+00
1774 5.469116e-04 2.601448e-01
1775 2.291033e-03 8.700781e-01
1776 7.168707e-04 1.480090e-01
1777 3.785522e-05 5.565358e-02
1778 1.966061e-03 4.975795e-01
1779 1.282535e-04 7.517024e-02
1780 5.596294e-05 5.896038e-02
1781 4.026829e-05 3.049616e-02
1782 4.880355e-05 3.226161e-02
1783 2.017812e-03 3.665189e-01
1784 7.690909e-05 6.965175e-02
1785 1.006868e-04 1.003060e-01
1786 1.496401e-04 1.380667e-02
1787 4.552009e-04 4.486115e-02
1788 8.643008e-04 2.560899e-01
1789 3.194860e-04 1.222704e-01
1790 2.366775e-05 1.774396e-02
1791 8.945232e-05 1.532075e-01
1792 5.511338e-04 1.741107e-01
1793 6.238639e-05 5.626776e-02
1794 2.574987e-05 1.940754e-02
1795 9.781716e-05 3.174777e-02
1796 1.872790e-04 9.169208e-02
1797 1.207240e-04 9.705821e-02
1798 6.274949e-05 4.766453e-02
1799 4.879275e-06 1.569506e-02
1800 7.378961e-04 1.679141e-01
1801 1.245572e-04 3.844382e-02
1802 4.406350e-03 3.151184e-01
1803 1.862798e-03 1.606147e-01
1804 9.726104e-04 1.553898e-01
1805 3.682465e-04 5.184693e-02
1806 7.595385e-05 5.963179e-02
1807 7.555573e-05 2.198336e-02
1808 5.344482e-04 1.577701e-01
1809 1.716974e-05 2.267691e-02
1810 1.805572e-06 9.222608e-03
1811 1.941127e-05 1.261982e-02
1812 1.866618e-05 1.861742e-02
1813 5.196877e-06 9.485523e-03
1814 3.535274e-07 2.084172e-02
1815 2.590621e-05 7.070884e-02
1816 1.756318e-05 2.787265e-02
1817 1.141156e-04 6.019871e-02
1818 6.276605e-06 4.617683e-02
1819 1.211372e-03 3.443962e-01
1820 3.715600e-04 1.227109e-01
1821 1.127584e-04 2.057201e-02
1822 9.343751e-06 1.906376e-02
1823 6.800891e-06 4.790762e-02
1824 5.207640e-05 3.217263e-02
1825 5.008333e-04 2.538084e-01
1826 1.582008e-04 5.294124e-02
1827 4.375720e-06 1.188679e-02
1828 6.960020e-06 1.667755e-02
1829 1.251054e-05 1.555346e-02
1830 3.735197e-03 6.795679e-01
1831 1.989687e-06 9.213448e-03
1832 6.008758e-05 3.553962e-02
1833 1.781630e-07 1.111433e-02
1834 2.635422e-05 1.807959e-02
1835 1.072560e-07 8.513843e-03
1836 3.232123e-06 6.204894e-03
1837 4.505606e-04 6.424039e-02
1838 4.310035e-05 2.986428e-02
1839 1.527706e-05 4.482574e-02
1840 7.547648e-05 7.464037e-02
1841 5.829388e-05 3.980048e-02
1842 8.053636e-06 2.117417e-02
1843 1.755811e-05 1.692651e-02
1844 1.330857e-05 2.012417e-02
1845 4.830003e-05 1.593032e-02
1846 5.775258e-07 7.226019e-03
1847 2.512849e-05 1.250048e-02
1848 2.673398e-06 1.255310e-02
1849 1.806840e-06 1.500245e-02
1850 5.500419e-07 9.862521e-03
1851 5.436727e-07 5.668593e-03
1852 1.470707e-06 4.740406e-03
1853 1.244317e-06 4.374739e-03
1854 2.219711e-04 6.657132e-02
1855 1.031940e-05 2.788689e-02
1856 2.095987e-04 8.501105e-02
1857 8.835321e-04 9.230830e-02
1858 1.831779e-04 6.054995e-02
1859 2.327321e-06 5.427150e-03
1860 1.213224e-04 7.890290e-02
1861 6.025714e-08 7.873562e-03
1862 9.952842e-07 9.520619e-03
1863 6.697552e-06 2.586663e-02
1864 4.559492e-04 1.233243e-01
1865 8.842908e-05 5.581607e-02
1866 1.408632e-05 4.598823e-02
1867 2.044469e-06 1.162403e-02
1868 4.687349e-07 9.823590e-03
1869 9.838876e-07 6.705371e-03
1870 3.425286e-06 1.543107e-02
1871 1.615167e-03 2.000424e-01
1872 1.002926e-03 2.118251e-01
1873 2.723801e-05 1.633978e-02
1874 9.342371e-05 7.420206e-02
1875 4.555638e-04 9.466469e-02
1876 1.911806e-05 6.797056e-03
1877 9.851975e-05 2.372420e-02
1878 8.331803e-06 7.513862e-03
1879 8.396182e-05 3.304617e-02
1880 3.907448e-05 1.682881e-02
1881 2.739262e-04 2.528219e-01
1882 1.323531e-05 6.403473e-02
1883 6.988920e-06 4.390138e-02
1884 4.479933e-05 7.790894e-02
1885 3.099320e-05 3.348256e-02
1886 4.396897e-04 8.424808e-02
1887 3.892594e-06 8.075013e-03
1888 1.097283e-06 1.610862e-02
1889 9.909452e-08 7.977651e-03
1890 2.743541e-08 5.476853e-03
1891 6.351427e-07 5.550933e-03
1892 5.238406e-07 5.937394e-03
1893 9.838534e-08 2.192166e-02
1894 3.086434e-05 5.607103e-02
1895 3.392217e-05 2.362598e-02
1896 1.117836e-07 5.003907e-03
1897 1.099983e-07 3.669635e-03
1898 6.904560e-07 3.739664e-03
1899 5.839878e-06 1.760358e-02
1900 1.320153e-05 2.107708e-02
1901 9.689538e-09 1.743044e-03
1902 8.138937e-04 1.968527e-01
1903 9.997620e-04 3.313968e-01
1904 6.969419e-05 2.483810e-02
1905 7.338889e-04 8.576312e-02
1906 2.422449e-03 5.574908e-01
1907 3.314213e-07 7.387314e-03
1908 7.825776e-07 8.106396e-03
1909 3.284319e-07 5.425139e-03
1910 3.580711e-05 3.162182e-02
1911 4.110510e-07 1.192238e-02
1912 1.807328e-04 5.564019e-02
1913 2.577702e-05 6.677134e-02
1914 4.071933e-04 8.431813e-02
1915 1.292239e-03 6.605537e-01
1916 1.885900e-03 1.581148e-01
1917 3.198231e-04 1.741330e-01
1918 1.027085e-03 1.224905e-01
1919 1.160842e-03 2.176831e-01
1920 3.073307e-05 6.740287e-02
1921 2.992416e-05 3.828089e-02
1922 2.560286e-04 1.590916e-01
1923 2.993677e-04 1.044306e-01
1924 3.870790e-04 2.021410e-01
1925 3.623875e-05 7.137990e-02
1926 8.674594e-06 2.415533e-02
1927 4.413044e-04 7.337665e-02
1928 5.513616e-04 2.896769e-01
1929 6.331105e-05 4.797611e-02
1930 1.111064e-06 5.969187e-03
1931 7.883518e-06 3.844587e-02
1932 2.142118e-07 2.587384e-02
1933 1.732151e-04 3.281663e-02
1934 7.354207e-07 7.551230e-03
1935 7.847789e-05 6.149681e-02
1936 1.853869e-05 1.955650e-02
1937 7.580673e-04 5.970893e-02
1938 8.850319e-04 5.741808e-02
1939 1.957515e-04 6.473941e-02
1940 1.220188e-04 9.176103e-02
1941 4.447488e-07 7.896936e-03
1942 3.766828e-04 1.207789e-01
1943 1.612453e-04 1.156027e-01
1944 1.667841e-05 3.477832e-02
1945 5.699241e-06 1.202906e-02
1946 1.266671e-04 1.252606e-01
1947 1.348442e-05 2.008632e-02
1948 3.916060e-04 6.554855e-02
1949 8.000643e-04 3.408260e-01
1950 6.458045e-04 1.131609e-01
1951 2.140974e-03 2.271938e-01
1952 6.618720e-04 1.220543e-01
1953 3.831077e-05 2.240686e-02
1954 3.600370e-05 1.489199e-02
1955 2.923889e-03 5.085544e-01
1956 1.896734e-03 3.065286e-01
1957 2.139914e-03 5.007838e-01
1958 2.575288e-03 3.365523e-01
1959 1.708906e-07 7.312312e-03
1960 2.439433e-05 1.555518e-02
1961 9.472566e-10 2.938866e-03
1962 2.062669e-06 7.167999e-03
1963 4.117360e-09 2.056596e-03
1964 2.028815e-08 3.508788e-03
1965 6.375402e-05 3.166435e-02
1966 9.136597e-07 1.191565e-02
1967 2.623288e-04 1.732733e-01
1968 2.503163e-05 2.014511e-02
1969 7.064456e-06 1.963886e-02
1970 9.026508e-07 9.463528e-03
1971 1.352890e-05 2.308781e-02
1972 8.226512e-08 7.129002e-03
1973 6.639199e-04 1.467045e-01
1974 1.753874e-05 3.749181e-02
1975 7.558032e-07 1.683149e-02
1976 1.240099e-05 3.119270e-02
1977 3.646361e-04 1.806246e-01
1978 2.342638e-04 5.245444e-02
1979 1.734257e-04 6.109981e-02
1980 1.729678e-04 6.269760e-02
1981 1.414627e-04 3.597623e-02
1982 4.338704e-04 1.139992e-01
1983 1.377353e-03 4.172945e-01
1984 5.082760e-05 8.675815e-02
1985 6.386759e-04 1.755025e-01
1986 9.485614e-05 6.742895e-02
1987 3.792353e-03 6.574986e-01
1988 1.760547e-04 4.508058e-02
1989 1.931213e-05 4.891054e-02
1990 2.480470e-04 1.752890e-01
1991 9.595625e-06 1.387564e-02
1992 1.299287e-04 3.272257e-02
1993 8.238816e-04 9.803335e-02
1994 1.378265e-04 4.694073e-02
1995 1.787594e-04 6.273752e-02
1996 8.443786e-04 3.617636e-02
1997 5.785328e-03 3.194207e-01
1998 6.037154e-04 1.679274e-01
1999 4.611126e-04 3.155948e-01
2000 5.030863e-04 1.614716e-01
