1 4.748086e-03 7.324635e-01
2 1.608746e-06 2.042119e-02
3 2.315743e-06 2.793289e-03
4 1.029372e-07 1.862333e-03
5 2.151163e-07 2.621786e-03
6 6.614100e-04 4.452519e-01
7 1.705095e-05 1.340274e-02
8 2.092803e-06 4.265991e-02
9 3.294357e-09 2.383747e-03
10 4.566610e-05 9.147313e-02
11 6.928436e-08 5.167228e-03
12 2.684001e-09 1.231030e-03
13 7.557047e-05 2.277279e-01
14 3.137828e-07 7.634993e-03
15 4.843659e-07 3.073061e-03
16 5.795621e-06 2.554709e-02
17 2.162714e-07 1.928009e-03
18 2.047640e-03 2.601206e-01
19 1.861482e-06 8.020576e-03
20 5.749108e-11 1.022712e-03
21 4.759646e-03 8.891161e-01
22 3.036776e-06 5.683742e-03
23 6.060832e-05 3.270590e-02
24 1.255724e-03 2.848859e-01
25 7.828253e-04 2.238309e-01
26 8.998496e-06 4.441744e-03
27 2.499163e-05 2.216526e-02
28 3.796992e-07 3.620402e-03
29 1.524180e-03 5.640646e-01
30 4.576219e-04 6.916558e-01
31 2.217163e-04 2.641999e-01
32 1.114034e-04 1.449920e-02
33 3.638152e-08 1.228923e-03
34 5.080243e-09 1.156140e-03
35 6.489606e-07 3.133598e-03
36 2.699007e-03 4.952480e-01
37 3.388991e-04 9.305328e-02
38 1.038181e-06 8.827997e-03
39 4.734350e-09 1.949435e-03
40 2.750768e-07 3.528809e-03
41 3.881143e-05 2.324806e-02
42 6.175942e-08 5.030757e-03
43 9.082715e-04 3.503840e-01
44 3.653188e-04 7.443445e-02
45 1.742364e-04 1.206976e-01
46 2.688041e-05 1.047536e-02
47 1.308111e-04 2.739660e-01
48 1.934179e-04 1.104885e-01
49 6.560841e-06 9.654344e-03
50 2.345403e-03 7.548879e-01
51 1.006117e-06 1.192622e-02
52 1.180202e-05 2.389674e-02
53 9.642697e-06 7.660072e-03
54 2.918507e-07 9.938778e-03
55 1.478844e-06 5.083112e-03
56 1.952390e-06 9.004176e-03
57 2.155674e-07 1.458061e-02
58 1.728943e-03 1.623623e-01
59 3.904909e-04 5.132949e-02
60 1.932974e-09 1.410579e-03
61 1.851057e-03 9.972979e-01
62 9.344363e-06 3.321395e-02
63 4.128416e-08 1.921914e-03
64 5.081462e-08 4.166635e-03
65 1.693701e-05 4.401675e-02
66 6.728495e-07 4.593343e-03
67 9.264964e-07 7.330238e-03
68 3.048726e-06 8.180826e-03
69 3.704119e-08 1.425918e-03
70 6.749654e-09 1.342865e-03
71 5.899292e-04 2.342025e-01
72 2.779193e-06 1.931762e-02
73 2.478505e-08 4.148456e-03
74 1.055174e-04 1.885015e-01
75 7.082049e-06 1.062925e-02
76 5.891202e-07 2.843567e-03
77 1.435952e-05 3.803406e-02
78 1.028584e-03 2.828103e-01
79 9.657149e-04 1.923595e-01
80 2.419682e-06 2.792438e-03
81 2.166651e-07 1.629785e-03
82 7.159775e-06 5.292566e-03
83 7.167073e-05 2.349802e-02
84 7.793140e-08 1.873769e-03
85 4.073482e-04 1.185437e-01
86 6.816771e-06 7.108326e-03
87 1.484158e-07 2.821459e-03
88 4.073180e-08 1.703406e-03
89 7.126600e-06 2.270005e-02
90 9.642967e-04 2.283258e-01
91 3.852238e-03 2.068150e-01
92 3.597778e-03 8.335655e-01
93 5.780534e-06 1.395891e-02
94 1.576692e-06 4.101584e-03
95 3.956458e-03 7.777904e-01
96 9.375011e-05 1.470059e-02
97 6.156115e-08 3.515017e-02
98 1.385134e-07 3.483181e-03
99 6.858389e-05 2.035154e-02
100 5.569267e-03 1.411211e+00
101 2.650628e-06 4.860130e-03
102 8.095050e-07 1.502310e-02
103 1.133922e-03 3.897176e-01
104 1.708822e-05 4.187033e-02
105 4.141394e-05 6.567562e-02
106 1.434526e-07 8.986875e-03
107 1.570165e-08 2.878339e-03
108 2.173150e-06 1.914452e-02
109 2.882785e-07 5.120439e-03
110 1.311745e-06 1.163414e-02
111 2.398423e-03 5.618075e-01
112 2.983569e-04 1.027216e-01
113 4.395105e-03 6.660911e-01
114 1.748843e-03 4.590934e-01
115 2.972007e-04 1.494648e-01
116 4.824981e-04 2.743295e-01
117 5.877438e-04 1.745419e-01
118 4.899280e-03 3.967760e-01
119 4.772083e-10 4.547710e-03
120 1.184761e-10 3.640464e-03
121 3.571576e-08 1.149520e-02
122 1.710441e-08 1.884538e-03
123 2.326744e-07 5.964839e-03
124 1.846057e-06 1.362364e-02
125 1.525057e-09 3.999611e-03
126 4.018954e-07 6.099745e-03
127 2.643730e-08 9.663641e-03
128 1.674649e-07 7.846143e-03
129 1.067886e-08 4.471785e-03
130 1.353437e-08 3.976961e-03
131 3.157997e-08 5.907622e-03
132 7.574779e-08 4.667808e-03
133 1.977351e-08 7.675077e-03
134 5.161713e-06 2.235990e-02
135 1.713914e-08 4.539509e-03
136 8.379524e-08 4.100442e-03
137 1.223061e-06 1.258491e-02
138 7.887270e-09 9.366465e-03
139 4.039049e-08 8.726873e-03
140 1.684862e-08 5.186651e-03
141 1.333230e-09 3.030296e-03
142 4.499105e-08 3.127128e-03
143 9.948920e-08 6.936516e-03
144 1.091080e-08 8.569284e-03
145 1.875093e-09 4.700363e-03
146 2.678096e-08 6.129234e-03
147 4.043317e-08 6.325718e-03
148 5.933903e-09 7.990060e-03
149 3.556603e-08 4.298626e-03
150 1.151173e-09 3.987932e-03
151 2.612070e-07 1.008299e-02
152 8.222952e-08 5.960278e-03
153 1.274878e-08 2.986934e-03
154 9.887385e-09 3.765436e-03
155 2.190263e-09 3.023907e-03
156 7.573902e-08 3.875750e-03
157 3.367144e-08 4.037396e-03
158 7.902790e-07 4.737778e-03
159 2.188727e-07 5.911000e-03
160 1.920977e-07 5.182225e-03
161 3.618046e-08 3.132545e-03
162 6.556041e-09 3.003657e-03
163 7.314063e-09 3.081200e-03
164 5.864156e-10 1.642581e-03
165 6.395848e-10 1.682256e-03
166 1.776875e-10 1.657496e-03
167 3.214621e-09 2.937724e-03
168 1.408246e-07 3.310658e-03
169 1.752515e-06 6.101787e-03
170 2.401235e-10 1.639723e-03
171 1.391807e-08 3.421901e-03
172 7.499893e-09 3.219340e-03
173 5.299966e-10 1.619402e-03
174 3.091017e-09 3.087893e-03
175 1.353030e-08 3.094597e-03
176 6.279176e-09 2.999063e-03
177 9.074968e-10 1.656868e-03
178 1.510427e-07 2.298456e-03
179 8.292626e-10 1.614934e-03
180 1.052509e-08 3.095779e-03
181 6.334351e-10 2.125463e-03
182 2.854262e-09 3.397966e-03
183 2.295455e-10 1.196599e-03
184 1.518905e-10 1.614896e-03
185 7.198882e-10 1.233283e-03
186 1.061305e-08 2.179718e-03
187 5.321161e-10 1.906937e-03
188 6.441727e-11 1.592571e-03
189 7.934023e-11 1.134009e-03
190 4.397913e-10 1.208916e-03
191 4.305953e-05 2.040120e-02
192 2.282960e-06 4.196587e-03
193 1.343632e-04 5.228474e-02
194 9.368810e-05 5.226762e-02
195 3.097738e-06 6.867549e-03
196 2.451719e-05 1.739353e-02
197 3.002148e-04 8.018520e-02
198 1.526757e-06 6.592048e-03
199 4.812913e-06 1.464907e-02
200 1.897272e-06 1.077854e-02
201 2.932387e-05 1.967648e-02
202 9.571014e-06 2.327929e-02
203 1.164410e-07 3.525575e-03
204 3.712622e-06 6.613291e-03
205 1.585744e-06 8.607670e-03
206 1.982578e-07 3.897552e-03
207 4.636128e-07 9.659690e-03
208 3.930017e-08 3.467596e-03
209 4.725009e-07 8.227367e-03
210 4.609168e-07 4.822856e-03
211 6.018742e-08 2.420752e-03
212 2.678573e-04 5.103541e-02
213 9.548962e-08 2.471585e-03
214 3.993378e-08 4.265816e-03
215 2.459952e-06 5.107921e-03
216 1.713727e-06 8.192851e-03
217 1.333105e-07 2.118610e-03
218 1.066313e-05 2.671275e-02
219 2.812197e-05 1.977618e-02
220 5.959764e-08 3.564258e-03
221 3.442477e-07 3.991704e-03
222 2.309673e-07 7.087303e-03
223 6.098635e-07 9.787152e-03
224 6.520115e-09 3.044673e-03
225 4.352184e-07 5.495037e-03
226 2.991320e-07 3.683327e-03
227 1.759749e-07 4.283764e-03
228 1.903016e-07 5.058925e-03
229 1.308169e-05 1.507876e-02
230 3.017426e-06 7.971403e-03
231 1.079405e-06 6.794262e-03
232 4.067922e-07 5.104288e-03
233 6.336067e-07 6.184753e-03
234 1.933983e-06 5.023023e-03
235 2.595163e-08 4.503256e-03
236 1.908832e-06 5.051143e-03
237 1.364147e-08 3.368421e-03
238 3.989622e-07 5.726355e-03
239 3.015652e-08 3.548112e-03
240 1.927371e-07 3.158471e-03
241 1.048308e-06 4.101108e-03
242 1.209703e-06 5.030982e-03
243 4.633163e-08 3.173877e-03
244 3.701629e-07 4.700054e-03
245 2.475897e-07 4.985322e-03
246 5.562642e-08 3.838468e-03
247 3.559222e-07 4.942625e-03
248 1.311158e-07 2.668206e-03
249 4.971159e-06 7.856357e-03
250 7.293442e-07 4.189592e-03
251 3.604165e-07 2.905641e-03
252 2.424025e-06 7.016376e-03
253 1.580284e-08 3.334827e-03
254 1.011335e-07 4.825858e-03
255 2.074307e-06 6.541511e-03
256 1.271530e-07 2.739166e-03
257 7.142096e-08 3.443819e-03
258 2.414631e-05 6.885275e-03
259 8.228952e-05 1.501080e-02
260 2.056192e-05 1.526583e-02
261 4.550701e-05 1.424434e-02
262 2.193410e-06 6.649045e-03
263 3.984091e-05 8.641983e-03
264 1.976427e-05 2.050329e-02
265 1.224121e-06 7.230229e-03
266 4.048690e-05 1.998245e-02
267 4.308521e-05 4.542645e-02
268 8.630536e-07 2.084218e-02
269 1.103826e-06 3.189376e-02
270 1.920238e-07 4.402948e-03
271 2.446202e-06 7.385138e-03
272 1.053739e-07 6.852866e-03
273 2.987626e-07 4.472844e-03
274 2.268217e-06 5.671317e-03
275 4.006657e-07 8.630925e-03
276 3.902894e-05 3.689536e-02
277 1.001094e-07 3.481274e-03
278 1.371185e-07 2.702624e-03
279 4.275777e-06 1.648558e-02
280 5.538631e-07 6.113113e-03
281 5.618558e-07 8.659803e-03
282 2.431119e-06 1.272508e-02
283 8.386467e-07 3.407357e-03
284 8.306203e-06 9.292050e-03
285 1.363028e-04 2.831725e-02
286 7.584466e-05 4.014236e-02
287 5.441038e-06 7.252436e-03
288 8.597262e-06 1.491826e-02
289 1.165138e-04 4.610454e-02
290 1.729955e-04 6.507815e-02
291 5.993248e-06 8.260699e-03
292 2.281280e-05 1.957112e-02
293 6.299199e-06 1.866528e-02
294 2.065396e-05 2.821875e-02
295 9.286404e-06 1.844931e-02
296 6.017072e-04 1.343722e-01
297 2.356228e-03 6.389276e-01
298 8.846785e-05 4.195748e-02
299 6.705949e-07 4.580565e-03
300 8.775258e-08 4.598912e-03
301 7.446416e-04 1.379982e-01
302 3.549952e-07 5.114579e-03
303 2.196248e-07 3.110164e-03
304 3.482658e-08 2.280711e-03
305 3.020229e-08 2.666092e-03
306 6.465572e-09 2.689624e-03
307 6.879855e-10 2.646528e-03
308 1.663624e-09 2.581872e-03
309 1.004160e-05 6.100662e-03
310 1.359497e-09 3.223199e-03
311 6.620108e-11 2.653567e-03
312 3.853855e-07 2.242624e-03
313 2.943465e-10 2.542534e-03
314 1.082495e-09 2.549006e-03
315 1.854100e-10 2.676362e-03
316 1.368690e-08 2.822058e-03
317 2.263328e-10 1.929802e-03
318 2.039330e-09 1.947558e-03
319 2.781695e-07 2.281486e-03
320 1.327754e-10 2.507134e-03
321 1.402588e-10 1.426053e-03
322 1.748864e-04 7.122629e-02
323 3.878859e-05 9.730280e-02
324 1.006738e-08 9.485788e-03
325 1.868652e-06 1.443370e-02
326 3.678545e-08 3.484427e-03
327 1.439099e-06 2.376788e-02
328 8.334849e-07 9.735599e-03
329 8.475106e-05 8.750429e-02
330 7.826435e-04 5.234781e-01
331 1.078687e-05 3.360583e-02
332 4.004652e-04 1.901410e-01
333 1.541539e-07 5.074203e-03
334 2.230361e-06 1.433802e-02
335 5.842310e-08 8.351433e-03
336 9.591819e-07 1.552614e-02
337 1.953547e-04 7.290487e-02
338 2.738714e-05 2.058405e-02
339 6.445507e-04 3.146814e-01
340 4.833447e-06 6.488307e-03
341 3.895166e-06 6.549166e-03
342 2.348805e-05 1.905381e-02
343 9.214539e-06 4.313017e-02
344 2.320513e-07 3.945759e-03
345 1.898594e-06 7.965445e-03
346 1.973175e-07 2.531608e-03
347 6.372816e-08 2.961979e-03
348 6.343876e-06 1.013545e-02
349 4.152634e-06 1.098955e-02
350 1.609381e-08 3.253156e-03
351 2.401504e-08 2.853669e-03
352 1.515840e-06 2.927711e-03
353 1.740952e-05 7.273036e-03
354 2.944210e-06 4.398047e-03
355 1.989908e-06 4.687401e-03
356 6.622141e-08 2.357384e-03
357 1.281258e-05 1.077976e-02
358 1.927135e-05 2.470847e-02
359 1.650771e-06 7.062440e-03
360 9.809997e-07 6.138680e-03
361 3.158694e-05 4.298400e-02
362 6.505443e-08 2.448386e-03
363 1.756907e-08 3.361752e-03
364 1.515840e-06 2.927711e-03
365 2.581216e-05 2.790766e-02
366 9.622265e-06 9.985794e-03
367 3.688823e-06 1.056317e-02
368 4.152634e-06 1.098955e-02
369 5.399430e-05 8.577214e-02
370 2.386921e-06 1.386968e-02
371 2.060404e-06 1.960904e-02
372 1.878929e-03 8.744881e-01
373 8.111333e-05 1.723265e-01
374 1.558240e-03 6.815443e-01
375 8.476837e-06 2.443465e-02
376 1.101551e-03 2.163501e-01
377 8.352377e-06 9.065941e-03
378 1.582972e-04 2.552097e-02
379 6.619598e-06 8.710616e-03
380 3.930286e-05 1.083263e-02
381 1.633552e-07 1.907060e-03
382 1.388501e-06 1.005915e-02
383 7.806836e-08 1.821202e-03
384 5.469144e-06 7.859106e-03
385 2.862346e-08 4.589645e-03
386 7.922397e-07 6.463508e-03
387 1.041386e-05 1.521755e-02
388 6.129209e-08 2.768506e-03
389 3.766300e-06 6.178861e-03
390 1.303662e-06 4.759478e-03
391 1.804047e-05 3.163702e-02
392 1.062141e-04 1.445285e-02
393 8.729743e-06 1.553213e-02
394 3.263639e-07 2.996165e-03
395 1.209355e-06 8.290349e-03
396 2.275397e-05 3.538301e-02
397 1.622469e-05 1.560466e-02
398 3.873100e-05 3.135600e-02
399 5.364844e-06 1.004726e-02
400 3.425330e-05 3.697978e-02
401 3.250773e-06 8.102321e-03
402 4.450741e-07 6.959461e-03
403 1.894707e-06 9.094743e-03
404 9.897097e-06 1.492923e-02
405 2.806191e-06 1.102491e-02
406 8.387793e-07 8.805063e-03
407 1.978121e-07 4.533659e-03
408 3.631794e-06 9.663776e-03
409 2.981183e-03 3.179133e-01
410 1.613182e-05 1.882409e-02
411 1.020270e-05 1.738773e-02
412 1.753615e-04 4.458163e-02
413 2.211512e-06 7.983817e-03
414 1.732864e-06 9.470423e-03
415 1.847854e-06 5.760128e-03
416 5.794440e-07 6.654565e-03
417 2.680650e-06 9.574741e-03
418 4.979411e-04 9.126262e-02
419 2.018400e-04 1.511583e-01
420 3.062333e-04 4.957917e-02
421 7.705279e-06 2.079522e-02
422 1.636320e-05 3.025477e-02
423 1.497372e-04 7.545172e-02
424 3.178958e-04 2.057848e-01
425 2.902642e-04 8.531909e-02
426 2.527436e-05 4.496346e-02
427 3.584949e-04 1.579857e-01
428 3.106293e-05 3.388919e-02
429 2.042859e-05 2.777089e-02
430 4.267773e-05 3.689064e-02
431 1.036582e-04 5.134435e-02
432 3.158999e-05 2.408486e-02
433 2.949734e-05 2.085968e-02
434 4.912923e-05 3.780082e-02
435 1.818861e-05 4.860912e-02
436 4.846535e-05 2.993344e-02
437 4.925510e-05 3.458507e-02
438 2.018804e-05 2.625567e-02
439 1.422710e-03 2.287844e-01
440 5.986067e-05 2.092372e-02
441 1.546239e-05 1.679554e-02
442 4.164173e-04 6.267795e-02
443 1.667802e-05 2.368982e-02
444 1.224968e-03 2.588285e-01
445 2.164174e-04 1.792375e-01
446 8.108839e-11 9.154217e-04
447 1.255345e-10 1.224536e-03
448 1.295141e-11 9.088604e-04
449 5.751329e-11 9.125918e-04
450 6.646184e-11 9.935022e-04
451 2.215373e-08 1.781481e-03
452 6.840807e-10 1.227377e-03
453 4.923755e-09 1.121894e-03
454 6.871227e-10 1.245277e-03
455 7.796138e-09 1.250905e-03
456 6.340452e-11 1.031944e-03
457 6.490746e-13 9.244452e-04
458 1.069221e-09 1.233080e-03
459 3.239179e-06 1.444871e-02
460 7.894355e-10 2.593539e-03
461 3.591555e-11 1.054474e-03
462 8.108347e-09 2.965282e-03
463 3.181135e-09 1.127476e-03
464 1.137326e-09 1.328750e-03
465 1.152855e-10 1.151008e-03
466 4.769947e-10 1.380986e-03
467 2.633023e-10 1.082761e-03
468 1.130137e-10 1.091932e-03
469 1.060583e-09 1.325821e-03
470 7.378464e-10 1.754926e-03
471 2.284536e-10 1.218713e-03
472 1.937329e-10 1.118988e-03
473 7.341727e-10 1.318752e-03
474 5.097538e-11 1.048068e-03
475 2.493859e-09 1.315996e-03
476 7.834345e-09 1.412280e-03
477 1.036777e-06 3.164704e-03
478 6.114274e-06 7.558991e-03
479 2.501086e-08 1.574270e-03
480 4.592103e-09 2.067195e-03
481 1.442600e-09 1.858950e-03
482 1.572347e-09 2.108190e-03
483 9.285854e-10 2.060941e-03
484 5.225159e-08 2.117167e-03
485 3.000630e-09 1.759842e-03
486 3.989137e-06 1.363439e-02
487 5.739456e-09 1.487241e-03
488 7.108318e-07 9.364808e-03
489 1.697359e-03 3.107388e-01
490 1.715061e-06 6.866735e-03
491 1.539494e-06 8.738061e-03
492 4.748070e-07 5.709600e-03
493 8.723092e-07 6.678336e-03
494 1.900190e-08 6.449318e-03
495 8.622300e-08 4.937029e-03
496 4.151030e-05 2.710701e-02
497 3.666011e-05 4.400037e-02
498 2.013387e-06 7.940790e-03
499 3.670631e-08 7.820950e-03
500 2.668712e-08 5.138910e-03
501 2.349813e-06 8.781911e-03
502 4.383343e-04 2.440648e-01
503 6.397650e-06 9.575207e-03
504 1.140247e-05 9.826985e-03
505 1.196401e-06 7.076015e-03
506 1.046193e-04 3.103636e-02
507 2.469948e-05 2.775093e-02
508 2.498990e-06 1.252414e-02
509 2.554117e-07 8.588837e-03
510 2.430048e-06 1.166256e-02
511 1.620700e-06 6.110767e-03
512 1.362911e-06 8.142246e-03
513 4.331133e-06 7.844008e-03
514 3.844786e-03 7.155609e-01
515 7.161988e-07 6.932581e-03
516 3.078413e-07 6.838422e-03
517 3.597681e-06 1.368850e-02
518 3.264477e-07 6.886255e-03
519 7.693829e-06 2.288522e-02
520 5.869005e-06 1.839249e-02
521 5.664038e-05 2.572867e-02
522 5.194431e-05 2.303585e-02
523 2.427361e-05 2.477511e-02
524 1.092354e-06 1.300147e-02
525 4.269101e-06 7.853386e-03
526 1.116441e-05 2.303060e-02
527 2.318690e-06 9.659312e-03
528 3.255104e-07 5.962830e-03
529 6.527529e-06 1.709582e-02
530 5.886647e-07 5.095961e-03
531 1.677269e-06 7.170656e-03
532 6.992325e-06 1.837545e-02
533 2.274708e-06 1.234688e-02
534 7.350157e-07 1.138414e-02
535 3.859476e-06 1.208155e-02
536 4.594116e-05 3.634022e-02
537 8.211710e-06 2.430369e-02
538 1.507060e-06 1.247522e-02
539 2.624994e-05 2.309654e-02
540 1.023286e-05 2.200456e-02
541 1.558620e-05 2.420278e-02
542 7.663164e-04 1.604490e-01
543 4.428588e-06 1.872801e-02
544 2.653500e-06 7.334797e-03
545 2.428854e-06 7.283400e-03
546 5.853630e-06 5.789697e-03
547 2.039036e-09 2.494553e-03
548 3.640621e-08 3.021556e-03
549 1.440921e-08 1.589639e-03
550 7.607043e-07 5.528628e-03
551 3.815707e-07 2.622122e-03
552 9.098583e-06 1.867060e-02
553 6.073440e-05 3.076055e-02
554 1.139820e-05 8.790064e-03
555 5.058476e-06 1.155967e-02
556 2.515198e-07 2.999683e-03
557 2.812577e-07 3.766900e-03
558 2.125891e-05 1.128751e-02
559 4.172726e-08 2.467673e-03
560 4.823724e-07 3.959759e-03
561 6.134693e-07 3.124165e-03
562 5.953666e-07 3.379321e-03
563 2.567000e-07 4.780142e-03
564 2.706901e-07 3.240485e-03
565 2.730173e-06 1.426644e-02
566 1.315477e-05 5.440894e-03
567 3.476985e-04 6.961788e-02
568 7.843016e-05 1.776097e-02
569 2.919858e-04 5.941012e-02
570 1.702323e-05 1.290843e-02
571 8.909475e-06 7.881632e-03
572 1.098901e-04 2.087065e-02
573 1.674288e-05 6.235575e-03
574 1.292207e-04 2.274043e-02
575 1.235984e-05 7.301280e-03
576 3.199746e-05 1.350672e-02
577 8.262230e-06 1.151149e-02
578 3.370085e-06 9.627037e-03
579 1.167440e-03 6.394667e-01
580 7.886626e-05 2.353269e-02
581 1.268393e-05 4.362555e-03
582 2.024508e-04 4.531829e-02
583 2.104738e-05 9.696532e-03
584 3.860111e-05 1.294893e-02
585 2.088688e-04 6.281287e-02
586 3.166360e-06 1.255984e-02
587 1.490205e-05 1.283851e-02
588 3.429443e-06 1.004259e-02
589 7.305576e-07 2.576563e-03
590 7.613588e-04 3.152122e-01
591 3.874805e-04 9.962625e-02
592 1.811932e-06 6.263597e-03
593 9.291011e-06 1.613608e-02
594 1.233270e-04 2.326274e-02
595 1.239638e-07 6.654393e-03
596 3.955945e-03 7.751073e-01
597 3.164897e-10 1.912633e-03
598 1.058227e-08 1.968658e-03
599 4.673725e-09 1.938265e-03
600 1.933956e-08 2.061830e-03
601 5.939155e-08 3.031644e-03
602 9.517863e-09 2.563705e-03
603 1.134337e-08 3.253837e-03
604 6.797216e-10 1.931478e-03
605 1.778607e-08 2.077823e-03
606 4.047076e-10 1.932116e-03
607 3.753792e-10 1.777679e-03
608 1.165490e-09 2.031217e-03
609 5.010137e-06 1.250957e-02
610 1.586715e-06 4.283767e-03
611 1.362363e-03 2.556000e-01
612 2.998810e-06 2.552343e-02
613 1.783001e-05 1.842358e-02
614 1.487071e-05 2.601354e-02
615 7.886492e-07 1.030665e-02
616 3.781301e-09 3.280929e-03
617 1.053042e-05 1.254357e-02
618 4.892919e-08 4.230748e-03
619 1.584718e-07 5.028389e-03
620 2.916297e-08 5.446682e-03
621 2.501307e-04 5.384223e-02
622 6.891515e-08 5.941703e-03
623 2.937141e-08 7.248635e-03
624 1.585875e-07 6.014028e-03
625 2.476064e-07 4.549184e-03
626 3.602078e-03 4.936853e-01
627 5.777808e-07 4.967388e-03
628 7.987602e-07 1.264879e-02
629 5.996015e-05 5.771656e-02
630 9.061478e-05 3.421668e-02
631 9.267948e-05 2.476476e-02
632 2.277641e-05 3.783138e-02
633 1.235316e-07 6.068024e-03
634 9.771874e-07 5.272061e-03
635 3.995696e-07 5.160843e-03
636 5.388928e-07 7.246744e-03
637 3.352979e-06 1.357318e-02
638 1.060551e-07 8.792290e-03
639 1.357046e-06 1.527261e-02
640 3.410964e-07 4.760762e-03
641 9.866839e-08 5.573989e-03
642 1.936210e-07 6.941866e-03
643 1.065359e-05 3.460659e-02
644 2.396418e-06 6.214115e-03
645 2.715070e-06 1.239864e-02
646 1.761683e-06 1.904259e-02
647 1.573736e-06 7.554223e-03
648 1.178591e-05 2.603237e-02
649 5.543968e-07 1.058232e-02
650 4.242228e-07 5.728692e-03
651 2.002721e-07 6.385498e-03
652 7.488480e-07 7.563861e-03
653 1.067970e-03 3.360681e-01
654 2.117027e-04 7.021025e-02
655 5.069297e-08 2.903693e-03
656 9.320303e-05 2.867199e-02
657 1.784291e-03 5.065415e-01
658 1.756958e-05 2.423075e-02
659 9.955866e-07 1.337450e-02
660 4.862592e-06 1.377482e-02
661 2.552660e-05 3.455069e-02
662 2.663149e-04 2.187388e-01
663 3.506507e-06 1.389111e-02
664 2.271069e-06 1.435640e-02
665 6.321894e-06 1.654857e-02
666 3.462097e-05 3.090198e-02
667 1.851439e-05 1.780999e-02
668 5.976106e-07 7.013002e-03
669 1.397821e-05 2.965035e-02
670 6.537133e-05 3.778203e-02
671 3.878935e-05 3.874202e-02
672 6.575889e-07 6.936659e-03
673 1.558684e-04 1.656906e-01
674 3.879497e-06 7.275797e-03
675 1.205299e-03 1.587103e-01
676 1.720383e-06 1.665166e-02
677 5.485840e-05 3.263989e-02
678 1.840161e-07 8.044762e-03
679 3.613238e-04 1.088932e-01
680 3.332960e-08 3.440835e-03
681 3.323607e-06 1.313646e-02
682 3.502662e-03 6.839638e-01
683 1.132821e-06 1.566603e-02
684 1.761722e-03 2.163797e-01
685 2.490386e-07 8.794988e-03
686 9.749463e-04 2.835575e-01
687 6.348277e-06 7.652805e-03
688 4.016247e-07 8.251978e-03
689 6.323828e-07 9.004363e-03
690 8.649722e-06 1.415430e-02
691 1.313844e-06 1.511475e-02
692 6.158935e-07 1.182044e-02
693 2.515774e-06 9.276607e-03
694 3.071634e-06 5.521668e-03
695 7.779680e-06 8.747572e-03
696 3.183985e-04 1.045571e-01
697 1.222471e-05 8.106761e-02
698 1.921000e-04 1.626159e-01
699 8.390741e-07 1.661069e-02
700 6.474196e-05 2.428893e-02
701 1.740653e-06 9.296960e-03
702 1.203302e-05 1.484725e-02
703 1.304949e-06 7.187486e-03
704 1.590828e-04 3.098518e-02
705 6.227245e-05 1.278874e-02
706 1.367776e-05 1.447566e-02
707 1.617685e-05 8.775911e-03
708 3.057235e-03 4.626813e-01
709 1.209053e-05 2.406352e-02
710 9.365995e-04 9.390326e-02
711 1.064204e-04 9.206640e-02
712 2.823906e-05 3.840714e-02
713 2.151637e-05 3.528891e-02
714 1.964383e-05 1.957665e-02
715 3.340234e-07 6.476167e-03
716 7.220201e-06 1.787524e-02
717 1.318656e-05 3.082712e-02
718 2.627544e-05 1.207040e-02
719 1.131348e-05 1.164749e-02
720 1.523800e-05 1.925209e-02
721 1.681539e-04 3.898954e-02
722 1.124408e-04 3.160037e-02
723 2.828227e-04 8.061869e-02
724 8.026353e-07 6.841536e-03
725 2.827013e-06 7.136087e-03
726 5.847753e-06 1.198052e-02
727 4.795525e-04 4.235455e-01
728 1.471380e-06 1.266837e-02
729 7.702008e-06 1.372779e-02
730 7.916839e-06 1.758392e-02
731 7.056690e-06 6.509463e-03
732 1.140882e-05 7.765540e-03
733 3.620244e-06 1.025767e-02
734 8.420241e-06 1.425929e-02
735 3.998530e-05 1.262507e-02
736 2.773482e-06 1.976025e-02
737 1.128687e-03 2.621939e-01
738 5.340324e-05 5.055936e-02
739 2.650666e-05 1.068458e-02
740 4.187373e-05 1.278317e-02
741 1.572399e-05 9.705219e-03
742 3.376393e-04 5.533522e-02
743 7.095920e-05 1.851068e-02
744 2.518481e-04 3.128592e-02
745 2.300008e-04 3.577644e-02
746 7.763856e-06 9.660747e-03
747 4.145808e-05 1.168090e-02
748 7.065447e-07 6.015021e-03
749 6.314046e-06 2.847599e-02
750 2.062229e-04 5.939480e-02
751 6.850982e-07 8.175553e-03
752 1.331339e-06 1.131959e-02
753 6.300506e-04 2.398535e-01
754 2.153645e-05 1.843322e-02
755 3.846997e-04 5.896174e-02
756 3.895669e-07 1.076987e-02
757 8.666068e-05 8.292383e-02
758 6.805986e-07 5.429134e-03
759 9.594802e-05 2.887309e-02
760 8.838503e-04 1.917894e-01
761 7.167867e-04 1.376242e-01
762 2.422857e-06 9.825830e-03
763 3.957026e-06 1.163054e-02
764 8.764760e-06 1.055474e-02
765 5.259552e-04 3.390338e-01
766 1.000099e-03 5.571189e-01
767 1.082066e-03 2.478607e-01
768 9.812971e-04 3.416737e-01
769 3.873800e-07 1.122522e-02
770 1.176591e-07 5.025140e-03
771 1.887464e-07 4.875409e-03
772 3.667116e-07 4.728470e-03
773 1.532389e-04 1.299307e-01
774 1.675321e-06 6.527722e-03
775 3.423961e-06 1.122304e-02
776 6.514870e-07 5.673482e-03
777 1.372040e-07 1.022350e-02
778 2.775464e-04 1.130273e-01
779 1.756225e-07 8.932278e-03
780 1.095806e-06 6.237669e-03
781 5.370620e-08 5.343346e-03
782 7.368299e-08 2.400038e-03
783 6.452912e-08 3.589242e-03
784 3.865442e-06 1.835549e-02
785 4.829283e-05 1.221462e-02
786 6.859728e-06 7.703699e-03
787 4.529585e-06 9.372917e-03
788 3.904445e-07 1.145538e-02
789 5.519883e-07 8.406413e-03
790 1.603235e-04 9.363065e-02
791 2.545647e-06 4.271115e-03
792 1.634021e-07 1.030419e-02
793 2.448518e-05 1.298592e-02
794 2.930405e-04 2.273606e-01
795 3.890269e-05 1.610135e-02
796 1.557318e-06 5.957684e-03
797 5.276013e-05 9.052068e-02
798 1.908134e-06 7.352804e-03
799 6.725826e-04 7.717881e-02
800 1.901980e-05 1.839846e-02
801 5.622451e-06 1.072779e-02
802 4.914487e-04 1.241394e-01
803 1.242290e-03 4.405490e-01
804 2.001942e-06 1.067202e-02
805 2.805059e-04 4.673823e-02
806 1.845292e-04 1.273008e-01
807 7.248716e-05 5.053757e-02
808 4.392774e-07 5.924981e-03
809 1.061294e-06 2.372336e-02
810 2.947807e-08 2.325365e-03
811 1.293306e-05 1.599014e-02
812 2.489023e-07 4.268072e-03
813 1.733862e-05 3.634233e-02
814 1.091236e-06 1.352435e-02
815 7.891507e-07 1.589651e-02
816 2.965590e-04 2.457944e-01
817 3.089755e-05 9.487683e-02
818 7.624203e-08 9.975009e-03
819 5.001925e-06 1.277086e-02
820 3.101488e-06 3.703668e-02
821 1.391177e-05 4.082853e-02
822 7.903593e-06 3.335916e-02
823 3.898122e-05 1.155954e-01
824 1.831817e-03 5.628134e-01
825 1.048875e-03 5.146156e-01
826 1.516233e-04 3.354253e-01
827 3.012682e-04 1.137449e-01
828 1.092745e-03 6.632550e-01
829 1.351048e-03 5.305911e-01
830 1.177624e-05 1.094473e-02
831 4.218675e-07 4.701009e-03
832 5.718269e-07 5.139394e-03
833 1.772257e-06 1.086723e-02
834 3.839585e-06 6.312999e-03
835 1.973011e-06 6.701163e-03
836 1.520216e-06 4.780955e-03
837 3.407233e-06 9.255109e-03
838 1.007916e-05 7.085887e-03
839 3.942280e-07 4.975111e-03
840 1.224013e-05 1.818853e-02
841 8.428365e-07 7.116609e-03
842 1.182048e-06 8.524290e-03
843 5.078950e-07 9.775401e-03
844 2.210735e-06 1.950580e-02
845 9.241640e-05 3.552243e-02
846 9.210119e-05 5.948815e-02
847 3.062857e-06 7.853110e-03
848 2.906438e-06 1.348020e-02
849 1.246060e-04 4.706047e-02
850 1.216178e-06 6.115183e-03
851 2.611976e-05 6.496571e-02
852 1.448923e-07 6.353192e-03
853 2.791353e-05 1.448629e-02
854 4.839419e-07 5.828906e-03
855 1.836998e-05 1.632250e-02
856 4.564519e-09 1.482030e-03
857 2.486020e-08 1.301481e-03
858 3.662906e-08 2.047614e-03
859 5.565171e-09 1.498766e-03
860 3.735265e-04 1.176805e-01
861 5.413175e-07 6.832965e-03
862 7.580391e-08 1.586422e-03
863 2.924520e-08 1.538131e-03
864 7.868176e-09 1.393361e-03
865 6.690425e-08 1.571498e-03
866 4.802854e-08 2.063956e-03
867 2.348948e-07 1.707069e-03
868 3.175611e-09 1.362782e-03
869 1.344143e-08 1.626571e-03
870 2.007048e-08 1.531327e-03
871 2.727734e-09 1.393812e-03
872 2.017768e-08 1.878689e-03
873 2.777784e-08 1.416272e-03
874 3.529549e-08 1.402685e-03
875 4.322864e-03 1.225795e-01
876 2.091575e-09 1.443844e-03
877 4.639590e-08 1.454179e-03
878 3.470132e-08 1.899027e-03
879 1.076435e-08 1.351969e-03
880 1.646893e-08 1.370417e-03
881 1.911478e-09 1.397815e-03
882 4.685129e-08 1.818463e-03
883 6.255192e-08 1.757263e-03
884 9.583954e-08 1.470237e-03
885 5.101263e-08 1.565522e-03
886 3.061510e-06 6.481308e-03
887 2.107184e-05 8.334500e-03
888 1.407859e-06 1.146243e-02
889 3.495612e-04 6.662671e-02
890 5.858783e-06 1.970431e-02
891 8.521261e-05 8.511813e-02
892 9.580579e-05 1.113769e-01
893 1.080739e-06 5.564774e-03
894 1.458652e-06 3.576804e-03
895 8.152624e-06 8.043187e-03
896 7.872960e-06 1.452341e-02
897 4.172027e-03 5.303690e-01
898 1.701793e-05 1.852485e-02
899 1.887104e-05 7.386626e-02
900 9.139026e-06 7.928936e-03
901 1.913534e-05 6.149748e-03
902 2.635752e-06 8.875145e-03
903 2.771886e-07 6.111274e-03
904 9.035703e-05 1.036213e-01
905 5.957038e-06 1.975898e-02
906 1.928691e-05 4.770600e-02
907 3.359380e-03 7.311638e-01
908 5.213228e-08 2.757241e-03
909 5.246414e-07 3.095629e-03
910 2.680394e-08 1.574130e-03
911 8.107333e-06 6.079431e-03
912 4.480024e-07 5.012967e-03
913 7.322198e-08 1.718810e-03
914 3.614095e-07 4.894851e-03
915 1.334821e-06 3.453437e-03
916 2.582160e-04 9.402998e-02
917 1.080307e-07 2.122587e-03
918 2.828031e-08 1.779345e-03
919 1.073946e-08 1.392670e-03
920 2.450959e-07 2.490241e-03
921 1.605598e-09 1.059686e-03
922 6.653270e-08 1.418112e-03
923 2.353321e-04 5.340859e-02
924 1.036952e-05 1.674395e-02
925 4.767008e-08 1.058765e-03
926 1.097507e-05 1.418774e-02
927 3.022032e-08 1.322194e-03
928 1.953140e-06 3.879315e-03
929 9.399888e-06 9.760599e-03
930 1.922398e-07 3.630530e-03
931 9.449382e-07 3.737292e-03
932 3.786248e-09 1.484324e-03
933 2.931096e-07 1.811830e-03
934 1.020186e-05 1.105758e-02
935 3.289242e-07 1.832694e-03
936 4.239958e-08 1.192029e-03
937 2.007038e-06 2.872265e-03
938 1.926991e-07 1.781406e-03
939 3.085672e-06 3.321659e-03
940 4.400410e-06 6.083147e-03
941 1.686785e-06 5.482903e-03
942 5.353020e-08 1.620533e-03
943 4.966599e-07 2.124424e-03
944 1.501306e-05 4.590730e-03
945 4.982125e-08 2.259169e-03
946 3.209810e-06 5.936027e-03
947 8.218186e-06 3.119505e-02
948 1.064154e-06 6.880153e-03
949 5.739248e-07 1.053140e-02
950 6.576359e-08 7.909411e-03
951 1.738859e-07 1.590812e-02
952 2.627898e-05 1.547392e-02
953 1.378105e-07 8.937899e-03
954 4.018947e-08 3.083463e-03
955 1.473325e-05 3.636253e-02
956 9.928569e-09 3.053450e-03
957 1.267111e-07 8.407329e-03
958 1.649202e-07 6.802189e-03
959 5.577773e-05 4.715484e-02
960 1.136781e-06 1.907191e-02
961 8.981235e-07 9.760718e-03
962 1.449354e-06 1.262680e-02
963 4.389262e-08 3.841265e-03
964 3.886030e-05 4.000317e-02
965 6.087971e-08 5.408094e-03
966 1.057872e-04 1.056814e-01
967 2.077934e-05 5.583256e-02
968 8.434822e-07 4.719587e-03
969 4.301264e-07 8.069873e-03
970 1.086228e-06 1.671444e-02
971 4.052564e-07 3.083247e-03
972 3.832320e-06 7.413227e-03
973 2.379335e-07 9.412582e-03
974 5.299967e-08 3.276647e-03
975 2.039431e-06 6.822940e-03
976 1.022483e-03 1.474220e-01
977 4.726343e-06 6.484459e-03
978 7.524557e-05 1.144200e-02
979 4.786079e-07 2.780812e-03
980 1.574924e-07 1.226593e-03
981 6.061370e-07 4.066234e-03
982 6.359336e-06 7.627242e-03
983 1.963484e-06 3.611805e-03
984 1.751373e-05 8.422583e-03
985 4.251406e-06 3.732117e-03
986 6.318088e-06 3.582040e-03
987 1.679177e-07 1.262920e-03
988 9.620448e-07 2.456384e-03
989 2.994729e-05 7.081335e-03
990 2.883443e-06 3.654717e-03
991 8.287212e-06 6.415508e-03
992 6.270756e-07 2.255692e-03
993 4.655827e-07 2.408330e-03
994 1.591537e-07 2.137622e-03
995 5.100501e-06 3.005879e-03
996 1.676518e-06 3.061883e-03
997 6.167033e-04 4.525552e-02
998 1.526596e-05 5.123187e-03
999 8.879703e-06 4.022628e-03
1000 1.218394e-06 1.821609e-03
1001 1.448524e-07 1.566736e-03
1002 1.420632e-05 5.034716e-03
1003 1.126438e-07 1.772600e-03
1004 5.388726e-06 4.522842e-03
1005 3.616251e-07 2.894964e-03
1006 1.499616e-05 9.943783e-03
1007 1.512027e-07 2.916805e-03
1008 2.039269e-05 5.388303e-03
1009 6.372189e-08 4.053097e-03
1010 1.774192e-07 2.846808e-03
1011 2.058352e-07 3.673446e-03
1012 1.324154e-06 3.566485e-03
1013 7.018755e-08 2.063684e-03
1014 3.419255e-07 3.412000e-03
1015 1.118406e-08 2.130006e-03
1016 5.106936e-06 2.486072e-03
1017 7.738218e-07 1.698786e-03
1018 8.023395e-07 2.828611e-03
1019 1.817524e-07 4.391395e-03
1020 3.665978e-08 1.744373e-03
1021 1.510987e-05 5.542074e-03
1022 6.830439e-08 1.161498e-03
1023 1.034478e-06 1.909330e-03
1024 3.015953e-08 1.393550e-03
1025 6.537905e-07 2.262946e-03
1026 4.304079e-04 7.294961e-01
1027 1.614192e-04 9.343674e-02
1028 3.133249e-05 6.850235e-02
1029 2.432120e-04 8.737282e-02
1030 3.625317e-04 2.755883e-01
1031 5.832762e-04 3.965167e-01
1032 1.071878e-06 7.732147e-03
1033 1.506029e-05 1.784494e-02
1034 4.822942e-04 2.183878e-01
1035 1.280432e-06 4.343639e-03
1036 3.932836e-06 9.539200e-03
1037 7.232406e-05 2.650647e-02
1038 4.586709e-07 2.997605e-03
1039 2.239046e-05 1.525500e-02
1040 9.454336e-07 9.057508e-03
1041 1.794023e-06 2.538263e-02
1042 6.975070e-07 1.079814e-02
1043 1.090098e-05 1.542329e-02
1044 1.251933e-07 1.704827e-02
1045 1.398027e-06 7.508006e-03
1046 1.091144e-04 4.870821e-02
1047 1.251964e-04 1.249901e-01
1048 7.466587e-05 4.606785e-02
1049 1.240754e-06 8.720102e-03
1050 1.229858e-03 2.883256e-01
1051 8.245387e-04 1.743142e-01
1052 4.928759e-09 1.226807e-03
1053 1.119026e-08 1.820711e-03
1054 7.140619e-04 4.353987e-02
1055 1.118884e-09 1.555984e-03
1056 2.138957e-08 4.672541e-03
1057 2.586736e-08 2.137574e-03
1058 5.629397e-08 2.021753e-03
1059 2.036958e-10 1.031682e-03
1060 5.248236e-10 9.550724e-04
1061 7.776593e-07 2.886248e-03
1062 5.396570e-09 1.812366e-03
1063 1.059512e-07 3.801247e-03
1064 6.160494e-04 1.027782e-01
1065 9.932502e-06 1.570075e-02
1066 6.945384e-10 1.577797e-03
1067 3.700044e-10 1.439724e-03
1068 1.400064e-10 1.465202e-03
1069 9.575453e-10 1.614029e-03
1070 4.193683e-07 1.407339e-02
1071 7.226661e-07 5.264152e-03
1072 1.295164e-06 3.254411e-03
1073 6.620237e-06 1.909409e-02
1074 9.110744e-09 1.054839e-03
1075 5.408694e-06 2.576148e-02
1076 4.920797e-06 5.690540e-03
1077 3.204177e-05 1.522000e-02
1078 2.336735e-09 1.632337e-03
1079 2.190086e-07 5.802838e-03
1080 2.454371e-08 1.574477e-03
1081 6.415562e-10 1.460166e-03
1082 3.533606e-09 1.485536e-03
1083 1.663662e-08 1.827021e-03
1084 9.250877e-10 1.228403e-03
1085 2.281188e-07 4.314496e-03
1086 1.318400e-09 1.239861e-03
1087 2.631843e-09 1.369483e-03
1088 2.148235e-09 4.681169e-03
1089 2.131751e-09 1.234399e-03
1090 3.293650e-10 1.195578e-03
1091 3.182157e-09 1.228964e-03
1092 3.164480e-04 5.334992e-01
1093 5.436289e-08 1.876241e-02
1094 6.651975e-08 1.383851e-02
1095 1.013983e-08 1.692255e-03
1096 1.369753e-09 1.481460e-03
1097 1.688882e-08 4.825556e-03
1098 2.609478e-06 7.746584e-03
1099 4.357324e-08 3.254460e-03
1100 4.034887e-08 2.804901e-03
1101 1.635246e-06 4.814112e-03
1102 3.255378e-08 3.179425e-03
1103 5.773219e-08 2.749760e-03
1104 6.580481e-05 6.723309e-02
1105 7.553164e-09 1.529782e-03
1106 2.261143e-09 2.235526e-03
1107 3.335099e-09 3.128409e-03
1108 2.597196e-08 1.736276e-03
1109 3.989317e-09 2.022463e-03
1110 1.912852e-07 4.726314e-03
1111 3.889435e-09 3.955299e-03
1112 1.543238e-05 3.916111e-02
1113 5.377086e-06 1.721676e-02
1114 1.874875e-08 2.055671e-03
1115 3.555427e-05 3.342476e-02
1116 6.722968e-10 1.478995e-03
1117 2.385456e-08 1.610083e-03
1118 4.339353e-07 6.628399e-03
1119 8.864001e-06 2.348751e-02
1120 4.752143e-07 4.024288e-03
1121 1.070089e-06 6.787585e-03
1122 8.952741e-07 4.044808e-03
1123 3.242304e-07 2.466161e-03
1124 5.117957e-07 3.755647e-03
1125 5.136599e-06 4.547719e-03
1126 1.709931e-06 5.012285e-03
1127 3.020935e-07 3.858316e-03
1128 1.064578e-06 4.519717e-03
1129 9.371450e-07 3.241518e-03
1130 3.624957e-06 4.799162e-03
1131 1.341930e-04 4.756842e-02
1132 2.415464e-04 1.866050e-01
1133 6.952979e-06 4.319218e-02
1134 4.935582e-07 9.110070e-03
1135 1.083116e-06 2.340093e-03
1136 1.944553e-06 4.640397e-03
1137 1.193552e-06 5.393373e-03
1138 3.253074e-05 1.181829e-02
1139 3.699912e-07 5.235380e-03
1140 3.758440e-04 2.150567e-01
1141 9.017534e-05 3.147880e-02
1142 7.588085e-06 8.894319e-03
1143 9.310416e-07 6.709363e-03
1144 6.819998e-06 3.684178e-02
1145 4.561007e-07 9.181750e-03
1146 1.458947e-04 7.068448e-02
1147 1.694868e-05 4.265881e-02
1148 4.433789e-05 1.816778e-02
1149 1.244451e-05 1.084429e-02
1150 1.215210e-05 1.078361e-02
1151 8.194028e-05 1.577214e-02
1152 4.390273e-06 5.975435e-03
1153 1.159586e-06 4.717569e-03
1154 2.396923e-05 8.593500e-03
1155 6.851463e-05 2.034903e-02
1156 7.282764e-05 3.629462e-02
1157 1.123462e-04 5.449458e-02
1158 6.374277e-06 1.486661e-02
1159 4.469838e-04 1.643542e-01
1160 1.124059e-05 1.071776e-02
1161 5.256018e-06 7.320256e-03
1162 5.133351e-05 4.454604e-02
1163 6.301943e-04 2.221864e-01
1164 7.059826e-05 2.230592e-02
1165 8.951820e-05 1.631078e-02
1166 6.789156e-05 4.400879e-02
1167 4.600816e-05 3.394538e-02
1168 6.930194e-05 2.323672e-02
1169 6.532906e-05 4.108338e-02
1170 4.680135e-05 3.361009e-02
1171 6.374567e-06 8.401909e-03
1172 2.730594e-05 2.481233e-02
1173 5.201771e-04 2.303318e-01
1174 1.322232e-03 1.771151e-01
1175 5.572928e-05 3.790862e-02
1176 7.403933e-03 1.717309e+00
1177 2.556439e-07 3.097306e-03
1178 1.240309e-04 2.642413e-02
1179 1.574101e-05 2.327377e-02
1180 9.522344e-04 8.525437e-02
1181 3.352534e-05 2.122769e-02
1182 5.206002e-04 5.081447e-02
1183 8.233154e-05 2.660098e-02
1184 7.699709e-04 9.725799e-02
1185 5.082631e-04 1.633369e-01
1186 9.673979e-05 2.520272e-02
1187 3.779226e-06 9.222146e-03
1188 2.871866e-06 1.021016e-02
1189 1.431629e-04 3.608097e-02
1190 9.204292e-04 2.362586e-01
1191 1.179824e-04 3.333929e-02
1192 2.880277e-04 9.220271e-02
1193 1.026558e-04 3.809224e-02
1194 3.340713e-04 1.844128e-01
1195 5.220564e-05 5.881063e-02
1196 4.963051e-04 1.488647e-01
1197 4.943724e-04 5.461802e-02
1198 1.326219e-05 2.780456e-02
1199 2.524406e-04 5.645061e-02
1200 3.329163e-04 1.709546e-01
1201 8.337113e-06 2.723602e-02
1202 1.060802e-05 1.596435e-02
1203 5.529448e-05 4.054970e-02
1204 9.820931e-05 7.282980e-02
1205 3.315556e-07 4.856665e-03
1206 4.576532e-05 1.742464e-02
1207 3.279404e-07 3.635416e-03
1208 4.414626e-04 9.396522e-02
1209 1.828554e-06 8.836987e-03
1210 1.519443e-07 8.338391e-03
1211 3.338628e-07 3.588339e-03
1212 5.041583e-06 5.094627e-03
1213 1.422176e-06 7.433113e-03
1214 6.886577e-06 8.887637e-03
1215 5.866248e-06 3.461531e-02
1216 2.753147e-08 4.241937e-03
1217 4.997864e-04 2.531820e-01
1218 5.367265e-06 6.634379e-03
1219 8.557212e-08 1.279095e-03
1220 1.474992e-07 3.393147e-03
1221 1.666584e-05 8.005335e-03
1222 3.015381e-03 2.398452e-01
1223 3.563985e-07 2.049641e-03
1224 1.247272e-06 2.160931e-03
1225 2.333968e-04 5.650433e-02
1226 1.837838e-08 2.309295e-03
1227 7.085080e-04 3.473924e-01
1228 1.195570e-05 1.005881e-02
1229 7.179004e-09 1.268368e-03
1230 1.358681e-06 2.576383e-03
1231 6.493068e-07 1.770537e-03
1232 2.772413e-08 2.020345e-03
1233 9.582419e-08 2.240798e-03
1234 1.119089e-05 4.061466e-03
1235 1.865191e-07 2.546568e-03
1236 1.082650e-06 2.890820e-03
1237 8.730801e-06 3.377068e-03
1238 4.318827e-06 3.958172e-03
1239 1.147890e-07 2.312823e-03
1240 8.307286e-04 7.708610e-01
1241 1.546964e-05 5.324101e-03
1242 1.775449e-05 3.465203e-03
1243 2.963563e-06 4.100475e-03
1244 3.642886e-06 3.854027e-03
1245 1.615693e-06 2.803535e-03
1246 1.691151e-06 2.731082e-03
1247 5.358009e-05 1.758127e-02
1248 2.240891e-05 4.526997e-02
1249 1.751727e-06 1.092134e-02
1250 7.661159e-05 2.157678e-02
1251 9.535521e-06 1.876626e-02
1252 3.667842e-06 1.694089e-02
1253 1.679033e-06 1.505363e-02
1254 4.179176e-06 8.222793e-03
1255 6.314619e-04 3.474646e-01
1256 1.593591e-05 8.318741e-03
1257 4.347527e-03 9.796413e-01
1258 2.956384e-04 7.776622e-02
1259 6.572776e-04 2.284598e-01
1260 1.085750e-04 2.636040e-02
1261 3.397841e-08 1.846330e-03
1262 1.848982e-03 1.827949e-01
1263 2.208233e-06 5.368047e-03
1264 2.315729e-04 6.260689e-02
1265 2.209814e-06 3.130720e-03
1266 7.220470e-07 6.896445e-03
1267 1.815765e-08 1.941137e-03
1268 1.799117e-05 6.396436e-03
1269 5.672363e-05 6.188434e-02
1270 2.453011e-04 6.991135e-02
1271 2.391103e-06 1.089460e-02
1272 3.838856e-07 3.270699e-03
1273 3.106892e-06 6.518173e-03
1274 6.946919e-06 2.096788e-02
1275 1.625040e-04 7.693585e-02
1276 1.098953e-04 1.013725e-01
1277 6.014970e-05 1.221443e-01
1278 1.063926e-03 1.759859e-01
1279 7.327203e-06 5.603144e-03
1280 2.933558e-07 7.374554e-03
1281 2.118106e-07 8.529877e-03
1282 1.202041e-06 1.536779e-02
1283 3.732128e-06 1.278795e-02
1284 3.389771e-04 2.425471e-01
1285 5.769793e-05 3.213356e-02
1286 3.999981e-04 1.155879e-01
1287 3.456144e-07 7.175307e-03
1288 4.395793e-05 1.205067e-01
1289 1.295960e-04 1.391873e-01
1290 2.500155e-08 1.824194e-03
1291 1.481845e-04 7.745234e-02
1292 4.225207e-06 1.560636e-02
1293 5.370787e-05 2.052382e-01
1294 1.066283e-06 2.403353e-03
1295 8.908641e-06 1.729756e-02
1296 3.227848e-05 1.764759e-02
1297 1.807515e-03 3.620461e-01
1298 1.472342e-04 1.844914e-01
1299 2.373110e-05 1.994408e-02
1300 1.327162e-03 3.775292e-01
1301 1.067298e-05 4.229835e-03
1302 2.247704e-06 3.705679e-03
1303 1.695212e-04 2.674825e-02
1304 1.100041e-04 4.439764e-02
1305 4.683403e-04 7.093751e-02
1306 2.626222e-04 2.485400e-02
1307 1.151410e-03 1.247370e-01
1308 8.024435e-06 1.012345e-02
1309 8.420655e-04 2.231861e-01
1310 2.030824e-03 3.329812e-01
1311 4.598641e-04 1.530446e-01
1312 8.583089e-03 8.413722e-01
1313 1.490690e-06 4.870658e-03
1314 6.808878e-05 4.123020e-02
1315 1.887163e-07 6.006778e-03
1316 9.123753e-09 4.991070e-03
1317 9.380416e-09 3.431412e-03
1318 7.101218e-08 1.998460e-03
1319 2.411178e-08 2.519684e-03
1320 2.631872e-07 4.452447e-03
1321 5.930824e-08 4.114420e-03
1322 3.415489e-09 1.540111e-03
1323 2.535726e-06 1.486197e-02
1324 1.465112e-06 3.105795e-03
1325 6.409850e-07 6.742138e-03
1326 1.584418e-06 8.123975e-03
1327 1.632323e-06 1.013378e-02
1328 6.772202e-06 7.099260e-03
1329 2.071929e-10 2.764862e-03
1330 2.635153e-06 9.702160e-03
1331 1.034742e-04 1.541993e-01
1332 3.910153e-04 2.185143e-01
1333 7.298944e-06 3.243147e-02
1334 3.659993e-07 2.098757e-02
1335 1.144120e-04 2.073171e-02
1336 7.127365e-06 9.846871e-03
1337 1.940722e-05 4.751977e-03
1338 1.043176e-04 2.609823e-02
1339 6.651873e-06 2.849495e-02
1340 2.764513e-06 1.007933e-02
1341 4.723649e-06 7.856793e-03
1342 6.743642e-08 1.654731e-03
1343 2.739424e-03 4.209107e-01
1344 1.774226e-07 5.153667e-03
1345 1.381637e-03 2.712773e-01
1346 7.715810e-04 5.294706e-02
1347 2.510352e-04 8.381323e-02
1348 5.621007e-05 2.333648e-02
1349 2.424555e-06 1.320263e-02
1350 3.656374e-03 5.637980e-01
1351 1.062597e-03 2.834251e-01
1352 4.751328e-03 3.212829e-01
1353 1.184671e-08 3.320233e-03
1354 2.014436e-07 3.116149e-03
1355 1.772141e-05 3.676731e-02
1356 1.027642e-06 4.519150e-03
1357 4.806263e-07 5.399991e-03
1358 4.231199e-04 3.117914e-01
1359 2.428972e-06 2.555162e-02
1360 1.226036e-05 4.629607e-03
1361 9.897479e-06 1.316083e-02
1362 5.527635e-06 3.528661e-03
1363 1.038814e-08 1.348767e-03
1364 5.800744e-08 1.287110e-03
1365 2.058247e-08 1.906392e-03
1366 8.311455e-07 7.107414e-03
1367 2.995415e-05 3.582679e-02
1368 4.705875e-07 3.316771e-03
1369 7.287821e-08 2.311836e-03
1370 4.382080e-08 1.154382e-03
1371 9.576919e-06 2.497050e-03
1372 3.060994e-07 1.230848e-03
1373 2.760964e-07 2.041410e-03
1374 7.774946e-06 8.606262e-03
1375 6.946659e-04 1.659547e-01
1376 1.013412e-04 2.643539e-02
1377 3.730050e-04 5.314209e-02
1378 1.087529e-06 1.152605e-02
1379 3.019720e-04 9.228163e-02
1380 3.849270e-04 5.253496e-02
1381 5.925919e-07 2.248868e-02
1382 3.935865e-07 2.262858e-03
1383 1.600575e-05 6.962382e-03
1384 2.488931e-03 3.700203e-01
1385 7.737732e-05 3.616725e-02
1386 4.712805e-04 1.411194e-01
1387 1.996401e-03 4.504053e-01
1388 1.471945e-03 3.924580e-01
1389 7.925453e-06 7.620871e-03
1390 2.050972e-03 1.582457e-01
1391 5.402790e-05 1.711360e-02
1392 9.174309e-07 1.600376e-02
1393 2.339980e-06 3.003937e-03
1394 5.824851e-07 1.083229e-02
1395 1.160175e-05 4.202831e-02
1396 1.690360e-06 5.116337e-03
1397 2.973795e-06 4.525795e-03
1398 1.728402e-03 3.796582e-01
1399 1.045206e-05 1.757672e-02
1400 1.778332e-06 8.461960e-03
1401 8.184361e-05 5.214705e-02
1402 2.708839e-07 4.001181e-03
1403 1.584792e-05 3.719170e-03
1404 6.034371e-05 3.731280e-02
1405 1.511222e-07 2.184660e-03
1406 5.304851e-05 1.473002e-02
1407 6.016264e-07 2.677429e-03
1408 1.495512e-08 2.396866e-03
1409 3.153189e-04 3.260750e-02
1410 7.214638e-04 1.229460e-01
1411 5.499477e-05 1.577945e-01
1412 1.606173e-03 2.269711e-01
1413 3.880718e-07 2.434474e-03
1414 2.169878e-03 5.294973e-01
1415 1.417555e-07 3.221421e-03
1416 1.011010e-05 4.457327e-03
1417 8.614396e-05 5.174481e-03
1418 1.628087e-06 3.747625e-03
1419 4.757074e-04 8.305042e-02
1420 1.618976e-03 3.094612e-01
1421 4.776072e-04 1.307666e-01
1422 2.897892e-04 6.439097e-02
1423 6.123081e-04 3.104789e-01
1424 4.643505e-07 9.871689e-03
1425 1.652926e-03 7.189813e-01
1426 6.426554e-04 3.950663e-01
1427 2.265504e-05 4.183766e-02
1428 3.392763e-05 1.165569e-02
1429 1.052178e-05 1.068411e-02
1430 1.746269e-05 4.300944e-02
1431 2.435758e-05 3.990421e-02
1432 2.690254e-04 5.104175e-02
1433 1.116948e-07 7.791143e-03
1434 3.646882e-07 3.257076e-02
1435 2.408464e-04 5.639488e-02
1436 1.276882e-03 3.258840e-01
1437 1.147856e-06 4.727911e-03
1438 1.941306e-05 8.264819e-03
1439 1.623984e-03 8.575296e-01
1440 4.133161e-04 4.411937e-02
1441 1.427396e-03 3.885876e-01
1442 1.694369e-08 2.166021e-03
1443 2.094906e-05 5.586731e-02
1444 4.509651e-06 3.596259e-02
1445 3.148313e-05 4.593927e-02
1446 1.050342e-06 6.373407e-03
1447 2.262021e-04 2.153953e-02
1448 1.005189e-06 9.812312e-03
1449 5.224289e-04 1.042067e-01
1450 1.546478e-04 1.177964e-01
1451 4.959297e-08 1.807547e-03
1452 1.287681e-06 1.405223e-02
1453 5.385174e-07 1.963541e-03
1454 2.841589e-07 1.286358e-02
1455 6.085713e-09 4.418059e-03
1456 6.248421e-06 8.416125e-03
1457 4.812674e-08 5.407959e-03
1458 3.255067e-08 2.873251e-03
1459 1.486478e-05 7.094170e-03
1460 6.477337e-08 4.501648e-03
1461 2.234683e-07 7.675198e-03
1462 5.946694e-07 8.539825e-03
1463 3.818291e-05 3.275090e-02
1464 2.605546e-03 6.462391e-01
1465 9.368296e-04 3.561116e-01
1466 1.177423e-03 3.459631e-01
1467 1.028430e-04 3.535551e-02
1468 4.389269e-03 6.074477e-01
1469 1.905467e-03 3.416247e-01
1470 5.548182e-05 3.006688e-02
1471 4.582982e-05 1.548860e-02
1472 3.642675e-04 1.033076e-01
1473 2.988662e-08 2.957493e-03
1474 1.116292e-07 1.252387e-02
1475 2.960143e-07 4.526531e-03
1476 2.626546e-05 6.636889e-03
1477 1.750598e-03 2.149993e-01
1478 2.697041e-05 2.747384e-02
1479 6.848399e-04 9.720191e-02
1480 2.088520e-04 1.336790e-01
1481 2.179420e-05 3.364603e-02
1482 5.644519e-05 6.279985e-02
1483 1.561936e-05 1.062115e-02
1484 1.438592e-05 7.099102e-03
1485 1.355453e-05 6.777013e-03
1486 1.028993e-03 2.001478e-01
1487 4.301047e-05 1.331246e-02
1488 2.315375e-04 3.345575e-02
1489 7.923825e-05 6.000394e-03
1490 1.616262e-05 5.846507e-03
1491 6.004211e-04 1.678725e-01
1492 2.767512e-05 2.040731e-02
1493 1.871824e-06 5.306418e-03
1494 4.113894e-05 2.052065e-02
1495 8.417668e-04 3.035609e-01
1496 5.019545e-05 7.382187e-03
1497 3.663855e-04 1.041047e-01
1498 3.112209e-03 5.228927e-01
1499 1.902731e-04 3.995900e-02
1500 3.299953e-06 1.014842e-02
1501 9.992350e-04 8.472513e-02
1502 4.442456e-04 1.260414e-01
1503 1.179923e-04 2.918725e-02
1504 5.747665e-04 5.004846e-01
1505 2.702671e-05 7.007358e-02
1506 2.773213e-07 1.681238e-03
1507 5.310116e-04 1.457916e-01
1508 1.102644e-03 8.276058e-01
1509 2.961840e-06 4.131604e-03
1510 1.232277e-06 3.718982e-03
1511 9.654096e-04 1.484753e-01
1512 1.371494e-07 1.056816e-03
1513 2.793831e-06 1.726733e-02
1514 5.171346e-08 5.213116e-03
1515 2.667746e-06 9.830973e-03
1516 1.178742e-04 1.003436e-01
1517 1.305142e-05 1.686151e-02
1518 3.140745e-05 8.425769e-02
1519 6.633148e-09 1.807047e-03
1520 3.689074e-05 6.756979e-02
1521 1.182859e-07 2.443345e-03
1522 9.031550e-08 4.717219e-03
1523 1.985400e-05 5.850587e-03
1524 7.802760e-04 3.245065e-01
1525 1.120954e-04 4.890085e-02
1526 1.302204e-05 2.349823e-02
1527 7.980543e-04 5.182328e-02
1528 1.897067e-05 7.915515e-03
1529 5.209050e-05 2.081246e-02
1530 4.889289e-06 7.065466e-03
1531 4.767759e-04 8.778595e-02
1532 6.549596e-05 1.934449e-02
1533 5.974983e-05 1.088559e-01
1534 1.324076e-03 3.206484e-01
1535 1.233179e-03 4.418993e-01
1536 2.592240e-04 3.092500e-01
1537 7.090732e-07 8.373953e-03
1538 4.477486e-04 3.743621e-01
1539 2.264938e-05 2.547959e-02
1540 9.681360e-07 4.662835e-02
1541 8.726313e-04 2.231878e-01
1542 5.561767e-03 9.436442e-01
1543 1.043505e-07 5.576290e-03
1544 3.457778e-06 1.668546e-02
1545 1.485697e-08 3.642040e-03
1546 4.200281e-04 1.289774e-01
1547 7.970777e-06 3.674612e-02
1548 3.969402e-07 3.960193e-02
1549 1.461386e-08 2.623902e-03
1550 4.564824e-05 3.078962e-02
1551 2.651038e-06 1.635810e-02
1552 2.974888e-08 1.271388e-03
1553 7.751074e-08 3.194699e-03
1554 2.940529e-03 3.320381e-01
1555 1.392271e-03 2.316481e-01
1556 1.458759e-05 4.037641e-02
1557 2.045834e-04 2.133171e-01
1558 5.981521e-04 3.028940e-01
1559 1.249241e-03 2.747147e-01
1560 6.163534e-06 5.238517e-03
1561 2.260254e-04 4.610715e-02
1562 1.082762e-05 1.371055e-02
1563 5.611432e-04 4.498677e-02
1564 6.470580e-07 7.991025e-03
1565 1.250294e-04 7.465437e-02
1566 1.222214e-04 2.975236e-02
1567 1.111943e-05 7.272563e-03
1568 1.061120e-04 1.460679e-02
1569 1.438497e-04 3.563672e-02
1570 2.855949e-04 5.398383e-02
1571 4.622889e-05 6.157033e-02
1572 1.661166e-08 1.949956e-03
1573 9.026271e-04 1.551298e-01
1574 7.415531e-07 5.590065e-03
1575 4.954933e-06 2.271302e-02
1576 1.088312e-05 1.513268e-02
1577 1.220378e-04 3.282749e-01
1578 4.656013e-07 6.633730e-03
1579 1.066903e-04 2.377794e-02
1580 4.439344e-09 2.503655e-03
1581 7.329576e-06 5.195125e-03
1582 1.630297e-05 6.776336e-03
1583 3.306865e-04 9.310341e-02
1584 2.472321e-05 7.805140e-03
1585 1.540714e-03 4.491340e-01
1586 1.225923e-03 4.217566e-01
1587 4.657878e-04 1.360323e-01
1588 1.334457e-03 1.558576e-01
1589 1.346037e-04 1.991545e-01
1590 1.206850e-03 2.925523e-01
1591 3.229435e-05 5.874141e-02
1592 4.847571e-05 3.356528e-02
1593 2.229900e-04 1.242959e-01
1594 7.439604e-05 4.559767e-02
1595 1.240749e-04 1.847443e-02
1596 8.845744e-05 2.729358e-02
1597 1.120340e-04 3.112223e-02
1598 4.386397e-04 1.215316e-01
1599 7.734761e-06 3.774259e-03
1600 2.893952e-04 1.469396e-01
1601 1.574847e-06 1.470249e-03
1602 4.231559e-03 5.088296e-01
1603 1.752852e-07 2.575075e-03
1604 1.433175e-08 2.525069e-03
1605 6.809866e-04 7.429505e-02
1606 2.697911e-09 2.940623e-03
1607 3.786044e-08 1.977220e-03
1608 2.796775e-07 2.025576e-03
1609 3.947893e-04 6.626029e-02
1610 2.311635e-04 9.515776e-02
1611 4.246238e-10 1.884607e-03
1612 2.696255e-08 2.241210e-03
1613 1.009707e-05 3.418481e-03
1614 1.891105e-06 5.294745e-03
1615 1.998472e-03 1.752313e-01
1616 8.630312e-04 1.000608e-01
1617 4.994084e-04 1.572558e-01
1618 3.831712e-04 5.541492e-02
1619 1.770420e-03 5.747349e-01
1620 4.913357e-06 1.091858e-02
1621 1.769820e-04 1.281627e-01
1622 5.131339e-06 5.772207e-03
1623 1.534918e-05 5.222641e-02
1624 1.572492e-07 5.282837e-03
1625 1.696482e-08 1.696749e-03
1626 1.408468e-07 9.844835e-03
1627 4.543510e-06 6.716076e-03
1628 3.601287e-09 1.990069e-03
1629 3.459454e-05 7.471547e-02
1630 3.043715e-09 1.722475e-03
1631 2.360000e-06 1.197057e-02
1632 3.868866e-07 1.015628e-02
1633 1.004306e-04 4.304744e-02
1634 1.518888e-03 5.968610e-01
1635 1.118113e-03 2.880922e-01
1636 1.415906e-03 1.097010e+00
1637 2.843368e-04 1.317382e-01
1638 2.147981e-04 3.901237e-02
1639 2.200081e-03 7.761667e-01
1640 1.552100e-04 1.267878e-01
1641 1.407808e-04 3.259301e-01
1642 2.358451e-04 5.615298e-02
1643 4.075948e-05 5.205277e-02
1644 2.652214e-04 1.249286e-01
1645 1.100150e-07 1.653359e-03
1646 4.885241e-04 2.636657e-02
1647 1.221982e-03 2.896969e-01
1648 2.374982e-06 6.321791e-03
1649 3.889102e-05 2.901621e-02
1650 1.248614e-03 3.490720e-01
1651 5.837035e-06 2.409300e-03
1652 7.850111e-03 5.504453e-01
1653 2.138293e-03 6.034988e-01
1654 3.883148e-07 2.805488e-03
1655 1.942670e-05 8.004394e-03
1656 9.335554e-08 3.790341e-03
1657 6.928880e-08 1.272061e-03
1658 9.773719e-07 3.430610e-03
1659 8.431790e-06 1.081124e-02
1660 4.563163e-09 2.013461e-03
1661 1.068640e-03 1.002471e-01
1662 1.379721e-07 8.355339e-03
1663 4.742799e-04 5.892412e-02
1664 8.014565e-08 7.015595e-03
1665 3.629729e-04 5.308777e-02
1666 4.974288e-04 9.501158e-02
1667 1.457393e-04 6.163671e-02
1668 3.821774e-06 2.941921e-03
1669 4.765813e-06 6.199272e-03
1670 7.901915e-06 1.120393e-02
1671 7.338364e-07 4.700063e-03
1672 8.978700e-06 3.199360e-02
1673 1.211257e-04 6.390365e-02
1674 1.269961e-05 3.436859e-03
1675 2.279451e-04 1.866208e-02
1676 1.494685e-07 1.483637e-03
1677 1.448370e-04 1.698406e-02
1678 2.852103e-04 3.033546e-01
1679 7.807913e-06 1.391656e-02
1680 4.310249e-05 1.788238e-02
1681 5.799987e-04 7.361534e-02
1682 2.780152e-06 8.330701e-03
1683 1.074893e-06 1.424287e-02
1684 1.830682e-06 6.992687e-03
1685 2.329738e-09 2.228300e-03
1686 2.139938e-04 4.499537e-02
1687 6.679918e-05 2.037654e-02
1688 1.394216e-07 1.178537e-03
1689 1.211718e-05 4.520841e-02
1690 7.689843e-06 1.105512e-02
1691 1.129071e-04 6.431387e-02
1692 2.159742e-03 6.819910e-01
1693 1.870484e-03 5.179440e-01
1694 7.126869e-04 1.149033e-01
1695 2.387374e-06 9.140901e-03
1696 4.995871e-07 3.041289e-03
1697 6.413884e-08 6.226096e-03
1698 5.070069e-04 7.304787e-02
1699 2.409289e-06 1.723946e-02
1700 4.745393e-04 2.251643e-02
1701 4.123824e-06 1.047484e-02
1702 1.316136e-06 6.211803e-03
1703 3.068095e-05 1.559114e-02
1704 2.732003e-06 7.075226e-03
1705 1.837774e-03 3.413035e-01
1706 3.462475e-05 5.261663e-02
1707 2.773522e-06 3.395415e-03
1708 7.900262e-10 2.066059e-03
1709 3.607588e-09 5.400143e-03
1710 5.808835e-09 1.419913e-03
1711 2.975848e-06 1.068977e-02
1712 2.911037e-06 5.578954e-03
1713 6.805855e-07 4.462341e-03
1714 6.263155e-07 6.114045e-03
1715 5.843578e-07 4.494933e-03
1716 1.827090e-07 6.161898e-03
1717 9.649261e-09 2.196575e-03
1718 1.761382e-06 1.825408e-02
1719 4.205347e-10 1.983139e-03
1720 6.172689e-06 4.713298e-03
1721 2.444785e-08 1.542420e-03
1722 4.462025e-06 1.291744e-02
1723 4.091444e-09 1.305752e-03
1724 1.255847e-09 1.415998e-03
1725 1.925649e-07 1.935055e-03
1726 1.830814e-05 3.758177e-02
1727 1.017060e-07 1.035982e-02
1728 3.965891e-08 2.569960e-03
1729 4.313240e-05 1.355742e-02
1730 5.119703e-08 4.519452e-03
1731 3.544761e-07 4.019131e-03
1732 3.175987e-04 6.766897e-02
1733 4.012201e-04 2.397407e-01
1734 2.773340e-03 3.322197e-01
1735 2.037552e-05 7.423597e-02
1736 7.127940e-07 7.918627e-03
1737 4.141906e-06 9.068520e-03
1738 3.733429e-04 2.202846e-01
1739 1.122957e-03 2.091343e-01
1740 1.757742e-05 2.397171e-02
1741 5.040790e-10 1.330453e-03
1742 2.664502e-07 1.700355e-03
1743 1.327473e-07 4.114705e-03
1744 6.902350e-08 2.075884e-03
1745 5.798931e-09 2.243228e-03
1746 6.812945e-07 8.568055e-03
1747 8.464003e-06 2.350550e-02
1748 3.205184e-05 1.002983e-02
1749 2.087070e-06 6.924828e-03
1750 1.175780e-06 8.756239e-03
1751 7.136097e-08 4.094278e-03
1752 3.550631e-07 7.630253e-03
1753 1.539911e-04 1.070039e-01
1754 1.212125e-03 4.312645e-01
1755 1.203054e-03 3.618969e-01
1756 7.160461e-06 1.981185e-02
1757 2.224487e-04 7.259772e-02
1758 3.374220e-03 6.150496e-01
1759 1.781184e-04 1.481615e-01
1760 1.792744e-03 2.532354e-01
1761 8.900555e-04 5.845139e-01
1762 2.336789e-03 6.802038e-01
1763 3.313758e-04 2.022497e-01
1764 3.183634e-05 2.375562e-02
1765 4.081037e-05 4.264735e-02
1766 4.309984e-04 2.543662e-01
1767 1.461855e-04 5.310875e-02
1768 2.496127e-05 3.493507e-02
1769 1.036455e-04 1.437140e-01
1770 7.230320e-04 1.153261e-01
1771 8.568748e-05 1.210554e-01
1772 5.855343e-07 4.446399e-03
1773 6.698227e-03 1.665907e+00
1774 9.977862e-04 3.060157e-01
1775 3.968016e-03 1.073445e+00
1776 1.205450e-03 2.160809e-01
1777 1.146048e-05 5.754934e-02
1778 1.414285e-03 6.234778e-01
1779 2.143275e-04 8.577613e-02
1780 2.083281e-04 6.740804e-02
1781 4.640010e-05 3.479713e-02
1782 3.445328e-05 3.626138e-02
1783 3.550777e-03 5.737287e-01
1784 8.783332e-05 7.444844e-02
1785 3.461008e-05 1.050446e-01
1786 3.952647e-04 2.013440e-02
1787 1.125941e-03 7.492433e-02
1788 9.052058e-04 2.990369e-01
1789 5.493934e-04 1.413420e-01
1790 2.593752e-05 1.894989e-02
1791 9.424915e-05 1.600216e-01
1792 9.647385e-04 2.504098e-01
1793 5.845013e-04 6.472881e-02
1794 1.457109e-04 2.220883e-02
1795 4.671796e-05 3.491158e-02
1796 1.983842e-04 1.029126e-01
1797 1.296852e-04 1.060785e-01
1798 1.318483e-05 4.940279e-02
1799 2.283092e-06 1.590982e-02
1800 2.312995e-04 1.909778e-01
1801 3.944476e-05 4.202340e-02
1802 1.946215e-03 4.375350e-01
1803 8.516694e-04 2.057247e-01
1804 5.255870e-04 2.256599e-01
1805 3.041461e-04 6.764440e-02
1806 8.443053e-05 6.604655e-02
1807 5.727176e-05 2.717577e-02
1808 1.501979e-03 2.030141e-01
1809 3.452689e-06 2.310347e-02
1810 8.500369e-07 9.285862e-03
1811 1.183423e-06 1.301088e-02
1812 1.026125e-04 2.097149e-02
1813 1.427732e-05 1.006775e-02
1814 1.241652e-07 2.085868e-02
1815 3.018005e-05 7.359881e-02
1816 6.115918e-05 2.935435e-02
1817 4.186994e-04 7.712977e-02
1818 3.355929e-06 4.646648e-02
1819 4.808893e-03 4.825685e-01
1820 4.350573e-04 1.466249e-01
1821 5.955406e-05 2.603561e-02
1822 1.596198e-05 2.060105e-02
1823 3.501610e-06 4.837365e-02
1824 3.105787e-04 3.941087e-02
1825 1.339447e-03 3.070795e-01
1826 4.606383e-04 7.276580e-02
1827 4.839911e-06 1.224691e-02
1828 1.736700e-05 1.752093e-02
1829 8.674270e-06 1.677417e-02
1830 4.144182e-03 9.524437e-01
1831 2.116797e-06 9.343976e-03
1832 4.586450e-05 3.917384e-02
1833 4.475120e-07 1.113308e-02
1834 9.989192e-05 2.139375e-02
1835 5.567163e-08 8.519181e-03
1836 8.424407e-06 6.476520e-03
1837 1.697195e-03 1.445965e-01
1838 7.235174e-05 3.330623e-02
1839 1.762990e-05 4.598825e-02
1840 8.252351e-05 8.067146e-02
1841 9.913048e-05 4.542500e-02
1842 1.424790e-05 2.176993e-02
1843 1.917178e-05 1.810051e-02
1844 1.449777e-05 2.110889e-02
1845 7.687117e-05 2.045485e-02
1846 9.003153e-07 7.260041e-03
1847 2.693420e-05 1.415401e-02
1848 1.917171e-06 1.273395e-02
1849 3.255835e-06 1.515992e-02
1850 1.895017e-06 9.905486e-03
1851 2.149201e-06 5.736096e-03
1852 1.191222e-06 4.794641e-03
1853 4.719241e-06 4.492757e-03
1854 5.811540e-04 9.029994e-02
1855 2.720284e-05 2.902160e-02
1856 2.328547e-04 9.630896e-02
1857 9.753015e-04 1.476749e-01
1858 7.379609e-04 8.638191e-02
1859 4.062727e-06 5.532675e-03
1860 3.040924e-04 9.614114e-02
1861 1.758448e-08 7.875172e-03
1862 4.334336e-06 9.649682e-03
1863 7.227728e-06 2.620835e-02
1864 7.467315e-04 1.441979e-01
1865 2.258937e-04 6.644549e-02
1866 7.991672e-05 4.823615e-02
1867 7.132756e-06 1.184102e-02
1868 6.764070e-08 9.834021e-03
1869 4.667569e-07 6.738191e-03
1870 3.797600e-06 1.560914e-02
1871 1.871835e-03 3.071085e-01
1872 3.260645e-04 2.415249e-01
1873 6.254849e-05 1.888825e-02
1874 2.295142e-04 8.398293e-02
1875 4.754386e-04 1.183467e-01
1876 4.656314e-05 8.662063e-03
1877 1.059261e-04 2.820445e-02
1878 1.295423e-05 8.165672e-03
1879 3.968385e-05 3.462866e-02
1880 4.113521e-05 1.912042e-02
1881 4.216402e-04 2.661933e-01
1882 9.839594e-06 6.455180e-02
1883 2.341667e-06 4.423115e-02
1884 1.709914e-04 8.283592e-02
1885 7.357993e-05 3.641956e-02
1886 1.408134e-04 1.013578e-01
1887 4.864386e-06 8.326900e-03
1888 2.048447e-06 1.622127e-02
1889 1.213147e-07 7.984974e-03
1890 2.364734e-08 5.478814e-03
1891 4.857460e-07 5.580899e-03
1892 6.044776e-07 5.968445e-03
1893 3.371903e-08 2.192473e-02
1894 5.490174e-05 5.856429e-02
1895 6.862677e-05 2.828110e-02
1896 3.025295e-07 5.016145e-03
1897 8.343348e-08 3.673205e-03
1898 1.722205e-06 3.811774e-03
1899 3.364161e-05 1.847853e-02
1900 1.485554e-05 2.187319e-02
1901 1.138892e-08 1.743661e-03
1902 8.490532e-04 2.482173e-01
1903 2.292874e-04 3.628887e-01
1904 1.168530e-04 3.007294e-02
1905 3.893330e-04 1.180476e-01
1906 3.589764e-04 6.234404e-01
1907 1.139788e-07 7.401139e-03
1908 3.910032e-07 8.142464e-03
1909 1.021665e-07 5.435059e-03
1910 9.438810e-05 3.458718e-02
1911 1.881440e-07 1.193721e-02
1912 1.460921e-04 6.575907e-02
1913 2.648220e-05 6.939718e-02
1914 6.589599e-04 1.237740e-01
1915 6.050435e-04 7.121934e-01
1916 5.537557e-04 2.004165e-01
1917 1.032516e-04 1.850955e-01
1918 7.290947e-04 1.559923e-01
1919 6.826475e-04 2.767910e-01
1920 3.473209e-05 6.935995e-02
1921 5.045690e-05 4.232046e-02
1922 3.003510e-04 1.884526e-01
1923 3.165442e-04 1.190437e-01
1924 9.918822e-04 2.581827e-01
1925 4.305634e-05 7.361520e-02
1926 6.509645e-06 2.441821e-02
1927 7.881745e-04 1.101797e-01
1928 9.700226e-04 3.187182e-01
1929 1.464817e-04 5.286647e-02
1930 1.810114e-06 6.015641e-03
1931 2.832528e-06 3.877460e-02
1932 1.577412e-07 2.588269e-02
1933 2.822761e-04 4.567737e-02
1934 3.889203e-07 7.579873e-03
1935 1.084052e-05 6.436648e-02
1936 3.086750e-05 2.125486e-02
1937 5.312705e-04 9.989426e-02
1938 2.900799e-04 1.035922e-01
1939 1.383738e-04 7.721024e-02
1940 6.053185e-05 9.695752e-02
1941 1.653930e-06 7.945915e-03
1942 6.465691e-04 1.525211e-01
1943 7.879439e-05 1.223304e-01
1944 2.636337e-05 3.591449e-02
1945 1.384813e-05 1.275628e-02
1946 9.582889e-05 1.345357e-01
1947 5.056376e-05 2.127950e-02
1948 6.714927e-04 9.250128e-02
1949 3.119048e-03 4.514045e-01
1950 1.621513e-03 1.424858e-01
1951 7.809021e-04 2.860030e-01
1952 1.273122e-04 1.422238e-01
1953 1.936790e-05 2.410347e-02
1954 1.667918e-05 1.663014e-02
1955 1.510764e-03 5.756243e-01
1956 8.540057e-04 3.651232e-01
1957 1.484029e-03 5.615945e-01
1958 7.474435e-04 3.987275e-01
1959 5.517279e-08 7.318002e-03
1960 2.757839e-05 1.744273e-02
1961 4.739379e-10 2.938930e-03
1962 2.860675e-07 7.216475e-03
1963 2.171006e-09 2.056793e-03
1964 4.481951e-09 3.509714e-03
1965 1.090090e-04 3.683225e-02
1966 7.068685e-07 1.197078e-02
1967 9.766616e-04 1.949094e-01
1968 6.386755e-05 2.250235e-02
1969 1.749263e-05 2.033985e-02
1970 2.171446e-06 9.526243e-03
1971 2.311492e-05 2.503545e-02
1972 1.949392e-07 7.136043e-03
1973 7.008461e-04 2.032665e-01
1974 4.628008e-05 3.939327e-02
1975 4.472855e-06 1.694596e-02
1976 2.009470e-05 3.175055e-02
1977 9.225227e-04 2.092035e-01
1978 1.126461e-04 6.007502e-02
1979 2.798449e-04 7.033847e-02
1980 2.727167e-04 7.500362e-02
1981 5.337949e-04 4.769113e-02
1982 6.863509e-04 1.398902e-01
1983 3.349274e-03 5.187144e-01
1984 8.400183e-05 9.018193e-02
1985 7.339409e-04 2.196922e-01
1986 2.508694e-04 8.177673e-02
1987 1.734806e-03 8.090637e-01
1988 5.516835e-05 5.102416e-02
1989 4.739718e-05 4.998504e-02
1990 6.761893e-04 1.978495e-01
1991 6.928329e-06 1.419479e-02
1992 2.438995e-04 5.222744e-02
1993 1.467361e-03 1.518435e-01
1994 2.268885e-04 5.234700e-02
1995 1.990441e-04 6.909507e-02
1996 2.562619e-04 5.612732e-02
1997 3.991331e-03 4.707190e-01
1998 1.386527e-03 1.987470e-01
1999 4.826877e-04 3.361379e-01
2000 5.405778e-04 1.809030e-01
