2 6.664688e-05 1.719938e-01
3 1.966927e-03 1.106193e+00
4 1.921549e-03 6.028871e-01
5 2.553587e-04 1.567205e-01
6 4.831676e-03 1.714903e+00
7 1.519306e-03 5.762900e-01
8 1.652329e-06 5.507379e-02
9 4.693247e-07 1.148695e-02
10 2.310355e-03 3.644485e-01
11 1.036900e-03 7.008102e-01
12 3.372248e-05 4.980575e-02
13 2.074147e-03 9.545877e-01
14 3.653396e-04 2.353968e-01
15 4.396061e-04 1.196081e-01
16 1.523859e-04 7.420357e-02
17 1.925681e-05 2.561540e-02
18 2.369607e-03 3.807512e-01
19 1.025775e-04 3.422455e-01
20 4.134621e-04 6.817044e-01
21 3.070921e-03 4.702720e-01
22 3.455521e-05 3.445965e-02
23 3.018817e-03 1.208277e+00
24 1.566254e-03 7.938052e-01
25 9.622811e-05 6.508814e-02
26 2.132285e-03 9.918610e-01
27 1.515259e-03 1.694902e-01
28 3.556176e-04 9.829254e-02
29 3.629175e-03 1.312295e+00
30 4.397830e-07 7.924745e-03
31 3.289589e-03 6.683507e-01
32 4.565838e-03 8.921781e-01
33 6.821910e-04 6.584821e-02
34 1.244244e-05 1.087675e-02
35 5.515721e-05 2.915293e-01
36 6.460587e-04 1.613473e-01
37 3.344092e-03 1.438530e+00
38 5.159458e-03 2.136977e+00
39 1.510014e-03 9.677815e-01
40 2.580144e-04 3.052148e-01
41 7.795524e-07 7.249358e-03
42 5.013901e-03 1.460781e+00
43 4.684409e-05 2.026466e-02
44 2.304858e-08 3.026845e-03
45 5.504448e-07 2.827327e-03
46 2.437369e-09 1.441506e-03
47 2.828314e-08 6.340575e-03
48 2.562306e-07 7.276166e-03
49 8.516605e-08 9.179864e-03
50 7.790663e-07 3.353876e-02
51 8.239207e-09 3.201680e-03
52 1.670339e-07 5.698437e-03
53 5.412875e-08 5.716921e-03
54 9.318474e-09 4.309435e-03
55 4.139418e-09 3.403795e-03
56 7.587391e-06 2.315644e-02
57 1.370757e-06 4.343555e-02
58 4.581634e-09 1.718253e-03
59 1.322910e-06 1.322013e-02
60 3.256864e-08 2.460011e-03
61 9.319538e-09 4.242623e-03
62 5.556823e-08 1.364951e-03
63 4.051375e-07 5.829039e-03
64 4.542144e-08 1.184566e-02
65 1.506809e-08 2.830854e-03
66 1.493614e-07 4.912878e-03
67 3.987899e-09 4.816478e-03
68 6.928117e-06 1.234227e-02
69 2.076205e-05 1.262374e-02
70 2.196987e-03 9.274936e-01
71 3.108134e-11 4.412656e-03
72 3.171317e-04 1.046711e-01
73 2.494322e-07 4.659433e-03
74 6.843087e-08 5.807336e-03
75 3.194490e-07 5.872049e-03
76 2.138795e-05 1.016137e-02
77 3.220251e-07 4.930693e-03
78 4.853547e-05 5.518095e-02
79 2.711855e-06 1.163610e-02
80 3.710637e-05 1.054221e-01
81 2.389650e-07 3.224804e-03
82 4.576525e-05 4.853483e-02
83 5.571389e-09 2.531235e-03
84 4.308323e-05 3.738346e-02
85 4.532851e-07 8.045523e-03
86 2.749076e-04 9.066660e-02
87 2.109788e-04 3.052895e-01
88 3.958404e-09 2.775902e-03
89 6.525389e-04 8.202263e-02
90 1.666283e-04 1.478678e-01
91 2.421344e-05 2.088119e-02
92 2.505030e-04 1.264962e-01
93 9.047373e-06 5.640776e-02
94 1.237595e-06 9.083858e-03
95 9.692394e-10 5.393091e-03
96 2.866330e-06 1.527165e-02
97 2.708192e-05 2.706097e-02
98 4.787181e-04 1.018977e-01
99 1.493493e-04 3.607675e-01
100 2.753918e-03 1.333259e+00
101 2.089384e-03 2.940372e-01
102 1.549716e-07 6.803710e-03
103 1.534735e-03 3.569953e-01
104 1.421051e-08 2.473681e-02
105 7.357935e-04 1.690911e-01
106 6.102273e-05 8.220709e-02
107 1.642681e-07 1.227327e-02
108 5.181263e-06 1.174009e-01
109 9.572958e-08 1.221907e-02
110 3.853016e-07 4.868963e-03
111 1.218921e-07 1.091424e-02
112 1.906929e-08 1.961476e-02
113 3.580734e-04 2.094069e-01
114 2.445008e-05 2.328129e-02
115 7.755680e-05 4.786657e-02
116 3.571264e-04 1.336168e-01
117 1.557792e-06 7.688627e-03
118 5.107601e-08 3.735949e-03
119 2.077588e-03 9.102958e-01
120 1.207967e-04 5.089708e-02
121 6.400910e-07 9.123874e-03
122 5.632669e-07 5.368444e-03
123 2.662685e-04 1.931334e-01
124 3.551587e-06 1.487542e-02
125 1.886879e-05 1.799697e-01
126 4.761781e-05 1.740628e-02
127 1.678784e-07 1.173231e-02
128 1.311527e-03 6.065671e-01
129 5.017061e-04 7.007588e-01
130 9.484663e-06 8.106904e-02
131 2.206933e-04 2.814166e-01
132 3.195412e-05 3.329997e-02
133 1.008948e-03 1.340651e+00
134 5.478871e-04 8.311486e-02
135 1.239175e-03 5.722827e-01
136 5.135603e-10 2.287616e-03
137 2.540079e-07 1.307132e-02
138 1.908001e-06 4.245682e-03
139 4.951158e-06 1.090554e-02
140 8.878368e-04 1.089909e-01
141 6.433957e-07 8.839099e-03
142 1.663702e-04 3.020748e-01
143 2.118666e-04 1.547595e-01
144 1.467023e-03 3.764652e-01
145 4.156731e-05 6.511943e-02
146 2.013168e-07 1.471290e-02
147 8.011911e-05 9.502052e-02
148 1.118202e-06 6.747292e-03
149 2.987784e-04 1.110554e-01
150 3.744813e-05 1.127007e-01
151 5.227284e-04 1.227942e-01
152 3.980229e-05 4.471515e-02
153 1.322587e-06 1.084335e-02
154 2.909252e-06 1.762527e-02
155 6.244632e-08 3.192708e-03
156 7.798334e-05 3.508980e-02
157 1.284780e-07 1.321742e-02
158 1.238178e-11 3.780425e-03
159 6.785101e-07 1.796350e-02
160 1.185819e-06 1.046389e-02
161 1.735616e-06 5.472222e-03
162 1.030541e-07 1.729615e-02
163 1.231776e-06 1.771647e-02
164 1.507370e-05 1.727317e-02
165 2.862673e-08 1.802404e-03
166 9.084927e-07 2.645713e-03
167 2.176041e-05 1.100554e-02
168 2.294387e-06 5.961565e-03
169 6.533880e-05 4.253715e-02
170 1.710877e-06 8.146064e-03
171 1.326691e-04 7.193941e-02
172 3.949584e-04 6.656331e-01
173 4.754630e-04 1.343902e-01
174 9.479556e-04 3.671012e-01
175 7.404641e-11 1.263872e-03
176 4.701066e-06 1.535128e-02
177 1.685002e-09 3.191376e-03
178 4.022500e-08 7.888178e-03
179 1.093665e-06 1.333150e-02
180 2.609018e-10 1.277313e-03
181 5.389617e-04 1.351328e-01
182 8.722152e-04 2.878211e-01
183 3.872663e-05 4.700311e-02
184 2.067669e-06 9.744601e-03
185 2.531079e-10 1.523810e-03
186 3.621135e-06 4.960192e-02
187 4.835339e-03 1.213629e+00
188 3.045336e-04 7.574552e-02
189 5.066121e-06 1.612967e-02
190 5.069790e-07 5.800904e-03
191 1.723033e-06 7.197457e-03
192 3.532046e-08 5.865329e-03
193 3.650348e-09 6.284682e-03
194 3.581038e-08 6.120890e-03
195 1.224509e-03 7.576512e-02
196 4.042496e-07 8.452810e-03
197 1.384495e-08 2.128033e-02
198 5.092210e-05 2.034415e-02
199 1.052126e-06 2.065312e-02
200 1.988565e-04 1.544439e-01
201 1.580470e-06 9.349012e-02
202 2.810944e-06 1.715661e-02
203 9.673175e-05 2.202583e-01
204 4.782214e-07 4.860255e-03
205 1.184351e-04 5.747250e-02
206 2.515800e-04 8.488214e-02
207 5.056477e-06 3.452007e-02
208 1.550973e-05 1.032096e-01
209 2.109269e-03 3.076568e-01
210 2.336309e-05 6.039203e-02
211 2.172750e-04 2.267587e-01
212 8.609780e-09 5.027869e-03
213 1.468933e-05 1.708946e-02
214 1.463032e-06 1.438811e-02
215 1.196269e-07 1.248276e-02
216 9.992337e-07 4.071961e-02
217 5.820490e-07 3.049755e-03
218 3.545185e-07 4.770034e-03
219 2.101523e-08 2.564871e-03
220 4.816580e-05 2.633579e-01
221 2.005941e-09 5.697268e-03
222 1.171911e-06 4.387400e-02
223 3.057127e-04 3.244127e-01
224 6.678877e-10 2.300648e-03
225 1.449313e-09 3.233020e-03
226 6.355276e-07 1.237817e-02
227 2.449177e-08 4.286075e-03
228 7.001778e-08 6.433303e-03
229 3.187014e-07 1.848982e-02
230 2.478167e-04 4.249033e-01
231 5.100048e-11 2.043750e-03
232 1.451731e-03 9.621228e-01
233 9.709648e-08 9.454096e-03
234 1.146763e-06 5.422676e-03
235 1.135895e-10 7.405351e-03
236 9.742002e-04 2.700202e-01
237 7.805336e-04 5.077133e-01
238 2.647534e-08 5.108700e-03
239 2.360745e-05 1.789584e-02
240 5.213315e-06 6.977127e-02
241 4.963708e-04 5.676198e-01
242 2.238763e-06 3.921096e-02
243 3.667129e-08 4.580223e-03
244 2.326681e-09 1.879584e-03
245 6.962224e-10 1.284332e-03
246 1.050110e-03 3.373872e-01
247 1.526839e-03 2.339237e-01
248 5.112148e-05 3.836538e-01
249 1.471268e-03 6.694492e-01
250 8.007980e-04 3.938853e-01
251 3.943382e-10 1.293972e-03
252 5.143841e-08 8.794571e-03
253 1.431149e-08 4.245281e-03
254 2.255026e-06 2.340922e-02
255 1.065603e-07 9.056590e-03
256 7.836820e-11 2.437831e-03
257 2.281336e-08 5.317764e-03
258 1.003721e-03 2.839073e-01
259 4.994397e-09 1.457385e-03
260 6.168223e-07 1.013518e-02
261 1.454653e-04 2.390078e-02
262 2.728252e-07 1.897291e-03
263 4.585452e-05 9.649971e-03
264 7.740843e-07 3.007404e-02
265 1.582189e-05 8.292766e-02
266 5.256929e-06 1.281391e-02
267 2.835003e-07 1.992078e-02
268 7.024590e-07 1.034631e-02
269 3.006013e-04 2.104807e-01
270 3.958624e-10 3.605470e-03
271 2.721860e-06 2.024863e-02
272 1.083804e-06 1.426027e-02
273 1.983319e-04 1.531754e-01
274 3.198333e-10 1.879410e-03
275 1.062263e-03 3.559794e-01
276 6.296774e-07 1.873163e-02
277 3.437819e-10 4.011125e-03
278 3.302703e-05 1.209888e-01
279 6.965242e-09 5.222062e-03
280 2.158718e-06 8.543754e-02
281 2.483155e-04 2.407775e-01
282 5.827507e-09 2.092446e-03
283 8.005939e-08 7.080358e-03
284 4.034727e-09 4.751170e-03
285 1.699248e-09 9.256982e-03
286 3.989883e-08 6.187205e-03
287 2.251568e-09 5.092534e-03
288 3.287440e-08 2.228141e-03
289 8.341756e-04 5.559604e-01
290 5.124217e-10 1.422078e-03
291 2.243954e-05 2.316728e-02
292 1.660248e-03 6.079977e-01
293 8.088983e-06 6.183468e-03
294 4.271722e-08 4.367676e-03
295 7.644720e-09 1.781078e-02
296 7.595747e-06 1.263631e-01
297 1.174877e-06 1.917159e-02
298 7.627265e-07 6.007651e-03
299 6.660550e-08 4.274202e-03
300 2.866748e-06 1.671093e-02
301 3.730698e-04 4.639993e-01
302 1.910125e-07 3.627389e-03
303 1.428055e-07 2.065069e-02
304 1.237129e-03 2.195832e-01
305 6.102453e-05 3.549305e-02
306 1.885712e-04 4.127044e-02
307 3.586463e-03 6.637550e-01
308 5.805422e-07 1.112431e-02
309 2.097712e-04 3.387995e-01
310 2.547989e-05 3.432063e-02
311 3.522806e-06 1.376469e-02
312 3.941759e-05 8.780677e-03
313 6.176036e-03 1.638419e+00
314 3.092488e-06 5.334626e-03
315 7.911176e-11 4.747139e-03
316 2.585320e-03 1.088140e+00
317 1.131093e-03 8.127327e-01
318 2.112820e-03 3.343304e-01
319 6.679626e-04 1.257368e-01
320 1.749957e-05 4.462455e-02
321 8.171751e-04 4.317574e-01
322 1.407961e-11 6.874495e-03
323 1.087101e-06 2.772414e-02
324 9.389283e-09 5.424828e-03
325 4.901812e-09 5.312606e-03
326 6.343916e-06 4.713706e-02
327 2.464759e-03 1.210461e+00
328 1.975821e-03 3.178961e-01
329 1.073915e-03 7.028654e-01
330 2.704487e-06 1.202953e-02
331 2.283526e-04 8.507616e-02
332 8.443901e-04 4.962978e-01
333 8.042373e-09 1.670762e-02
334 1.282709e-06 5.033420e-02
335 9.393528e-10 2.172376e-03
336 7.423623e-06 1.161199e-02
337 7.226972e-07 1.373906e-02
338 1.268200e-03 4.437148e-01
339 9.541064e-04 4.600795e-01
340 1.996114e-06 1.578959e-02
341 3.761234e-08 1.049320e-02
342 3.427783e-06 9.506843e-03
343 5.708146e-08 3.918826e-02
344 5.823524e-04 4.094035e-02
345 2.687699e-03 1.212319e+00
346 1.548194e-03 8.250219e-01
347 3.106725e-09 4.232823e-03
348 7.426318e-05 6.744111e-02
349 3.349360e-05 1.439469e-02
350 5.652213e-07 3.438676e-03
351 7.114794e-04 9.919099e-01
352 6.163562e-05 2.381032e-01
353 1.618137e-08 1.291386e-03
354 1.036945e-04 1.731874e-01
355 2.565383e-06 2.742523e-02
356 4.229273e-04 6.396704e-01
357 6.253488e-04 2.627105e-01
358 1.467079e-06 6.555489e-03
359 1.050945e-06 1.334208e-02
360 1.465166e-04 1.652739e-01
361 3.824076e-05 3.111895e-01
362 8.470329e-04 3.387981e-01
363 8.665332e-06 4.837176e-02
364 4.363722e-06 5.450683e-02
365 5.101913e-06 4.209835e-02
366 5.235291e-07 2.120719e-02
367 4.135771e-08 1.713153e-02
368 2.523438e-06 1.345657e-02
369 2.384528e-07 1.184980e-02
370 6.256129e-07 2.087511e-02
371 1.466846e-05 8.864829e-02
372 1.026696e-07 3.672815e-02
373 3.177483e-05 7.896739e-02
374 1.443282e-10 6.334650e-03
375 7.667632e-09 1.473076e-03
376 3.737679e-08 3.689310e-03
377 1.988743e-03 8.692458e-01
378 5.549992e-05 3.471153e-02
379 6.725124e-07 6.298948e-03
380 5.381430e-06 2.123115e-02
381 1.240621e-03 8.389173e-01
382 1.556148e-04 6.109220e-02
383 2.055957e-04 2.688077e-01
384 3.887006e-06 2.393239e-02
385 1.180761e-03 8.588442e-01
386 2.940985e-05 2.043333e-02
387 1.990793e-06 2.140478e-02
388 3.027658e-08 4.092296e-03
389 1.172546e-07 1.073862e-02
390 4.470931e-10 4.438227e-03
391 1.220605e-04 5.640354e-02
392 7.222399e-06 2.979810e-02
393 5.054231e-10 2.653976e-03
394 6.876488e-04 9.366359e-01
395 1.636434e-07 1.886640e-03
396 2.456296e-06 4.052212e-02
397 4.443261e-06 2.339634e-02
398 1.657958e-11 2.559562e-03
399 2.570752e-08 9.130311e-03
400 5.758444e-03 2.401126e+00
401 1.612762e-06 2.812464e-02
402 1.311308e-03 6.882094e-01
403 1.232531e-05 3.888509e-02
404 6.838381e-06 3.034838e-02
405 4.525017e-08 5.194254e-03
406 8.027999e-04 3.632364e-01
407 7.486784e-05 1.291745e-01
408 5.747637e-04 8.022947e-01
409 6.666409e-06 8.979662e-02
410 3.671165e-06 1.601051e-02
411 5.554815e-05 5.128669e-02
412 6.520309e-05 1.786287e-02
413 2.065166e-03 7.101332e-01
414 3.519066e-04 8.283222e-02
415 1.290942e-08 1.972831e-03
416 8.466228e-05 1.520065e-01
417 2.232624e-06 3.404222e-03
418 2.529319e-03 7.719193e-01
419 1.430000e-03 9.700726e-01
420 1.077730e-05 1.221941e-02
421 5.443976e-04 6.502280e-02
422 1.972953e-06 3.113545e-02
423 2.733198e-06 1.329340e-02
424 6.186652e-05 8.970195e-02
425 5.405453e-06 1.688148e-02
426 8.750052e-09 3.761034e-03
427 2.848449e-04 1.670949e-01
428 5.409991e-05 5.527281e-02
429 3.922769e-03 6.060166e-01
430 1.960155e-07 1.765180e-03
431 1.232601e-10 4.157867e-03
432 5.170086e-05 1.644720e-01
433 3.111778e-10 1.257341e-03
434 7.972896e-08 5.228487e-03
435 4.420660e-06 6.388691e-03
436 6.429614e-10 2.358032e-03
437 8.071479e-04 2.030911e-01
438 1.044071e-08 5.848173e-03
439 1.703129e-08 4.609298e-03
440 8.965526e-08 4.346048e-03
441 9.751464e-05 4.976910e-02
442 3.887930e-09 6.772889e-03
443 4.344058e-07 5.516188e-03
444 1.038986e-04 5.776854e-02
445 1.367509e-04 1.199676e-01
446 7.206030e-08 1.750971e-02
447 7.296975e-09 2.497736e-03
448 2.948668e-06 3.001690e-03
449 2.181259e-07 2.405068e-03
450 4.882636e-07 3.777683e-03
451 1.532373e-07 1.359065e-03
452 2.826572e-05 1.906887e-02
453 1.378876e-07 5.186455e-03
454 7.318338e-05 4.857420e-02
455 1.519574e-03 2.358059e-01
456 3.603019e-08 5.643037e-03
457 1.562685e-05 4.702183e-02
458 5.160381e-05 7.324781e-02
459 1.371859e-05 7.414011e-02
460 8.262635e-08 4.089394e-03
461 5.989014e-06 4.039429e-02
462 5.364014e-04 4.396588e-01
463 3.759971e-05 7.933037e-02
464 7.209701e-05 2.101475e-02
465 6.879004e-08 1.850310e-03
466 4.479851e-09 2.733604e-03
467 4.932006e-04 7.225891e-01
468 8.121722e-11 5.934422e-03
469 5.678848e-04 1.925465e-01
470 3.501131e-05 2.774983e-02
471 2.049484e-05 4.020077e-02
472 1.331408e-05 8.851648e-03
473 1.082976e-05 1.815349e-02
474 4.302833e-07 5.418925e-03
475 1.298124e-05 4.603703e-02
476 5.195603e-10 2.276619e-03
477 6.499655e-04 1.321213e-01
478 1.842810e-10 3.581746e-03
479 6.664756e-10 1.841138e-03
480 2.413840e-06 1.409882e-02
481 2.212637e-07 8.211336e-03
482 1.868061e-03 5.183030e-01
483 7.750784e-09 1.196736e-03
484 1.878523e-09 1.956121e-03
485 1.877232e-04 1.213612e-01
486 1.768842e-07 5.364401e-03
487 2.389596e-05 9.521491e-02
488 9.258058e-08 6.606876e-03
489 2.488986e-05 1.771520e-02
490 1.397054e-05 4.951891e-02
491 8.368260e-08 1.099475e-02
492 4.267572e-05 3.439992e-02
493 6.162729e-09 2.369042e-03
494 7.056339e-04 2.153217e-01
495 1.472104e-03 3.795847e-01
496 1.918618e-04 2.176924e-01
497 3.717583e-05 1.610705e-01
498 1.581509e-05 4.412564e-02
499 7.346915e-06 1.524694e-02
500 4.496228e-10 9.724515e-03
501 2.881538e-03 1.355354e+00
502 1.807370e-07 1.990330e-02
503 6.492334e-05 8.143508e-02
504 2.095861e-03 1.454894e+00
505 2.302469e-09 6.450919e-03
506 3.610151e-08 1.315207e-02
507 1.491490e-07 9.757352e-03
508 5.306642e-05 2.674746e-02
509 3.190328e-05 4.271941e-01
510 1.484691e-08 9.927407e-03
511 1.458446e-07 5.071109e-03
512 1.609698e-08 2.040952e-03
513 1.806788e-04 4.886554e-02
514 8.856235e-09 1.969604e-02
515 1.511307e-07 5.787105e-02
516 5.473946e-05 1.084377e-01
517 9.027754e-06 8.455885e-03
518 7.260268e-09 4.543889e-03
519 3.728496e-07 1.095188e-02
520 1.620740e-10 1.504661e-03
521 2.054673e-07 3.020358e-02
522 3.830457e-08 3.529614e-03
523 5.495706e-07 8.580823e-03
524 5.055580e-05 9.482106e-02
525 1.416984e-03 2.047467e-01
526 8.155080e-06 1.791156e-02
527 1.104788e-04 2.237051e-01
528 5.171556e-04 2.417822e-01
529 2.806801e-04 3.620615e-01
530 1.383090e-04 9.066022e-02
531 2.631648e-11 1.574198e-03
532 2.540355e-07 9.765453e-03
533 2.009795e-07 3.023452e-03
534 1.594043e-06 8.982514e-02
535 1.560903e-03 5.191218e-01
536 2.365676e-04 1.480424e-01
537 5.907455e-04 4.683292e-01
538 2.969371e-06 9.670175e-02
539 4.600862e-05 6.724259e-02
540 2.036590e-06 2.898112e-02
541 1.746914e-03 1.274563e+00
542 4.584198e-06 1.376184e-02
543 1.000369e-04 2.805693e-02
544 1.139345e-04 9.788244e-02
545 2.848184e-07 9.562450e-03
546 5.709258e-07 1.597055e-02
547 2.230810e-05 5.625788e-02
548 1.173248e-04 7.649983e-02
549 4.897112e-06 2.951906e-02
550 8.249748e-10 5.839070e-03
551 1.271058e-04 5.752013e-02
552 1.484608e-07 2.727780e-03
553 1.726648e-07 7.558807e-03
554 4.217711e-10 3.020862e-03
555 1.554671e-06 7.096470e-02
556 2.747069e-07 7.747301e-03
557 1.376748e-04 1.098281e-01
558 5.412231e-08 8.210449e-03
559 9.479093e-04 1.736754e-01
560 6.288951e-09 3.366803e-03
561 3.673475e-06 3.425744e-02
562 1.233441e-07 1.863064e-03
563 4.427031e-03 2.141043e+00
564 5.528908e-04 1.022118e+00
565 3.216195e-07 3.999409e-03
566 3.542001e-04 1.576224e-01
567 4.593783e-05 8.623916e-02
568 2.371934e-04 1.279893e-01
569 3.658543e-07 1.244750e-02
570 8.951115e-07 5.216108e-02
571 3.986263e-04 9.514912e-02
572 5.662423e-04 1.778668e-01
573 3.379685e-04 2.596434e-01
574 1.580994e-07 5.975331e-03
575 8.502387e-09 4.064760e-03
576 1.188808e-05 1.040049e-02
577 1.435730e-09 2.689622e-03
578 1.236520e-06 4.297658e-03
579 4.045730e-05 3.563035e-02
580 1.808540e-08 6.039547e-03
581 5.701844e-04 1.436849e-01
582 6.526774e-07 1.532070e-02
583 1.626311e-03 6.208879e-01
584 1.326837e-06 7.952895e-02
585 8.868898e-06 4.846092e-02
586 1.118152e-03 2.749930e-01
587 1.396503e-06 1.429932e-02
588 3.694080e-05 6.059524e-02
589 4.018242e-04 7.253925e-02
590 5.071646e-08 1.236407e-02
591 9.945130e-06 2.745163e-02
592 2.901965e-03 1.176181e+00
593 1.103644e-06 9.496014e-03
594 1.732325e-04 1.317373e-01
595 1.313947e-07 5.627809e-03
596 1.223494e-09 1.380177e-03
597 3.451460e-09 2.289434e-03
598 3.235193e-04 5.700149e-02
599 6.643397e-04 4.311620e-02
600 8.140187e-07 5.233696e-03
601 1.198487e-07 4.357210e-03
602 1.056129e-04 3.475390e-02
603 3.603778e-05 3.690035e-02
604 2.789709e-09 2.069418e-03
605 7.679647e-05 1.929141e-01
606 3.867803e-04 1.322032e-01
607 1.400932e-07 5.269523e-03
608 1.069024e-03 8.373292e-02
609 4.126992e-05 2.028112e-02
610 1.713914e-06 1.661867e-02
611 2.307600e-09 2.536842e-03
612 7.854150e-06 3.730116e-02
613 1.887410e-08 5.341901e-03
614 2.448930e-07 5.768316e-03
615 3.294885e-09 5.945958e-03
616 3.459553e-04 1.003236e-01
617 4.396655e-07 1.418490e-02
618 2.691977e-08 8.411717e-03
619 1.325673e-05 9.364933e-03
620 1.868324e-08 3.894177e-03
621 2.549595e-07 3.454104e-03
622 1.296842e-03 4.633906e-01
623 1.284230e-05 1.874376e-02
624 5.224289e-07 4.524491e-03
625 7.001801e-07 1.190791e-02
626 9.020940e-07 6.475140e-03
627 2.482853e-07 3.734649e-03
628 2.183659e-04 4.650056e-02
629 5.707132e-07 2.281666e-03
630 7.211633e-06 1.603755e-02
631 3.736749e-06 1.280475e-02
632 1.375495e-08 1.266905e-03
633 5.017190e-04 3.922732e-01
634 7.873790e-05 4.138175e-02
635 2.160151e-07 8.825442e-03
636 2.768298e-07 2.106666e-02
637 8.674821e-08 1.161182e-02
638 2.412274e-09 2.183177e-03
639 4.337811e-11 1.581202e-03
640 5.115674e-10 2.443885e-03
641 2.025819e-10 1.528588e-03
642 1.581655e-07 5.441783e-03
643 1.278410e-04 9.457048e-02
644 5.013829e-03 4.484304e-01
645 2.132383e-04 1.179602e-01
646 2.891398e-06 1.472336e-02
647 1.421179e-06 6.167370e-03
648 1.393808e-04 4.554887e-02
649 1.209277e-03 8.549825e-01
650 1.780841e-05 5.505461e-03
651 5.769270e-07 8.579534e-03
652 4.914170e-05 8.445603e-02
653 3.414864e-09 4.786095e-03
654 5.163360e-07 4.986976e-03
655 2.451907e-06 9.325752e-03
656 1.974307e-08 2.818603e-03
657 3.354848e-04 1.112714e-01
658 7.877646e-05 1.612122e-01
659 2.852345e-04 5.227231e-02
660 2.456846e-05 1.251341e-01
661 4.103299e-08 5.600233e-03
662 1.115230e-03 3.313071e-01
663 3.001304e-03 9.746682e-01
664 1.710521e-05 5.417100e-02
665 3.951012e-08 9.409990e-03
666 9.625475e-04 7.036554e-02
667 2.271479e-04 9.306294e-02
668 5.122345e-03 5.186973e-01
669 3.032927e-03 3.581219e-01
670 1.431619e-08 9.350056e-03
671 9.108673e-04 4.994448e-02
672 9.390080e-08 2.509351e-02
673 2.055334e-05 1.384670e-02
674 1.604554e-07 2.142541e-03
675 1.180094e-04 1.454234e-01
676 9.616335e-07 5.784265e-03
677 4.431477e-11 1.338961e-03
678 1.108465e-06 7.758999e-03
679 1.776582e-03 3.972750e-01
680 1.460617e-05 4.789956e-02
681 1.347067e-04 8.034010e-02
682 9.401229e-06 1.522799e-02
683 1.202765e-07 3.069312e-02
684 3.594495e-05 2.048679e-02
685 2.976848e-10 2.171261e-03
686 1.105638e-05 1.981893e-02
687 3.320477e-03 9.990662e-01
688 1.420676e-06 2.544542e-02
689 3.549421e-08 1.035374e-02
690 6.918995e-09 2.017865e-03
691 6.748763e-04 2.848654e-01
692 1.415950e-08 2.933873e-03
693 2.209329e-05 2.416489e-02
694 5.884014e-04 1.910274e-01
695 3.290048e-03 3.952252e-01
696 1.844477e-03 8.571653e-01
697 6.634367e-07 9.770206e-03
698 8.246520e-04 1.975565e-01
699 7.364403e-09 1.542266e-03
700 9.303502e-05 6.144525e-02
701 1.868253e-05 2.095700e-02
702 2.419308e-09 1.237915e-03
703 2.358653e-09 4.012304e-03
704 1.105553e-11 1.311538e-03
705 1.172758e-03 4.470117e-01
706 2.655063e-08 1.734931e-03
707 2.524775e-04 1.237870e-01
708 4.614531e-13 4.995843e-03
709 3.225581e-11 2.939372e-03
710 3.505719e-07 6.352214e-03
711 4.782089e-11 1.204913e-03
712 4.858942e-07 4.840718e-03
713 5.146284e-08 6.471547e-03
714 3.554707e-10 2.451326e-03
715 7.063122e-06 1.759800e-02
716 4.836773e-05 4.082013e-02
717 2.178188e-08 5.330765e-03
718 1.179215e-11 2.642275e-03
719 2.028154e-03 9.555608e-01
720 8.833062e-13 1.188325e-03
721 2.756858e-06 9.022507e-03
722 6.731056e-11 2.732730e-03
723 6.322858e-06 1.736877e-02
724 1.144919e-07 3.506964e-03
725 1.077811e-11 1.464603e-03
726 5.224512e-05 5.788701e-02
727 2.246866e-10 4.371460e-03
728 1.229246e-08 7.909510e-03
729 2.587606e-10 7.307725e-03
730 1.142973e-09 2.754108e-03
731 3.601336e-05 1.144124e-01
732 3.465856e-14 1.364472e-03
733 1.189077e-14 9.157500e-04
734 2.075615e-08 2.995940e-03
735 8.803691e-09 3.409032e-03
736 1.522655e-06 1.698323e-02
737 8.530168e-13 1.363522e-03
738 6.531959e-05 1.014399e-01
739 3.004488e-10 3.515928e-03
740 2.378516e-05 3.866509e-02
741 1.127029e-08 8.489685e-03
742 2.451618e-05 2.444347e-02
743 2.046158e-03 9.832514e-01
744 3.076728e-13 2.638483e-03
745 2.960358e-09 2.532984e-03
746 8.045430e-07 1.287112e-02
747 1.935285e-04 7.351330e-02
748 1.100750e-03 3.018027e-01
749 1.101460e-04 1.915979e-01
750 3.516750e-08 6.867002e-03
751 2.535828e-07 1.241189e-02
752 4.253847e-07 2.014084e-03
753 2.484123e-09 2.988077e-03
754 2.566900e-05 1.121752e-01
755 1.403425e-06 2.188816e-02
756 3.460174e-06 3.866631e-02
757 2.535727e-10 1.517621e-03
758 4.680015e-07 2.127805e-02
759 3.485954e-04 5.353913e-02
760 2.702081e-09 2.277914e-03
761 4.119802e-05 3.878299e-02
762 2.507145e-04 5.120251e-02
763 1.107623e-10 1.966568e-03
764 1.473896e-09 9.889863e-03
765 4.007455e-11 1.044243e-02
766 6.074938e-07 5.552711e-03
767 1.327287e-08 5.909746e-03
768 8.724411e-05 3.619645e-02
769 3.504654e-06 8.516704e-03
770 4.423096e-04 9.176105e-02
771 1.713385e-05 7.746373e-03
772 2.264311e-13 1.550058e-03
773 2.089443e-08 1.604603e-02
774 5.327577e-09 1.958138e-03
775 7.928973e-04 1.353972e-01
776 7.975087e-04 1.114411e-01
777 6.716981e-05 3.958386e-02
778 8.826069e-05 3.476213e-02
779 1.308728e-03 3.921916e-01
780 3.604178e-05 1.778881e-02
781 5.991847e-04 1.051897e-01
782 3.586812e-06 4.760496e-03
783 1.857442e-06 1.018364e-02
784 1.124153e-06 7.296247e-03
785 6.942306e-04 8.632715e-02
786 1.771707e-05 2.974695e-02
787 4.834595e-04 8.662247e-02
788 6.870890e-07 2.323117e-02
789 2.095500e-10 1.348916e-03
790 1.940537e-04 1.729163e-01
791 2.797568e-05 2.006188e-02
792 1.587587e-06 5.017936e-03
793 2.419332e-06 1.020824e-02
794 7.361213e-07 5.191594e-03
795 4.699890e-04 6.224820e-01
796 1.123445e-09 3.135129e-03
797 2.201706e-04 3.613549e-01
798 7.517951e-04 5.644510e-01
799 1.322384e-07 5.444132e-03
800 2.690862e-04 1.049308e-01
801 1.125140e-08 4.165143e-03
802 8.091139e-06 4.731721e-02
803 3.210421e-03 3.323624e-01
804 1.634250e-07 1.609572e-02
805 1.706199e-08 4.030523e-03
806 1.796840e-03 3.092970e-01
807 2.217203e-07 5.551453e-02
808 4.221227e-06 4.548138e-03
809 7.103633e-04 4.490490e-01
810 2.684320e-06 1.954908e-02
811 1.299293e-06 2.776202e-02
812 6.328354e-08 6.948389e-03
813 1.822543e-08 5.876749e-03
814 1.136228e-06 1.090971e-02
815 4.396766e-06 2.679362e-02
816 2.556931e-04 2.002356e-01
817 1.368545e-03 1.140203e+00
818 6.136874e-09 3.591898e-03
819 7.042116e-05 1.070830e-01
820 5.502618e-06 5.337437e-02
821 8.385533e-07 2.825849e-02
822 2.308048e-08 3.575524e-03
823 4.276259e-07 9.809218e-03
824 5.987148e-08 2.608236e-02
825 6.618463e-07 2.678862e-02
826 2.717057e-04 2.106744e-02
827 8.211693e-07 5.806149e-03
828 3.235653e-05 4.266389e-02
829 1.493420e-07 1.442958e-02
830 2.963142e-03 7.256635e-01
831 2.732585e-06 2.250664e-02
832 2.524996e-06 9.055651e-03
833 1.158823e-05 2.294635e-02
834 4.268688e-06 2.216371e-02
835 4.047288e-08 2.285382e-03
836 5.060321e-10 1.027493e-03
837 2.459344e-07 1.495564e-02
838 3.994260e-06 1.021105e-02
839 7.602021e-08 1.527548e-02
840 3.586803e-06 3.834208e-02
841 5.306338e-06 3.695130e-02
842 1.985372e-03 6.565513e-01
843 9.739671e-05 3.470893e-02
844 1.753963e-07 3.633174e-02
845 2.395675e-06 3.298663e-02
846 3.847052e-04 1.773766e-01
847 5.904842e-05 3.263252e-02
848 3.543859e-04 1.641971e-01
849 8.937250e-08 5.804688e-03
850 2.207721e-03 1.119423e+00
851 2.374607e-06 2.168466e-02
852 7.608302e-05 1.962703e-01
853 4.761074e-04 3.751976e-01
854 1.104414e-04 9.864305e-02
855 1.939372e-04 1.833902e-01
856 1.454588e-04 6.687067e-02
857 1.864761e-03 3.759540e-01
858 4.160075e-07 2.073463e-02
859 8.148839e-10 3.867176e-03
860 2.009885e-03 2.036891e-01
861 1.056350e-09 1.642313e-03
862 1.242218e-06 2.382289e-02
863 1.985739e-04 1.286402e-01
864 5.616475e-07 8.010853e-03
865 2.556697e-04 1.301415e-01
866 5.761384e-05 1.862614e-01
867 2.160974e-03 8.008989e-01
868 9.006175e-06 7.592499e-03
869 6.501505e-05 3.585026e-02
870 1.996989e-04 5.842303e-02
871 2.440869e-07 2.819749e-02
872 7.679966e-04 4.881286e-01
873 2.526866e-04 8.416809e-02
874 1.494700e-03 3.246046e-01
875 7.585715e-07 6.440288e-03
876 2.630664e-13 1.062645e-03
877 4.784545e-08 9.390410e-03
878 1.941833e-03 5.183617e-01
879 1.146037e-04 1.260788e-01
880 1.866958e-06 1.207952e-02
881 1.144022e-10 2.291717e-03
882 3.220856e-05 7.559792e-02
883 1.630348e-03 7.542545e-01
884 7.243091e-04 1.635530e-01
885 8.434941e-05 8.472173e-02
886 9.713881e-07 8.050687e-03
887 1.126871e-08 1.345743e-02
888 3.300305e-06 1.323760e-02
889 3.986183e-07 2.303559e-02
890 6.186395e-08 2.359752e-02
891 1.172733e-04 3.873049e-01
892 2.884633e-11 2.858966e-03
893 1.625463e-04 7.885888e-02
894 1.526998e-06 7.181758e-03
895 7.505588e-05 8.375052e-02
896 3.061765e-07 5.491897e-02
897 1.274572e-04 9.260867e-02
898 2.820786e-06 9.648648e-03
899 3.153859e-08 1.433291e-02
900 2.550490e-08 1.626133e-02
901 1.158529e-04 9.961928e-02
902 1.877485e-08 2.129132e-03
903 5.746593e-07 3.498169e-02
904 7.184288e-09 2.108541e-02
905 6.524615e-09 6.664937e-03
906 1.202982e-06 8.444003e-03
907 2.420519e-08 2.068459e-03
908 2.246388e-08 8.982426e-03
909 2.675578e-04 4.816899e-02
910 2.396200e-05 2.921998e-02
911 1.161636e-07 2.119980e-02
912 6.067542e-08 1.048157e-02
913 1.992866e-09 3.415781e-03
914 9.733026e-08 7.561814e-03
915 8.440307e-04 2.507823e-01
916 3.158069e-12 2.827314e-03
917 4.023555e-10 2.394986e-03
918 5.841670e-11 2.639592e-03
919 5.577306e-04 2.506073e-01
920 1.036043e-09 6.486876e-03
921 2.801256e-08 3.988730e-03
922 1.130500e-07 1.638945e-02
923 2.084092e-09 5.136005e-03
924 1.275899e-04 4.020173e-01
925 7.593945e-05 8.053499e-02
926 6.098120e-05 4.522356e-02
927 3.773686e-05 1.285326e-01
928 1.120006e-07 4.360837e-02
929 5.937050e-04 1.897463e-01
930 1.090485e-04 6.852326e-02
931 2.162270e-04 4.432619e-02
932 3.576302e-05 5.753121e-02
933 6.386434e-10 2.973369e-03
934 9.532910e-07 1.027849e-02
935 1.783590e-08 3.626485e-03
936 3.085696e-08 2.787844e-02
937 2.171636e-10 5.815874e-03
938 5.365446e-09 2.378353e-03
939 1.052501e-06 1.049928e-02
940 4.299947e-04 1.811695e-01
941 6.579375e-09 3.332491e-03
942 9.409110e-06 1.431908e-01
943 1.918853e-06 2.449283e-02
944 9.890913e-13 1.972736e-03
945 1.433510e-04 4.285837e-02
946 1.171417e-10 2.224295e-03
947 6.810404e-06 2.290079e-02
948 1.803964e-08 1.538580e-03
949 1.513467e-07 1.802778e-02
950 1.546294e-04 1.510503e-01
951 1.085125e-08 3.014917e-02
952 8.924832e-06 4.247627e-02
953 2.955904e-12 2.418496e-03
954 3.007682e-05 3.897851e-02
955 1.026013e-07 4.504588e-03
956 2.693301e-06 1.962594e-02
957 6.630493e-05 6.828306e-02
958 1.538601e-04 6.388149e-02
959 5.797447e-04 6.981702e-02
960 2.525126e-10 2.435079e-03
961 1.054723e-09 9.517474e-03
962 1.151487e-08 1.077951e-02
963 4.388623e-09 3.552438e-03
964 1.373946e-07 2.001601e-03
965 1.286021e-03 2.754994e-01
966 3.206740e-05 2.262548e-02
967 1.943951e-06 8.322837e-03
968 3.858261e-04 1.843410e-01
969 1.692721e-04 1.426910e-01
970 1.814323e-05 2.535173e-02
971 1.319361e-06 8.355074e-03
972 1.857666e-04 6.123036e-02
973 2.873578e-06 9.335916e-03
974 3.138977e-06 8.459306e-03
975 2.634174e-05 9.419507e-02
976 4.097526e-04 3.499557e-01
977 1.098003e-05 2.150790e-02
978 6.870102e-07 2.468337e-02
979 6.201025e-09 2.953954e-03
980 1.655858e-06 2.220696e-02
981 1.281149e-06 2.223669e-02
982 2.979642e-08 1.420017e-03
983 7.894013e-08 3.883202e-03
984 1.539353e-05 2.196270e-02
985 2.803140e-06 6.187138e-02
986 1.563930e-04 4.383721e-01
987 9.433575e-09 6.226902e-03
988 1.124779e-09 2.068727e-03
989 1.515919e-04 1.201588e-01
990 1.571437e-09 2.265661e-03
991 4.659480e-03 1.283973e+00
992 2.515043e-07 7.102242e-03
993 8.452158e-08 9.670014e-03
994 3.632158e-14 1.343352e-03
995 6.880658e-08 1.517205e-02
996 8.994384e-04 1.033471e+00
997 8.128473e-08 8.046353e-03
998 4.868806e-07 4.041451e-03
999 4.108711e-06 2.607004e-02
1000 8.000936e-14 1.344524e-03
1001 1.849764e-06 1.021052e-02
1002 1.097953e-04 1.217080e-01
1003 5.216910e-05 4.915294e-02
1004 8.547697e-06 4.116373e-02
1005 7.671503e-08 2.314548e-03
1006 1.323937e-03 2.701135e-01
1007 6.727104e-09 3.017546e-03
1008 1.814457e-04 5.163465e-02
1009 1.972900e-08 2.052612e-03
1010 1.191181e-06 2.211059e-02
1011 3.258666e-08 1.733159e-02
1012 2.474707e-04 2.719905e-01
1013 9.169796e-09 1.236037e-02
1014 1.974488e-07 8.494845e-03
1015 5.401132e-06 3.593043e-02
1016 1.344676e-04 2.996388e-02
1017 2.790986e-03 7.321246e-01
1018 1.731329e-05 1.063806e-01
1019 1.467029e-10 1.929926e-03
1020 1.829423e-09 1.104058e-02
1021 4.367377e-08 1.427783e-02
1022 2.397801e-11 1.414997e-03
1023 2.769677e-06 1.992507e-02
1024 6.543872e-06 2.259168e-02
1025 3.060884e-11 1.527452e-03
1026 8.200783e-13 1.937813e-03
1027 1.344817e-06 1.126445e-02
1028 1.060315e-04 1.175991e-01
1029 1.764299e-08 6.119955e-03
1030 5.520957e-10 3.061533e-03
1031 2.262370e-05 1.398044e-02
1032 8.589217e-04 5.626254e-01
1033 3.997008e-10 1.554793e-03
1034 5.829368e-06 3.185906e-02
1035 3.609806e-07 1.621389e-02
1036 2.079191e-05 1.627384e-01
1037 4.558953e-11 3.022627e-03
1038 5.399186e-08 3.140009e-03
1039 2.431928e-06 1.017162e-02
1040 1.787279e-09 3.102403e-03
1041 1.362290e-03 6.792033e-01
1042 7.154941e-07 7.854412e-03
1043 2.492058e-11 1.239527e-03
1044 2.370859e-08 3.632040e-03
1045 4.350909e-10 2.386109e-03
1046 1.743475e-13 1.277349e-03
1047 1.464647e-10 1.279857e-03
1048 4.926671e-09 4.746390e-03
1049 7.855973e-10 1.166524e-03
1050 1.901351e-03 1.205953e+00
1051 9.369422e-05 1.354926e-01
1052 8.615788e-08 2.951275e-03
1053 8.407490e-08 9.361507e-03
1054 6.886621e-11 1.868707e-03
1055 1.777081e-11 1.156858e-03
1056 1.271241e-07 9.015035e-03
1057 6.976369e-07 1.333138e-02
1058 1.763060e-09 1.572361e-03
1059 2.516736e-05 1.001565e-01
1060 8.163399e-10 1.477641e-03
1061 1.077597e-06 3.556972e-03
1062 2.989347e-11 1.140561e-03
1063 1.866727e-04 3.960767e-02
1064 2.550164e-05 6.210532e-02
1065 8.625630e-12 1.808279e-03
1066 1.444970e-11 1.188392e-03
1067 2.013101e-05 1.534227e-02
1068 1.312614e-08 1.818730e-03
1069 4.026953e-07 2.985813e-03
1070 3.087746e-10 1.193432e-03
1071 3.252293e-07 2.151545e-03
1072 5.330520e-09 2.556736e-03
1073 6.293378e-10 1.345491e-03
1074 2.590444e-10 1.907041e-03
1075 3.314202e-07 3.867810e-03
1076 1.572420e-07 4.198530e-03
1077 4.373914e-07 5.531340e-03
1078 2.529243e-06 1.546927e-02
1079 3.861626e-08 4.527543e-03
1080 5.748047e-05 8.149246e-02
1081 1.940672e-06 5.191770e-02
1082 7.689384e-07 3.789654e-03
1083 1.565579e-06 5.296172e-03
1084 1.158528e-10 1.205207e-03
1085 6.389546e-09 1.823825e-03
1086 8.446588e-09 3.022852e-03
1087 7.012787e-09 1.409188e-03
1088 4.557482e-07 8.587538e-03
1089 3.487508e-09 1.366303e-03
1090 8.381117e-12 1.204079e-03
1091 9.687745e-10 1.664315e-03
1092 6.807617e-07 2.467658e-03
1093 1.620423e-06 2.405201e-02
1094 1.275141e-04 2.832088e-02
1095 3.420635e-08 3.000162e-03
1096 2.777196e-05 4.187826e-02
1097 1.586462e-06 5.315388e-02
1098 2.880651e-08 8.096546e-03
1099 2.633741e-09 3.598528e-03
1100 6.362124e-12 1.118770e-03
1101 2.209851e-06 2.536155e-02
1102 1.972054e-07 1.200093e-02
1103 7.462565e-08 4.096239e-03
1104 4.335839e-05 3.609795e-02
1105 1.887123e-09 2.112054e-03
1106 7.685704e-03 9.869931e-01
1107 1.475116e-09 2.632520e-03
1108 1.177867e-06 8.312176e-03
1109 3.448709e-12 1.817780e-03
1110 1.826577e-07 1.049618e-02
1111 4.490227e-09 2.200321e-03
1112 2.959082e-12 1.790197e-03
1113 5.811942e-07 1.492675e-02
1114 1.915825e-05 3.454860e-02
1115 1.474952e-03 5.093759e-01
1116 2.781607e-13 1.968540e-03
1117 1.317168e-03 5.195954e-01
1118 5.396460e-08 5.123275e-03
1119 1.430358e-05 3.239492e-02
1120 4.989115e-06 7.758086e-02
1121 1.223226e-05 1.250342e-02
1122 3.097058e-07 2.090138e-02
1123 3.910929e-06 4.590250e-03
1124 1.149200e-07 1.464978e-02
1125 7.638577e-06 5.955715e-03
1126 1.836944e-07 6.945457e-03
1127 5.162863e-07 4.459060e-03
1128 5.216304e-06 5.134201e-02
1129 2.566596e-07 8.649176e-03
1130 3.404108e-08 1.234598e-02
1131 9.283891e-05 1.179394e-01
1132 2.687081e-05 1.590453e-02
1133 3.087292e-08 2.207992e-03
1134 7.555872e-04 1.395683e-01
1135 2.445616e-06 1.856032e-02
1136 5.524211e-04 3.156321e-01
1137 5.310270e-06 2.282209e-02
1138 4.248571e-11 1.865765e-03
1139 2.477874e-06 7.651918e-03
1140 3.630824e-12 2.155836e-03
1141 1.260889e-07 6.673607e-03
1142 1.370951e-04 9.915943e-02
1143 8.873250e-07 7.798466e-02
1144 2.327497e-09 6.472624e-03
1145 9.352569e-07 2.517643e-02
1146 6.467153e-04 8.002193e-01
1147 9.409580e-04 1.224063e-01
1148 7.816285e-10 2.426326e-03
1149 1.423656e-03 3.558377e-01
1150 5.287210e-12 2.359942e-03
1151 2.361728e-04 3.266134e-01
1152 1.750329e-04 1.725708e-01
1153 3.450033e-07 6.647993e-03
1154 3.537818e-10 1.933876e-03
1155 3.450212e-04 4.601838e-01
1156 7.394104e-10 2.780831e-03
1157 8.513223e-04 1.092911e-01
1158 1.419382e-06 5.913839e-03
1159 5.547254e-11 1.511908e-03
1160 1.547908e-06 3.198879e-03
1161 2.297632e-06 2.087498e-02
1162 2.370545e-05 2.343009e-01
1163 4.025023e-06 2.329662e-02
1164 1.081590e-05 6.112659e-02
1165 9.903248e-04 9.273297e-01
1166 8.212582e-04 2.717518e-01
1167 7.722998e-05 1.593995e-01
1168 2.419778e-06 4.756304e-02
1169 2.026250e-09 8.022470e-03
1170 2.117754e-07 6.228969e-03
1171 1.414758e-07 1.018852e-02
1172 1.297302e-05 9.271428e-02
1173 5.499403e-11 1.101250e-03
1174 5.016292e-04 4.685663e-01
1175 4.670255e-07 2.618143e-02
1176 3.717314e-12 1.778835e-03
1177 1.466344e-04 1.490180e-01
1178 9.948830e-04 5.877427e-01
1179 3.596365e-04 5.945801e-02
1180 5.385381e-07 9.830893e-03
1181 5.910215e-08 1.995376e-03
1182 2.694591e-05 1.415405e-02
1183 6.751669e-04 2.205189e-01
1184 1.000556e-04 7.068164e-02
1185 9.750122e-10 1.085118e-02
1186 9.468631e-04 2.477323e-01
1187 5.195033e-04 2.932057e-01
1188 1.231498e-07 2.527076e-03
1189 2.116718e-08 2.580545e-03
1190 9.187733e-14 1.991191e-03
1191 9.081154e-08 2.993699e-03
1192 7.738884e-05 1.520560e-01
1193 5.606069e-11 3.228920e-03
1194 7.578905e-07 2.918865e-02
1195 1.709601e-03 3.588171e-01
1196 1.758517e-09 5.335145e-03
1197 1.095142e-07 3.561564e-03
1198 6.753887e-06 3.929112e-03
1199 1.111411e-03 5.218450e-01
1200 1.321567e-03 5.486702e-01
1201 1.151725e-10 1.124809e-03
1202 9.986100e-06 2.759434e-02
1203 2.489604e-05 5.172297e-02
1204 1.433335e-06 7.607700e-03
1205 2.441221e-10 1.941576e-03
1206 1.392161e-03 5.796662e-01
1207 1.034335e-06 5.978975e-03
1208 6.729466e-07 6.413257e-03
1209 4.471405e-04 1.541580e-01
1210 8.080014e-05 8.324807e-02
1211 7.005615e-04 2.463237e-01
1212 1.088413e-08 3.749922e-03
1213 2.331518e-09 4.993725e-03
1214 1.819220e-05 2.777318e-02
1215 4.059571e-10 2.616442e-03
1216 1.471142e-10 2.222690e-03
1217 1.419280e-06 2.928563e-02
1218 3.342178e-07 5.933174e-03
1219 3.037066e-06 1.703484e-02
1220 4.086118e-06 2.597471e-02
1221 3.512207e-05 3.942213e-02
1222 1.599531e-07 2.364811e-02
1223 9.612344e-05 5.724290e-02
1224 1.256066e-06 9.827590e-03
1225 6.871350e-08 2.940408e-03
1226 4.408819e-09 1.837727e-03
1227 6.780135e-05 1.211570e-02
1228 5.598898e-05 3.875371e-02
1229 5.090600e-05 6.432660e-02
1230 6.770127e-08 7.521827e-03
1231 5.063896e-07 4.035332e-02
1232 1.360362e-11 5.677333e-03
1233 4.261999e-07 2.459521e-02
1234 3.481657e-10 7.617780e-03
1235 3.271468e-05 6.125917e-02
1236 1.731935e-08 4.717133e-03
1237 4.098318e-04 2.819682e-01
1238 6.889455e-07 1.436346e-02
1239 6.011455e-07 7.062242e-03
1240 1.111845e-07 4.241738e-03
1241 4.832073e-05 1.200078e-02
1242 1.945063e-03 6.483368e-01
1243 8.829721e-05 1.435539e-01
1244 7.877865e-09 3.620223e-03
1245 4.230389e-07 6.928383e-03
1246 3.403289e-10 2.014010e-03
1247 5.920350e-04 1.347728e-01
1248 2.825515e-05 6.380097e-02
1249 3.554532e-09 9.786639e-03
1250 1.963240e-09 6.206672e-03
1251 2.649736e-09 1.430301e-02
1252 2.347935e-05 9.305801e-03
1253 1.046683e-03 4.725031e-01
1254 7.748279e-10 5.368626e-03
1255 8.919522e-07 2.205608e-02
1256 2.420500e-05 1.357672e-02
1257 1.168314e-03 2.107727e-01
1258 5.709630e-10 4.848431e-03
1259 1.061610e-04 9.476833e-02
1260 1.840808e-04 3.123129e-01
1261 1.087986e-08 5.603129e-03
1262 9.751208e-06 2.300401e-02
1263 5.325652e-05 5.611335e-02
1264 7.694425e-08 3.172759e-02
1265 6.174495e-07 1.109356e-02
1266 3.481201e-07 3.504674e-02
1267 5.193754e-07 1.791084e-02
1268 1.361863e-06 9.450355e-03
1269 8.796224e-05 3.228834e-02
1270 3.690565e-03 1.545715e+00
1271 2.165123e-03 6.181209e-01
1272 7.580663e-11 1.268537e-03
1273 1.013132e-04 1.545527e-01
1274 7.451782e-07 2.097151e-02
1275 2.281505e-05 6.425968e-02
1276 1.265533e-03 7.884392e-01
1277 3.106780e-04 2.683446e-01
1278 3.129108e-03 8.007133e-01
1279 1.163667e-06 2.936888e-03
1280 5.916415e-03 4.617505e-01
1281 1.897354e-06 7.613594e-03
1282 8.700502e-05 7.534678e-02
1283 2.333293e-07 2.106759e-02
1284 2.104935e-07 4.786328e-03
1285 1.343243e-03 2.460617e-01
1286 1.972507e-11 3.201500e-03
1287 3.546413e-05 4.443121e-02
1288 5.030109e-04 7.978537e-02
1289 1.166474e-04 2.870021e-02
1290 3.596242e-06 3.213370e-02
1291 6.428489e-05 2.643439e-02
1292 4.116050e-04 4.605381e-01
1293 1.242586e-07 3.348423e-03
1294 7.768901e-08 5.891162e-03
1295 5.426440e-08 3.469144e-03
1296 4.057154e-08 1.307928e-02
1297 7.144043e-06 6.003055e-02
1298 2.918435e-06 1.587189e-02
1299 1.555741e-04 3.664790e-02
1300 1.740862e-08 2.830532e-03
1301 2.221968e-07 3.165589e-03
1302 1.035899e-03 2.670047e-01
1303 5.373399e-06 9.521537e-03
1304 2.270117e-06 8.759511e-03
1305 3.066800e-04 8.636811e-02
1306 1.350851e-04 6.266341e-02
1307 2.209703e-06 7.100398e-03
1308 3.707011e-10 2.544957e-03
1309 2.487025e-04 1.210323e-01
1310 5.491808e-13 1.448175e-03
1311 2.537408e-03 8.958981e-01
1312 1.839004e-03 4.275618e-01
1313 8.314748e-11 1.734623e-03
1314 4.160049e-07 8.620742e-03
1315 1.851334e-08 3.228240e-03
1316 1.017115e-09 2.199585e-03
1317 1.202349e-12 1.374760e-03
1318 7.782865e-05 8.331889e-02
1319 5.452761e-03 1.225739e+00
1320 1.475845e-08 4.000037e-03
1321 4.676188e-05 1.801009e-02
1322 2.553844e-11 1.135354e-03
1323 2.363527e-08 2.234186e-03
1324 1.017444e-04 2.268970e-01
1325 5.882651e-09 9.791750e-03
1326 1.301698e-05 1.336932e-02
1327 2.254996e-05 3.190155e-02
1328 2.256067e-08 2.689616e-03
1329 2.262624e-05 2.647792e-02
1330 6.417365e-08 8.254599e-03
1331 2.357261e-08 2.125272e-03
1332 5.595366e-10 1.452900e-03
1333 1.461717e-05 2.394853e-02
1334 9.481482e-07 1.379443e-02
1335 2.359453e-08 1.172298e-02
1336 2.278997e-06 9.228374e-03
1337 1.463636e-04 1.696644e-01
1338 2.521350e-08 7.358069e-03
1339 1.841058e-03 5.791560e-01
1340 3.335435e-05 1.914266e-02
1341 9.387999e-04 5.111069e-01
1342 3.020046e-09 2.470534e-03
1343 5.867162e-09 2.175708e-03
1344 8.900802e-07 3.610943e-03
1345 2.951941e-06 1.539488e-02
1346 6.792317e-08 2.861651e-02
1347 1.452555e-09 1.355891e-03
1348 2.823925e-04 9.054243e-02
1349 1.886593e-03 2.398099e-01
1350 1.088788e-05 1.350934e-02
1351 1.186812e-04 3.982433e-02
1352 7.534811e-06 1.619019e-02
1353 1.485025e-06 1.170038e-02
1354 3.619714e-09 4.958387e-03
1355 9.141576e-08 9.442090e-03
1356 2.351885e-04 3.914673e-02
1357 1.261015e-09 6.053756e-03
1358 3.491925e-06 8.038672e-03
1359 8.678114e-10 2.051852e-03
1360 1.983220e-08 4.146205e-03
1361 6.763791e-05 2.600489e-02
1362 2.209321e-04 1.806140e-01
1363 4.530224e-06 6.443845e-03
1364 4.256172e-04 9.861172e-02
1365 1.139064e-09 4.523326e-03
1366 1.000226e-07 4.614155e-03
1367 1.635682e-09 1.745261e-03
1368 1.091690e-05 6.916957e-02
1369 3.864588e-12 2.457531e-03
1370 4.364536e-08 1.649059e-03
1371 1.186741e-04 8.065192e-02
1372 1.165900e-09 4.192712e-03
1373 1.303350e-07 7.751669e-03
1374 1.241844e-07 3.414890e-03
1375 2.451846e-05 1.712612e-02
1376 3.578093e-03 1.251242e+00
1377 9.403672e-08 9.846441e-03
1378 8.567679e-10 1.432345e-03
1379 2.403957e-05 6.599652e-03
1380 7.184461e-04 7.496852e-01
1381 1.644276e-06 3.554392e-03
1382 4.665714e-09 1.284139e-03
1383 3.594546e-07 2.178465e-02
1384 3.161397e-08 4.634107e-03
1385 9.581908e-09 4.490694e-03
1386 1.268206e-07 5.863368e-03
1387 1.210303e-04 5.603164e-02
1388 3.471948e-07 7.828347e-03
1389 5.069077e-09 3.265661e-03
1390 6.304137e-09 3.100436e-03
1391 5.080196e-08 9.241589e-03
1392 1.292087e-08 2.003721e-03
1393 3.888697e-09 7.649884e-03
1394 4.181141e-08 6.517196e-03
1395 1.206873e-04 5.470707e-02
1396 7.465832e-05 5.795862e-02
1397 3.404420e-08 3.233106e-03
1398 3.442534e-05 3.300017e-02
1399 1.494276e-05 4.357350e-02
1400 1.384283e-08 4.682586e-03
1401 2.974927e-04 1.260725e-01
1402 2.219057e-07 4.642706e-03
1403 1.504516e-07 5.535408e-03
1404 2.394492e-09 2.383002e-03
1405 1.542235e-07 4.186413e-03
1406 9.715272e-05 2.464693e-02
1407 5.738237e-08 2.754152e-03
1408 2.512641e-03 9.985035e-01
1409 4.143898e-06 5.173608e-02
1410 3.433733e-08 1.108934e-02
1411 1.186650e-05 1.657591e-02
1412 1.307531e-10 4.384732e-03
1413 1.035240e-15 1.143512e-03
1414 1.006405e-10 2.434512e-03
1415 5.748329e-08 5.997615e-03
1416 1.305596e-09 2.992405e-03
1417 7.825321e-07 5.191541e-03
1418 3.518982e-08 5.032530e-03
1419 1.773963e-08 4.513147e-03
1420 2.318525e-05 2.593553e-02
1421 1.714609e-06 1.368239e-02
1422 9.949105e-05 4.033035e-02
1423 1.770503e-06 4.103605e-03
1424 3.397845e-06 7.518225e-03
1425 4.927478e-06 8.439681e-03
1426 1.068452e-05 1.030532e-02
1427 3.976726e-06 6.443284e-03
1428 3.484749e-06 8.309784e-03
1429 7.863837e-05 2.709149e-02
1430 3.745363e-04 3.505674e-01
1431 4.064354e-06 3.386110e-02
1432 9.888255e-07 1.823221e-02
1433 4.446308e-09 7.839496e-03
1434 1.643144e-06 3.765059e-03
1435 5.236868e-09 3.320937e-03
1436 5.250121e-06 1.183331e-02
1437 1.869018e-07 2.902934e-03
1438 1.859743e-05 1.620831e-02
1439 3.173891e-03 6.928396e-01
1440 2.233280e-09 2.807506e-03
1441 8.391054e-11 1.740392e-03
1442 4.056437e-09 7.299034e-03
1443 2.561893e-06 6.589115e-03
1444 9.949723e-07 8.657002e-03
1445 1.373601e-06 1.075464e-02
1446 2.277564e-06 1.681167e-02
1447 2.867985e-03 1.309440e+00
1448 1.601497e-05 4.867883e-03
1449 1.613229e-08 3.108493e-03
1450 6.743790e-07 1.373416e-02
1451 8.762952e-05 6.627351e-02
1452 1.151530e-03 2.561948e-01
1453 7.238711e-10 2.968217e-03
1454 5.991086e-08 3.941610e-03
1455 1.638730e-04 2.400592e-02
1456 1.017636e-07 1.892222e-03
1457 1.225988e-06 2.673255e-03
1458 4.776966e-07 2.934052e-03
1459 1.888482e-05 1.192654e-02
1460 4.849842e-06 1.923678e-02
1461 1.899617e-06 2.644402e-03
1462 5.989130e-08 2.176919e-03
1463 8.727412e-09 1.507322e-03
1464 3.285073e-09 2.055756e-03
1465 1.710276e-08 1.411504e-03
1466 9.175368e-06 2.487228e-02
1467 1.010894e-03 1.851641e-01
1468 6.817024e-06 9.538064e-03
1469 6.466140e-07 1.776673e-02
1470 4.097520e-11 3.690372e-03
1471 3.013661e-05 2.130380e-02
1472 3.757369e-08 6.297917e-03
1473 5.048087e-08 4.046067e-03
1474 1.320497e-08 1.696560e-02
1475 3.218801e-09 1.749886e-03
1476 1.549070e-06 2.095861e-02
1477 1.532653e-11 1.745339e-03
1478 2.640639e-07 1.659872e-02
1479 1.747016e-06 1.151789e-02
1480 2.172312e-06 4.689387e-02
1481 1.766295e-05 3.802105e-02
1482 3.675846e-06 1.738961e-02
1483 6.013844e-05 2.422557e-02
1484 3.565865e-04 3.380282e-01
1485 2.212175e-04 9.119920e-02
1486 2.539032e-05 1.984518e-01
1487 5.286367e-10 2.030055e-03
1488 1.403404e-06 2.745371e-02
1489 7.040967e-07 2.157887e-03
1490 1.289965e-05 5.783201e-03
1491 1.708644e-06 5.977092e-02
1492 6.391445e-09 6.755229e-03
1493 1.015434e-07 1.175754e-02
1494 7.555712e-08 3.028677e-03
1495 2.814479e-05 2.296681e-02
1496 7.881722e-08 4.502799e-03
1497 6.512781e-04 4.847638e-01
1498 5.448763e-08 5.335333e-03
1499 3.983447e-10 2.925381e-03
1500 2.509979e-05 1.289482e-02
1501 3.393671e-08 5.470763e-03
1502 1.148885e-04 1.639451e-01
1503 3.076473e-04 2.291722e-01
1504 5.632272e-05 3.229088e-02
1505 1.251251e-07 5.720725e-03
1506 3.120696e-06 8.243277e-03
1507 3.643856e-04 9.886923e-02
1508 1.126508e-04 3.604083e-01
1509 3.886927e-08 4.600951e-03
1510 8.143905e-09 8.564163e-03
1511 8.655749e-07 1.215799e-02
1512 1.255758e-07 7.627231e-03
1513 2.229831e-06 1.140581e-02
1514 8.435506e-09 6.428304e-03
1515 1.668517e-03 6.538002e-01
1516 1.617077e-06 1.469176e-02
1517 1.938586e-03 7.392449e-01
1518 4.137446e-06 9.417495e-03
1519 3.062541e-06 1.280892e-02
1520 7.769391e-08 1.938481e-03
1521 2.105002e-08 7.192432e-03
1522 5.761715e-05 7.039466e-02
1523 1.021236e-05 1.066862e-02
1524 1.990937e-06 1.893232e-02
1525 1.904851e-05 3.953255e-02
1526 7.000140e-07 1.226903e-02
1527 1.278799e-04 4.190612e-02
1528 1.890403e-05 1.334878e-02
1529 4.433684e-06 9.707800e-03
1530 4.985634e-08 1.488324e-02
1531 6.818594e-06 2.891721e-02
1532 7.606639e-09 5.077652e-03
1533 8.010914e-09 6.696777e-03
1534 4.283082e-05 1.507646e-02
1535 1.452490e-08 1.591202e-03
1536 1.643972e-07 2.746070e-03
1537 3.259258e-07 4.101796e-03
1538 3.489226e-08 4.119277e-03
1539 7.752965e-08 2.608730e-03
1540 1.004993e-05 3.236396e-02
1541 2.216969e-03 5.339917e-01
1542 4.138759e-04 1.667930e-01
1543 1.661397e-03 3.718051e-01
1544 2.369801e-06 1.030860e-02
1545 2.642783e-06 5.447881e-02
1546 7.705739e-07 9.442582e-03
1547 2.958850e-03 5.819926e-01
1548 6.289465e-06 2.215941e-02
1549 2.276438e-06 4.912873e-03
1550 5.761614e-10 4.407859e-03
1551 2.688328e-07 6.504875e-03
1552 9.844325e-05 2.207938e-01
1553 2.003237e-03 5.148931e-01
1554 1.705348e-07 1.026723e-02
1555 1.859196e-03 7.042269e-01
1556 8.300481e-05 2.699904e-02
1557 1.695710e-05 2.202941e-01
1558 1.890464e-03 5.326211e-01
1559 1.264100e-05 1.206178e-02
1560 2.421472e-04 2.118712e-01
1561 1.016500e-04 2.222016e-01
1562 1.547140e-10 6.923899e-03
1563 1.857874e-05 2.304674e-02
1564 5.346418e-04 4.441690e-01
1565 3.731127e-05 2.247763e-02
1566 5.733421e-08 5.373918e-03
1567 8.417503e-03 2.414442e+00
1568 3.631420e-08 1.442462e-02
1569 2.516401e-04 3.502152e-02
1570 1.853890e-03 7.590545e-01
1571 1.494178e-08 2.462619e-03
1572 1.946365e-05 5.170281e-02
1573 2.626397e-03 4.854543e-01
1574 2.984545e-05 2.288698e-02
1575 5.338915e-09 1.799254e-02
1576 1.502908e-05 9.898870e-02
1577 1.324594e-04 3.172743e-01
1578 1.045321e-03 1.959869e-01
1579 1.722869e-08 5.081907e-03
1580 1.798653e-03 9.393267e-01
1581 3.634167e-05 2.047408e-02
1582 7.657777e-07 4.840265e-03
1583 1.236220e-03 2.007139e-01
1584 9.430544e-08 1.485582e-02
1585 2.261717e-04 2.852192e-01
1586 3.186223e-06 1.276414e-02
1587 2.540625e-05 1.865662e-02
1588 7.902341e-06 2.496961e-02
1589 1.504655e-09 2.919286e-03
1590 8.352914e-06 6.658046e-03
1591 2.820084e-06 5.350443e-03
1592 5.562734e-05 1.569115e-02
1593 2.254614e-06 3.801420e-03
1594 5.091372e-06 1.700518e-02
1595 3.556888e-07 4.226143e-03
1596 1.293700e-07 3.066706e-02
1597 1.356898e-06 8.630775e-03
1598 2.960775e-05 1.862210e-02
1599 4.085083e-05 1.271333e-01
1600 5.248310e-07 1.074206e-02
1601 1.150512e-07 3.294251e-03
1602 2.075361e-03 9.973116e-01
1603 2.223966e-08 8.700877e-03
1604 1.139621e-04 4.387448e-02
1605 5.521661e-05 5.457616e-02
1606 6.193883e-04 3.939504e-01
1607 2.566492e-03 5.066406e-01
1608 8.035047e-09 4.893300e-03
1609 5.546184e-04 2.391133e-01
1610 3.355293e-04 5.223084e-01
1611 5.501851e-07 1.676443e-02
1612 2.281701e-04 3.286625e-02
1613 4.071329e-12 1.208080e-03
1614 1.097379e-03 1.425804e-01
1615 1.420856e-03 3.103769e-01
1616 1.404650e-08 2.651725e-03
1617 1.406102e-09 3.410287e-03
1618 1.392938e-07 2.708989e-03
1619 1.090685e-06 8.084195e-02
1620 2.939934e-05 6.094664e-02
1621 2.003604e-08 1.002159e-01
1622 1.930500e-05 2.499311e-02
1623 2.902754e-06 5.733105e-02
1624 6.997403e-04 6.065197e-01
1625 9.075015e-09 4.478592e-03
1626 3.431495e-04 1.446896e-01
1627 2.628356e-06 1.763761e-02
1628 4.162918e-04 1.454722e-01
1629 4.314664e-04 3.643200e-01
1630 1.061225e-03 5.644517e-01
1631 8.896061e-04 1.606344e-01
1632 3.552210e-06 6.993306e-02
1633 4.824615e-10 3.099621e-03
1634 1.721285e-09 6.778078e-03
1635 1.057949e-10 1.156795e-03
1636 9.203500e-10 2.940709e-03
1637 1.355627e-10 1.705863e-03
1638 2.017190e-09 3.093172e-03
1639 3.094668e-11 1.852139e-03
1640 1.029165e-03 7.690612e-02
1641 5.490926e-04 2.157248e-01
1642 1.006725e-03 8.538627e-01
1643 3.324576e-04 4.909161e-02
1644 1.589943e-05 1.285059e-02
1645 4.063979e-04 4.364018e-02
1646 1.866253e-03 1.319540e+00
1647 3.418970e-05 1.733901e-02
1648 4.106086e-07 4.212971e-03
1649 4.566606e-04 6.505514e-01
1650 7.188308e-04 1.386656e-01
1651 3.128955e-09 4.405748e-03
1652 1.885596e-04 1.320530e-01
1653 4.757251e-03 9.131647e-01
1654 8.572114e-07 2.352704e-02
1655 1.377329e-03 4.514481e-01
1656 1.716295e-07 1.784160e-02
1657 6.949384e-06 1.295519e-02
1658 1.159014e-06 5.308049e-03
1659 4.005157e-06 2.250994e-02
1660 1.466291e-05 9.537055e-02
1661 2.931595e-04 1.489198e-01
1662 9.613605e-04 7.979793e-02
1663 4.797391e-05 2.307626e-01
1664 3.020173e-06 1.397857e-02
1665 1.759189e-06 1.230342e-02
1666 1.106412e-04 9.726792e-02
1667 3.462760e-05 5.390476e-02
1668 4.926377e-11 8.895982e-04
1669 2.188436e-05 1.333027e-02
1670 1.346043e-08 3.679514e-03
1671 7.159516e-06 2.437980e-02
1672 6.752516e-04 2.836860e-01
1673 1.941894e-05 4.074996e-02
1674 5.763788e-07 1.100367e-02
1675 5.676884e-06 1.614808e-02
1676 3.618733e-08 2.857486e-03
1677 7.095651e-10 7.112954e-03
1678 3.156080e-08 3.679216e-03
1679 4.114896e-14 1.409525e-03
1680 1.276262e-04 9.638746e-02
1681 1.900131e-05 3.348775e-02
1682 3.227756e-06 2.616961e-02
1683 1.162788e-09 1.750307e-03
1684 7.069633e-09 3.672936e-03
1685 1.351244e-03 1.068836e-01
1686 2.115505e-03 3.485006e-01
1687 3.155507e-06 3.305179e-02
1688 6.928764e-04 3.828390e-01
1689 6.344824e-06 9.923785e-02
1690 7.818313e-10 1.776310e-03
1691 1.937923e-08 1.767959e-03
1692 5.789832e-08 6.009906e-03
1693 4.152922e-04 2.219400e-01
1694 1.713025e-05 5.236991e-02
1695 2.344878e-06 4.426814e-03
1696 1.542990e-03 4.573111e-01
1697 4.808965e-08 8.761224e-03
1698 1.682898e-03 6.516675e-01
1699 5.004742e-03 9.235758e-01
1700 6.884357e-08 4.278003e-03
1701 2.027560e-05 8.001541e-02
1702 3.485951e-05 8.988896e-02
1703 8.887947e-07 5.804580e-02
1704 2.517611e-08 1.636538e-03
1705 4.417755e-09 1.979623e-03
1706 7.559232e-07 2.680387e-03
1707 3.912675e-04 1.800870e-01
1708 8.330196e-10 8.068254e-03
1709 1.611996e-06 1.659109e-02
1710 9.513903e-08 1.163314e-02
1711 1.532150e-03 4.113040e-01
1712 7.118030e-05 9.678835e-02
1713 4.002847e-07 1.144902e-02
1714 2.383345e-04 1.027833e-01
1715 4.516641e-07 8.804202e-03
1716 1.179406e-09 4.416107e-03
1717 1.499991e-06 2.690450e-02
1718 3.803699e-06 1.363295e-02
1719 2.226401e-09 7.630513e-03
1720 1.168835e-07 9.478293e-03
1721 1.896136e-08 3.152275e-02
1722 6.796384e-09 8.443403e-03
1723 2.121151e-03 6.384128e-01
1724 2.082492e-06 3.549745e-03
1725 1.624410e-06 1.824471e-02
1726 1.212276e-03 2.509542e-01
1727 7.279493e-06 3.258580e-02
1728 1.413528e-03 5.176921e-01
1729 2.554283e-07 4.659918e-03
1730 6.015195e-04 2.846589e-01
1731 8.885415e-08 7.373997e-03
1732 5.709132e-09 1.912670e-03
1733 3.029741e-15 1.011506e-03
1734 2.372218e-04 9.066798e-02
1735 1.718900e-05 4.227856e-02
1736 9.118152e-14 1.148585e-03
1737 2.330394e-05 2.271147e-02
1738 5.780725e-07 3.657183e-03
1739 1.801394e-06 2.615148e-02
1740 1.602175e-03 1.496110e-01
1741 7.746665e-11 4.427052e-03
1742 1.921335e-04 1.237722e-01
1743 1.096745e-03 2.420409e-01
1744 2.207828e-05 4.793337e-02
1745 1.916646e-04 5.019598e-02
1746 1.929134e-08 2.726344e-03
1747 7.489325e-08 6.706513e-03
1748 6.500316e-04 7.046606e-01
1749 5.180279e-06 1.253382e-02
1750 6.748023e-07 9.770498e-03
1751 1.828651e-07 6.522490e-03
1752 2.979445e-09 2.143642e-03
1753 1.080815e-04 6.045297e-02
1754 5.334864e-08 5.578178e-03
1755 2.510745e-06 6.740043e-03
1756 7.502182e-08 1.983736e-02
1757 4.596803e-07 1.516931e-02
1758 9.782213e-05 2.430810e-01
1759 1.420971e-07 5.170290e-03
1760 1.856409e-03 6.743624e-01
1761 6.337118e-09 7.061019e-03
1762 1.793531e-07 4.342860e-03
1763 1.223909e-07 1.170669e-02
1764 9.634730e-09 6.939584e-03
1765 3.014752e-05 3.549312e-02
1766 4.427457e-08 4.500732e-03
1767 8.625451e-05 1.349549e-02
1768 3.536971e-05 5.877099e-02
1769 2.463170e-04 1.350650e-01
1770 1.120953e-08 8.551495e-03
1771 4.180269e-06 1.160206e-02
1772 1.753279e-04 5.153324e-01
1773 1.425994e-03 4.840381e-01
1774 1.687554e-09 2.935322e-03
1775 4.277786e-11 2.829931e-03
1776 1.667988e-07 1.939830e-02
1777 7.662736e-07 1.267872e-02
1778 2.366205e-07 7.273686e-03
1779 2.864349e-06 1.754744e-02
1780 2.357534e-09 2.812137e-03
1781 1.441456e-11 1.305323e-03
1782 2.568504e-10 3.173235e-03
1783 1.890002e-07 7.435896e-03
1784 1.346189e-05 3.460287e-02
1785 3.075119e-07 4.464851e-03
1786 4.641182e-07 3.390692e-02
1787 2.086708e-03 6.777324e-01
1788 4.921929e-10 4.441677e-03
1789 1.465752e-04 4.662392e-02
1790 3.132602e-09 2.235200e-03
1791 4.295595e-08 5.839054e-03
1792 1.059749e-06 7.235063e-03
1793 5.159161e-08 9.525179e-03
1794 2.228670e-04 1.098600e-01
1795 4.139946e-05 9.619210e-03
1796 4.279764e-04 7.223564e-01
1797 1.130238e-08 1.740282e-02
1798 4.353396e-07 6.673866e-03
1799 2.152510e-09 2.885633e-03
1800 2.609862e-06 5.609053e-02
1801 5.581068e-05 7.898346e-03
1802 7.473842e-06 4.046206e-02
1803 6.743875e-09 2.049901e-03
1804 8.215190e-07 3.034268e-03
1805 9.872788e-09 1.103928e-02
1806 1.588584e-07 6.009946e-03
1807 2.848443e-09 1.571648e-03
1808 7.054127e-04 8.672744e-01
1809 1.205159e-06 1.178077e-02
1810 6.240254e-04 2.872600e-01
1811 1.167103e-08 7.842849e-03
1812 1.490451e-08 5.934648e-03
1813 7.499280e-07 1.457810e-02
1814 1.404896e-10 2.832746e-03
1815 6.456304e-08 2.575773e-02
1816 6.711729e-05 3.678356e-02
1817 9.544782e-07 4.885202e-03
1818 6.150951e-08 4.834616e-03
1819 4.587411e-14 2.082381e-03
1820 1.361091e-09 1.597684e-03
1821 4.802949e-09 3.413109e-03
1822 4.391579e-04 2.283304e-01
1823 6.284753e-06 4.201793e-02
1824 8.569603e-06 4.770138e-02
1825 3.022881e-03 8.762668e-01
1826 2.098437e-04 1.907467e-01
1827 3.336125e-04 7.263015e-02
1828 1.167018e-04 4.971801e-02
1829 1.758882e-06 1.223338e-02
1830 2.767256e-08 3.102951e-03
1831 5.103285e-10 1.703538e-03
1832 1.579914e-07 1.495996e-02
1833 4.968369e-05 2.308172e-02
1834 3.938953e-07 3.685897e-03
1835 2.459036e-09 3.577659e-03
1836 5.747988e-04 5.381802e-01
1837 3.384691e-03 3.949999e-01
1838 8.573040e-05 2.356609e-02
1839 5.507442e-07 3.748746e-02
1840 9.505112e-07 3.917258e-02
1841 1.311277e-04 1.037815e-01
1842 9.128832e-08 6.901202e-03
1843 9.909460e-09 8.683435e-03
1844 3.805962e-09 2.765634e-03
1845 2.418355e-05 4.497752e-02
1846 4.880948e-10 3.506997e-03
1847 1.150134e-07 6.009638e-02
1848 1.961830e-10 2.206614e-03
1849 3.856377e-09 1.367683e-02
1850 1.323017e-08 1.479199e-02
1851 1.330758e-06 3.672650e-02
1852 1.027309e-05 2.292511e-02
1853 9.547233e-06 5.566981e-02
1854 8.699137e-06 1.198370e-01
1855 6.729414e-06 4.708269e-02
1856 1.888725e-11 2.267661e-03
1857 4.407647e-09 4.628196e-03
1858 1.157908e-07 3.965203e-03
1859 4.917458e-10 3.269178e-03
1860 2.828640e-06 2.342819e-02
1861 9.935004e-08 7.736978e-03
1862 9.800896e-04 4.254256e-01
1863 2.383280e-11 3.006962e-03
1864 2.803460e-09 2.669151e-03
1865 1.005089e-09 1.142281e-02
1866 4.907525e-04 1.048391e-01
1867 5.371045e-11 2.611333e-03
1868 1.498553e-06 1.080310e-02
1869 4.002046e-04 5.079496e-01
1870 3.668625e-07 6.083770e-03
1871 6.302872e-08 1.130629e-02
1872 2.456774e-09 7.175013e-03
1873 1.136323e-08 1.843399e-03
1874 1.754826e-07 2.206199e-03
1875 3.974265e-03 1.167769e+00
1876 1.687624e-08 2.424846e-03
1877 7.590784e-08 3.195123e-03
1878 2.369836e-09 6.553771e-03
1879 1.120313e-06 1.172871e-02
1880 2.540099e-04 8.146638e-02
1881 3.749725e-07 4.514447e-02
1882 1.385382e-09 3.948343e-03
1883 9.196757e-07 1.347380e-02
1884 2.213883e-03 3.287424e-01
1885 1.920853e-06 7.070661e-03
1886 4.764070e-04 1.103021e-01
1887 1.804363e-04 5.084687e-02
1888 4.406580e-08 3.276503e-03
1889 8.476405e-09 1.317382e-03
1890 3.533794e-07 1.208982e-02
1891 8.569571e-04 2.245858e-01
1892 5.863484e-08 1.486219e-02
1893 9.498874e-05 6.890129e-02
1894 3.126439e-03 1.576904e+00
1895 1.153228e-03 9.273892e-02
1896 1.012054e-04 1.289933e-01
1897 6.108185e-08 4.002634e-03
1898 1.567744e-05 5.475026e-02
1899 7.088080e-06 1.190758e-02
1900 4.202970e-04 1.831582e-01
1901 2.189428e-08 4.904824e-03
1902 1.539219e-08 1.855013e-03
1903 6.899193e-07 1.104649e-02
1904 1.382971e-06 8.310428e-03
1905 1.037809e-06 5.259580e-03
1906 4.864354e-06 6.667965e-03
1907 6.835411e-11 3.760351e-03
1908 1.005927e-08 1.714682e-03
1909 2.285494e-05 1.741220e-02
1910 8.398929e-05 1.061480e-01
1911 4.757868e-04 1.798160e-01
1912 3.605579e-06 7.693254e-02
1913 4.489728e-06 6.328681e-02
1914 1.508751e-07 4.781625e-03
1915 1.031629e-10 7.895662e-03
1916 6.415020e-04 9.580258e-01
1917 1.187385e-03 6.092881e-01
1918 2.090975e-05 3.615569e-02
1919 7.308879e-04 4.229755e-02
1920 4.834558e-05 3.348046e-02
1921 4.131223e-11 1.367049e-03
1922 4.354248e-06 4.870387e-03
1923 2.392284e-07 3.153301e-03
1924 7.533151e-08 2.429984e-03
1925 2.272320e-08 2.133341e-03
1926 1.182947e-04 1.658543e-01
1927 1.708343e-06 1.161198e-02
1928 3.459275e-10 1.791345e-03
1929 1.603886e-05 1.636638e-02
1930 7.143440e-06 1.798908e-02
1931 1.055118e-04 2.899433e-02
1932 1.604440e-08 3.379197e-02
1933 2.896536e-07 1.612201e-02
1934 1.862108e-05 7.052885e-02
1935 5.952857e-06 1.794539e-02
1936 1.065499e-07 1.255469e-02
1937 8.486843e-06 5.719495e-03
1938 2.160232e-11 2.010179e-03
1939 3.801046e-04 2.922973e-01
1940 5.068132e-08 2.261820e-02
1941 1.760434e-04 2.208294e-02
1942 3.740429e-05 8.438982e-02
1943 3.725515e-07 3.242389e-02
1944 9.827097e-04 3.062672e-01
1945 2.331305e-05 4.170763e-02
1946 2.696419e-06 7.118326e-03
1947 2.271682e-05 6.523108e-03
1948 2.777352e-09 1.708389e-03
1949 6.477548e-04 2.304309e-01
1950 3.242245e-05 3.527816e-02
1951 1.178192e-05 4.281814e-02
1952 9.818131e-07 7.204576e-03
1953 2.410553e-04 7.281356e-02
1954 3.229637e-06 7.624055e-02
1955 2.867131e-06 1.021276e-02
1956 9.578692e-06 5.867038e-02
1957 5.192374e-06 8.772877e-03
1958 2.599966e-05 2.250849e-02
1959 1.380005e-05 2.777743e-02
1960 5.836811e-06 3.125397e-02
1961 3.217685e-06 1.062925e-01
1962 5.426411e-04 1.525834e-01
1963 9.989244e-05 1.110787e-01
1964 2.310227e-07 4.045784e-03
1965 5.487608e-06 1.525374e-02
1966 3.478629e-08 6.704970e-03
1967 5.539630e-06 5.709120e-02
1968 3.394714e-10 2.103142e-03
1969 1.459962e-03 4.191690e-01
1970 6.066210e-04 1.294485e-01
1971 1.803125e-03 4.195607e-01
1972 3.499543e-05 2.367802e-02
1973 1.259368e-04 2.134618e-01
1974 6.772529e-08 4.244724e-03
1975 8.385952e-04 3.402207e-01
1976 1.042548e-04 1.338951e-01
1977 1.666804e-06 7.782894e-03
1978 1.627316e-08 4.048779e-03
1979 4.030400e-04 1.336020e-01
1980 2.525217e-04 2.931396e-02
1981 7.857195e-06 5.540050e-02
1982 5.362351e-09 2.801829e-03
1983 1.260999e-06 2.442746e-03
1984 1.926262e-07 2.762655e-02
1985 3.407527e-05 1.941596e-02
1986 3.100890e-05 1.338472e-02
1987 4.947519e-07 3.500588e-02
1988 3.488209e-04 2.414871e-01
1989 1.963040e-07 1.456167e-03
1990 1.170814e-06 5.626345e-03
1991 1.335308e-06 9.474533e-03
1992 6.432209e-04 6.334727e-01
1993 4.915939e-10 1.188433e-03
1994 1.224713e-09 1.259236e-03
1995 4.920937e-04 1.985634e-01
1996 3.949874e-08 5.554033e-03
1997 3.452192e-08 2.109153e-03
1998 6.549436e-06 1.905400e-02
1999 1.847201e-05 1.316996e-01
2000 6.855362e-08 2.654542e-03
2001 4.595435e-08 3.122962e-03
