2 1.088584e-04 1.638662e-01
3 2.550796e-03 9.845662e-01
4 1.375293e-03 4.346697e-01
5 1.163056e-04 1.454480e-01
6 3.827182e-03 1.419202e+00
7 2.747769e-03 4.229419e-01
8 5.130882e-06 5.469658e-02
9 5.140279e-06 1.129161e-02
10 2.102541e-03 2.341681e-01
11 1.204678e-03 5.222034e-01
12 5.413599e-05 4.497684e-02
13 2.141694e-03 7.218440e-01
14 3.612932e-04 1.852343e-01
15 4.803875e-04 9.315297e-02
16 9.780682e-05 6.300306e-02
17 7.152267e-05 2.302832e-02
18 4.034154e-04 2.150963e-01
19 5.261552e-05 3.350326e-01
20 4.501606e-04 5.857730e-01
21 1.537840e-03 3.262150e-01
22 5.603661e-06 3.290621e-02
23 2.727664e-03 8.921464e-01
24 4.400806e-03 5.365109e-01
25 5.700288e-05 5.844007e-02
26 2.510273e-03 7.941626e-01
27 1.770460e-04 1.178144e-01
28 1.617113e-04 6.561097e-02
29 3.781762e-03 9.740646e-01
30 3.193748e-07 7.857773e-03
31 4.733507e-03 4.282369e-01
32 5.184382e-03 4.882932e-01
33 9.316019e-05 4.329322e-02
34 6.056677e-06 1.012046e-02
35 3.486543e-04 2.774642e-01
36 1.045325e-03 1.090477e-01
37 1.293797e-03 1.250618e+00
38 4.164787e-03 1.740500e+00
39 6.687430e-04 8.525410e-01
40 2.313636e-04 2.898586e-01
41 5.931130e-07 7.205854e-03
42 5.739361e-03 1.098593e+00
43 9.017929e-06 1.925183e-02
44 5.786807e-08 3.024971e-03
45 8.138967e-07 2.784231e-03
46 7.290959e-09 1.441173e-03
47 9.437281e-08 6.338301e-03
48 6.299257e-07 7.261354e-03
49 3.949947e-07 9.166064e-03
50 6.220068e-06 3.340357e-02
51 5.120373e-07 3.193758e-03
52 4.040554e-07 5.686662e-03
53 6.725109e-07 5.704563e-03
54 1.171671e-07 4.307075e-03
55 9.321694e-08 3.401941e-03
56 1.937167e-05 2.275621e-02
57 1.864825e-05 4.302964e-02
58 2.455262e-09 1.717816e-03
59 3.593907e-06 1.299816e-02
60 1.874082e-07 2.450291e-03
61 7.032659e-08 4.240823e-03
62 6.820861e-08 1.359193e-03
63 7.586121e-07 5.785944e-03
64 2.353591e-08 1.184322e-02
65 1.203324e-07 2.827701e-03
66 1.137824e-07 4.904459e-03
67 3.154427e-08 4.815526e-03
68 2.438955e-05 1.160732e-02
69 1.582121e-05 1.102325e-02
70 1.028699e-03 7.684465e-01
71 5.347447e-10 4.412644e-03
72 2.452672e-04 7.948734e-02
73 5.827495e-07 4.608201e-03
74 2.266153e-07 5.799012e-03
75 4.838024e-07 5.853916e-03
76 3.091766e-05 7.767631e-03
77 1.721374e-06 4.815444e-03
78 7.591045e-05 5.219361e-02
79 8.266361e-07 1.149107e-02
80 9.459509e-05 1.005597e-01
81 5.434999e-07 3.201612e-03
82 6.842611e-05 4.516081e-02
83 1.949469e-08 2.530060e-03
84 2.595309e-04 2.642776e-02
85 1.837916e-06 7.993883e-03
86 2.889098e-04 3.901373e-02
87 1.464219e-04 2.674702e-01
88 1.509456e-08 2.775589e-03
89 1.675020e-04 6.528265e-02
90 1.153793e-04 1.345071e-01
91 7.798789e-06 1.986418e-02
92 5.933561e-04 1.003962e-01
93 1.091677e-04 5.361549e-02
94 5.958664e-07 9.031112e-03
95 1.593904e-08 5.392779e-03
96 9.936100e-06 1.486529e-02
97 4.231259e-05 2.376968e-02
98 5.303061e-04 4.944671e-02
99 5.705784e-05 3.507211e-01
100 2.206065e-03 1.106672e+00
101 6.813101e-04 1.913692e-01
102 6.034036e-07 6.773145e-03
103 6.013281e-04 2.755947e-01
104 9.321199e-08 2.473296e-02
105 2.470293e-04 1.084753e-01
106 1.472464e-04 7.532458e-02
107 1.022042e-06 1.221515e-02
108 7.871648e-06 1.164665e-01
109 2.725849e-07 1.218747e-02
110 3.386049e-06 4.653886e-03
111 2.881674e-07 1.087324e-02
112 3.425400e-08 1.961109e-02
113 6.999430e-04 1.672265e-01
114 6.793084e-05 1.739305e-02
115 1.187332e-04 3.303426e-02
116 1.475370e-04 1.128826e-01
117 2.091748e-06 7.504037e-03
118 1.162076e-07 3.731551e-03
119 3.087761e-04 7.875181e-01
120 9.152929e-05 4.535012e-02
121 9.815601e-07 9.072858e-03
122 1.377450e-06 5.276429e-03
123 6.265456e-04 1.424988e-01
124 1.757854e-06 1.451753e-02
125 3.569650e-04 1.698745e-01
126 1.758368e-05 1.563379e-02
127 1.222786e-06 1.169490e-02
128 1.488927e-03 4.549286e-01
129 6.808750e-04 6.359195e-01
130 3.169854e-05 7.908816e-02
131 5.131563e-04 2.466604e-01
132 5.323615e-05 2.999664e-02
133 3.268142e-03 1.142015e+00
134 1.095557e-04 5.249141e-02
135 8.991274e-04 4.363096e-01
136 2.798288e-09 2.287520e-03
137 6.642194e-07 1.304867e-02
138 9.228004e-07 4.132506e-03
139 1.111570e-05 1.044669e-02
140 2.066377e-04 7.127832e-02
141 1.318101e-05 8.414455e-03
142 5.059610e-04 2.907264e-01
143 1.050785e-03 1.218248e-01
144 9.717715e-04 2.737026e-01
145 4.097096e-05 6.262087e-02
146 6.066701e-07 1.465111e-02
147 9.106042e-05 8.406546e-02
148 1.481297e-06 6.641942e-03
149 2.836065e-04 8.398089e-02
150 9.016002e-05 1.059972e-01
151 1.659806e-04 8.550576e-02
152 1.500076e-05 4.060939e-02
153 1.283373e-06 1.074930e-02
154 1.601097e-05 1.717006e-02
155 2.032471e-07 3.182861e-03
156 4.988288e-05 3.059444e-02
157 1.337022e-07 1.320826e-02
158 2.598107e-10 3.780415e-03
159 2.929855e-07 1.790436e-02
160 1.478085e-06 1.031119e-02
161 6.782455e-07 5.331460e-03
162 4.410364e-07 1.727720e-02
163 2.440371e-06 1.757388e-02
164 2.011242e-05 1.643007e-02
165 1.253952e-07 1.797430e-03
166 1.247561e-06 2.591031e-03
167 9.210664e-06 9.629727e-03
168 3.152667e-06 5.778977e-03
169 3.993006e-05 3.968017e-02
170 3.501522e-06 7.990460e-03
171 2.949461e-04 5.947869e-02
172 3.456534e-04 6.368182e-01
173 2.070742e-04 9.689408e-02
174 1.109325e-03 2.832664e-01
175 1.110159e-09 1.263843e-03
176 1.507561e-06 1.517858e-02
177 9.613159e-09 3.190893e-03
178 2.596686e-07 7.879977e-03
179 4.459305e-06 1.307641e-02
180 1.189424e-09 1.277264e-03
181 1.261666e-04 1.189772e-01
182 1.864666e-03 1.391186e-01
183 6.244101e-05 4.376932e-02
184 6.002198e-06 9.426641e-03
185 4.125578e-09 1.523687e-03
186 2.423582e-06 4.934454e-02
187 3.339249e-03 8.955377e-01
188 1.904954e-04 5.967993e-02
189 3.385549e-06 1.566266e-02
190 1.452350e-06 5.701703e-03
191 1.180339e-06 7.081979e-03
192 6.645098e-08 5.862372e-03
193 5.106795e-09 6.284028e-03
194 4.609818e-08 6.118320e-03
195 1.544705e-04 3.695772e-02
196 1.225306e-06 8.387428e-03
197 1.863627e-07 2.127033e-02
198 5.421885e-05 1.644839e-02
199 1.023696e-06 2.056832e-02
200 2.964379e-04 1.324175e-01
201 9.817927e-06 9.303073e-02
202 8.516574e-06 1.676196e-02
203 1.305947e-04 2.115040e-01
204 4.343833e-06 4.740393e-03
205 1.901530e-04 4.949335e-02
206 2.323111e-04 6.503901e-02
207 3.421251e-05 3.359144e-02
208 4.504457e-05 9.977876e-02
209 6.765986e-04 2.226749e-01
210 2.506479e-05 5.904681e-02
211 2.443640e-04 2.164269e-01
212 4.301675e-08 5.025969e-03
213 5.543669e-06 1.650244e-02
214 4.560471e-06 1.424087e-02
215 4.009778e-07 1.244877e-02
216 5.488182e-06 4.041794e-02
217 3.912931e-06 2.955743e-03
218 2.558432e-07 4.740374e-03
219 9.934311e-08 2.560880e-03
220 3.139391e-05 2.599007e-01
221 1.947866e-07 5.695033e-03
222 1.265483e-06 4.372926e-02
223 2.268834e-03 2.247646e-01
224 3.171213e-09 2.300484e-03
225 8.007821e-09 3.232721e-03
226 3.038894e-06 1.221793e-02
227 1.342593e-07 4.281310e-03
228 1.308797e-06 6.410871e-03
229 3.091456e-06 1.837142e-02
230 5.654174e-04 3.701096e-01
231 5.143205e-10 2.043715e-03
232 2.131387e-03 8.123907e-01
233 4.983568e-08 9.448053e-03
234 1.167996e-06 5.333620e-03
235 4.144451e-10 7.405329e-03
236 1.439277e-03 1.705442e-01
237 1.790318e-03 4.072634e-01
238 5.687151e-08 5.104869e-03
239 5.605610e-05 1.604345e-02
240 9.073775e-06 6.912262e-02
241 7.110722e-04 5.286350e-01
242 4.712039e-06 3.898064e-02
243 5.560585e-07 4.568707e-03
244 9.807126e-09 1.879188e-03
245 5.053157e-09 1.284149e-03
246 7.134402e-04 2.397067e-01
247 6.545616e-04 1.578114e-01
248 2.494481e-04 3.719451e-01
249 3.791306e-03 4.982031e-01
250 6.988917e-04 3.371071e-01
251 1.871114e-09 1.293882e-03
252 1.056296e-07 8.789528e-03
253 3.382940e-08 4.243221e-03
254 7.322821e-06 2.317737e-02
255 5.817486e-07 9.040594e-03
256 5.972604e-10 2.437804e-03
257 8.103079e-07 5.303147e-03
258 1.321987e-03 1.455988e-01
259 2.023042e-08 1.456609e-03
260 1.438178e-06 1.008125e-02
261 8.337103e-05 1.232410e-02
262 1.717732e-06 1.824664e-03
263 1.943438e-05 8.105058e-03
264 2.931805e-06 2.994503e-02
265 3.462569e-05 8.102791e-02
266 4.423700e-06 1.259767e-02
267 2.876547e-07 1.988624e-02
268 7.599415e-07 1.024324e-02
269 9.463873e-05 1.899800e-01
270 5.953099e-10 3.605446e-03
271 1.008842e-05 1.989543e-02
272 7.831243e-06 1.383663e-02
273 1.948547e-04 1.410146e-01
274 1.795812e-09 1.879346e-03
275 1.022312e-03 2.482593e-01
276 1.702243e-06 1.864372e-02
277 8.474465e-10 4.011067e-03
278 7.295215e-05 1.143552e-01
279 2.618006e-07 5.211115e-03
280 1.298684e-04 8.086947e-02
281 3.219857e-04 1.863294e-01
282 5.539335e-08 2.089393e-03
283 1.205588e-06 7.055555e-03
284 4.000911e-08 4.750075e-03
285 2.899669e-08 9.256165e-03
286 9.331690e-07 6.161459e-03
287 2.753900e-08 5.091790e-03
288 6.681115e-08 2.225322e-03
289 1.653658e-03 3.933588e-01
290 3.367400e-09 1.421934e-03
291 1.542447e-05 2.114473e-02
292 9.844818e-04 5.026096e-01
293 2.667648e-06 5.878691e-03
294 2.055329e-08 4.364914e-03
295 5.636081e-08 1.780863e-02
296 2.549036e-05 1.258030e-01
297 4.757249e-06 1.898302e-02
298 2.016469e-06 5.918011e-03
299 1.186386e-07 4.264614e-03
300 8.546513e-06 1.603682e-02
301 7.252166e-04 4.047206e-01
302 3.609164e-07 3.608973e-03
303 1.005743e-06 2.059945e-02
304 3.134878e-04 1.650612e-01
305 5.332615e-05 3.120832e-02
306 1.291535e-04 3.238050e-02
307 3.219198e-03 4.503022e-01
308 7.497271e-07 1.101175e-02
309 1.026868e-04 3.187661e-01
310 1.614929e-05 2.742037e-02
311 7.583452e-07 1.359484e-02
312 3.682329e-05 6.432699e-03
313 2.604670e-03 1.105017e+00
314 8.440056e-06 4.827292e-03
315 1.365065e-09 4.747102e-03
316 3.589641e-03 7.988701e-01
317 2.241492e-03 5.589548e-01
318 6.176595e-04 2.534548e-01
319 6.260396e-05 9.826239e-02
320 1.318127e-05 4.358374e-02
321 4.824863e-04 3.951468e-01
322 8.719479e-11 6.874492e-03
323 3.698707e-06 2.755868e-02
324 1.757042e-08 5.423379e-03
325 3.524408e-08 5.311808e-03
326 1.898635e-06 4.687565e-02
327 2.398205e-03 9.729054e-01
328 1.595522e-03 2.451462e-01
329 3.111809e-03 5.605245e-01
330 2.008278e-06 1.183300e-02
331 6.595210e-04 4.653470e-02
332 1.202492e-03 3.472757e-01
333 5.447371e-08 1.670526e-02
334 6.732961e-06 4.995910e-02
335 2.914023e-09 2.172150e-03
336 4.724433e-06 1.112960e-02
337 9.358118e-07 1.356883e-02
338 2.988140e-03 2.715813e-01
339 1.310265e-03 3.626571e-01
340 6.644883e-06 1.553373e-02
341 2.395195e-07 1.047901e-02
342 2.703473e-05 8.994967e-03
343 5.933391e-08 3.918332e-02
344 3.717382e-05 2.087663e-02
345 4.308016e-03 9.993325e-01
346 2.180307e-03 6.216212e-01
347 3.544980e-08 4.232144e-03
348 1.107057e-04 5.778326e-02
349 2.353377e-05 8.609559e-03
350 1.679571e-06 3.354194e-03
351 7.519575e-04 9.297083e-01
352 1.361108e-04 2.206801e-01
353 3.173707e-08 1.289418e-03
354 2.201104e-04 1.556050e-01
355 7.521408e-06 2.707024e-02
356 1.126736e-03 5.928624e-01
357 6.401013e-04 2.173201e-01
358 2.080835e-06 6.308521e-03
359 2.254804e-05 1.279044e-02
360 1.703988e-04 1.551140e-01
361 4.893697e-04 2.757179e-01
362 2.022184e-03 1.905871e-01
363 2.215521e-05 4.707476e-02
364 2.354943e-05 5.380090e-02
365 7.503685e-06 4.165040e-02
366 2.786701e-06 2.111218e-02
367 6.571639e-07 1.710944e-02
368 1.226905e-05 1.279116e-02
369 5.372498e-07 1.180647e-02
370 4.796201e-06 2.064840e-02
371 9.441396e-06 8.731455e-02
372 8.236119e-07 3.671086e-02
373 3.589861e-05 7.222423e-02
374 4.267961e-09 6.334480e-03
375 7.798772e-08 1.470250e-03
376 1.139556e-07 3.684089e-03
377 2.022829e-03 7.033365e-01
378 3.764556e-05 2.907534e-02
379 1.367413e-06 6.200315e-03
380 7.834135e-06 2.072892e-02
381 1.288673e-03 7.324072e-01
382 9.780375e-05 4.030821e-02
383 6.844061e-04 2.244499e-01
384 4.631106e-05 2.231012e-02
385 1.719694e-03 6.997681e-01
386 2.782928e-05 1.817705e-02
387 6.504047e-06 2.100167e-02
388 2.953720e-07 4.082185e-03
389 2.210468e-07 1.072304e-02
390 3.080725e-09 4.438155e-03
391 2.875748e-04 4.307070e-02
392 4.957900e-06 2.889102e-02
393 4.153547e-09 2.653759e-03
394 6.630093e-04 8.275794e-01
395 9.542974e-07 1.862194e-03
396 7.768479e-06 4.018304e-02
397 4.100066e-06 2.301592e-02
398 2.732027e-10 2.559554e-03
399 1.160614e-07 9.125985e-03
400 1.043344e-02 1.734779e+00
401 2.457407e-06 2.798057e-02
402 6.571152e-04 6.064333e-01
403 6.050192e-05 3.520743e-02
404 8.712796e-06 2.968365e-02
405 2.358816e-07 5.184314e-03
406 4.508358e-04 2.743916e-01
407 7.228515e-05 1.248713e-01
408 6.363891e-04 7.527368e-01
409 1.073014e-05 8.824619e-02
410 4.695419e-06 1.564178e-02
411 7.727647e-05 4.633327e-02
412 6.618474e-05 1.461096e-02
413 9.758056e-04 5.241438e-01
414 5.608458e-04 5.924645e-02
415 6.071216e-08 1.968730e-03
416 2.036829e-04 1.325976e-01
417 6.449297e-06 3.083243e-03
418 1.039600e-03 5.974958e-01
419 6.265614e-04 8.651576e-01
420 3.562415e-05 1.022055e-02
421 1.059806e-04 3.290227e-02
422 9.862313e-06 3.065070e-02
423 8.115583e-06 1.297190e-02
424 1.428949e-04 7.288675e-02
425 1.797344e-05 1.647544e-02
426 1.088508e-08 3.760166e-03
427 9.891980e-05 1.567877e-01
428 1.797347e-04 4.985898e-02
429 8.276351e-04 3.982232e-01
430 4.135196e-07 1.741069e-03
431 1.137411e-09 4.157827e-03
432 3.398899e-04 1.543639e-01
433 4.553481e-09 1.257231e-03
434 1.622074e-07 5.220844e-03
435 4.407545e-06 6.153773e-03
436 6.063828e-09 2.357863e-03
437 3.858566e-04 1.501559e-01
438 1.475785e-07 5.842874e-03
439 1.310160e-07 4.605600e-03
440 4.890602e-08 4.339122e-03
441 4.160818e-05 4.555848e-02
442 9.250073e-09 6.772444e-03
443 9.559676e-07 5.450262e-03
444 6.588617e-05 5.271737e-02
445 2.195925e-04 1.041569e-01
446 1.099873e-06 1.748028e-02
447 2.357684e-08 2.496387e-03
448 1.849103e-06 2.809188e-03
449 1.024956e-07 2.388940e-03
450 1.179356e-06 3.731670e-03
451 2.055850e-07 1.344289e-03
452 6.528214e-05 1.475490e-02
453 3.231442e-07 5.167935e-03
454 2.781953e-05 4.242455e-02
455 5.004248e-04 1.891073e-01
456 1.194976e-07 5.639083e-03
457 3.611251e-05 4.505664e-02
458 2.521909e-05 7.131707e-02
459 1.411166e-05 7.316708e-02
460 2.441958e-07 4.076307e-03
461 1.077160e-05 3.947176e-02
462 7.746819e-04 3.199072e-01
463 4.036693e-05 7.618070e-02
464 5.930450e-05 1.239625e-02
465 6.520350e-08 1.845906e-03
466 2.466941e-08 2.733126e-03
467 1.671387e-03 6.158328e-01
468 8.615052e-10 5.934399e-03
469 4.515832e-04 1.518398e-01
470 6.263414e-05 2.307826e-02
471 2.898119e-05 3.884100e-02
472 1.747266e-05 7.862904e-03
473 3.673043e-05 1.672121e-02
474 4.579812e-06 5.258269e-03
475 5.962157e-05 4.296565e-02
476 3.414725e-09 2.276518e-03
477 7.518736e-05 1.081273e-01
478 1.659548e-09 3.581702e-03
479 5.402399e-09 1.840870e-03
480 7.133138e-07 1.388801e-02
481 3.812226e-07 8.196731e-03
482 1.792047e-03 3.257952e-01
483 2.365075e-08 1.195412e-03
484 3.285996e-08 1.954931e-03
485 1.726076e-04 1.053711e-01
486 3.886402e-07 5.309819e-03
487 7.315451e-05 9.242264e-02
488 4.652347e-07 6.589010e-03
489 3.128059e-05 1.431620e-02
490 2.116139e-05 4.801613e-02
491 3.538059e-07 1.097128e-02
492 1.279117e-04 2.290890e-02
493 2.774276e-08 2.367801e-03
494 6.924417e-04 1.591141e-01
495 1.496809e-03 2.347485e-01
496 2.376034e-04 1.990110e-01
497 1.673280e-04 1.511269e-01
498 1.922308e-05 4.325114e-02
499 3.424023e-05 1.391518e-02
500 3.280976e-09 9.724258e-03
501 3.086899e-03 1.071565e+00
502 1.095965e-06 1.984356e-02
503 4.168883e-05 7.812946e-02
504 1.890791e-03 1.228874e+00
505 4.024078e-08 6.450056e-03
506 1.223170e-07 1.314469e-02
507 5.147952e-07 9.723331e-03
508 5.884002e-05 1.697281e-02
509 1.719477e-03 3.978129e-01
510 1.053449e-07 9.918811e-03
511 9.405574e-07 5.014588e-03
512 1.493749e-08 2.039745e-03
513 6.980538e-05 3.707679e-02
514 1.961978e-08 1.969332e-02
515 1.913310e-06 5.779804e-02
516 1.739273e-04 8.930810e-02
517 2.155923e-06 7.890783e-03
518 1.932295e-08 4.542386e-03
519 7.807458e-07 1.091743e-02
520 6.102099e-10 1.504632e-03
521 1.649020e-06 3.013554e-02
522 1.624074e-06 3.497168e-03
523 1.768939e-06 8.515966e-03
524 7.676675e-05 8.660165e-02
525 7.187925e-04 1.286081e-01
526 2.407489e-06 1.766956e-02
527 1.853492e-04 2.078682e-01
528 7.799666e-04 1.791491e-01
529 1.269407e-03 3.044995e-01
530 9.028286e-05 7.479916e-02
531 5.861167e-11 1.574195e-03
532 6.547601e-07 9.726709e-03
533 1.302023e-06 2.937878e-03
534 3.322486e-06 8.953403e-02
535 1.910098e-03 3.658582e-01
536 2.459996e-04 1.134876e-01
537 9.664664e-04 3.905353e-01
538 3.002562e-06 9.634750e-02
539 3.405875e-05 6.310207e-02
540 4.604723e-06 2.855594e-02
541 2.265773e-03 9.061382e-01
542 5.482803e-06 1.351935e-02
543 1.520040e-04 1.359023e-02
544 2.335806e-04 8.205665e-02
545 3.011187e-07 9.549413e-03
546 1.162043e-06 1.584137e-02
547 6.180715e-06 5.557377e-02
548 2.996148e-04 4.395305e-02
549 1.792883e-06 2.930658e-02
550 6.276599e-09 5.838831e-03
551 2.743880e-04 3.701672e-02
552 8.898495e-08 2.692942e-03
553 1.094613e-07 7.552084e-03
554 2.577494e-09 3.020771e-03
555 3.693671e-06 7.080146e-02
556 1.343783e-06 7.686999e-03
557 5.604408e-05 9.724324e-02
558 8.500466e-08 8.200322e-03
559 6.085168e-04 8.207501e-02
560 7.094023e-08 3.363991e-03
561 5.099414e-06 3.371540e-02
562 1.937135e-07 1.844977e-03
563 3.108750e-03 1.868946e+00
564 8.472229e-04 9.594626e-01
565 1.451721e-06 3.939544e-03
566 1.144359e-03 9.761120e-02
567 4.200656e-04 7.452623e-02
568 2.968477e-04 1.145992e-01
569 1.996155e-06 1.237903e-02
570 9.461531e-06 5.186659e-02
571 1.693196e-04 7.152678e-02
572 5.625423e-04 1.292035e-01
573 1.090225e-03 2.219960e-01
574 1.845341e-06 5.942400e-03
575 6.314856e-08 4.063299e-03
576 2.085861e-06 9.718348e-03
577 4.360325e-09 2.689498e-03
578 3.046071e-06 4.175602e-03
579 9.184501e-05 2.984892e-02
580 3.368235e-08 6.035502e-03
581 2.736049e-04 1.175919e-01
582 1.620903e-06 1.525953e-02
583 3.657021e-04 4.782836e-01
584 1.522829e-05 7.905088e-02
585 1.278049e-05 4.621994e-02
586 1.664613e-03 1.665577e-01
587 1.481038e-05 1.354715e-02
588 1.843147e-05 5.944349e-02
589 1.641347e-04 5.880898e-02
590 4.637831e-07 1.235687e-02
591 7.213410e-06 2.692099e-02
592 2.699433e-03 7.873489e-01
593 1.477180e-06 9.365945e-03
594 3.061375e-04 1.023308e-01
595 1.468644e-07 5.616866e-03
596 8.274810e-09 1.379908e-03
597 8.237554e-08 2.287970e-03
598 4.042545e-05 4.727442e-02
599 5.946013e-05 2.084651e-02
600 4.769901e-07 5.177658e-03
601 5.810698e-07 4.341158e-03
602 2.821597e-05 2.875184e-02
603 4.963993e-05 3.500037e-02
604 1.553766e-08 2.068665e-03
605 5.064762e-04 1.740962e-01
606 2.755746e-04 1.120053e-01
607 4.536186e-07 5.250903e-03
608 3.170483e-04 4.291690e-02
609 2.761045e-05 1.728129e-02
610 6.242849e-06 1.645761e-02
611 1.297481e-08 2.536603e-03
612 8.987420e-06 3.657121e-02
613 3.011073e-08 5.339448e-03
614 1.171794e-06 5.700290e-03
615 1.103294e-08 5.945483e-03
616 2.837406e-04 5.088130e-02
617 1.208997e-06 1.411746e-02
618 9.872508e-08 8.407728e-03
619 1.350165e-05 7.836170e-03
620 1.632467e-07 3.887231e-03
621 3.670853e-07 3.431978e-03
622 1.670107e-03 3.018025e-01
623 1.746423e-05 1.775537e-02
624 1.761125e-06 4.467332e-03
625 7.031295e-07 1.186558e-02
626 9.824428e-07 6.389625e-03
627 8.786801e-07 3.685543e-03
628 7.154652e-05 3.324769e-02
629 2.800560e-06 2.166539e-03
630 1.706550e-05 1.504581e-02
631 8.193787e-06 1.240862e-02
632 1.946669e-08 1.265615e-03
633 7.401497e-04 3.165017e-01
634 1.498989e-04 3.044153e-02
635 2.089838e-07 8.794196e-03
636 1.669735e-07 2.104856e-02
637 1.409608e-07 1.160233e-02
638 1.170559e-08 2.182869e-03
639 2.022706e-10 1.581192e-03
640 1.617510e-09 2.443810e-03
641 2.148223e-09 1.528549e-03
642 3.449307e-08 5.433376e-03
643 8.897763e-05 8.762568e-02
644 8.688973e-04 2.248130e-01
645 4.704396e-04 8.210728e-02
646 3.930225e-06 1.444853e-02
647 1.617490e-06 6.052664e-03
648 4.715142e-05 3.873204e-02
649 2.731306e-03 6.977128e-01
650 3.306809e-06 5.085675e-03
651 5.803061e-07 8.534794e-03
652 7.353341e-05 7.566024e-02
653 9.429898e-08 4.783976e-03
654 8.291890e-07 4.957378e-03
655 4.871677e-07 9.201423e-03
656 8.539679e-08 2.812539e-03
657 1.009544e-03 4.891253e-02
658 1.608335e-04 1.490823e-01
659 1.159851e-04 2.434044e-02
660 9.769773e-05 1.211420e-01
661 5.980610e-07 5.575593e-03
662 6.298716e-04 2.634054e-01
663 8.983578e-04 7.955380e-01
664 2.771255e-05 5.274538e-02
665 6.572153e-07 9.392106e-03
666 3.018553e-04 2.113573e-02
667 8.885822e-04 6.936650e-02
668 9.756267e-04 3.876865e-01
669 8.862769e-04 2.666221e-01
670 8.017811e-08 9.347686e-03
671 6.241306e-05 2.288489e-02
672 2.008829e-07 2.507277e-02
673 2.642729e-05 1.204847e-02
674 1.937749e-07 2.113811e-03
675 5.541041e-05 1.394711e-01
676 1.963865e-06 5.722587e-03
677 2.399070e-10 1.338951e-03
678 5.947561e-06 7.554141e-03
679 1.950636e-03 2.373319e-01
680 2.230630e-05 4.647926e-02
681 6.926389e-05 7.142118e-02
682 1.047332e-05 1.306462e-02
683 1.319042e-06 3.063117e-02
684 1.131148e-05 1.944793e-02
685 6.395570e-09 2.171186e-03
686 4.538801e-06 1.925510e-02
687 2.847549e-03 7.402965e-01
688 6.853070e-06 2.502352e-02
689 5.584430e-07 1.033435e-02
690 1.513491e-08 2.015725e-03
691 1.135771e-03 1.918557e-01
692 6.558905e-08 2.930980e-03
693 1.382791e-05 2.239097e-02
694 5.993954e-04 1.020040e-01
695 7.251592e-04 2.650218e-01
696 1.398514e-03 7.531192e-01
697 1.081242e-05 9.531003e-03
698 8.856121e-04 1.508680e-01
699 5.047513e-08 1.539871e-03
700 1.254956e-04 5.396059e-02
701 1.160246e-05 1.977225e-02
702 7.340209e-09 1.237420e-03
703 2.459830e-08 4.011587e-03
704 6.237172e-11 1.311535e-03
705 3.767006e-03 3.580797e-01
706 3.600157e-08 1.732655e-03
707 3.467982e-04 1.069193e-01
708 5.340773e-12 4.995842e-03
709 7.356940e-11 2.939368e-03
710 8.269950e-07 6.309436e-03
711 2.528364e-10 1.204900e-03
712 2.958854e-07 4.817959e-03
713 1.177277e-07 6.466670e-03
714 1.011760e-09 2.451262e-03
715 1.052018e-05 1.670656e-02
716 1.573141e-04 3.404712e-02
717 1.569389e-08 5.329528e-03
718 5.493016e-11 2.642274e-03
719 1.941012e-03 7.147389e-01
720 4.332630e-11 1.188324e-03
721 6.750751e-06 8.678795e-03
722 4.851896e-10 2.732717e-03
723 7.759751e-06 1.674262e-02
724 1.963008e-07 3.491044e-03
725 5.811922e-11 1.464601e-03
726 1.195016e-04 5.003352e-02
727 1.175312e-09 4.371426e-03
728 3.776595e-08 7.908140e-03
729 9.630021e-10 7.307680e-03
730 4.098608e-08 2.753327e-03
731 1.421033e-04 1.058732e-01
732 1.249437e-12 1.364472e-03
733 8.419786e-14 9.157500e-04
734 4.625659e-08 2.992867e-03
735 6.365294e-08 3.406897e-03
736 6.041429e-06 1.678511e-02
737 2.010275e-11 1.363522e-03
738 6.411518e-05 9.777413e-02
739 7.260143e-09 3.515706e-03
740 1.197979e-05 3.740222e-02
741 8.696894e-08 8.486754e-03
742 2.642851e-05 2.230062e-02
743 1.430210e-03 7.462188e-01
744 4.498582e-11 2.638482e-03
745 2.036026e-08 2.531763e-03
746 1.224431e-06 1.283205e-02
747 1.399705e-04 6.306430e-02
748 1.133423e-03 2.130739e-01
749 7.717010e-05 1.847975e-01
750 2.612436e-07 6.858012e-03
751 1.350900e-06 1.236235e-02
752 4.604097e-07 1.989365e-03
753 1.992171e-08 2.987524e-03
754 3.706942e-05 1.085738e-01
755 4.738617e-06 2.170230e-02
756 3.433990e-05 3.637122e-02
757 4.160960e-10 1.517586e-03
758 2.806711e-06 2.122205e-02
759 2.090984e-04 3.005470e-02
760 2.943572e-08 2.276799e-03
761 3.082446e-05 3.518114e-02
762 2.532505e-04 2.886076e-02
763 2.637961e-09 1.966439e-03
764 2.528259e-08 9.889002e-03
765 4.248641e-09 1.044237e-02
766 4.416469e-07 5.519727e-03
767 6.400414e-08 5.907435e-03
768 5.332460e-05 3.017211e-02
769 1.025529e-05 7.969182e-03
770 1.296368e-04 6.825013e-02
771 7.860977e-06 5.498630e-03
772 6.651296e-12 1.550057e-03
773 4.881198e-08 1.604397e-02
774 2.327578e-08 1.957344e-03
775 3.522743e-04 1.030117e-01
776 2.509834e-04 9.333124e-02
777 3.140992e-05 3.701253e-02
778 8.545494e-05 2.569741e-02
779 1.964388e-03 2.808599e-01
780 9.276737e-06 1.599411e-02
781 1.632698e-04 8.380250e-02
782 1.669814e-06 4.595767e-03
783 4.893492e-06 9.992310e-03
784 4.483592e-06 6.924970e-03
785 2.893436e-04 5.069183e-02
786 7.666434e-05 2.676033e-02
787 2.237009e-04 4.532585e-02
788 2.452242e-06 2.315105e-02
789 1.663102e-09 1.348865e-03
790 3.652525e-05 1.639063e-01
791 2.129471e-05 1.786702e-02
792 6.555800e-07 4.953010e-03
793 3.182314e-06 9.998276e-03
794 9.895264e-07 5.147957e-03
795 5.258623e-04 5.815511e-01
796 4.976719e-09 3.134700e-03
797 1.132626e-03 3.060221e-01
798 1.093614e-03 4.829957e-01
799 3.403515e-06 5.342583e-03
800 1.563666e-04 8.905477e-02
801 1.297830e-07 4.161062e-03
802 3.402148e-05 4.604459e-02
803 1.040587e-03 1.935925e-01
804 8.063273e-07 1.606790e-02
805 7.889843e-09 4.029314e-03
806 1.505990e-04 2.384030e-01
807 5.418179e-07 5.545734e-02
808 3.069011e-06 4.353115e-03
809 3.854636e-04 3.733334e-01
810 3.633508e-05 1.770288e-02
811 2.738755e-06 2.761361e-02
812 2.433897e-07 6.938192e-03
813 3.146773e-07 5.869223e-03
814 2.635339e-06 1.070386e-02
815 7.323898e-06 2.636788e-02
816 1.291684e-04 1.621888e-01
817 3.052196e-03 8.664599e-01
818 9.109185e-09 3.591028e-03
819 5.476378e-05 1.033035e-01
820 5.961008e-06 5.289325e-02
821 2.549887e-06 2.793419e-02
822 8.116319e-08 3.573332e-03
823 5.031843e-06 9.674729e-03
824 9.867687e-08 2.607319e-02
825 5.310236e-07 2.667921e-02
826 1.337967e-04 1.134745e-02
827 2.822102e-06 5.733650e-03
828 8.633233e-05 3.976463e-02
829 5.356390e-07 1.438666e-02
830 3.743007e-03 5.416674e-01
831 3.191643e-05 2.138404e-02
832 3.820536e-06 8.852903e-03
833 1.120716e-05 2.229628e-02
834 5.607658e-06 2.185190e-02
835 7.923957e-08 2.280914e-03
836 3.256991e-09 1.027334e-03
837 6.340410e-07 1.491164e-02
838 7.968104e-06 9.146557e-03
839 1.809010e-07 1.525263e-02
840 9.184946e-06 3.788029e-02
841 4.469215e-05 3.512010e-02
842 1.145361e-03 4.283619e-01
843 6.805591e-05 2.988144e-02
844 3.172930e-06 3.623430e-02
845 7.123875e-07 3.283330e-02
846 1.120528e-03 1.291392e-01
847 2.483827e-05 2.565622e-02
848 7.233490e-05 1.266004e-01
849 5.296149e-07 5.787407e-03
850 3.927450e-04 1.041285e+00
851 1.064730e-05 2.106134e-02
852 1.299364e-05 1.917754e-01
853 7.430552e-04 2.972306e-01
854 9.911246e-05 8.744711e-02
855 4.105574e-05 1.633216e-01
856 7.222692e-05 5.581356e-02
857 1.731617e-03 3.116404e-01
858 1.016927e-06 2.067898e-02
859 3.446386e-09 3.866972e-03
860 9.872645e-04 6.900452e-02
861 5.545079e-09 1.641949e-03
862 2.041148e-05 2.328682e-02
863 4.041074e-04 1.058267e-01
864 1.378459e-06 7.963570e-03
865 3.891317e-04 1.167194e-01
866 2.195932e-04 1.758374e-01
867 4.190319e-04 7.082938e-01
868 3.699676e-06 7.233947e-03
869 7.148743e-06 3.288275e-02
870 5.868920e-05 4.827518e-02
871 2.102556e-06 2.797601e-02
872 1.314400e-03 3.468017e-01
873 9.899726e-05 7.528350e-02
874 6.474865e-04 2.597974e-01
875 1.084665e-06 6.389210e-03
876 2.062275e-12 1.062645e-03
877 3.333584e-07 9.376808e-03
878 2.958835e-04 4.208342e-01
879 3.704699e-04 1.045075e-01
880 1.619128e-05 1.139025e-02
881 4.061513e-10 2.291695e-03
882 8.409893e-05 7.270880e-02
883 1.892001e-03 6.067054e-01
884 2.223496e-04 1.071960e-01
885 5.567320e-05 7.973475e-02
886 3.517402e-07 7.926831e-03
887 3.641774e-07 1.344274e-02
888 3.928394e-06 1.290327e-02
889 2.470445e-07 2.300626e-02
890 1.305442e-06 2.355175e-02
891 5.970119e-04 3.581441e-01
892 2.333149e-09 2.858904e-03
893 1.160061e-04 6.263791e-02
894 7.781963e-07 7.077458e-03
895 4.392708e-05 8.037083e-02
896 5.396193e-07 5.489763e-02
897 1.487700e-04 8.440412e-02
898 2.653513e-06 9.349965e-03
899 3.416448e-07 1.432546e-02
900 5.088936e-08 1.625691e-02
901 1.591233e-04 8.994643e-02
902 1.279454e-08 2.127163e-03
903 1.446978e-06 3.486878e-02
904 2.808604e-08 2.108454e-02
905 1.654504e-08 6.663961e-03
906 1.502994e-06 8.301431e-03
907 1.140873e-08 2.066619e-03
908 5.532079e-09 8.980416e-03
909 8.521848e-05 3.106992e-02
910 2.685340e-06 2.813847e-02
911 1.721643e-07 2.118364e-02
912 3.263532e-07 1.047265e-02
913 1.135373e-08 3.415381e-03
914 1.143547e-07 7.552278e-03
915 8.006012e-04 2.040486e-01
916 7.983504e-11 2.827312e-03
917 1.701727e-08 2.394727e-03
918 7.822658e-10 2.639572e-03
919 4.740243e-04 2.120699e-01
920 2.797345e-09 6.486763e-03
921 5.307626e-07 3.972790e-03
922 3.852089e-07 1.637152e-02
923 4.419635e-09 5.135720e-03
924 3.652122e-04 3.312653e-01
925 8.050954e-05 7.101952e-02
926 2.126466e-05 4.345024e-02
927 4.755514e-05 1.234629e-01
928 2.745503e-07 4.359196e-02
929 2.154915e-04 1.705320e-01
930 1.400160e-04 5.750998e-02
931 1.854235e-04 2.376667e-02
932 8.150416e-05 5.095750e-02
933 3.413327e-09 2.973154e-03
934 5.056812e-06 9.886936e-03
935 2.494117e-07 3.616297e-03
936 4.670778e-07 2.785209e-02
937 4.694386e-10 5.815845e-03
938 1.196874e-08 2.377721e-03
939 1.000245e-06 1.035691e-02
940 5.663540e-04 1.397377e-01
941 4.517120e-09 3.332158e-03
942 3.032590e-05 1.410875e-01
943 3.879663e-06 2.428834e-02
944 8.138161e-12 1.972736e-03
945 7.787371e-05 3.397390e-02
946 4.547304e-10 2.224272e-03
947 2.093607e-05 2.136048e-02
948 1.924472e-07 1.526325e-03
949 1.457528e-06 1.796083e-02
950 4.220247e-04 1.313946e-01
951 6.017961e-08 3.014664e-02
952 6.579249e-06 4.160930e-02
953 3.743263e-11 2.418494e-03
954 2.180692e-05 3.713011e-02
955 3.863350e-07 4.493640e-03
956 2.755184e-06 1.941611e-02
957 1.436004e-04 5.722808e-02
958 1.507893e-04 4.330716e-02
959 2.768411e-04 3.690927e-02
960 2.708031e-09 2.434991e-03
961 2.649082e-09 9.517404e-03
962 4.202656e-08 1.077796e-02
963 2.202365e-08 3.549795e-03
964 1.601174e-07 1.988864e-03
965 5.270384e-04 1.386818e-01
966 5.177794e-05 1.876471e-02
967 1.300932e-06 8.214607e-03
968 8.729142e-04 1.097267e-01
969 1.166527e-04 1.266929e-01
970 1.515793e-05 2.386870e-02
971 2.614917e-06 8.155606e-03
972 7.467460e-05 4.798639e-02
973 3.835543e-06 9.013946e-03
974 4.157172e-06 8.088668e-03
975 2.584099e-05 9.100911e-02
976 3.717780e-04 3.201550e-01
977 4.987471e-05 1.957910e-02
978 1.817942e-06 2.457432e-02
979 6.518883e-08 2.952357e-03
980 9.923601e-06 2.169253e-02
981 2.378733e-06 2.204841e-02
982 3.140129e-08 1.417472e-03
983 2.687847e-07 3.866526e-03
984 1.364080e-05 2.095379e-02
985 2.968976e-06 6.149414e-02
986 4.515827e-04 3.971455e-01
987 9.915968e-08 6.223469e-03
988 7.175566e-09 2.068467e-03
989 1.796186e-04 9.965881e-02
990 1.015734e-08 2.265231e-03
991 4.319893e-03 8.681550e-01
992 3.048472e-06 7.011854e-03
993 8.864112e-07 9.624964e-03
994 4.256185e-13 1.343352e-03
995 3.911687e-07 1.515513e-02
996 2.600806e-03 7.988234e-01
997 1.664072e-07 8.030033e-03
998 1.105580e-06 3.933486e-03
999 1.980068e-05 2.554156e-02
1000 6.180712e-13 1.344524e-03
1001 8.490931e-06 9.536517e-03
1002 1.188671e-04 1.093821e-01
1003 8.274147e-05 4.081566e-02
1004 2.784082e-05 3.961533e-02
1005 5.789110e-07 2.294238e-03
1006 7.339240e-04 1.799384e-01
1007 1.524743e-08 3.016889e-03
1008 8.474631e-05 3.510333e-02
1009 1.031135e-07 2.045769e-03
1010 7.027825e-06 2.174876e-02
1011 1.744892e-07 1.732558e-02
1012 1.310346e-04 2.556401e-01
1013 1.231380e-07 1.235684e-02
1014 2.718685e-07 8.474329e-03
1015 1.073030e-05 3.418466e-02
1016 9.994836e-05 2.357098e-02
1017 9.571859e-04 5.580408e-01
1018 2.616800e-05 1.048376e-01
1019 1.448192e-10 1.929907e-03
1020 9.526852e-09 1.104023e-02
1021 5.764495e-07 1.424306e-02
1022 8.314261e-11 1.414993e-03
1023 1.035956e-05 1.920300e-02
1024 4.456525e-05 2.063828e-02
1025 5.481390e-10 1.527442e-03
1026 2.297801e-11 1.937813e-03
1027 1.210520e-06 1.118443e-02
1028 9.225573e-05 1.094669e-01
1029 2.809189e-07 6.111150e-03
1030 6.438041e-09 3.061277e-03
1031 1.349688e-05 1.231126e-02
1032 1.708382e-03 4.573917e-01
1033 3.722324e-09 1.554704e-03
1034 9.339176e-06 3.118780e-02
1035 1.983468e-06 1.614474e-02
1036 4.514328e-05 1.601532e-01
1037 4.305903e-10 3.022608e-03
1038 1.397673e-07 3.131309e-03
1039 1.525771e-06 9.972347e-03
1040 1.170145e-08 3.101748e-03
1041 2.027583e-03 4.539240e-01
1042 1.212663e-06 7.787907e-03
1043 4.108314e-10 1.239516e-03
1044 1.947218e-07 3.622771e-03
1045 1.646902e-09 2.386004e-03
1046 8.608476e-13 1.277349e-03
1047 7.205489e-10 1.279833e-03
1048 1.546958e-07 4.743277e-03
1049 3.883894e-09 1.166289e-03
1050 3.152405e-03 1.031064e+00
1051 8.079049e-04 1.017908e-01
1052 8.882449e-08 2.943992e-03
1053 1.099470e-06 9.328878e-03
1054 6.858998e-10 1.868684e-03
1055 9.080173e-11 1.156855e-03
1056 1.054155e-06 8.971752e-03
1057 1.516862e-06 1.327139e-02
1058 5.465038e-09 1.572138e-03
1059 2.535299e-04 9.232018e-02
1060 2.588914e-09 1.477550e-03
1061 3.347054e-06 3.338221e-03
1062 9.884711e-11 1.140556e-03
1063 2.332585e-05 2.622444e-02
1064 2.289065e-05 6.083374e-02
1065 3.298947e-10 1.808270e-03
1066 3.457481e-10 1.188387e-03
1067 1.225112e-05 1.448434e-02
1068 2.550884e-08 1.817533e-03
1069 1.680553e-07 2.972363e-03
1070 1.497419e-09 1.193363e-03
1071 1.431055e-06 2.082352e-03
1072 3.779812e-08 2.555803e-03
1073 6.541612e-09 1.345279e-03
1074 3.976897e-09 1.906916e-03
1075 4.485405e-07 3.832352e-03
1076 3.176083e-07 4.161992e-03
1077 7.566065e-07 5.505592e-03
1078 7.362793e-06 1.483557e-02
1079 3.395916e-08 4.523696e-03
1080 1.429346e-04 7.454104e-02
1081 1.052636e-05 5.144916e-02
1082 7.872638e-07 3.745679e-03
1083 4.977486e-07 5.168887e-03
1084 3.355407e-10 1.205191e-03
1085 3.067370e-08 1.822560e-03
1086 2.812117e-08 3.021408e-03
1087 4.413669e-08 1.406367e-03
1088 1.416541e-06 8.474329e-03
1089 1.574054e-08 1.365587e-03
1090 4.101342e-11 1.204078e-03
1091 9.598618e-09 1.664028e-03
1092 9.644916e-07 2.399888e-03
1093 2.330691e-06 2.393067e-02
1094 5.642258e-05 1.895115e-02
1095 2.970018e-08 2.997115e-03
1096 5.503852e-05 3.965403e-02
1097 2.843092e-06 5.280879e-02
1098 1.012477e-07 8.087355e-03
1099 4.063447e-09 3.598250e-03
1100 1.101654e-10 1.118764e-03
1101 9.401177e-06 2.473824e-02
1102 8.443357e-08 1.198930e-02
1103 1.193429e-06 4.045976e-03
1104 1.499671e-05 3.259652e-02
1105 1.320121e-08 2.111395e-03
1106 2.838317e-03 6.134363e-01
1107 3.661130e-08 2.631931e-03
1108 2.364347e-07 8.257148e-03
1109 2.438769e-11 1.817779e-03
1110 2.723649e-07 1.046179e-02
1111 4.691177e-08 2.197433e-03
1112 4.604888e-11 1.790197e-03
1113 2.331607e-06 1.482802e-02
1114 5.277760e-05 3.060307e-02
1115 1.570959e-03 3.518378e-01
1116 3.520268e-11 1.968539e-03
1117 1.365629e-03 3.942301e-01
1118 1.680991e-07 5.102729e-03
1119 2.185135e-05 3.084402e-02
1120 2.640841e-05 7.655381e-02
1121 1.273620e-05 1.139292e-02
1122 7.685942e-07 2.086092e-02
1123 7.385635e-06 4.159530e-03
1124 4.396790e-07 1.463397e-02
1125 7.096815e-06 5.072803e-03
1126 1.860471e-07 6.931884e-03
1127 5.241525e-07 4.411901e-03
1128 2.941146e-05 5.038175e-02
1129 2.035544e-06 8.590182e-03
1130 5.031661e-08 1.233998e-02
1131 2.183081e-04 9.616575e-02
1132 2.650696e-05 1.356836e-02
1133 7.869590e-08 2.202902e-03
1134 2.265796e-04 1.050224e-01
1135 3.836265e-06 1.777335e-02
1136 1.282730e-03 2.274369e-01
1137 2.295868e-06 2.252043e-02
1138 3.290154e-10 1.865754e-03
1139 2.501374e-06 7.382687e-03
1140 2.514402e-11 2.155835e-03
1141 4.949219e-06 6.515570e-03
1142 1.442035e-04 9.152481e-02
1143 9.133395e-07 7.794994e-02
1144 2.463812e-09 6.472399e-03
1145 9.023440e-06 2.481246e-02
1146 1.170302e-03 7.017225e-01
1147 8.431544e-04 8.156920e-02
1148 6.349894e-09 2.425964e-03
1149 1.360523e-03 2.083836e-01
1150 6.305407e-11 2.359940e-03
1151 7.150378e-04 2.846062e-01
1152 2.810112e-04 1.323509e-01
1153 1.260474e-06 6.601758e-03
1154 2.552144e-10 1.933826e-03
1155 1.272003e-03 3.886395e-01
1156 1.973358e-08 2.780261e-03
1157 8.739260e-05 6.858317e-02
1158 2.149957e-07 5.872928e-03
1159 5.707467e-10 1.511882e-03
1160 1.416727e-06 3.094045e-03
1161 1.731927e-06 2.059491e-02
1162 9.843378e-06 2.328037e-01
1163 1.345737e-05 2.218912e-02
1164 5.147556e-05 5.959104e-02
1165 2.445619e-03 8.052215e-01
1166 1.084441e-03 2.036247e-01
1167 3.102291e-04 1.202152e-01
1168 1.921477e-05 4.660968e-02
1169 8.244108e-08 8.019741e-03
1170 6.116350e-07 6.190839e-03
1171 4.702144e-07 1.015631e-02
1172 4.299745e-05 8.837382e-02
1173 1.795091e-10 1.101244e-03
1174 7.201814e-04 4.223378e-01
1175 9.899317e-07 2.606242e-02
1176 9.267298e-11 1.778834e-03
1177 8.940259e-05 1.308401e-01
1178 2.006801e-03 4.318717e-01
1179 5.551267e-05 4.946484e-02
1180 4.571912e-06 9.704672e-03
1181 8.778849e-08 1.991153e-03
1182 3.531279e-05 1.098562e-02
1183 6.576307e-04 1.758660e-01
1184 6.106842e-05 6.471696e-02
1185 2.011381e-08 1.085042e-02
1186 6.751450e-04 2.079552e-01
1187 1.804287e-03 1.929139e-01
1188 2.974177e-06 2.395714e-03
1189 1.723617e-08 2.578040e-03
1190 9.237128e-13 1.991191e-03
1191 1.847433e-07 2.985055e-03
1192 2.519679e-04 1.388192e-01
1193 2.518678e-10 3.228903e-03
1194 6.335249e-06 2.899226e-02
1195 7.467180e-04 2.905649e-01
1196 2.577214e-09 5.334752e-03
1197 1.603187e-07 3.538409e-03
1198 6.847758e-06 2.992440e-03
1199 1.172440e-03 2.930916e-01
1200 1.045470e-03 4.464082e-01
1201 3.599134e-10 1.124792e-03
1202 1.919275e-05 2.639882e-02
1203 8.425883e-05 4.520808e-02
1204 4.562445e-06 7.344050e-03
1205 1.820225e-10 1.941559e-03
1206 2.255446e-03 4.570434e-01
1207 3.826309e-06 5.840746e-03
1208 1.300093e-06 6.345160e-03
1209 1.242505e-04 1.376494e-01
1210 2.094035e-04 7.362218e-02
1211 6.936761e-04 1.680876e-01
1212 5.611052e-08 3.747156e-03
1213 1.168725e-08 4.993082e-03
1214 1.913675e-04 2.273144e-02
1215 1.945871e-09 2.616365e-03
1216 1.255525e-09 2.222640e-03
1217 9.715274e-06 2.894383e-02
1218 2.596680e-06 5.831057e-03
1219 1.552700e-05 1.608105e-02
1220 3.573669e-06 2.565600e-02
1221 2.306939e-05 3.778151e-02
1222 1.510202e-06 2.357764e-02
1223 3.483411e-05 4.607893e-02
1224 2.051908e-06 9.743144e-03
1225 3.008509e-08 2.937698e-03
1226 1.039247e-08 1.837164e-03
1227 2.782060e-05 9.236998e-03
1228 1.431906e-04 2.764208e-02
1229 4.295401e-05 6.021593e-02
1230 6.554293e-08 7.509196e-03
1231 4.251541e-06 4.020932e-02
1232 2.714247e-11 5.677331e-03
1233 1.549911e-06 2.450612e-02
1234 4.112929e-09 7.617490e-03
1235 6.949071e-05 5.557400e-02
1236 5.147878e-08 4.714829e-03
1237 5.327038e-04 2.426274e-01
1238 1.198613e-06 1.431971e-02
1239 9.503456e-07 7.014033e-03
1240 3.912372e-07 4.225760e-03
1241 1.513194e-05 9.173011e-03
1242 1.214835e-03 4.412957e-01
1243 1.446565e-04 1.327867e-01
1244 8.820184e-08 3.617701e-03
1245 3.143247e-07 6.908490e-03
1246 1.523519e-09 2.013968e-03
1247 5.710877e-04 9.376374e-02
1248 2.134671e-05 6.266324e-02
1249 7.833303e-08 9.784864e-03
1250 2.150321e-09 6.206525e-03
1251 7.423178e-08 1.430138e-02
1252 1.874635e-05 8.037062e-03
1253 1.651003e-03 3.662945e-01
1254 2.220007e-08 5.368035e-03
1255 5.818421e-06 2.184832e-02
1256 7.921035e-05 9.863249e-03
1257 8.360086e-04 1.321432e-01
1258 2.011319e-08 4.847941e-03
1259 8.598895e-05 8.515893e-02
1260 2.580026e-04 2.830815e-01
1261 3.399388e-08 5.601842e-03
1262 5.912249e-06 2.192233e-02
1263 3.661763e-05 5.291782e-02
1264 1.160284e-07 3.171756e-02
1265 1.376639e-06 1.098419e-02
1266 7.980788e-07 3.499361e-02
1267 7.356905e-07 1.785364e-02
1268 1.352988e-06 9.292024e-03
1269 3.839253e-05 2.718076e-02
1270 2.631973e-03 1.176669e+00
1271 9.726187e-04 4.666069e-01
1272 9.825773e-10 1.268496e-03
1273 6.556056e-04 1.153979e-01
1274 5.193705e-06 2.066525e-02
1275 3.561670e-05 6.100882e-02
1276 2.900163e-03 6.614664e-01
1277 2.095929e-04 2.485977e-01
1278 2.593969e-03 5.243730e-01
1279 2.214625e-06 2.794446e-03
1280 1.245978e-03 2.227201e-01
1281 2.583656e-06 7.459820e-03
1282 1.246432e-04 6.926212e-02
1283 1.921510e-06 2.103579e-02
1284 4.350940e-07 4.769820e-03
1285 5.858669e-04 1.645550e-01
1286 1.976803e-10 3.201492e-03
1287 8.073229e-05 4.137804e-02
1288 3.508857e-04 6.095314e-02
1289 1.929902e-04 2.212737e-02
1290 2.676845e-05 3.160368e-02
1291 1.800197e-05 2.451002e-02
1292 2.975528e-04 4.280375e-01
1293 2.451770e-08 3.344388e-03
1294 1.093580e-06 5.860253e-03
1295 6.902966e-07 3.433097e-03
1296 2.060325e-07 1.307033e-02
1297 1.475737e-05 5.949099e-02
1298 5.793010e-06 1.554201e-02
1299 1.408232e-04 2.438125e-02
1300 4.938669e-08 2.827772e-03
1301 2.956119e-07 3.149873e-03
1302 7.697340e-04 1.197787e-01
1303 4.558429e-06 9.125926e-03
1304 8.997433e-07 8.620067e-03
1305 1.425123e-04 6.908631e-02
1306 1.267043e-04 5.236503e-02
1307 6.280633e-07 7.009820e-03
1308 2.453815e-09 2.544842e-03
1309 1.818282e-04 9.969656e-02
1310 8.014937e-12 1.448175e-03
1311 2.059064e-03 6.622389e-01
1312 1.291757e-03 3.425533e-01
1313 1.359329e-09 1.734578e-03
1314 1.240624e-07 8.588994e-03
1315 3.313364e-08 3.226356e-03
1316 4.658400e-09 2.199322e-03
1317 8.870177e-12 1.374760e-03
1318 5.666680e-05 7.259619e-02
1319 8.167070e-03 8.051497e-01
1320 1.703415e-07 3.995447e-03
1321 9.860045e-06 1.502126e-02
1322 8.275789e-11 1.135350e-03
1323 2.253434e-08 2.232836e-03
1324 7.783166e-04 2.018023e-01
1325 7.754539e-08 9.789793e-03
1326 2.602452e-05 1.156279e-02
1327 2.126227e-05 2.950301e-02
1328 3.981622e-08 2.687347e-03
1329 1.016546e-05 2.459356e-02
1330 7.568239e-08 8.248867e-03
1331 3.002293e-08 2.122817e-03
1332 5.639923e-10 1.452853e-03
1333 9.176703e-06 2.313472e-02
1334 1.329579e-06 1.369158e-02
1335 4.961476e-08 1.171846e-02
1336 7.377395e-06 8.902423e-03
1337 6.546713e-04 1.345590e-01
1338 3.771483e-07 7.348000e-03
1339 2.618422e-03 3.606670e-01
1340 4.108027e-05 1.658501e-02
1341 8.173265e-04 4.260585e-01
1342 6.017919e-09 2.470293e-03
1343 5.299104e-08 2.173885e-03
1344 4.912822e-07 3.559923e-03
1345 5.665251e-07 1.523395e-02
1346 3.354127e-07 2.860431e-02
1347 3.533634e-09 1.355639e-03
1348 8.526471e-05 7.929263e-02
1349 6.048388e-04 1.668679e-01
1350 3.003710e-06 1.302167e-02
1351 7.224501e-05 3.192039e-02
1352 1.248108e-05 1.573933e-02
1353 3.097596e-06 1.150926e-02
1354 8.697036e-09 4.957893e-03
1355 2.704256e-07 9.427552e-03
1356 4.587484e-05 2.835334e-02
1357 3.818404e-09 6.053620e-03
1358 1.047025e-05 7.602813e-03
1359 6.429879e-09 2.051696e-03
1360 5.457301e-08 4.142921e-03
1361 1.757623e-05 1.983336e-02
1362 2.172149e-04 1.650496e-01
1363 1.417501e-06 6.186574e-03
1364 2.513513e-04 5.311956e-02
1365 5.694821e-09 4.522910e-03
1366 4.532626e-07 4.589992e-03
1367 7.589850e-09 1.744897e-03
1368 1.048321e-04 6.655660e-02
1369 2.755502e-11 2.457530e-03
1370 2.973446e-08 1.646234e-03
1371 1.634298e-04 7.091773e-02
1372 4.070064e-09 4.192587e-03
1373 5.647477e-07 7.735275e-03
1374 4.070806e-07 3.402359e-03
1375 4.590370e-05 1.515465e-02
1376 4.640545e-03 8.459753e-01
1377 6.734210e-07 9.783574e-03
1378 5.565058e-09 1.432118e-03
1379 2.744734e-06 5.609946e-03
1380 1.529613e-03 5.856623e-01
1381 2.307489e-06 3.434983e-03
1382 1.099142e-08 1.283587e-03
1383 2.204706e-06 2.170413e-02
1384 9.365155e-08 4.630555e-03
1385 6.279470e-08 4.488606e-03
1386 5.542530e-07 5.843696e-03
1387 1.023124e-04 4.428779e-02
1388 1.128067e-06 7.783047e-03
1389 4.284938e-08 3.263520e-03
1390 1.838012e-08 3.098445e-03
1391 1.149416e-06 9.207704e-03
1392 2.974881e-08 2.002256e-03
1393 2.087649e-08 7.649029e-03
1394 1.395742e-06 6.451201e-03
1395 5.382274e-05 4.719108e-02
1396 9.666585e-05 5.074260e-02
1397 1.254917e-07 3.229161e-03
1398 3.077296e-05 3.087899e-02
1399 2.292357e-05 4.253224e-02
1400 5.698260e-08 4.680066e-03
1401 1.451616e-04 1.120216e-01
1402 3.229091e-07 4.617719e-03
1403 2.248608e-07 5.510160e-03
1404 2.290387e-09 2.382635e-03
1405 4.767443e-08 4.175136e-03
1406 2.471998e-05 2.062894e-02
1407 1.125039e-07 2.750965e-03
1408 2.189044e-03 7.287049e-01
1409 1.310926e-05 5.116472e-02
1410 3.055497e-07 1.108040e-02
1411 1.627944e-05 1.477095e-02
1412 1.584937e-09 4.384667e-03
1413 1.703058e-13 1.143512e-03
1414 6.697626e-10 2.434485e-03
1415 5.123743e-08 5.991664e-03
1416 5.769427e-09 2.992101e-03
1417 1.775836e-06 5.120141e-03
1418 4.675506e-08 5.028432e-03
1419 8.953325e-08 4.510346e-03
1420 6.247474e-06 2.526042e-02
1421 8.349612e-06 1.345083e-02
1422 9.250029e-05 3.350562e-02
1423 1.064866e-06 3.980297e-03
1424 2.974187e-06 7.329737e-03
1425 4.313098e-06 8.166340e-03
1426 6.207348e-06 9.891331e-03
1427 2.363443e-06 6.254668e-03
1428 3.169911e-06 8.138361e-03
1429 5.119207e-05 2.221461e-02
1430 1.028162e-03 2.945229e-01
1431 9.833142e-06 3.331776e-02
1432 2.943180e-06 1.811359e-02
1433 7.107734e-08 7.836788e-03
1434 7.605277e-07 3.684443e-03
1435 6.662676e-08 3.319821e-03
1436 2.166176e-05 1.014586e-02
1437 1.226099e-06 2.853324e-03
1438 2.514037e-05 1.277062e-02
1439 2.553564e-03 4.731219e-01
1440 1.332376e-08 2.807209e-03
1441 2.571855e-10 1.740380e-03
1442 1.590354e-07 7.296708e-03
1443 6.059959e-06 6.079495e-03
1444 3.080491e-06 8.383696e-03
1445 7.385986e-06 1.056362e-02
1446 3.321973e-06 1.662327e-02
1447 2.139956e-03 1.091274e+00
1448 9.402466e-06 4.090450e-03
1449 3.836195e-08 3.106824e-03
1450 2.202593e-06 1.365229e-02
1451 1.849767e-04 5.894600e-02
1452 7.809694e-04 1.557344e-01
1453 5.169010e-09 2.968034e-03
1454 1.140288e-08 3.939997e-03
1455 3.004611e-05 1.787931e-02
1456 1.785474e-07 1.882782e-03
1457 7.635047e-07 2.577036e-03
1458 6.656170e-07 2.882476e-03
1459 1.655648e-05 1.113065e-02
1460 4.259763e-06 1.902667e-02
1461 1.961037e-06 2.553286e-03
1462 1.229259e-07 2.171440e-03
1463 8.147627e-09 1.506801e-03
1464 3.817819e-08 2.054916e-03
1465 1.506519e-08 1.409470e-03
1466 1.679522e-05 2.377084e-02
1467 4.584264e-04 1.428774e-01
1468 5.694995e-06 9.224941e-03
1469 4.544374e-06 1.763784e-02
1470 1.652468e-09 3.690344e-03
1471 6.939530e-05 1.522403e-02
1472 4.889394e-08 6.294977e-03
1473 1.027627e-07 4.041364e-03
1474 5.454867e-08 1.696322e-02
1475 6.197000e-09 1.749436e-03
1476 1.297363e-06 2.086241e-02
1477 1.631451e-11 1.745337e-03
1478 8.474177e-07 1.655289e-02
1479 1.661592e-06 1.138361e-02
1480 9.648983e-06 4.661724e-02
1481 1.773749e-05 3.645370e-02
1482 1.133336e-05 1.670376e-02
1483 8.686814e-05 1.945398e-02
1484 1.998698e-03 2.791833e-01
1485 1.810129e-04 8.095957e-02
1486 1.861372e-04 1.929911e-01
1487 6.511978e-09 2.029895e-03
1488 1.283428e-06 2.734578e-02
1489 1.211508e-06 2.099716e-03
1490 1.342408e-05 4.229780e-03
1491 1.889628e-05 5.927320e-02
1492 3.529929e-08 6.753796e-03
1493 4.253874e-07 1.171908e-02
1494 5.041874e-07 3.015344e-03
1495 1.986717e-05 2.173763e-02
1496 2.265083e-07 4.486393e-03
1497 5.776129e-04 4.240479e-01
1498 4.923729e-08 5.331552e-03
1499 5.620041e-10 2.925347e-03
1500 3.797113e-05 9.573838e-03
1501 4.213673e-07 5.456723e-03
1502 1.865584e-04 1.546594e-01
1503 4.587593e-04 1.972051e-01
1504 8.141756e-05 2.849125e-02
1505 1.605770e-07 5.704035e-03
1506 6.898167e-06 7.945455e-03
1507 3.215705e-04 7.654935e-02
1508 4.544514e-04 3.408995e-01
1509 1.862398e-07 4.595151e-03
1510 9.030882e-08 8.561960e-03
1511 1.756693e-06 1.208092e-02
1512 5.555157e-07 7.606356e-03
1513 8.376113e-06 1.114452e-02
1514 2.133730e-08 6.427335e-03
1515 1.188227e-03 5.166897e-01
1516 1.655571e-05 1.384214e-02
1517 3.703792e-03 5.116356e-01
1518 4.275875e-06 9.122271e-03
1519 1.908259e-06 1.254429e-02
1520 1.808275e-07 1.928849e-03
1521 1.692833e-08 7.190739e-03
1522 1.156112e-04 6.391181e-02
1523 7.289415e-06 1.013121e-02
1524 5.483540e-06 1.867538e-02
1525 1.648038e-05 3.804295e-02
1526 1.359504e-06 1.217870e-02
1527 5.157780e-05 3.764587e-02
1528 5.419555e-06 1.264822e-02
1529 2.028330e-05 9.029751e-03
1530 2.287655e-07 1.487602e-02
1531 4.633193e-05 2.733381e-02
1532 3.611869e-08 5.076489e-03
1533 5.686810e-08 6.694884e-03
1534 1.295641e-05 1.352295e-02
1535 5.813896e-09 1.590737e-03
1536 6.733632e-08 2.740046e-03
1537 4.455149e-07 4.077292e-03
1538 1.513069e-07 4.113969e-03
1539 1.681790e-07 2.602661e-03
1540 3.591657e-06 3.181376e-02
1541 5.069021e-04 4.066785e-01
1542 4.422753e-04 1.057115e-01
1543 5.353598e-04 3.064281e-01
1544 3.679596e-06 1.016526e-02
1545 6.549591e-06 5.429656e-02
1546 4.422693e-06 9.280762e-03
1547 1.858330e-03 2.939740e-01
1548 7.465955e-06 2.152042e-02
1549 2.933585e-06 4.793529e-03
1550 7.192087e-09 4.407528e-03
1551 3.224635e-06 6.436635e-03
1552 1.835124e-04 2.038446e-01
1553 3.873387e-04 4.173316e-01
1554 7.113871e-07 1.023803e-02
1555 2.116080e-03 4.669063e-01
1556 2.600130e-05 1.879839e-02
1557 6.582640e-05 2.151766e-01
1558 1.996703e-03 3.790359e-01
1559 7.517491e-06 1.135541e-02
1560 3.966408e-04 1.401504e-01
1561 1.627578e-04 2.148500e-01
1562 3.108853e-09 6.923769e-03
1563 2.253103e-05 2.105798e-02
1564 4.867795e-04 3.796391e-01
1565 3.204139e-05 2.028410e-02
1566 6.051233e-08 5.367728e-03
1567 2.257746e-03 2.060982e+00
1568 5.591302e-08 1.442290e-02
1569 8.296451e-05 2.118413e-02
1570 6.324451e-04 6.670913e-01
1571 2.425305e-08 2.461528e-03
1572 2.008544e-04 4.434852e-02
1573 8.254201e-04 3.823953e-01
1574 1.211107e-05 2.064038e-02
1575 5.875762e-09 1.799195e-02
1576 1.045455e-04 9.208487e-02
1577 3.226654e-04 3.008710e-01
1578 3.407554e-04 6.451054e-02
1579 4.445921e-08 5.080719e-03
1580 1.025225e-03 7.320049e-01
1581 8.189199e-06 1.817722e-02
1582 6.970796e-06 4.696973e-03
1583 5.658988e-04 1.361919e-01
1584 1.942869e-06 1.478604e-02
1585 2.063487e-04 2.653829e-01
1586 2.093550e-06 1.244654e-02
1587 5.441670e-05 1.519686e-02
1588 1.526354e-05 2.352449e-02
1589 3.172914e-09 2.918953e-03
1590 8.055133e-06 5.369488e-03
1591 3.581541e-06 4.863472e-03
1592 8.182731e-05 1.013120e-02
1593 1.896468e-06 3.696591e-03
1594 9.436154e-06 1.663415e-02
1595 4.837416e-07 4.180088e-03
1596 3.096066e-07 3.065445e-02
1597 1.124619e-06 8.518284e-03
1598 6.305890e-05 1.649176e-02
1599 3.755669e-05 1.244499e-01
1600 9.549347e-07 1.062893e-02
1601 3.692113e-08 3.286755e-03
1602 1.285303e-03 8.588188e-01
1603 2.073738e-07 8.693579e-03
1604 1.525882e-04 3.756895e-02
1605 9.512447e-05 5.038591e-02
1606 8.594308e-04 3.373380e-01
1607 1.430113e-03 3.010673e-01
1608 2.596477e-08 4.891961e-03
1609 4.709035e-04 1.919331e-01
1610 1.282672e-03 4.485012e-01
1611 3.354705e-06 1.665597e-02
1612 6.207273e-05 1.155039e-02
1613 2.557324e-10 1.208073e-03
1614 3.061795e-04 4.775934e-02
1615 9.587130e-04 2.325479e-01
1616 3.110595e-08 2.649685e-03
1617 2.328240e-09 3.410137e-03
1618 1.336683e-07 2.695743e-03
1619 1.658582e-06 8.062211e-02
1620 5.383847e-05 5.843912e-02
1621 1.895468e-06 1.001625e-01
1622 5.038916e-05 2.211421e-02
1623 1.037033e-05 5.637340e-02
1624 1.723717e-03 5.153361e-01
1625 4.201943e-08 4.475856e-03
1626 1.113078e-04 1.025289e-01
1627 8.037125e-07 1.755256e-02
1628 2.389341e-04 1.204339e-01
1629 3.550134e-04 3.346982e-01
1630 1.133889e-03 4.762321e-01
1631 2.891612e-04 1.128788e-01
1632 7.700004e-06 6.969119e-02
1633 1.462083e-10 3.099600e-03
1634 1.898584e-08 6.777651e-03
1635 1.321445e-10 1.156788e-03
1636 9.487441e-10 2.940621e-03
1637 2.439019e-09 1.705813e-03
1638 1.071684e-08 3.092806e-03
1639 8.524946e-11 1.852133e-03
1640 1.998531e-04 5.695440e-02
1641 1.244817e-03 1.482569e-01
1642 2.105539e-03 6.162442e-01
1643 1.074943e-04 3.092212e-02
1644 4.122552e-05 1.128842e-02
1645 8.609124e-05 1.580021e-02
1646 1.470235e-03 1.106076e+00
1647 4.084471e-06 1.576010e-02
1648 1.009042e-06 4.165089e-03
1649 1.358346e-03 5.792394e-01
1650 3.857064e-04 1.110877e-01
1651 4.959241e-08 4.404474e-03
1652 2.032084e-04 1.133038e-01
1653 3.963325e-03 6.317203e-01
1654 2.327999e-06 2.342175e-02
1655 1.331568e-03 3.578807e-01
1656 4.640757e-07 1.782111e-02
1657 4.338115e-06 1.222871e-02
1658 9.262508e-07 5.115689e-03
1659 8.283416e-06 2.175364e-02
1660 1.697108e-04 8.984002e-02
1661 5.388109e-04 1.202463e-01
1662 3.662583e-04 1.920155e-02
1663 1.352357e-04 2.258642e-01
1664 1.490589e-06 1.381099e-02
1665 5.249396e-06 1.204159e-02
1666 6.758759e-05 8.932670e-02
1667 5.132090e-05 4.981961e-02
1668 1.303242e-09 8.895697e-04
1669 5.898382e-06 1.250336e-02
1670 2.171522e-07 3.671687e-03
1671 1.611869e-05 2.362342e-02
1672 7.914118e-04 2.040358e-01
1673 3.690654e-05 3.746276e-02
1674 1.920381e-06 1.085562e-02
1675 3.491016e-06 1.581692e-02
1676 1.456889e-07 2.846593e-03
1677 1.568894e-09 7.112850e-03
1678 1.356319e-07 3.671821e-03
1679 1.761861e-12 1.409525e-03
1680 9.470392e-05 8.880938e-02
1681 3.470329e-05 2.890110e-02
1682 1.339347e-05 2.578827e-02
1683 9.244709e-09 1.750035e-03
1684 7.057335e-09 3.672338e-03
1685 2.136853e-04 5.085541e-02
1686 1.172447e-03 2.046482e-01
1687 3.385836e-06 3.272045e-02
1688 3.864217e-03 2.433970e-01
1689 5.652697e-06 9.861108e-02
1690 6.436700e-09 1.776054e-03
1691 4.604608e-08 1.765668e-03
1692 5.169256e-07 5.986632e-03
1693 9.194432e-04 1.402567e-01
1694 2.373786e-05 4.915338e-02
1695 7.391931e-06 4.120772e-03
1696 7.618050e-04 3.594972e-01
1697 1.102689e-07 8.750507e-03
1698 2.504218e-03 4.293365e-01
1699 2.287985e-03 6.469492e-01
1700 5.185343e-08 4.270753e-03
1701 6.072889e-05 7.713603e-02
1702 8.451141e-06 8.812768e-02
1703 1.126402e-06 5.795038e-02
1704 4.830913e-08 1.633684e-03
1705 8.977738e-09 1.979241e-03
1706 8.543633e-07 2.617121e-03
1707 8.932189e-04 1.182986e-01
1708 4.521436e-09 8.068005e-03
1709 6.575511e-07 1.648693e-02
1710 9.397419e-08 1.162421e-02
1711 2.203696e-03 2.798102e-01
1712 9.462590e-05 8.813221e-02
1713 5.489423e-07 1.140882e-02
1714 2.633137e-04 8.222340e-02
1715 3.251205e-06 8.627175e-03
1716 3.838576e-09 4.415897e-03
1717 2.118031e-06 2.677425e-02
1718 9.851706e-07 1.339424e-02
1719 4.166072e-09 7.630263e-03
1720 2.188475e-07 9.460479e-03
1721 2.806206e-07 3.151405e-02
1722 3.040742e-08 8.442103e-03
1723 6.796169e-04 5.181274e-01
1724 3.104757e-06 3.319697e-03
1725 9.070487e-06 1.798858e-02
1726 9.213595e-04 1.884855e-01
1727 2.634966e-05 3.171349e-02
1728 1.744243e-03 3.907724e-01
1729 1.054419e-06 4.619771e-03
1730 6.978423e-04 2.257075e-01
1731 6.256371e-07 7.353195e-03
1732 2.918680e-08 1.911787e-03
1733 2.124786e-14 1.011506e-03
1734 1.823538e-04 7.155335e-02
1735 2.515386e-05 3.882819e-02
1736 6.607478e-13 1.148585e-03
1737 1.452721e-05 1.992497e-02
1738 3.284909e-07 3.614974e-03
1739 3.197760e-05 2.509141e-02
1740 2.007687e-04 9.744619e-02
1741 3.539554e-10 4.427034e-03
1742 2.513461e-05 1.160265e-01
1743 3.467142e-04 1.593181e-01
1744 9.584657e-05 4.244722e-02
1745 2.672537e-04 3.202282e-02
1746 4.575628e-08 2.723336e-03
1747 2.012958e-07 6.699452e-03
1748 1.058800e-03 6.202871e-01
1749 2.903010e-05 1.124941e-02
1750 1.389907e-06 9.499968e-03
1751 5.832826e-07 6.506732e-03
1752 1.768580e-08 2.142733e-03
1753 5.253463e-05 5.348913e-02
1754 1.902692e-06 5.545110e-03
1755 2.084800e-06 6.561843e-03
1756 4.022364e-07 1.982021e-02
1757 1.724307e-06 1.512355e-02
1758 1.625789e-04 2.324841e-01
1759 1.908073e-07 5.130969e-03
1760 2.480300e-03 5.260762e-01
1761 9.521055e-09 7.059924e-03
1762 1.238870e-06 4.259253e-03
1763 7.213755e-07 1.167004e-02
1764 9.640009e-08 6.936037e-03
1765 8.590533e-05 2.699360e-02
1766 1.923990e-07 4.486684e-03
1767 2.471650e-06 7.894495e-03
1768 7.233045e-05 5.488521e-02
1769 3.999663e-04 1.002252e-01
1770 8.742073e-08 8.545746e-03
1771 6.611933e-06 1.117806e-02
1772 1.973719e-03 4.487418e-01
1773 2.175416e-03 3.326680e-01
1774 1.479719e-08 2.934968e-03
1775 9.452070e-10 2.829918e-03
1776 3.841623e-08 1.939248e-02
1777 2.347984e-06 1.256295e-02
1778 2.611591e-07 7.254279e-03
1779 2.863132e-06 1.730634e-02
1780 2.228843e-09 2.811837e-03
1781 2.228937e-10 1.305317e-03
1782 1.258603e-09 3.173164e-03
1783 2.595577e-07 7.413177e-03
1784 2.711800e-05 3.348790e-02
1785 8.227140e-07 4.436305e-03
1786 2.317380e-06 3.368916e-02
1787 6.837871e-04 5.086436e-01
1788 2.170553e-09 4.441451e-03
1789 4.010289e-05 3.960990e-02
1790 3.094811e-08 2.233898e-03
1791 5.425458e-07 5.818943e-03
1792 1.668097e-06 7.102440e-03
1793 3.553795e-08 9.519546e-03
1794 6.419600e-05 9.019094e-02
1795 4.475850e-05 5.912839e-03
1796 2.974348e-03 5.833892e-01
1797 6.586332e-08 1.740026e-02
1798 2.774848e-06 6.569983e-03
1799 1.007700e-08 2.885272e-03
1800 2.310830e-06 5.583885e-02
1801 7.158327e-06 5.173632e-03
1802 7.438552e-06 3.981902e-02
1803 2.082190e-08 2.048228e-03
1804 2.282160e-06 2.954206e-03
1805 4.970250e-08 1.103663e-02
1806 1.094533e-06 5.970081e-03
1807 2.053346e-08 1.570957e-03
1808 1.141316e-03 7.622442e-01
1809 9.707920e-06 1.144299e-02
1810 4.177345e-04 2.399065e-01
1811 1.806915e-08 7.841464e-03
1812 9.426068e-09 5.932654e-03
1813 5.843416e-07 1.445990e-02
1814 4.066898e-09 2.832651e-03
1815 7.661052e-07 2.572367e-02
1816 4.217791e-05 2.507597e-02
1817 1.119119e-06 4.812847e-03
1818 9.852311e-08 4.827210e-03
1819 7.817844e-13 2.082381e-03
1820 7.521353e-09 1.597339e-03
1821 3.129019e-09 3.412726e-03
1822 3.793933e-04 1.674504e-01
1823 1.441050e-05 4.073546e-02
1824 4.246442e-06 4.667010e-02
1825 2.222263e-03 6.434071e-01
1826 3.333080e-04 1.699208e-01
1827 2.342050e-04 4.954188e-02
1828 1.871179e-04 3.513850e-02
1829 6.471796e-06 1.182945e-02
1830 3.543766e-07 3.092111e-03
1831 5.639924e-10 1.703480e-03
1832 5.283458e-06 1.487804e-02
1833 2.886590e-05 1.798038e-02
1834 5.119732e-07 3.622743e-03
1835 1.090697e-08 3.576536e-03
1836 3.704487e-03 4.415119e-01
1837 1.697741e-03 2.812012e-01
1838 8.244121e-05 1.508947e-02
1839 2.641941e-06 3.734479e-02
1840 1.613873e-06 3.901059e-02
1841 1.096709e-04 9.415392e-02
1842 1.113130e-07 6.884971e-03
1843 4.199684e-07 8.672319e-03
1844 8.253756e-08 2.762197e-03
1845 2.095178e-04 3.761754e-02
1846 3.339546e-10 3.506968e-03
1847 2.082585e-06 6.004609e-02
1848 2.147098e-09 2.206560e-03
1849 2.113111e-08 1.367531e-02
1850 2.261450e-08 1.479051e-02
1851 4.960511e-06 3.643765e-02
1852 1.058147e-04 1.993909e-02
1853 4.990478e-06 5.396307e-02
1854 5.361547e-05 1.181684e-01
1855 3.940974e-05 4.552888e-02
1856 4.964837e-10 2.267645e-03
1857 6.475662e-09 4.627793e-03
1858 2.021859e-06 3.903844e-03
1859 9.762017e-09 3.268733e-03
1860 1.457288e-05 2.282942e-02
1861 7.635885e-07 7.721954e-03
1862 2.081758e-04 3.700028e-01
1863 6.619001e-10 3.006943e-03
1864 3.277797e-08 2.667669e-03
1865 5.935291e-08 1.142019e-02
1866 8.710146e-05 8.734306e-02
1867 9.558711e-10 2.611314e-03
1868 1.132109e-05 1.034450e-02
1869 5.425472e-04 4.784679e-01
1870 3.698931e-07 6.021584e-03
1871 9.405259e-08 1.130089e-02
1872 3.110328e-09 7.174607e-03
1873 2.055318e-08 1.842290e-03
1874 2.001352e-07 2.181508e-03
1875 2.150070e-03 8.840870e-01
1876 7.886058e-09 2.422471e-03
1877 3.611033e-07 3.171585e-03
1878 1.274240e-07 6.550439e-03
1879 2.151675e-07 1.162781e-02
1880 1.557093e-04 3.787813e-02
1881 9.328800e-07 4.506837e-02
1882 3.197357e-09 3.948194e-03
1883 7.088984e-07 1.340602e-02
1884 1.214731e-03 2.112511e-01
1885 2.609631e-06 6.888138e-03
1886 7.190890e-04 6.491740e-02
1887 2.486281e-04 3.799709e-02
1888 3.290913e-07 3.263120e-03
1889 1.903397e-08 1.316553e-03
1890 1.874045e-06 1.198758e-02
1891 8.666101e-04 1.621443e-01
1892 5.223729e-07 1.484847e-02
1893 5.513288e-05 6.431769e-02
1894 3.591700e-03 1.197050e+00
1895 2.421958e-04 6.662502e-02
1896 1.732165e-04 1.198448e-01
1897 8.803471e-08 3.999751e-03
1898 1.438789e-05 5.122346e-02
1899 1.603511e-05 1.061197e-02
1900 2.933880e-04 1.520985e-01
1901 9.733338e-08 4.900660e-03
1902 8.221348e-09 1.854043e-03
1903 3.257510e-07 1.101925e-02
1904 3.962236e-06 8.109082e-03
1905 4.232304e-07 5.201992e-03
1906 8.895239e-06 5.868957e-03
1907 9.648290e-10 3.760315e-03
1908 7.406945e-08 1.712538e-03
1909 1.351975e-05 1.564266e-02
1910 2.187022e-04 9.211650e-02
1911 6.589494e-04 1.175627e-01
1912 3.319812e-05 7.500547e-02
1913 1.122999e-05 6.266407e-02
1914 1.566111e-07 4.771807e-03
1915 2.460865e-09 7.895580e-03
1916 7.916000e-04 8.895744e-01
1917 2.122066e-03 4.427192e-01
1918 2.870290e-05 3.301974e-02
1919 2.814160e-04 2.666086e-02
1920 2.161096e-05 3.053598e-02
1921 1.163825e-09 1.367014e-03
1922 2.464976e-06 4.550562e-03
1923 3.103242e-07 3.127313e-03
1924 3.283638e-07 2.417527e-03
1925 3.238628e-08 2.131494e-03
1926 2.108199e-04 1.568528e-01
1927 1.220499e-06 1.152137e-02
1928 1.485398e-09 1.791285e-03
1929 3.511720e-05 1.443544e-02
1930 2.645090e-06 1.761157e-02
1931 3.807513e-05 2.462570e-02
1932 2.553815e-07 3.378796e-02
1933 6.060495e-07 1.608210e-02
1934 4.912696e-05 6.866639e-02
1935 3.427554e-05 1.632375e-02
1936 3.193701e-07 1.253261e-02
1937 2.540574e-06 5.383289e-03
1938 1.508686e-10 2.010172e-03
1939 5.168178e-04 2.672490e-01
1940 2.968124e-07 2.260567e-02
1941 2.248503e-05 1.620013e-02
1942 5.191029e-05 8.091025e-02
1943 1.248752e-06 3.233389e-02
1944 6.049633e-04 2.613807e-01
1945 7.021048e-06 4.080481e-02
1946 5.278591e-06 6.919007e-03
1947 8.578291e-06 5.590424e-03
1948 4.476560e-09 1.707982e-03
1949 2.053172e-03 1.406914e-01
1950 3.941297e-05 3.165475e-02
1951 5.422909e-05 4.084495e-02
1952 4.841068e-07 7.171970e-03
1953 1.102593e-04 6.139752e-02
1954 2.381364e-06 7.595365e-02
1955 6.374537e-06 9.888048e-03
1956 2.519113e-05 5.723382e-02
1957 3.369585e-06 8.078271e-03
1958 1.859285e-05 2.083818e-02
1959 7.487528e-06 2.706216e-02
1960 9.258050e-06 3.042192e-02
1961 6.759671e-05 1.045741e-01
1962 9.508663e-04 1.046899e-01
1963 1.559078e-04 8.729909e-02
1964 3.995026e-07 4.015932e-03
1965 1.522783e-06 1.512688e-02
1966 3.336340e-07 6.692727e-03
1967 5.368893e-06 5.646967e-02
1968 1.462500e-09 2.103050e-03
1969 1.618259e-03 3.071310e-01
1970 1.245264e-04 8.915161e-02
1971 4.080323e-04 3.512228e-01
1972 3.363479e-05 1.807852e-02
1973 3.331812e-04 2.021278e-01
1974 2.966519e-08 4.242033e-03
1975 1.440443e-03 2.490465e-01
1976 3.849077e-04 1.068760e-01
1977 1.740932e-06 7.647506e-03
1978 7.457881e-09 4.047470e-03
1979 2.557556e-04 8.340436e-02
1980 4.117222e-05 1.370704e-02
1981 1.009903e-05 5.482146e-02
1982 7.803697e-08 2.799748e-03
1983 5.292600e-07 2.364348e-03
1984 6.525325e-07 2.759743e-02
1985 5.461793e-05 1.657987e-02
1986 5.546098e-05 1.123467e-02
1987 1.241677e-06 3.494048e-02
1988 5.354711e-04 2.127126e-01
1989 8.263684e-08 1.446630e-03
1990 6.684729e-06 5.154116e-03
1991 4.596047e-06 9.154136e-03
1992 2.338371e-03 4.960866e-01
1993 6.216611e-09 1.188177e-03
1994 7.099036e-09 1.258423e-03
1995 3.139064e-04 1.133351e-01
1996 1.191947e-07 5.549557e-03
1997 6.611166e-08 2.104088e-03
1998 1.519096e-05 1.791186e-02
1999 1.100246e-04 1.268958e-01
2000 6.597221e-07 2.632068e-03
2001 6.835860e-08 3.119969e-03
