2 1.537175e-04 1.649971e-01
3 3.478658e-03 1.015495e+00
4 1.149959e-03 4.449757e-01
5 1.662491e-04 1.469833e-01
6 3.318227e-03 1.459308e+00
7 5.389210e-03 4.551525e-01
8 6.414462e-06 5.475858e-02
9 4.529071e-06 1.135618e-02
10 1.212303e-03 2.509924e-01
11 3.454592e-03 5.444824e-01
12 6.774196e-05 4.565388e-02
13 3.884694e-03 7.632591e-01
14 3.329289e-04 1.895914e-01
15 2.910916e-04 9.663576e-02
16 8.945840e-05 6.380565e-02
17 4.371545e-05 2.356874e-02
18 8.557967e-04 2.206712e-01
19 2.712729e-05 3.354362e-01
20 3.981639e-04 5.901371e-01
21 1.354982e-03 3.455346e-01
22 1.182927e-05 3.300783e-02
23 2.551751e-03 9.164577e-01
24 3.833687e-03 5.775712e-01
25 4.381770e-05 5.885449e-02
26 3.449289e-03 8.206212e-01
27 3.737421e-04 1.210249e-01
28 1.952464e-04 6.795346e-02
29 3.340571e-03 1.010752e+00
30 4.046987e-07 7.861574e-03
31 2.868276e-03 4.625547e-01
32 6.912539e-03 5.458114e-01
33 5.714332e-05 4.421281e-02
34 7.959007e-06 1.019810e-02
35 2.781606e-04 2.811695e-01
36 6.027239e-04 1.174123e-01
37 6.041105e-03 1.284717e+00
38 3.390105e-03 1.776242e+00
39 5.591732e-04 8.575523e-01
40 1.824978e-04 2.916745e-01
41 5.234322e-07 7.211359e-03
42 4.651849e-03 1.155687e+00
43 3.275851e-06 1.931028e-02
44 3.336613e-08 3.025434e-03
45 4.692844e-07 2.790744e-03
46 6.513357e-09 1.441264e-03
47 5.441439e-08 6.339057e-03
48 2.207892e-07 7.266082e-03
49 2.089747e-07 9.169288e-03
50 3.206918e-06 3.345128e-02
51 1.794692e-07 3.197601e-03
52 1.416216e-07 5.689695e-03
53 3.557966e-07 5.710053e-03
54 4.106711e-08 4.307955e-03
55 5.374792e-08 3.402687e-03
56 6.789778e-06 2.290162e-02
57 9.614591e-06 4.317269e-02
58 3.197472e-09 1.717858e-03
59 4.680322e-06 1.305828e-02
60 1.674206e-07 2.452614e-03
61 5.911191e-08 4.241582e-03
62 8.882762e-08 1.360334e-03
63 6.376395e-07 5.794135e-03
64 2.909985e-08 1.184349e-02
65 4.217653e-08 2.828604e-03
66 1.495200e-07 4.905918e-03
67 2.817998e-08 4.815917e-03
68 1.406276e-05 1.180248e-02
69 1.956137e-05 1.120034e-02
70 1.246450e-03 7.868661e-01
71 4.535421e-10 4.412648e-03
72 3.182764e-04 8.275252e-02
73 4.898210e-07 4.614493e-03
74 1.306640e-07 5.800825e-03
75 4.103355e-07 5.857919e-03
76 2.622272e-05 8.023426e-03
77 2.241733e-06 4.844240e-03
78 2.660664e-05 5.276339e-02
79 7.011089e-07 1.149791e-02
80 7.556394e-05 1.016840e-01
81 3.133764e-07 3.205961e-03
82 8.959886e-05 4.585511e-02
83 1.638596e-08 2.530271e-03
84 1.950609e-04 2.910480e-02
85 6.441903e-07 8.007678e-03
86 3.762453e-04 4.384681e-02
87 2.855551e-04 2.693161e-01
88 5.290649e-09 2.775703e-03
89 1.309945e-04 6.721845e-02
90 2.277765e-04 1.363782e-01
91 1.024829e-05 1.996415e-02
92 3.183171e-04 1.054534e-01
93 5.856508e-05 5.454592e-02
94 5.053822e-07 9.036041e-03
95 8.550799e-09 5.392915e-03
96 7.840879e-06 1.495248e-02
97 3.588730e-05 2.411975e-02
98 9.786849e-04 5.758910e-02
99 6.796388e-05 3.512865e-01
100 4.097647e-03 1.138419e+00
101 8.077004e-04 1.990147e-01
102 7.460493e-07 6.779899e-03
103 7.128808e-04 2.823426e-01
104 8.074121e-08 2.473390e-02
105 3.054275e-04 1.112403e-01
106 7.899312e-05 7.657956e-02
107 1.263655e-06 1.222659e-02
108 4.811240e-06 1.165260e-01
109 7.766539e-07 1.219282e-02
110 2.680548e-06 4.706738e-03
111 2.695829e-07 1.087581e-02
112 2.837040e-08 1.961145e-02
113 1.287168e-03 1.760971e-01
114 1.935498e-04 1.872692e-02
115 7.257109e-05 3.393140e-02
116 1.902570e-04 1.146523e-01
117 2.435813e-06 7.537466e-03
118 1.038137e-07 3.732992e-03
119 5.980882e-04 7.932994e-01
120 5.223636e-05 4.630435e-02
121 8.325072e-07 9.080979e-03
122 1.168280e-06 5.287825e-03
123 4.899885e-04 1.497397e-01
124 1.388465e-06 1.453369e-02
125 1.915006e-04 1.729169e-01
126 2.174050e-05 1.583060e-02
127 7.050458e-07 1.170468e-02
128 1.097417e-03 4.657798e-01
129 8.071845e-04 6.435600e-01
130 2.688502e-05 7.935041e-02
131 4.049473e-04 2.511637e-01
132 6.124125e-05 3.063149e-02
133 3.874417e-03 1.178689e+00
134 9.291931e-05 5.339782e-02
135 1.553872e-03 4.502379e-01
136 1.442730e-09 2.287541e-03
137 2.328091e-07 1.305365e-02
138 7.472509e-07 4.141299e-03
139 5.963229e-06 1.054143e-02
140 2.526456e-04 7.408792e-02
141 6.795811e-06 8.515568e-03
142 2.608613e-04 2.946077e-01
143 9.273353e-04 1.315782e-01
144 3.847210e-04 2.798938e-01
145 2.482642e-05 6.291791e-02
146 8.295240e-07 1.465983e-02
147 1.171497e-04 8.521858e-02
148 8.541004e-07 6.653795e-03
149 2.481183e-04 8.626783e-02
150 1.863899e-04 1.071030e-01
151 3.192266e-04 8.750441e-02
152 3.087901e-05 4.082355e-02
153 7.399797e-07 1.075957e-02
154 9.105142e-06 1.729988e-02
155 1.183615e-07 3.184194e-03
156 4.446248e-05 3.097032e-02
157 7.409240e-08 1.320893e-02
158 1.511115e-10 3.780417e-03
159 5.392896e-07 1.790820e-02
160 2.015745e-06 1.032912e-02
161 9.241011e-07 5.339398e-03
162 4.125931e-07 1.728113e-02
163 2.153669e-06 1.759653e-02
164 1.159661e-05 1.659101e-02
165 7.230157e-08 1.798433e-03
166 7.193306e-07 2.601014e-03
167 8.199122e-06 9.719324e-03
168 1.817795e-06 5.804204e-03
169 2.302326e-05 3.999969e-02
170 2.018941e-06 8.018479e-03
171 2.445120e-04 6.270904e-02
172 3.057281e-04 6.401691e-01
173 2.745400e-04 9.937531e-02
174 6.138680e-04 2.924973e-01
175 6.401063e-10 1.263852e-03
176 1.248617e-06 1.519446e-02
177 1.249099e-08 3.190990e-03
178 2.314524e-07 7.881934e-03
179 3.974745e-06 1.311002e-02
180 6.858099e-10 1.277273e-03
181 4.794341e-05 1.196092e-01
182 2.472183e-03 1.614616e-01
183 3.455727e-05 4.416638e-02
184 5.347986e-06 9.487546e-03
185 2.283255e-09 1.523713e-03
186 2.206237e-06 4.936660e-02
187 2.895182e-03 9.305297e-01
188 1.154310e-04 6.106101e-02
189 2.051479e-06 1.568720e-02
190 8.800539e-07 5.712232e-03
191 9.813706e-07 7.091630e-03
192 4.026607e-08 5.862853e-03
193 3.094471e-09 6.284065e-03
194 2.793326e-08 6.118654e-03
195 1.375061e-04 3.846034e-02
196 1.590640e-06 8.399311e-03
197 2.539169e-07 2.127251e-02
198 2.908673e-05 1.691049e-02
199 8.604518e-07 2.057937e-02
200 4.038929e-04 1.358870e-01
201 1.337680e-05 9.314564e-02
202 3.371683e-06 1.681622e-02
203 1.082638e-04 2.129343e-01
204 2.529643e-06 4.768878e-03
205 2.256380e-04 5.170722e-02
206 8.827838e-05 6.620262e-02
207 2.091107e-05 3.384995e-02
208 4.013492e-05 1.002358e-01
209 3.761877e-04 2.276947e-01
210 1.847407e-05 5.922948e-02
211 1.340767e-04 2.179131e-01
212 3.796301e-08 5.026369e-03
213 5.186146e-06 1.655185e-02
214 2.763424e-06 1.427393e-02
215 5.468350e-07 1.245363e-02
216 1.830485e-06 4.044873e-02
217 3.660578e-06 2.990618e-03
218 1.389363e-07 4.743350e-03
219 5.728021e-08 2.561675e-03
220 4.124088e-05 2.602825e-01
221 7.174942e-08 5.696344e-03
222 7.196568e-07 4.373952e-02
223 1.308186e-03 2.429195e-01
224 3.003102e-09 2.300521e-03
225 4.393701e-09 3.232770e-03
226 4.196730e-06 1.225341e-02
227 7.366487e-08 4.282127e-03
228 4.820938e-07 6.419678e-03
229 1.658470e-06 1.839777e-02
230 7.035256e-04 3.779465e-01
231 4.454263e-10 2.043719e-03
232 1.681943e-03 8.310950e-01
233 2.898551e-08 9.448344e-03
234 1.030776e-06 5.344461e-03
235 5.226858e-10 7.405335e-03
236 7.798449e-04 1.804786e-01
237 1.518452e-03 4.220755e-01
238 4.780245e-08 5.105483e-03
239 2.130136e-05 1.632422e-02
240 7.693380e-06 6.919384e-02
241 6.733771e-04 5.369594e-01
242 2.716913e-06 3.901835e-02
243 2.201416e-07 4.572250e-03
244 5.654688e-09 1.879267e-03
245 2.913598e-09 1.284189e-03
246 9.261575e-04 2.466253e-01
247 1.238701e-03 1.664968e-01
248 2.203468e-04 3.743650e-01
249 3.214534e-03 5.279634e-01
250 4.271704e-04 3.423878e-01
251 1.665622e-09 1.293900e-03
252 6.400643e-08 8.790294e-03
253 1.950568e-08 4.243492e-03
254 5.800952e-06 2.322730e-02
255 3.191916e-07 9.044132e-03
256 5.587418e-10 2.437809e-03
257 4.351091e-07 5.310393e-03
258 1.213878e-03 1.582418e-01
259 1.785368e-08 1.456796e-03
260 7.959432e-07 1.009040e-02
261 1.135920e-04 1.329986e-02
262 1.529085e-06 1.841373e-03
263 1.715116e-05 8.285447e-03
264 3.805943e-06 2.997346e-02
265 3.025489e-05 8.128846e-02
266 2.382332e-06 1.262671e-02
267 3.919260e-07 1.988960e-02
268 6.387569e-07 1.025144e-02
269 1.271626e-04 1.910335e-01
270 3.298970e-10 3.605449e-03
271 5.358483e-06 1.996376e-02
272 6.900063e-06 1.393501e-02
273 1.069121e-04 1.421997e-01
274 1.021245e-09 1.879361e-03
275 9.306317e-04 2.575665e-01
276 1.385613e-06 1.865833e-02
277 4.690097e-10 4.011072e-03
278 6.397041e-05 1.150302e-01
279 5.251834e-07 5.214458e-03
280 1.134751e-04 8.184667e-02
281 4.015781e-04 1.889854e-01
282 5.182092e-08 2.089886e-03
283 4.061211e-07 7.061103e-03
284 3.125949e-08 4.750356e-03
285 2.288217e-08 9.256419e-03
286 1.166901e-06 6.170626e-03
287 2.173186e-08 5.092032e-03
288 3.852262e-08 2.225857e-03
289 1.446733e-03 4.066935e-01
290 1.333142e-09 1.421956e-03
291 2.101565e-05 2.132525e-02
292 5.144655e-04 5.095246e-01
293 2.377775e-06 5.898792e-03
294 1.922776e-08 4.365098e-03
295 3.415192e-08 1.780904e-02
296 8.501853e-06 1.259460e-01
297 1.752328e-06 1.901503e-02
298 1.221883e-06 5.932630e-03
299 1.581855e-07 4.265930e-03
300 1.144426e-05 1.611829e-02
301 9.098709e-04 4.154272e-01
302 3.185148e-07 3.612323e-03
303 1.243503e-06 2.061071e-02
304 1.809218e-04 1.677007e-01
305 3.942942e-05 3.188693e-02
306 7.154500e-05 3.323547e-02
307 2.760391e-03 4.820191e-01
308 1.445331e-06 1.102785e-02
309 8.110862e-05 3.197103e-01
310 3.236609e-05 2.761974e-02
311 4.464828e-07 1.360073e-02
312 1.457822e-05 6.667301e-03
313 3.561468e-03 1.142475e+00
314 7.158408e-06 4.897120e-03
315 1.773717e-09 4.747116e-03
316 3.296089e-03 8.332003e-01
317 4.086011e-03 5.886857e-01
318 3.775204e-04 2.581218e-01
319 1.282610e-04 9.926691e-02
320 1.107931e-05 4.372606e-02
321 1.784089e-04 3.976318e-01
322 1.058208e-10 6.874493e-03
323 2.048910e-06 2.758316e-02
324 1.550619e-08 5.423542e-03
325 1.395301e-08 5.312033e-03
326 1.074556e-06 4.688699e-02
327 2.077351e-03 9.970294e-01
328 9.752009e-04 2.572018e-01
329 2.911122e-03 5.882596e-01
330 2.609484e-06 1.185332e-02
331 7.886123e-04 5.167740e-02
332 1.547012e-03 3.625031e-01
333 3.097818e-08 1.670571e-02
334 5.597992e-06 5.001415e-02
335 2.597378e-09 2.172172e-03
336 6.515976e-06 1.120081e-02
337 8.258697e-07 1.357752e-02
338 2.336867e-03 3.061148e-01
339 1.024690e-03 3.777996e-01
340 6.048977e-06 1.559423e-02
341 3.471696e-07 1.048232e-02
342 1.374653e-05 9.132485e-03
343 4.987219e-08 3.918396e-02
344 4.625385e-05 2.139188e-02
345 2.395250e-03 1.031295e+00
346 2.664756e-03 6.628230e-01
347 8.725467e-09 4.232295e-03
348 9.863925e-05 5.890659e-02
349 6.875701e-05 9.012673e-03
350 1.495116e-06 3.370532e-03
351 4.119162e-04 9.359441e-01
352 2.555999e-04 2.230501e-01
353 1.829927e-08 1.289672e-03
354 2.857379e-04 1.577396e-01
355 9.119608e-06 2.713154e-02
356 3.579252e-04 6.002702e-01
357 5.988198e-04 2.230252e-01
358 1.200903e-06 6.326041e-03
359 2.109386e-05 1.299141e-02
360 6.169440e-05 1.558618e-01
361 6.309865e-04 2.821168e-01
362 1.639014e-03 2.107035e-01
363 1.901774e-05 4.727802e-02
364 1.303317e-05 5.395065e-02
365 7.105903e-06 4.173824e-02
366 1.604193e-06 2.114253e-02
367 4.030963e-07 1.711593e-02
368 1.016167e-05 1.292038e-02
369 4.782475e-07 1.181170e-02
370 6.154671e-06 2.072667e-02
371 1.824755e-05 8.747128e-02
372 4.562424e-07 3.671631e-02
373 7.007531e-05 7.269195e-02
374 3.615315e-09 6.334512e-03
375 4.496691e-08 1.470874e-03
376 6.905155e-08 3.684915e-03
377 1.085185e-03 7.205771e-01
378 3.325372e-05 2.944054e-02
379 1.206765e-06 6.213007e-03
380 6.913756e-06 2.080163e-02
381 1.039683e-03 7.434743e-01
382 1.209248e-04 4.140292e-02
383 3.758664e-04 2.287908e-01
384 3.887781e-05 2.280538e-02
385 1.469186e-03 7.176419e-01
386 2.455981e-05 1.843536e-02
387 8.443275e-06 2.106474e-02
388 1.720107e-07 4.084122e-03
389 1.950775e-07 1.072509e-02
390 1.219648e-09 4.438174e-03
391 2.417165e-04 4.617568e-02
392 2.819465e-06 2.893122e-02
393 5.463199e-09 2.653815e-03
394 2.986149e-03 8.452225e-01
395 3.545656e-07 1.868903e-03
396 3.075514e-06 4.023253e-02
397 2.364056e-06 2.304873e-02
398 9.793657e-11 2.559556e-03
399 6.691978e-08 9.126914e-03
400 5.779636e-03 1.803846e+00
401 1.416915e-06 2.800024e-02
402 1.316251e-03 6.159598e-01
403 7.563753e-05 3.593857e-02
404 6.754766e-06 2.977062e-02
405 1.360069e-07 5.186201e-03
406 6.336107e-04 2.796223e-01
407 4.110722e-05 1.254574e-01
408 5.291136e-04 7.579406e-01
409 2.347580e-05 8.841890e-02
410 3.805717e-06 1.568849e-02
411 7.229274e-05 4.702203e-02
412 5.790293e-05 1.514466e-02
413 8.697720e-04 5.314968e-01
414 4.954159e-04 6.468723e-02
415 5.404457e-08 1.969321e-03
416 5.790647e-04 1.361641e-01
417 3.718598e-06 3.134849e-03
418 9.254284e-04 6.076086e-01
419 5.933463e-04 8.724927e-01
420 4.319381e-05 1.051085e-02
421 6.477655e-05 3.370305e-02
422 5.078390e-06 3.071835e-02
423 4.679361e-06 1.303684e-02
424 4.097723e-04 7.552941e-02
425 4.423908e-06 1.655223e-02
426 6.276226e-09 3.760253e-03
427 8.387112e-05 1.575642e-01
428 9.870785e-05 5.099895e-02
429 1.548228e-03 4.167983e-01
430 3.649380e-07 1.744907e-03
431 9.731107e-10 4.157834e-03
432 2.059568e-04 1.568281e-01
433 2.625490e-09 1.257267e-03
434 9.352713e-08 5.222142e-03
435 1.018129e-06 6.174409e-03
436 3.285569e-09 2.357905e-03
437 3.155758e-04 1.531197e-01
438 1.302406e-07 5.844244e-03
439 7.554246e-08 4.606648e-03
440 9.163310e-08 4.339654e-03
441 3.675405e-05 4.596212e-02
442 5.119348e-09 6.772502e-03
443 1.278428e-06 5.462356e-03
444 3.992382e-05 5.319504e-02
445 2.911369e-04 1.067881e-01
446 6.040353e-07 1.748726e-02
447 1.359416e-08 2.496576e-03
448 1.051550e-06 2.824181e-03
449 9.135820e-08 2.389712e-03
450 6.527014e-07 3.739169e-03
451 1.256559e-07 1.345842e-03
452 5.603733e-05 1.535382e-02
453 1.879477e-07 5.169826e-03
454 4.614732e-05 4.278244e-02
455 6.067585e-04 1.931853e-01
456 4.730871e-08 5.639845e-03
457 1.330201e-05 4.529963e-02
458 1.434163e-05 7.152156e-02
459 5.126201e-06 7.325855e-02
460 1.408008e-07 4.078261e-03
461 9.053896e-06 3.958806e-02
462 1.056475e-03 3.293004e-01
463 2.024527e-05 7.647592e-02
464 1.228780e-04 1.355874e-02
465 5.804266e-08 1.846540e-03
466 9.374395e-09 2.733250e-03
467 1.489214e-03 6.327924e-01
468 1.119409e-09 5.934407e-03
469 2.736376e-04 1.551138e-01
470 4.947245e-05 2.365414e-02
471 1.671026e-05 3.907290e-02
472 1.007455e-05 8.002718e-03
473 2.117838e-05 1.701512e-02
474 2.640672e-06 5.294916e-03
475 5.597508e-05 4.363537e-02
476 1.854375e-09 2.276558e-03
477 6.065262e-05 1.089741e-01
478 9.105545e-10 3.581712e-03
479 5.053987e-09 1.840918e-03
480 8.645605e-07 1.389603e-02
481 2.073550e-07 8.198761e-03
482 1.581511e-03 3.424289e-01
483 1.978418e-08 1.195610e-03
484 2.925118e-08 1.955251e-03
485 1.524707e-04 1.070456e-01
486 5.152611e-07 5.314476e-03
487 6.064552e-05 9.322385e-02
488 2.819097e-07 6.592383e-03
489 2.926324e-05 1.459500e-02
490 1.722521e-05 4.819773e-02
491 2.933071e-07 1.097515e-02
492 1.742782e-04 2.440596e-02
493 1.599619e-08 2.368023e-03
494 8.988981e-04 1.658291e-01
495 1.908963e-03 2.510448e-01
496 2.098839e-04 2.013160e-01
497 2.351650e-04 1.530683e-01
498 1.564744e-05 4.341610e-02
499 1.261235e-05 1.414557e-02
500 2.591525e-09 9.724288e-03
501 1.596677e-03 1.099641e+00
502 1.002417e-06 1.985256e-02
503 2.236476e-05 7.848478e-02
504 1.668655e-03 1.246424e+00
505 1.593119e-08 6.450312e-03
506 1.536039e-07 1.314658e-02
507 1.064248e-06 9.729644e-03
508 1.781670e-04 1.786988e-02
509 9.816063e-04 4.085719e-01
510 2.113264e-07 9.920156e-03
511 1.222126e-06 5.024103e-03
512 1.397414e-08 2.039878e-03
513 9.510896e-05 3.789378e-02
514 1.733088e-08 1.969351e-02
515 1.789916e-06 5.781509e-02
516 3.319991e-04 9.172985e-02
517 4.115309e-06 7.920802e-03
518 2.479596e-08 4.542701e-03
519 6.890213e-07 1.092467e-02
520 2.052912e-10 1.504635e-03
521 9.411067e-07 3.015273e-02
522 8.988253e-07 3.507496e-03
523 6.515869e-07 8.527869e-03
524 1.112689e-04 8.766174e-02
525 6.404473e-04 1.359017e-01
526 2.126624e-06 1.769291e-02
527 2.384527e-04 2.102153e-01
528 4.767243e-04 1.850424e-01
529 7.691991e-04 3.137027e-01
530 1.207364e-04 7.594139e-02
531 5.217476e-11 1.574196e-03
532 7.938880e-07 9.732045e-03
533 1.159031e-06 2.950544e-03
534 7.048250e-06 8.957994e-02
535 2.411947e-03 3.922105e-01
536 2.062461e-04 1.169034e-01
537 7.254753e-04 3.995400e-01
538 4.219841e-06 9.638233e-02
539 4.697410e-05 6.361539e-02
540 5.931753e-06 2.861428e-02
541 1.827993e-03 9.255966e-01
542 4.749262e-06 1.357450e-02
543 2.901512e-04 1.570673e-02
544 2.061388e-04 8.422474e-02
545 1.751371e-07 9.551175e-03
546 1.584741e-06 1.585546e-02
547 7.594044e-06 5.563404e-02
548 2.597707e-04 4.709271e-02
549 1.492601e-06 2.931776e-02
550 7.610293e-09 5.838882e-03
551 3.429862e-04 4.066771e-02
552 2.738363e-07 2.695174e-03
553 1.027665e-07 7.553313e-03
554 2.252138e-09 3.020790e-03
555 2.238186e-06 7.082824e-02
556 1.196205e-06 7.700070e-03
557 1.701471e-04 9.822458e-02
558 4.708860e-08 8.200885e-03
559 1.246709e-03 9.183905e-02
560 6.016773e-08 3.364577e-03
561 7.166784e-06 3.377457e-02
562 1.724393e-07 1.846861e-03
563 2.633368e-03 1.892534e+00
564 7.476884e-04 9.673265e-01
565 1.292288e-06 3.953665e-03
566 1.545662e-03 1.090504e-01
567 2.388835e-04 7.793226e-02
568 2.777034e-04 1.172450e-01
569 1.109859e-06 1.239384e-02
570 1.302006e-05 5.195509e-02
571 2.178306e-04 7.367091e-02
572 7.671693e-04 1.360244e-01
573 1.019914e-03 2.317130e-01
574 4.440991e-07 5.953528e-03
575 2.263724e-08 4.063632e-03
576 2.841960e-06 9.742761e-03
577 2.536060e-09 2.689523e-03
578 1.076967e-06 4.191906e-03
579 5.039317e-05 3.040752e-02
580 4.333252e-08 6.035929e-03
581 2.227123e-04 1.199399e-01
582 1.280293e-06 1.527443e-02
583 6.874733e-04 4.843609e-01
584 2.030447e-05 7.921983e-02
585 3.765728e-05 4.641728e-02
586 1.469049e-03 1.820086e-01
587 2.871385e-05 1.383413e-02
588 1.043152e-05 5.955355e-02
589 9.205075e-05 6.007720e-02
590 1.595600e-07 1.235941e-02
591 5.945843e-06 2.697697e-02
592 3.377880e-03 8.211086e-01
593 1.303636e-06 9.379656e-03
594 2.863941e-04 1.050594e-01
595 8.899270e-08 5.617930e-03
596 3.275969e-09 1.379960e-03
597 3.261219e-08 2.288495e-03
598 3.729582e-05 4.761884e-02
599 8.396289e-05 2.146422e-02
600 4.462279e-07 5.181909e-03
601 3.350388e-07 4.345808e-03
602 3.662877e-05 2.902547e-02
603 2.862187e-05 3.539759e-02
604 1.316168e-08 2.068783e-03
605 2.920289e-04 1.781490e-01
606 1.525136e-04 1.137576e-01
607 3.947951e-07 5.254945e-03
608 4.335127e-04 4.747642e-02
609 3.880409e-05 1.760164e-02
610 5.197264e-06 1.649656e-02
611 4.587363e-09 2.536672e-03
612 7.315691e-06 3.664834e-02
613 2.741042e-08 5.339722e-03
614 1.576549e-06 5.710411e-03
615 9.745810e-09 5.945590e-03
616 3.695135e-04 5.562790e-02
617 2.360004e-06 1.413321e-02
618 8.720753e-08 8.408685e-03
619 1.203453e-05 7.937910e-03
620 9.977823e-08 3.888464e-03
621 3.267709e-07 3.435549e-03
622 1.581572e-03 3.213542e-01
623 1.071234e-05 1.792776e-02
624 9.791829e-07 4.480398e-03
625 2.783666e-07 1.187006e-02
626 8.340304e-07 6.398164e-03
627 5.071088e-07 3.692941e-03
628 5.645953e-05 3.387556e-02
629 1.614774e-06 2.188949e-03
630 1.434414e-05 1.523006e-02
631 4.724453e-06 1.247419e-02
632 1.194063e-08 1.265807e-03
633 1.490060e-03 3.281035e-01
634 2.070113e-04 3.219159e-02
635 4.320370e-07 8.796759e-03
636 1.414403e-07 2.104982e-02
637 1.194054e-07 1.160340e-02
638 6.808228e-09 2.182937e-03
639 1.176450e-10 1.581193e-03
640 9.407788e-10 2.443819e-03
641 8.093016e-10 1.528560e-03
642 4.577359e-08 5.433804e-03
643 4.502921e-05 8.812811e-02
644 7.533477e-04 2.339182e-01
645 4.155568e-04 8.667102e-02
646 2.268234e-06 1.448163e-02
647 8.874783e-07 6.062501e-03
648 4.426760e-05 3.926168e-02
649 1.545817e-03 7.140224e-01
650 2.918315e-06 5.116369e-03
651 7.913948e-07 8.541830e-03
652 6.111990e-05 7.663127e-02
653 7.448336e-08 4.784843e-03
654 4.715443e-07 4.964101e-03
655 9.676085e-07 9.209312e-03
656 7.988937e-08 2.813300e-03
657 8.909400e-04 5.828309e-02
658 1.338067e-04 1.513104e-01
659 3.191557e-04 2.704575e-02
660 5.406306e-05 1.219549e-01
661 5.277989e-07 5.581144e-03
662 4.640752e-04 2.698275e-01
663 8.434136e-04 8.056291e-01
664 2.466908e-05 5.301495e-02
665 1.617642e-07 9.394913e-03
666 1.633416e-04 2.384095e-02
667 4.917758e-04 7.501699e-02
668 5.548207e-04 3.955972e-01
669 7.896767e-04 2.756151e-01
670 4.305305e-08 9.348403e-03
671 7.809930e-05 2.366544e-02
672 2.686433e-07 2.507531e-02
673 2.472294e-05 1.228401e-02
674 3.848740e-07 2.116949e-03
675 4.890062e-05 1.399854e-01
676 7.233877e-07 5.735802e-03
677 1.844148e-10 1.338953e-03
678 5.151840e-06 7.613969e-03
679 1.615587e-03 2.578762e-01
680 1.176229e-05 4.660094e-02
681 3.571079e-05 7.195251e-02
682 9.331771e-06 1.317090e-02
683 1.031553e-06 3.064641e-02
684 1.514671e-05 1.955576e-02
685 2.154448e-09 2.171215e-03
686 4.005568e-06 1.929723e-02
687 2.663905e-03 7.656763e-01
688 5.863136e-06 2.506551e-02
689 3.383894e-07 1.033840e-02
690 1.282052e-08 2.015840e-03
691 1.459797e-03 2.008692e-01
692 3.781797e-08 2.931504e-03
693 4.040005e-05 2.262784e-02
694 8.174279e-04 1.092718e-01
695 1.440305e-03 2.767649e-01
696 7.502590e-04 7.650387e-01
697 3.822832e-06 9.588875e-03
698 7.299890e-04 1.577411e-01
699 4.493180e-08 1.540362e-03
700 1.561490e-04 5.570002e-02
701 1.005018e-05 1.988896e-02
702 4.232288e-09 1.237479e-03
703 1.490538e-08 4.011765e-03
704 3.632233e-11 1.311535e-03
705 1.351636e-03 3.789712e-01
706 3.177199e-08 1.732989e-03
707 1.277427e-04 1.092528e-01
708 4.904018e-12 4.995842e-03
709 6.755308e-11 2.939369e-03
710 7.014132e-07 6.316278e-03
711 1.437834e-10 1.204902e-03
712 2.613666e-07 4.820830e-03
713 7.133728e-08 6.467523e-03
714 1.301635e-09 2.451275e-03
715 9.576744e-06 1.680233e-02
716 8.706370e-05 3.504748e-02
717 5.780829e-09 5.329633e-03
718 2.949571e-11 2.642274e-03
719 1.815832e-03 7.320388e-01
720 4.053210e-11 1.188324e-03
721 5.794756e-06 8.740729e-03
722 2.797553e-10 2.732721e-03
723 6.916556e-06 1.680109e-02
724 2.628578e-07 3.492916e-03
725 5.437099e-11 1.464601e-03
726 9.430231e-05 5.108223e-02
727 7.121823e-10 4.371435e-03
728 3.088718e-08 7.908430e-03
729 5.608067e-10 7.307687e-03
730 1.622625e-08 2.753588e-03
731 1.778180e-04 1.076504e-01
732 7.570986e-13 1.364472e-03
733 7.876776e-14 9.157500e-04
734 4.117656e-08 2.993317e-03
735 3.890539e-08 3.407378e-03
736 2.167720e-06 1.681861e-02
737 1.218130e-11 1.363522e-03
738 3.774841e-05 9.827170e-02
739 4.399295e-09 3.515758e-03
740 1.124709e-05 3.753679e-02
741 5.019200e-08 8.487486e-03
742 1.525257e-05 2.252314e-02
743 1.240014e-03 7.612060e-01
744 1.780973e-11 2.638482e-03
745 2.774060e-08 2.532001e-03
746 4.291634e-07 1.284124e-02
747 8.070556e-05 6.418433e-02
748 1.551215e-03 2.301097e-01
749 4.211367e-05 1.854110e-01
750 1.401491e-07 6.860238e-03
751 4.739310e-07 1.237305e-02
752 1.822746e-07 1.992298e-03
753 7.886939e-09 2.987651e-03
754 4.961950e-05 1.090585e-01
755 2.542120e-06 2.174269e-02
756 3.056859e-05 3.670526e-02
757 3.283540e-10 1.517590e-03
758 9.837532e-07 2.124311e-02
759 1.092696e-04 3.152341e-02
760 1.697233e-08 2.277034e-03
761 2.552992e-05 3.550579e-02
762 2.097512e-04 3.152802e-02
763 2.328045e-09 1.966464e-03
764 2.365207e-08 9.889227e-03
765 2.574471e-09 1.044240e-02
766 3.657879e-07 5.524378e-03
767 5.428492e-08 5.907965e-03
768 4.705985e-05 3.066706e-02
769 9.220266e-06 8.049622e-03
770 2.598156e-04 6.985057e-02
771 7.156012e-06 5.570197e-03
772 4.030363e-12 1.550058e-03
773 2.957769e-08 1.604432e-02
774 1.342058e-08 1.957530e-03
775 1.247063e-04 1.051760e-01
776 1.447144e-04 9.533958e-02
777 2.796039e-05 3.731807e-02
778 4.859663e-05 2.639031e-02
779 1.750279e-03 3.007926e-01
780 6.963556e-06 1.608055e-02
781 2.100475e-04 8.587002e-02
782 8.958032e-07 4.609999e-03
783 4.093474e-06 1.003330e-02
784 9.269033e-06 6.979958e-03
785 3.756134e-04 5.349777e-02
786 4.036811e-05 2.747440e-02
787 1.937721e-04 4.757610e-02
788 8.595117e-07 2.316946e-02
789 1.410555e-09 1.348879e-03
790 4.510321e-05 1.642854e-01
791 1.227831e-05 1.803742e-02
792 3.780007e-07 4.958256e-03
793 2.808446e-06 1.002781e-02
794 5.705507e-07 5.155875e-03
795 4.300806e-04 5.855903e-01
796 3.015651e-09 3.134736e-03
797 4.208231e-04 3.139848e-01
798 9.735104e-04 4.936339e-01
799 2.661711e-06 5.381917e-03
800 9.299985e-05 9.027187e-02
801 1.146421e-07 4.162321e-03
802 2.845945e-05 4.632956e-02
803 5.479279e-04 2.032849e-01
804 3.192222e-07 1.607304e-02
805 6.170232e-09 4.029405e-03
806 2.991184e-04 2.408418e-01
807 4.377007e-07 5.546092e-02
808 1.769560e-06 4.377673e-03
809 3.203917e-04 3.784236e-01
810 4.709261e-05 1.817443e-02
811 1.469257e-06 2.763695e-02
812 1.981173e-07 6.940281e-03
813 1.743165e-07 5.871306e-03
814 4.948854e-06 1.074975e-02
815 6.374164e-06 2.643314e-02
816 1.540007e-04 1.635231e-01
817 3.667532e-03 8.989095e-01
818 8.108788e-09 3.591117e-03
819 7.062089e-05 1.039603e-01
820 2.089335e-06 5.293799e-02
821 4.427641e-06 2.796881e-02
822 4.354153e-08 3.574024e-03
823 2.784817e-06 9.706727e-03
824 5.220569e-08 2.607399e-02
825 2.713256e-07 2.668456e-02
826 1.181876e-04 1.264541e-02
827 1.643458e-06 5.752155e-03
828 2.904454e-05 4.027253e-02
829 4.354384e-07 1.439282e-02
830 1.225346e-03 5.645075e-01
831 2.869523e-05 2.163439e-02
832 3.093733e-06 8.889307e-03
833 9.890507e-06 2.240031e-02
834 4.948852e-06 2.190395e-02
835 7.053724e-08 2.281684e-03
836 1.990710e-09 1.027359e-03
837 5.382598e-07 1.491715e-02
838 1.683621e-05 9.296247e-03
839 1.503623e-07 1.525502e-02
840 1.306706e-05 3.801639e-02
841 3.495139e-05 3.563660e-02
842 2.505863e-03 4.467974e-01
843 3.783898e-05 3.038636e-02
844 2.978872e-06 3.626994e-02
845 8.895510e-07 3.284527e-02
846 1.048263e-03 1.391263e-01
847 3.324742e-05 2.598095e-02
848 1.513747e-04 1.277207e-01
849 4.720656e-07 5.791398e-03
850 5.692610e-04 1.046708e+00
851 8.326694e-06 2.118439e-02
852 3.960240e-05 1.920428e-01
853 4.288362e-04 3.034870e-01
854 2.012638e-04 8.906973e-02
855 7.583918e-05 1.639787e-01
856 5.854115e-05 5.653207e-02
857 9.070443e-04 3.227516e-01
858 3.515253e-07 2.068399e-02
859 6.336161e-09 3.867034e-03
860 8.626423e-04 7.643323e-02
861 5.047802e-09 1.642000e-03
862 1.160763e-05 2.345233e-02
863 3.346963e-04 1.100829e-01
864 7.395002e-07 7.975318e-03
865 2.291049e-04 1.197393e-01
866 2.566494e-04 1.781745e-01
867 2.418340e-04 7.118220e-01
868 4.909608e-06 7.279838e-03
869 9.603068e-06 3.299881e-02
870 5.247856e-05 4.904079e-02
871 1.129005e-06 2.799481e-02
872 1.632728e-03 3.626226e-01
873 9.261271e-05 7.616584e-02
874 6.057287e-04 2.655684e-01
875 6.653201e-07 6.399917e-03
876 1.189086e-12 1.062645e-03
877 4.473921e-07 9.382004e-03
878 5.411545e-04 4.268043e-01
879 3.068365e-04 1.084093e-01
880 9.896292e-06 1.151259e-02
881 3.584354e-10 2.291699e-03
882 7.655702e-05 7.347444e-02
883 1.604695e-03 6.223588e-01
884 2.638428e-04 1.097847e-01
885 1.214315e-05 8.002633e-02
886 1.063807e-06 7.933931e-03
887 4.341895e-07 1.344651e-02
888 2.380417e-06 1.293175e-02
889 2.171577e-07 2.300806e-02
890 7.534039e-07 2.356274e-02
891 7.960193e-04 3.647676e-01
892 3.181841e-09 2.858932e-03
893 9.616976e-05 6.390845e-02
894 4.326759e-07 7.083231e-03
895 2.684872e-05 8.070273e-02
896 4.220080e-07 5.490386e-02
897 1.933063e-04 8.590924e-02
898 1.529988e-06 9.371198e-03
899 1.994157e-07 1.432802e-02
900 2.781276e-08 1.625728e-02
901 8.544403e-05 9.136921e-02
902 1.129140e-08 2.127282e-03
903 2.687684e-06 3.488960e-02
904 2.345961e-08 2.108480e-02
905 1.353149e-08 6.664088e-03
906 1.275945e-06 8.314494e-03
907 1.016903e-08 2.066705e-03
908 1.017328e-08 8.980486e-03
909 1.129831e-04 3.209103e-02
910 2.119084e-06 2.816203e-02
911 2.284684e-07 2.118577e-02
912 1.169897e-07 1.047438e-02
913 6.143792e-09 3.415483e-03
914 6.140477e-08 7.553300e-03
915 6.839776e-04 2.123697e-01
916 2.861894e-11 2.827313e-03
917 6.268292e-09 2.394841e-03
918 4.510464e-10 2.639578e-03
919 5.874737e-04 2.169130e-01
920 2.277018e-09 6.486787e-03
921 4.965326e-07 3.977520e-03
922 3.193404e-07 1.637574e-02
923 2.513364e-09 5.135756e-03
924 1.009899e-03 3.376578e-01
925 2.590994e-04 7.239834e-02
926 2.821900e-05 4.371400e-02
927 4.077246e-05 1.240760e-01
928 3.540476e-07 4.359525e-02
929 2.623910e-04 1.732849e-01
930 7.586497e-05 5.847642e-02
931 2.482924e-04 2.553427e-02
932 4.938757e-05 5.154840e-02
933 6.993114e-09 2.973209e-03
934 6.000476e-06 9.945811e-03
935 1.438082e-07 3.618293e-03
936 6.595546e-07 2.785694e-02
937 6.307675e-10 5.815850e-03
938 6.806402e-09 2.377818e-03
939 1.254926e-06 1.037167e-02
940 4.730621e-04 1.450379e-01
941 2.568802e-09 3.332195e-03
942 2.520644e-05 1.414880e-01
943 1.409326e-06 2.431349e-02
944 4.409506e-12 1.972736e-03
945 6.368962e-05 3.457206e-02
946 5.421512e-10 2.224277e-03
947 4.086792e-05 2.163325e-02
948 1.800359e-07 1.528041e-03
949 1.660078e-06 1.797476e-02
950 3.113436e-04 1.345807e-01
951 7.338566e-08 3.014732e-02
952 1.283099e-05 4.169225e-02
953 1.927514e-11 2.418494e-03
954 4.099422e-05 3.749250e-02
955 2.227568e-07 4.496732e-03
956 1.588611e-06 1.943816e-02
957 2.081405e-04 5.921109e-02
958 3.299023e-04 4.573423e-02
959 3.823191e-04 4.014138e-02
960 1.610616e-09 2.435012e-03
961 1.540763e-09 9.517419e-03
962 2.389972e-08 1.077830e-02
963 2.750071e-08 3.550165e-03
964 2.320809e-07 1.991075e-03
965 1.113606e-03 1.485829e-01
966 4.562125e-05 1.941518e-02
967 7.424505e-07 8.228169e-03
968 7.691197e-04 1.206929e-01
969 1.551426e-04 1.283510e-01
970 8.620034e-06 2.399161e-02
971 3.358682e-06 8.199979e-03
972 9.591442e-05 4.925356e-02
973 3.379475e-06 9.062131e-03
974 5.528845e-06 8.147759e-03
975 3.436732e-05 9.137642e-02
976 2.114232e-04 3.231695e-01
977 2.836282e-05 1.998350e-02
978 1.033830e-06 2.458906e-02
979 2.401224e-08 2.952796e-03
980 5.663464e-06 2.179599e-02
981 1.224879e-06 2.206473e-02
982 1.684581e-08 1.417740e-03
983 2.296308e-07 3.869320e-03
984 1.130830e-05 2.110319e-02
985 2.296733e-06 6.152065e-02
986 8.726178e-04 4.029170e-01
987 9.026714e-08 6.224372e-03
988 3.882881e-09 2.068532e-03
989 1.680346e-04 1.012597e-01
990 9.502268e-09 2.265322e-03
991 2.390502e-03 9.041017e-01
992 1.733609e-06 7.036572e-03
993 5.040855e-07 9.632151e-03
994 2.579042e-13 1.343352e-03
995 2.100449e-07 1.515862e-02
996 2.275363e-03 8.197956e-01
997 1.556753e-07 8.031516e-03
998 1.034279e-06 3.943340e-03
999 1.126028e-05 2.570211e-02
1000 3.745212e-13 1.344524e-03
1001 1.146852e-05 9.621394e-03
1002 1.515978e-04 1.106762e-01
1003 1.604162e-04 4.241891e-02
1004 2.546444e-05 3.984378e-02
1005 3.337941e-07 2.298870e-03
1006 1.412851e-03 1.890853e-01
1007 8.670930e-09 3.017012e-03
1008 1.054463e-04 3.627795e-02
1009 8.625591e-08 2.046633e-03
1010 9.609423e-06 2.184983e-02
1011 1.007022e-07 1.732705e-02
1012 1.136090e-04 2.570132e-01
1013 9.717195e-08 1.235792e-02
1014 5.620400e-07 8.477663e-03
1015 2.218300e-05 3.431626e-02
1016 3.533766e-05 2.410594e-02
1017 1.134754e-03 5.687820e-01
1018 2.246227e-05 1.050777e-01
1019 1.318319e-10 1.929908e-03
1020 5.547986e-09 1.104030e-02
1021 5.136191e-07 1.424891e-02
1022 5.038039e-11 1.414994e-03
1023 5.978766e-06 1.929022e-02
1024 2.534343e-05 2.099963e-02
1025 1.319150e-10 1.527446e-03
1026 5.529880e-12 1.937813e-03
1027 1.709360e-06 1.119701e-02
1028 7.919111e-05 1.103132e-01
1029 1.619749e-07 6.113398e-03
1030 5.888514e-09 3.061330e-03
1031 1.752106e-05 1.244215e-02
1032 1.507676e-03 4.732488e-01
1033 2.146254e-09 1.554734e-03
1034 1.146259e-05 3.128647e-02
1035 1.074704e-06 1.615843e-02
1036 4.223189e-05 1.605555e-01
1037 3.401078e-10 3.022612e-03
1038 7.376888e-08 3.132107e-03
1039 2.040433e-06 9.991650e-03
1040 1.032673e-08 3.101856e-03
1041 2.608496e-03 4.795998e-01
1042 9.904948e-07 7.800005e-03
1043 2.368811e-10 1.239519e-03
1044 2.607435e-07 3.624627e-03
1045 3.214810e-09 2.386025e-03
1046 4.963558e-13 1.277349e-03
1047 4.154610e-10 1.279839e-03
1048 9.200614e-08 4.744481e-03
1049 2.239413e-09 1.166320e-03
1050 1.874910e-03 1.055601e+00
1051 4.425636e-04 1.084905e-01
1052 7.838911e-08 2.944816e-03
1053 6.252480e-07 9.337793e-03
1054 3.954827e-10 1.868690e-03
1055 5.235534e-11 1.156856e-03
1056 3.897949e-07 8.977182e-03
1057 7.750379e-07 1.328667e-02
1058 3.107865e-09 1.572182e-03
1059 2.233837e-04 9.550521e-02
1060 1.024942e-09 1.477567e-03
1061 1.325087e-06 3.359545e-03
1062 8.723423e-11 1.140557e-03
1063 3.000884e-05 2.651982e-02
1064 2.022016e-05 6.105580e-02
1065 1.834209e-10 1.808273e-03
1066 1.273560e-10 1.188389e-03
1067 1.081182e-05 1.459805e-02
1068 1.470813e-08 1.817737e-03
1069 9.689896e-08 2.973708e-03
1070 1.332968e-09 1.193378e-03
1071 8.251313e-07 2.093803e-03
1072 2.179400e-08 2.556105e-03
1073 3.771826e-09 1.345332e-03
1074 2.293038e-09 1.906948e-03
1075 2.586238e-07 3.835941e-03
1076 2.827276e-07 4.165082e-03
1077 4.362515e-07 5.511647e-03
1078 9.472272e-06 1.492881e-02
1079 4.408433e-08 4.524026e-03
1080 1.239266e-04 7.603885e-02
1081 8.792420e-06 5.154767e-02
1082 4.357023e-07 3.750685e-03
1083 4.656477e-07 5.173323e-03
1084 1.934693e-10 1.205194e-03
1085 1.768614e-08 1.822805e-03
1086 2.503282e-08 3.021682e-03
1087 2.697684e-08 1.406700e-03
1088 1.930019e-06 8.490908e-03
1089 1.401187e-08 1.365741e-03
1090 2.364791e-11 1.204078e-03
1091 5.534464e-09 1.664104e-03
1092 5.561159e-07 2.407605e-03
1093 1.250343e-06 2.395053e-02
1094 7.324538e-05 1.949831e-02
1095 4.046612e-08 2.997463e-03
1096 3.173464e-05 4.009444e-02
1097 5.092299e-06 5.284674e-02
1098 1.880622e-07 8.088812e-03
1099 2.483624e-09 3.598281e-03
1100 9.638024e-11 1.118765e-03
1101 1.197871e-05 2.483664e-02
1102 1.075477e-07 1.199017e-02
1103 1.044093e-06 4.055599e-03
1104 9.166160e-06 3.270983e-02
1105 1.186887e-08 2.111498e-03
1106 2.424860e-03 6.429367e-01
1107 1.391232e-08 2.632114e-03
1108 3.165994e-07 8.259402e-03
1109 1.321400e-11 1.817779e-03
1110 2.382834e-07 1.046399e-02
1111 4.388633e-08 2.197851e-03
1112 1.749861e-11 1.790197e-03
1113 1.813929e-06 1.484687e-02
1114 4.091687e-05 3.112987e-02
1115 1.239692e-03 3.656241e-01
1116 1.907389e-11 1.968539e-03
1117 7.766076e-04 4.053031e-01
1118 9.559482e-08 5.104092e-03
1119 2.977219e-05 3.109976e-02
1120 1.614112e-05 7.675335e-02
1121 1.123991e-05 1.151114e-02
1122 4.470311e-07 2.086542e-02
1123 6.909319e-06 4.225357e-03
1124 1.625801e-07 1.463624e-02
1125 5.605518e-06 5.138053e-03
1126 2.372762e-07 6.933910e-03
1127 7.148151e-07 4.418256e-03
1128 1.063351e-05 5.059564e-02
1129 1.244147e-06 8.605562e-03
1130 4.707158e-08 1.234043e-02
1131 1.241478e-04 9.793586e-02
1132 3.549431e-05 1.382105e-02
1133 4.263986e-08 2.203445e-03
1134 1.384880e-04 1.067344e-01
1135 7.481565e-06 1.782171e-02
1136 1.612001e-03 2.412853e-01
1137 2.043729e-06 2.254277e-02
1138 1.179441e-10 1.865756e-03
1139 3.130043e-06 7.413970e-03
1140 1.449778e-11 2.155835e-03
1141 4.248345e-06 6.560976e-03
1142 1.270569e-04 9.333640e-02
1143 3.615880e-07 7.795576e-02
1144 1.505909e-09 6.472417e-03
1145 7.243533e-06 2.488651e-02
1146 1.664943e-03 7.190636e-01
1147 5.014706e-04 8.813201e-02
1148 5.311775e-09 2.426017e-03
1149 2.351256e-03 2.294593e-01
1150 3.635633e-11 2.359940e-03
1151 4.122834e-04 2.903278e-01
1152 5.480340e-04 1.358935e-01
1153 4.990175e-07 6.609789e-03
1154 2.074721e-10 1.933829e-03
1155 1.167982e-03 4.008046e-01
1156 1.758928e-08 2.780409e-03
1157 1.684763e-04 7.045991e-02
1158 1.278698e-07 5.874601e-03
1159 5.085379e-10 1.511888e-03
1160 1.261138e-06 3.107826e-03
1161 3.580452e-06 2.061615e-02
1162 6.016383e-06 2.328781e-01
1163 1.851876e-05 2.231499e-02
1164 1.896097e-05 5.993741e-02
1165 3.289144e-03 8.334748e-01
1166 6.315272e-04 2.107359e-01
1167 6.050154e-04 1.241262e-01
1168 1.063420e-05 4.673187e-02
1169 7.348282e-08 8.020362e-03
1170 3.526624e-07 6.195733e-03
1171 3.827509e-07 1.016035e-02
1172 3.499960e-05 8.874282e-02
1173 1.035031e-10 1.101245e-03
1174 8.769214e-04 4.315379e-01
1175 1.312456e-06 2.607428e-02
1176 3.322103e-11 1.778834e-03
1177 1.601302e-04 1.320335e-01
1178 1.062699e-03 4.490921e-01
1179 4.808566e-05 5.002325e-02
1180 2.770357e-06 9.737819e-03
1181 4.709579e-08 1.991902e-03
1182 2.965360e-05 1.121607e-02
1183 6.152187e-04 1.817273e-01
1184 3.732570e-05 6.517839e-02
1185 2.514563e-08 1.085066e-02
1186 6.015572e-04 2.148059e-01
1187 2.467072e-03 2.188616e-01
1188 2.670049e-06 2.421655e-03
1189 1.536324e-08 2.578170e-03
1190 3.656947e-13 1.991191e-03
1191 1.065211e-07 2.986533e-03
1192 2.050999e-04 1.409815e-01
1193 2.242069e-10 3.228906e-03
1194 5.267322e-06 2.904407e-02
1195 6.856533e-04 2.977062e-01
1196 1.575222e-09 5.334772e-03
1197 2.042735e-07 3.540087e-03
1198 6.095717e-06 3.059052e-03
1199 1.598920e-03 3.073076e-01
1200 2.083899e-03 4.669202e-01
1201 3.203867e-10 1.124795e-03
1202 1.162988e-05 2.653796e-02
1203 1.221283e-04 4.637163e-02
1204 2.633104e-06 7.382464e-03
1205 2.510468e-10 1.941562e-03
1206 1.868041e-03 4.807981e-01
1207 3.592289e-06 5.883726e-03
1208 1.147354e-06 6.357228e-03
1209 1.162373e-04 1.387568e-01
1210 2.881612e-04 7.558082e-02
1211 5.745275e-04 1.753935e-01
1212 7.721398e-08 3.747681e-03
1213 9.823536e-09 4.993209e-03
1214 1.173825e-04 2.462043e-02
1215 1.179103e-09 2.616379e-03
1216 1.515892e-09 2.222658e-03
1217 8.300050e-06 2.904481e-02
1218 2.437866e-06 5.860225e-03
1219 2.200356e-05 1.627845e-02
1220 2.032279e-06 2.568498e-02
1221 1.912466e-05 3.803418e-02
1222 1.255258e-06 2.359758e-02
1223 4.895632e-05 4.648309e-02
1224 1.810843e-06 9.762190e-03
1225 1.734675e-08 2.937939e-03
1226 9.251143e-09 1.837265e-03
1227 2.304202e-05 9.530008e-03
1228 8.263899e-05 2.884770e-02
1229 2.274625e-05 6.058452e-02
1230 5.789650e-08 7.509832e-03
1231 5.717950e-06 4.025844e-02
1232 2.395368e-11 5.677331e-03
1233 3.104588e-06 2.452859e-02
1234 7.460201e-09 7.617570e-03
1235 5.681229e-05 5.629643e-02
1236 4.543089e-08 4.715306e-03
1237 2.987533e-04 2.467435e-01
1238 6.494456e-07 1.432799e-02
1239 5.098309e-07 7.022133e-03
1240 2.255833e-07 4.228891e-03
1241 1.347011e-05 9.320208e-03
1242 1.619786e-03 4.547737e-01
1243 1.276618e-04 1.341294e-01
1244 5.136457e-08 3.618279e-03
1245 1.904655e-07 6.910769e-03
1246 6.031560e-10 2.013978e-03
1247 7.276634e-04 9.974142e-02
1248 7.863039e-06 6.280688e-02
1249 6.913022e-08 9.785591e-03
1250 1.897694e-09 6.206545e-03
1251 6.153858e-08 1.430220e-02
1252 1.552640e-05 8.234501e-03
1253 1.239321e-03 3.816772e-01
1254 2.076834e-08 5.368233e-03
1255 3.556284e-06 2.189229e-02
1256 7.410190e-05 1.056924e-02
1257 1.681479e-03 1.447043e-01
1258 1.218762e-08 4.848086e-03
1259 6.785649e-05 8.591354e-02
1260 2.168600e-04 2.858672e-01
1261 3.026057e-08 5.602173e-03
1262 1.087239e-05 2.199726e-02
1263 3.032804e-05 5.330348e-02
1264 9.752581e-08 3.171881e-02
1265 7.937559e-07 1.099520e-02
1266 7.129614e-07 3.500350e-02
1267 6.572270e-07 1.786276e-02
1268 7.801188e-07 9.302850e-03
1269 3.388206e-05 2.753712e-02
1270 2.407318e-03 1.198267e+00
1271 1.990819e-03 4.817999e-01
1272 6.005622e-10 1.268503e-03
1273 5.678925e-04 1.219928e-01
1274 6.885840e-06 2.072749e-02
1275 5.029389e-05 6.137883e-02
1276 1.772612e-03 6.833798e-01
1277 1.799118e-04 2.505205e-01
1278 2.056786e-03 5.427384e-01
1279 1.834232e-06 2.817771e-03
1280 1.477120e-03 2.367021e-01
1281 3.194437e-06 7.488739e-03
1282 7.186799e-05 7.025949e-02
1283 7.077861e-07 2.104872e-02
1284 2.508707e-07 4.773302e-03
1285 5.170374e-04 1.699930e-01
1286 1.197847e-10 3.201493e-03
1287 4.331036e-05 4.206612e-02
1288 1.882393e-04 6.394374e-02
1289 1.169427e-04 2.352654e-02
1290 1.437379e-05 3.184303e-02
1291 1.638757e-05 2.467391e-02
1292 7.647406e-04 4.339684e-01
1293 3.154215e-08 3.344698e-03
1294 6.052294e-07 5.867207e-03
1295 3.683935e-07 3.437249e-03
1296 1.187962e-07 1.307198e-02
1297 8.942250e-06 5.959798e-02
1298 4.949142e-06 1.560222e-02
1299 1.242789e-04 2.568837e-02
1300 4.396290e-08 2.828252e-03
1301 1.791265e-07 3.152016e-03
1302 6.766136e-04 1.253801e-01
1303 3.813190e-06 9.164109e-03
1304 1.225889e-06 8.630597e-03
1305 1.941712e-04 7.075425e-02
1306 1.118187e-04 5.354109e-02
1307 8.059551e-07 7.020069e-03
1308 2.295563e-09 2.544864e-03
1309 2.127787e-04 1.017141e-01
1310 7.498036e-12 1.448175e-03
1311 1.818847e-03 6.822139e-01
1312 1.070874e-03 3.567010e-01
1313 7.837753e-10 1.734589e-03
1314 1.646354e-07 8.590533e-03
1315 2.924099e-08 3.226664e-03
1316 3.915545e-09 2.199373e-03
1317 5.374897e-12 1.374760e-03
1318 1.038119e-04 7.343884e-02
1319 6.821760e-03 8.815808e-01
1320 6.743761e-08 3.996532e-03
1321 1.281179e-05 1.512102e-02
1322 4.771734e-11 1.135350e-03
1323 1.988693e-08 2.233045e-03
1324 2.866921e-04 2.070394e-01
1325 3.069996e-08 9.790287e-03
1326 2.316643e-05 1.181595e-02
1327 1.787167e-05 2.973258e-02
1328 2.295762e-08 2.687665e-03
1329 7.949876e-06 2.471104e-02
1330 4.303917e-08 8.249481e-03
1331 2.649574e-08 2.123096e-03
1332 5.276192e-10 1.452858e-03
1333 8.098595e-06 2.321990e-02
1334 7.666216e-07 1.370222e-02
1335 6.224764e-08 1.171919e-02
1336 6.926188e-06 8.985292e-03
1337 5.119841e-04 1.421249e-01
1338 1.389222e-07 7.350538e-03
1339 3.399123e-03 3.860594e-01
1340 3.625403e-05 1.696632e-02
1341 7.219748e-04 4.339874e-01
1342 3.469870e-09 2.470341e-03
1343 3.055409e-08 2.174309e-03
1344 4.335648e-07 3.564483e-03
1345 5.004327e-07 1.523944e-02
1346 1.799385e-07 2.860717e-02
1347 3.075406e-09 1.355670e-03
1348 4.718299e-05 8.000214e-02
1349 7.532756e-04 1.755072e-01
1350 4.039727e-06 1.305637e-02
1351 6.758578e-05 3.256430e-02
1352 7.458441e-06 1.582664e-02
1353 2.733681e-06 1.153801e-02
1354 1.118878e-08 4.958003e-03
1355 1.638648e-07 9.429512e-03
1356 4.083673e-05 2.879959e-02
1357 2.201652e-09 6.053651e-03
1358 6.037038e-06 7.686595e-03
1359 3.707402e-09 2.051748e-03
1360 4.816160e-08 4.143428e-03
1361 1.564596e-05 2.000433e-02
1362 1.235260e-04 1.668108e-01
1363 1.174026e-06 6.201503e-03
1364 3.153502e-04 5.683032e-02
1365 8.041584e-09 4.522969e-03
1366 2.746552e-07 4.593278e-03
1367 4.376229e-09 1.744958e-03
1368 4.150265e-05 6.722449e-02
1369 2.452885e-11 2.457530e-03
1370 1.801764e-08 1.646449e-03
1371 8.775651e-05 7.237902e-02
1372 2.487669e-09 4.192618e-03
1373 3.256277e-07 7.739794e-03
1374 3.452642e-07 3.405727e-03
1375 2.781542e-05 1.548745e-02
1376 4.341266e-03 8.873358e-01
1377 8.130727e-07 9.793329e-03
1378 3.208755e-09 1.432162e-03
1379 2.422274e-06 5.635422e-03
1380 1.313000e-03 5.996954e-01
1381 1.330474e-06 3.453447e-03
1382 4.048680e-09 1.283661e-03
1383 1.182756e-06 2.172292e-02
1384 5.674830e-08 4.631234e-03
1385 3.805054e-08 4.489061e-03
1386 3.358505e-07 5.847714e-03
1387 1.393994e-04 4.548524e-02
1388 3.953878e-07 7.791514e-03
1389 3.469790e-08 3.263928e-03
1390 2.448417e-08 3.098642e-03
1391 4.175366e-07 9.215154e-03
1392 2.347569e-08 2.002517e-03
1393 1.707400e-08 7.649189e-03
1394 1.242458e-06 6.464778e-03
1395 3.289706e-05 4.759776e-02
1396 5.497207e-05 5.152640e-02
1397 4.622475e-08 3.230005e-03
1398 1.710972e-05 3.110731e-02
1399 2.086781e-05 4.274094e-02
1400 3.452869e-08 4.680479e-03
1401 5.347014e-05 1.129984e-01
1402 2.953468e-07 4.620369e-03
1403 3.094321e-07 5.512263e-03
1404 2.038850e-09 2.382658e-03
1405 4.007199e-08 4.175651e-03
1406 2.312574e-05 2.084927e-02
1407 4.453992e-08 2.751682e-03
1408 2.047868e-03 7.482155e-01
1409 7.454993e-06 5.127101e-02
1410 1.761768e-07 1.108285e-02
1411 1.397405e-05 1.492030e-02
1412 8.098209e-10 4.384683e-03
1413 9.819656e-14 1.143512e-03
1414 3.861782e-10 2.434490e-03
1415 6.651423e-08 5.992160e-03
1416 3.326592e-09 2.992147e-03
1417 6.224310e-07 5.133470e-03
1418 2.695848e-08 5.028807e-03
1419 5.162395e-08 4.511063e-03
1420 5.561358e-06 2.532120e-02
1421 3.305583e-06 1.350403e-02
1422 5.653721e-05 3.420454e-02
1423 9.397624e-07 3.990181e-03
1424 2.624770e-06 7.357344e-03
1425 3.806382e-06 8.206375e-03
1426 5.478089e-06 9.948947e-03
1427 2.085778e-06 6.276606e-03
1428 1.827738e-06 8.163726e-03
1429 6.787071e-05 2.282801e-02
1430 8.825608e-04 3.039556e-01
1431 8.151733e-06 3.342545e-02
1432 1.798905e-06 1.813583e-02
1433 6.272695e-08 7.837448e-03
1434 4.389200e-07 3.690847e-03
1435 3.560166e-08 3.320264e-03
1436 1.911687e-05 1.034693e-02
1437 7.429564e-07 2.862214e-03
1438 4.757596e-05 1.310421e-02
1439 1.344596e-03 4.969066e-01
1440 4.839986e-09 2.807296e-03
1441 1.558419e-10 1.740381e-03
1442 5.858052e-08 7.297778e-03
1443 5.669139e-06 6.133506e-03
1444 2.804236e-06 8.411741e-03
1445 2.720620e-06 1.061332e-02
1446 2.957145e-06 1.665559e-02
1447 1.272751e-03 1.107930e+00
1448 5.697439e-06 4.158618e-03
1449 2.057999e-08 3.107151e-03
1450 8.719991e-07 1.366633e-02
1451 7.323165e-05 6.012449e-02
1452 6.764840e-04 1.635904e-01
1453 1.852965e-09 2.968061e-03
1454 6.574785e-09 3.940088e-03
1455 2.674636e-05 1.817158e-02
1456 1.575711e-07 1.884439e-03
1457 1.040266e-06 2.585971e-03
1458 5.874182e-07 2.888655e-03
1459 9.546292e-06 1.126313e-02
1460 2.581210e-06 1.905755e-02
1461 6.873441e-07 2.568006e-03
1462 7.087780e-08 2.172424e-03
1463 4.697837e-09 1.506867e-03
1464 2.048141e-08 2.055242e-03
1465 1.266281e-08 1.409633e-03
1466 1.017709e-05 2.389261e-02
1467 4.045690e-04 1.471325e-01
1468 3.450891e-06 9.266229e-03
1469 2.321940e-06 1.768362e-02
1470 1.001316e-09 3.690356e-03
1471 6.491985e-05 1.584254e-02
1472 4.314972e-08 6.295431e-03
1473 6.226922e-08 4.042109e-03
1474 3.305385e-08 1.696361e-02
1475 8.443336e-09 1.749508e-03
1476 1.144944e-06 2.087446e-02
1477 3.181691e-11 1.745337e-03
1478 4.711629e-07 1.655918e-02
1479 1.447467e-06 1.139911e-02
1480 3.505088e-06 4.667979e-02
1481 1.074806e-05 3.658230e-02
1482 1.036598e-05 1.679676e-02
1483 5.008727e-05 2.014909e-02
1484 4.810061e-04 2.912366e-01
1485 1.096850e-04 8.227190e-02
1486 6.530178e-05 1.944660e-01
1487 3.758229e-09 2.029950e-03
1488 7.776949e-07 2.735508e-02
1489 6.499362e-07 2.110042e-03
1490 7.984047e-06 4.334268e-03
1491 6.689348e-06 5.938930e-02
1492 2.007405e-08 6.754082e-03
1493 3.890779e-07 1.172257e-02
1494 2.704808e-07 3.019641e-03
1495 1.608773e-05 2.192693e-02
1496 1.307238e-07 4.488300e-03
1497 3.500054e-04 4.282355e-01
1498 6.558904e-08 5.332078e-03
1499 2.070136e-10 2.925351e-03
1500 1.503264e-05 9.815753e-03
1501 5.642344e-07 5.460739e-03
1502 1.000828e-04 1.562494e-01
1503 3.718323e-04 2.017687e-01
1504 2.999007e-05 2.903909e-02
1505 1.429419e-07 5.705597e-03
1506 3.700652e-06 8.004248e-03
1507 2.837914e-04 7.953416e-02
1508 3.767429e-04 3.458768e-01
1509 1.073839e-07 4.596641e-03
1510 2.173369e-08 8.562505e-03
1511 1.454956e-06 1.209942e-02
1512 2.199268e-07 7.609895e-03
1513 4.981738e-06 1.120972e-02
1514 1.793473e-08 6.427566e-03
1515 9.850472e-04 5.297036e-01
1516 8.881623e-06 1.398325e-02
1517 3.001987e-03 5.484804e-01
1518 4.918836e-06 9.173262e-03
1519 1.156312e-06 1.255812e-02
1520 7.158899e-08 1.930001e-03
1521 1.384497e-08 7.190869e-03
1522 1.021237e-04 6.503336e-02
1523 3.910545e-06 1.019334e-02
1524 3.322759e-06 1.871513e-02
1525 2.327173e-05 3.821416e-02
1526 8.237937e-07 1.218856e-02
1527 4.551828e-05 3.812461e-02
1528 3.283987e-06 1.268752e-02
1529 1.229069e-05 9.176804e-03
1530 1.271933e-07 1.487772e-02
1531 2.634811e-05 2.770948e-02
1532 1.330428e-08 5.076732e-03
1533 3.161857e-08 6.695306e-03
1534 1.766936e-05 1.368005e-02
1535 5.130861e-09 1.590791e-03
1536 5.942544e-08 2.740671e-03
1537 2.568793e-07 4.080857e-03
1538 8.724198e-08 4.115179e-03
1539 9.022279e-08 2.604095e-03
1540 6.207102e-06 3.186940e-02
1541 6.535926e-04 4.133066e-01
1542 5.087800e-04 1.109857e-01
1543 3.184081e-04 3.105952e-01
1544 1.355375e-06 1.019002e-02
1545 2.318578e-06 5.433680e-02
1546 1.064364e-06 9.307433e-03
1547 1.595166e-03 3.110229e-01
1548 6.828689e-06 2.158168e-02
1549 1.777610e-06 4.814797e-03
1550 6.635296e-09 4.407589e-03
1551 1.718871e-06 6.464037e-03
1552 5.217206e-04 2.070579e-01
1553 4.716390e-04 4.222797e-01
1554 5.346718e-07 1.024537e-02
1555 2.599959e-03 4.875419e-01
1556 4.652803e-05 1.913447e-02
1557 8.977102e-05 2.159748e-01
1558 1.618362e-03 3.988988e-01
1559 6.927311e-06 1.144607e-02
1560 5.594295e-04 1.457452e-01
1561 1.348018e-04 2.165642e-01
1562 1.774767e-09 6.923788e-03
1563 2.740920e-05 2.133631e-02
1564 9.233710e-04 3.857736e-01
1565 3.986779e-05 2.072821e-02
1566 7.862753e-08 5.368340e-03
1567 2.832611e-03 2.094314e+00
1568 2.059550e-08 1.442327e-02
1569 1.095593e-04 2.194281e-02
1570 7.913972e-04 6.750008e-01
1571 2.057015e-08 2.461728e-03
1572 1.227644e-04 4.586615e-02
1573 3.267810e-04 3.876541e-01
1574 1.635818e-05 2.076144e-02
1575 1.873992e-08 1.799208e-02
1576 8.464614e-05 9.322261e-02
1577 2.507920e-04 3.033957e-01
1578 6.765264e-04 6.965305e-02
1579 2.408937e-08 5.081026e-03
1580 8.800397e-04 7.414106e-01
1581 1.186977e-05 1.829030e-02
1582 3.964162e-06 4.753495e-03
1583 4.497777e-04 1.420214e-01
1584 1.093489e-06 1.480556e-02
1585 1.787414e-04 2.674586e-01
1586 3.815400e-06 1.248161e-02
1587 4.885226e-05 1.567147e-02
1588 2.105160e-05 2.375454e-02
1589 2.723588e-09 2.918982e-03
1590 4.517516e-06 5.431727e-03
1591 4.639919e-06 4.905055e-03
1592 6.877866e-05 1.101470e-02
1593 1.054433e-06 3.710662e-03
1594 7.648163e-06 1.672802e-02
1595 3.864199e-07 4.185837e-03
1596 2.443200e-07 3.065717e-02
1597 1.041249e-06 8.530473e-03
1598 2.322768e-05 1.691607e-02
1599 2.275753e-05 1.247222e-01
1600 3.780554e-07 1.063502e-02
1601 3.418410e-08 3.287155e-03
1602 1.752838e-03 8.744033e-01
1603 7.704896e-08 8.695037e-03
1604 5.620569e-05 3.859569e-02
1605 5.834819e-05 5.132488e-02
1606 7.572396e-04 3.481348e-01
1607 1.164101e-03 3.133403e-01
1608 1.551602e-08 4.892143e-03
1609 4.155803e-04 1.963041e-01
1610 1.167643e-03 4.601787e-01
1611 8.073422e-07 1.667620e-02
1612 1.927485e-04 1.273770e-02
1613 1.415322e-10 1.208075e-03
1614 2.864334e-04 5.048828e-02
1615 5.310821e-04 2.388943e-01
1616 4.242086e-08 2.650062e-03
1617 2.072546e-09 3.410159e-03
1618 1.108118e-07 2.697207e-03
1619 4.998433e-06 8.065032e-02
1620 5.036631e-05 5.891898e-02
1621 9.905243e-07 1.001758e-01
1622 4.540786e-05 2.257112e-02
1623 1.394719e-05 5.649321e-02
1624 1.590272e-03 5.300223e-01
1625 5.009755e-08 4.476290e-03
1626 9.650566e-05 1.036953e-01
1627 4.638431e-07 1.755932e-02
1628 2.935706e-04 1.227639e-01
1629 2.761911e-04 3.375690e-01
1630 1.959588e-03 4.937971e-01
1631 3.855499e-04 1.160869e-01
1632 6.609582e-06 6.976184e-02
1633 2.054831e-10 3.099602e-03
1634 6.993413e-09 6.777779e-03
1635 1.236222e-10 1.156789e-03
1636 8.636616e-10 2.940630e-03
1637 8.984102e-10 1.705830e-03
1638 4.242760e-09 3.092874e-03
1639 1.198107e-10 1.852134e-03
1640 1.211013e-04 5.840333e-02
1641 6.272790e-04 1.563432e-01
1642 1.940238e-03 6.416363e-01
1643 2.240757e-04 3.236053e-02
1644 2.281299e-05 1.163147e-02
1645 7.531849e-05 1.649443e-02
1646 1.375416e-03 1.119180e+00
1647 5.432156e-06 1.581815e-02
1648 3.749056e-07 4.172183e-03
1649 7.249140e-04 5.874099e-01
1650 3.197529e-04 1.153121e-01
1651 3.005060e-08 4.404833e-03
1652 2.620483e-04 1.157412e-01
1653 2.222729e-03 6.623437e-01
1654 1.305599e-06 2.343974e-02
1655 1.930031e-03 3.762687e-01
1656 2.639112e-07 1.782487e-02
1657 1.300578e-05 1.231255e-02
1658 1.823767e-06 5.128382e-03
1659 4.710625e-06 2.182081e-02
1660 1.009364e-04 9.116099e-02
1661 4.405061e-04 1.258478e-01
1662 3.349959e-04 2.220701e-02
1663 1.160846e-04 2.271049e-01
1664 2.104841e-06 1.382647e-02
1665 4.506012e-06 1.208975e-02
1666 1.391288e-04 9.029162e-02
1667 7.246959e-05 5.035277e-02
1668 1.090180e-09 8.895806e-04
1669 8.036472e-06 1.257239e-02
1670 2.998885e-07 3.674223e-03
1671 9.851925e-06 2.374521e-02
1672 6.414528e-04 2.119086e-01
1673 2.195037e-05 3.775002e-02
1674 2.571498e-06 1.087393e-02
1675 4.906320e-06 1.585742e-02
1676 2.004833e-07 2.847956e-03
1677 9.589255e-10 7.112862e-03
1678 4.706788e-08 3.672603e-03
1679 1.648235e-12 1.409525e-03
1680 5.632567e-05 8.954653e-02
1681 4.646966e-05 2.923192e-02
1682 4.865308e-06 2.587508e-02
1683 5.330404e-09 1.750109e-03
1684 4.069186e-09 3.672394e-03
1685 2.722717e-04 5.309209e-02
1686 2.218753e-03 2.202055e-01
1687 2.731307e-06 3.275858e-02
1688 1.989797e-03 2.699025e-01
1689 6.701333e-06 9.867451e-02
1690 5.807680e-09 1.776119e-03
1691 4.248132e-08 1.766061e-03
1692 2.871054e-07 5.990866e-03
1693 1.684393e-03 1.539291e-01
1694 5.015694e-05 4.959932e-02
1695 4.262111e-06 4.179922e-03
1696 9.267426e-04 3.689076e-01
1697 8.975805e-08 8.751453e-03
1698 1.489397e-03 4.488285e-01
1699 1.981877e-03 6.699645e-01
1700 6.371063e-08 4.271258e-03
1701 2.236942e-05 7.754467e-02
1702 1.100586e-05 8.826906e-02
1703 1.445443e-06 5.796876e-02
1704 2.785454e-08 1.634071e-03
1705 5.176471e-09 1.979313e-03
1706 7.708714e-07 2.625801e-03
1707 8.059299e-04 1.273736e-01
1708 4.115958e-09 8.068046e-03
1709 1.394915e-06 1.649601e-02
1710 1.258367e-07 1.162511e-02
1711 1.270628e-03 2.974439e-01
1712 5.461103e-05 8.892893e-02
1713 6.898531e-07 1.141475e-02
1714 5.164381e-04 8.531009e-02
1715 4.182693e-06 8.668345e-03
1716 3.294983e-09 4.415932e-03
1717 1.204485e-06 2.679143e-02
1718 1.868768e-06 1.340666e-02
1719 5.235481e-09 7.630308e-03
1720 2.001675e-07 9.462275e-03
1721 1.560246e-07 3.151614e-02
1722 1.690648e-08 8.442329e-03
1723 9.338407e-04 5.252906e-01
1724 2.766353e-06 3.351201e-03
1725 8.296264e-06 1.806301e-02
1726 1.266012e-03 1.981967e-01
1727 1.427705e-05 3.189536e-02
1728 1.587821e-03 4.066521e-01
1729 4.174409e-07 4.626489e-03
1730 5.630091e-04 2.317006e-01
1731 3.791058e-07 7.357731e-03
1732 1.075093e-08 1.911983e-03
1733 1.987754e-14 1.011506e-03
1734 9.601959e-05 7.325185e-02
1735 8.816434e-06 3.901699e-02
1736 6.181348e-13 1.148585e-03
1737 1.979314e-05 2.009499e-02
1738 6.412254e-07 3.619254e-03
1739 1.771409e-05 2.530310e-02
1740 2.605320e-04 1.001190e-01
1741 3.150830e-10 4.427038e-03
1742 2.979735e-05 1.163085e-01
1743 4.456286e-04 1.620697e-01
1744 8.539972e-05 4.341977e-02
1745 1.540957e-04 3.416135e-02
1746 9.459302e-08 2.723898e-03
1747 1.144732e-07 6.701084e-03
1748 6.471507e-04 6.282872e-01
1749 1.614069e-05 1.146479e-02
1750 1.238414e-06 9.514071e-03
1751 3.132038e-07 6.511947e-03
1752 2.106627e-08 2.142908e-03
1753 6.342907e-05 5.425013e-02
1754 7.230242e-07 5.554640e-03
1755 1.129609e-06 6.576233e-03
1756 2.234059e-07 1.982350e-02
1757 9.460862e-07 1.513404e-02
1758 1.388960e-04 2.341739e-01
1759 3.724624e-07 5.133455e-03
1760 2.943155e-03 5.549533e-01
1761 1.274923e-08 7.060015e-03
1762 4.904643e-07 4.267146e-03
1763 9.271774e-07 1.167576e-02
1764 5.223254e-08 6.936703e-03
1765 7.588337e-05 2.782697e-02
1766 2.496709e-07 4.489246e-03
1767 3.367593e-06 7.923423e-03
1768 4.129165e-05 5.533779e-02
1769 2.145695e-04 1.036342e-01
1770 7.240499e-08 8.546667e-03
1771 8.226956e-06 1.126971e-02
1772 7.270173e-04 4.620227e-01
1773 1.241891e-03 3.462799e-01
1774 5.238257e-09 2.935059e-03
1775 3.481660e-10 2.829925e-03
1776 3.098984e-08 1.939291e-02
1777 2.786147e-06 1.259029e-02
1778 3.393406e-07 7.256921e-03
1779 1.667352e-06 1.732512e-02
1780 1.796307e-09 2.811862e-03
1781 1.196867e-10 1.305319e-03
1782 1.648046e-09 3.173177e-03
1783 2.248316e-07 7.415788e-03
1784 1.500631e-05 3.371355e-02
1785 2.024994e-07 4.439820e-03
1786 2.167927e-06 3.370981e-02
1787 1.334776e-03 5.175526e-01
1788 4.354223e-09 4.441479e-03
1789 3.504071e-05 3.991166e-02
1790 2.563234e-08 2.234224e-03
1791 4.829618e-07 5.824221e-03
1792 6.603940e-07 7.113068e-03
1793 3.078335e-08 9.519903e-03
1794 1.253128e-04 9.102734e-02
1795 3.796178e-05 6.283146e-03
1796 2.707611e-03 6.104678e-01
1797 5.817952e-08 1.740090e-02
1798 1.613912e-06 6.586223e-03
1799 6.106171e-09 2.885345e-03
1800 2.917965e-06 5.587073e-02
1801 5.928784e-06 5.249024e-03
1802 4.288992e-06 3.987855e-02
1803 1.837568e-08 2.048421e-03
1804 1.275660e-06 2.966045e-03
1805 4.214125e-08 1.103702e-02
1806 9.668419e-07 5.980699e-03
1807 1.183938e-08 1.571121e-03
1808 9.584096e-04 7.696924e-01
1809 1.248929e-05 1.156593e-02
1810 5.094038e-04 2.446448e-01
1811 2.362520e-08 7.841671e-03
1812 7.371633e-09 5.932763e-03
1813 1.069503e-06 1.446835e-02
1814 3.624978e-09 2.832682e-03
1815 6.433299e-07 2.572867e-02
1816 5.372432e-05 2.550986e-02
1817 3.765020e-07 4.819430e-03
1818 1.255353e-07 4.828241e-03
1819 1.015822e-12 2.082381e-03
1820 1.035017e-08 1.597410e-03
1821 2.591567e-09 3.412759e-03
1822 1.015868e-03 1.765563e-01
1823 1.167996e-05 4.087881e-02
1824 7.605858e-06 4.672678e-02
1825 1.722853e-03 6.655888e-01
1826 4.250862e-04 1.735496e-01
1827 3.136136e-04 5.177451e-02
1828 1.703374e-04 3.684204e-02
1829 5.215861e-06 1.189962e-02
1830 3.127433e-07 3.095401e-03
1831 3.025644e-10 1.703485e-03
1832 1.868015e-06 1.490632e-02
1833 3.745848e-05 1.836467e-02
1834 6.975572e-07 3.628735e-03
1835 1.020356e-08 3.576633e-03
1836 3.110809e-03 4.656874e-01
1837 6.451429e-04 2.897049e-01
1838 1.134478e-04 1.586058e-02
1839 3.134960e-06 3.737555e-02
1840 1.450991e-06 3.902325e-02
1841 1.324140e-04 9.574257e-02
1842 1.516626e-07 6.886274e-03
1843 5.237813e-07 8.675783e-03
1844 7.290850e-08 2.762998e-03
1845 1.125042e-04 3.949092e-02
1846 1.899138e-10 3.506971e-03
1847 1.132762e-06 6.005718e-02
1848 1.163364e-09 2.206575e-03
1849 2.586760e-08 1.367549e-02
1850 3.054494e-08 1.479074e-02
1851 4.128156e-06 3.647951e-02
1852 5.861636e-05 2.063956e-02
1853 1.086675e-05 5.405278e-02
1854 2.629480e-05 1.185916e-01
1855 3.267090e-05 4.596051e-02
1856 4.153156e-10 2.267649e-03
1857 3.737270e-09 4.627848e-03
1858 1.084665e-06 3.921076e-03
1859 8.701251e-09 3.268806e-03
1860 1.139668e-05 2.299784e-02
1861 2.549181e-07 7.726437e-03
1862 2.604966e-04 3.726063e-01
1863 5.482095e-10 3.006950e-03
1864 1.889944e-08 2.667931e-03
1865 7.635784e-08 1.142094e-02
1866 2.544783e-04 8.883504e-02
1867 3.220002e-10 2.611318e-03
1868 9.806452e-06 1.045839e-02
1869 2.935699e-04 4.816427e-01
1870 3.292703e-07 6.025182e-03
1871 7.789774e-08 1.130188e-02
1872 5.698030e-09 7.174653e-03
1873 1.102614e-08 1.842465e-03
1874 1.084394e-07 2.182889e-03
1875 3.933521e-03 9.123610e-01
1876 6.869805e-09 2.422544e-03
1877 4.924561e-07 3.175963e-03
1878 7.061330e-08 6.551076e-03
1879 4.247739e-07 1.163130e-02
1880 1.946626e-04 3.975982e-02
1881 4.916707e-07 4.507745e-02
1882 1.715283e-09 3.948222e-03
1883 3.841030e-07 1.341091e-02
1884 1.018431e-03 2.281181e-01
1885 2.386883e-06 6.909552e-03
1886 4.146193e-04 7.067146e-02
1887 1.506566e-04 3.979964e-02
1888 1.897507e-07 3.265754e-03
1889 1.097479e-08 1.316706e-03
1890 2.486928e-06 1.201082e-02
1891 4.928250e-04 1.691710e-01
1892 4.656105e-07 1.485241e-02
1893 4.605119e-05 6.483365e-02
1894 2.778459e-03 1.229119e+00
1895 8.078009e-05 6.798377e-02
1896 9.586471e-05 1.209463e-01
1897 5.006370e-08 4.000465e-03
1898 2.985034e-05 5.143596e-02
1899 9.800839e-06 1.073313e-02
1900 3.497910e-04 1.551291e-01
1901 9.105614e-08 4.901528e-03
1902 4.981739e-09 1.854103e-03
1903 2.625348e-07 1.102278e-02
1904 2.400923e-06 8.137808e-03
1905 2.564571e-07 5.205060e-03
1906 1.211965e-05 5.973065e-03
1907 5.563104e-10 3.760323e-03
1908 2.728341e-08 1.713037e-03
1909 1.193141e-05 1.576815e-02
1910 2.045976e-04 9.406576e-02
1911 9.304940e-04 1.244083e-01
1912 4.687864e-05 7.535035e-02
1913 6.475097e-06 6.275393e-02
1914 8.401697e-08 4.773142e-03
1915 1.491165e-09 7.895597e-03
1916 4.730441e-04 8.951121e-01
1917 1.848602e-03 4.625185e-01
1918 1.541253e-05 3.327639e-02
1919 1.036593e-04 2.855446e-02
1920 2.944467e-05 3.078891e-02
1921 6.447043e-10 1.367021e-03
1922 3.358499e-06 4.579412e-03
1923 4.228129e-07 3.130945e-03
1924 1.893312e-07 2.420154e-03
1925 1.867359e-08 2.131754e-03
1926 1.198893e-04 1.585622e-01
1927 6.547597e-07 1.153178e-02
1928 8.447181e-10 1.791297e-03
1929 3.126052e-05 1.477705e-02
1930 2.259779e-06 1.763906e-02
1931 7.630943e-05 2.509576e-02
1932 9.406953e-08 3.378968e-02
1933 5.024186e-07 1.608874e-02
1934 2.637958e-05 6.910565e-02
1935 2.802205e-05 1.668008e-02
1936 2.821115e-07 1.253571e-02
1937 1.539465e-06 5.401708e-03
1938 8.698930e-11 2.010174e-03
1939 7.297918e-04 2.726180e-01
1940 1.687917e-07 2.260807e-02
1941 8.129306e-06 1.636364e-02
1942 1.068571e-04 8.165135e-02
1943 9.765837e-07 3.234832e-02
1944 3.615138e-04 2.656127e-01
1945 6.446884e-06 4.087196e-02
1946 4.705006e-06 6.958783e-03
1947 8.025059e-06 5.666881e-03
1948 3.796780e-09 1.708019e-03
1949 1.920759e-03 1.589911e-01
1950 5.369968e-05 3.211603e-02
1951 3.314543e-05 4.125470e-02
1952 2.958915e-07 7.175628e-03
1953 2.269683e-04 6.297164e-02
1954 2.811079e-06 7.598466e-02
1955 3.896188e-06 9.936213e-03
1956 2.107274e-05 5.744483e-02
1957 9.928368e-06 8.130300e-03
1958 1.626629e-05 2.098811e-02
1959 1.021115e-05 2.715295e-02
1960 1.045340e-05 3.054294e-02
1961 6.025148e-05 1.050835e-01
1962 5.407400e-04 1.123998e-01
1963 1.274628e-04 8.891991e-02
1964 3.559586e-07 4.019986e-03
1965 8.780207e-07 1.513907e-02
1966 2.021660e-07 6.695146e-03
1967 6.779487e-06 5.654374e-02
1968 1.154103e-09 2.103063e-03
1969 2.087340e-03 3.227712e-01
1970 1.667478e-04 9.033869e-02
1971 5.559390e-04 3.559983e-01
1972 4.397706e-05 1.846282e-02
1973 1.167801e-04 2.046287e-01
1974 2.516044e-08 4.242278e-03
1975 1.248887e-03 2.641409e-01
1976 4.816464e-04 1.116897e-01
1977 1.441903e-06 7.665842e-03
1978 1.547275e-08 4.047580e-03
1979 2.328197e-04 8.573278e-02
1980 5.147217e-05 1.420459e-02
1981 8.372151e-06 5.493207e-02
1982 4.499531e-08 2.800372e-03
1983 4.711351e-07 2.369497e-03
1984 5.652306e-07 2.760400e-02
1985 1.914360e-05 1.698983e-02
1986 4.514482e-05 1.171063e-02
1987 7.166037e-07 3.495093e-02
1988 4.500819e-04 2.184942e-01
1989 7.356142e-08 1.447434e-03
1990 5.669633e-06 5.209421e-03
1991 4.049551e-06 9.211875e-03
1992 4.703207e-03 5.312210e-01
1993 3.335018e-09 1.188230e-03
1994 6.327637e-09 1.258477e-03
1995 6.234783e-04 1.184184e-01
1996 6.872644e-08 5.550510e-03
1997 3.811930e-08 2.104617e-03
1998 8.149476e-06 1.804133e-02
1999 1.029289e-04 1.278764e-01
2000 3.803889e-07 2.637347e-03
2001 3.941486e-08 3.120516e-03
