2 2.768670e-04 1.418177e-01
3 1.755767e-03 7.056436e-01
4 1.183670e-03 3.172320e-01
5 5.331089e-04 1.094475e-01
6 2.122650e-03 8.401107e-01
7 1.125619e-03 2.277840e-01
8 5.954461e-06 5.356382e-02
9 2.150188e-05 1.005155e-02
10 5.883200e-04 7.277666e-02
11 8.800578e-04 4.210858e-01
12 7.922456e-05 3.584378e-02
13 1.842379e-03 4.969660e-01
14 3.743573e-04 1.189874e-01
15 8.034132e-05 5.693221e-02
16 4.549474e-05 5.679243e-02
17 1.035907e-04 1.557805e-02
18 6.647119e-04 1.201690e-01
19 2.228093e-04 3.232601e-01
20 6.499080e-04 4.214524e-01
21 7.441168e-04 1.999541e-01
22 3.723059e-05 3.049532e-02
23 2.379101e-03 6.667027e-01
24 1.665798e-03 3.137501e-01
25 3.250150e-04 4.748898e-02
26 2.806621e-03 6.376626e-01
27 2.889864e-04 6.992568e-02
28 1.995838e-04 4.242430e-02
29 3.178950e-03 5.909796e-01
30 1.208783e-06 7.707868e-03
31 9.493767e-04 1.158833e-01
32 1.072904e-03 2.294610e-01
33 2.071774e-04 2.537998e-02
34 3.707230e-05 8.857687e-03
35 1.735392e-04 2.117233e-01
36 4.728954e-04 7.118770e-02
37 1.978924e-03 7.766487e-01
38 6.079135e-03 1.010482e+00
39 3.965168e-03 5.456104e-01
40 5.532271e-04 2.154875e-01
41 2.568944e-06 7.123330e-03
42 5.279518e-03 7.380814e-01
43 9.949112e-05 1.663622e-02
44 6.743786e-07 2.991430e-03
45 4.065627e-07 2.705505e-03
46 1.615842e-07 1.433419e-03
47 1.028948e-06 6.309201e-03
48 2.856503e-06 7.191686e-03
49 5.932583e-07 9.083357e-03
50 1.240335e-05 3.209535e-02
51 3.421125e-07 3.146694e-03
52 8.791077e-07 5.654043e-03
53 2.904474e-07 5.675479e-03
54 1.831113e-07 4.295693e-03
55 9.656033e-08 3.395112e-03
56 2.035140e-05 2.134097e-02
57 6.157025e-05 4.076624e-02
58 4.591378e-08 1.714649e-03
59 2.923116e-05 1.145817e-02
60 1.115981e-06 2.371027e-03
61 8.201790e-07 4.217289e-03
62 1.220158e-06 1.304275e-03
63 2.797091e-06 5.574019e-03
64 5.190068e-07 1.183573e-02
65 2.611943e-06 2.767331e-03
66 1.254265e-06 4.851062e-03
67 2.771771e-07 4.801374e-03
68 8.320725e-06 1.108242e-02
69 2.758259e-05 9.931782e-03
70 2.307782e-03 4.286774e-01
71 2.974240e-09 4.412534e-03
72 5.620121e-04 5.530524e-02
73 3.619445e-06 4.440726e-03
74 7.137099e-07 5.762784e-03
75 2.561813e-06 5.708029e-03
76 4.664268e-06 6.552200e-03
77 4.067512e-06 4.545618e-03
78 4.860444e-05 4.713132e-02
79 7.731820e-07 1.137024e-02
80 1.483511e-04 9.071758e-02
81 9.635697e-07 3.161978e-03
82 2.024201e-05 4.072748e-02
83 9.441715e-08 2.527053e-03
84 2.474661e-05 1.480525e-02
85 1.427930e-06 7.767021e-03
86 1.244453e-04 2.243748e-02
87 1.196048e-03 2.051378e-01
88 2.010319e-08 2.774542e-03
89 2.326756e-04 3.814681e-02
90 1.292983e-04 1.217284e-01
91 3.251514e-05 1.729802e-02
92 4.630192e-05 8.224805e-02
93 9.083888e-05 4.585301e-02
94 6.272964e-07 8.992655e-03
95 2.761230e-07 5.388508e-03
96 3.564304e-05 1.209611e-02
97 1.199531e-04 1.960168e-02
98 2.356467e-04 2.397694e-02
99 5.772367e-04 3.136733e-01
100 9.681349e-03 6.444355e-01
101 7.047478e-04 1.255145e-01
102 3.763750e-06 6.536443e-03
103 2.141883e-04 2.185048e-01
104 7.792233e-07 2.471092e-02
105 1.782056e-04 9.326463e-02
106 1.042907e-04 6.203265e-02
107 1.519278e-06 1.212586e-02
108 5.725995e-05 1.120192e-01
109 6.969837e-07 1.214044e-02
110 1.506741e-06 4.328260e-03
111 6.770427e-07 1.083281e-02
112 2.774510e-07 1.959065e-02
113 2.343494e-04 8.965650e-02
114 1.443544e-05 1.012106e-02
115 8.652998e-05 2.118712e-02
116 3.919513e-04 7.632529e-02
117 2.429908e-06 7.257306e-03
118 5.722051e-07 3.707573e-03
119 2.388260e-03 4.946548e-01
120 1.695701e-04 2.252272e-02
121 7.020822e-07 9.024337e-03
122 7.340903e-07 5.169312e-03
123 7.646355e-04 7.440422e-02
124 2.331305e-05 1.397512e-02
125 1.601766e-04 1.506301e-01
126 2.232576e-05 1.419645e-02
127 1.364591e-06 1.162347e-02
128 6.034799e-04 3.940251e-01
129 3.627441e-03 4.485008e-01
130 8.451865e-05 7.644067e-02
131 3.278953e-04 1.556115e-01
132 5.644997e-06 2.831348e-02
133 1.861356e-03 8.040653e-01
134 2.374353e-04 4.049854e-02
135 2.228818e-03 2.265033e-01
136 4.380995e-09 2.287179e-03
137 8.590958e-07 1.298888e-02
138 2.888937e-06 4.032538e-03
139 8.822144e-06 9.618874e-03
140 1.739534e-04 4.577043e-02
141 4.799023e-06 7.724155e-03
142 6.664177e-04 1.502903e-01
143 1.072261e-04 8.687403e-02
144 4.222907e-04 2.329077e-01
145 7.831128e-05 5.011583e-02
146 1.263639e-05 1.405955e-02
147 1.863876e-04 6.898972e-02
148 7.647245e-06 6.262051e-03
149 6.118167e-05 7.089145e-02
150 1.562763e-04 8.126674e-02
151 2.417380e-04 4.056317e-02
152 8.414400e-05 3.699508e-02
153 5.411915e-06 1.033132e-02
154 2.223858e-05 1.482740e-02
155 2.326842e-06 3.074055e-03
156 1.057771e-04 1.588464e-02
157 2.367107e-06 1.314052e-02
158 2.702557e-09 3.780265e-03
159 1.184973e-06 1.783523e-02
160 7.671233e-06 9.955555e-03
161 4.215706e-06 5.033921e-03
162 1.167878e-05 1.697615e-02
163 8.326887e-06 1.693020e-02
164 6.452249e-05 1.000687e-02
165 1.473015e-06 1.755347e-03
166 4.005732e-06 2.298608e-03
167 1.719323e-05 8.255574e-03
168 8.862947e-06 5.025875e-03
169 1.085140e-04 2.568698e-02
170 1.193905e-05 6.867003e-03
171 6.576680e-05 4.308975e-02
172 1.750162e-03 3.217879e-01
173 1.531426e-04 7.643732e-02
174 7.608878e-04 1.615445e-01
175 1.181266e-08 1.263475e-03
176 2.485588e-05 1.348459e-02
177 4.522063e-08 3.188690e-03
178 1.105480e-06 7.816630e-03
179 7.438595e-06 1.228183e-02
180 1.094298e-08 1.276907e-03
181 4.356132e-05 1.110834e-01
182 1.824720e-04 4.121545e-02
183 2.414857e-04 3.335922e-02
184 5.543809e-06 8.724355e-03
185 8.459014e-09 1.523034e-03
186 1.981336e-05 4.883305e-02
187 7.580762e-04 6.055684e-01
188 2.831370e-04 4.454525e-02
189 2.716359e-05 1.487162e-02
190 2.412157e-06 5.533920e-03
191 1.578737e-06 6.935111e-03
192 3.759964e-07 5.834187e-03
193 1.581872e-07 6.280306e-03
194 4.051003e-07 6.096894e-03
195 9.272676e-05 2.423992e-02
196 3.424805e-06 8.001478e-03
197 1.620050e-06 2.121137e-02
198 1.430221e-05 1.406542e-02
199 2.196402e-05 1.898315e-02
200 2.516974e-04 1.035159e-01
201 8.370111e-05 9.027722e-02
202 6.160720e-06 1.373324e-02
203 2.905965e-04 1.859443e-01
204 1.986156e-06 4.064038e-03
205 4.546390e-05 3.976154e-02
206 2.279507e-04 2.674084e-02
207 6.839638e-06 3.235372e-02
208 5.924198e-05 9.126058e-02
209 7.509197e-04 1.127040e-01
210 1.696426e-05 5.701413e-02
211 8.528790e-04 1.739102e-01
212 7.014990e-07 4.989921e-03
213 1.012188e-05 1.578074e-02
214 9.260238e-06 1.364520e-02
215 7.515295e-07 1.236674e-02
216 1.941382e-05 3.839932e-02
217 1.655106e-06 2.762972e-03
218 5.775164e-07 4.693640e-03
219 9.619268e-07 2.524491e-03
220 8.069974e-04 2.343429e-01
221 3.049964e-07 5.660873e-03
222 1.573021e-04 4.184810e-02
223 5.711062e-04 9.739702e-02
224 4.916581e-08 2.298246e-03
225 1.510291e-07 3.228719e-03
226 2.410229e-06 1.186099e-02
227 7.233792e-07 4.243899e-03
228 5.587665e-06 6.068361e-03
229 1.785208e-06 1.805685e-02
230 3.536197e-04 3.101557e-01
231 2.574962e-08 2.042832e-03
232 1.347848e-03 6.349583e-01
233 7.819050e-07 9.418436e-03
234 4.781080e-06 5.093029e-03
235 3.035279e-08 7.404771e-03
236 9.061749e-04 5.505801e-02
237 8.931060e-04 2.348353e-01
238 2.980331e-07 5.071641e-03
239 8.879883e-05 1.120412e-02
240 9.320736e-06 6.811759e-02
241 2.982237e-04 4.543756e-01
242 1.129112e-04 3.401660e-02
243 8.743836e-07 4.494689e-03
244 9.550620e-08 1.876411e-03
245 5.843851e-08 1.281129e-03
246 1.465464e-03 1.368617e-01
247 3.242837e-04 8.454078e-02
248 1.239948e-03 2.479672e-01
249 1.332590e-03 3.078329e-01
250 1.836619e-03 1.971587e-01
251 1.899958e-08 1.293352e-03
252 4.935522e-07 8.752189e-03
253 5.939776e-07 4.226796e-03
254 4.806911e-05 2.134594e-02
255 3.589464e-06 8.814287e-03
256 1.546457e-08 2.437356e-03
257 1.324772e-06 5.208892e-03
258 8.908864e-04 7.416315e-02
259 6.923618e-08 1.448519e-03
260 5.087437e-06 9.891553e-03
261 2.468498e-05 8.860315e-03
262 1.398325e-06 1.714005e-03
263 1.348554e-05 5.668556e-03
264 5.823439e-06 2.944245e-02
265 5.826346e-05 7.698193e-02
266 8.827586e-06 1.202211e-02
267 3.455000e-06 1.973734e-02
268 3.811378e-05 8.401491e-03
269 3.330051e-04 1.513696e-01
270 2.830067e-08 3.604700e-03
271 2.312042e-05 1.804539e-02
272 4.795353e-05 1.125439e-02
273 2.209890e-04 1.087358e-01
274 8.721625e-09 1.879073e-03
275 1.885247e-03 7.455600e-02
276 4.428608e-06 1.833872e-02
277 3.207262e-08 4.009978e-03
278 3.614089e-04 1.023803e-01
279 5.747483e-07 5.073441e-03
280 3.481433e-04 6.429118e-02
281 7.675702e-04 1.103151e-01
282 1.781386e-07 2.079025e-03
283 4.604717e-06 6.803765e-03
284 1.432070e-07 4.743664e-03
285 2.539362e-06 9.186786e-03
286 1.749884e-06 6.094003e-03
287 1.317089e-07 5.073800e-03
288 4.515364e-07 2.209185e-03
289 5.088027e-04 2.755354e-01
290 8.374170e-09 1.421430e-03
291 2.189768e-05 1.792832e-02
292 1.804455e-03 3.704688e-01
293 3.481522e-06 5.641642e-03
294 7.621464e-08 4.360317e-03
295 3.521514e-08 1.780383e-02
296 3.162620e-05 1.218387e-01
297 1.715480e-05 1.757233e-02
298 1.353761e-06 5.559489e-03
299 3.235305e-07 4.252729e-03
300 4.090971e-06 1.537002e-02
301 7.362598e-04 3.313830e-01
302 1.754043e-07 3.564344e-03
303 5.191592e-06 2.040657e-02
304 2.349942e-03 1.071101e-01
305 1.750214e-04 1.871724e-02
306 6.906821e-05 1.881350e-02
307 8.470798e-04 2.431202e-01
308 6.800663e-07 1.085125e-02
309 1.527168e-03 2.434033e-01
310 5.128712e-05 2.049888e-02
311 1.964849e-05 1.306280e-02
312 8.283013e-06 5.236853e-03
313 3.509952e-03 7.140590e-01
314 5.469486e-06 3.452500e-03
315 1.040554e-07 4.745063e-03
316 1.427393e-03 4.921230e-01
317 1.170437e-03 2.727798e-01
318 6.804025e-04 1.976439e-01
319 1.760382e-04 8.373819e-02
320 5.461750e-05 3.893855e-02
321 5.586571e-04 3.563706e-01
322 3.244664e-09 6.874353e-03
323 1.364385e-05 2.679819e-02
324 1.188649e-06 5.388533e-03
325 2.716225e-07 5.305083e-03
326 3.277352e-05 4.555546e-02
327 1.334542e-03 6.435087e-01
328 4.863913e-04 1.584830e-01
329 2.195457e-03 3.305339e-01
330 1.545216e-05 1.023958e-02
331 2.395671e-05 2.790015e-02
332 3.118618e-03 2.784737e-01
333 3.467901e-07 1.668512e-02
334 3.379179e-05 4.875292e-02
335 8.265299e-08 2.169291e-03
336 4.678776e-06 1.060844e-02
337 2.171357e-06 1.341819e-02
338 2.634990e-04 7.407828e-02
339 9.225991e-04 2.241119e-01
340 1.065400e-05 1.413903e-02
341 2.749600e-06 1.033715e-02
342 2.265231e-05 7.102342e-03
343 4.256869e-06 3.910232e-02
344 6.235322e-05 1.398771e-02
345 6.306305e-03 6.590252e-01
346 2.085547e-03 3.229565e-01
347 9.442815e-07 4.216122e-03
348 1.618665e-04 4.547481e-02
349 9.068137e-06 7.485262e-03
350 2.307788e-06 3.116672e-03
351 1.486731e-03 7.185482e-01
352 4.914963e-05 2.142531e-01
353 9.764565e-08 1.285011e-03
354 2.068308e-04 1.330806e-01
355 5.020293e-05 2.395376e-02
356 1.880502e-03 3.485880e-01
357 7.860427e-04 1.319078e-01
358 1.219006e-05 4.982651e-03
359 2.988292e-06 1.195899e-02
360 1.043873e-03 1.241330e-01
361 5.780902e-04 1.724237e-01
362 4.220574e-04 5.713204e-02
363 4.772386e-05 3.609151e-02
364 1.637238e-05 5.145485e-02
365 2.841535e-05 4.026284e-02
366 9.306852e-06 2.062156e-02
367 1.733535e-06 1.700043e-02
368 3.088832e-06 1.193628e-02
369 2.776396e-06 1.170249e-02
370 3.124399e-05 1.805371e-02
371 1.084951e-05 8.648277e-02
372 7.729401e-07 3.667615e-02
373 2.709233e-04 6.356491e-02
374 8.941322e-08 6.330792e-03
375 4.251303e-07 1.447790e-03
376 7.408478e-07 3.636669e-03
377 4.042456e-03 4.280775e-01
378 5.441812e-05 2.147944e-02
379 1.582406e-05 5.660112e-03
380 1.586745e-05 1.970997e-02
381 2.013269e-03 5.356440e-01
382 1.383708e-04 1.450418e-02
383 1.022320e-03 1.453421e-01
384 2.237787e-05 1.885370e-02
385 2.002905e-03 4.991450e-01
386 8.059357e-05 1.400998e-02
387 3.651685e-06 2.004118e-02
388 2.434275e-07 4.034712e-03
389 6.659504e-07 1.063860e-02
390 1.006594e-08 4.437334e-03
391 1.042216e-04 2.873167e-02
392 2.384596e-05 2.787533e-02
393 6.369801e-09 2.653095e-03
394 2.107767e-03 6.551065e-01
395 4.154752e-07 1.776202e-03
396 4.659302e-05 3.781893e-02
397 1.179970e-05 2.192183e-02
398 2.409029e-08 2.558968e-03
399 3.281213e-06 9.007177e-03
400 4.950743e-03 1.344730e+00
401 3.017224e-05 2.685260e-02
402 1.014179e-03 5.399127e-01
403 1.858806e-05 3.031827e-02
404 1.743095e-05 2.587309e-02
405 1.614772e-06 5.058517e-03
406 3.199007e-05 2.575245e-01
407 2.792527e-04 1.046042e-01
408 1.919892e-03 5.984622e-01
409 9.080343e-05 8.199892e-02
410 7.649626e-06 1.482515e-02
411 3.245625e-04 2.946702e-02
412 1.591461e-05 1.183097e-02
413 1.167482e-03 4.429641e-01
414 2.678418e-04 1.587054e-02
415 4.065751e-07 1.957135e-03
416 4.403528e-05 1.197977e-01
417 3.920256e-06 2.605354e-03
418 4.290800e-03 3.495539e-01
419 2.134618e-03 6.034451e-01
420 3.666505e-06 9.331541e-03
421 8.815749e-05 1.742566e-02
422 1.789005e-05 2.794385e-02
423 1.640307e-05 1.168095e-02
424 1.111112e-04 5.764990e-02
425 8.380298e-05 1.164640e-02
426 1.120196e-07 3.755443e-03
427 5.998619e-05 1.484755e-01
428 2.155102e-04 2.962917e-02
429 1.226237e-03 2.668766e-01
430 7.300628e-07 1.678028e-03
431 1.039659e-07 4.155359e-03
432 2.761390e-04 1.295110e-01
433 5.831202e-08 1.255832e-03
434 1.423113e-06 5.171025e-03
435 4.374725e-06 5.443739e-03
436 6.884176e-08 2.354976e-03
437 6.088440e-04 1.225613e-01
438 1.437095e-07 5.831012e-03
439 7.046372e-07 4.571799e-03
440 2.786606e-07 4.301762e-03
441 1.201056e-05 3.960219e-02
442 5.500969e-07 6.761968e-03
443 2.920044e-06 5.188225e-03
444 6.079385e-05 4.497442e-02
445 1.462501e-04 8.683148e-02
446 7.592951e-06 1.689410e-02
447 2.512913e-07 2.483566e-03
448 1.933043e-06 2.581967e-03
449 5.127759e-07 2.378923e-03
450 1.418815e-06 3.625008e-03
451 4.781957e-07 1.318846e-03
452 3.124263e-05 1.158380e-02
453 1.439637e-05 4.905406e-03
454 8.529608e-05 3.316282e-02
455 8.969302e-04 9.918182e-02
456 2.288054e-07 5.600245e-03
457 1.728542e-04 3.635121e-02
458 1.658030e-04 6.127982e-02
459 4.404261e-04 5.889214e-02
460 2.622525e-06 3.792294e-03
461 1.375880e-05 3.620064e-02
462 8.261775e-04 2.576888e-01
463 1.553716e-04 6.674366e-02
464 3.485104e-05 7.790273e-03
465 1.395043e-07 1.832719e-03
466 9.630382e-08 2.726154e-03
467 2.037782e-03 3.330462e-01
468 1.538591e-08 5.933867e-03
469 4.730800e-04 9.308284e-02
470 1.599876e-05 1.732173e-02
471 1.180078e-04 3.362017e-02
472 2.192188e-05 5.923372e-03
473 2.152045e-05 1.414799e-02
474 3.290084e-06 4.481829e-03
475 1.522615e-04 3.411690e-02
476 2.842738e-08 2.275196e-03
477 3.816784e-04 6.497893e-02
478 1.219223e-08 3.581302e-03
479 1.938134e-08 1.839665e-03
480 1.066827e-05 1.320680e-02
481 1.334074e-06 8.154222e-03
482 1.564868e-03 2.296176e-01
483 2.337661e-08 1.191260e-03
484 1.724753e-07 1.944370e-03
485 2.277632e-04 9.186937e-02
486 1.353158e-06 5.238930e-03
487 4.983418e-05 8.634173e-02
488 5.060183e-06 6.463137e-03
489 2.187359e-05 1.170829e-02
490 1.981128e-05 4.699250e-02
491 2.481139e-06 1.075648e-02
492 6.718461e-05 6.019496e-03
493 3.994891e-07 2.357009e-03
494 6.592327e-04 7.493572e-02
495 3.427178e-04 1.436582e-01
496 1.167996e-04 1.895053e-01
497 4.702834e-04 1.325979e-01
498 1.868799e-05 4.112139e-02
499 4.862800e-05 9.162287e-03
500 1.028573e-07 9.719981e-03
501 2.538677e-03 5.428417e-01
502 1.652816e-05 1.927322e-02
503 3.000236e-04 6.155263e-02
504 8.825179e-03 7.701583e-01
505 4.900903e-06 6.286300e-03
506 1.899583e-06 1.303236e-02
507 9.173424e-07 9.596746e-03
508 8.686098e-06 1.383404e-02
509 2.601703e-04 3.306063e-01
510 1.013661e-06 9.875011e-03
511 1.862145e-06 4.886237e-03
512 1.776509e-07 2.033890e-03
513 2.630844e-05 3.320992e-02
514 2.506229e-07 1.968125e-02
515 1.018041e-05 5.752583e-02
516 1.722164e-04 6.293100e-02
517 9.896542e-06 7.384982e-03
518 8.086458e-08 4.534567e-03
519 1.504865e-06 1.074680e-02
520 5.390892e-08 1.502967e-03
521 2.983294e-05 2.865922e-02
522 1.537095e-06 3.295937e-03
523 3.792199e-06 7.947991e-03
524 1.667170e-04 6.928023e-02
525 2.012628e-04 8.451147e-02
526 1.532574e-05 1.682172e-02
527 1.939009e-04 1.569532e-01
528 9.759621e-04 9.088530e-02
529 4.304265e-04 1.506679e-01
530 1.348683e-04 3.804289e-02
531 2.336034e-09 1.574145e-03
532 1.760497e-06 9.633898e-03
533 1.238071e-06 2.754138e-03
534 2.689590e-05 8.859062e-02
535 2.908231e-04 2.476141e-01
536 2.663958e-04 5.217745e-02
537 7.747417e-04 2.731267e-01
538 2.809881e-05 9.564287e-02
539 5.463490e-05 5.389081e-02
540 3.816017e-06 2.824988e-02
541 3.129450e-03 6.004366e-01
542 2.033279e-05 1.158408e-02
543 5.044580e-05 4.674660e-03
544 1.880659e-04 6.858958e-02
545 6.611301e-07 9.516588e-03
546 2.535236e-05 1.470719e-02
547 8.209951e-05 4.821782e-02
548 1.005065e-04 2.064043e-02
549 8.235335e-06 2.889170e-02
550 4.135652e-08 5.837883e-03
551 8.491554e-05 1.343411e-02
552 8.170385e-07 2.652049e-03
553 8.438027e-06 7.369550e-03
554 2.934778e-08 3.020212e-03
555 1.915856e-05 7.003554e-02
556 4.546928e-06 7.474041e-03
557 3.092885e-04 7.640900e-02
558 1.061189e-06 8.165418e-03
559 4.556062e-05 4.601952e-02
560 3.784757e-07 3.353767e-03
561 3.480119e-06 3.305749e-02
562 6.658323e-07 1.753880e-03
563 8.568273e-03 1.316806e+00
564 2.907178e-03 6.746191e-01
565 5.109231e-06 3.599424e-03
566 3.880080e-05 1.937638e-02
567 1.090092e-04 4.919060e-02
568 7.507475e-05 8.883256e-02
569 1.734628e-05 1.010138e-02
570 5.200891e-05 4.860458e-02
571 3.351889e-04 5.641572e-02
572 1.842846e-04 6.083034e-02
573 2.303789e-04 7.752488e-02
574 4.969751e-06 5.387436e-03
575 3.404928e-07 4.051727e-03
576 9.055252e-06 9.246125e-03
577 3.995079e-08 2.687613e-03
578 3.886524e-06 3.902722e-03
579 1.120662e-04 1.927758e-02
580 9.760013e-07 5.963384e-03
581 1.388579e-04 7.857958e-02
582 9.836116e-07 1.507253e-02
583 6.922824e-04 4.440578e-01
584 1.166951e-04 7.196051e-02
585 1.459997e-05 4.433597e-02
586 7.395536e-04 7.735181e-02
587 1.562414e-05 1.260867e-02
588 6.072703e-05 5.708021e-02
589 3.016151e-04 2.879365e-02
590 1.236916e-06 1.226558e-02
591 1.213453e-05 2.655516e-02
592 1.396090e-03 5.106663e-01
593 1.248680e-06 9.182931e-03
594 8.689491e-05 8.463609e-02
595 1.468358e-06 5.525025e-03
596 8.548775e-08 1.370950e-03
597 4.068809e-07 2.240165e-03
598 1.487893e-04 4.021051e-02
599 2.177519e-05 1.631875e-02
600 8.051205e-06 4.808628e-03
601 1.563879e-06 4.225496e-03
602 1.293479e-04 2.378318e-02
603 4.981525e-05 2.952284e-02
604 9.905381e-08 2.063980e-03
605 4.205627e-04 1.312898e-01
606 9.606653e-04 5.655466e-02
607 1.110580e-06 5.207673e-03
608 1.591063e-04 1.671178e-02
609 1.067229e-05 1.428811e-02
610 3.092614e-05 1.559268e-02
611 2.433566e-07 2.525923e-03
612 3.215664e-05 3.508522e-02
613 1.867633e-07 5.332981e-03
614 3.958162e-06 5.491914e-03
615 6.842029e-08 5.940769e-03
616 1.873403e-04 3.169686e-02
617 2.488312e-06 1.375200e-02
618 2.069708e-07 8.384206e-03
619 4.435696e-06 6.570325e-03
620 5.411145e-07 3.845052e-03
621 6.958804e-07 3.394135e-03
622 1.103219e-03 1.906883e-01
623 7.573349e-06 1.542306e-02
624 2.761310e-06 4.310112e-03
625 1.336892e-06 1.173697e-02
626 2.664063e-06 6.264894e-03
627 6.397846e-07 3.616583e-03
628 4.849897e-05 2.798424e-02
629 8.091191e-07 2.015156e-03
630 3.331015e-05 1.254192e-02
631 8.295845e-06 1.090294e-02
632 8.160166e-08 1.255956e-03
633 3.329294e-04 2.838244e-01
634 1.607285e-05 2.147820e-02
635 1.824780e-06 8.672229e-03
636 1.008263e-06 2.101107e-02
637 7.673160e-07 1.155220e-02
638 1.624675e-07 2.176312e-03
639 3.125924e-08 1.580264e-03
640 2.476501e-07 2.437306e-03
641 1.029747e-07 1.524514e-03
642 1.948372e-06 5.373349e-03
643 9.679040e-05 7.831425e-02
644 1.272768e-03 1.039867e-01
645 4.622657e-04 4.049435e-02
646 1.963769e-06 1.409564e-02
647 7.102212e-06 5.785783e-03
648 8.387244e-05 3.328140e-02
649 2.264610e-03 3.950421e-01
650 6.597379e-06 4.723527e-03
651 2.435573e-06 8.439730e-03
652 3.221866e-04 4.818362e-02
653 1.601541e-07 4.777426e-03
654 4.324761e-06 4.832890e-03
655 2.705476e-06 9.041934e-03
656 2.747641e-07 2.797196e-03
657 1.584379e-04 2.701483e-02
658 1.331500e-03 1.037980e-01
659 1.266719e-05 1.587891e-02
660 3.361544e-04 1.046727e-01
661 6.990527e-07 5.504476e-03
662 1.686851e-03 1.672196e-01
663 2.237814e-03 6.924181e-01
664 4.630104e-05 4.764123e-02
665 4.087745e-06 9.149976e-03
666 8.756168e-06 1.243871e-02
667 1.629861e-04 1.371865e-02
668 3.269179e-03 1.850021e-01
669 1.356758e-03 1.208948e-01
670 1.029993e-07 9.332381e-03
671 1.352350e-05 1.912076e-02
672 5.030978e-06 2.484294e-02
673 7.545624e-06 1.047162e-02
674 2.439370e-07 2.082923e-03
675 1.267563e-04 1.336002e-01
676 3.523017e-06 5.558437e-03
677 1.484799e-09 1.338879e-03
678 1.526147e-05 6.196528e-03
679 5.843643e-04 1.319417e-01
680 9.596747e-05 4.303902e-02
681 7.691146e-05 6.380806e-02
682 3.456958e-05 1.089600e-02
683 3.173246e-06 3.007217e-02
684 1.902355e-05 1.829075e-02
685 3.225985e-08 2.170193e-03
686 5.475360e-06 1.835142e-02
687 1.261177e-03 4.177941e-01
688 1.057306e-05 2.408365e-02
689 1.779540e-06 1.020502e-02
690 6.430624e-08 2.011755e-03
691 1.295535e-03 1.040467e-01
692 6.061935e-07 2.883241e-03
693 2.110725e-05 1.988910e-02
694 2.607910e-04 7.116408e-02
695 3.369238e-04 2.187333e-01
696 1.371928e-03 5.320111e-01
697 9.241836e-06 7.854910e-03
698 9.287967e-05 1.308242e-01
699 1.037567e-07 1.530832e-03
700 5.364879e-05 4.276321e-02
701 2.365053e-05 1.864589e-02
702 5.188820e-08 1.234105e-03
703 7.272521e-08 4.004910e-03
704 9.853678e-10 1.311516e-03
705 1.630102e-03 1.426838e-01
706 2.414236e-07 1.722710e-03
707 3.277489e-04 5.206447e-02
708 1.226907e-09 4.995820e-03
709 7.429078e-09 2.939243e-03
710 8.329505e-07 6.200369e-03
711 6.418958e-09 1.204597e-03
712 2.162883e-06 4.715369e-03
713 3.147903e-07 6.417193e-03
714 2.679179e-08 2.450560e-03
715 1.805427e-05 1.425611e-02
716 5.962257e-05 1.977809e-02
717 5.458882e-07 5.302081e-03
718 8.141137e-10 2.642237e-03
719 1.264601e-03 3.618923e-01
720 1.311555e-09 1.188261e-03
721 1.771397e-05 6.181780e-03
722 3.760780e-09 2.732537e-03
723 4.756707e-06 1.617694e-02
724 1.382428e-06 3.421742e-03
725 7.122269e-09 1.464398e-03
726 2.324005e-05 3.936207e-02
727 2.936432e-08 4.369666e-03
728 4.581305e-06 7.834678e-03
729 1.525642e-07 7.305480e-03
730 4.403137e-07 2.743654e-03
731 2.369629e-04 8.171213e-02
732 8.409574e-10 1.364463e-03
733 1.042135e-11 9.157498e-04
734 3.119796e-07 2.964196e-03
735 3.536782e-07 3.391481e-03
736 1.630038e-05 1.557222e-02
737 6.619561e-09 1.363390e-03
738 7.389826e-05 8.350389e-02
739 9.654542e-08 3.507599e-03
740 1.838480e-04 2.736525e-02
741 1.860384e-06 8.425456e-03
742 7.635621e-05 2.058236e-02
743 3.122120e-03 5.346326e-01
744 1.023722e-08 2.638277e-03
745 1.108834e-07 2.527054e-03
746 9.327484e-06 1.257922e-02
747 1.013653e-04 2.922407e-02
748 9.531880e-04 7.825429e-02
749 2.344712e-04 1.734345e-01
750 9.490143e-07 6.782884e-03
751 1.208262e-05 1.187150e-02
752 3.586125e-07 1.960125e-03
753 1.570587e-07 2.983692e-03
754 1.369075e-04 9.537741e-02
755 3.146191e-05 2.013414e-02
756 7.027870e-05 2.872805e-02
757 1.446743e-08 1.517087e-03
758 7.081256e-05 1.792346e-02
759 4.391820e-05 1.888993e-02
760 2.707981e-07 2.266962e-03
761 1.028387e-04 1.919452e-02
762 2.358734e-05 1.516262e-02
763 1.988933e-08 1.965278e-03
764 1.460673e-06 9.829384e-03
765 3.185394e-09 1.044133e-02
766 1.396553e-06 5.445985e-03
767 1.958091e-06 5.866301e-03
768 7.138052e-05 1.892779e-02
769 9.398527e-06 7.219516e-03
770 2.263592e-04 5.515112e-02
771 8.085521e-06 3.810411e-03
772 8.483573e-10 1.550030e-03
773 1.145243e-07 1.603546e-02
774 1.165027e-07 1.951386e-03
775 4.803130e-05 7.406412e-02
776 3.376385e-04 6.028169e-02
777 1.070922e-04 2.907425e-02
778 7.432612e-06 2.187697e-02
779 9.022367e-04 1.203118e-01
780 3.324610e-05 1.242939e-02
781 3.970966e-04 4.504124e-02
782 6.802311e-06 4.092971e-03
783 1.503273e-05 8.902582e-03
784 4.540202e-06 6.130027e-03
785 1.659973e-04 3.077110e-02
786 4.598165e-05 2.178379e-02
787 2.068933e-04 2.010992e-02
788 5.708191e-05 2.045612e-02
789 1.726322e-08 1.348218e-03
790 4.996429e-04 1.351237e-01
791 8.638505e-05 1.409157e-02
792 3.064855e-06 4.746738e-03
793 1.104112e-05 9.166353e-03
794 2.835469e-06 4.959426e-03
795 4.734992e-04 5.314447e-01
796 6.035395e-08 3.131982e-03
797 1.088823e-03 2.175472e-01
798 1.949907e-03 3.430840e-01
799 2.090060e-05 4.229742e-03
800 3.462493e-04 3.917467e-02
801 5.709379e-07 4.130834e-03
802 8.759701e-05 4.041041e-02
803 5.151043e-04 9.391722e-02
804 6.272907e-06 1.582874e-02
805 1.991890e-07 4.020084e-03
806 1.174849e-03 1.704228e-01
807 5.806112e-05 5.412227e-02
808 3.680648e-06 3.673917e-03
809 4.754012e-04 2.392507e-01
810 8.463104e-05 1.077126e-02
811 9.772163e-06 2.667108e-02
812 1.645823e-06 6.859962e-03
813 1.656025e-06 5.800537e-03
814 4.801421e-06 1.008228e-02
815 5.424348e-06 2.552292e-02
816 2.524102e-04 1.219423e-01
817 1.999372e-03 4.901295e-01
818 4.934393e-07 3.577441e-03
819 1.596265e-04 9.637262e-02
820 2.379273e-04 4.679374e-02
821 2.209901e-05 2.666741e-02
822 9.597167e-08 3.561137e-03
823 5.885496e-06 9.426769e-03
824 3.597824e-06 2.596310e-02
825 1.980982e-06 2.626158e-02
826 2.061184e-05 8.166218e-03
827 1.195203e-05 5.177586e-03
828 3.601397e-05 3.274061e-02
829 5.959535e-06 1.415654e-02
830 1.077913e-03 2.455847e-01
831 3.505566e-05 1.069374e-02
832 1.575125e-05 7.554400e-03
833 6.226271e-06 2.151859e-02
834 4.793602e-06 2.140168e-02
835 3.937513e-07 2.259938e-03
836 1.422529e-08 1.026448e-03
837 2.165468e-06 1.481577e-02
838 4.350948e-05 5.750350e-03
839 3.714946e-06 1.506066e-02
840 2.984694e-05 3.591360e-02
841 3.662678e-05 2.930339e-02
842 7.302856e-04 3.298323e-01
843 6.813737e-05 2.537096e-02
844 1.055188e-05 3.556067e-02
845 3.177440e-06 3.261053e-02
846 5.789176e-04 3.777458e-02
847 1.036579e-04 1.700255e-02
848 2.717300e-04 9.851019e-02
849 3.121079e-07 5.741701e-03
850 2.773486e-03 8.145314e-01
851 4.582780e-05 1.378679e-02
852 1.409765e-04 1.865092e-01
853 9.516937e-04 2.312671e-01
854 1.151026e-04 7.804983e-02
855 1.901326e-04 1.537674e-01
856 1.775903e-04 3.949779e-02
857 6.947284e-04 2.287468e-01
858 6.675864e-06 2.005101e-02
859 3.714460e-08 3.864764e-03
860 5.069355e-05 3.921779e-02
861 3.803840e-08 1.640180e-03
862 2.362183e-05 1.992507e-02
863 2.436859e-04 7.184100e-02
864 2.644292e-06 7.659405e-03
865 3.384001e-04 8.120572e-02
866 1.737893e-04 1.402502e-01
867 2.480752e-03 5.456818e-01
868 4.239082e-06 6.465425e-03
869 1.379609e-06 3.244614e-02
870 7.285725e-05 4.332491e-02
871 1.311922e-05 2.680740e-02
872 1.052645e-03 2.392220e-01
873 6.028478e-05 6.943453e-02
874 5.718749e-04 1.952358e-01
875 9.922273e-06 5.994834e-03
876 5.325946e-10 1.062633e-03
877 1.474267e-07 9.356503e-03
878 2.742762e-03 2.859493e-01
879 1.896003e-04 7.766903e-02
880 7.489860e-06 1.039161e-02
881 2.691299e-08 2.291012e-03
882 1.866130e-04 6.104289e-02
883 1.366152e-03 4.640292e-01
884 2.547490e-04 7.810732e-02
885 9.418081e-05 6.765740e-02
886 4.365230e-07 7.846327e-03
887 2.562562e-06 1.330852e-02
888 2.383812e-06 1.249479e-02
889 1.243390e-06 2.292307e-02
890 5.881808e-06 2.321421e-02
891 1.002592e-03 2.487130e-01
892 1.027034e-07 2.856808e-03
893 1.934093e-04 4.043908e-02
894 8.184420e-06 6.434342e-03
895 1.224177e-04 7.458329e-02
896 4.518260e-06 5.452535e-02
897 2.142188e-04 6.748012e-02
898 1.180288e-05 8.731491e-03
899 2.471063e-06 1.407549e-02
900 1.281234e-06 1.616850e-02
901 9.191652e-05 7.817959e-02
902 2.850623e-07 2.119361e-03
903 2.778594e-05 3.348392e-02
904 4.482437e-07 2.107377e-02
905 2.759454e-08 6.662197e-03
906 4.191186e-07 8.194024e-03
907 4.251407e-08 2.063613e-03
908 4.202038e-08 8.979088e-03
909 2.041081e-05 2.593341e-02
910 3.139288e-06 2.669162e-02
911 1.316342e-07 2.115135e-02
912 1.651092e-06 1.039992e-02
913 2.418877e-07 3.400761e-03
914 3.742183e-07 7.516828e-03
915 1.073011e-03 7.193246e-02
916 3.915185e-09 2.827156e-03
917 2.584322e-08 2.392475e-03
918 5.060819e-08 2.638686e-03
919 8.895704e-05 1.618596e-01
920 7.269330e-08 6.484711e-03
921 3.672392e-06 3.824166e-03
922 1.402308e-06 1.628972e-02
923 3.269848e-08 5.132782e-03
924 1.286323e-03 2.332122e-01
925 1.190025e-04 6.085201e-02
926 1.236442e-04 3.827340e-02
927 6.449511e-05 1.198471e-01
928 7.207686e-06 4.344866e-02
929 3.080122e-04 1.268736e-01
930 7.242757e-05 3.822168e-02
931 5.418946e-05 1.261813e-02
932 9.314659e-05 4.305986e-02
933 3.071766e-08 2.972276e-03
934 1.833536e-05 8.745571e-03
935 3.078446e-07 3.569831e-03
936 1.580484e-05 2.740438e-02
937 5.535029e-09 5.815625e-03
938 1.395738e-08 2.375217e-03
939 2.382914e-06 9.995658e-03
940 1.844661e-04 9.530903e-02
941 7.447629e-08 3.329755e-03
942 3.296451e-04 1.296867e-01
943 4.430393e-05 2.268340e-02
944 3.457125e-10 1.972721e-03
945 1.202608e-04 2.438658e-02
946 2.284349e-08 2.223232e-03
947 1.761050e-05 1.916611e-02
948 4.366668e-08 1.519363e-03
949 1.037452e-05 1.730367e-02
950 1.001989e-04 8.550146e-02
951 2.028275e-07 3.013380e-02
952 4.296467e-05 3.960022e-02
953 1.666372e-09 2.418416e-03
954 6.635243e-06 3.561313e-02
955 5.173343e-06 4.340193e-03
956 2.212726e-05 1.781820e-02
957 6.402888e-05 2.927695e-02
958 1.153145e-04 2.954252e-02
959 3.903706e-05 2.068576e-02
960 1.596062e-08 2.434473e-03
961 1.352283e-07 9.515255e-03
962 4.668044e-07 1.075756e-02
963 4.029242e-07 3.526158e-03
964 1.387377e-06 1.941268e-03
965 8.194145e-04 8.095472e-02
966 5.398994e-05 1.233300e-02
967 4.967774e-06 7.905375e-03
968 3.472774e-04 3.974320e-02
969 3.286947e-04 9.220753e-02
970 4.995259e-05 1.833751e-02
971 6.155226e-06 7.424977e-03
972 1.284717e-04 3.814670e-02
973 1.104540e-05 8.251672e-03
974 1.566919e-05 7.657963e-03
975 9.515011e-05 8.652347e-02
976 3.678919e-04 2.639353e-01
977 5.573694e-05 1.249222e-02
978 9.853663e-06 2.376671e-02
979 3.523151e-07 2.921764e-03
980 4.809429e-06 2.075392e-02
981 2.666337e-05 2.013822e-02
982 3.098320e-07 1.388476e-03
983 5.596288e-07 3.807175e-03
984 8.999836e-06 1.978892e-02
985 1.677782e-05 6.012996e-02
986 1.154174e-03 3.146278e-01
987 3.544417e-07 6.191433e-03
988 5.348268e-08 2.065764e-03
989 5.238572e-04 4.789207e-02
990 1.649176e-07 2.259506e-03
991 4.336011e-03 4.871323e-01
992 4.467235e-06 6.694836e-03
993 2.175257e-06 9.375394e-03
994 2.350274e-10 1.343348e-03
995 3.184497e-06 1.507675e-02
996 4.735880e-03 4.926176e-01
997 3.835338e-06 7.820422e-03
998 1.169088e-06 3.766490e-03
999 3.150249e-05 2.368325e-02
1000 3.911021e-10 1.344518e-03
1001 3.192014e-06 8.994172e-03
1002 9.009478e-05 9.410911e-02
1003 1.317852e-04 2.176150e-02
1004 1.514650e-05 3.559150e-02
1005 1.225410e-06 2.198577e-03
1006 2.848715e-04 1.326899e-01
1007 1.309287e-07 3.009236e-03
1008 1.531185e-04 2.366025e-02
1009 3.467124e-07 2.001456e-03
1010 4.013268e-05 1.987030e-02
1011 3.911171e-07 1.728977e-02
1012 8.785212e-05 2.493166e-01
1013 6.537932e-06 1.218081e-02
1014 1.227144e-05 8.281263e-03
1015 5.998664e-05 3.231579e-02
1016 4.275899e-05 1.438905e-02
1017 6.901845e-03 3.109142e-01
1018 8.423041e-05 9.670750e-02
1019 1.065966e-08 1.929659e-03
1020 1.860648e-07 1.103404e-02
1021 9.811351e-06 1.383766e-02
1022 8.160835e-09 1.414732e-03
1023 8.328477e-06 1.755500e-02
1024 3.160936e-05 1.161593e-02
1025 5.385251e-09 1.527189e-03
1026 1.909316e-09 1.937780e-03
1027 1.579006e-05 1.019601e-02
1028 1.117270e-04 9.451856e-02
1029 1.827543e-06 6.040679e-03
1030 1.802412e-07 3.056122e-03
1031 1.493634e-05 1.000365e-02
1032 3.077606e-04 3.069895e-01
1033 2.847258e-08 1.552427e-03
1034 1.335571e-04 2.805620e-02
1035 2.436757e-05 1.437283e-02
1036 8.233275e-04 1.385484e-01
1037 1.139043e-08 3.021958e-03
1038 8.904182e-07 3.048316e-03
1039 1.009756e-05 9.244744e-03
1040 1.463052e-07 3.095625e-03
1041 6.266959e-04 2.542461e-01
1042 2.917031e-06 7.690121e-03
1043 5.217416e-09 1.239170e-03
1044 6.706525e-07 3.538467e-03
1045 1.314435e-08 2.384881e-03
1046 1.938368e-10 1.277347e-03
1047 8.778212e-09 1.279459e-03
1048 4.376280e-07 4.691024e-03
1049 4.942314e-08 1.164109e-03
1050 3.403813e-03 6.840141e-01
1051 7.515754e-05 4.702725e-02
1052 1.430594e-06 2.851056e-03
1053 1.165476e-05 8.980862e-03
1054 1.819226e-08 1.867917e-03
1055 5.025142e-09 1.156718e-03
1056 4.140888e-06 8.771885e-03
1057 4.395822e-06 1.282911e-02
1058 1.426315e-07 1.563460e-03
1059 3.359523e-04 5.490668e-02
1060 2.058939e-08 1.475896e-03
1061 2.338622e-06 2.910471e-03
1062 3.976276e-09 1.140442e-03
1063 1.070049e-05 2.513735e-02
1064 1.486701e-04 5.106678e-02
1065 5.429612e-09 1.808090e-03
1066 8.819782e-09 1.187969e-03
1067 7.791480e-06 1.339773e-02
1068 7.982367e-07 1.800436e-03
1069 2.503123e-06 2.909892e-03
1070 2.889291e-08 1.192514e-03
1071 1.805182e-06 1.933511e-03
1072 3.019767e-07 2.547097e-03
1073 7.816824e-08 1.342927e-03
1074 4.365562e-08 1.905754e-03
1075 9.610130e-07 3.737038e-03
1076 1.055867e-06 4.099745e-03
1077 1.453073e-06 5.300986e-03
1078 1.116034e-05 1.317573e-02
1079 5.605455e-07 4.495446e-03
1080 1.503521e-04 5.565196e-02
1081 1.041351e-05 5.038476e-02
1082 1.392877e-06 3.647617e-03
1083 2.734002e-06 4.831410e-03
1084 1.266257e-08 1.204872e-03
1085 3.436807e-07 1.811420e-03
1086 5.493225e-07 2.997187e-03
1087 2.446830e-07 1.389181e-03
1088 1.462668e-05 7.507373e-03
1089 9.697223e-08 1.360031e-03
1090 4.952459e-09 1.203990e-03
1091 4.699235e-08 1.661931e-03
1092 1.510784e-06 2.253235e-03
1093 1.435423e-05 2.343790e-02
1094 1.673412e-05 1.446703e-02
1095 2.126097e-07 2.980793e-03
1096 7.157647e-05 3.288518e-02
1097 1.329318e-05 5.192155e-02
1098 6.080884e-07 8.037034e-03
1099 1.357355e-08 3.597376e-03
1100 3.094279e-09 1.118672e-03
1101 1.033152e-05 2.430709e-02
1102 1.255945e-06 1.194575e-02
1103 1.012173e-06 3.867371e-03
1104 3.609983e-05 2.885004e-02
1105 4.788008e-08 2.108865e-03
1106 3.076711e-03 3.532838e-01
1107 6.987178e-07 2.614097e-03
1108 9.473214e-07 8.188240e-03
1109 1.389887e-09 1.817732e-03
1110 9.888930e-07 1.040904e-02
1111 1.392168e-07 2.191535e-03
1112 5.705118e-10 1.790181e-03
1113 6.952289e-06 1.448079e-02
1114 6.071014e-05 1.843178e-02
1115 7.811891e-04 1.695032e-01
1116 1.052299e-09 1.968496e-03
1117 9.598380e-04 2.203083e-01
1118 8.840508e-07 5.037046e-03
1119 6.570034e-06 2.966492e-02
1120 1.236754e-04 6.888624e-02
1121 2.559712e-05 9.271239e-03
1122 1.110279e-05 2.022548e-02
1123 3.249248e-06 3.715062e-03
1124 3.500266e-06 1.442343e-02
1125 4.213379e-06 4.532431e-03
1126 3.457725e-07 6.912238e-03
1127 4.920429e-07 4.353489e-03
1128 1.408098e-04 4.190833e-02
1129 3.307233e-06 8.449083e-03
1130 2.019028e-06 1.228433e-02
1131 1.522447e-04 7.397230e-02
1132 2.861585e-05 1.237356e-02
1133 2.416111e-07 2.190330e-03
1134 3.818649e-04 7.772876e-02
1135 3.953677e-05 1.558451e-02
1136 1.236210e-03 1.016633e-01
1137 2.575724e-06 2.229358e-02
1138 6.642362e-09 1.865632e-03
1139 2.307595e-05 6.747032e-03
1140 1.114802e-09 2.155806e-03
1141 6.853594e-06 5.540545e-03
1142 1.805129e-04 6.944064e-02
1143 1.158130e-06 7.788895e-02
1144 2.540157e-08 6.471782e-03
1145 1.025541e-05 2.430864e-02
1146 2.628934e-03 4.812086e-01
1147 2.528835e-04 6.273747e-02
1148 1.579967e-07 2.420052e-03
1149 3.246914e-04 1.343244e-01
1150 4.029997e-09 2.359863e-03
1151 1.516960e-03 1.511711e-01
1152 4.722802e-04 9.751706e-02
1153 1.120425e-05 6.120042e-03
1154 4.656464e-09 1.933483e-03
1155 1.142436e-03 3.250561e-01
1156 6.133409e-07 2.750018e-03
1157 1.176591e-04 4.877224e-02
1158 5.008542e-06 5.701915e-03
1159 1.958101e-08 1.511511e-03
1160 1.405832e-06 2.948183e-03
1161 3.848000e-05 1.996137e-02
1162 1.272603e-04 2.279648e-01
1163 5.662981e-05 1.338165e-02
1164 1.840900e-05 5.584682e-02
1165 2.575954e-03 5.117447e-01
1166 1.638398e-03 5.891306e-02
1167 4.360611e-05 1.102307e-01
1168 4.632260e-05 4.229676e-02
1169 1.489235e-07 8.010328e-03
1170 9.420812e-07 6.105348e-03
1171 3.390672e-06 9.994136e-03
1172 3.918238e-05 8.337942e-02
1173 1.492852e-09 1.101186e-03
1174 7.656215e-04 2.835509e-01
1175 1.108079e-05 2.539619e-02
1176 1.273105e-09 1.778794e-03
1177 2.868867e-04 1.156376e-01
1178 6.473489e-04 2.999982e-01
1179 1.862988e-04 3.324354e-02
1180 1.128086e-05 8.393049e-03
1181 1.017277e-06 1.950483e-03
1182 1.734709e-05 8.767145e-03
1183 2.797380e-04 1.540202e-01
1184 2.921900e-04 4.436405e-02
1185 8.268231e-07 1.082991e-02
1186 1.216421e-03 1.101232e-01
1187 8.646478e-04 7.680916e-02
1188 1.261701e-06 2.151875e-03
1189 1.103116e-07 2.573465e-03
1190 3.417531e-10 1.991177e-03
1191 3.273393e-06 2.873520e-03
1192 1.337379e-04 1.197728e-01
1193 2.187301e-08 3.228371e-03
1194 1.378829e-05 2.631653e-02
1195 4.798828e-04 2.179517e-01
1196 4.607388e-07 5.325547e-03
1197 9.756408e-07 3.512910e-03
1198 3.660129e-06 2.412761e-03
1199 7.349447e-04 1.956793e-01
1200 1.252274e-03 1.833157e-01
1201 4.040343e-09 1.124677e-03
1202 4.434676e-05 2.201923e-02
1203 4.994401e-05 3.752934e-02
1204 2.687844e-06 6.911768e-03
1205 1.675708e-09 1.941492e-03
1206 6.946995e-04 1.024449e-01
1207 4.076708e-06 5.358740e-03
1208 8.369513e-06 5.966819e-03
1209 5.354851e-04 9.402778e-02
1210 1.675454e-04 5.284491e-02
1211 3.281369e-04 4.625858e-02
1212 2.423337e-07 3.738272e-03
1213 1.105733e-07 4.985245e-03
1214 4.433113e-05 1.292214e-02
1215 4.658445e-08 2.614161e-03
1216 3.293647e-08 2.219655e-03
1217 4.544487e-06 2.776839e-02
1218 2.568350e-06 5.421788e-03
1219 2.463863e-05 1.299838e-02
1220 1.078380e-05 2.365971e-02
1221 5.352739e-05 3.067521e-02
1222 1.491320e-06 2.339799e-02
1223 2.202606e-05 4.004425e-02
1224 6.066305e-06 9.181115e-03
1225 1.324588e-06 2.905794e-03
1226 3.236013e-07 1.830934e-03
1227 2.492013e-05 6.515199e-03
1228 9.306364e-05 1.967985e-02
1229 1.877135e-04 3.890751e-02
1230 4.775453e-07 7.479709e-03
1231 1.626526e-05 3.850483e-02
1232 5.412401e-09 5.677176e-03
1233 2.705989e-05 2.357908e-02
1234 4.485075e-08 7.614592e-03
1235 2.967968e-05 5.218755e-02
1236 4.640914e-07 4.698495e-03
1237 5.391759e-04 1.616122e-01
1238 1.029780e-05 1.382671e-02
1239 2.018324e-06 6.837800e-03
1240 2.241887e-06 4.087756e-03
1241 3.226337e-05 7.840239e-03
1242 1.622594e-03 2.888937e-01
1243 4.018340e-04 9.316194e-02
1244 4.091670e-07 3.592892e-03
1245 2.622147e-06 6.814316e-03
1246 1.228756e-08 2.013567e-03
1247 3.084490e-04 1.921878e-02
1248 5.042205e-05 5.645879e-02
1249 1.817313e-08 9.776616e-03
1250 2.381217e-07 6.199171e-03
1251 1.866901e-06 1.422583e-02
1252 1.777387e-05 5.877585e-03
1253 3.587193e-04 2.684956e-01
1254 2.213759e-07 5.351516e-03
1255 6.694476e-06 2.150734e-02
1256 3.241267e-05 5.926060e-03
1257 1.092744e-04 8.901601e-02
1258 1.847114e-07 4.835721e-03
1259 2.073950e-04 7.462794e-02
1260 6.216628e-05 2.692639e-01
1261 1.660791e-06 5.574800e-03
1262 7.305197e-06 2.131882e-02
1263 5.089058e-05 4.976498e-02
1264 1.958238e-06 3.169224e-02
1265 1.177731e-05 1.064822e-02
1266 1.963697e-06 3.483418e-02
1267 1.108738e-06 1.760434e-02
1268 8.593588e-07 9.114316e-03
1269 7.593781e-05 1.832993e-02
1270 3.446024e-03 8.091415e-01
1271 5.070402e-03 2.734576e-01
1272 3.590158e-08 1.267378e-03
1273 2.438460e-04 4.888092e-02
1274 2.383535e-05 1.894044e-02
1275 8.244323e-05 5.195248e-02
1276 5.296077e-03 2.638463e-01
1277 5.273984e-04 1.845596e-01
1278 7.118045e-04 2.824503e-01
1279 3.408613e-06 2.485183e-03
1280 3.756993e-04 1.545243e-01
1281 1.108667e-05 6.765255e-03
1282 3.866206e-04 4.871320e-02
1283 2.038111e-06 2.081740e-02
1284 3.024346e-06 4.673868e-03
1285 5.413438e-04 1.169617e-01
1286 1.605640e-08 3.201156e-03
1287 4.927886e-05 3.422241e-02
1288 1.297395e-04 3.602623e-02
1289 3.099983e-05 1.385160e-02
1290 3.935073e-06 2.939674e-02
1291 1.220464e-04 1.844913e-02
1292 3.075765e-04 3.612319e-01
1293 2.410751e-07 3.330608e-03
1294 9.813705e-07 5.770937e-03
1295 7.168387e-07 3.344310e-03
1296 1.907188e-06 1.294206e-02
1297 4.838981e-05 5.697416e-02
1298 8.577018e-06 1.393213e-02
1299 6.159546e-05 8.523954e-03
1300 1.023813e-07 2.820253e-03
1301 2.621240e-07 3.111157e-03
1302 4.029958e-04 6.452947e-02
1303 3.813623e-06 8.433616e-03
1304 4.359410e-06 8.362702e-03
1305 1.735797e-04 5.074826e-02
1306 1.437900e-04 2.784129e-02
1307 2.982617e-06 6.736621e-03
1308 3.455102e-08 2.542382e-03
1309 2.040667e-04 5.198454e-02
1310 1.667192e-09 1.448130e-03
1311 2.021715e-03 4.926987e-01
1312 2.574960e-04 1.449611e-01
1313 3.984765e-08 1.733353e-03
1314 2.899648e-06 8.495519e-03
1315 5.439939e-07 3.204004e-03
1316 9.703229e-08 2.192110e-03
1317 9.888396e-10 1.374744e-03
1318 4.251262e-04 5.468744e-02
1319 1.601223e-03 3.531523e-01
1320 1.840227e-06 3.909151e-03
1321 9.039672e-06 1.337567e-02
1322 8.559180e-10 1.135271e-03
1323 1.892155e-07 2.225585e-03
1324 1.749897e-03 1.249160e-01
1325 7.998337e-07 9.743723e-03
1326 8.782337e-05 7.562533e-03
1327 3.932208e-05 2.518051e-02
1328 2.519615e-07 2.671553e-03
1329 4.571143e-05 2.291275e-02
1330 2.456191e-06 8.187415e-03
1331 5.331463e-08 2.119190e-03
1332 1.005730e-07 1.446156e-03
1333 5.688400e-05 2.044207e-02
1334 1.887181e-05 1.294682e-02
1335 4.917749e-07 1.169561e-02
1336 1.011097e-05 6.906179e-03
1337 3.466860e-04 8.008332e-02
1338 1.665153e-06 7.265926e-03
1339 2.086834e-04 1.707180e-01
1340 2.715979e-05 1.370412e-02
1341 7.074347e-04 3.031741e-01
1342 2.673102e-08 2.467859e-03
1343 3.640224e-07 2.158723e-03
1344 6.625147e-07 3.403412e-03
1345 1.694070e-05 1.477631e-02
1346 5.267745e-06 2.836432e-02
1347 1.661216e-08 1.353581e-03
1348 4.292987e-04 4.212909e-02
1349 9.307801e-05 1.215654e-01
1350 2.111760e-05 1.158329e-02
1351 2.467604e-04 2.579883e-02
1352 3.704397e-05 1.154690e-02
1353 3.926565e-06 1.074741e-02
1354 2.725990e-07 4.943495e-03
1355 1.738974e-06 9.234396e-03
1356 7.587935e-06 2.676061e-02
1357 2.137602e-07 6.049807e-03
1358 1.001246e-05 6.664731e-03
1359 9.849812e-08 2.049496e-03
1360 2.555463e-07 4.122721e-03
1361 8.110969e-05 1.332462e-02
1362 5.773439e-04 1.052615e-01
1363 1.732728e-06 6.020029e-03
1364 1.798002e-04 3.907678e-02
1365 1.824407e-07 4.507900e-03
1366 2.579058e-06 4.467707e-03
1367 1.123031e-07 1.741799e-03
1368 1.995664e-04 5.370627e-02
1369 9.842848e-10 2.457498e-03
1370 2.719372e-08 1.643598e-03
1371 2.027858e-04 3.940890e-02
1372 2.712535e-07 4.186280e-03
1373 1.999206e-05 7.245570e-03
1374 2.312335e-07 3.367755e-03
1375 1.942378e-05 1.039352e-02
1376 8.627976e-04 5.400199e-01
1377 1.393458e-06 9.594722e-03
1378 5.299025e-08 1.430509e-03
1379 1.156717e-05 4.603089e-03
1380 2.493945e-03 3.283785e-01
1381 1.401247e-06 3.285141e-03
1382 2.654471e-07 1.276377e-03
1383 1.370562e-05 2.086051e-02
1384 4.544547e-07 4.608779e-03
1385 4.280208e-07 4.468586e-03
1386 2.559760e-06 5.705821e-03
1387 8.670988e-05 2.081029e-02
1388 4.978765e-06 7.189350e-03
1389 3.991375e-07 3.235193e-03
1390 2.677333e-07 3.081379e-03
1391 2.319794e-06 9.001022e-03
1392 1.347518e-07 1.996187e-03
1393 5.841277e-08 7.646600e-03
1394 9.445704e-07 6.384261e-03
1395 4.013500e-05 4.298784e-02
1396 1.300218e-04 3.637488e-02
1397 8.919411e-07 3.139517e-03
1398 4.651017e-05 1.946675e-02
1399 1.568160e-04 2.680765e-02
1400 1.760922e-07 4.664172e-03
1401 1.311804e-04 8.461945e-02
1402 1.442269e-06 4.525385e-03
1403 4.000552e-06 5.377759e-03
1404 4.682663e-08 2.380766e-03
1405 2.998768e-06 4.095118e-03
1406 6.734842e-05 1.579377e-02
1407 8.907906e-08 2.742751e-03
1408 2.906707e-03 4.219536e-01
1409 3.806056e-06 4.953828e-02
1410 1.281597e-06 1.100100e-02
1411 1.232972e-05 1.194527e-02
1412 5.571793e-09 4.383985e-03
1413 3.471735e-11 1.143511e-03
1414 4.203397e-08 2.433458e-03
1415 1.708771e-06 5.947796e-03
1416 5.162515e-08 2.990152e-03
1417 5.781292e-06 4.236339e-03
1418 2.207378e-06 4.956457e-03
1419 3.162840e-07 4.487200e-03
1420 2.995157e-05 2.346424e-02
1421 1.243417e-05 1.265131e-02
1422 4.045509e-05 2.766845e-02
1423 1.553648e-06 3.857096e-03
1424 5.936817e-06 6.729597e-03
1425 8.910411e-06 7.141548e-03
1426 1.929901e-05 7.712959e-03
1427 7.630086e-06 5.465168e-03
1428 6.886943e-06 7.146633e-03
1429 4.705968e-05 1.593211e-02
1430 1.224095e-03 1.348993e-01
1431 2.003900e-05 3.138626e-02
1432 1.192872e-05 1.730825e-02
1433 9.200550e-07 7.802415e-03
1434 5.237523e-06 3.568976e-03
1435 8.662917e-07 3.277610e-03
1436 2.297953e-05 8.110301e-03
1437 2.862543e-06 2.509157e-03
1438 1.534669e-05 9.971405e-03
1439 1.049370e-03 2.634887e-01
1440 1.489349e-07 2.797378e-03
1441 1.209828e-08 1.740079e-03
1442 7.107887e-07 7.250353e-03
1443 4.874623e-06 5.180212e-03
1444 1.775425e-05 6.630428e-03
1445 8.104292e-06 9.984083e-03
1446 3.090317e-05 1.244829e-02
1447 2.879592e-03 7.438960e-01
1448 9.842372e-06 3.520495e-03
1449 2.385124e-07 3.062511e-03
1450 1.191751e-05 1.315495e-02
1451 1.047571e-04 4.437060e-02
1452 1.067408e-03 1.130465e-01
1453 4.546507e-08 2.967055e-03
1454 5.758692e-07 3.926691e-03
1455 2.875162e-05 1.051449e-02
1456 1.155179e-06 1.818989e-03
1457 5.045639e-07 2.456402e-03
1458 2.080702e-06 2.740973e-03
1459 3.570420e-05 7.356289e-03
1460 2.113938e-05 1.700285e-02
1461 4.254945e-06 2.297606e-03
1462 2.544919e-06 2.104371e-03
1463 2.921509e-07 1.496606e-03
1464 9.920055e-08 2.047305e-03
1465 4.103039e-08 1.406850e-03
1466 9.576492e-06 2.233699e-02
1467 6.687837e-04 7.607935e-02
1468 5.604391e-06 8.096758e-03
1469 3.091994e-05 1.660489e-02
1470 4.434713e-09 3.689583e-03
1471 2.605854e-05 1.214029e-02
1472 1.507192e-07 6.281886e-03
1473 1.502252e-06 4.002442e-03
1474 3.094640e-06 1.688259e-02
1475 1.466351e-08 1.748719e-03
1476 6.069461e-06 2.019453e-02
1477 1.075243e-10 1.745328e-03
1478 8.273587e-06 1.602239e-02
1479 1.249295e-05 1.099271e-02
1480 8.787755e-06 4.537017e-02
1481 5.807420e-05 3.123086e-02
1482 3.797592e-05 1.459408e-02
1483 1.142797e-04 1.112542e-02
1484 8.592450e-04 1.816908e-01
1485 1.010878e-04 4.312594e-02
1486 7.836885e-04 1.597571e-01
1487 1.210822e-07 2.024696e-03
1488 1.460292e-05 2.684443e-02
1489 3.760605e-06 1.795103e-03
1490 3.733826e-06 3.421246e-03
1491 8.400367e-05 5.307830e-02
1492 4.592127e-07 6.738217e-03
1493 7.783057e-07 1.165892e-02
1494 6.020197e-07 2.929953e-03
1495 5.664760e-05 1.400887e-02
1496 2.166616e-06 4.407656e-03
1497 1.208803e-03 2.572086e-01
1498 7.332104e-07 5.265177e-03
1499 4.382762e-09 2.924887e-03
1500 2.486221e-05 7.125534e-03
1501 2.901901e-06 5.367091e-03
1502 6.286299e-04 1.037428e-01
1503 2.932856e-04 1.397163e-01
1504 5.778247e-05 1.827446e-02
1505 8.012559e-07 5.656154e-03
1506 1.056111e-05 6.821656e-03
1507 4.150326e-04 4.394252e-02
1508 9.930439e-04 2.486324e-01
1509 5.070847e-07 4.525995e-03
1510 7.703788e-07 8.427255e-03
1511 2.549595e-05 1.088565e-02
1512 3.604107e-06 7.479536e-03
1513 7.816312e-06 9.876116e-03
1514 1.330259e-07 6.421800e-03
1515 7.757642e-04 3.496971e-01
1516 4.936455e-06 1.199985e-02
1517 1.103928e-03 2.326395e-01
1518 2.820492e-05 7.936153e-03
1519 1.028399e-05 1.182841e-02
1520 1.038596e-06 1.847691e-03
1521 8.541298e-08 7.187517e-03
1522 1.941483e-04 4.940918e-02
1523 6.378172e-06 9.559033e-03
1524 8.160649e-06 1.805752e-02
1525 7.753139e-05 3.543266e-02
1526 1.017924e-06 1.207788e-02
1527 7.212980e-05 3.168589e-02
1528 7.895423e-06 1.162460e-02
1529 5.870393e-06 7.639224e-03
1530 5.177562e-07 1.484692e-02
1531 6.799243e-05 2.172310e-02
1532 7.966654e-07 5.027310e-03
1533 4.104671e-07 6.667690e-03
1534 2.893375e-05 1.141940e-02
1535 4.003507e-08 1.589421e-03
1536 3.992251e-07 2.706699e-03
1537 1.733454e-06 3.994852e-03
1538 6.574414e-07 4.069885e-03
1539 1.681188e-06 2.484387e-03
1540 4.970536e-05 2.826541e-02
1541 5.327976e-04 2.948222e-01
1542 7.157771e-05 8.820863e-02
1543 1.267143e-03 2.377511e-01
1544 2.986564e-06 9.476608e-03
1545 1.105105e-05 5.287089e-02
1546 1.086413e-05 8.278570e-03
1547 2.186898e-04 2.011199e-01
1548 1.145129e-05 1.863521e-02
1549 1.234923e-06 4.478392e-03
1550 1.948750e-08 4.406625e-03
1551 5.142047e-06 5.832680e-03
1552 9.917541e-05 1.813101e-01
1553 9.202979e-04 3.895826e-01
1554 1.393629e-06 9.930325e-03
1555 1.855418e-03 2.570513e-01
1556 3.739359e-06 1.665994e-02
1557 6.084300e-04 1.879623e-01
1558 1.936652e-03 1.324292e-01
1559 3.519279e-06 1.086457e-02
1560 1.027232e-03 9.643624e-02
1561 1.023423e-04 2.073301e-01
1562 1.030538e-07 6.921856e-03
1563 3.530914e-05 1.399510e-02
1564 1.700723e-03 2.575349e-01
1565 3.476767e-05 1.651307e-02
1566 1.841127e-07 5.321959e-03
1567 7.186550e-03 1.615392e+00
1568 3.177931e-07 1.439495e-02
1569 3.086822e-05 1.585163e-02
1570 5.213292e-04 5.090107e-01
1571 1.344990e-07 2.447171e-03
1572 3.085028e-04 3.326728e-02
1573 8.562666e-04 2.615948e-01
1574 5.801766e-05 1.869158e-02
1575 4.338365e-07 1.797867e-02
1576 7.378060e-05 7.254440e-02
1577 3.254606e-04 2.458472e-01
1578 1.252741e-04 4.209687e-02
1579 5.182749e-07 5.058422e-03
1580 1.022895e-03 4.584289e-01
1581 1.134331e-05 1.714316e-02
1582 4.316832e-06 3.900971e-03
1583 2.249173e-04 7.136951e-02
1584 9.411919e-07 1.467800e-02
1585 6.648344e-04 2.353793e-01
1586 2.515526e-06 1.185367e-02
1587 5.277472e-05 6.989173e-03
1588 1.570057e-05 2.142978e-02
1589 2.337420e-08 2.917138e-03
1590 5.893422e-06 4.102645e-03
1591 4.758075e-06 4.511732e-03
1592 1.089787e-05 6.199524e-03
1593 2.237848e-06 3.482546e-03
1594 2.840244e-05 1.466634e-02
1595 1.338241e-07 4.141058e-03
1596 4.474061e-07 3.062051e-02
1597 3.380981e-06 8.241131e-03
1598 1.411481e-05 1.180908e-02
1599 4.743485e-05 1.212537e-01
1600 3.272349e-06 1.038566e-02
1601 2.083039e-08 3.283666e-03
1602 3.058415e-03 6.557621e-01
1603 3.364341e-06 8.522154e-03
1604 6.092639e-05 1.580809e-02
1605 2.574282e-04 2.531300e-02
1606 4.778947e-04 2.260353e-01
1607 4.267632e-04 1.180666e-01
1608 9.087739e-07 4.864152e-03
1609 5.404650e-04 1.431601e-01
1610 5.879992e-04 3.820486e-01
1611 1.873878e-05 1.563616e-02
1612 2.964209e-05 5.472907e-03
1613 4.894481e-09 1.207970e-03
1614 5.911963e-05 3.158663e-02
1615 3.489257e-04 1.695350e-01
1616 3.443588e-07 2.637802e-03
1617 6.906244e-08 3.408193e-03
1618 7.192239e-07 2.649097e-03
1619 2.391593e-05 7.916237e-02
1620 4.561522e-05 5.475046e-02
1621 3.716241e-06 9.973938e-02
1622 2.314432e-05 1.885398e-02
1623 1.745144e-05 5.435206e-02
1624 6.036163e-03 2.896627e-01
1625 8.531045e-07 4.441879e-03
1626 1.813148e-04 5.806175e-02
1627 1.220068e-05 1.714147e-02
1628 5.045687e-04 7.935884e-02
1629 1.838111e-03 2.116311e-01
1630 7.035094e-04 3.253012e-01
1631 9.306971e-05 8.394736e-02
1632 3.658548e-05 6.776430e-02
1633 2.058952e-08 3.099306e-03
1634 1.162249e-06 6.750555e-03
1635 1.860066e-08 1.156504e-03
1636 1.949925e-08 2.940166e-03
1637 2.847431e-08 1.704577e-03
1638 1.868307e-07 3.088904e-03
1639 1.001496e-08 1.851958e-03
1640 9.243094e-05 4.498343e-02
1641 7.497414e-04 8.111891e-02
1642 1.059251e-03 4.110738e-01
1643 1.624321e-05 2.415881e-02
1644 1.180428e-05 9.574144e-03
1645 3.954835e-05 1.011859e-02
1646 5.737566e-03 8.505877e-01
1647 1.629171e-05 1.433624e-02
1648 1.632782e-06 4.009267e-03
1649 7.880574e-04 4.179678e-01
1650 1.874559e-04 5.803433e-02
1651 1.403296e-07 4.395321e-03
1652 3.029311e-04 9.013869e-02
1653 1.736726e-03 4.226458e-01
1654 5.564676e-06 2.282738e-02
1655 1.480516e-03 1.787753e-01
1656 1.070914e-05 1.752098e-02
1657 4.416209e-06 1.121296e-02
1658 1.480202e-06 4.987877e-03
1659 3.830446e-05 1.970689e-02
1660 4.172122e-04 6.227210e-02
1661 2.553537e-04 3.897930e-02
1662 2.181750e-05 1.156047e-02
1663 1.455774e-03 1.523919e-01
1664 1.265186e-05 1.234687e-02
1665 1.048377e-05 1.081098e-02
1666 1.728250e-04 7.744340e-02
1667 1.297140e-04 3.975119e-02
1668 1.293024e-08 8.890747e-04
1669 2.913647e-06 1.177195e-02
1670 2.368281e-06 3.559769e-03
1671 1.543313e-05 2.265205e-02
1672 7.896041e-05 1.621897e-01
1673 2.256679e-04 2.545871e-02
1674 7.816844e-06 9.927448e-03
1675 1.506038e-05 1.507476e-02
1676 5.581689e-07 2.817897e-03
1677 2.365885e-07 7.104537e-03
1678 6.562053e-07 3.649341e-03
1679 1.826228e-10 1.409523e-03
1680 2.340471e-04 6.995393e-02
1681 2.216499e-05 2.391770e-02
1682 7.027863e-05 2.106695e-02
1683 4.149674e-08 1.748264e-03
1684 3.176563e-07 3.663207e-03
1685 4.678213e-04 2.956458e-02
1686 6.471558e-04 9.773412e-02
1687 1.990706e-05 3.192414e-02
1688 1.248722e-03 1.018956e-01
1689 1.211283e-04 8.798051e-02
1690 5.289194e-08 1.771812e-03
1691 1.106727e-07 1.758787e-03
1692 2.252476e-06 5.656257e-03
1693 4.044394e-04 6.083130e-02
1694 2.385154e-05 4.605801e-02
1695 6.551972e-06 3.068102e-03
1696 7.886141e-04 2.690269e-01
1697 3.220448e-06 8.697257e-03
1698 1.679012e-03 1.848724e-01
1699 2.765198e-03 4.779244e-01
1700 5.949967e-07 4.233859e-03
1701 5.395258e-05 5.690203e-02
1702 2.233401e-05 8.613421e-02
1703 9.540313e-06 5.690780e-02
1704 3.610061e-07 1.619860e-03
1705 1.417056e-07 1.974313e-03
1706 1.132505e-06 2.538092e-03
1707 3.590654e-04 4.965633e-02
1708 5.174235e-08 8.066013e-03
1709 5.981803e-06 1.622513e-02
1710 1.424565e-06 1.151258e-02
1711 5.045002e-04 1.275690e-01
1712 3.085914e-04 7.007146e-02
1713 3.300010e-06 1.127950e-02
1714 2.826959e-04 5.041211e-02
1715 2.016733e-05 7.470430e-03
1716 4.053108e-08 4.410785e-03
1717 6.207601e-06 2.632731e-02
1718 5.157757e-06 1.281050e-02
1719 2.062592e-07 7.623316e-03
1720 1.511597e-06 9.361729e-03
1721 1.246630e-06 3.146896e-02
1722 6.823531e-07 8.422354e-03
1723 7.967220e-04 3.647829e-01
1724 2.635167e-06 3.165109e-03
1725 1.334716e-05 1.606064e-02
1726 5.962715e-04 1.010967e-01
1727 9.127733e-05 2.931024e-02
1728 2.075082e-03 1.789041e-01
1729 3.946033e-06 4.388672e-03
1730 8.669830e-04 1.269666e-01
1731 9.536588e-06 7.017373e-03
1732 1.918321e-07 1.902750e-03
1733 1.028806e-11 1.011506e-03
1734 1.809087e-04 3.543761e-02
1735 8.624828e-05 2.917418e-02
1736 2.218279e-10 1.148581e-03
1737 3.497616e-05 1.536305e-02
1738 2.958690e-06 3.432880e-03
1739 6.251087e-05 1.794736e-02
1740 1.307940e-04 7.586880e-02
1741 5.096165e-09 4.426907e-03
1742 4.631791e-05 1.077148e-01
1743 3.706038e-04 1.061889e-01
1744 3.645947e-05 3.605486e-02
1745 1.573431e-04 1.566991e-02
1746 2.559517e-07 2.702043e-03
1747 6.679679e-07 6.635410e-03
1748 2.271133e-03 5.164040e-01
1749 4.523663e-06 9.453374e-03
1750 8.524527e-06 8.878221e-03
1751 2.000724e-06 6.443683e-03
1752 3.244398e-08 2.140108e-03
1753 2.963026e-05 4.817314e-02
1754 1.977405e-06 5.347042e-03
1755 2.515051e-06 6.167835e-03
1756 3.301705e-06 1.964334e-02
1757 2.737323e-06 1.477872e-02
1758 1.949691e-03 1.703506e-01
1759 4.608023e-07 5.089259e-03
1760 5.170289e-04 3.306111e-01
1761 2.687475e-08 7.058059e-03
1762 9.889220e-07 4.121247e-03
1763 3.920105e-07 1.151207e-02
1764 1.048621e-06 6.855726e-03
1765 2.408412e-05 1.946075e-02
1766 1.538742e-06 4.333427e-03
1767 9.233753e-06 6.979735e-03
1768 1.158091e-04 4.670119e-02
1769 3.016394e-04 2.526220e-02
1770 7.398339e-07 8.489704e-03
1771 8.988539e-06 1.006082e-02
1772 1.315466e-03 2.930657e-01
1773 6.105628e-04 2.450621e-01
1774 9.912411e-09 2.933189e-03
1775 2.320704e-08 2.828936e-03
1776 3.369663e-07 1.935027e-02
1777 1.142670e-06 1.195149e-02
1778 9.526729e-07 7.143310e-03
1779 3.414775e-06 1.706092e-02
1780 1.295582e-07 2.810419e-03
1781 8.769100e-09 1.304895e-03
1782 2.655589e-08 3.172066e-03
1783 6.358954e-06 7.169533e-03
1784 7.537219e-05 2.694010e-02
1785 3.415137e-06 4.313557e-03
1786 3.391314e-05 3.212998e-02
1787 1.541248e-03 3.046221e-01
1788 3.761464e-08 4.439550e-03
1789 3.286700e-05 3.314757e-02
1790 1.192048e-06 2.210031e-03
1791 2.128162e-06 5.667012e-03
1792 9.134709e-06 6.308813e-03
1793 1.815510e-07 9.493882e-03
1794 2.675835e-04 7.831734e-02
1795 1.777469e-05 4.403114e-03
1796 2.301824e-03 3.648283e-01
1797 2.363698e-07 1.739018e-02
1798 9.422739e-07 6.428372e-03
1799 7.839398e-08 2.880579e-03
1800 1.344047e-05 5.501625e-02
1801 1.537120e-05 4.362232e-03
1802 2.866692e-05 3.841306e-02
1803 2.034233e-07 2.042037e-03
1804 4.283371e-06 2.542418e-03
1805 8.337891e-08 1.103076e-02
1806 3.791684e-06 5.502711e-03
1807 1.646183e-07 1.557754e-03
1808 1.362554e-03 6.509424e-01
1809 4.950255e-06 1.071993e-02
1810 7.112183e-04 1.724116e-01
1811 7.069566e-07 7.819692e-03
1812 1.014923e-07 5.929188e-03
1813 4.889748e-06 1.403829e-02
1814 1.083817e-07 2.828362e-03
1815 5.882019e-05 2.457568e-02
1816 1.516655e-05 2.256611e-02
1817 1.707208e-06 4.742024e-03
1818 2.159727e-06 4.800304e-03
1819 5.127088e-11 2.082379e-03
1820 6.732895e-08 1.593110e-03
1821 6.618324e-08 3.409174e-03
1822 3.047591e-04 1.395012e-01
1823 6.294968e-06 3.839886e-02
1824 9.378329e-06 4.564587e-02
1825 3.454921e-03 3.841668e-01
1826 2.254793e-04 1.486699e-01
1827 7.592318e-05 4.027181e-02
1828 1.216254e-04 2.108666e-02
1829 1.406479e-05 1.037294e-02
1830 4.651115e-07 3.015044e-03
1831 3.770398e-08 1.701603e-03
1832 6.497413e-06 1.447455e-02
1833 1.378537e-05 6.736968e-03
1834 5.187325e-07 3.523548e-03
1835 8.213416e-07 3.559304e-03
1836 1.876213e-03 2.662206e-01
1837 4.054178e-04 2.166620e-01
1838 7.459184e-05 9.097535e-03
1839 1.157432e-05 3.686178e-02
1840 4.948495e-05 3.459833e-02
1841 1.735691e-04 5.910601e-02
1842 1.495599e-06 6.796713e-03
1843 3.148317e-06 8.466159e-03
1844 1.400624e-07 2.753546e-03
1845 1.540331e-04 2.210173e-02
1846 3.330543e-09 3.506792e-03
1847 2.745959e-05 5.899924e-02
1848 2.821118e-08 2.205312e-03
1849 1.268466e-07 1.366940e-02
1850 1.179386e-07 1.478597e-02
1851 3.577856e-06 3.605323e-02
1852 6.372813e-06 1.586764e-02
1853 9.387619e-05 4.535752e-02
1854 8.220399e-05 1.124842e-01
1855 8.943188e-05 3.383408e-02
1856 8.976926e-09 2.267180e-03
1857 4.912446e-08 4.625879e-03
1858 5.600108e-07 3.508118e-03
1859 4.495538e-07 3.257314e-03
1860 2.561313e-06 2.208077e-02
1861 1.724047e-06 7.546508e-03
1862 1.192219e-03 3.157339e-01
1863 4.513019e-08 3.006179e-03
1864 4.075319e-07 2.625249e-03
1865 1.577407e-07 1.140172e-02
1866 1.687731e-04 7.091763e-02
1867 5.051258e-09 2.610769e-03
1868 3.946493e-05 8.032690e-03
1869 5.425030e-03 3.228035e-01
1870 1.288639e-06 5.933252e-03
1871 1.177476e-06 1.123181e-02
1872 1.346719e-08 7.173572e-03
1873 1.657465e-08 1.839181e-03
1874 1.554156e-06 2.129378e-03
1875 3.232168e-03 4.623778e-01
1876 7.134656e-08 2.419941e-03
1877 4.856010e-06 2.975178e-03
1878 4.341494e-07 6.514288e-03
1879 7.575245e-07 1.157358e-02
1880 7.612221e-05 2.778385e-02
1881 5.723722e-06 4.476901e-02
1882 8.522565e-08 3.945239e-03
1883 2.877228e-06 1.306448e-02
1884 7.778278e-04 1.400213e-01
1885 6.777711e-06 6.245448e-03
1886 1.614058e-04 1.363224e-02
1887 3.464261e-05 2.267693e-02
1888 2.537968e-06 3.110217e-03
1889 9.651187e-08 1.309685e-03
1890 6.306361e-06 1.154916e-02
1891 1.199132e-04 1.162316e-01
1892 2.655151e-06 1.444149e-02
1893 1.950619e-04 4.378806e-02
1894 5.961802e-03 6.934072e-01
1895 1.180358e-04 4.485453e-02
1896 5.757907e-04 8.484954e-02
1897 6.100535e-07 3.964405e-03
1898 2.011128e-05 4.735856e-02
1899 5.167109e-06 9.115740e-03
1900 8.535341e-04 8.559695e-02
1901 1.689478e-06 4.824598e-03
1902 6.335160e-08 1.849165e-03
1903 1.877053e-06 1.085637e-02
1904 3.858041e-06 7.842182e-03
1905 3.169129e-06 5.121417e-03
1906 1.688615e-06 5.336291e-03
1907 2.463567e-08 3.759666e-03
1908 4.639897e-07 1.674788e-03
1909 8.844909e-05 8.892344e-03
1910 1.503832e-04 7.207087e-02
1911 2.961418e-04 5.682352e-02
1912 7.477393e-05 6.821365e-02
1913 7.621423e-05 5.883331e-02
1914 2.334648e-06 4.645785e-03
1915 7.769701e-08 7.893502e-03
1916 9.972215e-04 6.516566e-01
1917 8.124223e-04 2.884462e-01
1918 3.291154e-05 3.049870e-02
1919 3.232273e-05 1.459060e-02
1920 9.443888e-05 2.210082e-02
1921 1.801015e-08 1.366664e-03
1922 5.304981e-06 4.054220e-03
1923 4.413785e-06 2.880337e-03
1924 1.161448e-06 2.335978e-03
1925 8.104957e-07 2.106178e-03
1926 3.771871e-04 1.203904e-01
1927 2.094938e-06 1.128480e-02
1928 9.275622e-08 1.789501e-03
1929 2.526692e-05 1.105780e-02
1930 5.169844e-06 1.724951e-02
1931 2.630477e-05 2.005491e-02
1932 1.581983e-06 3.348280e-02
1933 6.453521e-06 1.576103e-02
1934 7.740055e-05 6.203612e-02
1935 3.103623e-06 1.396997e-02
1936 2.247712e-06 1.242882e-02
1937 3.347951e-06 5.056196e-03
1938 7.938084e-09 2.009986e-03
1939 4.389388e-04 2.251450e-01
1940 1.652085e-06 2.248483e-02
1941 9.531873e-06 1.470715e-02
1942 7.311173e-05 7.368472e-02
1943 1.611556e-06 3.200992e-02
1944 1.375444e-03 1.512616e-01
1945 1.529220e-04 3.515517e-02
1946 1.796445e-05 5.515639e-03
1947 1.819044e-05 4.275443e-03
1948 1.555989e-08 1.707276e-03
1949 9.480828e-05 8.963841e-02
1950 1.696879e-04 2.420295e-02
1951 6.728669e-06 3.854222e-02
1952 4.494915e-06 6.891816e-03
1953 3.349261e-04 3.495362e-02
1954 5.184002e-05 7.314685e-02
1955 1.418081e-05 8.853357e-03
1956 5.683630e-05 4.989998e-02
1957 4.460005e-06 7.681567e-03
1958 3.811488e-05 1.925069e-02
1959 4.556040e-06 2.625112e-02
1960 1.503395e-05 2.825300e-02
1961 1.484191e-04 8.978636e-02
1962 7.824461e-05 4.129700e-02
1963 1.328468e-04 5.722837e-02
1964 1.758818e-06 3.917063e-03
1965 4.954759e-06 1.461126e-02
1966 1.206169e-06 6.609146e-03
1967 2.198836e-05 5.365708e-02
1968 1.214551e-08 2.102158e-03
1969 1.908719e-03 1.537583e-01
1970 9.621231e-05 6.360767e-02
1971 1.207911e-03 2.698397e-01
1972 9.988115e-05 9.855777e-03
1973 4.017160e-04 1.654870e-01
1974 1.716763e-07 4.233646e-03
1975 4.005295e-04 1.648518e-01
1976 1.469424e-04 7.482516e-02
1977 7.029665e-06 6.798896e-03
1978 7.920373e-08 4.042820e-03
1979 1.765626e-04 4.466748e-02
1980 4.105187e-05 5.576632e-03
1981 4.173480e-05 5.225229e-02
1982 3.708389e-07 2.776448e-03
1983 2.233929e-06 2.202702e-03
1984 6.680364e-06 2.749486e-02
1985 2.122605e-05 1.093790e-02
1986 1.226041e-05 5.168582e-03
1987 3.109225e-06 3.482454e-02
1988 3.409811e-04 1.677639e-01
1989 5.053278e-07 1.418713e-03
1990 2.373943e-06 4.752402e-03
1991 9.461488e-06 7.648142e-03
1992 2.432299e-03 2.975382e-01
1993 1.192428e-07 1.182360e-03
1994 8.998383e-08 1.249759e-03
1995 2.292003e-04 7.642843e-02
1996 1.262977e-05 5.320994e-03
1997 6.974454e-07 2.066302e-03
1998 6.538038e-05 1.119806e-02
1999 6.736576e-04 8.839454e-02
2000 1.106068e-06 2.543548e-03
2001 6.833126e-07 3.097721e-03
