1 5.503546e-03 7.835802e-01
2 1.718168e-06 2.043988e-02
3 3.700834e-06 2.819445e-03
4 1.188579e-07 1.863271e-03
5 1.083685e-07 2.623061e-03
6 4.974638e-04 4.509319e-01
7 1.947884e-05 1.357361e-02
8 1.069714e-06 4.267335e-02
9 1.683875e-09 2.383768e-03
10 5.293196e-05 9.196476e-02
11 4.999612e-08 5.167772e-03
12 1.292109e-09 1.231048e-03
13 5.551425e-05 2.283507e-01
14 1.603867e-07 7.637007e-03
15 3.676473e-07 3.077509e-03
16 1.388333e-05 2.562914e-02
17 2.334632e-07 1.930302e-03
18 2.263928e-03 2.786565e-01
19 3.046103e-06 8.045516e-03
20 6.140144e-11 1.022713e-03
21 5.271070e-03 9.360148e-01
22 3.278175e-06 5.715941e-03
23 2.837920e-05 3.308652e-02
24 2.989853e-03 3.066324e-01
25 5.494362e-04 2.297333e-01
26 4.259972e-06 4.523407e-03
27 4.089597e-05 2.250009e-02
28 4.702691e-07 3.625288e-03
29 1.193668e-03 5.751513e-01
30 1.120240e-03 7.000582e-01
31 2.455397e-04 2.663845e-01
32 1.216185e-04 1.570105e-02
33 3.885607e-08 1.229345e-03
34 7.942742e-09 1.156201e-03
35 2.075765e-07 3.137577e-03
36 3.094276e-03 5.158608e-01
37 3.928207e-04 9.670179e-02
38 1.203364e-06 8.839173e-03
39 3.416343e-09 1.949472e-03
40 6.733768e-07 3.533860e-03
41 2.019529e-05 2.350805e-02
42 6.596009e-08 5.031475e-03
43 1.004210e-03 3.586060e-01
44 1.240666e-04 7.664280e-02
45 2.098926e-04 1.228478e-01
46 3.273883e-05 1.095115e-02
47 9.439428e-05 2.749925e-01
48 1.363079e-04 1.117861e-01
49 1.588527e-05 9.740769e-03
50 2.718576e-03 7.801379e-01
51 1.074550e-06 1.193790e-02
52 8.374866e-06 2.402456e-02
53 2.587559e-05 7.851929e-03
54 3.569110e-07 9.943327e-03
55 2.419961e-06 5.102925e-03
56 3.194865e-06 9.030334e-03
57 3.571293e-07 1.458342e-02
58 1.879793e-03 1.834490e-01
59 2.954113e-04 5.504011e-02
60 2.064448e-09 1.410602e-03
61 3.556239e-03 1.024218e+00
62 1.529099e-05 3.333915e-02
63 1.987467e-08 1.922182e-03
64 2.683697e-08 4.167006e-03
65 1.984276e-05 4.418180e-02
66 7.451472e-07 4.599973e-03
67 1.448537e-06 7.341457e-03
68 3.256090e-06 8.216236e-03
69 2.672920e-08 1.426209e-03
70 1.092442e-08 1.342930e-03
71 5.069871e-04 2.412396e-01
72 1.115652e-05 1.939355e-02
73 4.703319e-08 4.148826e-03
74 1.829643e-04 1.900234e-01
75 1.107248e-05 1.071502e-02
76 4.547171e-07 2.847556e-03
77 1.817537e-05 3.817734e-02
78 5.283673e-04 2.900889e-01
79 1.674523e-03 2.062883e-01
80 1.724057e-06 2.815663e-03
81 2.511383e-07 1.632118e-03
82 1.214874e-05 5.373496e-03
83 1.366826e-04 2.460717e-02
84 2.575597e-08 1.874315e-03
85 3.081641e-04 1.224145e-01
86 5.516089e-06 7.164109e-03
87 2.320417e-07 2.823256e-03
88 6.592505e-08 1.703796e-03
89 3.582135e-06 2.276381e-02
90 1.577962e-03 2.412455e-01
91 2.779804e-03 2.370449e-01
92 2.817614e-03 8.597354e-01
93 6.391119e-06 1.401124e-02
94 1.179761e-06 4.112081e-03
95 4.374369e-03 8.136057e-01
96 1.036527e-04 1.554925e-02
97 7.212271e-08 3.515077e-02
98 1.479346e-07 3.484790e-03
99 1.110041e-04 2.100756e-02
100 4.306629e-03 1.460873e+00
101 2.988300e-06 4.887357e-03
102 9.126303e-07 1.503142e-02
103 1.912391e-03 4.052347e-01
104 1.926514e-05 4.204586e-02
105 3.189437e-05 6.608622e-02
106 1.104781e-07 8.988298e-03
107 1.819991e-08 2.878508e-03
108 1.644015e-06 1.916517e-02
109 2.168219e-07 5.122914e-03
110 1.478852e-06 1.164761e-02
111 4.045008e-03 5.946286e-01
112 5.173428e-04 1.070249e-01
113 3.324953e-03 7.078554e-01
114 1.323022e-03 4.757117e-01
115 2.288849e-04 1.524114e-01
116 8.137466e-04 2.809322e-01
117 6.653273e-04 1.799938e-01
118 3.940456e-03 4.450229e-01
119 2.398654e-10 4.547715e-03
120 1.373266e-10 3.640465e-03
121 2.701942e-08 1.149553e-02
122 3.402812e-08 1.884839e-03
123 4.628906e-07 5.968932e-03
124 1.493817e-06 1.363875e-02
125 1.153725e-09 3.999626e-03
126 2.996537e-07 6.103272e-03
127 2.000015e-08 9.663892e-03
128 2.174432e-07 7.848725e-03
129 1.386586e-08 4.471949e-03
130 1.023892e-08 3.977090e-03
131 2.389065e-08 5.907922e-03
132 2.254333e-07 4.669616e-03
133 5.884802e-08 7.675549e-03
134 3.904901e-06 2.240895e-02
135 1.986612e-08 4.539694e-03
136 9.712777e-08 4.101344e-03
137 2.075297e-06 1.259874e-02
138 5.966819e-09 9.366540e-03
139 4.681695e-08 8.727308e-03
140 1.952938e-08 5.186832e-03
141 1.545358e-09 3.030311e-03
142 5.214950e-08 3.127612e-03
143 1.153188e-07 6.937587e-03
144 8.254157e-09 8.569388e-03
145 1.418531e-09 4.700380e-03
146 3.104204e-08 6.129522e-03
147 3.058820e-08 6.326102e-03
148 4.489073e-09 7.990116e-03
149 4.122488e-08 4.299009e-03
150 1.334334e-09 3.987945e-03
151 1.976064e-07 1.008547e-02
152 9.531293e-08 5.961164e-03
153 1.477722e-08 2.987072e-03
154 1.146055e-08 3.765543e-03
155 2.425607e-09 3.023928e-03
156 8.778973e-08 3.876566e-03
157 3.902885e-08 4.037759e-03
158 9.160190e-07 4.746286e-03
159 1.655800e-07 5.913080e-03
160 1.479413e-07 5.184130e-03
161 2.786387e-08 3.132904e-03
162 5.049043e-09 3.003722e-03
163 5.632824e-09 3.081272e-03
164 4.516198e-10 1.642586e-03
165 4.925673e-10 1.682262e-03
166 9.129349e-11 1.657497e-03
167 1.651630e-09 2.937751e-03
168 7.235382e-08 3.311834e-03
169 9.004188e-07 6.116419e-03
170 1.233722e-10 1.639725e-03
171 1.071881e-08 3.422039e-03
172 3.853345e-09 3.219402e-03
173 2.723052e-10 1.619407e-03
174 1.588123e-09 3.087918e-03
175 6.951688e-09 3.094710e-03
176 3.226157e-09 2.999115e-03
177 4.662597e-10 1.656875e-03
178 7.760370e-08 2.299718e-03
179 4.260641e-10 1.614941e-03
180 5.407649e-09 3.095867e-03
181 3.254505e-10 2.125469e-03
182 1.466482e-09 3.397990e-03
183 1.179374e-10 1.196601e-03
184 7.803930e-11 1.614897e-03
185 3.698690e-10 1.233289e-03
186 8.173489e-09 2.179824e-03
187 2.733941e-10 1.906941e-03
188 3.309673e-11 1.592571e-03
189 4.076395e-11 1.134010e-03
190 2.259589e-10 1.208920e-03
191 2.164357e-05 2.078645e-02
192 2.646198e-06 4.221165e-03
193 1.557415e-04 5.373126e-02
194 1.085947e-04 5.327624e-02
195 3.590614e-06 6.900898e-03
196 1.888157e-05 1.763661e-02
197 2.312062e-04 8.316170e-02
198 7.674137e-07 6.605708e-03
199 3.641030e-06 1.469480e-02
200 2.199144e-06 1.079897e-02
201 3.398954e-05 1.999217e-02
202 1.109384e-05 2.338232e-02
203 1.349677e-07 3.526829e-03
204 2.808645e-06 6.648570e-03
205 1.199635e-06 8.622738e-03
206 2.298023e-07 3.899687e-03
207 3.507290e-07 9.664096e-03
208 2.973108e-08 3.467969e-03
209 3.574529e-07 8.231856e-03
210 3.486894e-07 4.827236e-03
211 6.976374e-08 2.421400e-03
212 3.104756e-04 5.391909e-02
213 7.223911e-08 2.472492e-03
214 4.628758e-08 4.266246e-03
215 2.851351e-06 5.134404e-03
216 1.986395e-06 8.211300e-03
217 1.545213e-07 2.120045e-03
218 8.066792e-06 2.681407e-02
219 3.259642e-05 2.007894e-02
220 6.908013e-08 3.564899e-03
221 3.990204e-07 3.995410e-03
222 2.677162e-07 7.089789e-03
223 7.068979e-07 9.793718e-03
224 4.932549e-09 3.044734e-03
225 3.292483e-07 5.499172e-03
226 2.262971e-07 3.686170e-03
227 1.331272e-07 4.285437e-03
228 1.439656e-07 5.060733e-03
229 9.896462e-06 1.520307e-02
230 2.282721e-06 8.000076e-03
231 8.165836e-07 6.804519e-03
232 3.077435e-07 5.108154e-03
233 4.793315e-07 6.190774e-03
234 1.463083e-06 5.041400e-03
235 3.369664e-08 4.503657e-03
236 2.478504e-06 5.080579e-03
237 1.031995e-08 3.368551e-03
238 5.180285e-07 5.732508e-03
239 2.281379e-08 3.548398e-03
240 1.458080e-07 3.160303e-03
241 7.930581e-07 4.111070e-03
242 9.151559e-07 5.042477e-03
243 3.505046e-08 3.174317e-03
244 2.800329e-07 4.703571e-03
245 3.214805e-07 4.989140e-03
246 7.222757e-08 3.839326e-03
247 2.692597e-07 4.946007e-03
248 1.702461e-07 2.670228e-03
249 6.454752e-06 7.933019e-03
250 5.517581e-07 4.196523e-03
251 2.726596e-07 2.909066e-03
252 3.147451e-06 7.053758e-03
253 1.195505e-08 3.334977e-03
254 7.650880e-08 4.826819e-03
255 1.569240e-06 6.561222e-03
256 9.619286e-08 2.740374e-03
257 9.273585e-08 3.444920e-03
258 1.859595e-05 7.124675e-03
259 6.337413e-05 1.582667e-02
260 1.583547e-05 1.546969e-02
261 3.504659e-05 1.469552e-02
262 1.141328e-06 6.663738e-03
263 2.073098e-05 8.908869e-03
264 1.028422e-05 2.063568e-02
265 9.427398e-07 7.242366e-03
266 2.106711e-05 2.025367e-02
267 3.318147e-05 4.585363e-02
268 6.646687e-07 2.085074e-02
269 8.500959e-07 3.190470e-02
270 9.991841e-08 4.404235e-03
271 1.883908e-06 7.409391e-03
272 8.115225e-08 6.853911e-03
273 2.300879e-07 4.475806e-03
274 1.746836e-06 5.693805e-03
275 3.085671e-07 8.634897e-03
276 3.005759e-05 3.728231e-02
277 7.709787e-08 3.482267e-03
278 1.055999e-07 2.703983e-03
279 3.292930e-06 1.652798e-02
280 4.265499e-07 6.118604e-03
281 4.327054e-07 8.665374e-03
282 1.221985e-06 1.274683e-02
283 4.363847e-07 3.412975e-03
284 4.322083e-06 9.347691e-03
285 1.049717e-04 2.966863e-02
286 5.841071e-05 4.089433e-02
287 4.190340e-06 7.306381e-03
288 6.621062e-06 1.500349e-02
289 6.062726e-05 4.688504e-02
290 1.332300e-04 6.679332e-02
291 4.615616e-06 8.320119e-03
292 2.571900e-05 1.980545e-02
293 7.101673e-06 1.872999e-02
294 1.590636e-05 2.842353e-02
295 1.076395e-05 1.854929e-02
296 6.663607e-04 1.403011e-01
297 3.998060e-03 6.655611e-01
298 6.619614e-05 4.254646e-02
299 5.073136e-07 4.586937e-03
300 4.380488e-08 4.599405e-03
301 6.273877e-04 1.473815e-01
302 3.041521e-07 5.117786e-03
303 7.284294e-08 3.111330e-03
304 1.155093e-08 2.280896e-03
305 1.001719e-08 2.666252e-03
306 2.144435e-09 2.689659e-03
307 2.281840e-10 2.646531e-03
308 3.769234e-10 2.581881e-03
309 3.330495e-06 6.153985e-03
310 1.505575e-09 3.223213e-03
311 5.837859e-11 2.653567e-03
312 1.278207e-07 2.244671e-03
313 1.675601e-10 2.542537e-03
314 3.590311e-10 2.549011e-03
315 9.319503e-11 2.676363e-03
316 4.589656e-09 2.822164e-03
317 1.693537e-10 1.929804e-03
318 6.763843e-10 1.947569e-03
319 9.226045e-08 2.282963e-03
320 6.600979e-11 2.507134e-03
321 4.782827e-11 1.426053e-03
322 1.542214e-04 7.357713e-02
323 2.917392e-05 9.763590e-02
324 5.172483e-09 9.485872e-03
325 3.168152e-06 1.445667e-02
326 2.832980e-08 3.484792e-03
327 1.622430e-06 2.378266e-02
328 9.396652e-07 9.744160e-03
329 1.438060e-04 8.846227e-02
330 1.319951e-03 5.341882e-01
331 1.216104e-05 3.371663e-02
332 4.514817e-04 1.942545e-01
333 1.737920e-07 5.075786e-03
334 2.514493e-06 1.436093e-02
335 6.586580e-08 8.352033e-03
336 1.081375e-06 1.553600e-02
337 3.294713e-04 7.557819e-02
338 4.618918e-05 2.095882e-02
339 7.471041e-04 3.216205e-01
340 3.656564e-06 6.534237e-03
341 2.999808e-06 6.587785e-03
342 1.776901e-05 1.927701e-02
343 1.068065e-05 4.322937e-02
344 2.689726e-07 3.948257e-03
345 2.200676e-06 7.985885e-03
346 2.287124e-07 2.533733e-03
347 7.386784e-08 2.962665e-03
348 7.353240e-06 1.020374e-02
349 3.211168e-06 1.102658e-02
350 1.865447e-08 3.253329e-03
351 1.312983e-08 2.853802e-03
352 8.287602e-07 2.936093e-03
353 9.518363e-06 7.369294e-03
354 3.412659e-06 4.429744e-03
355 4.822447e-07 4.696135e-03
356 5.358595e-08 2.357926e-03
357 1.485117e-05 1.091770e-02
358 6.912314e-06 2.483366e-02
359 1.335793e-06 7.075948e-03
360 1.137085e-06 6.149241e-03
361 1.587695e-05 4.326660e-02
362 7.540513e-08 2.449086e-03
363 9.605595e-09 3.361849e-03
364 8.287602e-07 2.936093e-03
365 1.987887e-05 2.816358e-02
366 7.410453e-06 1.008120e-02
367 2.840896e-06 1.059975e-02
368 3.211168e-06 1.102658e-02
369 2.713986e-05 8.625522e-02
370 1.838254e-06 1.389335e-02
371 1.586791e-06 1.962947e-02
372 2.118292e-03 8.937881e-01
373 6.246830e-05 1.731307e-01
374 4.349985e-03 7.244587e-01
375 6.528318e-06 2.451869e-02
376 8.483445e-04 2.272715e-01
377 4.291340e-06 9.135677e-03
378 1.219104e-04 2.709042e-02
379 7.672831e-06 8.781881e-03
380 4.555627e-05 1.125575e-02
381 1.893464e-07 1.908819e-03
382 1.609423e-06 1.007410e-02
383 9.048969e-08 1.822043e-03
384 6.339330e-06 7.917985e-03
385 2.165401e-08 4.589917e-03
386 8.461252e-07 6.472709e-03
387 1.112217e-05 1.533850e-02
388 3.132880e-08 2.768899e-03
389 1.925104e-06 6.203042e-03
390 1.054915e-06 4.770146e-03
391 1.459823e-05 3.178465e-02
392 8.577648e-05 1.538819e-02
393 7.064053e-06 1.560357e-02
394 2.640916e-07 2.998836e-03
395 9.786026e-07 8.300246e-03
396 2.519888e-05 3.560722e-02
397 1.880617e-05 1.577933e-02
398 6.571896e-05 3.179380e-02
399 4.239678e-06 1.008558e-02
400 2.706938e-05 3.722446e-02
401 5.515928e-06 8.139066e-03
402 5.158891e-07 6.964253e-03
403 1.497331e-06 9.108277e-03
404 1.679344e-05 1.504110e-02
405 3.324128e-06 1.104893e-02
406 6.628626e-07 8.811054e-03
407 2.292857e-07 4.535789e-03
408 2.938825e-06 9.693496e-03
409 3.455514e-03 3.500080e-01
410 2.737255e-05 1.900644e-02
411 1.182603e-05 1.749757e-02
412 2.975543e-04 4.656381e-02
413 1.747693e-06 7.999615e-03
414 2.940333e-06 9.490011e-03
415 2.141863e-06 5.780022e-03
416 6.716384e-07 6.660803e-03
417 3.107163e-06 9.603600e-03
418 3.766988e-04 9.599428e-02
419 1.526945e-04 1.530763e-01
420 2.316693e-04 5.248914e-02
421 6.089255e-06 2.085026e-02
422 1.293135e-05 3.037166e-02
423 2.540749e-04 7.714426e-02
424 5.394073e-04 2.093782e-01
425 4.925217e-04 8.860008e-02
426 2.861064e-05 4.519790e-02
427 6.082959e-04 1.620379e-01
428 5.270774e-05 3.424031e-02
429 3.466334e-05 2.800180e-02
430 7.241579e-05 3.737304e-02
431 1.758877e-04 5.251604e-02
432 3.661622e-05 2.442495e-02
433 5.005124e-05 2.119310e-02
434 8.336273e-05 3.835615e-02
435 3.086253e-05 4.881471e-02
436 8.223625e-05 3.048126e-02
437 5.454756e-05 3.507040e-02
438 2.340013e-05 2.647301e-02
439 2.414061e-03 2.448659e-01
440 6.938500e-05 2.156817e-02
441 2.623667e-05 1.697032e-02
442 3.059012e-04 6.610942e-02
443 1.813317e-05 2.389323e-02
444 1.949674e-03 2.743865e-01
445 2.439875e-04 1.814605e-01
446 9.399023e-11 9.154226e-04
447 1.015817e-10 1.224537e-03
448 9.797905e-12 9.088605e-04
449 6.666413e-11 9.125924e-04
450 7.703647e-11 9.935030e-04
451 1.675958e-08 1.781691e-03
452 5.535538e-10 1.227382e-03
453 5.707166e-09 1.121947e-03
454 5.560154e-10 1.245283e-03
455 5.897877e-09 1.250979e-03
456 4.796632e-11 1.031945e-03
457 4.910332e-13 9.244452e-04
458 1.239343e-09 1.233091e-03
459 1.710723e-06 1.447236e-02
460 9.150413e-10 2.593548e-03
461 2.717057e-11 1.054474e-03
462 9.398453e-09 2.965370e-03
463 3.687281e-09 1.127510e-03
464 1.318284e-09 1.328762e-03
465 8.721494e-11 1.151009e-03
466 3.608525e-10 1.380991e-03
467 1.328881e-10 1.082763e-03
468 8.549630e-11 1.091933e-03
469 1.229330e-09 1.325833e-03
470 8.552439e-10 1.754934e-03
471 2.648025e-10 1.218716e-03
472 2.245575e-10 1.118990e-03
473 8.509857e-10 1.318760e-03
474 5.908598e-11 1.048069e-03
475 2.890652e-09 1.316023e-03
476 5.926781e-09 1.412355e-03
477 1.201737e-06 3.175866e-03
478 4.625526e-06 7.617092e-03
479 1.278403e-08 1.574431e-03
480 3.473984e-09 2.067239e-03
481 1.091345e-09 1.858963e-03
482 1.189500e-09 2.108205e-03
483 7.024866e-10 2.060950e-03
484 6.056525e-08 2.117729e-03
485 2.270015e-09 1.759871e-03
486 3.017833e-06 1.367229e-02
487 2.933662e-09 1.487278e-03
488 8.239311e-07 9.372460e-03
489 1.967423e-03 3.290121e-01
490 1.987942e-06 6.885199e-03
491 1.164647e-06 8.752690e-03
492 5.503528e-07 5.714712e-03
493 6.599130e-07 6.686626e-03
494 9.712616e-09 6.449440e-03
495 4.407196e-08 4.937583e-03
496 4.811494e-05 2.755390e-02
497 2.773384e-05 4.434873e-02
498 1.523152e-06 7.959922e-03
499 2.776879e-08 7.821299e-03
500 2.018915e-08 5.139163e-03
501 2.723688e-06 8.807208e-03
502 5.080770e-04 2.487838e-01
503 7.415570e-06 9.644082e-03
504 1.321669e-05 9.949741e-03
505 1.386759e-06 7.088895e-03
506 7.914582e-05 3.203050e-02
507 1.868547e-05 2.798564e-02
508 2.896600e-06 1.255104e-02
509 2.960498e-07 8.591586e-03
510 2.816689e-06 1.168872e-02
511 1.226080e-06 6.126168e-03
512 6.966372e-07 8.150996e-03
513 3.276557e-06 7.885164e-03
514 4.456524e-03 7.569529e-01
515 5.418135e-07 6.939387e-03
516 2.328859e-07 6.841348e-03
517 2.721691e-06 1.372269e-02
518 2.469618e-07 6.889357e-03
519 8.917982e-06 2.296805e-02
520 4.439977e-06 1.844826e-02
521 6.565234e-05 2.633844e-02
522 6.020909e-05 2.359507e-02
523 2.813574e-05 2.503644e-02
524 8.263799e-07 1.301185e-02
525 4.948351e-06 7.899346e-03
526 1.294076e-05 2.315079e-02
527 2.687613e-06 9.684274e-03
528 2.462527e-07 5.965923e-03
529 7.566114e-06 1.716610e-02
530 6.823261e-07 5.102298e-03
531 1.268875e-06 7.186594e-03
532 5.289783e-06 1.844189e-02
533 1.720845e-06 1.236849e-02
534 5.560487e-07 1.139113e-02
535 2.919742e-06 1.211823e-02
536 3.475507e-05 3.677677e-02
537 6.212263e-06 2.438172e-02
538 1.140110e-06 1.248954e-02
539 3.042652e-05 2.337914e-02
540 7.741290e-06 2.210179e-02
541 1.179116e-05 2.435089e-02
542 8.882437e-04 1.686990e-01
543 3.350283e-06 1.877009e-02
544 2.007406e-06 7.360012e-03
545 2.815305e-06 7.309548e-03
546 6.784992e-06 5.852716e-03
547 1.542557e-09 2.494572e-03
548 2.851166e-08 3.021820e-03
549 1.670183e-08 1.589794e-03
550 8.817387e-07 5.536817e-03
551 4.422818e-07 2.626230e-03
552 4.650643e-06 1.872901e-02
553 4.696498e-05 3.130213e-02
554 8.814055e-06 8.891704e-03
555 5.863322e-06 1.161413e-02
556 2.915387e-07 3.002391e-03
557 3.260081e-07 3.769928e-03
558 1.637225e-05 1.149828e-02
559 4.836641e-08 2.468122e-03
560 5.591219e-07 3.964952e-03
561 7.110773e-07 3.130770e-03
562 6.900944e-07 3.385730e-03
563 1.941968e-07 4.782582e-03
564 3.137591e-07 3.243399e-03
565 1.377913e-06 1.428848e-02
566 6.639185e-06 5.547111e-03
567 2.688699e-04 7.271838e-02
568 9.090905e-05 1.860533e-02
569 3.384431e-04 6.255356e-02
570 1.973177e-05 1.309170e-02
571 1.032705e-05 7.977549e-03
572 8.497634e-05 2.185057e-02
573 1.940681e-05 6.415825e-03
574 1.497808e-04 2.413159e-02
575 1.432639e-05 7.434343e-03
576 3.708852e-05 1.385120e-02
577 9.576820e-06 1.160044e-02
578 3.906293e-06 9.663318e-03
579 1.353189e-03 6.520351e-01
580 9.141454e-05 2.438174e-02
581 1.470205e-05 4.499107e-03
582 2.346625e-04 4.749782e-02
583 1.627562e-05 9.884215e-03
584 4.474287e-05 1.336450e-02
585 2.421016e-04 6.506150e-02
586 3.670155e-06 1.259392e-02
587 1.147660e-05 1.298626e-02
588 3.975096e-06 1.007951e-02
589 8.467954e-07 2.584428e-03
590 8.431669e-04 3.227142e-01
591 4.491318e-04 1.037978e-01
592 2.100226e-06 6.283104e-03
593 1.076929e-05 1.623610e-02
594 1.429494e-04 2.459045e-02
595 9.546902e-08 6.655622e-03
596 1.988428e-03 8.105008e-01
597 1.617703e-10 1.912635e-03
598 1.226599e-08 1.968772e-03
599 3.535733e-09 1.938309e-03
600 1.463062e-08 2.062013e-03
601 6.884124e-08 3.032283e-03
602 7.200384e-09 2.563795e-03
603 8.581407e-09 3.253945e-03
604 3.474324e-10 1.931482e-03
605 1.345539e-08 2.077992e-03
606 3.061664e-10 1.932120e-03
607 2.839791e-10 1.777682e-03
608 8.817076e-10 2.031228e-03
609 5.350910e-06 1.256776e-02
610 8.110323e-07 4.293954e-03
611 6.963573e-04 2.643469e-01
612 2.348530e-06 2.554524e-02
613 9.113619e-06 1.853806e-02
614 7.601004e-06 2.610902e-02
615 4.031096e-07 1.031171e-02
616 2.860602e-09 3.280965e-03
617 5.382510e-06 1.261118e-02
618 3.831908e-08 4.231104e-03
619 8.100117e-08 5.029406e-03
620 1.490634e-08 5.446869e-03
621 2.765514e-04 5.610650e-02
622 4.972970e-08 5.942244e-03
623 1.501288e-08 7.248824e-03
624 2.595104e-07 6.016152e-03
625 1.939139e-07 4.550985e-03
626 1.841164e-03 5.168119e-01
627 9.454726e-07 4.975129e-03
628 4.082777e-07 1.265392e-02
629 6.950031e-05 5.836208e-02
630 7.096532e-05 3.487581e-02
631 5.067096e-05 2.527719e-02
632 2.640033e-05 3.807658e-02
633 6.454173e-08 6.068768e-03
634 7.652880e-07 5.279169e-03
635 1.402105e-07 5.163605e-03
636 1.965592e-07 7.249254e-03
637 1.751835e-06 1.359338e-02
638 3.681607e-08 8.792888e-03
639 1.062776e-06 1.528248e-02
640 2.671309e-07 4.763243e-03
641 7.727253e-08 5.574706e-03
642 1.516350e-07 6.943274e-03
643 8.343398e-06 3.468409e-02
644 1.876764e-06 6.231546e-03
645 2.126317e-06 1.241839e-02
646 9.004655e-07 1.905390e-02
647 1.232477e-06 7.565670e-03
648 1.366114e-05 2.615926e-02
649 6.426059e-07 1.058829e-02
650 3.322317e-07 5.731778e-03
651 1.023669e-07 6.386784e-03
652 3.827656e-07 7.568668e-03
653 8.224821e-04 3.466566e-01
654 1.657958e-04 7.175015e-02
655 3.920010e-08 2.904145e-03
656 4.788647e-05 2.945017e-02
657 1.918784e-03 5.218529e-01
658 8.980504e-06 2.434355e-02
659 7.796975e-07 1.338174e-02
660 2.658541e-06 1.380171e-02
661 1.395624e-05 3.469183e-02
662 2.155003e-04 2.209181e-01
663 1.917124e-06 1.391049e-02
664 2.632415e-06 1.438085e-02
665 3.456390e-06 1.658353e-02
666 1.892844e-05 3.109340e-02
667 1.498173e-05 1.796149e-02
668 3.267337e-07 7.016306e-03
669 7.642356e-06 2.972764e-02
670 1.109224e-04 3.852095e-02
671 2.120743e-05 3.895648e-02
672 3.595258e-07 6.940295e-03
673 1.261278e-04 1.669661e-01
674 3.139264e-06 7.307544e-03
675 9.282439e-04 1.706603e-01
676 1.392123e-06 1.666574e-02
677 4.150108e-05 3.316118e-02
678 1.422968e-07 8.046403e-03
679 1.846868e-04 1.112130e-01
680 2.521427e-08 3.441152e-03
681 2.559630e-06 1.316942e-02
682 4.035375e-03 7.300239e-01
683 8.759928e-07 1.567613e-02
684 1.994274e-03 2.327213e-01
685 1.925778e-07 8.797209e-03
686 7.508413e-04 2.932236e-01
687 4.909025e-06 7.709414e-03
688 3.105702e-07 8.255560e-03
689 4.890120e-07 9.010002e-03
690 6.688698e-06 1.423144e-02
691 1.015975e-06 1.512646e-02
692 4.762610e-07 1.182594e-02
693 1.945410e-06 9.299040e-03
694 3.560357e-06 5.554737e-03
695 9.017492e-06 8.831326e-03
696 2.452101e-04 1.077139e-01
697 6.248531e-06 8.114610e-02
698 3.330962e-04 1.653866e-01
699 6.347702e-07 1.661866e-02
700 1.643373e-04 2.527480e-02
701 2.017606e-06 9.315700e-03
702 1.394757e-05 1.497680e-02
703 1.004988e-06 7.200424e-03
704 1.832774e-04 3.307712e-02
705 7.174335e-05 1.360763e-02
706 1.053374e-05 1.461127e-02
707 1.245838e-05 8.936297e-03
708 1.072795e-03 4.838175e-01
709 6.179947e-06 2.414114e-02
710 7.335015e-04 1.007160e-01
711 5.439565e-05 9.274965e-02
712 3.345112e-05 3.864883e-02
713 1.099786e-05 3.542705e-02
714 1.004073e-05 1.970277e-02
715 1.707325e-07 6.478311e-03
716 3.690529e-06 1.792159e-02
717 1.032711e-05 3.092304e-02
718 1.343041e-05 1.223910e-02
719 8.558792e-06 1.175499e-02
720 7.788741e-06 1.934992e-02
721 1.927800e-04 4.027376e-02
722 8.506286e-05 3.266883e-02
723 2.116223e-04 8.250157e-02
724 6.072038e-07 6.849163e-03
725 2.138671e-06 7.162950e-03
726 4.423900e-06 1.203609e-02
727 5.302065e-04 4.278866e-01
728 1.705488e-06 1.268421e-02
729 8.927462e-06 1.381070e-02
730 4.046607e-06 1.763475e-02
731 5.338475e-06 6.576519e-03
732 1.322406e-05 7.888364e-03
733 2.738760e-06 1.029207e-02
734 9.653383e-06 1.432360e-02
735 3.024938e-05 1.300503e-02
736 2.098174e-06 1.978661e-02
737 1.249965e-03 2.733153e-01
738 4.040022e-05 5.106683e-02
739 2.005263e-05 1.093646e-02
740 3.167800e-05 1.318107e-02
741 1.189540e-05 9.854636e-03
742 2.526389e-04 5.758304e-02
743 5.557197e-05 1.902683e-02
744 1.287295e-04 3.290288e-02
745 1.739985e-04 3.796202e-02
746 3.968412e-06 9.710594e-03
747 3.136356e-05 1.207486e-02
748 7.824630e-07 6.021983e-03
749 4.776656e-06 2.853599e-02
750 2.390347e-04 6.161494e-02
751 5.297760e-07 8.181662e-03
752 1.029504e-06 1.133146e-02
753 6.850223e-04 2.475378e-01
754 2.496308e-05 1.866508e-02
755 4.459086e-04 6.310332e-02
756 3.012461e-07 1.077335e-02
757 9.422180e-05 8.398077e-02
758 7.888875e-07 5.436461e-03
759 1.112141e-04 2.990604e-02
760 1.024478e-03 2.013047e-01
761 8.308334e-04 1.453410e-01
762 1.238417e-06 9.841385e-03
763 2.022592e-06 1.165594e-02
764 6.630652e-06 1.063803e-02
765 2.858156e-04 3.425333e-01
766 5.128897e-04 5.633233e-01
767 8.185964e-04 2.581430e-01
768 5.332584e-04 3.482029e-01
769 2.930579e-07 1.122890e-02
770 8.901064e-08 5.026258e-03
771 1.427890e-07 4.877203e-03
772 1.874407e-07 4.730825e-03
773 7.973693e-05 1.309572e-01
774 8.563226e-07 6.538479e-03
775 2.590270e-06 1.125557e-02
776 3.330006e-07 5.677664e-03
777 1.037966e-07 1.022480e-02
778 3.217063e-04 1.160153e-01
779 1.328607e-07 8.933947e-03
780 8.289915e-07 6.248082e-03
781 2.745135e-08 5.343690e-03
782 3.766227e-08 2.400511e-03
783 3.298337e-08 3.589656e-03
784 2.924256e-06 1.839222e-02
785 3.653414e-05 1.267352e-02
786 5.189472e-06 7.768883e-03
787 3.426689e-06 9.415959e-03
788 2.953762e-07 1.145909e-02
789 4.175861e-07 8.411658e-03
790 1.212868e-04 9.515412e-02
791 1.301180e-06 4.287458e-03
792 1.236158e-07 1.030574e-02
793 1.852335e-05 1.321858e-02
794 3.359563e-04 2.295986e-01
795 1.988469e-05 1.635112e-02
796 1.178131e-06 5.972483e-03
797 3.991370e-05 9.102203e-02
798 9.753221e-07 7.365055e-03
799 5.088173e-04 8.357000e-02
800 9.721769e-06 1.852057e-02
801 2.873856e-06 1.076389e-02
802 3.677269e-04 1.274112e-01
803 9.398083e-04 4.523538e-01
804 1.514494e-06 1.069104e-02
805 2.098888e-04 4.860569e-02
806 6.266828e-05 1.284163e-01
807 5.483746e-05 5.122638e-02
808 2.245320e-07 5.927801e-03
809 8.028824e-07 2.373345e-02
810 1.506740e-08 2.325555e-03
811 1.432272e-05 1.611758e-02
812 1.882978e-07 4.270437e-03
813 1.230371e-05 3.653011e-02
814 1.201170e-06 1.353750e-02
815 5.806675e-07 1.590375e-02
816 2.283908e-04 2.487346e-01
817 1.553044e-05 9.515326e-02
818 8.443424e-08 9.975761e-03
819 2.514182e-06 1.281561e-02
820 2.282116e-06 3.706515e-02
821 1.540659e-05 4.096561e-02
822 5.815568e-06 3.343171e-02
823 4.316975e-05 1.159795e-01
824 2.028646e-03 5.808630e-01
825 1.215760e-03 5.259076e-01
826 1.115664e-04 3.368172e-01
827 3.492025e-04 1.169883e-01
828 1.854175e-03 6.756067e-01
829 2.342681e-03 5.500777e-01
830 1.364994e-05 1.107151e-02
831 3.303872e-07 4.704078e-03
832 4.403845e-07 5.145064e-03
833 2.054238e-06 1.088631e-02
834 4.450495e-06 6.354335e-03
835 1.545171e-06 6.715514e-03
836 1.762096e-06 4.797321e-03
837 2.668388e-06 9.279893e-03
838 1.168283e-05 7.194397e-03
839 3.087412e-07 4.977979e-03
840 6.256411e-06 1.826711e-02
841 9.769388e-07 7.125683e-03
842 9.257257e-07 8.532888e-03
843 5.887053e-07 9.780869e-03
844 2.562481e-06 1.952960e-02
845 6.991418e-05 3.640062e-02
846 1.067553e-04 6.047969e-02
847 3.550183e-06 7.886084e-03
848 2.276188e-06 1.350134e-02
849 1.444319e-04 4.840195e-02
850 9.524542e-07 6.124029e-03
851 3.027563e-05 6.524691e-02
852 1.679459e-07 6.354752e-03
853 3.235480e-05 1.478680e-02
854 5.609410e-07 5.834116e-03
855 1.438652e-05 1.645612e-02
856 3.515301e-09 1.482075e-03
857 1.277284e-08 1.301688e-03
858 2.820936e-08 2.047977e-03
859 4.285939e-09 1.498821e-03
860 1.905436e-04 1.203045e-01
861 2.781217e-07 6.837484e-03
862 5.837932e-08 1.587173e-03
863 1.502580e-08 1.538375e-03
864 6.059566e-09 1.393439e-03
865 3.437451e-08 1.572056e-03
866 3.698851e-08 2.064432e-03
867 1.206858e-07 1.709030e-03
868 2.445653e-09 1.362814e-03
869 6.906028e-09 1.626684e-03
870 1.545700e-08 1.531526e-03
871 2.100726e-09 1.393839e-03
872 1.553956e-08 1.878889e-03
873 2.139272e-08 1.416548e-03
874 2.718233e-08 1.403035e-03
875 1.576749e-03 1.427116e-01
876 1.610797e-09 1.443865e-03
877 3.573116e-08 1.454639e-03
878 1.782908e-08 1.899317e-03
879 5.530581e-09 1.352058e-03
880 8.461515e-09 1.370555e-03
881 1.472098e-09 1.397834e-03
882 2.407157e-08 1.818854e-03
883 3.213834e-08 1.757786e-03
884 7.380949e-08 1.471187e-03
885 2.620961e-08 1.565948e-03
886 1.572963e-06 6.506869e-03
887 7.066061e-06 8.496833e-03
888 7.233391e-07 1.147419e-02
889 2.703104e-04 6.974382e-02
890 3.010165e-06 1.975323e-02
891 6.562531e-05 8.596298e-02
892 1.567753e-04 1.126606e-01
893 5.454468e-07 5.573501e-03
894 1.039310e-06 3.590805e-03
895 5.808859e-06 8.121439e-03
896 5.609594e-06 1.459898e-02
897 4.455795e-03 5.788249e-01
898 5.706656e-06 1.865595e-02
899 3.088032e-05 7.411910e-02
900 6.511685e-06 8.016656e-03
901 6.863531e-06 6.274058e-03
902 1.878011e-06 8.900444e-03
903 1.975008e-07 6.113935e-03
904 6.835623e-05 1.044799e-01
905 4.244473e-06 1.981616e-02
906 2.011704e-05 4.789750e-02
907 1.726005e-03 7.592124e-01
908 1.748162e-08 2.757642e-03
909 2.695537e-07 3.100009e-03
910 3.088050e-08 1.574482e-03
911 4.165439e-06 6.147122e-03
912 1.502295e-07 5.016418e-03
913 2.455367e-08 1.719374e-03
914 1.211922e-07 4.897635e-03
915 1.025945e-06 3.467864e-03
916 1.297905e-04 9.634022e-02
917 3.622614e-08 2.123419e-03
918 3.258141e-08 1.779717e-03
919 6.181062e-09 1.392802e-03
920 3.233277e-07 2.494570e-03
921 3.174887e-09 1.059721e-03
922 1.284843e-07 1.419328e-03
923 1.808934e-04 5.517943e-02
924 7.985943e-06 1.684676e-02
925 6.288582e-08 1.059607e-03
926 5.609789e-06 1.425820e-02
927 1.013384e-08 1.322427e-03
928 2.576560e-06 3.913813e-03
929 3.152083e-06 9.833013e-03
930 9.877023e-08 3.632135e-03
931 4.740200e-07 3.746593e-03
932 1.269650e-09 1.484354e-03
933 9.828904e-08 1.814088e-03
934 5.241578e-06 1.114275e-02
935 2.473925e-07 1.835519e-03
936 2.178434e-08 1.192383e-03
937 4.547299e-07 2.882712e-03
938 9.900623e-08 1.783014e-03
939 1.585377e-06 3.347422e-03
940 2.260872e-06 6.119888e-03
941 8.666475e-07 5.496987e-03
942 4.114338e-08 1.621112e-03
943 2.551773e-07 2.128571e-03
944 7.713510e-06 4.716079e-03
945 1.670666e-08 2.259553e-03
946 1.076352e-06 5.960755e-03
947 7.209762e-06 3.128067e-02
948 1.412374e-06 6.895495e-03
949 5.146633e-07 1.053699e-02
950 5.897307e-08 7.910051e-03
951 2.337315e-07 1.591019e-02
952 3.532330e-05 1.578623e-02
953 1.249202e-07 8.939503e-03
954 2.515990e-08 3.083760e-03
955 9.223492e-06 3.647145e-02
956 3.621409e-09 3.053496e-03
957 4.621741e-08 8.407919e-03
958 2.216800e-07 6.804149e-03
959 2.914226e-05 4.749090e-02
960 4.146365e-07 1.907720e-02
961 4.624756e-07 9.765693e-03
962 1.135067e-06 1.263734e-02
963 2.747820e-08 3.841589e-03
964 1.417415e-05 4.018414e-02
965 3.811266e-08 5.408544e-03
966 5.783737e-05 1.062663e-01
967 1.836498e-05 5.601766e-02
968 4.343389e-07 4.724260e-03
969 5.584933e-07 8.076506e-03
970 3.961976e-07 1.671950e-02
971 3.581694e-07 3.086857e-03
972 2.002277e-06 7.436316e-03
973 9.721751e-08 9.414178e-03
974 2.165519e-08 3.277003e-03
975 2.701794e-06 6.845416e-03
976 5.253379e-04 1.559591e-01
977 6.247387e-06 6.560688e-03
978 5.794933e-05 1.218803e-02
979 6.326347e-07 2.788531e-03
980 1.212906e-07 1.228154e-03
981 4.668079e-07 4.072243e-03
982 4.897554e-06 7.690292e-03
983 1.512150e-06 3.631272e-03
984 1.348795e-05 8.596224e-03
985 2.184316e-06 3.767613e-03
986 5.571527e-06 3.666968e-03
987 8.627390e-08 1.264322e-03
988 4.942858e-07 2.464417e-03
989 1.538652e-05 7.331375e-03
990 1.481475e-06 3.678792e-03
991 6.382280e-06 6.497673e-03
992 5.529787e-07 2.264121e-03
993 3.585620e-07 2.412946e-03
994 1.225700e-07 2.139200e-03
995 6.741957e-06 3.088143e-03
996 1.291147e-06 3.078505e-03
997 5.438321e-04 5.354531e-02
998 7.843447e-06 5.250648e-03
999 4.562273e-06 4.096768e-03
1000 6.259945e-07 1.831781e-03
1001 7.442322e-08 1.567946e-03
1002 7.299017e-06 5.153329e-03
1003 5.787488e-08 1.773540e-03
1004 4.751981e-06 4.595277e-03
1005 1.857981e-07 2.897983e-03
1006 1.982227e-05 1.018565e-02
1007 1.164467e-07 2.918304e-03
1008 1.798304e-05 5.662424e-03
1009 4.907453e-08 4.053729e-03
1010 1.366369e-07 2.848567e-03
1011 1.585211e-07 3.675487e-03
1012 1.019779e-06 3.579614e-03
1013 5.405396e-08 2.064380e-03
1014 2.633291e-07 3.415390e-03
1015 8.613245e-09 2.130116e-03
1016 4.503488e-06 2.554719e-03
1017 1.022855e-06 1.711267e-03
1018 1.060551e-06 2.841552e-03
1019 1.399741e-07 4.393197e-03
1020 7.249054e-08 1.745168e-03
1021 1.332445e-05 5.745182e-03
1022 6.023337e-08 1.162416e-03
1023 9.122414e-07 1.923236e-03
1024 3.754697e-08 1.394040e-03
1025 1.292796e-06 2.277121e-03
1026 4.958678e-04 7.351560e-01
1027 2.133675e-04 9.604020e-02
1028 4.141599e-05 6.900770e-02
1029 1.222488e-04 8.954882e-02
1030 2.740362e-04 2.793230e-01
1031 4.506708e-04 4.021036e-01
1032 8.086136e-07 7.744147e-03
1033 8.667903e-06 1.803070e-02
1034 1.617287e-04 2.221033e-01
1035 7.369484e-07 4.359432e-03
1036 1.318806e-06 9.569498e-03
1037 2.425257e-05 2.706364e-02
1038 2.639866e-07 3.003263e-03
1039 7.508238e-06 1.542749e-02
1040 1.249696e-06 9.072757e-03
1041 1.547724e-06 2.540859e-02
1042 3.423982e-07 1.080362e-02
1043 8.005102e-06 1.553312e-02
1044 9.193526e-08 1.704953e-02
1045 7.013079e-07 7.521766e-03
1046 8.012778e-05 4.980759e-02
1047 2.490700e-04 1.271922e-01
1048 1.235977e-04 4.713211e-02
1049 1.429458e-06 8.736418e-03
1050 2.431905e-03 3.149911e-01
1051 9.499413e-04 1.851569e-01
1052 1.466850e-08 1.226924e-03
1053 1.432031e-08 1.820870e-03
1054 7.894866e-04 5.000381e-02
1055 1.452804e-09 1.556002e-03
1056 1.618148e-08 4.672744e-03
1057 4.978136e-08 2.138012e-03
1058 7.426927e-08 2.022446e-03
1059 5.721022e-10 1.031686e-03
1060 7.054499e-10 9.550787e-04
1061 1.038972e-06 2.897640e-03
1062 1.073613e-08 1.812461e-03
1063 1.444304e-07 3.802688e-03
1064 4.985033e-04 1.078195e-01
1065 8.037318e-06 1.578203e-02
1066 1.380612e-09 1.577811e-03
1067 4.262777e-10 1.439729e-03
1068 1.846948e-10 1.465205e-03
1069 7.374402e-10 1.614039e-03
1070 2.214830e-07 1.407646e-02
1071 1.003682e-06 5.273660e-03
1072 1.174019e-06 3.269491e-03
1073 7.562892e-06 1.916043e-02
1074 1.182976e-08 1.054979e-03
1075 4.676573e-06 2.581328e-02
1076 9.648405e-06 5.770804e-03
1077 2.592800e-05 1.548220e-02
1078 4.648783e-09 1.632378e-03
1079 4.214788e-07 5.806547e-03
1080 1.098476e-07 1.575206e-03
1081 7.391294e-10 1.460174e-03
1082 6.127178e-09 1.485587e-03
1083 4.951229e-08 1.827418e-03
1084 2.753157e-09 1.228425e-03
1085 1.972406e-07 4.316680e-03
1086 3.923696e-09 1.239892e-03
1087 5.112110e-09 1.369538e-03
1088 2.839586e-09 4.681204e-03
1089 6.339139e-09 1.234455e-03
1090 1.474103e-09 1.195588e-03
1091 6.292352e-09 1.229033e-03
1092 3.645759e-04 5.376605e-01
1093 6.301248e-08 1.876300e-02
1094 7.710360e-08 1.383922e-02
1095 7.809048e-09 1.692355e-03
1096 6.884968e-10 1.481472e-03
1097 1.300669e-08 4.825723e-03
1098 8.750416e-07 7.766686e-03
1099 5.050610e-08 3.254930e-03
1100 3.052443e-08 2.805284e-03
1101 1.895427e-06 4.831716e-03
1102 3.773335e-08 3.179776e-03
1103 6.691787e-08 2.750382e-03
1104 2.206646e-05 6.774003e-02
1105 3.796545e-09 1.529849e-03
1106 1.136547e-09 2.235546e-03
1107 1.676364e-09 3.128439e-03
1108 1.305462e-08 1.736509e-03
1109 3.072317e-09 2.022503e-03
1110 9.614819e-08 4.728025e-03
1111 1.954997e-09 3.955334e-03
1112 1.188504e-05 3.931411e-02
1113 2.702755e-06 1.726487e-02
1114 1.443909e-08 2.055857e-03
1115 2.738163e-05 3.377727e-02
1116 3.379253e-10 1.479001e-03
1117 1.199033e-08 1.610297e-03
1118 3.341892e-07 6.632701e-03
1119 4.455428e-06 2.356682e-02
1120 5.508249e-07 4.029405e-03
1121 1.240349e-06 6.799105e-03
1122 1.037720e-06 4.054446e-03
1123 3.758181e-07 2.469651e-03
1124 5.932266e-07 3.761157e-03
1125 5.953875e-06 4.603018e-03
1126 1.981996e-06 5.030693e-03
1127 3.501591e-07 3.861569e-03
1128 1.233962e-06 4.531178e-03
1129 1.243804e-06 3.255028e-03
1130 4.201718e-06 4.838188e-03
1131 2.653514e-04 5.047795e-02
1132 4.776304e-04 1.918422e-01
1133 1.374872e-05 4.334293e-02
1134 9.759550e-07 9.120771e-03
1135 1.431688e-06 2.357563e-03
1136 3.845132e-06 4.682558e-03
1137 2.360114e-06 5.419251e-03
1138 6.432582e-05 1.252361e-02
1139 7.316155e-07 5.243402e-03
1140 7.431886e-04 2.232057e-01
1141 1.783114e-04 3.343396e-02
1142 1.500457e-05 9.058841e-03
1143 1.841028e-06 6.729550e-03
1144 1.348577e-05 3.698965e-02
1145 9.018871e-07 9.191639e-03
1146 2.884901e-04 7.384773e-02
1147 3.351409e-05 4.302629e-02
1148 8.767311e-05 1.912911e-02
1149 2.460759e-05 1.111411e-02
1150 2.402940e-05 1.104709e-02
1151 1.620276e-04 1.754875e-02
1152 8.681264e-06 6.070623e-03
1153 2.292950e-06 4.742711e-03
1154 4.739642e-05 9.113194e-03
1155 1.354799e-04 2.183454e-02
1156 5.608719e-05 3.701667e-02
1157 2.233232e-04 5.666181e-02
1158 4.909060e-06 1.492981e-02
1159 3.442383e-04 1.687858e-01
1160 1.490664e-05 1.089257e-02
1161 4.047849e-06 7.372367e-03
1162 6.785379e-05 4.537398e-02
1163 5.557289e-04 2.306575e-01
1164 6.225619e-05 2.325491e-02
1165 7.894050e-05 1.751409e-02
1166 8.974060e-05 4.510378e-02
1167 4.057172e-05 3.456382e-02
1168 9.160487e-05 2.435447e-02
1169 5.760961e-05 4.196154e-02
1170 6.186309e-05 3.436493e-02
1171 5.621332e-06 8.487597e-03
1172 2.407940e-05 2.517938e-02
1173 4.587117e-04 2.373240e-01
1174 1.003611e-03 1.892558e-01
1175 1.304629e-05 3.824554e-02
1176 5.639764e-03 1.768693e+00
1177 1.330228e-07 3.099019e-03
1178 8.895955e-05 2.764091e-02
1179 7.547049e-06 2.338896e-02
1180 4.883427e-04 9.116186e-02
1181 1.719309e-05 2.143568e-02
1182 2.669840e-04 5.404418e-02
1183 4.738567e-05 2.761646e-02
1184 6.629386e-04 1.095816e-01
1185 3.821787e-04 1.692848e-01
1186 8.435519e-05 2.645750e-02
1187 3.253882e-06 9.282634e-03
1188 2.159445e-06 1.024377e-02
1189 1.248352e-04 3.793788e-02
1190 4.676181e-04 2.435362e-01
1191 5.994019e-05 3.427215e-02
1192 1.463306e-04 9.448008e-02
1193 7.719004e-05 3.929356e-02
1194 1.697228e-04 1.870542e-01
1195 3.925503e-05 5.942156e-02
1196 3.731871e-04 1.546727e-01
1197 2.511627e-04 5.852691e-02
1198 1.156437e-05 2.797658e-02
1199 1.282508e-04 5.844660e-02
1200 1.691360e-04 1.735869e-01
1201 6.268932e-06 2.733359e-02
1202 7.976495e-06 1.608849e-02
1203 4.157762e-05 4.119678e-02
1204 1.131458e-04 7.412125e-02
1205 1.130605e-07 4.858474e-03
1206 2.203195e-05 1.772144e-02
1207 1.572315e-07 3.637816e-03
1208 2.116598e-04 9.719560e-02
1209 1.343260e-06 8.852055e-03
1210 1.669763e-07 8.340091e-03
1211 1.744338e-07 3.590351e-03
1212 6.382590e-06 5.154675e-03
1213 1.044734e-06 7.444832e-03
1214 4.969407e-06 8.941678e-03
1215 1.390822e-06 3.464272e-02
1216 4.354677e-09 4.242050e-03
1217 1.772613e-04 2.561662e-01
1218 2.804242e-06 6.666717e-03
1219 7.673623e-08 1.279929e-03
1220 1.322689e-07 3.394583e-03
1221 1.931752e-05 8.184756e-03
1222 1.058109e-03 2.606921e-01
1223 3.195980e-07 2.053112e-03
1224 1.118483e-06 2.173080e-03
1225 2.092971e-04 5.877778e-02
1226 1.439310e-08 2.309429e-03
1227 9.199553e-04 3.583184e-01
1228 9.189169e-06 1.018803e-02
1229 5.207255e-09 1.268439e-03
1230 1.044284e-06 2.591069e-03
1231 4.709715e-07 1.777021e-03
1232 2.130880e-08 2.020644e-03
1233 7.365059e-08 2.241834e-03
1234 1.289289e-05 4.208626e-03
1235 1.433588e-07 2.548584e-03
1236 8.321263e-07 2.902522e-03
1237 6.710505e-06 3.471435e-03
1238 3.319456e-06 4.004852e-03
1239 1.514284e-07 2.314851e-03
1240 1.351160e-03 7.846207e-01
1241 1.191372e-05 5.477475e-03
1242 1.364612e-05 3.657102e-03
1243 2.282347e-06 4.129857e-03
1244 2.799927e-06 3.893401e-03
1245 1.241824e-06 2.820999e-03
1246 1.835039e-06 2.753503e-03
1247 9.283067e-05 1.843352e-02
1248 2.595318e-05 4.553343e-02
1249 2.028786e-06 1.094193e-02
1250 5.791038e-05 2.236601e-02
1251 1.078263e-05 1.889717e-02
1252 4.247959e-06 1.698401e-02
1253 1.293084e-06 1.507028e-02
1254 4.844118e-06 8.267785e-03
1255 4.863116e-04 3.537253e-01
1256 1.227282e-05 8.476738e-03
1257 2.282174e-03 1.018061e+00
1258 2.276818e-04 8.069735e-02
1259 3.256108e-04 2.338680e-01
1260 1.180481e-04 2.768461e-02
1261 3.709405e-08 1.846696e-03
1262 1.970809e-03 2.062346e-01
1263 2.867259e-06 5.402101e-03
1264 4.606993e-04 6.668014e-02
1265 4.332871e-06 3.166764e-03
1266 8.369307e-07 6.904219e-03
1267 2.321762e-08 1.941419e-03
1268 1.385565e-05 6.574810e-03
1269 7.871690e-05 6.269802e-02
1270 2.843305e-04 7.255220e-02
1271 4.383107e-06 1.094014e-02
1272 4.908624e-07 3.276659e-03
1273 3.549283e-06 6.549306e-03
1274 1.700577e-05 2.109543e-02
1275 2.659194e-04 7.911307e-02
1276 1.798311e-04 1.028448e-01
1277 4.565531e-05 1.226965e-01
1278 8.075495e-04 1.857548e-01
1279 1.199014e-05 5.701314e-03
1280 3.189511e-07 7.378132e-03
1281 2.248472e-07 8.532952e-03
1282 2.942547e-06 1.538986e-02
1283 6.070215e-06 1.284976e-02
1284 8.298021e-04 2.487710e-01
1285 9.384428e-05 3.308923e-02
1286 4.348979e-04 1.204664e-01
1287 5.621333e-07 7.181031e-03
1288 7.149649e-05 1.212348e-01
1289 9.836701e-05 1.403773e-01
1290 4.066442e-08 1.824608e-03
1291 1.051537e-04 7.905721e-02
1292 6.872196e-06 1.567635e-02
1293 4.346008e-05 2.056777e-01
1294 7.566483e-07 2.414901e-03
1295 1.032608e-05 1.739347e-02
1296 6.421594e-05 1.821535e-02
1297 1.462630e-03 3.768375e-01
1298 1.627862e-04 1.858242e-01
1299 1.920306e-05 2.013828e-02
1300 1.039372e-03 3.871828e-01
1301 8.074244e-06 4.331255e-03
1302 1.700417e-06 3.727038e-03
1303 1.279894e-04 2.851080e-02
1304 1.907442e-04 4.598427e-02
1305 5.300246e-04 7.680746e-02
1306 3.044076e-04 2.768132e-02
1307 1.996513e-03 1.413442e-01
1308 6.070587e-06 1.019970e-02
1309 1.377945e-03 2.344681e-01
1310 2.353945e-03 3.548446e-01
1311 5.330323e-04 1.579954e-01
1312 4.692661e-03 8.888284e-01
1313 1.062137e-06 4.884966e-03
1314 1.114196e-04 4.214246e-02
1315 2.187426e-07 6.008810e-03
1316 1.042288e-08 4.991162e-03
1317 1.244994e-08 3.431547e-03
1318 1.162034e-07 1.999412e-03
1319 2.754506e-08 2.519925e-03
1320 7.391906e-07 4.458265e-03
1321 6.474650e-08 4.115060e-03
1322 5.589060e-09 1.540157e-03
1323 1.279776e-06 1.488245e-02
1324 1.908686e-06 3.127582e-03
1325 7.454004e-07 6.748825e-03
1326 1.149250e-06 8.139798e-03
1327 2.126520e-06 1.015805e-02
1328 4.912184e-06 7.166891e-03
1329 1.470267e-10 2.764864e-03
1330 1.877583e-06 9.727453e-03
1331 7.505448e-05 1.552327e-01
1332 3.023661e-04 2.220011e-01
1333 1.238488e-05 3.251398e-02
1334 7.201798e-07 2.099214e-02
1335 1.872222e-04 2.226460e-02
1336 1.209375e-05 9.927435e-03
1337 2.249507e-05 4.960910e-03
1338 1.770066e-04 2.727737e-02
1339 1.088503e-05 2.858407e-02
1340 3.158152e-06 1.010704e-02
1341 7.729715e-06 7.920080e-03
1342 7.816612e-08 1.655457e-03
1343 1.382582e-03 4.430299e-01
1344 2.903319e-07 5.156044e-03
1345 2.260892e-03 2.897885e-01
1346 8.943460e-04 6.125371e-02
1347 2.909770e-04 8.651582e-02
1348 9.198141e-05 2.408958e-02
1349 1.874871e-06 1.322425e-02
1350 4.238133e-03 6.031616e-01
1351 1.231665e-03 2.948648e-01
1352 2.597710e-03 3.475532e-01
1353 8.406581e-09 3.320361e-03
1354 3.276432e-07 3.119485e-03
1355 2.052428e-05 3.697566e-02
1356 1.096644e-06 4.532245e-03
1357 3.713579e-07 5.404595e-03
1358 4.900419e-04 3.167660e-01
1359 2.640900e-06 2.558124e-02
1360 1.301496e-05 4.807624e-03
1361 2.420887e-05 1.336327e-02
1362 4.209348e-06 3.577584e-03
1363 1.186731e-08 1.348871e-03
1364 9.492258e-08 1.287887e-03
1365 3.368088e-08 1.906668e-03
1366 6.287721e-07 7.115312e-03
1367 3.256764e-05 3.619212e-02
1368 3.339349e-07 3.321867e-03
1369 1.192569e-07 2.312813e-03
1370 4.680135e-08 1.154891e-03
1371 6.795905e-06 2.600770e-03
1372 3.328065e-07 1.234581e-03
1373 2.948755e-07 2.044617e-03
1374 1.272282e-05 8.710431e-03
1375 1.136742e-03 1.752618e-01
1376 5.448563e-05 2.720447e-02
1377 2.005444e-04 5.597284e-02
1378 1.242382e-06 1.153695e-02
1379 4.941428e-04 9.632744e-02
1380 4.397367e-04 5.639226e-02
1381 9.697093e-07 2.249662e-02
1382 6.440596e-07 2.268131e-03
1383 1.442451e-05 7.131199e-03
1384 2.627046e-03 3.922818e-01
1385 1.962500e-04 3.746020e-02
1386 8.344570e-04 1.469317e-01
1387 3.387503e-03 4.729715e-01
1388 2.552313e-03 4.136884e-01
1389 6.122411e-06 7.685100e-03
1390 6.965342e-04 1.706438e-01
1391 2.775881e-05 1.756470e-02
1392 2.195902e-06 1.601803e-02
1393 1.176175e-06 3.024872e-03
1394 6.751633e-07 1.083856e-02
1395 9.388063e-06 4.212325e-02
1396 1.959311e-06 5.134535e-03
1397 2.118871e-06 4.554339e-03
1398 2.003406e-03 3.982657e-01
1399 8.049511e-06 1.768035e-02
1400 2.910039e-06 8.485786e-03
1401 8.898444e-05 5.314524e-02
1402 3.094550e-07 4.003895e-03
1403 1.220506e-05 3.876296e-03
1404 6.994490e-05 3.796245e-02
1405 1.649793e-07 2.186290e-03
1406 8.680786e-05 1.544077e-02
1407 4.652285e-07 2.682794e-03
1408 2.447235e-08 2.397066e-03
1409 1.814808e-04 3.649668e-02
1410 9.536472e-04 1.345821e-01
1411 1.929788e-05 1.581747e-01
1412 1.219130e-03 2.417189e-01
1413 6.350355e-07 2.439674e-03
1414 2.515124e-03 5.528577e-01
1415 2.319667e-07 3.223320e-03
1416 1.654403e-05 4.592781e-03
1417 9.985019e-05 6.101886e-03
1418 2.664179e-06 3.769438e-03
1419 5.513965e-04 8.817177e-02
1420 1.310065e-03 3.227097e-01
1421 7.815499e-04 1.371656e-01
1422 2.192292e-04 6.714468e-02
1423 2.517501e-03 3.248131e-01
1424 4.959341e-07 9.877082e-03
1425 4.813835e-03 7.495808e-01
1426 1.051633e-03 4.036766e-01
1427 2.683647e-05 4.203156e-02
1428 5.551872e-05 1.211025e-02
1429 1.201998e-05 1.078955e-02
1430 2.857572e-05 4.324340e-02
1431 2.601431e-05 4.018711e-02
1432 4.402295e-04 5.464615e-02
1433 8.637190e-08 7.792139e-03
1434 4.128279e-07 3.257415e-02
1435 1.258353e-04 5.784596e-02
1436 1.480044e-03 3.396306e-01
1437 3.849129e-07 4.736754e-03
1438 1.495070e-05 8.457291e-03
1439 2.755584e-03 8.758862e-01
1440 7.013169e-04 4.879127e-02
1441 1.050297e-03 4.016913e-01
1442 9.751891e-09 2.166230e-03
1443 2.428223e-05 5.609284e-02
1444 3.649181e-06 3.599950e-02
1445 6.173024e-05 4.645279e-02
1446 1.718766e-06 6.387479e-03
1447 1.640418e-04 2.345276e-02
1448 1.644877e-06 9.825780e-03
1449 2.597274e-04 1.074471e-01
1450 3.704567e-04 1.199857e-01
1451 5.483136e-08 1.807996e-03
1452 1.405754e-06 1.406612e-02
1453 1.290011e-06 1.971165e-03
1454 3.034865e-07 1.286688e-02
1455 6.486690e-09 4.418136e-03
1456 1.083459e-05 8.506248e-03
1457 1.152870e-07 5.408640e-03
1458 5.089158e-08 2.873645e-03
1459 2.405888e-05 7.236355e-03
1460 6.917905e-08 4.502401e-03
1461 1.690566e-07 7.677321e-03
1462 9.297401e-07 8.547026e-03
1463 4.168409e-05 3.316283e-02
1464 2.827234e-03 6.807827e-01
1465 6.669600e-04 3.658089e-01
1466 8.936970e-04 3.567742e-01
1467 1.118160e-04 3.660981e-02
1468 3.183734e-03 6.512815e-01
1469 2.106738e-03 3.588737e-01
1470 1.035347e-04 3.117901e-02
1471 4.982846e-05 1.604756e-02
1472 3.973446e-04 1.075775e-01
1473 2.311086e-08 2.957760e-03
1474 7.953735e-08 1.252494e-02
1475 4.843938e-07 4.530497e-03
1476 2.908768e-05 6.895692e-03
1477 2.119128e-03 2.337949e-01
1478 3.126162e-05 2.776420e-02
1479 8.290101e-04 1.045548e-01
1480 1.579992e-04 1.356636e-01
1481 2.526184e-05 3.388066e-02
1482 6.448241e-05 6.336548e-02
1483 2.073044e-05 1.084633e-02
1484 1.112441e-05 7.227384e-03
1485 1.798994e-05 6.972425e-03
1486 1.683831e-03 2.139342e-01
1487 3.480380e-05 1.366443e-02
1488 1.163807e-04 3.552730e-02
1489 6.127372e-05 6.706977e-03
1490 1.873423e-05 6.020510e-03
1491 6.959531e-04 1.743365e-01
1492 3.207846e-05 2.070525e-02
1493 2.169647e-06 5.326569e-03
1494 4.393707e-05 2.099845e-02
1495 1.377456e-03 3.148389e-01
1496 8.703754e-05 8.106173e-03
1497 1.969855e-04 1.068852e-01
1498 4.113789e-03 5.730883e-01
1499 5.344032e-04 4.416542e-02
1500 3.587873e-06 1.018866e-02
1501 1.864673e-03 1.047546e-01
1502 5.149288e-04 1.308241e-01
1503 1.367659e-04 3.045753e-02
1504 9.752667e-04 5.069815e-01
1505 3.132689e-05 7.036455e-02
1506 3.214455e-07 1.684223e-03
1507 1.272031e-03 1.533091e-01
1508 1.784646e-03 8.381529e-01
1509 3.433093e-06 4.163491e-03
1510 4.132219e-07 3.728475e-03
1511 2.312626e-03 1.621426e-01
1512 1.589710e-07 1.058293e-03
1513 9.368610e-07 1.728885e-02
1514 4.560287e-08 5.213811e-03
1515 3.007598e-06 9.858376e-03
1516 9.115034e-05 1.013947e-01
1517 6.705646e-06 1.697048e-02
1518 1.585128e-05 8.451129e-02
1519 4.706967e-09 1.807118e-03
1520 5.871575e-05 6.803832e-02
1521 1.849349e-07 2.444778e-03
1522 6.832482e-08 4.718077e-03
1523 2.167450e-05 6.064777e-03
1524 9.044244e-04 3.329068e-01
1525 8.632869e-05 5.001223e-02
1526 9.445470e-06 2.362828e-02
1527 9.555078e-04 5.791537e-02
1528 2.062586e-05 8.146887e-03
1529 5.686693e-05 2.137442e-02
1530 2.512051e-06 7.106288e-03
1531 5.127134e-04 9.187727e-02
1532 3.521360e-05 1.984154e-02
1533 1.013838e-04 1.095313e-01
1534 1.534748e-03 3.349031e-01
1535 1.395599e-03 4.573553e-01
1536 1.961062e-04 3.117133e-01
1537 1.160318e-06 8.383453e-03
1538 3.387275e-04 3.786168e-01
1539 1.143110e-05 2.566247e-02
1540 1.122175e-06 4.663877e-02
1541 7.061278e-04 2.303288e-01
1542 7.024026e-03 1.026336e+00
1543 1.912839e-07 5.578277e-03
1544 4.007939e-06 1.672268e-02
1545 2.576159e-08 3.642254e-03
1546 1.179696e-03 1.382631e-01
1547 1.303264e-05 3.686406e-02
1548 3.212015e-07 3.960518e-02
1549 2.534004e-08 2.624113e-03
1550 7.424576e-05 3.154571e-02
1551 3.054229e-06 1.639296e-02
1552 4.868067e-08 1.271786e-03
1553 5.622203e-08 3.195473e-03
1554 1.510503e-03 3.528461e-01
1555 6.998151e-04 2.441046e-01
1556 1.644595e-05 4.052625e-02
1557 1.575571e-04 2.153454e-01
1558 4.707773e-04 3.075826e-01
1559 1.439235e-03 2.911422e-01
1560 1.008592e-05 5.321096e-03
1561 3.676248e-04 4.985089e-02
1562 1.255038e-05 1.382712e-02
1563 4.259234e-04 5.013917e-02
1564 7.035136e-07 7.998916e-03
1565 9.450919e-05 7.594239e-02
1566 9.412711e-05 3.096413e-02
1567 1.293077e-05 7.388565e-03
1568 1.980157e-04 1.673379e-02
1569 1.564005e-04 3.739115e-02
1570 5.965009e-04 5.851863e-02
1571 5.354060e-05 6.211384e-02
1572 2.651888e-08 1.950245e-03
1573 1.046243e-03 1.648473e-01
1574 8.062534e-07 5.599109e-03
1575 8.108185e-06 2.277941e-02
1576 2.664144e-05 1.533250e-02
1577 1.997010e-04 3.299099e-01
1578 1.307693e-06 6.644023e-03
1579 8.071256e-05 2.479176e-02
1580 1.246839e-08 2.503753e-03
1581 1.335440e-05 5.371274e-03
1582 1.889690e-05 6.951850e-03
1583 5.311251e-04 9.770732e-02
1584 1.904024e-05 8.050260e-03
1585 1.164619e-03 4.650059e-01
1586 9.266702e-04 4.343857e-01
1587 2.546617e-04 1.386076e-01
1588 1.475413e-03 1.679376e-01
1589 1.558930e-04 2.007370e-01
1590 4.384019e-04 2.987405e-01
1591 3.743265e-05 5.908908e-02
1592 3.664258e-05 3.406467e-02
1593 2.584695e-04 1.266965e-01
1594 8.623307e-05 4.639859e-02
1595 1.974790e-04 2.005026e-02
1596 1.076438e-04 2.815771e-02
1597 1.218089e-04 3.248863e-02
1598 3.549445e-04 1.251211e-01
1599 8.409617e-06 3.868594e-03
1600 2.099114e-04 1.498297e-01
1601 2.577058e-06 1.491349e-03
1602 3.403412e-03 5.505010e-01
1603 1.872075e-07 2.577110e-03
1604 1.558219e-08 2.525243e-03
1605 7.779523e-04 8.111912e-02
1606 4.414825e-09 2.940659e-03
1607 4.133205e-08 1.977628e-03
1608 4.576604e-07 2.029323e-03
1609 3.040415e-04 7.017446e-02
1610 2.679436e-04 9.764641e-02
1611 4.921850e-10 1.884612e-03
1612 2.981055e-08 2.241454e-03
1613 1.578634e-05 3.540756e-03
1614 3.094578e-06 5.320082e-03
1615 1.002516e-03 1.949019e-01
1616 9.383305e-04 1.105866e-01
1617 5.899234e-04 1.621855e-01
1618 2.890603e-04 5.970447e-02
1619 1.331233e-03 5.954531e-01
1620 8.040151e-06 1.098441e-02
1621 1.330782e-04 1.302339e-01
1622 5.861990e-06 5.823627e-03
1623 2.511719e-05 5.243206e-02
1624 1.716681e-07 5.284534e-03
1625 1.852040e-08 1.696932e-03
1626 1.504267e-07 9.846470e-03
1627 7.434938e-06 6.776950e-03
1628 3.931506e-09 1.990108e-03
1629 5.649722e-05 7.521560e-02
1630 4.980694e-09 1.722516e-03
1631 3.861872e-06 1.200219e-02
1632 3.130663e-07 1.015945e-02
1633 7.284686e-05 4.405040e-02
1634 1.838639e-03 6.131688e-01
1635 2.662202e-03 3.074556e-01
1636 1.641189e-03 1.112253e+00
1637 3.295771e-04 1.347993e-01
1638 3.493639e-04 4.257015e-02
1639 1.769509e-03 7.978326e-01
1640 3.087802e-04 1.295178e-01
1641 2.800742e-04 3.284064e-01
1642 8.682271e-04 6.161459e-02
1643 8.108834e-05 5.276971e-02
1644 3.210549e-04 1.277762e-01
1645 1.780609e-07 1.654411e-03
1646 7.906838e-04 3.103942e-02
1647 1.107682e-03 3.039249e-01
1648 3.886388e-06 6.353611e-03
1649 2.942155e-05 2.938577e-02
1650 1.010371e-03 3.592898e-01
1651 2.399893e-05 2.545946e-03
1652 4.220576e-03 6.100202e-01
1653 2.364156e-03 6.228554e-01
1654 4.500989e-07 2.809668e-03
1655 1.499465e-05 8.135924e-03
1656 2.222405e-08 3.790739e-03
1657 4.999932e-08 1.272605e-03
1658 7.052790e-07 3.438279e-03
1659 4.609941e-06 1.085786e-02
1660 1.628297e-09 2.013483e-03
1661 5.383457e-04 1.065834e-01
1662 1.128457e-07 8.356340e-03
1663 3.667534e-04 6.315337e-02
1664 4.187380e-08 7.016078e-03
1665 4.191118e-04 5.639503e-02
1666 2.542554e-04 9.820525e-02
1667 7.449307e-05 6.257241e-02
1668 4.365956e-06 2.980218e-03
1669 5.524094e-06 6.250580e-03
1670 4.320240e-06 1.124762e-02
1671 3.834085e-07 4.704485e-03
1672 6.778963e-06 3.208695e-02
1673 9.366461e-05 6.498375e-02
1674 9.802298e-06 3.522843e-03
1675 2.139004e-04 2.068842e-02
1676 5.023364e-08 1.484381e-03
1677 7.918721e-05 1.778487e-02
1678 2.282699e-04 3.050039e-01
1679 5.842277e-06 1.396854e-02
1680 1.469796e-05 1.811752e-02
1681 2.013011e-04 7.638837e-02
1682 9.441722e-07 8.347507e-03
1683 3.731393e-07 1.424893e-02
1684 9.525844e-07 7.004951e-03
1685 8.313325e-10 2.228312e-03
1686 1.169976e-04 4.617855e-02
1687 3.432053e-05 2.093427e-02
1688 3.378814e-08 1.179149e-03
1689 4.115135e-06 4.528166e-02
1690 1.863596e-06 1.108887e-02
1691 5.875053e-05 6.507021e-02
1692 1.656918e-03 6.998384e-01
1693 2.029630e-03 5.427423e-01
1694 5.732090e-04 1.219216e-01
1695 1.931849e-06 9.160437e-03
1696 8.175175e-07 3.047982e-03
1697 5.023058e-08 6.226563e-03
1698 3.658600e-04 7.702653e-02
1699 1.258785e-06 1.725397e-02
1700 2.479332e-04 2.537549e-02
1701 2.254632e-06 1.049764e-02
1702 6.162666e-07 6.220068e-03
1703 1.559131e-05 1.576916e-02
1704 2.434581e-06 7.102356e-03
1705 4.163803e-04 3.508693e-01
1706 2.430184e-05 5.287770e-02
1707 3.214812e-06 3.425274e-03
1708 1.849460e-10 2.066064e-03
1709 1.310497e-09 5.400162e-03
1710 2.969124e-09 1.419950e-03
1711 1.571649e-06 1.071149e-02
1712 1.591561e-06 5.595049e-03
1713 5.230989e-07 4.469697e-03
1714 1.022852e-06 6.123100e-03
1715 4.138414e-07 4.501884e-03
1716 1.478470e-07 6.163394e-03
1717 4.869963e-09 2.196653e-03
1718 8.873259e-07 1.826452e-02
1719 1.001117e-10 1.983141e-03
1720 2.214041e-06 4.753398e-03
1721 8.880956e-09 1.542545e-03
1722 2.331280e-06 1.294432e-02
1723 9.740018e-10 1.305770e-03
1724 2.845344e-10 1.416004e-03
1725 4.299970e-08 1.935966e-03
1726 6.139306e-06 3.772282e-02
1727 5.198594e-08 1.036047e-02
1728 1.415170e-08 2.570155e-03
1729 1.573239e-05 1.375829e-02
1730 5.934290e-08 4.520003e-03
1731 1.292939e-07 4.020782e-03
1732 5.018871e-04 7.119552e-02
1733 4.533442e-04 2.426009e-01
1734 1.954463e-03 3.508247e-01
1735 1.859693e-05 7.440895e-02
1736 2.474400e-07 7.922648e-03
1737 2.202557e-06 9.090456e-03
1738 2.620356e-04 2.230995e-01
1739 5.502296e-04 2.155516e-01
1740 8.612634e-06 2.407216e-02
1741 1.838610e-10 1.330456e-03
1742 1.438414e-07 1.702192e-03
1743 1.729375e-07 4.116679e-03
1744 3.445558e-08 2.076272e-03
1745 3.029775e-09 2.243263e-03
1746 3.482364e-07 8.572430e-03
1747 4.074668e-06 2.356039e-02
1748 2.442771e-05 1.029262e-02
1749 1.141071e-06 6.936367e-03
1750 6.009871e-07 8.763788e-03
1751 3.647539e-08 4.094736e-03
1752 8.452569e-08 7.631765e-03
1753 5.616768e-05 1.077211e-01
1754 1.389641e-03 4.405217e-01
1755 6.113625e-04 3.688774e-01
1756 3.849789e-06 1.986619e-02
1757 1.750789e-04 7.434137e-02
1758 2.561127e-03 6.460316e-01
1759 1.432594e-04 1.499155e-01
1760 9.638605e-04 2.668407e-01
1761 9.889693e-04 5.929997e-01
1762 1.256364e-03 6.979378e-01
1763 2.492365e-04 2.050954e-01
1764 5.067110e-05 2.415996e-02
1765 4.600933e-05 4.306655e-02
1766 6.859823e-04 2.598402e-01
1767 2.954147e-04 5.554337e-02
1768 3.245367e-05 3.533802e-02
1769 7.982110e-05 1.447416e-01
1770 7.861163e-04 1.241444e-01
1771 1.182871e-04 1.224276e-01
1772 2.965006e-07 4.450872e-03
1773 5.158546e-03 1.732317e+00
1774 7.684311e-04 3.159083e-01
1775 3.055912e-03 1.112787e+00
1776 4.323751e-04 2.239119e-01
1777 1.548148e-05 5.769335e-02
1778 1.305084e-03 6.406432e-01
1779 1.085303e-04 8.741345e-02
1780 1.581269e-04 6.932090e-02
1781 3.754667e-05 3.517683e-02
1782 2.711655e-05 3.653144e-02
1783 4.796595e-03 6.183450e-01
1784 6.764360e-05 7.531927e-02
1785 3.901917e-05 1.054001e-01
1786 2.930010e-04 2.324679e-02
1787 1.333755e-03 8.456085e-02
1788 1.020523e-03 3.083350e-01
1789 4.231076e-04 1.467890e-01
1790 1.997542e-05 1.920705e-02
1791 7.258467e-05 1.609560e-01
1792 7.429799e-04 2.599748e-01
1793 4.332779e-04 6.933130e-02
1794 1.615814e-04 2.370592e-02
1795 5.190983e-05 3.535700e-02
1796 2.252595e-04 1.053390e-01
1797 1.569861e-04 1.074709e-01
1798 1.497099e-05 4.956405e-02
1799 2.763721e-06 1.593434e-02
1800 2.626339e-04 1.938067e-01
1801 3.172514e-05 4.241184e-02
1802 2.209871e-03 4.613385e-01
1803 9.670459e-04 2.161412e-01
1804 1.024298e-03 2.362262e-01
1805 5.927398e-04 7.375891e-02
1806 1.645437e-04 6.774393e-02
1807 1.116149e-04 2.832715e-02
1808 1.952815e-03 2.272605e-01
1809 2.620687e-06 2.313517e-02
1810 6.836786e-07 9.294233e-03
1811 6.362618e-07 1.301987e-02
1812 7.773053e-05 2.198971e-02
1813 7.676138e-06 1.017610e-02
1814 6.675683e-08 2.085962e-02
1815 2.375330e-05 7.383538e-02
1816 3.288195e-05 2.981849e-02
1817 3.388089e-04 8.055610e-02
1818 1.804300e-06 4.649195e-02
1819 2.470745e-03 5.227196e-01
1820 3.155667e-04 1.509696e-01
1821 6.638879e-05 2.658374e-02
1822 1.290580e-05 2.074271e-02
1823 6.237788e-06 4.840983e-02
1824 2.391879e-04 4.249013e-02
1825 6.782641e-04 3.173120e-01
1826 5.339297e-04 7.772492e-02
1827 6.716474e-06 1.231633e-02
1828 9.367820e-06 1.764865e-02
1829 4.663682e-06 1.684000e-02
1830 2.228101e-03 9.838941e-01
1831 1.711502e-06 9.362763e-03
1832 3.708301e-05 3.958090e-02
1833 2.406028e-07 1.113647e-02
1834 5.370643e-05 2.215183e-02
1835 2.993159e-08 8.519603e-03
1836 4.265918e-06 6.540877e-03
1837 1.882050e-03 1.620341e-01
1838 3.663719e-05 3.385895e-02
1839 1.335492e-05 4.616319e-02
1840 1.371708e-04 8.172425e-02
1841 1.125598e-04 4.663743e-02
1842 1.056166e-05 2.188212e-02
1843 9.708130e-06 1.824697e-02
1844 7.794657e-06 2.121892e-02
1845 5.834737e-05 2.116068e-02
1846 4.558981e-07 7.266919e-03
1847 2.044381e-05 1.440132e-02
1848 9.708094e-07 1.274860e-02
1849 2.562514e-06 1.518544e-02
1850 1.018847e-06 9.919867e-03
1851 1.728587e-06 5.757261e-03
1852 6.032065e-07 4.803741e-03
1853 3.795652e-06 4.539231e-03
1854 4.674180e-04 9.602300e-02
1855 2.187905e-05 2.928949e-02
1856 2.818744e-04 9.880905e-02
1857 1.180619e-03 1.581464e-01
1858 8.501960e-04 9.608611e-02
1859 4.641219e-06 5.573387e-03
1860 3.378869e-04 9.904038e-02
1861 1.334711e-08 7.875333e-03
1862 7.248446e-06 9.695413e-03
1863 3.885955e-06 2.626320e-02
1864 4.014768e-04 1.498649e-01
1865 1.777903e-04 6.821615e-02
1866 4.296686e-05 4.884264e-02
1867 3.834893e-06 1.189515e-02
1868 7.515775e-08 9.834666e-03
1869 5.645563e-07 6.743686e-03
1870 6.724093e-06 1.565598e-02
1871 1.505503e-03 3.255419e-01
1872 2.474921e-04 2.445188e-01
1873 7.565426e-05 1.962456e-02
1874 2.776042e-04 8.668473e-02
1875 3.823919e-04 1.230287e-01
1876 3.545829e-05 9.074177e-03
1877 8.519564e-05 2.924758e-02
1878 6.559713e-06 8.264633e-03
1879 3.191744e-05 3.501946e-02
1880 2.082989e-05 1.943467e-02
1881 8.760291e-04 2.735888e-01
1882 7.453643e-06 6.464944e-02
1883 4.865210e-06 4.427222e-02
1884 1.375271e-04 8.451980e-02
1885 5.655362e-05 3.721485e-02
1886 2.925637e-04 1.038276e-01
1887 3.912391e-06 8.374804e-03
1888 1.647551e-06 1.624144e-02
1889 1.377494e-07 7.986457e-03
1890 1.901939e-08 5.479047e-03
1891 6.705469e-07 5.588678e-03
1892 6.863668e-07 5.975838e-03
1893 5.792843e-08 2.192515e-02
1894 1.380736e-04 5.928110e-02
1895 1.688814e-04 2.942060e-02
1896 3.561967e-07 5.019237e-03
1897 4.485763e-08 3.673838e-03
1898 1.361008e-06 3.824076e-03
1899 2.705771e-05 1.880982e-02
1900 1.194820e-05 2.201949e-02
1901 6.123200e-09 1.743747e-03
1902 9.640753e-04 2.586018e-01
1903 1.232753e-04 3.646287e-01
1904 1.270484e-04 3.149811e-02
1905 4.233022e-04 1.227960e-01
1906 2.764607e-04 6.269995e-01
1907 9.223092e-08 7.402072e-03
1908 3.163974e-07 8.145664e-03
1909 7.754724e-08 5.435997e-03
1910 7.637826e-05 3.535958e-02
1911 1.522450e-07 1.193875e-02
1912 1.668942e-04 6.722304e-02
1913 3.025300e-05 6.966255e-02
1914 5.001690e-04 1.298246e-01
1915 6.911957e-04 7.182565e-01
1916 9.061583e-04 2.078357e-01
1917 1.689596e-04 1.864788e-01
1918 8.329104e-04 1.632985e-01
1919 7.751265e-04 2.851402e-01
1920 2.674844e-05 6.970431e-02
1921 5.729235e-05 4.293758e-02
1922 3.410399e-04 1.921261e-01
1923 3.594268e-04 1.229153e-01
1924 1.648709e-03 2.708365e-01
1925 3.268096e-05 7.401055e-02
1926 4.941002e-06 2.447798e-02
1927 8.757661e-04 1.176942e-01
1928 7.362743e-04 3.276249e-01
1929 1.111837e-04 5.421146e-02
1930 1.373927e-06 6.032261e-03
1931 2.149968e-06 3.880061e-02
1932 1.214822e-07 2.588426e-02
1933 3.271886e-04 4.871629e-02
1934 2.989246e-07 7.584077e-03
1935 2.112671e-05 6.458442e-02
1936 1.563056e-05 2.149067e-02
1937 6.069180e-04 1.052180e-01
1938 5.676379e-04 1.086918e-01
1939 1.050296e-04 7.848079e-02
1940 6.873216e-05 9.769787e-02
1941 8.892279e-07 7.958467e-03
1942 5.200309e-04 1.588883e-01
1943 8.946874e-05 1.232941e-01
1944 2.120387e-05 3.617411e-02
1945 7.445385e-06 1.286138e-02
1946 1.160025e-04 1.355646e-01
1947 5.764841e-05 2.182358e-02
1948 1.098822e-03 1.014979e-01
1949 3.541588e-03 4.895526e-01
1950 1.852401e-03 1.587348e-01
1951 1.621134e-03 3.010871e-01
1952 1.658568e-04 1.441170e-01
1953 2.673637e-05 2.441363e-02
1954 2.172892e-05 1.687817e-02
1955 1.163494e-03 5.906029e-01
1956 9.285174e-04 3.755389e-01
1957 1.142904e-03 5.763080e-01
1958 8.126577e-04 4.078435e-01
1959 2.966340e-08 7.318421e-03
1960 1.482739e-05 1.765202e-02
1961 2.548106e-10 2.938934e-03
1962 1.538029e-07 7.218646e-03
1963 1.647854e-09 2.056813e-03
1964 5.089125e-09 3.509769e-03
1965 5.860819e-05 3.765953e-02
1966 3.800446e-07 1.197614e-02
1967 1.108971e-03 2.068546e-01
1968 3.281429e-05 2.303560e-02
1969 6.274316e-06 2.045349e-02
1970 1.115660e-06 9.544374e-03
1971 1.859116e-05 2.526308e-02
1972 1.048082e-07 7.137523e-03
1973 5.516029e-04 2.087601e-01
1974 2.488227e-05 3.974449e-02
1975 2.404810e-06 1.697991e-02
1976 1.626050e-05 3.191499e-02
1977 7.464996e-04 2.167527e-01
1978 8.585112e-05 6.099860e-02
1979 2.264487e-04 7.262851e-02
1980 3.109280e-04 7.793810e-02
1981 4.068217e-04 5.206770e-02
1982 3.690134e-04 1.450990e-01
1983 2.710211e-03 5.461224e-01
1984 6.375974e-05 9.095323e-02
1985 3.946000e-04 2.252621e-01
1986 1.348788e-04 8.368059e-02
1987 1.403794e-03 8.232601e-01
1988 4.248714e-05 5.157113e-02
1989 5.493847e-05 5.049531e-02
1990 7.837767e-04 2.051292e-01
1991 8.030684e-06 1.426938e-02
1992 1.253123e-04 5.426384e-02
1993 2.401169e-03 1.715032e-01
1994 3.712773e-04 5.538684e-02
1995 2.164106e-04 7.152267e-02
1996 1.858783e-04 5.868649e-02
1997 3.683150e-03 5.191625e-01
1998 7.454597e-04 2.092694e-01
1999 4.454181e-04 3.419963e-01
2000 4.988384e-04 1.874640e-01
