1 3.313958e-03 8.654900e-01
2 1.786658e-06 2.046252e-02
3 3.455536e-06 2.881385e-03
4 4.607893e-08 1.865074e-03
5 1.655652e-07 2.625198e-03
6 1.510772e-03 4.705759e-01
7 7.793125e-06 1.388343e-02
8 2.089667e-07 4.268082e-02
9 1.041933e-09 2.383794e-03
10 2.342287e-05 9.275924e-02
11 1.979875e-08 5.168380e-03
12 7.664641e-10 1.231064e-03
13 1.173385e-04 2.301825e-01
14 6.617629e-08 7.638951e-03
15 6.928931e-08 3.080823e-03
16 1.950607e-05 2.591341e-02
17 9.582959e-08 1.933508e-03
18 1.458212e-03 3.116980e-01
19 2.834775e-06 8.106280e-03
20 3.824378e-11 1.022713e-03
21 3.664388e-03 1.019961e+00
22 2.165707e-06 5.785127e-03
23 6.051318e-05 3.386064e-02
24 1.883407e-03 3.500077e-01
25 5.069336e-04 2.418788e-01
26 2.595736e-06 4.609032e-03
27 2.515046e-05 2.336064e-02
28 3.067318e-07 3.629863e-03
29 1.856070e-03 6.018264e-01
30 8.400027e-04 7.199992e-01
31 3.448610e-04 2.709264e-01
32 3.879504e-04 2.057523e-02
33 3.845126e-08 1.230149e-03
34 5.160123e-09 1.156338e-03
35 9.453619e-08 3.140611e-03
36 8.803624e-04 5.539907e-01
37 2.529098e-04 1.021230e-01
38 7.257865e-07 8.865107e-03
39 1.373525e-09 1.949518e-03
40 9.749189e-07 3.547204e-03
41 1.209628e-05 2.381299e-02
42 1.814314e-08 5.032118e-03
43 6.350399e-04 3.747013e-01
44 1.162517e-04 7.861003e-02
45 6.492009e-04 1.309863e-01
46 1.407839e-05 1.131657e-02
47 4.491538e-05 2.764781e-01
48 2.002680e-04 1.154829e-01
49 1.350699e-05 1.004400e-02
50 1.615675e-03 8.142531e-01
51 9.155121e-07 1.195806e-02
52 5.034823e-06 2.413561e-02
53 1.164284e-04 9.410052e-03
54 4.864596e-07 9.951099e-03
55 4.578785e-07 5.122576e-03
56 4.384763e-06 9.082328e-03
57 4.724189e-07 1.459341e-02
58 7.359293e-04 2.125811e-01
59 6.255431e-04 6.202385e-02
60 6.135924e-10 1.410626e-03
61 1.014879e-03 1.059806e+00
62 1.522469e-05 3.360736e-02
63 1.913749e-08 1.922517e-03
64 5.033399e-09 4.167244e-03
65 1.280903e-05 4.443039e-02
66 3.091007e-07 4.612382e-03
67 6.019479e-07 7.357184e-03
68 2.949508e-06 8.262841e-03
69 5.753902e-08 1.427001e-03
70 2.106456e-09 1.343048e-03
71 1.613650e-03 2.549688e-01
72 7.065309e-06 1.957642e-02
73 4.659217e-08 4.149714e-03
74 1.211985e-04 1.929951e-01
75 2.289592e-05 1.095576e-02
76 3.731190e-07 2.856991e-03
77 2.405780e-05 3.854078e-02
78 1.583641e-03 3.155759e-01
79 2.423247e-03 2.393809e-01
80 1.739537e-06 2.839136e-03
81 1.063183e-07 1.634738e-03
82 1.739901e-05 5.652033e-03
83 5.619652e-05 2.638245e-02
84 5.444343e-08 1.875139e-03
85 6.074650e-04 1.350796e-01
86 3.626860e-06 7.261441e-03
87 9.247768e-08 2.825719e-03
88 4.222629e-08 1.704765e-03
89 3.394530e-06 2.284134e-02
90 7.069346e-04 2.584400e-01
91 2.665849e-03 2.753470e-01
92 2.691880e-03 9.141264e-01
93 5.167971e-06 1.418694e-02
94 1.606317e-06 4.145974e-03
95 2.724605e-03 8.754736e-01
96 9.959357e-05 1.745743e-02
97 2.169544e-08 3.515140e-02
98 1.923863e-07 3.488751e-03
99 6.402748e-05 2.260033e-02
100 5.744120e-03 1.537403e+00
101 2.818209e-06 4.944330e-03
102 1.202248e-06 1.505070e-02
103 1.756670e-03 4.321605e-01
104 3.469549e-05 4.257731e-02
105 1.967308e-05 6.652939e-02
106 1.463825e-07 8.990981e-03
107 5.203625e-08 2.879264e-03
108 1.518994e-06 1.919435e-02
109 2.984342e-07 5.127730e-03
110 2.951167e-06 1.168630e-02
111 2.365942e-03 6.449813e-01
112 3.015592e-04 1.148310e-01
113 2.998566e-03 7.799636e-01
114 7.676448e-04 4.962188e-01
115 6.642109e-04 1.623508e-01
116 2.631038e-03 3.144887e-01
117 6.162098e-04 1.923755e-01
118 7.449828e-03 5.476350e-01
119 3.113138e-10 4.547721e-03
120 2.684364e-10 3.640469e-03
121 7.374538e-08 1.149653e-02
122 4.194940e-08 1.885602e-03
123 1.897798e-06 5.989873e-03
124 6.279486e-06 1.370987e-02
125 2.185392e-09 3.999662e-03
126 8.738494e-07 6.116988e-03
127 5.746919e-08 9.664812e-03
128 6.248095e-07 7.858728e-03
129 2.699672e-08 4.472525e-03
130 1.939462e-08 3.977416e-03
131 4.525381e-08 5.908683e-03
132 4.270171e-07 4.676796e-03
133 1.114703e-07 7.677424e-03
134 1.245964e-05 2.256777e-02
135 2.437861e-08 4.540383e-03
136 1.191899e-07 4.104712e-03
137 3.916218e-06 1.265668e-02
138 1.130239e-08 9.366730e-03
139 1.277005e-07 8.729197e-03
140 3.699266e-08 5.187454e-03
141 2.927226e-09 3.030360e-03
142 9.878191e-08 3.129273e-03
143 2.184375e-07 6.941260e-03
144 1.563508e-08 8.569651e-03
145 1.820659e-09 4.700421e-03
146 5.880002e-08 6.130511e-03
147 5.794036e-08 6.327076e-03
148 8.503230e-09 7.990259e-03
149 7.603921e-08 4.300539e-03
150 2.527504e-09 3.987987e-03
151 3.743073e-07 1.009176e-02
152 1.805423e-07 5.964199e-03
153 2.731142e-08 2.987610e-03
154 1.444277e-08 3.765879e-03
155 6.616217e-09 3.024026e-03
156 7.653957e-08 3.878348e-03
157 4.918478e-08 4.038904e-03
158 7.986322e-07 4.764882e-03
159 1.443611e-07 5.916441e-03
160 5.675412e-08 5.186467e-03
161 2.558517e-08 3.133428e-03
162 2.089951e-09 3.003806e-03
163 4.889329e-09 3.081410e-03
164 3.920090e-10 1.642597e-03
165 6.485795e-10 1.682280e-03
166 3.646824e-11 1.657499e-03
167 1.462043e-09 2.937804e-03
168 9.430167e-08 3.314176e-03
169 8.667940e-07 6.137156e-03
170 7.256094e-11 1.639728e-03
171 1.466143e-08 3.422386e-03
172 5.073826e-09 3.219536e-03
173 3.647965e-10 1.619419e-03
174 1.402505e-09 3.087966e-03
175 9.508676e-09 3.094935e-03
176 2.990044e-09 2.999212e-03
177 6.246298e-10 1.656895e-03
178 1.061481e-07 2.302229e-03
179 5.827801e-10 1.614955e-03
180 4.876001e-09 3.095988e-03
181 2.934541e-10 2.125476e-03
182 1.322306e-09 3.398023e-03
183 2.331761e-10 1.196607e-03
184 1.017118e-10 1.614900e-03
185 7.312743e-10 1.233306e-03
186 7.369919e-09 2.180007e-03
187 3.739547e-10 1.906950e-03
188 4.433839e-11 1.592573e-03
189 8.059511e-11 1.134012e-03
190 2.945014e-10 1.208927e-03
191 3.141258e-05 2.121556e-02
192 1.613883e-06 4.271009e-03
193 2.260368e-04 5.681908e-02
194 1.515666e-04 5.611699e-02
195 5.211267e-06 6.972088e-03
196 1.823184e-05 1.797832e-02
197 2.232502e-04 8.734599e-02
198 1.113792e-06 6.620923e-03
199 5.366693e-06 1.476195e-02
200 1.299703e-06 1.084304e-02
201 4.789985e-05 2.071070e-02
202 1.572479e-05 2.364991e-02
203 8.231510e-08 3.529371e-03
204 4.076351e-06 6.704256e-03
205 8.060333e-07 8.640217e-03
206 1.401535e-07 3.904015e-03
207 3.542075e-07 9.669628e-03
208 1.203939e-08 3.468513e-03
209 2.401721e-07 8.237064e-03
210 2.342839e-07 4.832316e-03
211 2.825034e-08 2.422674e-03
212 1.976265e-04 5.788018e-02
213 6.622232e-08 2.473932e-03
214 1.874383e-08 4.267092e-03
215 2.623440e-06 5.186987e-03
216 1.211477e-06 8.248716e-03
217 1.486971e-07 2.122553e-03
218 1.115587e-05 2.697612e-02
219 2.999095e-05 2.068005e-02
220 1.844049e-08 3.565814e-03
221 1.604243e-07 4.000842e-03
222 7.146508e-08 7.093333e-03
223 4.525729e-07 9.804377e-03
224 9.831647e-09 3.044866e-03
225 3.019566e-07 5.504347e-03
226 1.984296e-07 3.690257e-03
227 1.754593e-07 4.288050e-03
228 6.182141e-08 5.062251e-03
229 4.249720e-06 1.530740e-02
230 2.117405e-06 8.032188e-03
231 1.513377e-06 6.829181e-03
232 2.748279e-07 5.113650e-03
233 4.395993e-07 6.198307e-03
234 2.035814e-06 5.067155e-03
235 2.174949e-08 4.504038e-03
236 1.599751e-06 5.108613e-03
237 9.366489e-09 3.368728e-03
238 3.343615e-07 5.738367e-03
239 3.141618e-08 3.548870e-03
240 1.413119e-07 3.162461e-03
241 7.349189e-07 4.121519e-03
242 8.869364e-07 5.056023e-03
243 4.990090e-08 3.174899e-03
244 2.713979e-07 4.707716e-03
245 1.405981e-07 4.992496e-03
246 4.361342e-08 3.840493e-03
247 3.607126e-07 4.951930e-03
248 1.561342e-07 2.672904e-03
249 4.166220e-06 8.006026e-03
250 3.561323e-07 4.202764e-03
251 2.543818e-07 2.913523e-03
252 1.376524e-06 7.086620e-03
253 1.083935e-08 3.335230e-03
254 4.804057e-08 4.827731e-03
255 9.853398e-07 6.579939e-03
256 9.322668e-08 2.741798e-03
257 8.416801e-08 3.446519e-03
258 2.551344e-05 7.596276e-03
259 5.773072e-05 1.735256e-02
260 2.172610e-05 1.587129e-02
261 3.192573e-05 1.553936e-02
262 6.853791e-07 6.683059e-03
263 2.815340e-05 9.399425e-03
264 6.472305e-06 2.078449e-02
265 5.933072e-07 7.256006e-03
266 1.905379e-05 2.062811e-02
267 2.088255e-05 4.633374e-02
268 9.088200e-07 2.086573e-02
269 7.733183e-07 3.192248e-02
270 9.036949e-08 4.406011e-03
271 1.131306e-06 7.441281e-03
272 7.044069e-08 6.855896e-03
273 1.381701e-07 4.479701e-03
274 1.579895e-06 5.724853e-03
275 1.289382e-07 8.639180e-03
276 2.718507e-05 3.781655e-02
277 6.692147e-08 3.484153e-03
278 6.341385e-08 2.705771e-03
279 2.072384e-06 1.657562e-02
280 2.561476e-07 6.125825e-03
281 3.936250e-07 8.674423e-03
282 1.670854e-06 1.277438e-02
283 3.946807e-07 3.420731e-03
284 2.595455e-06 9.420855e-03
285 1.002154e-04 3.180458e-02
286 5.320929e-05 4.230072e-02
287 3.789881e-06 7.380859e-03
288 4.166922e-06 1.509930e-02
289 3.640729e-05 4.791134e-02
290 8.000601e-05 6.904864e-02
291 2.904808e-06 8.386904e-03
292 2.326111e-05 2.026257e-02
293 9.644324e-06 1.889803e-02
294 1.438624e-05 2.870624e-02
295 4.285741e-06 1.867949e-02
296 9.271332e-04 1.531908e-01
297 2.576825e-03 7.207463e-01
298 2.815126e-05 4.330350e-02
299 4.794583e-07 4.595778e-03
300 2.751292e-08 4.600049e-03
301 2.689273e-03 1.854513e-01
302 1.914161e-07 5.122187e-03
303 9.902527e-08 3.112743e-03
304 2.357817e-08 2.281197e-03
305 9.475799e-09 2.666409e-03
306 9.126189e-10 2.689688e-03
307 2.101872e-10 2.646535e-03
308 3.565522e-10 2.581887e-03
309 4.527593e-06 6.218574e-03
310 2.754954e-10 3.223227e-03
311 3.505694e-11 2.653568e-03
312 1.205453e-07 2.247108e-03
313 1.024792e-10 2.542540e-03
314 1.527948e-10 2.549016e-03
315 2.445501e-11 2.676365e-03
316 5.988052e-09 2.822284e-03
317 6.930932e-11 1.929807e-03
318 4.335367e-10 1.947579e-03
319 5.895585e-08 2.284585e-03
320 2.809214e-11 2.507135e-03
321 3.003993e-11 1.426054e-03
322 2.100177e-04 7.707714e-02
323 6.025863e-05 9.864817e-02
324 2.325852e-08 9.486153e-03
325 1.438411e-05 1.460187e-02
326 5.439182e-08 3.485786e-03
327 1.502655e-06 2.381285e-02
328 8.235501e-07 9.762379e-03
329 1.914210e-04 9.109161e-02
330 1.846010e-03 5.598802e-01
331 1.601941e-05 3.403977e-02
332 6.121755e-04 2.089238e-01
333 3.675788e-07 5.082160e-03
334 2.216448e-06 1.441036e-02
335 6.100328e-08 8.353259e-03
336 1.002521e-06 1.555649e-02
337 2.722780e-04 8.290533e-02
338 3.838694e-05 2.175943e-02
339 1.528980e-03 3.406241e-01
340 3.448436e-06 6.603950e-03
341 2.829062e-06 6.644977e-03
342 1.694893e-05 1.958390e-02
343 7.089052e-06 4.337535e-02
344 3.505629e-07 3.956963e-03
345 2.999906e-06 8.046531e-03
346 1.435015e-07 2.537808e-03
347 9.627495e-08 2.965056e-03
348 1.375968e-05 1.048424e-02
349 2.915278e-06 1.109486e-02
350 2.431313e-08 3.253933e-03
351 2.456907e-08 2.854303e-03
352 1.129745e-06 2.958932e-03
353 5.749060e-06 7.560270e-03
354 1.426017e-06 4.477114e-03
355 6.298392e-07 4.707691e-03
356 4.831770e-08 2.359126e-03
357 1.850783e-05 1.133823e-02
358 9.027878e-06 2.499930e-02
359 2.499591e-06 7.126903e-03
360 1.480588e-06 6.183098e-03
361 3.107353e-05 4.378044e-02
362 9.827855e-08 2.451527e-03
363 1.797438e-08 3.362216e-03
364 1.129745e-06 2.958932e-03
365 1.792577e-05 2.850005e-02
366 6.682374e-06 1.020662e-02
367 1.784307e-06 1.064154e-02
368 2.915278e-06 1.109486e-02
369 2.447336e-05 8.671459e-02
370 2.419119e-06 1.394130e-02
371 1.469647e-06 1.965900e-02
372 2.962525e-03 9.350194e-01
373 5.819249e-05 1.744489e-01
374 3.677690e-03 8.027284e-01
375 6.046367e-06 2.464018e-02
376 7.901576e-04 2.395419e-01
377 4.112186e-06 9.206891e-03
378 1.168209e-04 2.911350e-02
379 1.102276e-05 8.924705e-03
380 6.470726e-05 1.218480e-02
381 7.546191e-08 1.910829e-03
382 9.560561e-07 1.009620e-02
383 3.606367e-08 1.823003e-03
384 3.981599e-06 8.011247e-03
385 1.957102e-08 4.590349e-03
386 1.122091e-06 6.493540e-03
387 6.937048e-06 1.549921e-02
388 2.566802e-08 2.769620e-03
389 2.368305e-06 6.261148e-03
390 1.599699e-06 4.792188e-03
391 2.028901e-05 3.208465e-02
392 1.197190e-04 1.763203e-02
393 4.183787e-06 1.573003e-02
394 1.677592e-07 3.003419e-03
395 5.697415e-07 8.317121e-03
396 7.245464e-05 3.642117e-02
397 2.588486e-05 1.619701e-02
398 8.648532e-05 3.350830e-02
399 8.434920e-06 1.022169e-02
400 3.725836e-05 3.782566e-02
401 1.097404e-05 8.316144e-03
402 1.026371e-06 6.980815e-03
403 2.060930e-06 9.141532e-03
404 2.225118e-05 1.544905e-02
405 4.575338e-06 1.112276e-02
406 9.123657e-07 8.825776e-03
407 4.561682e-07 4.543150e-03
408 5.846848e-06 9.787841e-03
409 4.859907e-03 4.249324e-01
410 3.767565e-05 1.961437e-02
411 1.655879e-05 1.776902e-02
412 3.942570e-04 5.379200e-02
413 1.600399e-06 8.035249e-03
414 3.895918e-06 9.561437e-03
415 4.261276e-06 5.848782e-03
416 1.336237e-06 6.682365e-03
417 4.276707e-06 9.672610e-03
418 7.552938e-04 1.047857e-01
419 3.061577e-04 1.566399e-01
420 4.645049e-04 5.789584e-02
421 8.013383e-06 2.100912e-02
422 1.139921e-05 3.066312e-02
423 5.083445e-04 8.362684e-02
424 7.147104e-04 2.224814e-01
425 9.854209e-04 1.011665e-01
426 2.522078e-05 4.584276e-02
427 1.749040e-03 1.816867e-01
428 1.048630e-04 3.593239e-02
429 6.896336e-05 2.911460e-02
430 1.378907e-04 3.958495e-02
431 5.024067e-04 5.935623e-02
432 7.284867e-05 2.560044e-02
433 4.588022e-05 2.203426e-02
434 1.587354e-04 4.090242e-02
435 4.089261e-05 4.956442e-02
436 2.364548e-04 3.313760e-02
437 1.085070e-04 3.628937e-02
438 3.100498e-05 2.704144e-02
439 2.212885e-03 2.854362e-01
440 1.995035e-04 2.380939e-02
441 7.543859e-05 1.781780e-02
442 2.527518e-04 7.425513e-02
443 2.188692e-05 2.438250e-02
444 3.768306e-03 3.548869e-01
445 4.954935e-04 1.909737e-01
446 4.154688e-11 9.154236e-04
447 4.490258e-11 1.224538e-03
448 9.240218e-12 9.088607e-04
449 6.286967e-11 9.125937e-04
450 3.405274e-11 9.935038e-04
451 1.580564e-08 1.782011e-03
452 2.446896e-10 1.227388e-03
453 5.382320e-09 1.122056e-03
454 2.457777e-10 1.245288e-03
455 3.704332e-09 1.251066e-03
456 3.216375e-11 1.031946e-03
457 4.943971e-13 9.244452e-04
458 1.168801e-09 1.233115e-03
459 1.613350e-06 1.450498e-02
460 8.629580e-10 2.593565e-03
461 2.562404e-11 1.054475e-03
462 6.238022e-09 2.965498e-03
463 3.477404e-09 1.127580e-03
464 1.243249e-09 1.328788e-03
465 1.247712e-10 1.151011e-03
466 3.633246e-10 1.380998e-03
467 8.346422e-11 1.082765e-03
468 5.674634e-11 1.091934e-03
469 1.159358e-09 1.325856e-03
470 5.676498e-10 1.754946e-03
471 1.663168e-10 1.218720e-03
472 1.410398e-10 1.118993e-03
473 5.648235e-10 1.318772e-03
474 5.572287e-11 1.048070e-03
475 2.910455e-09 1.316079e-03
476 3.394519e-09 1.412432e-03
477 4.789052e-07 3.192874e-03
478 3.686752e-06 7.729833e-03
479 4.689924e-09 1.574637e-03
480 1.385847e-09 2.067279e-03
481 6.292921e-10 1.858981e-03
482 6.742337e-10 2.108224e-03
483 3.981842e-10 2.060961e-03
484 1.635407e-08 2.118545e-03
485 6.024679e-10 1.759896e-03
486 3.642555e-06 1.375372e-02
487 3.450885e-09 1.487355e-03
488 3.243941e-07 9.383694e-03
489 2.489869e-03 3.759353e-01
490 1.690661e-06 6.921676e-03
491 1.461789e-06 8.776363e-03
492 1.046893e-06 5.729223e-03
493 1.187877e-06 6.704264e-03
494 1.183412e-08 6.449735e-03
495 7.628998e-08 4.939134e-03
496 6.039076e-05 2.853193e-02
497 3.294005e-05 4.493152e-02
498 2.716392e-06 8.003374e-03
499 3.383426e-08 7.822144e-03
500 2.417801e-08 5.139655e-03
501 3.322038e-06 8.872284e-03
502 4.437430e-04 2.568082e-01
503 8.960989e-06 9.834797e-03
504 1.062556e-05 1.026852e-02
505 1.689665e-06 7.131091e-03
506 9.400312e-05 3.369365e-02
507 3.363480e-05 2.848508e-02
508 3.665788e-06 1.262013e-02
509 2.469423e-07 8.597620e-03
510 3.399773e-06 1.176472e-02
511 9.949097e-07 6.153484e-03
512 8.488018e-07 8.172194e-03
513 2.658781e-06 7.958163e-03
514 4.133780e-03 8.196450e-01
515 4.712840e-07 6.951039e-03
516 2.025704e-07 6.846356e-03
517 2.478462e-06 1.377686e-02
518 2.148141e-07 6.894668e-03
519 5.366570e-06 2.310073e-02
520 2.671843e-06 1.851432e-02
521 5.710617e-05 2.775034e-02
522 7.871857e-05 2.501552e-02
523 2.447323e-05 2.564151e-02
524 1.080426e-06 1.303135e-02
525 4.304209e-06 8.005764e-03
526 1.125623e-05 2.342909e-02
527 2.337758e-06 9.742073e-03
528 3.219558e-07 5.971733e-03
529 6.581210e-06 1.732881e-02
530 5.935057e-07 5.116972e-03
531 1.658953e-06 7.216529e-03
532 4.784652e-06 1.852823e-02
533 2.249868e-06 1.240909e-02
534 7.269892e-07 1.140425e-02
535 3.817330e-06 1.218711e-02
536 4.543948e-05 3.759671e-02
537 8.122037e-06 2.452828e-02
538 1.490603e-06 1.251644e-02
539 3.978024e-05 2.409697e-02
540 1.012112e-05 2.228443e-02
541 1.541600e-05 2.462907e-02
542 1.161308e-03 1.896545e-01
543 4.380227e-06 1.884913e-02
544 1.815716e-06 7.392776e-03
545 3.669561e-06 7.378426e-03
546 6.118364e-06 5.967559e-03
547 1.459188e-09 2.494596e-03
548 2.472458e-08 3.022469e-03
549 2.283688e-08 1.590170e-03
550 7.646210e-07 5.556869e-03
551 3.835354e-07 2.636288e-03
552 2.934459e-06 1.879536e-02
553 1.962484e-05 3.195405e-02
554 5.530220e-06 9.048751e-03
555 5.084521e-06 1.174747e-02
556 1.749041e-07 3.006978e-03
557 1.362261e-07 3.774453e-03
558 9.822277e-06 1.175587e-02
559 2.901667e-08 2.468883e-03
560 3.354364e-07 3.973749e-03
561 6.166279e-07 3.146941e-03
562 4.168147e-07 3.399576e-03
563 1.751169e-07 4.785868e-03
564 2.720838e-07 3.250534e-03
565 2.809949e-06 1.432196e-02
566 4.169932e-06 5.644784e-03
567 2.422037e-04 7.825686e-02
568 8.189279e-05 2.047798e-02
569 3.048767e-04 6.952519e-02
570 1.777480e-05 1.349815e-02
571 2.021155e-05 8.311772e-03
572 1.590112e-04 2.509205e-02
573 1.682909e-05 6.857164e-03
574 2.028042e-04 2.748521e-02
575 2.827147e-05 7.968681e-03
576 7.318992e-05 1.523451e-02
577 1.889875e-05 1.195763e-02
578 5.115102e-06 9.755278e-03
579 1.874441e-03 6.769680e-01
580 1.190300e-04 2.710360e-02
581 1.274924e-05 4.833453e-03
582 3.058668e-04 5.323900e-02
583 1.534923e-05 1.019451e-02
584 3.879987e-05 1.438202e-02
585 2.099443e-04 7.056724e-02
586 2.216761e-06 1.266756e-02
587 4.795626e-06 1.314556e-02
588 3.584542e-06 1.014679e-02
589 7.628111e-07 2.601871e-03
590 2.183564e-03 3.559419e-01
591 8.790170e-04 1.183334e-01
592 1.821262e-06 6.330866e-03
593 2.015193e-05 1.664690e-02
594 1.935544e-04 2.779112e-02
595 1.254698e-07 6.658272e-03
596 8.624243e-03 9.310514e-01
597 1.525625e-10 1.912638e-03
598 5.220105e-09 1.968940e-03
599 4.787406e-09 1.938389e-03
600 1.319316e-08 2.062261e-03
601 4.323773e-08 3.033296e-03
602 4.522409e-09 2.563901e-03
603 7.745710e-09 3.254101e-03
604 2.182150e-10 1.931487e-03
605 1.743696e-08 2.078278e-03
606 2.887397e-10 1.932126e-03
607 2.678153e-10 1.777688e-03
608 7.958429e-10 2.031244e-03
609 6.895816e-06 1.270687e-02
610 4.903720e-07 4.309197e-03
611 6.704654e-04 2.797236e-01
612 2.264633e-06 2.559616e-02
613 8.351201e-06 1.874841e-02
614 4.681298e-06 2.620935e-02
615 3.913413e-07 1.032197e-02
616 1.743947e-09 3.281027e-03
617 7.854158e-06 1.276222e-02
618 2.320385e-08 4.231782e-03
619 5.135074e-08 5.030700e-03
620 1.304724e-08 5.447251e-03
621 2.539262e-04 6.234528e-02
622 2.097437e-08 5.942982e-03
623 9.517426e-09 7.249064e-03
624 1.571447e-07 6.020746e-03
625 1.174232e-07 4.554418e-03
626 3.729887e-03 5.760116e-01
627 5.725243e-07 4.991863e-03
628 3.377522e-07 1.266124e-02
629 6.068973e-05 5.978697e-02
630 4.361301e-05 3.591746e-02
631 6.931380e-05 2.649707e-02
632 1.770270e-05 3.846806e-02
633 4.053730e-08 6.069718e-03
634 4.806613e-07 5.290428e-03
635 2.859283e-07 5.167012e-03
636 2.669532e-07 7.252831e-03
637 2.379223e-06 1.362526e-02
638 5.000107e-08 8.793558e-03
639 9.742092e-07 1.530034e-02
640 2.408853e-07 4.767765e-03
641 7.309626e-08 5.575911e-03
642 9.523874e-08 6.945505e-03
643 4.802826e-06 3.480566e-02
644 2.567262e-06 6.276728e-03
645 1.224002e-06 1.244937e-02
646 5.183474e-07 1.906702e-02
647 1.546664e-06 7.597199e-03
648 1.206551e-05 2.640862e-02
649 3.699122e-07 1.059766e-02
650 2.748423e-07 5.737731e-03
651 5.892690e-08 6.388275e-03
652 3.166470e-07 7.575527e-03
653 6.985625e-04 3.669684e-01
654 2.076142e-04 7.723999e-02
655 1.656720e-08 2.904622e-03
656 4.454032e-05 3.041722e-02
657 2.489818e-03 5.790283e-01
658 1.690630e-05 2.461358e-02
659 6.802218e-07 1.339534e-02
660 2.197197e-06 1.384617e-02
661 8.033825e-06 3.489519e-02
662 2.574402e-04 2.261275e-01
663 1.595169e-06 1.395087e-02
664 4.748603e-06 1.444739e-02
665 1.989650e-06 1.663389e-02
666 1.089604e-05 3.136921e-02
667 1.962552e-05 1.830845e-02
668 4.329195e-07 7.024243e-03
669 4.399275e-06 2.983899e-02
670 2.119850e-04 4.156720e-02
671 2.778096e-05 3.944761e-02
672 3.390619e-07 6.947149e-03
673 7.744202e-05 1.685455e-01
674 2.877654e-06 7.360302e-03
675 1.290423e-03 1.972570e-01
676 8.013670e-07 1.668602e-02
677 1.802101e-04 3.537760e-02
678 8.545069e-08 8.048811e-03
679 2.211004e-04 1.152751e-01
680 7.091830e-08 3.442207e-03
681 4.794622e-06 1.324824e-02
682 3.737465e-03 8.051219e-01
683 5.260427e-07 1.569096e-02
684 1.197582e-03 2.664803e-01
685 1.156449e-07 8.800469e-03
686 2.276237e-03 3.171718e-01
687 2.947920e-06 7.792514e-03
688 1.865006e-07 8.260817e-03
689 2.936567e-07 9.018280e-03
690 4.016632e-06 1.434466e-02
691 1.324162e-06 1.515935e-02
692 6.207303e-07 1.184135e-02
693 1.168239e-06 9.331972e-03
694 6.669153e-06 5.664375e-03
695 1.640126e-05 9.132722e-03
696 6.703661e-04 1.167965e-01
697 8.717884e-06 8.126235e-02
698 2.939743e-04 1.717653e-01
699 1.911054e-06 1.663871e-02
700 2.081880e-04 2.988046e-02
701 1.768289e-06 9.354819e-03
702 2.609927e-05 1.550884e-02
703 1.264590e-06 7.223662e-03
704 5.033655e-04 3.951043e-02
705 6.287798e-05 1.499865e-02
706 2.005785e-05 1.493302e-02
707 1.578269e-05 9.285452e-03
708 4.745759e-04 4.985276e-01
709 5.638410e-06 2.426047e-02
710 6.789381e-04 1.136298e-01
711 5.034928e-05 9.370733e-02
712 5.078556e-05 3.924921e-02
713 9.570008e-06 3.567460e-02
714 6.044591e-06 1.985912e-02
715 1.049275e-07 6.481125e-03
716 2.272665e-06 1.798111e-02
717 1.402575e-05 3.115360e-02
718 8.270583e-06 1.245571e-02
719 3.499479e-06 1.188661e-02
720 1.057827e-05 1.952381e-02
721 1.187159e-04 4.338303e-02
722 5.271103e-05 3.428638e-02
723 2.902122e-04 8.697159e-02
724 3.762669e-07 6.860709e-03
725 1.325274e-06 7.203619e-03
726 2.663218e-06 1.210498e-02
727 4.790823e-04 4.385749e-01
728 7.005773e-07 1.270400e-02
729 3.579272e-06 1.391626e-02
730 3.521236e-06 1.772583e-02
731 3.213799e-06 6.659648e-03
732 1.224035e-05 8.121183e-03
733 1.686556e-06 1.033624e-02
734 5.594339e-06 1.448857e-02
735 2.742671e-05 1.350171e-02
736 1.794740e-06 1.983229e-02
737 1.547062e-03 3.050745e-01
738 2.432121e-05 5.169593e-02
739 1.207182e-05 1.124871e-02
740 1.907038e-05 1.367436e-02
741 4.769200e-06 9.995279e-03
742 1.012901e-04 6.057006e-02
743 3.422178e-05 1.992312e-02
744 1.201421e-04 3.549711e-02
745 1.587514e-04 4.132168e-02
746 3.598107e-06 9.775753e-03
747 2.843692e-05 1.258983e-02
748 3.247214e-07 6.031946e-03
749 1.982307e-06 2.859682e-02
750 1.434051e-04 6.537572e-02
751 2.339378e-07 8.188437e-03
752 4.546073e-07 1.134463e-02
753 1.231805e-03 2.705093e-01
754 3.231657e-05 1.932386e-02
755 2.721409e-04 7.040083e-02
756 1.909860e-07 1.077779e-02
757 1.792279e-04 8.753381e-02
758 7.229325e-07 5.453277e-03
759 4.695753e-05 3.116522e-02
760 8.985436e-04 2.220903e-01
761 7.287027e-04 1.621977e-01
762 1.105423e-06 9.864984e-03
763 1.805385e-06 1.169448e-02
764 5.918583e-06 1.076438e-02
765 8.222859e-04 3.534442e-01
766 1.003370e-03 5.745867e-01
767 1.607737e-03 2.803834e-01
768 1.534174e-03 3.685598e-01
769 2.756793e-07 1.123478e-02
770 1.828311e-07 5.028975e-03
771 2.846132e-07 4.881078e-03
772 2.608761e-07 4.735941e-03
773 1.669818e-04 1.331294e-01
774 7.937305e-07 6.555768e-03
775 5.175917e-06 1.134137e-02
776 4.634634e-07 5.686753e-03
777 9.880244e-08 1.022664e-02
778 9.291899e-04 1.314182e-01
779 1.230312e-07 8.936451e-03
780 1.656503e-06 6.275541e-03
781 3.619390e-08 5.344401e-03
782 5.241758e-08 2.401539e-03
783 3.194309e-08 3.590357e-03
784 2.783557e-06 1.844384e-02
785 1.486557e-05 1.325408e-02
786 6.586621e-06 7.913372e-03
787 3.008926e-06 9.481965e-03
788 1.806511e-07 1.146402e-02
789 2.553943e-07 8.418632e-03
790 1.688044e-04 9.846431e-02
791 7.957974e-07 4.309188e-03
792 2.315533e-07 1.030955e-02
793 1.626509e-05 1.357539e-02
794 7.417237e-04 2.388781e-01
795 1.861746e-05 1.661605e-02
796 9.923588e-07 5.997777e-03
797 5.250681e-05 9.220685e-02
798 5.965037e-07 7.381343e-03
799 3.023853e-04 9.312256e-02
800 4.060730e-06 1.862311e-02
801 1.790128e-06 1.079862e-02
802 3.276608e-04 1.335336e-01
803 8.231788e-04 4.674022e-01
804 6.211289e-07 1.070725e-02
805 1.273571e-04 5.155178e-02
806 8.389893e-05 1.302068e-01
807 3.353841e-05 5.214215e-02
808 2.061950e-07 5.932752e-03
809 7.246940e-07 2.374800e-02
810 9.215170e-09 2.325806e-03
811 1.292791e-05 1.637713e-02
812 1.745343e-07 4.274239e-03
813 5.136008e-05 3.721145e-02
814 3.742523e-06 1.358277e-02
815 1.251656e-06 1.591890e-02
816 1.461569e-03 2.671792e-01
817 9.699831e-05 9.628064e-02
818 1.820020e-07 9.977962e-03
819 5.419438e-06 1.288117e-02
820 4.999100e-06 3.714090e-02
821 1.628151e-05 4.121958e-02
822 8.823732e-06 3.354817e-02
823 6.789273e-05 1.169295e-01
824 4.795482e-03 6.306881e-01
825 3.788176e-03 5.634683e-01
826 5.459055e-04 3.407164e-01
827 1.099258e-03 1.283967e-01
828 1.243888e-03 6.951782e-01
829 3.145751e-03 5.951537e-01
830 1.269440e-05 1.137147e-02
831 3.072591e-07 4.711338e-03
832 4.095563e-07 5.154741e-03
833 1.910435e-06 1.093145e-02
834 5.880962e-06 6.491722e-03
835 1.437005e-06 6.749470e-03
836 2.328464e-06 4.851717e-03
837 2.481593e-06 9.338531e-03
838 1.543790e-05 7.555045e-03
839 4.079759e-07 4.987510e-03
840 3.863233e-06 1.839916e-02
841 1.290944e-06 7.155841e-03
842 8.609221e-07 8.553231e-03
843 5.474942e-07 9.793806e-03
844 2.383100e-06 1.958592e-02
845 6.501998e-05 3.793699e-02
846 9.928207e-05 6.282565e-02
847 4.691274e-06 7.995678e-03
848 2.116848e-06 1.355136e-02
849 1.908548e-04 5.286056e-02
850 8.857795e-07 6.144959e-03
851 2.815625e-05 6.591222e-02
852 1.561892e-07 6.358442e-03
853 4.275420e-05 1.578559e-02
854 5.216735e-07 5.846443e-03
855 1.337942e-05 1.677227e-02
856 6.971335e-09 1.482204e-03
857 1.787157e-08 1.302118e-03
858 3.870295e-08 2.048693e-03
859 5.880264e-09 1.498930e-03
860 8.426154e-05 1.227290e-01
861 3.815801e-07 6.844538e-03
862 1.157744e-07 1.589313e-03
863 2.979826e-08 1.538926e-03
864 8.313662e-09 1.393592e-03
865 4.716147e-08 1.572928e-03
866 5.074785e-08 2.065370e-03
867 2.393369e-07 1.713454e-03
868 3.355410e-09 1.362876e-03
869 9.474999e-09 1.626859e-03
870 2.120685e-08 1.531918e-03
871 2.882175e-09 1.393892e-03
872 3.081713e-08 1.879459e-03
873 2.935059e-08 1.417090e-03
874 2.624696e-08 1.403527e-03
875 1.413590e-03 1.852137e-01
876 2.209997e-09 1.443906e-03
877 3.321699e-08 1.455474e-03
878 3.535756e-08 1.899970e-03
879 1.096792e-08 1.352261e-03
880 1.678037e-08 1.370865e-03
881 2.019703e-09 1.397871e-03
882 4.958953e-08 1.819680e-03
883 6.620779e-08 1.758888e-03
884 1.463746e-07 1.473893e-03
885 3.595932e-08 1.566613e-03
886 2.158089e-06 6.546760e-03
887 9.466124e-06 8.803298e-03
888 1.459461e-06 1.150693e-02
889 3.796867e-04 7.974719e-02
890 1.914632e-06 1.982731e-02
891 6.085346e-05 8.801647e-02
892 3.155215e-04 1.224500e-01
893 1.107434e-06 5.602677e-03
894 2.110137e-06 3.646399e-03
895 5.591935e-06 8.255214e-03
896 5.510880e-06 1.472399e-02
897 2.766936e-03 6.514227e-01
898 5.592061e-06 1.883088e-02
899 4.226038e-05 7.518641e-02
900 1.252449e-05 8.346458e-03
901 3.013288e-05 6.745063e-03
902 1.824757e-06 8.939971e-03
903 1.851927e-07 6.119684e-03
904 6.583718e-05 1.061597e-01
905 4.085970e-06 1.991391e-02
906 1.954659e-05 4.832091e-02
907 2.371303e-03 8.170170e-01
908 3.638902e-08 2.758259e-03
909 8.280789e-07 3.111025e-03
910 6.246053e-08 1.575536e-03
911 1.284012e-05 6.350764e-03
912 6.887741e-07 5.024043e-03
913 3.304117e-08 1.720133e-03
914 1.672124e-07 4.901623e-03
915 3.151741e-06 3.509791e-03
916 9.068830e-04 1.059214e-01
917 7.540683e-08 2.124696e-03
918 4.622726e-08 1.780554e-03
919 1.905335e-08 1.393104e-03
920 6.630846e-07 2.508786e-03
921 4.150564e-09 1.059802e-03
922 1.738623e-07 1.423875e-03
923 5.655057e-04 6.140491e-02
924 1.099955e-05 1.708448e-02
925 1.289670e-07 1.062372e-03
926 8.266746e-06 1.440540e-02
927 4.826860e-08 1.322946e-03
928 2.459414e-06 3.972468e-03
929 9.928392e-06 9.968939e-03
930 4.591475e-07 3.638604e-03
931 9.830439e-07 3.763759e-03
932 5.762392e-09 1.484418e-03
933 2.066741e-07 1.818671e-03
934 1.685721e-05 1.138026e-02
935 7.759884e-07 1.846195e-03
936 6.577802e-08 1.193362e-03
937 2.198160e-06 2.905935e-03
938 2.030432e-07 1.787368e-03
939 3.251312e-06 3.417130e-03
940 1.075769e-05 6.264277e-03
941 1.961587e-06 5.524840e-03
942 8.437737e-08 1.622921e-03
943 1.168834e-06 2.145375e-03
944 2.318334e-05 5.067242e-03
945 1.149041e-07 2.261096e-03
946 7.402871e-06 6.060116e-03
947 3.008339e-06 3.137836e-02
948 2.575433e-07 6.913379e-03
949 3.524151e-07 1.054514e-02
950 4.033448e-08 7.911131e-03
951 1.600474e-07 1.591389e-02
952 2.418759e-05 1.634574e-02
953 1.081715e-07 8.942276e-03
954 1.722822e-08 3.084159e-03
955 4.167313e-06 3.658845e-02
956 2.479756e-09 3.053554e-03
957 2.156844e-08 8.408506e-03
958 9.260641e-08 6.806627e-03
959 1.954452e-05 4.795943e-02
960 1.934999e-07 1.908247e-02
961 2.218543e-07 9.771190e-03
962 5.297059e-07 1.265177e-02
963 8.461177e-09 3.841880e-03
964 6.614702e-06 4.036429e-02
965 2.609760e-08 5.409148e-03
966 3.983449e-05 1.070802e-01
967 8.345850e-06 5.622811e-02
968 1.973826e-07 4.729237e-03
969 2.333095e-07 8.082750e-03
970 2.712959e-07 1.672578e-02
971 2.521074e-07 3.092098e-03
972 9.344097e-07 7.461764e-03
973 6.656958e-08 9.415718e-03
974 1.470636e-08 3.277301e-03
975 2.652535e-06 6.884107e-03
976 1.093470e-03 1.729974e-01
977 8.540329e-06 6.737178e-03
978 1.261483e-04 1.412962e-02
979 8.983492e-07 2.808910e-03
980 1.147055e-07 1.231082e-03
981 4.162686e-07 4.085567e-03
982 6.581048e-06 7.855756e-03
983 3.051023e-06 3.699709e-03
984 2.721427e-05 9.206662e-03
985 6.679387e-06 3.890701e-03
986 1.178671e-05 3.884174e-03
987 1.825147e-07 1.267685e-03
988 9.973068e-07 2.486787e-03
989 4.581721e-05 8.094094e-03
990 2.067961e-06 3.725178e-03
991 1.287735e-05 6.786522e-03
992 1.690945e-06 2.295282e-03
993 7.234606e-07 2.429174e-03
994 2.473060e-07 2.144747e-03
995 1.360306e-05 3.393270e-03
996 2.605112e-06 3.136939e-03
997 7.591242e-04 7.057307e-02
998 1.628987e-05 5.684938e-03
999 1.395091e-05 4.353856e-03
1000 1.300113e-06 1.866443e-03
1001 1.578171e-07 1.571109e-03
1002 1.472703e-05 5.483668e-03
1003 1.201990e-07 1.776745e-03
1004 1.453101e-05 4.863055e-03
1005 3.748797e-07 2.906392e-03
1006 4.193454e-05 1.095842e-02
1007 1.625456e-07 2.921950e-03
1008 3.628389e-05 6.476300e-03
1009 9.901631e-08 4.055950e-03
1010 1.197731e-07 2.852352e-03
1011 4.720362e-07 3.683344e-03
1012 3.036647e-06 3.630165e-03
1013 4.738259e-08 2.065877e-03
1014 2.222071e-07 3.423372e-03
1015 1.822155e-08 2.130452e-03
1016 1.406064e-05 2.750652e-03
1017 2.107171e-06 1.746345e-03
1018 9.296568e-07 2.870933e-03
1019 1.181154e-07 4.397440e-03
1020 6.354371e-08 1.747176e-03
1021 2.834551e-05 6.348482e-03
1022 8.407854e-08 1.164302e-03
1023 4.139854e-06 1.988934e-03
1024 1.703924e-07 1.396744e-03
1025 2.608439e-06 2.335631e-03
1026 7.208078e-04 7.516484e-01
1027 1.822977e-04 1.013078e-01
1028 5.114741e-05 7.048564e-02
1029 1.026598e-04 9.195927e-02
1030 5.619143e-04 2.898606e-01
1031 2.166650e-03 4.245593e-01
1032 1.118768e-06 7.760901e-03
1033 1.092961e-05 1.826357e-02
1034 2.039284e-04 2.264483e-01
1035 1.465516e-06 4.388300e-03
1036 1.208362e-06 9.595708e-03
1037 2.036637e-05 2.754184e-02
1038 5.300651e-07 3.011905e-03
1039 6.879455e-06 1.557671e-02
1040 1.575777e-06 9.106331e-03
1041 2.820893e-06 2.546869e-02
1042 7.113207e-07 1.081333e-02
1043 1.158321e-05 1.572314e-02
1044 8.590581e-08 1.705198e-02
1045 6.425764e-07 7.535704e-03
1046 1.159432e-04 5.170961e-02
1047 4.539569e-04 1.368644e-01
1048 2.835772e-04 5.116344e-02
1049 1.802445e-06 8.774822e-03
1050 3.225139e-03 3.721402e-01
1051 1.147738e-03 2.126362e-01
1052 2.767764e-09 1.227032e-03
1053 5.824103e-09 1.821069e-03
1054 3.292048e-04 5.727079e-02
1055 2.646487e-10 1.556017e-03
1056 2.947685e-09 4.672917e-03
1057 1.428839e-08 2.138570e-03
1058 4.462108e-08 2.023638e-03
1059 1.542748e-10 1.031691e-03
1060 9.271240e-11 9.550834e-04
1061 2.046570e-06 2.928765e-03
1062 9.072014e-10 1.812549e-03
1063 6.106711e-08 3.804346e-03
1064 9.373981e-04 1.243011e-01
1065 6.781823e-06 1.602124e-02
1066 8.294738e-10 1.577833e-03
1067 3.694093e-10 1.439736e-03
1068 1.048997e-10 1.465207e-03
1069 4.221684e-10 1.614051e-03
1070 9.998516e-08 1.407908e-02
1071 4.060231e-07 5.286900e-03
1072 5.207241e-07 3.281812e-03
1073 3.078629e-06 1.927328e-02
1074 3.145104e-09 1.055118e-03
1075 1.977317e-06 2.586697e-02
1076 3.927579e-06 5.914767e-03
1077 1.557672e-05 1.589598e-02
1078 5.916314e-10 1.632416e-03
1079 1.767405e-07 5.810890e-03
1080 6.599657e-08 1.576970e-03
1081 1.983532e-10 1.460182e-03
1082 1.644293e-09 1.485654e-03
1083 2.974705e-08 1.828213e-03
1084 7.388387e-10 1.228455e-03
1085 3.839924e-08 4.318424e-03
1086 1.081342e-09 1.239930e-03
1087 9.915384e-10 1.369574e-03
1088 1.687056e-09 4.681243e-03
1089 1.747021e-09 1.234516e-03
1090 4.062521e-10 1.195602e-03
1091 1.734127e-09 1.229094e-03
1092 5.076982e-04 5.489460e-01
1093 8.774942e-08 1.876495e-02
1094 7.045395e-08 1.384088e-02
1095 9.626205e-09 1.692587e-03
1096 3.898526e-10 1.481486e-03
1097 1.109229e-08 4.825991e-03
1098 1.738095e-06 7.807117e-03
1099 9.805482e-08 3.256566e-03
1100 3.967244e-08 2.806174e-03
1101 3.560828e-06 4.911611e-03
1102 2.180430e-08 3.180505e-03
1103 6.131373e-08 2.752080e-03
1104 1.312267e-05 6.813526e-02
1105 3.276227e-09 1.529955e-03
1106 6.435556e-10 2.235568e-03
1107 9.492200e-10 3.128472e-03
1108 1.628368e-08 1.737036e-03
1109 1.739660e-09 2.022563e-03
1110 8.297105e-08 4.730712e-03
1111 1.106992e-09 3.955373e-03
1112 6.729751e-06 3.954891e-02
1113 2.212115e-06 1.734205e-02
1114 1.779905e-08 2.056286e-03
1115 2.335144e-05 3.434004e-02
1116 1.296527e-10 1.479007e-03
1117 1.103328e-08 1.610557e-03
1118 4.119547e-07 6.642630e-03
1119 2.522830e-06 2.365484e-02
1120 3.700985e-07 4.037430e-03
1121 1.204621e-06 6.825227e-03
1122 1.007828e-06 4.076301e-03
1123 3.649927e-07 2.477566e-03
1124 5.761388e-07 3.773650e-03
1125 2.637114e-06 4.665132e-03
1126 1.924904e-06 5.072434e-03
1127 3.400727e-07 3.868943e-03
1128 1.198417e-06 4.557165e-03
1129 1.266562e-06 3.276888e-03
1130 6.184490e-06 4.944924e-03
1131 3.356032e-04 5.821228e-02
1132 6.591084e-04 2.058901e-01
1133 1.710576e-05 4.374850e-02
1134 1.214255e-06 9.149561e-03
1135 1.975665e-06 2.399671e-03
1136 3.632886e-06 4.768284e-03
1137 2.229839e-06 5.471869e-03
1138 3.942067e-05 1.358265e-02
1139 2.091666e-07 5.252489e-03
1140 9.246536e-04 2.451287e-01
1141 7.319147e-05 3.588302e-02
1142 6.158924e-06 9.264926e-03
1143 1.073743e-06 6.764826e-03
1144 8.814824e-06 3.719766e-02
1145 2.578467e-07 9.202841e-03
1146 3.954258e-04 8.064071e-02
1147 1.954642e-05 4.366847e-02
1148 8.142596e-05 2.101948e-02
1149 3.061605e-05 1.184000e-02
1150 1.417466e-05 1.145313e-02
1151 1.394653e-04 2.085540e-02
1152 8.062680e-06 6.257805e-03
1153 1.337317e-06 4.786647e-03
1154 8.474500e-05 1.085653e-02
1155 1.155173e-04 2.514358e-02
1156 7.894611e-05 3.850055e-02
1157 2.076094e-04 6.188163e-02
1158 4.839606e-06 1.505972e-02
1159 3.200165e-04 1.768318e-01
1160 9.412015e-06 1.123654e-02
1161 3.763028e-06 7.466979e-03
1162 6.307937e-05 4.695995e-02
1163 7.624543e-04 2.447510e-01
1164 5.801268e-05 2.480635e-02
1165 7.355976e-05 1.948131e-02
1166 8.342614e-05 4.720132e-02
1167 5.464702e-05 3.602526e-02
1168 8.515924e-05 2.649558e-02
1169 1.142480e-04 4.407334e-02
1170 8.487552e-05 3.593380e-02
1171 7.553619e-06 8.677514e-03
1172 1.520367e-05 2.573502e-02
1173 9.582105e-04 2.526657e-01
1174 4.275069e-04 2.034019e-01
1175 1.348073e-05 3.856250e-02
1176 5.213966e-03 1.890401e+00
1177 9.144713e-08 3.102031e-03
1178 1.261234e-04 3.016576e-02
1179 9.514583e-06 2.370214e-02
1180 1.966224e-04 9.917695e-02
1181 2.230663e-05 2.217263e-02
1182 3.610244e-04 6.131526e-02
1183 1.037687e-04 2.886235e-02
1184 1.441745e-03 1.276188e-01
1185 7.563911e-04 1.835863e-01
1186 8.037122e-05 2.820496e-02
1187 4.669242e-06 9.354406e-03
1188 6.466813e-06 1.032927e-02
1189 1.189395e-04 4.052391e-02
1190 4.506196e-04 2.521729e-01
1191 5.776129e-05 3.537922e-02
1192 2.038246e-04 9.838663e-02
1193 1.075184e-04 4.135428e-02
1194 2.364077e-04 1.915853e-01
1195 1.783274e-04 6.168855e-02
1196 7.828957e-04 1.653676e-01
1197 2.420327e-04 6.316576e-02
1198 2.384817e-05 2.829826e-02
1199 1.786412e-04 6.187048e-02
1200 3.590413e-04 1.800166e-01
1201 1.246482e-05 2.756426e-02
1202 7.199707e-06 1.623304e-02
1203 7.453618e-05 4.272873e-02
1204 2.249732e-04 7.828453e-02
1205 6.242804e-08 4.860433e-03
1206 8.619736e-06 1.807662e-02
1207 1.371353e-07 3.642330e-03
1208 2.056715e-04 1.018763e-01
1209 2.488638e-06 8.917060e-03
1210 9.699070e-08 8.343676e-03
1211 1.640893e-07 3.593559e-03
1212 1.341009e-05 5.329041e-03
1213 9.230195e-07 7.477418e-03
1214 2.794588e-06 9.026716e-03
1215 8.219472e-07 3.467975e-02
1216 1.852755e-09 4.242145e-03
1217 1.639630e-04 2.606488e-01
1218 1.834722e-06 6.713545e-03
1219 1.092440e-07 1.281792e-03
1220 1.887479e-07 3.398108e-03
1221 5.271142e-06 8.358083e-03
1222 2.233045e-03 2.864644e-01
1223 3.090229e-07 2.060725e-03
1224 1.492844e-06 2.203396e-03
1225 1.966028e-04 6.282249e-02
1226 1.226286e-08 2.309699e-03
1227 2.818768e-03 3.850535e-01
1228 1.320336e-05 1.054003e-02
1229 7.481987e-09 1.268639e-03
1230 1.500467e-06 2.631071e-03
1231 9.987122e-07 1.797040e-03
1232 4.518609e-08 2.021550e-03
1233 2.252151e-07 2.245984e-03
1234 2.774681e-05 4.724591e-03
1235 2.139497e-07 2.552909e-03
1236 1.828466e-06 2.928208e-03
1237 2.117019e-05 3.727986e-03
1238 1.047216e-05 4.131760e-03
1239 3.203508e-07 2.320754e-03
1240 2.068061e-03 8.108302e-01
1241 7.418499e-06 5.688749e-03
1242 4.305055e-05 4.178812e-03
1243 3.398143e-06 4.193047e-03
1244 8.833163e-06 4.000447e-03
1245 2.728711e-06 2.859332e-03
1246 4.032209e-06 2.810148e-03
1247 7.597883e-05 2.108438e-02
1248 9.787105e-06 4.592718e-02
1249 7.650679e-07 1.097271e-02
1250 3.156623e-05 2.363596e-02
1251 5.877478e-06 1.913363e-02
1252 2.315510e-06 1.707716e-02
1253 8.513264e-07 1.509533e-02
1254 3.245196e-06 8.329169e-03
1255 2.081240e-03 3.772628e-01
1256 1.812242e-05 8.771831e-03
1257 3.070334e-03 1.066474e+00
1258 3.372612e-04 8.428176e-02
1259 4.472710e-04 2.392495e-01
1260 2.091392e-04 3.097622e-02
1261 1.703020e-08 1.847226e-03
1262 1.343025e-03 2.432217e-01
1263 2.660153e-06 5.470145e-03
1264 6.022264e-04 7.795641e-02
1265 6.022366e-06 3.257260e-03
1266 3.369530e-07 6.917040e-03
1267 3.227076e-08 1.941904e-03
1268 1.843702e-05 7.060306e-03
1269 1.109320e-04 6.436208e-02
1270 2.470344e-04 7.781052e-02
1271 3.697687e-06 1.102727e-02
1272 1.426424e-06 3.293265e-03
1273 4.983634e-06 6.636826e-03
1274 1.622877e-05 2.136133e-02
1275 3.688261e-04 8.466758e-02
1276 3.625285e-04 1.080846e-01
1277 1.964217e-05 1.231458e-01
1278 3.474300e-04 1.937004e-01
1279 5.094349e-06 5.876886e-03
1280 9.333082e-08 7.381780e-03
1281 1.398932e-07 8.536853e-03
1282 1.932496e-06 1.544844e-02
1283 3.916389e-06 1.297434e-02
1284 3.473017e-04 2.573894e-01
1285 4.039377e-05 3.421559e-02
1286 2.965351e-04 1.267277e-01
1287 2.419613e-07 7.187778e-03
1288 3.225215e-05 1.219733e-01
1289 4.232019e-05 1.413451e-01
1290 1.220411e-08 1.825006e-03
1291 4.701103e-05 8.052509e-02
1292 4.211475e-06 1.578949e-02
1293 5.715842e-05 2.065986e-01
1294 4.707641e-07 2.428028e-03
1295 1.374862e-05 1.765559e-02
1296 5.665606e-05 1.998296e-02
1297 1.303268e-03 4.011894e-01
1298 1.590504e-04 1.885917e-01
1299 2.696349e-05 2.055584e-02
1300 9.279906e-04 4.041303e-01
1301 1.173929e-05 4.546956e-03
1302 1.075351e-06 3.752498e-03
1303 2.614854e-04 3.244597e-02
1304 1.170476e-04 4.948064e-02
1305 2.127453e-03 1.039662e-01
1306 6.523987e-04 3.617308e-02
1307 2.595928e-03 1.870047e-01
1308 4.119422e-06 1.030226e-02
1309 2.875678e-03 2.782387e-01
1310 1.437977e-03 3.900335e-01
1311 4.770886e-04 1.668910e-01
1312 5.961049e-03 1.003429e+00
1313 1.452018e-06 4.912995e-03
1314 1.562988e-04 4.417694e-02
1315 4.581361e-07 6.015463e-03
1316 6.902513e-09 4.991345e-03
1317 7.674062e-09 3.431733e-03
1318 1.625144e-07 2.002018e-03
1319 2.506887e-08 2.520491e-03
1320 3.025232e-07 4.468877e-03
1321 8.508241e-08 4.116606e-03
1322 7.152644e-09 1.540337e-03
1323 1.835765e-06 1.492642e-02
1324 1.854693e-06 3.168489e-03
1325 6.589574e-07 6.766818e-03
1326 2.502832e-06 8.183301e-03
1327 6.873052e-07 1.018372e-02
1328 3.465359e-06 7.250339e-03
1329 2.202975e-10 2.764868e-03
1330 1.129614e-06 9.771601e-03
1331 1.693736e-04 1.573136e-01
1332 2.046111e-04 2.271859e-01
1333 1.215727e-05 3.269667e-02
1334 4.565843e-07 2.100276e-02
1335 1.765657e-04 2.583404e-02
1336 1.153560e-05 1.013631e-02
1337 3.054909e-05 5.493209e-03
1338 1.150668e-04 2.978231e-02
1339 9.925341e-06 2.877807e-02
1340 2.811154e-06 1.017066e-02
1341 7.098448e-06 8.090524e-03
1342 7.582816e-08 1.656648e-03
1343 2.731126e-03 4.725630e-01
1344 1.256943e-07 5.160201e-03
1345 3.311883e-03 3.262783e-01
1346 6.128344e-04 7.005798e-02
1347 8.767128e-05 8.913502e-02
1348 1.351452e-04 2.609303e-02
1349 1.959845e-06 1.324819e-02
1350 4.223192e-03 6.622321e-01
1351 8.354217e-04 3.084750e-01
1352 1.733465e-03 3.803846e-01
1353 1.806311e-08 3.320694e-03
1354 4.334222e-07 3.130679e-03
1355 9.745747e-05 3.809051e-02
1356 1.626105e-06 4.563484e-03
1357 7.363979e-07 5.423233e-03
1358 2.054165e-03 3.467163e-01
1359 2.479589e-06 2.565405e-02
1360 1.663002e-05 5.201385e-03
1361 1.443087e-05 1.373591e-02
1362 3.882396e-06 3.696324e-03
1363 7.272618e-09 1.349067e-03
1364 8.785310e-08 1.290265e-03
1365 3.156084e-08 1.907282e-03
1366 3.845549e-07 7.125812e-03
1367 4.427360e-05 3.682371e-02
1368 6.887610e-07 3.329402e-03
1369 7.802581e-08 2.314804e-03
1370 2.030264e-08 1.155553e-03
1371 2.892170e-06 2.694024e-03
1372 2.045142e-07 1.242631e-03
1373 1.852051e-07 2.048955e-03
1374 1.074337e-05 9.043308e-03
1375 1.473114e-03 1.994792e-01
1376 3.388307e-05 2.797935e-02
1377 2.544144e-04 6.051643e-02
1378 1.143217e-06 1.156391e-02
1379 2.178699e-04 1.022732e-01
1380 1.896587e-04 6.159710e-02
1381 5.823204e-07 2.251303e-02
1382 2.635864e-07 2.280382e-03
1383 1.394765e-05 7.535137e-03
1384 1.178524e-03 4.197436e-01
1385 1.303566e-04 4.098934e-02
1386 5.542778e-04 1.619376e-01
1387 2.153444e-03 5.478422e-01
1388 1.616446e-03 4.487513e-01
1389 5.692210e-06 7.800015e-03
1390 1.404001e-03 1.869933e-01
1391 4.018700e-05 1.801447e-02
1392 2.954575e-06 1.605639e-02
1393 1.110079e-06 3.054509e-03
1394 8.890097e-07 1.086205e-02
1395 1.217060e-05 4.240890e-02
1396 1.849206e-06 5.183905e-03
1397 1.331839e-06 4.594871e-03
1398 2.702740e-03 4.458833e-01
1399 2.334366e-05 1.802071e-02
1400 3.832393e-06 8.564959e-03
1401 1.861102e-04 5.635354e-02
1402 2.754540e-07 4.010129e-03
1403 2.683110e-05 4.425864e-03
1404 9.662985e-05 3.967136e-02
1405 1.604924e-07 2.189273e-03
1406 1.221403e-04 1.753350e-02
1407 4.277764e-07 2.696858e-03
1408 3.577765e-08 2.397652e-03
1409 2.459736e-04 4.413252e-02
1410 8.197495e-04 1.544361e-01
1411 1.255174e-05 1.584203e-01
1412 1.075626e-03 2.695943e-01
1413 8.828930e-07 2.456678e-03
1414 1.091292e-03 5.978109e-01
1415 3.261864e-07 3.228973e-03
1416 2.314891e-05 4.996591e-03
1417 1.337186e-04 8.416391e-03
1418 5.421340e-06 3.858306e-03
1419 3.420684e-04 9.775263e-02
1420 8.494599e-04 3.435926e-01
1421 3.453035e-04 1.454944e-01
1422 3.103885e-04 7.233784e-02
1423 2.364809e-03 3.734644e-01
1424 3.033116e-07 9.885364e-03
1425 1.936218e-03 8.171946e-01
1426 9.273630e-04 4.247470e-01
1427 2.583613e-05 4.249295e-02
1428 7.060778e-05 1.362885e-02
1429 1.122917e-05 1.106351e-02
1430 4.068695e-05 4.388939e-02
1431 3.394045e-05 4.086854e-02
1432 4.080394e-04 6.429567e-02
1433 1.831195e-07 7.794723e-03
1434 5.809038e-07 3.258518e-02
1435 1.871174e-04 6.111943e-02
1436 1.415046e-03 3.803190e-01
1437 5.517591e-07 4.747930e-03
1438 1.452148e-05 8.844917e-03
1439 2.407310e-03 9.263643e-01
1440 4.252899e-04 6.361660e-02
1441 2.031652e-03 4.322130e-01
1442 6.129655e-09 2.166417e-03
1443 3.167852e-06 5.625084e-02
1444 1.058194e-06 3.602534e-02
1445 1.790061e-05 4.688993e-02
1446 7.925888e-07 6.410373e-03
1447 2.408108e-04 2.842504e-02
1448 1.104318e-06 9.845349e-03
1449 3.650559e-04 1.130715e-01
1450 1.089459e-04 1.236971e-01
1451 5.228750e-08 1.808913e-03
1452 6.212336e-07 1.408088e-02
1453 1.192933e-06 1.998554e-03
1454 1.937180e-07 1.287107e-02
1455 9.237947e-09 4.418299e-03
1456 2.201581e-05 8.768649e-03
1457 7.513472e-08 5.410199e-03
1458 2.291434e-08 2.874184e-03
1459 3.171714e-05 7.766441e-03
1460 1.005807e-07 4.504249e-03
1461 7.523068e-08 7.679736e-03
1462 4.229244e-07 8.557628e-03
1463 2.483112e-05 3.399683e-02
1464 2.662449e-03 7.350597e-01
1465 5.971839e-04 3.802219e-01
1466 8.150915e-04 3.703967e-01
1467 1.401759e-04 4.020294e-02
1468 2.998171e-03 7.124026e-01
1469 3.067300e-03 4.111996e-01
1470 9.080759e-05 3.327962e-02
1471 1.493947e-04 1.732920e-02
1472 3.557752e-04 1.161641e-01
1473 1.604186e-08 2.958075e-03
1474 3.557181e-08 1.252585e-02
1475 6.690944e-08 4.533314e-03
1476 3.843281e-05 7.873205e-03
1477 1.845295e-03 2.613495e-01
1478 1.338016e-05 2.825142e-02
1479 5.093403e-04 1.135052e-01
1480 3.089458e-04 1.402721e-01
1481 7.717513e-06 3.413618e-02
1482 2.771881e-05 6.391382e-02
1483 2.766900e-05 1.140822e-02
1484 7.271347e-06 7.398967e-03
1485 3.671480e-05 7.518685e-03
1486 2.393525e-03 2.574294e-01
1487 1.371055e-05 1.433608e-02
1488 2.338165e-04 3.904079e-02
1489 1.227838e-04 8.596398e-03
1490 2.333096e-05 6.622176e-03
1491 1.022186e-03 1.900687e-01
1492 4.555504e-05 2.147470e-02
1493 9.412031e-07 5.357275e-03
1494 1.902181e-05 2.162762e-02
1495 9.044009e-04 3.329431e-01
1496 3.775729e-05 9.337973e-03
1497 1.204179e-04 1.095694e-01
1498 2.550479e-03 6.446605e-01
1499 4.828682e-04 5.302475e-02
1500 2.236762e-06 1.025005e-02
1501 1.272037e-03 1.281883e-01
1502 7.044018e-04 1.423307e-01
1503 1.787955e-04 3.397116e-02
1504 2.062458e-03 5.301167e-01
1505 1.384755e-05 7.069671e-02
1506 4.174029e-07 1.690911e-03
1507 1.244033e-03 1.765830e-01
1508 7.319245e-04 8.572541e-01
1509 6.801975e-06 4.271760e-03
1510 5.768836e-07 3.738893e-03
1511 1.504725e-03 2.014641e-01
1512 1.038130e-07 1.060402e-03
1513 8.132017e-07 1.731178e-02
1514 5.683123e-08 5.215103e-03
1515 8.873927e-06 9.971817e-03
1516 3.861234e-04 1.055719e-01
1517 8.739740e-06 1.718753e-02
1518 4.471953e-05 8.504123e-02
1519 4.257135e-09 1.807202e-03
1520 1.125507e-04 6.999121e-02
1521 1.711616e-07 2.449411e-03
1522 2.894318e-07 4.721208e-03
1523 4.454610e-05 6.942164e-03
1524 3.910026e-04 3.442609e-01
1525 8.065558e-05 5.217173e-02
1526 4.399386e-06 2.373732e-02
1527 8.357071e-04 7.497357e-02
1528 1.947216e-05 8.688801e-03
1529 1.702971e-04 2.415646e-02
1530 5.282876e-06 7.217421e-03
1531 7.364204e-04 1.036920e-01
1532 1.501622e-05 2.031896e-02
1533 8.688423e-05 1.116473e-01
1534 3.030940e-03 3.801057e-01
1535 2.635219e-03 4.929899e-01
1536 1.679186e-04 3.151605e-01
1537 6.879253e-07 8.405380e-03
1538 2.199485e-04 3.845783e-01
1539 2.583598e-05 2.610795e-02
1540 1.037652e-06 4.666348e-02
1541 3.196473e-04 2.370732e-01
1542 7.476775e-03 1.184673e+00
1543 1.726558e-07 5.581744e-03
1544 2.643796e-06 1.676853e-02
1545 1.099845e-08 3.642543e-03
1546 3.693176e-04 1.524039e-01
1547 1.868449e-05 3.719027e-02
1548 1.476047e-07 3.960922e-02
1549 8.044709e-09 2.624365e-03
1550 2.234922e-04 3.420286e-02
1551 1.979938e-06 1.644446e-02
1552 4.667945e-08 1.273091e-03
1553 3.957930e-08 3.196473e-03
1554 2.078095e-03 4.083631e-01
1555 2.169571e-03 2.660590e-01
1556 1.525803e-05 4.091654e-02
1557 6.722401e-04 2.249871e-01
1558 5.878134e-04 3.225130e-01
1559 1.877747e-03 3.288421e-01
1560 6.375442e-06 5.512868e-03
1561 5.206966e-04 5.965797e-02
1562 8.240068e-06 1.401152e-02
1563 1.752549e-03 7.358327e-02
1564 1.468036e-06 8.024957e-03
1565 8.124454e-05 7.850921e-02
1566 7.711935e-05 3.313031e-02
1567 1.160132e-05 7.697275e-03
1568 4.121411e-04 2.192122e-02
1569 1.391495e-04 4.200803e-02
1570 5.393910e-04 7.149167e-02
1571 7.517999e-05 6.365659e-02
1572 2.555489e-08 1.950735e-03
1573 9.365514e-04 1.849469e-01
1574 3.093524e-07 5.614712e-03
1575 4.591381e-06 2.294541e-02
1576 2.392083e-05 1.602472e-02
1577 3.667799e-04 3.371354e-01
1578 5.615470e-07 6.657808e-03
1579 1.671306e-04 2.636123e-02
1580 1.071037e-08 2.504112e-03
1581 1.113408e-05 5.648249e-03
1582 5.397975e-06 7.155061e-03
1583 9.590141e-04 1.120504e-01
1584 3.879007e-05 8.717269e-03
1585 1.542794e-03 4.892926e-01
1586 1.221903e-03 4.541308e-01
1587 4.984105e-04 1.468495e-01
1588 2.008871e-03 2.022042e-01
1589 4.680607e-04 2.067592e-01
1590 8.628676e-04 3.099935e-01
1591 7.582018e-05 6.025591e-02
1592 1.120906e-04 3.580537e-02
1593 3.736448e-04 1.323144e-01
1594 8.285025e-05 4.808331e-02
1595 4.330347e-04 2.536002e-02
1596 6.444821e-05 3.014007e-02
1597 1.172177e-04 3.446511e-02
1598 2.248050e-04 1.301171e-01
1599 5.237720e-06 4.002254e-03
1600 2.794856e-04 1.551580e-01
1601 1.651797e-06 1.528256e-03
1602 5.161097e-03 6.146893e-01
1603 1.636317e-07 2.581605e-03
1604 2.259206e-08 2.525623e-03
1605 1.059312e-03 9.828466e-02
1606 3.021151e-09 2.940734e-03
1607 8.704223e-09 1.977965e-03
1608 2.278555e-06 2.056035e-03
1609 5.934215e-04 7.720667e-02
1610 2.465266e-04 1.025876e-01
1611 2.205600e-10 1.884618e-03
1612 1.859262e-08 2.242004e-03
1613 1.530081e-05 3.879121e-03
1614 1.890454e-06 5.374487e-03
1615 2.103142e-03 2.236322e-01
1616 9.032899e-04 1.321959e-01
1617 3.675231e-04 1.756631e-01
1618 3.996755e-04 6.684177e-02
1619 1.886669e-03 6.226756e-01
1620 3.541011e-06 1.110422e-02
1621 3.950981e-04 1.364592e-01
1622 1.723925e-06 5.882355e-03
1623 1.805376e-05 5.276970e-02
1624 2.491382e-07 5.289174e-03
1625 1.226506e-08 1.697258e-03
1626 1.443723e-07 9.849954e-03
1627 1.481539e-06 6.847659e-03
1628 2.603624e-09 1.990177e-03
1629 1.733858e-04 7.737665e-02
1630 4.845472e-09 1.722607e-03
1631 1.733768e-06 1.206546e-02
1632 1.534434e-07 1.016258e-02
1633 1.094147e-04 4.622784e-02
1634 2.309846e-03 6.528019e-01
1635 6.097326e-03 3.737820e-01
1636 2.437280e-03 1.145205e+00
1637 5.104940e-04 1.434887e-01
1638 6.009916e-04 5.295036e-02
1639 3.620569e-03 8.474521e-01
1640 6.160799e-04 1.393961e-01
1641 3.723613e-04 3.361955e-01
1642 7.196964e-04 7.689573e-02
1643 7.438028e-05 5.464615e-02
1644 2.955893e-04 1.324101e-01
1645 8.106525e-08 1.656832e-03
1646 4.835795e-04 4.424368e-02
1647 1.028413e-03 3.176453e-01
1648 5.790399e-06 6.458104e-03
1649 8.933651e-05 3.052866e-02
1650 9.444170e-04 3.747841e-01
1651 5.046341e-05 3.488104e-03
1652 2.695211e-03 6.823883e-01
1653 2.466412e-03 6.657089e-01
1654 2.561204e-07 2.821809e-03
1655 8.750686e-06 8.412730e-03
1656 7.435314e-09 3.790993e-03
1657 2.366448e-08 1.273260e-03
1658 3.384548e-07 3.447400e-03
1659 4.436431e-06 1.093492e-02
1660 2.598567e-09 2.013525e-03
1661 5.029036e-04 1.172896e-01
1662 5.142166e-08 8.357872e-03
1663 2.370989e-04 6.891516e-02
1664 4.381612e-08 7.017000e-03
1665 3.628731e-04 6.544906e-02
1666 1.012925e-04 1.008043e-01
1667 7.603836e-05 6.435450e-02
1668 1.854296e-06 3.054104e-03
1669 3.257237e-06 6.358480e-03
1670 2.547394e-06 1.133200e-02
1671 1.104333e-07 4.709755e-03
1672 9.861555e-06 3.227107e-02
1673 9.580040e-05 6.628378e-02
1674 6.277604e-06 3.802227e-03
1675 3.000335e-04 2.713580e-02
1676 3.383058e-08 1.485385e-03
1677 5.274148e-05 1.909274e-02
1678 2.127229e-04 3.087509e-01
1679 9.217207e-06 1.410827e-02
1680 1.548173e-05 1.845055e-02
1681 3.016052e-04 8.106041e-02
1682 1.479577e-06 8.366387e-03
1683 3.656434e-07 1.425747e-02
1684 6.375055e-07 7.018689e-03
1685 5.813015e-10 2.228324e-03
1686 4.710697e-05 4.809881e-02
1687 1.492392e-05 2.145107e-02
1688 3.049777e-08 1.179857e-03
1689 6.289047e-06 4.538427e-02
1690 2.848082e-06 1.113534e-02
1691 1.321148e-04 6.672827e-02
1692 7.305267e-04 7.276487e-01
1693 5.799125e-04 5.626878e-01
1694 1.319183e-03 1.459223e-01
1695 7.700852e-07 9.187943e-03
1696 1.034892e-07 3.053890e-03
1697 2.065348e-08 6.227281e-03
1698 5.098977e-04 8.622975e-02
1699 5.584157e-07 1.727426e-02
1700 2.443404e-04 3.247442e-02
1701 2.233646e-06 1.055118e-02
1702 6.021239e-07 6.230545e-03
1703 2.294329e-05 1.605568e-02
1704 3.771728e-06 7.158068e-03
1705 9.562725e-04 3.650505e-01
1706 3.302545e-05 5.340056e-02
1707 2.130913e-06 3.465071e-03
1708 1.263289e-10 2.066066e-03
1709 3.454877e-10 5.400176e-03
1710 1.237082e-09 1.419985e-03
1711 4.386365e-07 1.072911e-02
1712 1.581267e-06 5.634041e-03
1713 1.479176e-07 4.477456e-03
1714 6.114077e-07 6.140294e-03
1715 6.424572e-07 4.512280e-03
1716 1.246883e-07 6.166587e-03
1717 3.354012e-09 2.196720e-03
1718 3.618000e-07 1.827669e-02
1719 4.908991e-11 1.983142e-03
1720 2.226863e-06 4.799627e-03
1721 8.517304e-09 1.542795e-03
1722 1.029583e-06 1.298318e-02
1723 4.459950e-10 1.305786e-03
1724 2.877699e-10 1.416012e-03
1725 6.163881e-08 1.937146e-03
1726 2.503888e-06 3.783693e-02
1727 1.521202e-08 1.036106e-02
1728 6.217909e-09 2.570355e-03
1729 9.890689e-06 1.404204e-02
1730 8.731530e-08 4.521862e-03
1731 3.634917e-08 4.022901e-03
1732 7.230054e-04 8.651309e-02
1733 4.443292e-04 2.493068e-01
1734 2.133251e-03 3.831630e-01
1735 1.790245e-05 7.483723e-02
1736 2.534555e-07 7.926789e-03
1737 2.156709e-06 9.123003e-03
1738 3.588006e-04 2.292638e-01
1739 1.554523e-03 2.355917e-01
1740 2.433263e-05 2.438584e-02
1741 1.115077e-10 1.330459e-03
1742 1.367931e-07 1.704788e-03
1743 1.434755e-07 4.120479e-03
1744 4.922091e-08 2.077017e-03
1745 1.413151e-09 2.243298e-03
1746 2.205581e-07 8.576707e-03
1747 4.237516e-06 2.363313e-02
1748 5.200365e-05 1.108954e-02
1749 2.433455e-06 6.965870e-03
1750 8.942256e-07 8.778364e-03
1751 1.803548e-07 4.096604e-03
1752 8.983678e-08 7.633351e-03
1753 3.691931e-05 1.086415e-01
1754 1.226065e-03 4.722959e-01
1755 8.840581e-04 3.858454e-01
1756 5.192619e-06 1.994323e-02
1757 2.279178e-04 7.785540e-02
1758 3.454464e-03 6.972829e-01
1759 1.901631e-04 1.541249e-01
1760 1.910524e-03 2.878393e-01
1761 2.973690e-03 6.240999e-01
1762 1.178071e-03 7.201174e-01
1763 1.575165e-04 2.084159e-01
1764 6.815344e-05 2.515759e-02
1765 9.050902e-05 4.462984e-02
1766 6.412714e-04 2.717266e-01
1767 2.520713e-04 6.270612e-02
1768 1.331609e-05 3.593357e-02
1769 2.338321e-04 1.473432e-01
1770 1.429837e-03 1.466572e-01
1771 3.111921e-05 1.238431e-01
1772 8.465448e-08 4.455325e-03
1773 9.842438e-03 1.886092e+00
1774 6.788304e-04 3.315509e-01
1775 2.433953e-03 1.175160e+00
1776 2.810165e-04 2.304414e-01
1777 2.088132e-05 5.809759e-02
1778 1.204415e-03 6.769049e-01
1779 1.448716e-04 9.072402e-02
1780 6.265457e-05 7.128943e-02
1781 2.190428e-05 3.565128e-02
1782 2.388774e-05 3.688869e-02
1783 4.225457e-03 6.815375e-01
1784 1.368660e-04 7.680355e-02
1785 5.209265e-05 1.060811e-01
1786 1.886846e-04 2.660741e-02
1787 3.695643e-04 9.652760e-02
1788 1.411926e-03 3.345749e-01
1789 5.853831e-04 1.576680e-01
1790 1.823537e-05 1.963180e-02
1791 9.484501e-05 1.631945e-01
1792 6.716515e-04 2.758270e-01
1793 4.108131e-04 7.443263e-02
1794 1.490401e-04 2.572320e-02
1795 1.021728e-04 3.693200e-02
1796 3.031784e-04 1.126098e-01
1797 9.158382e-05 1.094546e-01
1798 5.809819e-06 4.981647e-02
1799 1.612321e-06 1.596926e-02
1800 5.006214e-04 2.011808e-01
1801 3.797567e-05 4.316412e-02
1802 2.933957e-03 5.138906e-01
1803 1.283908e-03 2.391382e-01
1804 1.889928e-03 2.669852e-01
1805 4.874001e-04 8.613690e-02
1806 9.401643e-05 7.054837e-02
1807 1.388964e-04 3.142917e-02
1808 1.257559e-03 2.496586e-01
1809 5.614784e-06 2.323037e-02
1810 4.223443e-07 9.306590e-03
1811 7.703140e-07 1.303340e-02
1812 4.791576e-05 2.322484e-02
1813 4.843358e-06 1.028714e-02
1814 8.802295e-08 2.086128e-02
1815 1.427410e-05 7.414933e-02
1816 1.272880e-05 3.027620e-02
1817 4.324851e-04 8.759488e-02
1818 1.145296e-06 4.651657e-02
1819 2.382559e-03 5.723511e-01
1820 1.326557e-04 1.557509e-01
1821 6.459812e-05 2.817815e-02
1822 2.397744e-06 2.086818e-02
1823 3.733513e-06 4.850514e-02
1824 3.403796e-04 4.994801e-02
1825 9.411321e-04 3.380479e-01
1826 3.473158e-04 8.499285e-02
1827 1.834413e-06 1.238747e-02
1828 8.724933e-06 1.789330e-02
1829 1.899870e-06 1.693094e-02
1830 2.053738e-03 1.052973e+00
1831 1.539697e-06 9.390398e-03
1832 3.349934e-05 4.034248e-02
1833 9.487210e-08 1.113882e-02
1834 3.061024e-05 2.290924e-02
1835 1.187085e-08 8.519959e-03
1836 2.629658e-06 6.608662e-03
1837 1.738044e-03 2.017514e-01
1838 3.268701e-05 3.442873e-02
1839 5.695415e-06 4.631001e-02
1840 8.002380e-05 8.345757e-02
1841 1.466737e-04 4.878940e-02
1842 6.631727e-06 2.200035e-02
1843 5.898903e-06 1.846020e-02
1844 3.029590e-06 2.132479e-02
1845 7.701831e-05 2.236398e-02
1846 6.462055e-07 7.277915e-03
1847 1.790995e-05 1.472675e-02
1848 1.354326e-06 1.276700e-02
1849 1.536693e-06 1.522887e-02
1850 3.934703e-07 9.933395e-03
1851 2.283408e-06 5.794467e-03
1852 2.463030e-07 4.812362e-03
1853 5.262156e-06 4.648354e-03
1854 3.915027e-04 1.029015e-01
1855 9.690756e-06 2.951774e-02
1856 2.360940e-04 1.029571e-01
1857 1.507383e-03 1.828533e-01
1858 1.606132e-04 1.040176e-01
1859 8.496416e-07 5.612664e-03
1860 1.912851e-04 1.028120e-01
1861 1.111212e-08 7.875592e-03
1862 1.300261e-06 9.757758e-03
1863 2.205974e-06 2.632561e-02
1864 3.610192e-04 1.560014e-01
1865 3.498070e-04 7.387423e-02
1866 2.562270e-05 4.956843e-02
1867 1.491677e-06 1.196333e-02
1868 8.092638e-08 9.836265e-03
1869 3.396516e-07 6.752824e-03
1870 8.670934e-06 1.584427e-02
1871 5.951159e-04 3.432938e-01
1872 2.086995e-04 2.490393e-01
1873 6.610403e-05 2.160184e-02
1874 1.582951e-04 9.251141e-02
1875 5.297880e-04 1.359559e-01
1876 2.224861e-05 1.007177e-02
1877 1.098625e-04 3.163335e-02
1878 9.829346e-06 8.519151e-03
1879 4.115856e-05 3.591325e-02
1880 2.905129e-05 2.010220e-02
1881 1.068241e-03 2.987612e-01
1882 3.119607e-06 6.474526e-02
1883 4.532906e-06 4.438225e-02
1884 7.700035e-05 8.692330e-02
1885 2.346468e-05 3.819804e-02
1886 2.459572e-04 1.105518e-01
1887 3.411194e-06 8.455803e-03
1888 9.912093e-07 1.626811e-02
1889 6.186322e-08 7.988077e-03
1890 8.337149e-09 5.479316e-03
1891 5.966389e-07 5.602109e-03
1892 6.243841e-07 5.992238e-03
1893 1.666105e-08 2.192591e-02
1894 8.167078e-05 6.089145e-02
1895 4.828858e-05 3.214285e-02
1896 2.084734e-07 5.025321e-03
1897 2.864556e-08 3.674608e-03
1898 6.303316e-07 3.843294e-03
1899 2.275832e-05 1.937431e-02
1900 1.038071e-05 2.232395e-02
1901 2.658310e-09 1.743859e-03
1902 1.155127e-03 2.831283e-01
1903 2.352077e-04 3.683035e-01
1904 1.522257e-04 3.473028e-02
1905 8.076550e-04 1.354145e-01
1906 5.274833e-04 6.352407e-01
1907 5.672210e-08 7.403174e-03
1908 2.815239e-07 8.152001e-03
1909 1.097745e-07 5.437601e-03
1910 4.479996e-05 3.645945e-02
1911 1.354645e-07 1.194180e-02
1912 2.412189e-04 6.996132e-02
1913 2.900537e-05 7.039711e-02
1914 4.674975e-04 1.460457e-01
1915 2.699191e-04 7.343057e-01
1916 8.184626e-04 2.266064e-01
1917 7.043369e-05 1.888817e-01
1918 5.131995e-04 1.823764e-01
1919 1.223170e-03 3.022468e-01
1920 1.638965e-05 7.013348e-02
1921 5.189112e-05 4.402044e-02
1922 7.799329e-04 2.030328e-01
1923 4.802061e-04 1.323710e-01
1924 3.229001e-03 3.111357e-01
1925 1.908531e-05 7.441668e-02
1926 4.500296e-06 2.457368e-02
1927 3.395757e-04 1.279547e-01
1928 2.854882e-04 3.362511e-01
1929 2.138165e-04 5.728168e-02
1930 3.905580e-07 6.046346e-03
1931 9.567151e-07 3.882019e-02
1932 1.068699e-07 2.588646e-02
1933 1.950439e-04 5.283136e-02
1934 1.284636e-07 7.587978e-03
1935 1.376528e-05 6.497504e-02
1936 1.468413e-05 2.183186e-02
1937 2.317410e-04 1.146456e-01
1938 7.981565e-04 1.255245e-01
1939 6.495370e-05 7.990193e-02
1940 2.662328e-05 9.852889e-02
1941 2.285532e-07 7.970425e-03
1942 2.825437e-04 1.668809e-01
1943 1.165844e-04 1.250046e-01
1944 1.852663e-05 3.657838e-02
1945 6.258101e-06 1.307073e-02
1946 6.868152e-05 1.370166e-01
1947 2.515838e-05 2.270717e-02
1948 7.097362e-04 1.209983e-01
1949 2.096866e-03 5.338819e-01
1950 1.172014e-03 1.900753e-01
1951 4.611875e-04 3.220500e-01
1952 4.276433e-05 1.462028e-01
1953 1.474256e-05 2.504045e-02
1954 8.098209e-06 1.727315e-02
1955 1.425392e-03 6.286129e-01
1956 1.713232e-03 4.076803e-01
1957 3.131090e-03 6.195591e-01
1958 9.955840e-04 4.343921e-01
1959 1.117082e-08 7.318859e-03
1960 8.415046e-06 1.785223e-02
1961 9.680452e-11 2.938937e-03
1962 4.034195e-08 7.220669e-03
1963 1.024754e-09 2.056837e-03
1964 2.307162e-09 3.509847e-03
1965 5.467750e-05 3.864835e-02
1966 5.232661e-07 1.198331e-02
1967 9.867397e-04 2.290664e-01
1968 1.449203e-05 2.346842e-02
1969 6.481732e-06 2.059228e-02
1970 1.700112e-06 9.578132e-03
1971 1.113395e-05 2.546442e-02
1972 2.881475e-08 7.139326e-03
1973 6.784698e-04 2.207467e-01
1974 1.503703e-05 4.023576e-02
1975 6.888961e-07 1.700938e-02
1976 1.359823e-05 3.231901e-02
1977 6.215475e-04 2.324862e-01
1978 1.693236e-04 6.426406e-02
1979 2.048163e-04 7.893750e-02
1980 6.126106e-04 8.978263e-02
1981 5.430457e-04 6.447725e-02
1982 3.116828e-04 1.512900e-01
1983 1.583694e-03 5.775796e-01
1984 8.575786e-05 9.220855e-02
1985 1.034676e-04 2.294376e-01
1986 7.861120e-05 8.527147e-02
1987 1.300680e-03 8.444621e-01
1988 2.376540e-05 5.226202e-02
1989 3.144196e-05 5.135481e-02
1990 4.834584e-04 2.146022e-01
1991 4.606942e-06 1.440194e-02
1992 5.385895e-05 5.608935e-02
1993 9.571588e-04 2.050694e-01
1994 3.310304e-04 6.187313e-02
1995 8.412035e-05 7.486862e-02
1996 1.743727e-04 6.272954e-02
1997 4.719159e-03 6.062137e-01
1998 9.526693e-04 2.271955e-01
1999 5.707069e-04 3.525238e-01
2000 1.298496e-04 1.946759e-01
