1 4.214203e-03 1.895187e-01
2 1.007447e-05 1.838097e-02
3 2.784608e-06 2.302710e-03
4 5.291345e-07 1.822603e-03
5 1.610621e-06 2.523902e-03
6 1.399972e-03 1.395438e-01
7 3.883781e-06 9.398446e-03
8 4.089223e-05 3.951263e-02
9 3.451085e-08 2.381880e-03
10 1.344275e-04 7.956005e-02
11 1.320373e-06 5.091498e-03
12 4.605844e-07 1.221779e-03
13 1.091229e-03 1.733952e-01
14 1.059912e-06 7.560152e-03
15 3.764829e-07 2.894705e-03
16 1.111902e-04 2.166823e-02
17 2.620096e-06 1.827958e-03
18 1.342945e-03 1.156229e-01
19 4.315257e-06 7.335599e-03
20 2.459127e-09 1.022629e-03
21 2.891402e-03 2.900991e-01
22 2.209752e-05 3.615897e-03
23 5.104643e-05 2.545226e-02
24 5.642289e-04 1.435510e-01
25 8.159066e-04 9.842441e-02
26 1.693909e-05 3.340510e-03
27 6.587579e-05 7.754731e-03
28 8.726973e-06 3.356729e-03
29 1.538750e-03 2.470577e-01
30 8.587670e-04 3.856276e-01
31 7.013565e-04 2.030872e-01
32 1.583134e-05 6.652358e-03
33 2.802669e-07 1.208497e-03
34 7.597847e-08 1.144300e-03
35 1.221946e-06 2.947434e-03
36 2.473237e-03 2.586126e-01
37 1.871807e-04 4.156736e-02
38 5.017043e-06 8.257336e-03
39 8.803313e-07 1.934470e-03
40 1.230409e-06 3.417333e-03
41 1.611207e-05 1.356176e-02
42 6.263998e-07 4.955142e-03
43 1.139817e-03 1.669996e-01
44 5.233906e-04 4.871706e-02
45 1.165172e-03 9.267214e-02
46 1.286366e-05 7.873402e-03
47 6.900312e-04 2.474745e-01
48 3.529798e-04 8.212795e-02
49 4.073286e-05 7.180991e-03
50 3.211676e-03 2.130316e-01
51 6.839718e-06 1.082346e-02
52 3.472981e-05 2.242891e-02
53 1.450294e-05 4.290189e-03
54 1.337483e-05 9.494390e-03
55 4.879791e-06 4.768461e-03
56 1.740615e-05 5.951431e-03
57 9.117040e-06 1.398468e-02
58 1.621378e-04 4.081387e-02
59 1.589183e-04 2.638939e-02
60 1.597646e-07 1.405830e-03
61 3.255029e-03 4.484853e-01
62 3.251771e-06 3.252000e-02
63 1.508461e-06 1.808498e-03
64 4.697551e-07 4.132703e-03
65 1.301264e-04 3.206701e-02
66 6.188801e-06 3.602539e-03
67 9.583592e-07 7.148670e-03
68 2.511059e-06 7.203964e-03
69 2.558059e-07 1.409950e-03
70 1.400790e-07 1.330700e-03
71 1.312000e-03 1.467244e-01
72 1.115860e-04 1.550036e-02
73 1.201033e-06 4.086290e-03
74 4.122002e-04 1.400524e-01
75 7.654135e-05 4.428745e-03
76 7.265361e-06 2.552886e-03
77 8.484162e-05 3.473137e-02
78 3.150007e-04 2.057550e-01
79 3.580579e-04 3.574385e-02
80 1.078161e-05 2.090229e-03
81 1.016315e-06 1.382655e-03
82 1.365359e-05 3.106329e-03
83 1.138746e-04 1.072933e-02
84 5.683632e-07 1.811302e-03
85 2.796888e-04 2.992443e-02
86 1.916851e-05 5.838394e-03
87 2.992243e-06 2.701210e-03
88 2.567837e-07 1.680182e-03
89 6.700219e-05 1.925183e-02
90 1.234234e-03 1.029192e-01
91 4.222903e-04 5.680365e-02
92 4.682381e-03 3.182018e-01
93 1.081111e-04 1.186614e-02
94 2.951385e-06 3.642454e-03
95 3.718588e-03 3.038904e-01
96 1.679787e-04 6.787706e-03
97 1.451009e-05 3.465939e-02
98 1.034925e-05 3.116664e-03
99 5.592102e-05 4.539739e-03
100 5.585291e-03 4.611190e-01
101 1.332257e-05 4.146902e-03
102 1.710982e-05 1.409030e-02
103 1.256050e-03 1.126631e-01
104 1.152978e-04 2.826647e-02
105 1.710015e-04 3.750851e-02
106 5.597904e-06 8.865168e-03
107 8.358648e-07 2.855648e-03
108 3.693293e-05 1.801598e-02
109 3.111988e-06 5.023710e-03
110 1.805414e-05 1.054019e-02
111 1.216024e-03 2.008923e-01
112 2.730784e-04 5.000822e-02
113 3.215110e-03 2.348721e-01
114 8.431648e-04 1.811970e-01
115 6.297706e-04 8.270573e-02
116 1.007614e-03 1.075436e-01
117 2.233265e-04 4.879981e-02
118 2.238065e-03 9.256239e-02
119 4.671297e-08 4.545751e-03
120 1.863000e-07 3.636474e-03
121 3.516557e-06 1.143896e-02
122 3.741490e-06 1.789451e-03
123 1.129954e-05 5.343103e-03
124 5.771003e-05 9.711627e-03
125 2.138533e-07 3.993966e-03
126 2.923194e-06 5.774031e-03
127 2.656969e-06 9.585897e-03
128 2.992449e-06 7.668974e-03
129 1.408287e-06 4.404160e-03
130 1.849512e-06 3.908913e-03
131 8.351390e-07 5.850761e-03
132 2.956935e-06 4.486591e-03
133 1.348565e-06 7.614613e-03
134 1.998770e-05 1.854357e-02
135 9.610107e-07 4.498612e-03
136 4.541600e-06 3.936268e-03
137 1.783988e-05 1.164404e-02
138 1.507137e-06 9.312220e-03
139 8.254594e-06 8.558212e-03
140 1.365996e-06 5.144296e-03
141 2.818518e-07 3.022782e-03
142 1.136616e-06 3.074315e-03
143 2.687125e-06 6.780747e-03
144 1.562912e-06 8.523817e-03
145 1.669141e-07 4.690355e-03
146 1.678563e-06 6.071538e-03
147 2.750350e-06 6.207416e-03
148 8.403768e-07 7.957046e-03
149 3.290215e-06 4.145526e-03
150 5.012149e-07 3.978651e-03
151 7.679709e-06 9.674661e-03
152 2.191751e-06 5.798241e-03
153 1.036043e-06 2.946592e-03
154 8.354273e-07 3.744295e-03
155 2.770284e-07 3.015091e-03
156 1.824433e-06 3.747405e-03
157 8.787047e-07 3.996461e-03
158 5.115737e-06 4.264295e-03
159 3.326203e-06 5.701349e-03
160 6.505300e-06 4.953956e-03
161 1.560485e-07 3.117329e-03
162 5.701542e-08 2.999077e-03
163 1.378396e-07 3.068130e-03
164 3.663478e-08 1.640784e-03
165 3.961867e-08 1.680532e-03
166 1.615928e-08 1.656671e-03
167 3.023436e-08 2.932508e-03
168 5.232058e-07 3.245597e-03
169 2.975869e-06 5.698353e-03
170 3.792001e-08 1.638497e-03
171 3.192528e-07 3.394886e-03
172 6.528199e-08 3.213181e-03
173 3.634205e-08 1.617045e-03
174 2.008638e-07 3.076205e-03
175 8.474691e-08 3.083914e-03
176 5.812703e-08 2.993198e-03
177 2.889659e-08 1.654940e-03
178 3.023639e-07 2.250353e-03
179 1.580188e-08 1.613344e-03
180 9.083393e-08 3.086626e-03
181 6.501293e-08 2.121191e-03
182 9.508407e-08 3.390822e-03
183 3.617957e-09 1.196097e-03
184 9.887230e-09 1.614161e-03
185 1.022659e-08 1.231978e-03
186 5.451963e-08 2.170213e-03
187 3.188392e-08 1.905283e-03
188 9.519524e-09 1.592136e-03
189 5.078535e-09 1.133615e-03
190 9.206065e-09 1.207887e-03
191 9.755535e-05 1.536821e-02
192 8.671275e-06 3.462569e-03
193 3.227203e-04 2.128726e-02
194 2.247274e-04 2.009851e-02
195 2.280682e-05 5.540813e-03
196 8.213991e-05 1.088553e-02
197 1.726670e-04 1.533571e-02
198 1.093318e-05 5.561639e-03
199 4.003250e-05 1.225348e-02
200 3.488093e-05 8.711549e-03
201 6.915511e-05 9.388001e-03
202 7.540381e-05 1.736397e-02
203 5.646474e-06 3.381731e-03
204 1.522526e-05 4.486266e-03
205 2.169787e-05 7.371563e-03
206 6.243319e-06 3.608428e-03
207 2.193661e-05 8.818119e-03
208 1.196092e-06 3.428115e-03
209 2.108073e-05 7.380387e-03
210 9.427236e-06 4.280472e-03
211 1.984460e-06 2.332704e-03
212 1.368186e-04 1.598393e-02
213 1.935981e-06 2.355462e-03
214 6.474526e-06 4.067592e-03
215 1.022948e-05 4.205111e-03
216 3.754682e-05 5.301890e-03
217 2.709531e-06 1.987226e-03
218 6.341205e-05 2.030594e-02
219 7.491508e-05 1.120272e-02
220 3.876699e-06 3.395599e-03
221 6.504632e-06 3.695452e-03
222 1.117308e-05 6.554303e-03
223 1.101320e-05 9.423694e-03
224 1.845461e-07 3.037779e-03
225 3.782080e-06 5.334006e-03
226 1.199486e-06 3.591953e-03
227 2.234650e-06 4.185052e-03
228 3.375122e-06 4.920325e-03
229 3.048443e-05 1.259889e-02
230 1.052325e-05 7.454175e-03
231 6.445505e-06 6.351162e-03
232 1.593708e-06 4.972436e-03
233 2.456915e-06 6.046962e-03
234 9.514566e-07 4.845519e-03
235 2.242604e-07 4.494529e-03
236 3.271723e-06 4.849791e-03
237 8.076742e-08 3.364475e-03
238 2.280662e-06 5.645198e-03
239 1.877475e-07 3.538637e-03
240 1.555766e-06 3.098445e-03
241 1.278692e-06 3.970304e-03
242 3.117293e-06 4.850855e-03
243 1.276496e-07 3.166125e-03
244 9.508103e-07 4.637769e-03
245 2.112985e-06 4.890788e-03
246 3.293488e-07 3.822377e-03
247 1.429714e-06 4.852645e-03
248 2.466412e-07 2.651321e-03
249 6.027334e-06 7.373196e-03
250 1.313745e-06 4.103441e-03
251 6.492071e-07 2.863068e-03
252 3.995410e-06 6.571770e-03
253 1.292022e-07 3.329504e-03
254 2.526743e-07 4.807223e-03
255 1.642168e-06 6.344905e-03
256 3.505138e-07 2.720951e-03
257 2.919840e-07 3.425667e-03
258 7.456605e-06 3.613071e-03
259 6.839659e-05 5.510627e-03
260 6.262942e-05 9.432007e-03
261 7.597348e-05 5.555167e-03
262 3.091797e-05 4.524918e-03
263 4.500711e-05 4.959746e-03
264 4.953860e-05 1.664228e-02
265 1.038071e-05 6.725364e-03
266 9.438597e-05 1.187962e-02
267 7.786110e-05 3.396521e-02
268 3.804327e-05 1.915500e-02
269 1.030567e-04 2.884137e-02
270 8.148472e-06 4.037541e-03
271 3.117985e-05 5.766918e-03
272 1.029661e-05 6.502002e-03
273 5.339465e-06 4.167198e-03
274 7.792809e-06 5.139379e-03
275 1.113066e-05 8.184131e-03
276 1.407972e-04 2.573689e-02
277 3.081463e-06 3.364446e-03
278 3.790006e-06 2.538103e-03
279 4.697510e-05 1.356957e-02
280 1.544339e-05 5.604948e-03
281 7.711103e-06 8.161472e-03
282 1.376361e-05 1.196013e-02
283 4.510753e-06 3.116626e-03
284 4.558982e-05 5.538804e-03
285 1.034265e-04 1.016671e-02
286 3.000119e-04 1.162148e-02
287 4.815593e-05 5.089953e-03
288 4.885634e-05 1.154377e-02
289 4.132546e-04 1.951295e-02
290 6.453048e-04 2.499746e-02
291 5.115078e-05 5.870690e-03
292 1.956380e-04 1.012158e-02
293 7.508748e-05 1.474084e-02
294 3.552525e-04 1.808143e-02
295 1.291074e-05 1.766823e-02
296 4.355854e-04 7.360550e-02
297 3.665121e-03 2.042211e-01
298 1.958655e-04 2.266743e-02
299 1.036631e-05 3.882427e-03
300 2.156545e-06 4.474032e-03
301 4.309721e-04 2.349125e-02
302 2.273688e-06 4.977493e-03
303 6.962151e-07 3.040651e-03
304 1.133011e-07 2.270501e-03
305 2.225326e-07 2.653466e-03
306 1.593645e-07 2.682892e-03
307 7.477801e-09 2.646126e-03
308 4.324047e-08 2.580310e-03
309 6.922852e-06 4.302071e-03
310 7.976430e-08 3.219888e-03
311 2.753557e-08 2.653040e-03
312 5.975141e-07 2.177260e-03
313 2.396168e-08 2.542024e-03
314 4.050602e-08 2.547388e-03
315 7.847707e-09 2.676006e-03
316 8.092367e-08 2.817104e-03
317 1.447488e-08 1.929296e-03
318 5.386586e-08 1.944524e-03
319 1.346277e-06 2.115443e-03
320 1.143702e-08 2.506865e-03
321 1.252440e-08 1.425593e-03
322 2.716888e-04 4.932169e-02
323 6.490898e-04 6.197894e-02
324 2.992469e-06 9.426089e-03
325 6.389440e-05 1.165225e-02
326 1.735690e-06 3.444270e-03
327 3.107743e-05 2.110609e-02
328 8.520405e-06 9.198331e-03
329 1.225504e-04 6.945508e-02
330 3.606867e-03 1.838706e-01
331 8.531190e-05 2.698742e-02
332 4.649266e-04 1.317229e-01
333 1.892310e-06 4.773588e-03
334 6.949973e-06 1.353521e-02
335 1.213816e-05 8.021311e-03
336 1.745581e-05 1.447868e-02
337 1.531433e-04 4.825177e-02
338 4.015670e-05 1.657795e-02
339 1.897293e-03 1.168460e-01
340 2.107191e-05 4.240080e-03
341 3.722245e-05 3.769736e-03
342 7.438351e-05 1.079202e-02
343 2.627719e-04 2.791007e-02
344 5.012645e-06 3.565467e-03
345 1.726922e-05 6.378206e-03
346 1.698554e-06 2.398608e-03
347 1.226473e-06 2.866249e-03
348 3.437170e-05 7.827648e-03
349 4.371888e-05 8.508720e-03
350 5.356311e-07 3.218471e-03
351 8.139332e-07 2.785515e-03
352 3.880936e-06 2.392943e-03
353 9.200190e-06 4.363006e-03
354 3.503675e-06 3.702068e-03
355 5.480106e-06 3.939139e-03
356 5.871019e-07 2.301542e-03
357 2.347169e-05 6.545191e-03
358 1.116538e-04 1.664337e-02
359 9.072011e-06 5.358460e-03
360 5.978483e-06 5.436880e-03
361 1.830157e-04 3.203274e-02
362 4.138482e-07 2.386333e-03
363 8.802825e-07 3.291400e-03
364 3.880936e-06 2.392943e-03
365 1.335175e-04 1.820980e-02
366 5.190344e-05 6.253887e-03
367 2.896518e-05 8.465465e-03
368 4.371888e-05 8.508720e-03
369 4.590478e-04 5.655389e-02
370 7.837267e-06 1.330144e-02
371 9.726072e-06 1.842221e-02
372 4.152631e-03 5.237872e-01
373 1.428541e-04 1.560119e-01
374 1.677019e-03 2.643925e-01
375 8.781696e-06 2.351284e-02
376 4.213576e-04 8.697312e-02
377 4.314955e-06 8.683233e-03
378 8.654444e-05 1.572414e-02
379 1.284548e-05 7.533097e-03
380 1.296771e-05 7.922696e-03
381 1.477188e-06 1.822596e-03
382 1.240477e-05 9.312968e-03
383 1.046287e-06 1.783741e-03
384 1.450274e-05 6.077853e-03
385 7.861964e-07 4.563068e-03
386 7.708065e-06 5.804141e-03
387 2.602460e-05 1.259744e-02
388 5.584290e-07 2.747118e-03
389 6.430059e-06 5.568936e-03
390 1.885828e-06 4.590278e-03
391 6.285596e-05 2.789711e-02
392 7.394677e-06 7.792086e-03
393 1.111917e-05 1.167621e-02
394 5.900107e-07 2.862518e-03
395 3.283967e-06 7.393063e-03
396 1.980867e-04 2.949455e-02
397 5.781356e-05 1.236682e-02
398 5.829950e-05 1.610588e-02
399 2.844441e-05 7.988271e-03
400 1.552669e-04 2.154115e-02
401 1.802116e-05 7.475510e-03
402 5.323145e-06 6.760774e-03
403 2.058846e-05 7.882580e-03
404 5.379299e-05 1.211470e-02
405 1.588953e-05 9.981214e-03
406 2.048377e-05 8.030864e-03
407 2.445436e-06 4.461925e-03
408 2.988311e-05 7.887085e-03
409 1.236185e-03 6.224243e-02
410 9.221007e-05 1.606333e-02
411 2.754488e-05 1.556146e-02
412 2.639839e-04 2.644702e-02
413 1.163292e-05 6.870501e-03
414 2.169992e-05 8.794363e-03
415 9.944095e-06 5.304018e-03
416 7.281412e-06 6.419111e-03
417 1.448544e-05 9.027755e-03
418 2.154024e-04 4.323387e-02
419 6.683915e-04 9.401894e-02
420 1.985685e-04 3.395335e-02
421 6.170444e-05 1.669598e-02
422 1.240651e-04 2.591174e-02
423 3.627671e-04 5.549829e-02
424 7.874089e-04 1.636000e-01
425 4.688643e-04 4.735461e-02
426 2.029773e-04 3.798956e-02
427 8.671448e-04 9.541577e-02
428 1.148246e-04 2.807673e-02
429 7.660712e-05 2.411038e-02
430 1.713146e-04 3.016342e-02
431 1.375724e-04 3.944721e-02
432 7.005989e-05 1.904523e-02
433 9.740783e-05 1.678487e-02
434 1.801561e-04 3.146146e-02
435 2.120774e-04 4.295095e-02
436 1.149066e-04 2.473773e-02
437 1.678116e-04 2.777164e-02
438 7.331935e-05 2.354469e-02
439 1.369211e-03 1.286984e-01
440 9.672309e-05 1.531105e-02
441 6.204551e-05 1.414847e-02
442 6.400419e-05 4.828505e-02
443 1.615289e-05 2.202546e-02
444 4.898940e-04 1.420954e-01
445 1.044439e-03 1.068067e-01
446 2.202397e-08 9.148742e-04
447 2.155370e-08 1.223791e-03
448 4.975321e-09 9.087561e-04
449 3.310576e-08 9.118313e-04
450 1.110724e-08 9.931295e-04
451 3.741429e-07 1.761092e-03
452 3.434165e-08 1.225788e-03
453 1.188788e-07 1.116268e-03
454 5.477071e-08 1.243282e-03
455 1.261883e-07 1.243846e-03
456 1.062355e-08 1.031634e-03
457 2.785389e-09 9.243997e-04
458 7.997797e-08 1.229814e-03
459 6.639996e-06 1.382822e-02
460 3.998392e-08 2.591698e-03
461 6.593316e-09 1.054268e-03
462 9.320535e-07 2.939310e-03
463 1.782003e-07 1.121938e-03
464 2.130156e-07 1.319177e-03
465 3.094205e-08 1.150243e-03
466 5.812866e-08 1.379009e-03
467 2.409747e-08 1.082005e-03
468 9.082255e-09 1.091653e-03
469 2.095473e-07 1.320144e-03
470 1.322247e-07 1.751221e-03
471 3.023882e-08 1.217560e-03
472 7.668691e-08 1.117513e-03
473 1.323189e-07 1.315090e-03
474 9.467722e-09 1.047865e-03
475 1.353369e-07 1.311773e-03
476 2.138105e-08 1.410122e-03
477 1.828571e-06 2.996928e-03
478 2.847480e-05 5.211759e-03
479 3.119135e-07 1.549507e-03
480 9.069118e-08 2.059500e-03
481 8.908822e-08 1.854766e-03
482 7.217900e-08 2.105804e-03
483 1.870264e-08 2.060119e-03
484 6.845609e-07 2.076589e-03
485 9.776666e-08 1.756071e-03
486 1.626009e-05 1.250179e-02
487 5.183042e-08 1.484824e-03
488 2.741384e-06 8.852531e-03
489 5.716557e-04 1.262914e-01
490 7.042715e-06 5.825615e-03
491 9.934890e-06 7.933058e-03
492 1.304920e-06 5.516347e-03
493 3.361813e-06 6.269412e-03
494 3.955374e-07 6.426404e-03
495 3.317587e-07 4.884340e-03
496 6.740984e-05 1.547131e-02
497 8.963953e-05 3.331298e-02
498 7.781525e-06 6.922109e-03
499 1.552185e-06 7.709872e-03
500 8.279893e-07 5.087027e-03
501 4.109624e-06 8.118002e-03
502 7.435509e-04 1.103266e-01
503 1.628977e-05 6.393211e-03
504 8.202243e-06 7.189391e-03
505 1.081265e-05 5.865786e-03
506 3.343823e-05 1.862988e-02
507 4.303844e-05 1.859584e-02
508 3.144193e-05 1.018991e-02
509 8.358711e-06 8.234886e-03
510 1.482852e-05 1.033901e-02
511 1.907936e-06 5.718632e-03
512 5.421925e-06 7.632871e-03
513 4.638459e-06 6.557555e-03
514 3.397218e-03 3.080441e-01
515 3.693363e-06 6.777726e-03
516 2.457887e-06 6.766665e-03
517 1.747432e-05 1.304477e-02
518 3.906233e-06 6.779437e-03
519 5.411691e-05 2.116065e-02
520 2.004684e-05 1.765358e-02
521 8.131921e-05 2.140417e-02
522 3.494275e-05 1.879276e-02
523 5.615927e-05 2.186340e-02
524 1.228745e-05 1.266792e-02
525 9.472455e-06 7.435057e-03
526 5.411691e-05 2.116065e-02
527 1.218080e-05 9.213588e-03
528 2.602983e-06 5.891705e-03
529 3.304929e-05 1.576498e-02
530 2.046523e-06 5.020875e-03
531 5.876502e-06 6.828608e-03
532 3.786546e-05 1.708436e-02
533 8.169059e-06 1.198606e-02
534 8.897643e-06 1.109127e-02
535 8.484846e-06 1.166728e-02
536 7.414494e-05 3.200582e-02
537 2.913003e-05 2.307553e-02
538 8.169059e-06 1.198606e-02
539 4.059612e-05 2.051729e-02
540 2.494950e-05 2.028517e-02
541 3.820473e-05 2.173325e-02
542 5.354376e-04 9.619050e-02
543 1.570987e-05 1.806566e-02
544 3.763719e-06 7.074833e-03
545 2.247962e-05 5.557402e-03
546 1.698653e-05 3.885870e-03
547 3.329988e-07 2.482451e-03
548 2.890744e-06 2.911967e-03
549 3.008239e-07 1.573117e-03
550 3.237693e-05 4.723614e-03
551 4.687466e-06 2.475770e-03
552 8.269603e-05 1.352448e-02
553 2.079843e-04 1.805077e-02
554 7.099167e-05 5.944490e-03
555 9.335766e-05 9.084538e-03
556 9.342486e-06 2.520031e-03
557 7.084853e-06 3.359292e-03
558 7.839689e-05 6.370684e-03
559 7.163360e-07 2.444174e-03
560 1.201939e-05 3.524005e-03
561 4.532390e-06 2.807120e-03
562 7.284220e-06 2.968291e-03
563 9.368436e-06 4.565359e-03
564 6.621401e-06 2.944287e-03
565 9.493252e-05 1.199146e-02
566 2.704992e-05 3.931109e-03
567 7.611432e-04 2.125539e-02
568 1.250313e-04 8.878852e-03
569 1.433574e-04 1.369606e-02
570 3.977329e-05 8.677274e-03
571 3.172748e-05 5.331817e-03
572 1.230214e-04 9.017553e-03
573 1.811722e-05 4.387553e-03
574 1.994231e-04 1.025924e-02
575 3.003349e-05 5.415347e-03
576 3.718633e-05 7.380103e-03
577 7.177265e-05 7.281457e-03
578 2.866235e-05 8.236570e-03
579 3.045155e-03 1.269312e-01
580 6.187769e-05 9.986036e-03
581 1.267832e-05 3.138775e-03
582 1.496643e-04 1.139945e-02
583 3.185097e-05 6.633924e-03
584 4.710234e-05 5.895388e-03
585 3.546014e-04 1.360000e-02
586 5.358845e-05 1.043829e-02
587 3.321804e-05 1.099256e-02
588 5.582065e-05 8.180724e-03
589 5.240060e-06 2.246149e-03
590 1.134643e-03 1.746633e-01
591 3.253184e-04 1.549358e-02
592 3.305723e-05 4.829811e-03
593 3.357516e-05 1.449377e-02
594 1.189200e-04 6.922105e-03
595 7.566573e-06 6.511785e-03
596 3.942419e-03 3.494481e-01
597 4.513766e-08 1.911397e-03
598 4.395925e-07 1.952260e-03
599 2.224055e-07 1.928651e-03
600 5.704727e-07 2.039258e-03
601 2.821616e-06 2.932113e-03
602 4.411003e-07 2.546386e-03
603 7.670713e-07 3.224810e-03
604 2.302303e-07 1.924794e-03
605 3.843169e-07 2.056866e-03
606 1.538306e-07 1.927177e-03
607 5.453360e-08 1.775655e-03
608 2.600160e-07 2.024780e-03
609 3.201702e-05 1.133492e-02
610 3.746847e-06 4.099307e-03
611 9.204029e-04 1.159175e-01
612 7.641228e-05 2.370001e-02
613 4.250684e-05 1.633359e-02
614 3.727251e-05 2.295166e-02
615 1.432336e-05 9.881849e-03
616 2.481516e-07 3.276963e-03
617 1.532209e-05 1.135610e-02
618 9.540998e-07 4.214328e-03
619 4.421777e-06 4.937752e-03
620 1.294733e-06 5.412637e-03
621 1.632444e-04 3.768582e-02
622 3.138384e-06 5.846604e-03
623 2.260946e-06 7.213380e-03
624 3.233307e-06 5.939546e-03
625 3.025940e-06 4.451238e-03
626 2.343910e-03 2.000338e-01
627 4.835157e-06 4.827587e-03
628 1.050837e-05 1.214699e-02
629 2.930765e-04 2.566583e-02
630 1.562182e-04 2.061728e-02
631 1.389560e-04 1.732815e-02
632 1.282138e-04 2.988211e-02
633 3.563239e-06 5.949685e-03
634 6.806377e-06 4.842679e-03
635 3.062476e-06 4.955760e-03
636 1.062708e-05 6.941391e-03
637 2.995382e-05 1.243546e-02
638 7.287967e-06 8.643644e-03
639 1.673910e-05 1.426694e-02
640 5.725335e-06 4.511150e-03
641 4.074148e-06 5.405525e-03
642 4.679172e-06 6.735028e-03
643 5.334563e-05 2.925758e-02
644 3.141417e-06 5.836677e-03
645 1.571800e-05 1.154495e-02
646 1.296821e-05 1.820474e-02
647 3.670360e-06 7.253539e-03
648 5.091971e-05 2.259423e-02
649 1.473440e-05 9.926175e-03
650 2.146671e-06 5.551977e-03
651 2.174293e-06 6.271564e-03
652 2.568378e-06 7.349107e-03
653 1.028390e-03 2.712572e-01
654 4.170957e-05 6.236191e-02
655 1.908744e-06 2.835190e-03
656 5.023439e-05 2.163077e-02
657 1.460845e-03 2.476334e-01
658 3.768731e-05 1.682725e-02
659 1.771368e-05 1.274556e-02
660 1.736593e-05 1.174141e-02
661 1.292641e-04 2.650575e-02
662 2.302084e-03 1.202414e-01
663 4.003147e-05 1.238601e-02
664 2.758385e-05 1.322843e-02
665 2.061039e-05 1.384476e-02
666 8.629012e-05 2.373708e-02
667 6.120425e-05 1.236780e-02
668 9.066939e-06 6.675771e-03
669 7.305047e-05 2.104370e-02
670 2.264297e-04 2.071437e-02
671 1.276310e-04 2.667197e-02
672 2.071916e-06 6.854807e-03
673 8.027758e-04 1.373008e-01
674 8.060004e-06 6.392745e-03
675 6.378004e-04 8.588312e-02
676 4.313415e-05 1.503483e-02
677 3.488930e-05 2.888767e-02
678 3.282060e-06 7.828434e-03
679 3.506735e-04 6.464469e-02
680 6.065018e-07 3.421032e-03
681 6.245964e-05 1.011984e-02
682 2.729221e-03 3.743427e-01
683 4.557511e-05 1.270619e-02
684 6.954201e-04 5.880130e-02
685 1.014725e-05 7.854241e-03
686 1.616345e-03 1.732400e-01
687 8.826795e-06 4.822123e-03
688 4.650756e-06 7.954288e-03
689 4.816826e-06 8.384096e-03
690 1.751896e-05 8.661839e-03
691 1.387923e-05 1.418466e-02
692 1.552228e-05 1.103801e-02
693 1.612174e-05 7.020067e-03
694 1.703277e-05 4.078796e-03
695 1.328810e-05 7.867345e-03
696 8.061517e-04 5.462463e-02
697 1.931612e-04 7.291351e-02
698 2.803248e-04 7.728559e-02
699 1.323354e-05 1.624682e-02
700 5.660017e-05 1.535389e-02
701 1.289613e-05 8.435030e-03
702 3.793335e-05 1.207444e-02
703 7.418955e-06 6.793082e-03
704 7.232314e-05 2.193447e-02
705 2.582753e-05 7.146829e-03
706 3.180877e-05 1.016979e-02
707 2.570652e-05 6.086488e-03
708 4.740209e-04 3.410355e-01
709 2.498702e-05 2.087103e-02
710 2.306103e-04 2.823039e-02
711 2.905856e-04 5.210640e-02
712 6.105350e-05 2.973056e-02
713 4.129173e-05 2.247060e-02
714 2.724723e-05 1.312984e-02
715 2.282961e-06 6.311950e-03
716 2.055962e-05 1.491133e-02
717 6.021378e-05 2.724590e-02
718 2.169641e-05 9.127078e-03
719 9.931695e-06 9.857310e-03
720 2.081793e-05 1.670401e-02
721 9.561028e-05 1.540516e-02
722 3.004327e-05 1.829250e-02
723 3.331317e-04 4.199906e-02
724 1.075288e-06 6.673576e-03
725 2.268677e-06 6.692780e-03
726 7.539777e-06 1.032546e-02
727 3.137436e-03 1.799836e-01
728 9.065345e-06 1.158667e-02
729 2.778817e-05 1.215440e-02
730 4.912449e-05 1.442122e-02
731 7.722624e-06 5.293905e-03
732 1.234722e-05 5.968739e-03
733 3.376489e-05 8.108450e-03
734 3.191511e-05 1.188400e-02
735 3.341135e-05 7.084154e-03
736 2.608013e-05 1.778751e-02
737 5.450727e-04 7.428133e-02
738 2.277149e-04 3.330742e-02
739 1.458776e-05 7.224128e-03
740 1.543175e-05 8.090310e-03
741 1.919061e-05 6.345987e-03
742 1.776592e-04 1.878964e-02
743 2.421234e-05 9.492051e-03
744 5.618595e-05 1.206222e-02
745 8.020082e-05 1.985153e-02
746 1.434887e-05 7.865903e-03
747 1.434887e-05 7.865903e-03
748 1.190179e-06 5.806246e-03
749 3.635471e-05 2.661827e-02
750 1.435643e-04 3.421219e-02
751 5.145371e-06 7.888687e-03
752 1.237833e-05 1.040405e-02
753 3.960953e-04 1.436400e-01
754 2.972902e-05 1.553174e-02
755 1.791086e-04 2.821352e-02
756 3.753256e-06 1.045968e-02
757 1.883065e-04 5.855977e-02
758 5.360380e-06 4.984028e-03
759 8.948477e-05 1.140387e-02
760 5.507030e-04 7.322288e-02
761 1.922936e-04 6.131875e-02
762 3.065140e-05 8.699455e-03
763 4.876490e-05 9.711140e-03
764 3.517808e-05 8.910875e-03
765 8.813390e-04 2.040177e-01
766 1.613537e-03 3.185533e-01
767 1.086295e-03 6.341383e-02
768 1.607374e-03 1.266468e-01
769 2.993902e-05 9.905604e-03
770 5.481749e-06 4.779117e-03
771 8.504960e-06 4.561105e-03
772 4.882036e-06 4.425045e-03
773 3.531603e-04 6.641280e-02
774 1.939165e-05 5.212619e-03
775 1.319883e-05 1.003469e-02
776 6.118700e-06 5.236482e-03
777 1.934298e-05 9.445794e-03
778 7.684938e-04 3.459581e-02
779 1.283542e-05 8.347297e-03
780 1.850792e-05 5.092616e-03
781 2.495509e-06 5.266176e-03
782 2.070236e-06 2.269484e-03
783 1.867613e-06 3.493338e-03
784 1.162742e-04 1.333525e-02
785 2.629066e-05 8.976609e-03
786 2.345202e-05 6.566333e-03
787 4.016318e-05 7.926813e-03
788 2.740898e-05 1.070523e-02
789 1.673146e-05 7.991114e-03
790 4.904838e-04 6.916729e-02
791 7.218890e-06 3.973311e-03
792 1.150474e-05 9.986813e-03
793 4.503397e-05 9.411565e-03
794 3.720728e-04 1.755791e-01
795 7.206050e-05 1.137769e-02
796 1.934500e-05 5.253543e-03
797 4.754002e-04 6.828015e-02
798 2.245229e-05 6.672411e-03
799 4.174110e-04 4.036418e-02
800 5.751747e-05 1.488767e-02
801 3.815587e-05 8.633628e-03
802 3.174418e-04 2.988942e-02
803 2.002502e-03 1.200176e-01
804 3.659239e-05 9.167824e-03
805 2.734747e-04 2.854526e-02
806 2.293867e-04 1.042547e-01
807 4.296167e-04 3.529895e-02
808 9.731513e-06 5.464953e-03
809 7.472688e-05 2.119280e-02
810 1.218268e-06 2.281154e-03
811 4.365788e-05 1.178341e-02
812 5.016710e-06 4.043073e-03
813 4.237171e-05 2.559482e-02
814 1.573602e-05 1.217084e-02
815 2.409472e-05 1.408896e-02
816 9.778061e-04 6.340079e-02
817 2.153873e-04 4.879323e-02
818 2.669567e-06 9.734800e-03
819 2.237786e-05 1.099617e-02
820 9.369200e-05 3.273275e-02
821 9.340407e-05 3.273881e-02
822 3.524954e-05 3.096674e-02
823 2.793618e-04 1.029218e-01
824 1.335919e-03 3.229914e-01
825 1.732061e-03 2.135726e-01
826 2.054161e-03 2.121904e-01
827 3.051865e-04 7.862859e-02
828 2.202540e-03 3.786407e-01
829 1.959375e-03 1.761595e-01
830 1.685868e-05 7.304804e-03
831 1.060551e-06 4.595923e-03
832 1.158958e-06 4.869041e-03
833 5.741485e-06 1.010548e-02
834 4.117416e-06 5.616774e-03
835 1.216664e-06 6.467282e-03
836 2.516459e-06 4.505106e-03
837 7.832032e-06 8.411839e-03
838 9.417009e-06 5.300244e-03
839 4.327338e-06 4.756895e-03
840 1.019342e-05 1.482024e-02
841 6.548928e-06 6.571959e-03
842 5.541259e-06 8.124719e-03
843 3.592330e-06 9.538020e-03
844 2.551345e-05 1.805651e-02
845 5.158630e-05 2.087218e-02
846 2.151469e-04 3.310172e-02
847 1.023319e-05 6.735500e-03
848 8.630656e-06 1.251695e-02
849 2.169113e-04 2.973938e-02
850 2.796996e-06 5.879165e-03
851 1.005889e-04 5.998160e-02
852 1.216586e-06 6.298260e-03
853 2.760583e-05 1.059221e-02
854 2.604350e-06 5.677648e-03
855 6.594817e-05 1.202581e-02
856 2.311587e-07 1.474485e-03
857 4.596657e-07 1.281606e-03
858 4.892525e-07 2.018283e-03
859 1.110175e-07 1.491891e-03
860 4.514239e-04 5.185141e-02
861 1.911800e-05 6.019460e-03
862 6.960116e-07 1.546500e-03
863 1.424425e-06 1.467894e-03
864 9.832229e-08 1.390028e-03
865 1.477527e-06 1.483811e-03
866 2.513509e-06 1.962330e-03
867 2.273141e-06 1.531625e-03
868 2.049705e-07 1.356208e-03
869 6.365271e-07 1.600435e-03
870 4.266095e-07 1.511347e-03
871 9.402190e-08 1.390445e-03
872 3.030353e-07 1.864707e-03
873 2.343219e-07 1.406368e-03
874 6.686870e-07 1.382042e-03
875 1.471791e-04 3.619555e-02
876 2.252861e-07 1.435044e-03
877 5.645849e-07 1.429370e-03
878 1.748359e-06 1.830510e-03
879 8.938407e-08 1.347888e-03
880 2.121884e-07 1.359574e-03
881 1.376463e-07 1.393451e-03
882 1.352402e-06 1.755445e-03
883 1.705117e-06 1.593810e-03
884 8.965621e-07 1.426742e-03
885 1.549450e-06 1.506502e-03
886 2.259439e-05 3.968181e-03
887 2.650644e-05 5.674847e-03
888 1.702335e-05 1.071541e-02
889 3.110101e-04 3.467508e-02
890 6.122750e-05 1.795989e-02
891 2.585539e-04 6.461222e-02
892 2.724664e-04 9.265146e-02
893 1.553625e-06 5.319796e-03
894 2.000264e-06 3.394080e-03
895 1.784236e-05 6.432086e-03
896 4.957993e-05 1.208418e-02
897 3.512993e-03 1.627705e-01
898 4.565989e-05 1.598795e-02
899 1.316930e-04 5.783828e-02
900 1.735576e-05 6.469463e-03
901 1.036060e-05 4.182371e-03
902 8.303877e-06 7.474220e-03
903 1.350642e-06 5.951379e-03
904 1.316466e-04 8.438211e-02
905 4.018010e-05 1.552924e-02
906 8.413377e-05 3.672869e-02
907 1.597105e-03 2.655033e-01
908 1.511982e-06 2.695300e-03
909 1.246320e-06 2.954410e-03
910 1.135342e-07 1.563360e-03
911 9.392200e-06 5.314920e-03
912 1.421636e-05 4.331824e-03
913 1.904582e-07 1.704652e-03
914 2.051595e-06 4.784626e-03
915 5.380582e-06 3.056992e-03
916 3.528944e-04 5.426310e-02
917 3.581969e-07 2.094162e-03
918 7.376849e-07 1.751992e-03
919 4.361697e-08 1.390592e-03
920 3.244007e-06 2.325967e-03
921 1.270949e-07 1.056560e-03
922 5.130539e-07 1.385681e-03
923 1.417221e-04 2.115138e-02
924 3.040526e-05 9.655409e-03
925 4.444163e-07 1.046950e-03
926 8.924937e-05 7.278363e-03
927 6.176978e-07 1.297009e-03
928 8.120750e-06 3.430114e-03
929 2.538098e-05 8.180297e-03
930 1.419828e-05 3.174048e-03
931 4.083144e-06 3.453574e-03
932 1.358957e-07 1.480732e-03
933 2.852948e-06 1.603186e-03
934 4.954982e-05 4.198702e-03
935 3.034793e-06 1.647512e-03
936 1.781724e-07 1.159421e-03
937 7.718824e-06 2.092963e-03
938 7.794948e-07 1.718280e-03
939 7.967096e-06 2.533654e-03
940 3.686141e-05 3.061983e-03
941 1.429493e-05 3.442669e-03
942 2.117738e-07 1.601682e-03
943 4.446996e-06 1.706069e-03
944 1.834761e-05 2.918817e-03
945 6.080047e-07 2.215314e-03
946 1.990442e-05 4.281594e-03
947 2.718448e-05 2.956250e-02
948 1.194804e-06 6.724353e-03
949 5.451079e-06 1.037180e-02
950 2.935203e-06 7.844298e-03
951 8.231778e-06 1.572119e-02
952 2.959669e-05 1.392694e-02
953 8.727087e-06 8.651733e-03
954 1.410231e-06 3.035384e-03
955 1.257148e-04 3.130774e-02
956 9.269488e-07 3.039783e-03
957 6.918556e-06 8.264875e-03
958 3.261760e-06 6.718534e-03
959 1.169325e-04 4.061432e-02
960 1.447362e-05 1.874737e-02
961 3.400712e-05 8.991750e-03
962 1.932236e-05 1.213067e-02
963 1.909800e-06 3.786466e-03
964 1.887865e-04 3.290415e-02
965 1.165710e-06 5.371225e-03
966 2.769145e-04 9.934791e-02
967 3.066114e-04 4.789449e-02
968 1.506222e-05 4.326454e-03
969 1.936265e-05 7.770791e-03
970 1.295171e-05 1.640793e-02
971 3.081636e-06 2.961700e-03
972 1.204083e-05 7.029348e-03
973 1.113417e-05 9.168863e-03
974 8.054160e-07 3.255123e-03
975 6.162888e-06 6.566763e-03
976 3.585237e-04 6.941010e-02
977 1.285120e-05 5.728077e-03
978 3.007011e-05 4.757314e-03
979 4.260635e-07 2.677378e-03
980 1.089670e-07 1.213299e-03
981 1.926641e-06 3.757662e-03
982 1.864604e-05 5.501026e-03
983 6.019098e-06 2.659275e-03
984 1.761900e-05 4.620438e-03
985 2.721721e-06 3.137571e-03
986 1.828747e-06 3.259456e-03
987 2.670918e-07 1.238166e-03
988 3.328425e-06 2.224371e-03
989 1.763844e-06 5.778855e-03
990 1.929590e-06 3.276182e-03
991 5.900193e-06 5.425126e-03
992 8.596638e-07 2.117897e-03
993 9.186366e-07 2.256162e-03
994 3.399439e-07 2.091623e-03
995 3.303060e-06 2.494727e-03
996 1.649999e-06 2.844542e-03
997 1.213277e-04 1.320066e-02
998 2.962837e-06 3.615518e-03
999 2.661216e-06 3.078136e-03
1000 7.654526e-07 1.625218e-03
1001 3.153134e-07 1.535249e-03
1002 1.972898e-06 3.916761e-03
1003 8.249847e-07 1.707473e-03
1004 4.765849e-06 3.713175e-03
1005 1.637675e-06 2.712144e-03
1006 2.222964e-05 4.784265e-03
1007 6.708779e-07 2.855849e-03
1008 5.691977e-06 2.719494e-03
1009 3.087615e-06 3.707645e-03
1010 1.599269e-06 2.656656e-03
1011 1.962008e-06 3.416150e-03
1012 2.659337e-06 3.121948e-03
1013 2.116316e-07 2.032896e-03
1014 1.893209e-06 3.154619e-03
1015 3.649811e-07 2.108835e-03
1016 2.620787e-06 1.651175e-03
1017 6.791004e-07 1.591019e-03
1018 1.455285e-06 2.558571e-03
1019 3.139886e-06 4.213095e-03
1020 7.166851e-07 1.682361e-03
1021 9.465553e-06 2.988389e-03
1022 3.573892e-07 1.127354e-03
1023 7.080021e-07 1.705558e-03
1024 7.340654e-08 1.386802e-03
1025 1.302943e-06 2.165767e-03
1026 2.291837e-03 3.355584e-01
1027 4.376285e-04 6.272287e-02
1028 1.807425e-04 6.006005e-02
1029 9.924005e-05 3.655618e-02
1030 7.753203e-04 1.253354e-01
1031 1.213545e-03 2.010796e-01
1032 7.865043e-06 6.960367e-03
1033 1.852645e-05 1.440504e-02
1034 2.756716e-04 7.939758e-02
1035 5.212372e-06 3.714816e-03
1036 3.403006e-06 8.600453e-03
1037 1.967931e-05 1.941383e-02
1038 1.313890e-06 2.800786e-03
1039 1.781931e-05 1.133366e-02
1040 9.244031e-06 8.494941e-03
1041 1.215688e-05 2.489523e-02
1042 3.272085e-06 1.034324e-02
1043 8.627050e-06 1.332070e-02
1044 5.752763e-06 1.671217e-02
1045 1.747226e-06 7.228732e-03
1046 8.205702e-05 2.265349e-02
1047 6.345377e-04 7.249848e-02
1048 2.401467e-05 3.403172e-02
1049 3.138653e-06 8.235770e-03
1050 6.153503e-04 1.279842e-01
1051 6.192951e-04 7.371590e-02
1052 2.141754e-07 1.218407e-03
1053 4.820025e-07 1.804229e-03
1054 5.646389e-05 2.092183e-02
1055 2.408713e-07 1.548743e-03
1056 8.479625e-07 4.639534e-03
1057 7.914992e-07 2.115827e-03
1058 5.753870e-07 2.001056e-03
1059 4.565374e-08 1.030465e-03
1060 1.181783e-08 9.546509e-04
1061 4.370821e-06 2.634009e-03
1062 7.396316e-07 1.790879e-03
1063 4.510216e-06 3.641670e-03
1064 8.817304e-04 4.849693e-02
1065 7.753780e-05 1.361896e-02
1066 6.736774e-08 1.575566e-03
1067 6.929127e-09 1.439500e-03
1068 1.534629e-08 1.464822e-03
1069 1.901677e-08 1.613351e-03
1070 1.073357e-05 1.367306e-02
1071 5.342553e-06 5.010032e-03
1072 9.260540e-06 2.906196e-03
1073 1.935905e-04 1.483240e-02
1074 1.593616e-07 1.048467e-03
1075 2.004426e-04 2.028165e-02
1076 3.965584e-05 4.474786e-03
1077 7.105489e-05 1.179707e-02
1078 3.064872e-07 1.622574e-03
1079 8.767111e-06 5.549527e-03
1080 2.726315e-07 1.561122e-03
1081 3.024166e-08 1.459350e-03
1082 1.102551e-07 1.482121e-03
1083 5.432162e-07 1.805720e-03
1084 6.145494e-08 1.227160e-03
1085 6.446032e-06 4.116062e-03
1086 1.461874e-07 1.236477e-03
1087 9.986996e-08 1.365208e-03
1088 9.623515e-08 4.678540e-03
1089 5.701700e-08 1.232408e-03
1090 2.277783e-08 1.194788e-03
1091 6.001975e-08 1.227005e-03
1092 1.201473e-03 3.217941e-01
1093 2.625184e-06 1.857367e-02
1094 3.694792e-06 1.367464e-02
1095 1.321062e-06 1.632839e-03
1096 2.862742e-07 1.471147e-03
1097 3.661434e-06 4.683027e-03
1098 2.248874e-05 6.362937e-03
1099 7.099721e-07 3.172700e-03
1100 4.060197e-06 2.680958e-03
1101 1.003135e-05 3.474327e-03
1102 6.440324e-06 2.895513e-03
1103 3.520787e-06 2.592976e-03
1104 2.740204e-04 4.932279e-02
1105 3.234872e-07 1.514844e-03
1106 4.273312e-07 2.217046e-03
1107 1.733619e-06 3.065825e-03
1108 8.884029e-07 1.687550e-03
1109 6.373874e-07 1.996965e-03
1110 1.168908e-06 4.607539e-03
1111 2.850052e-06 3.835901e-03
1112 2.190870e-04 2.591464e-02
1113 7.222326e-05 1.270299e-02
1114 4.232094e-07 1.996497e-03
1115 8.682579e-05 1.762759e-02
1116 9.296245e-08 1.473939e-03
1117 2.830797e-07 1.586859e-03
1118 1.862370e-05 5.676941e-03
1119 8.220960e-05 1.611926e-02
1120 6.324373e-06 3.645781e-03
1121 3.598635e-05 5.400991e-03
1122 1.345650e-05 3.395025e-03
1123 7.758989e-06 2.242967e-03
1124 9.874806e-06 3.150623e-03
1125 1.389550e-05 3.284172e-03
1126 2.392378e-05 4.052098e-03
1127 2.194550e-05 3.097354e-03
1128 2.390736e-05 3.758167e-03
1129 6.683877e-06 2.578207e-03
1130 1.547741e-05 3.902759e-03
1131 2.961563e-04 3.528305e-02
1132 7.638188e-04 1.236875e-01
1133 8.020341e-05 4.000963e-02
1134 2.015938e-05 8.619089e-03
1135 3.482690e-06 2.130534e-03
1136 1.519998e-05 3.835169e-03
1137 1.283012e-05 4.905865e-03
1138 6.077899e-05 6.628840e-03
1139 8.843658e-06 4.953881e-03
1140 5.160251e-04 1.496498e-01
1141 1.801107e-04 1.833332e-02
1142 3.365965e-05 6.811581e-03
1143 2.172467e-05 5.897808e-03
1144 1.136461e-04 3.285265e-02
1145 1.668873e-05 8.846740e-03
1146 2.062154e-04 5.535051e-02
1147 5.388711e-05 3.856632e-02
1148 6.136528e-05 1.132420e-02
1149 2.599399e-05 8.423472e-03
1150 2.087512e-05 8.346448e-03
1151 4.821513e-05 8.857857e-03
1152 8.079092e-06 5.422479e-03
1153 1.148689e-05 4.190129e-03
1154 1.949759e-05 6.329238e-03
1155 8.740106e-05 5.384394e-03
1156 1.881329e-04 1.781110e-02
1157 1.794236e-04 3.880313e-02
1158 2.504594e-05 1.324880e-02
1159 5.230633e-04 1.021853e-01
1160 3.338526e-05 8.711841e-03
1161 1.404023e-05 6.362579e-03
1162 1.939310e-04 3.455535e-02
1163 1.347499e-03 1.055793e-01
1164 8.035126e-05 1.482825e-02
1165 4.986217e-05 8.079221e-03
1166 1.186987e-04 3.293528e-02
1167 1.838791e-04 2.485974e-02
1168 8.080083e-05 1.270940e-02
1169 1.284843e-04 3.191843e-02
1170 1.250189e-04 2.508261e-02
1171 1.357476e-05 7.703527e-03
1172 8.032901e-05 1.988404e-02
1173 7.730087e-04 9.827558e-02
1174 1.687173e-04 6.084159e-02
1175 5.562047e-05 3.099063e-02
1176 8.353527e-03 8.355153e-01
1177 2.465345e-07 3.048631e-03
1178 5.413602e-05 1.852430e-02
1179 2.040813e-05 2.124517e-02
1180 2.543167e-04 2.199953e-02
1181 4.044236e-05 1.483497e-02
1182 2.255324e-04 2.241723e-02
1183 5.477485e-05 1.693360e-02
1184 2.307111e-04 4.642938e-02
1185 1.988259e-04 6.299130e-02
1186 2.428549e-05 1.448347e-02
1187 1.850178e-05 7.076784e-03
1188 8.020308e-06 9.311700e-03
1189 4.182616e-05 1.871490e-02
1190 3.726880e-04 6.782326e-02
1191 4.066976e-05 1.313018e-02
1192 1.594847e-04 3.991352e-02
1193 2.716995e-05 2.298122e-02
1194 5.722526e-04 8.628611e-02
1195 1.817410e-04 3.306997e-02
1196 2.767278e-04 4.021075e-02
1197 5.411141e-05 1.576949e-02
1198 2.808518e-05 2.313996e-02
1199 9.384171e-05 2.639772e-02
1200 2.835720e-04 5.363530e-02
1201 6.213521e-05 2.417286e-02
1202 1.453851e-05 1.224196e-02
1203 5.224518e-05 3.437290e-02
1204 1.141771e-04 4.300925e-02
1205 4.086108e-06 4.730319e-03
1206 3.003238e-05 1.470736e-02
1207 5.545121e-07 3.581583e-03
1208 2.889593e-04 3.847904e-02
1209 1.587869e-05 8.262951e-03
1210 9.957740e-06 8.140698e-03
1211 3.432462e-06 3.393252e-03
1212 1.997457e-05 3.710263e-03
1213 2.529319e-06 7.101815e-03
1214 7.421735e-06 8.098077e-03
1215 4.028520e-05 3.121966e-02
1216 4.544013e-07 4.217594e-03
1217 8.208511e-04 1.577096e-01
1218 5.849883e-06 6.013046e-03
1219 1.968259e-06 1.193824e-03
1220 2.417554e-06 3.286986e-03
1221 3.672494e-05 3.540446e-03
1222 4.484559e-04 9.623973e-02
1223 5.036610e-07 2.003291e-03
1224 3.891311e-06 1.951116e-03
1225 1.932380e-04 3.575463e-02
1226 1.136059e-06 2.272950e-03
1227 2.599361e-03 2.027815e-01
1228 1.755265e-05 5.815831e-03
1229 4.055328e-07 1.255482e-03
1230 9.432492e-07 2.422632e-03
1231 1.069173e-06 1.547689e-03
1232 1.342377e-07 1.999107e-03
1233 3.469029e-07 2.207480e-03
1234 6.297550e-06 3.153853e-03
1235 6.186864e-07 2.493354e-03
1236 2.405749e-06 2.686662e-03
1237 8.153252e-06 2.524967e-03
1238 6.115631e-06 3.123344e-03
1239 8.212776e-07 2.249390e-03
1240 2.537961e-03 4.327269e-01
1241 2.711519e-06 4.249162e-03
1242 5.035732e-06 2.557697e-03
1243 8.633330e-06 2.973281e-03
1244 1.788037e-05 2.604466e-03
1245 1.516078e-06 2.555057e-03
1246 1.504092e-06 2.368519e-03
1247 2.748314e-05 1.066129e-02
1248 1.166005e-04 3.086742e-02
1249 8.708262e-06 1.003394e-02
1250 5.234035e-05 1.403312e-02
1251 3.476531e-05 1.431034e-02
1252 1.560367e-05 1.610548e-02
1253 2.893279e-05 1.398411e-02
1254 8.998776e-06 7.991987e-03
1255 9.473716e-04 1.702404e-01
1256 1.606086e-05 5.986981e-03
1257 4.634717e-03 4.881993e-01
1258 3.041706e-04 5.127382e-02
1259 8.099312e-04 1.001883e-01
1260 2.326835e-05 1.310192e-02
1261 7.762984e-07 1.817809e-03
1262 4.124525e-04 3.700837e-02
1263 7.662605e-06 3.800139e-03
1264 4.705283e-05 2.787641e-02
1265 1.551405e-06 2.839202e-03
1266 5.706921e-06 6.548941e-03
1267 1.250185e-07 1.932083e-03
1268 5.978591e-06 4.972061e-03
1269 1.693912e-04 4.782929e-02
1270 5.011261e-05 2.053905e-02
1271 1.801748e-05 8.176008e-03
1272 1.480229e-06 2.999443e-03
1273 2.392537e-05 4.748312e-03
1274 3.248548e-05 1.785475e-02
1275 2.024113e-04 3.766051e-02
1276 2.024034e-04 5.037592e-02
1277 2.308827e-04 7.035078e-02
1278 4.231323e-04 6.807873e-02
1279 3.378050e-06 3.990014e-03
1280 2.383559e-06 7.143697e-03
1281 2.811830e-06 8.306940e-03
1282 1.980765e-05 1.467459e-02
1283 1.466224e-05 1.008232e-02
1284 7.431131e-04 6.176584e-02
1285 5.631241e-05 1.213587e-02
1286 4.646492e-04 4.192465e-02
1287 1.086348e-05 6.775702e-03
1288 2.378217e-04 8.726558e-02
1289 1.063183e-04 1.103194e-01
1290 7.285416e-07 1.774398e-03
1291 6.664327e-04 2.004500e-02
1292 3.463212e-05 7.568730e-03
1293 1.008867e-03 1.184550e-01
1294 3.957630e-07 2.312034e-03
1295 6.739151e-05 1.231644e-02
1296 4.886623e-05 1.450805e-02
1297 1.282221e-03 1.399071e-01
1298 1.208681e-03 9.407497e-02
1299 8.494428e-05 1.269963e-02
1300 1.250139e-03 1.434378e-01
1301 7.386825e-06 2.961115e-03
1302 2.359383e-06 3.530697e-03
1303 3.828098e-05 1.461916e-02
1304 4.817411e-05 2.345755e-02
1305 1.358599e-04 1.655983e-02
1306 4.402222e-05 1.247856e-02
1307 6.722960e-05 1.184716e-02
1308 8.132938e-06 9.488218e-03
1309 5.832295e-04 6.170778e-02
1310 1.173034e-03 1.282813e-01
1311 5.082946e-04 5.334183e-02
1312 5.348722e-03 3.391826e-01
1313 4.348633e-06 3.733374e-03
1314 7.893271e-05 1.565545e-02
1315 1.953039e-06 5.937759e-03
1316 1.529175e-07 4.981253e-03
1317 2.920167e-07 3.409963e-03
1318 4.427073e-07 1.921016e-03
1319 3.312374e-07 2.483331e-03
1320 2.688349e-07 4.307642e-03
1321 4.516493e-07 4.044797e-03
1322 1.655742e-07 1.533724e-03
1323 3.584725e-05 1.354972e-02
1324 3.357373e-06 2.122146e-03
1325 8.803173e-06 6.332062e-03
1326 1.321453e-05 7.262592e-03
1327 1.258712e-05 7.606659e-03
1328 8.926183e-06 4.196728e-03
1329 1.319930e-08 2.764162e-03
1330 2.141263e-05 8.637597e-03
1331 3.875175e-04 9.740615e-02
1332 8.268337e-04 1.575538e-01
1333 1.040413e-04 2.244398e-02
1334 9.890859e-06 2.050425e-02
1335 1.194742e-04 9.644223e-03
1336 1.698280e-05 7.158906e-03
1337 2.915532e-06 3.723293e-03
1338 4.121960e-05 7.894164e-03
1339 3.579169e-05 2.626650e-02
1340 9.836167e-06 9.519792e-03
1341 2.064486e-05 6.604830e-03
1342 3.147403e-07 1.626395e-03
1343 1.220096e-03 9.721776e-02
1344 2.477672e-06 4.957589e-03
1345 6.908064e-04 1.014346e-01
1346 1.224351e-04 2.346019e-02
1347 3.741999e-04 3.632021e-02
1348 1.874476e-05 1.636146e-02
1349 3.025703e-06 1.169812e-02
1350 1.220183e-03 1.307424e-01
1351 2.549180e-04 1.891525e-01
1352 6.129154e-04 9.651057e-02
1353 1.629954e-06 3.262644e-03
1354 1.508936e-06 2.950177e-03
1355 7.252089e-05 3.047415e-02
1356 2.153342e-06 4.372297e-03
1357 1.763883e-06 5.211478e-03
1358 9.620847e-04 8.687246e-02
1359 3.665365e-05 2.216441e-02
1360 3.907832e-06 2.061849e-03
1361 1.851510e-05 9.621326e-03
1362 2.975434e-06 2.963442e-03
1363 1.917245e-08 1.344165e-03
1364 3.155848e-07 1.251220e-03
1365 9.566214e-08 1.894524e-03
1366 1.729978e-06 6.925673e-03
1367 1.389305e-04 2.184661e-02
1368 2.112066e-06 2.953515e-03
1369 4.456439e-07 2.266474e-03
1370 2.156010e-07 1.124378e-03
1371 3.776819e-06 1.671667e-03
1372 6.210381e-07 1.116119e-03
1373 1.055919e-06 1.984570e-03
1374 4.593549e-05 3.800835e-03
1375 5.040303e-04 5.058406e-02
1376 3.981568e-05 3.434624e-03
1377 2.653080e-04 1.436900e-02
1378 1.809981e-05 9.932162e-03
1379 3.530581e-04 2.733954e-02
1380 4.231815e-05 2.914595e-02
1381 8.714217e-06 2.220308e-02
1382 1.357597e-06 2.192213e-03
1383 3.394121e-05 4.142463e-03
1384 1.772512e-03 1.404586e-01
1385 1.643179e-04 1.577204e-02
1386 5.774435e-04 4.711904e-02
1387 1.976980e-03 1.464543e-01
1388 3.310314e-03 1.767861e-01
1389 1.177978e-05 5.580316e-03
1390 5.376892e-04 5.807732e-02
1391 5.221985e-05 1.402139e-02
1392 2.586082e-06 1.565921e-02
1393 1.943162e-06 2.795898e-03
1394 1.605456e-05 9.774996e-03
1395 4.441037e-05 3.613652e-02
1396 2.528564e-06 4.845087e-03
1397 7.830750e-06 2.827518e-03
1398 9.445450e-04 1.290984e-01
1399 7.188350e-05 8.468414e-03
1400 2.226717e-05 5.157644e-03
1401 1.550382e-04 2.811850e-02
1402 5.018660e-06 3.069551e-03
1403 2.945149e-06 2.121769e-03
1404 6.217868e-05 2.985898e-02
1405 2.084773e-06 2.022491e-03
1406 1.215609e-05 6.354534e-03
1407 5.931485e-07 2.496815e-03
1408 5.553500e-07 2.358055e-03
1409 7.078151e-05 9.341595e-03
1410 3.238003e-04 3.373809e-02
1411 1.506961e-04 1.473521e-01
1412 5.412124e-04 6.944448e-02
1413 1.856942e-06 2.154197e-03
1414 1.173466e-03 2.726242e-01
1415 1.567951e-06 3.106084e-03
1416 1.056501e-06 3.754638e-03
1417 1.914012e-06 2.497706e-03
1418 2.553520e-06 3.397314e-03
1419 9.274016e-05 3.787920e-02
1420 4.937783e-04 8.334978e-02
1421 2.095242e-04 8.944133e-02
1422 1.622833e-04 1.663278e-02
1423 3.292299e-04 1.145398e-01
1424 1.277049e-05 9.375343e-03
1425 2.609630e-03 4.218657e-01
1426 1.531123e-03 1.407113e-01
1427 1.229989e-04 3.231755e-02
1428 2.901270e-05 4.366576e-03
1429 1.024804e-05 8.045153e-03
1430 1.557957e-04 3.587500e-02
1431 1.221865e-04 3.351322e-02
1432 3.543272e-04 2.019474e-02
1433 2.213657e-06 7.581837e-03
1434 1.208342e-05 3.153931e-02
1435 7.221366e-05 3.062575e-02
1436 5.691586e-04 1.496292e-01
1437 9.536183e-06 4.212847e-03
1438 3.443919e-05 4.732732e-03
1439 1.543269e-03 4.234616e-01
1440 2.651419e-05 2.552758e-02
1441 2.516534e-03 2.145678e-01
1442 2.751522e-07 2.152852e-03
1443 1.879088e-04 3.406054e-02
1444 2.400729e-05 3.259808e-02
1445 5.225252e-05 3.620323e-02
1446 2.568283e-06 5.806465e-03
1447 1.534526e-05 4.531085e-03
1448 1.257233e-05 9.019390e-03
1449 3.584914e-04 3.874492e-02
1450 3.848108e-04 5.248485e-02
1451 5.419127e-07 1.766668e-03
1452 3.626459e-06 1.338315e-02
1453 2.655658e-06 1.800515e-03
1454 1.553785e-05 1.248020e-02
1455 6.398060e-07 4.398526e-03
1456 1.656839e-05 7.513621e-03
1457 4.126322e-06 5.238373e-03
1458 2.799036e-07 2.855240e-03
1459 1.857420e-05 5.365917e-03
1460 1.113121e-06 4.453498e-03
1461 1.719762e-06 7.459257e-03
1462 2.089843e-05 8.056580e-03
1463 5.881832e-05 1.947159e-02
1464 2.125667e-03 3.479933e-01
1465 2.567510e-03 1.559406e-01
1466 1.596117e-03 1.436334e-01
1467 4.433303e-05 2.322129e-02
1468 1.964812e-03 2.696726e-01
1469 1.742236e-03 1.809914e-01
1470 2.227487e-04 1.141420e-02
1471 2.087108e-05 1.212279e-02
1472 1.688960e-04 4.722246e-02
1473 1.184327e-07 2.948042e-03
1474 3.116737e-06 1.240586e-02
1475 8.259848e-07 4.447550e-03
1476 7.057763e-06 4.440177e-03
1477 7.374187e-04 1.038684e-01
1478 5.944007e-05 2.083541e-02
1479 1.722440e-04 4.870595e-02
1480 4.021004e-04 6.720257e-02
1481 3.810877e-05 3.187083e-02
1482 1.257809e-04 5.049477e-02
1483 2.051881e-05 6.710640e-03
1484 5.443997e-06 5.179466e-03
1485 6.409481e-06 4.965575e-03
1486 1.215354e-03 6.105062e-02
1487 1.638717e-05 5.352534e-03
1488 9.364028e-05 1.086554e-02
1489 5.683075e-06 3.162271e-03
1490 2.976903e-06 3.937514e-03
1491 2.355061e-04 7.748051e-02
1492 5.671117e-05 9.936885e-03
1493 1.082333e-05 2.997472e-03
1494 1.001952e-04 1.250206e-02
1495 1.180217e-03 7.787663e-02
1496 1.486364e-05 3.269351e-03
1497 4.182195e-04 4.851152e-02
1498 2.678801e-03 1.845022e-01
1499 9.095410e-05 5.150592e-03
1500 2.689155e-05 8.907599e-03
1501 2.737868e-04 5.392682e-02
1502 1.226558e-03 5.145290e-02
1503 7.139756e-05 1.515963e-02
1504 4.927706e-03 2.170425e-01
1505 8.058436e-05 5.821697e-02
1506 6.142466e-07 1.627383e-03
1507 3.715087e-04 4.306330e-02
1508 3.381494e-03 4.689346e-01
1509 6.524385e-06 3.172296e-03
1510 2.687590e-06 3.306484e-03
1511 7.414444e-04 3.080904e-02
1512 1.643041e-07 1.035101e-03
1513 4.007778e-05 1.478122e-02
1514 3.031881e-06 5.082063e-03
1515 2.825923e-05 8.925834e-03
1516 6.247042e-04 5.563409e-02
1517 6.809624e-05 9.926023e-03
1518 3.473272e-04 6.412224e-02
1519 3.965729e-07 1.795224e-03
1520 4.394250e-04 3.072132e-02
1521 2.110863e-06 2.315422e-03
1522 7.068833e-06 4.469567e-03
1523 8.923773e-06 4.640463e-03
1524 1.134155e-03 9.657679e-02
1525 1.029649e-04 1.380364e-02
1526 8.679312e-05 2.058549e-02
1527 1.353456e-04 1.556900e-02
1528 1.247435e-05 6.089661e-03
1529 2.478620e-05 1.304833e-02
1530 4.813371e-06 6.146613e-03
1531 1.675208e-04 6.659920e-02
1532 2.203791e-05 7.875590e-03
1533 4.409957e-04 6.881800e-02
1534 7.076417e-04 1.454299e-01
1535 1.083228e-03 2.317304e-01
1536 5.589451e-04 1.813047e-01
1537 1.129320e-05 7.663881e-03
1538 6.111354e-04 2.126097e-01
1539 8.523724e-05 1.990635e-02
1540 3.232179e-06 4.622951e-02
1541 2.102367e-04 1.745668e-01
1542 3.599648e-03 3.971114e-01
1543 3.846731e-06 5.385689e-03
1544 2.288833e-05 1.475650e-02
1545 2.101537e-07 3.619723e-03
1546 6.362100e-04 2.042857e-02
1547 1.788003e-04 2.695574e-02
1548 3.834027e-06 3.895091e-02
1549 2.420017e-07 2.602839e-03
1550 6.601885e-05 1.883359e-02
1551 6.898810e-06 1.460244e-02
1552 3.834512e-08 1.266020e-03
1553 1.162462e-06 3.140442e-03
1554 1.816618e-03 1.035258e-01
1555 1.139328e-03 1.088644e-01
1556 1.604464e-04 2.567610e-02
1557 1.092335e-03 8.666484e-02
1558 4.940490e-04 2.197922e-01
1559 8.799679e-04 4.851629e-02
1560 3.594837e-06 4.171143e-03
1561 1.059992e-04 1.767510e-02
1562 3.426564e-06 1.232838e-02
1563 3.229111e-05 4.365915e-03
1564 1.235894e-05 7.177366e-03
1565 8.528942e-05 3.340717e-02
1566 1.499856e-05 1.239105e-02
1567 1.670689e-05 5.028800e-03
1568 3.301855e-05 3.637541e-03
1569 2.809012e-05 1.140588e-02
1570 5.674794e-05 3.115513e-02
1571 1.250488e-04 3.327015e-02
1572 7.249919e-07 1.917294e-03
1573 4.692342e-04 7.375144e-02
1574 1.756591e-05 4.768524e-03
1575 4.789362e-05 1.623814e-02
1576 1.385139e-05 1.417712e-02
1577 1.289379e-03 1.296645e-01
1578 1.606927e-06 6.465322e-03
1579 3.919153e-05 1.774321e-02
1580 8.954842e-08 2.495455e-03
1581 9.787507e-06 3.772195e-03
1582 2.020782e-06 5.613248e-03
1583 5.615432e-04 4.390524e-02
1584 1.012424e-05 6.377349e-03
1585 1.644040e-03 1.547081e-01
1586 1.303672e-03 1.569197e-01
1587 4.040238e-04 9.619887e-02
1588 5.561356e-04 4.372130e-02
1589 7.063385e-04 7.597326e-02
1590 4.722893e-04 1.467686e-01
1591 2.845493e-04 4.902512e-02
1592 1.745327e-04 2.431237e-02
1593 7.545699e-04 8.304474e-02
1594 7.748504e-05 2.887453e-02
1595 4.090887e-05 1.388076e-02
1596 8.879226e-05 1.624353e-02
1597 2.717406e-04 1.962736e-02
1598 6.819142e-04 6.800668e-02
1599 1.224329e-05 2.793981e-03
1600 3.245745e-04 7.716923e-02
1601 2.158568e-06 1.349691e-03
1602 2.779132e-03 1.161431e-01
1603 3.503813e-06 2.356898e-03
1604 2.445534e-07 2.515097e-03
1605 2.609651e-04 1.725105e-02
1606 9.161450e-09 2.939519e-03
1607 4.400555e-08 1.947254e-03
1608 4.788413e-07 1.907189e-03
1609 9.727773e-05 9.887858e-03
1610 2.312121e-04 3.469557e-02
1611 1.215940e-08 1.883558e-03
1612 2.569807e-07 2.202761e-03
1613 7.277854e-06 2.404363e-03
1614 8.180487e-07 4.806175e-03
1615 2.349154e-04 8.353181e-02
1616 2.128167e-04 3.628787e-02
1617 4.227675e-04 5.491693e-02
1618 4.668404e-05 3.068725e-02
1619 2.528665e-03 3.227384e-01
1620 5.824009e-06 9.898994e-03
1621 4.643526e-04 7.414060e-02
1622 2.717788e-05 4.140991e-03
1623 1.112083e-04 4.335595e-02
1624 1.659370e-06 5.193595e-03
1625 7.506228e-08 1.668218e-03
1626 1.255435e-05 8.942517e-03
1627 2.347268e-05 5.890090e-03
1628 1.778908e-07 1.983924e-03
1629 1.746695e-04 4.241280e-02
1630 1.592320e-07 1.712236e-03
1631 3.210330e-05 8.195995e-03
1632 1.767162e-06 9.852906e-03
1633 1.451944e-04 2.884317e-02
1634 1.208312e-03 3.221212e-01
1635 1.844376e-03 8.679874e-02
1636 1.972281e-03 6.501881e-01
1637 1.764151e-04 9.465094e-02
1638 9.186973e-05 1.514390e-02
1639 3.106639e-03 3.305405e-01
1640 8.690151e-04 8.709585e-02
1641 7.902650e-04 2.059009e-01
1642 5.217974e-05 3.912282e-02
1643 2.048539e-04 2.774859e-02
1644 1.648878e-04 7.805910e-02
1645 4.979740e-07 1.595131e-03
1646 3.316737e-05 5.696331e-03
1647 6.526444e-04 2.157691e-01
1648 2.484585e-06 5.676328e-03
1649 1.008885e-04 1.284714e-02
1650 6.452421e-04 1.547418e-01
1651 2.739971e-06 1.665148e-03
1652 1.335701e-03 1.803827e-01
1653 8.616379e-04 2.440667e-01
1654 7.981879e-07 2.734495e-03
1655 5.217078e-06 5.016350e-03
1656 7.553015e-07 3.731635e-03
1657 2.207010e-07 1.252496e-03
1658 5.847862e-06 2.916460e-03
1659 3.868884e-05 5.869142e-03
1660 2.046980e-08 2.011320e-03
1661 6.929675e-04 4.186721e-02
1662 2.844543e-06 8.163490e-03
1663 6.680681e-05 1.667422e-02
1664 3.003674e-06 6.911453e-03
1665 6.234576e-05 1.068024e-02
1666 2.785508e-04 2.451186e-02
1667 6.158377e-05 3.703184e-02
1668 3.997503e-06 2.324793e-03
1669 3.280916e-06 4.590730e-03
1670 1.081384e-05 9.775323e-03
1671 4.937471e-06 4.364061e-03
1672 1.805378e-05 2.920908e-02
1673 2.914002e-04 2.720109e-02
1674 1.454352e-06 2.680033e-03
1675 2.794363e-05 5.767900e-03
1676 5.725701e-07 1.410015e-03
1677 1.923801e-05 1.149354e-02
1678 4.417762e-04 1.506965e-01
1679 2.794953e-05 1.274486e-02
1680 8.385985e-05 1.270313e-02
1681 2.354464e-04 3.575019e-02
1682 2.297040e-05 7.362960e-03
1683 2.747742e-05 1.341797e-02
1684 7.702697e-06 5.648173e-03
1685 4.477507e-07 2.215435e-03
1686 5.453271e-05 1.341715e-02
1687 2.072860e-05 5.727710e-03
1688 2.031323e-07 1.159767e-03
1689 1.308828e-04 3.341928e-02
1690 2.270614e-05 9.933159e-03
1691 2.950088e-04 3.912945e-02
1692 1.207928e-03 2.802671e-01
1693 1.375918e-03 1.195919e-01
1694 4.305982e-05 5.025858e-02
1695 6.651399e-06 7.432740e-03
1696 1.096499e-06 2.824728e-03
1697 1.231911e-06 6.148821e-03
1698 1.382158e-04 4.200789e-02
1699 5.340410e-05 1.548667e-02
1700 1.472431e-05 6.801358e-03
1701 3.056974e-05 8.839006e-03
1702 2.632322e-06 6.032399e-03
1703 1.752410e-05 1.308470e-02
1704 1.262020e-05 6.456903e-03
1705 3.092094e-03 2.092363e-01
1706 1.868125e-04 3.474615e-02
1707 4.057487e-06 3.020142e-03
1708 5.743985e-08 2.063628e-03
1709 1.247875e-07 5.389537e-03
1710 4.870645e-08 1.417952e-03
1711 4.285856e-07 1.046339e-02
1712 1.777685e-05 5.000115e-03
1713 7.569542e-07 4.391665e-03
1714 3.409594e-06 5.840597e-03
1715 2.266327e-06 4.326695e-03
1716 8.040837e-07 6.095149e-03
1717 1.324732e-08 2.194720e-03
1718 6.249039e-06 1.736478e-02
1719 6.007238e-09 1.982869e-03
1720 1.370200e-06 4.489210e-03
1721 7.401978e-08 1.531422e-03
1722 3.216892e-06 1.052679e-02
1723 4.755617e-08 1.303736e-03
1724 1.551716e-08 1.415409e-03
1725 4.260055e-07 1.908432e-03
1726 4.659337e-06 3.577805e-02
1727 1.169651e-06 1.030355e-02
1728 4.112742e-07 2.554319e-03
1729 4.458963e-05 8.317855e-03
1730 3.040917e-06 4.410142e-03
1731 2.144141e-05 3.487341e-03
1732 3.983644e-04 3.348399e-02
1733 5.918915e-04 1.675492e-01
1734 1.163018e-03 1.588192e-01
1735 1.493630e-04 6.561387e-02
1736 3.374573e-06 7.792328e-03
1737 2.111892e-05 7.721159e-03
1738 1.430703e-03 1.641409e-01
1739 1.068010e-03 6.100289e-02
1740 9.138987e-05 2.065404e-02
1741 1.938135e-08 1.329438e-03
1742 7.385040e-07 1.628087e-03
1743 1.520885e-06 4.015015e-03
1744 2.029818e-07 2.063920e-03
1745 5.293748e-07 2.220240e-03
1746 1.682578e-05 8.055737e-03
1747 3.853509e-05 2.087822e-02
1748 1.488148e-05 7.797904e-03
1749 9.208261e-06 6.515538e-03
1750 3.264843e-05 8.108750e-03
1751 3.343604e-06 3.925532e-03
1752 2.100798e-06 7.525229e-03
1753 5.116324e-04 6.991526e-02
1754 3.354290e-03 1.862104e-01
1755 8.034759e-04 1.212958e-01
1756 2.661302e-05 1.861348e-02
1757 1.389791e-04 5.140299e-02
1758 2.702730e-03 3.040468e-01
1759 1.558385e-04 1.159585e-01
1760 5.673641e-04 1.079190e-01
1761 2.836235e-03 3.331685e-01
1762 2.171266e-03 3.642381e-01
1763 3.585229e-04 1.356690e-01
1764 1.424005e-05 2.027917e-02
1765 5.638107e-05 3.034458e-02
1766 8.424171e-04 1.331108e-01
1767 5.828071e-05 2.292028e-02
1768 2.366719e-05 2.920959e-02
1769 2.303951e-04 9.991991e-02
1770 1.914586e-04 6.036327e-02
1771 4.432286e-04 8.845186e-02
1772 4.671695e-07 4.357251e-03
1773 8.877956e-03 7.804732e-01
1774 7.683335e-04 1.772161e-01
1775 1.549602e-03 5.391706e-01
1776 1.127226e-03 5.588290e-02
1777 3.398086e-04 3.979114e-02
1778 2.653834e-03 2.272924e-01
1779 3.397331e-04 5.376257e-02
1780 3.011664e-04 3.369171e-02
1781 5.589628e-05 2.290890e-02
1782 1.551219e-04 2.597022e-02
1783 2.051396e-03 1.817976e-01
1784 1.145123e-04 5.477597e-02
1785 1.019318e-04 8.193816e-02
1786 5.044353e-05 7.068511e-03
1787 1.310374e-04 1.449844e-02
1788 3.754572e-04 1.665402e-01
1789 1.504746e-04 9.659516e-02
1790 2.356680e-05 1.452427e-02
1791 3.044313e-04 1.314408e-01
1792 9.281594e-04 9.772102e-02
1793 2.109675e-04 3.999238e-02
1794 4.246353e-05 1.560356e-02
1795 6.066231e-05 2.363287e-02
1796 1.249407e-04 7.917535e-02
1797 1.242368e-04 8.679563e-02
1798 3.987276e-05 4.254858e-02
1799 1.164606e-05 1.495603e-02
1800 3.331538e-04 9.457568e-02
1801 7.911677e-05 2.178255e-02
1802 5.844916e-04 6.359218e-02
1803 2.569837e-04 6.760868e-02
1804 5.969341e-04 8.692912e-02
1805 3.998686e-05 3.670994e-02
1806 1.236401e-04 5.364141e-02
1807 2.169102e-05 1.937976e-02
1808 1.602316e-04 1.127248e-01
1809 2.804846e-05 2.005704e-02
1810 1.772039e-06 9.054632e-03
1811 4.962544e-06 1.024140e-02
1812 3.009997e-05 1.667085e-02
1813 4.672909e-05 8.273012e-03
1814 5.951310e-06 2.072147e-02
1815 6.535120e-04 5.803923e-02
1816 1.640366e-04 2.119921e-02
1817 1.356597e-04 5.147451e-02
1818 4.339589e-05 4.448272e-02
1819 1.434165e-03 1.904323e-01
1820 2.927348e-04 7.667869e-02
1821 5.836615e-05 1.588608e-02
1822 3.067000e-05 1.716714e-02
1823 7.738126e-05 4.585310e-02
1824 5.530400e-05 2.664645e-02
1825 5.255275e-04 2.025601e-01
1826 1.078548e-04 3.380692e-02
1827 1.959935e-05 1.054494e-02
1828 2.004405e-05 1.597421e-02
1829 1.517092e-05 1.473361e-02
1830 3.157681e-03 3.990600e-01
1831 1.164269e-05 8.639958e-03
1832 4.767531e-05 3.105610e-02
1833 5.051990e-06 1.100997e-02
1834 6.837377e-05 1.340772e-02
1835 1.255327e-06 8.480363e-03
1836 7.625135e-06 5.412038e-03
1837 1.571836e-04 3.370856e-02
1838 1.120955e-04 2.377088e-02
1839 3.822541e-05 4.234877e-02
1840 1.610822e-04 6.191430e-02
1841 6.324919e-05 3.281373e-02
1842 2.887460e-05 1.951558e-02
1843 3.916412e-05 1.433351e-02
1844 2.529328e-05 1.820518e-02
1845 1.687003e-05 1.233802e-02
1846 1.688676e-06 7.063526e-03
1847 1.189018e-05 9.134323e-03
1848 7.517887e-06 1.206922e-02
1849 2.222788e-05 1.364395e-02
1850 4.769131e-06 9.679158e-03
1851 7.236933e-06 5.222679e-03
1852 3.493347e-06 4.320408e-03
1853 7.253988e-06 4.070151e-03
1854 4.238820e-04 4.351424e-02
1855 1.383364e-04 2.473849e-02
1856 3.804734e-04 6.148030e-02
1857 2.196108e-04 4.599713e-02
1858 1.619611e-04 5.064741e-02
1859 2.538471e-06 4.994453e-03
1860 4.093819e-04 4.965578e-02
1861 1.934382e-06 7.825123e-03
1862 1.226090e-05 8.986154e-03
1863 4.058753e-05 2.482514e-02
1864 3.648993e-04 8.307406e-02
1865 1.622097e-04 4.407245e-02
1866 1.544700e-04 3.804121e-02
1867 2.856670e-05 1.070980e-02
1868 2.686659e-06 9.696702e-03
1869 3.805170e-06 6.481763e-03
1870 1.167021e-05 1.481093e-02
1871 7.075259e-04 1.079314e-01
1872 6.561230e-04 1.085139e-01
1873 1.370045e-05 1.320373e-02
1874 1.175644e-04 6.113550e-02
1875 2.354593e-04 3.651698e-02
1876 7.168869e-06 5.741201e-03
1877 7.897833e-05 1.544611e-02
1878 5.211599e-06 6.681251e-03
1879 1.000124e-04 2.403353e-02
1880 3.901727e-05 1.250265e-02
1881 1.331804e-03 2.067214e-01
1882 2.233193e-04 5.577054e-02
1883 5.618788e-05 4.195916e-02
1884 4.850277e-04 5.364636e-02
1885 1.733055e-04 2.625713e-02
1886 3.626051e-04 4.747955e-02
1887 2.587305e-06 7.759076e-03
1888 6.186525e-06 1.590520e-02
1889 1.160696e-06 7.937923e-03
1890 1.421919e-07 5.468606e-03
1891 2.156943e-06 5.314352e-03
1892 1.323591e-06 5.826557e-03
1893 1.937869e-06 2.187950e-02
1894 2.781032e-04 4.789281e-02
1895 4.761423e-05 1.764543e-02
1896 9.081341e-07 4.961055e-03
1897 9.281047e-07 3.645951e-03
1898 4.698822e-06 3.537930e-03
1899 2.049545e-05 1.656459e-02
1900 2.194293e-05 1.736457e-02
1901 1.809230e-07 1.738739e-03
1902 3.612444e-04 5.585919e-02
1903 8.736122e-04 1.743857e-01
1904 3.241470e-05 1.792895e-02
1905 2.332267e-04 2.722806e-02
1906 2.542412e-03 2.784322e-01
1907 2.097345e-06 7.326549e-03
1908 4.691647e-06 7.906550e-03
1909 8.966841e-07 5.345105e-03
1910 8.885415e-05 2.439491e-02
1911 1.524846e-06 1.182106e-02
1912 5.893853e-05 3.894346e-02
1913 8.143476e-05 6.164610e-02
1914 2.794487e-04 5.316059e-02
1915 3.034607e-03 3.591618e-01
1916 3.816299e-04 8.334602e-02
1917 7.628135e-04 1.310620e-01
1918 2.820563e-04 5.120498e-02
1919 6.762607e-04 1.175068e-01
1920 2.580088e-04 5.920731e-02
1921 1.515437e-04 2.984399e-02
1922 3.643051e-04 1.294558e-01
1923 4.294450e-04 6.198987e-02
1924 8.559063e-04 1.422015e-01
1925 2.091554e-04 5.850713e-02
1926 2.840802e-05 2.251111e-02
1927 3.063225e-04 4.280097e-02
1928 1.255871e-03 1.803609e-01
1929 1.062656e-04 3.811755e-02
1930 6.131588e-06 5.684523e-03
1931 7.077873e-05 3.569234e-02
1932 2.573845e-06 2.581842e-02
1933 2.489726e-04 1.605802e-02
1934 2.324458e-06 7.438010e-03
1935 1.458363e-04 4.433015e-02
1936 4.666328e-05 1.514038e-02
1937 9.980815e-05 2.822657e-02
1938 1.207745e-04 2.714859e-02
1939 1.943115e-04 4.567313e-02
1940 5.995021e-05 8.334598e-02
1941 5.862871e-06 7.725100e-03
1942 6.552934e-04 8.816510e-02
1943 4.411710e-04 9.620369e-02
1944 6.688183e-05 3.278739e-02
1945 3.623069e-05 1.097482e-02
1946 4.197852e-04 9.707659e-02
1947 4.832737e-05 1.779721e-02
1948 3.049468e-04 3.027090e-02
1949 1.685565e-03 1.211968e-01
1950 4.690493e-04 2.424880e-02
1951 2.240622e-03 1.211575e-01
1952 7.782070e-04 7.981144e-02
1953 3.558550e-05 1.898806e-02
1954 6.545572e-05 1.207194e-02
1955 1.341157e-03 3.031214e-01
1956 3.923673e-04 2.011668e-01
1957 9.127770e-04 2.918814e-01
1958 7.315806e-04 1.746144e-01
1959 2.134567e-06 7.226518e-03
1960 8.219180e-05 8.986154e-03
1961 2.144134e-07 2.933998e-03
1962 1.191013e-05 6.337190e-03
1963 1.232844e-07 2.052600e-03
1964 9.329649e-07 3.472097e-03
1965 1.357665e-04 2.359693e-02
1966 1.378393e-05 1.153305e-02
1967 1.045666e-03 1.104831e-01
1968 1.421256e-04 1.348727e-02
1969 2.719196e-05 1.848289e-02
1970 3.271246e-06 9.264548e-03
1971 1.728814e-05 2.164078e-02
1972 8.933648e-07 7.068801e-03
1973 6.772211e-04 7.893421e-02
1974 5.781616e-05 3.382128e-02
1975 2.042436e-06 1.641696e-02
1976 4.116888e-05 2.595609e-02
1977 5.709698e-04 9.566618e-02
1978 7.847836e-05 3.279750e-02
1979 1.359163e-04 3.073701e-02
1980 1.754403e-04 2.183127e-02
1981 4.426367e-05 1.526922e-02
1982 3.179748e-04 6.916789e-02
1983 1.387127e-03 2.601493e-01
1984 8.424273e-05 7.751838e-02
1985 6.125645e-04 1.211270e-01
1986 2.075949e-04 5.509259e-02
1987 2.558178e-03 2.885064e-01
1988 1.109778e-04 3.488614e-02
1989 4.499851e-05 4.574265e-02
1990 5.688369e-04 1.226843e-01
1991 1.071290e-05 1.286940e-02
1992 6.897394e-05 2.438842e-02
1993 1.971119e-04 4.090533e-02
1994 2.482674e-04 2.980038e-02
1995 2.354644e-04 2.453705e-02
1996 4.296930e-05 1.217818e-02
1997 5.408985e-04 7.010574e-02
1998 4.195793e-04 9.814885e-02
1999 1.786685e-03 1.966872e-01
2000 8.330115e-04 7.301449e-02
