2 1.940094e-04 1.547346e-01
3 2.070727e-03 9.160942e-01
4 6.638326e-04 3.668855e-01
5 1.266837e-04 1.363583e-01
6 4.724266e-03 1.103581e+00
7 1.229572e-03 3.123985e-01
8 5.709466e-06 5.447888e-02
9 5.074193e-06 1.098493e-02
10 1.060350e-03 1.110466e-01
11 6.866003e-04 4.737339e-01
12 6.332642e-05 4.246984e-02
13 1.727936e-03 5.844551e-01
14 6.722059e-04 1.692792e-01
15 7.148628e-04 7.253617e-02
16 3.214054e-05 6.084466e-02
17 5.090658e-05 2.033708e-02
18 5.244397e-04 1.770247e-01
19 1.500642e-04 3.312301e-01
20 9.092031e-04 5.249155e-01
21 7.863002e-04 2.308059e-01
22 2.798704e-05 3.222579e-02
23 1.316907e-03 7.669365e-01
24 1.682483e-03 3.963371e-01
25 8.700881e-05 5.566183e-02
26 2.735203e-04 7.273746e-01
27 3.375050e-04 9.769736e-02
28 1.166244e-04 5.856293e-02
29 2.765435e-03 8.390003e-01
30 9.115983e-07 7.795413e-03
31 2.134773e-03 2.345292e-01
32 2.802589e-03 3.455587e-01
33 1.548072e-04 3.626999e-02
34 4.923597e-06 9.792709e-03
35 5.768630e-04 2.418858e-01
36 2.139434e-04 8.642020e-02
37 5.332257e-03 1.072340e+00
38 7.357533e-03 1.384499e+00
39 2.302357e-03 7.012189e-01
40 7.974071e-04 2.615327e-01
41 4.004453e-07 7.180898e-03
42 1.997860e-03 9.164346e-01
43 1.488815e-05 1.845569e-02
44 1.458384e-07 3.021819e-03
45 6.428429e-07 2.730986e-03
46 2.593593e-08 1.440509e-03
47 1.619327e-07 6.332952e-03
48 4.524003e-07 7.238442e-03
49 7.051929e-07 9.131787e-03
50 1.582829e-05 3.289137e-02
51 3.863309e-07 3.165362e-03
52 2.051846e-07 5.677808e-03
53 2.215037e-07 5.691862e-03
54 1.457343e-07 4.302265e-03
55 7.546877e-08 3.399054e-03
56 1.061546e-05 2.198311e-02
57 1.483913e-05 4.255872e-02
58 2.905801e-08 1.717038e-03
59 8.363660e-06 1.271116e-02
60 4.769678e-07 2.437502e-03
61 1.078535e-07 4.236916e-03
62 2.499200e-07 1.353433e-03
63 1.746015e-06 5.733061e-03
64 2.940362e-08 1.184221e-02
65 2.009387e-07 2.817596e-03
66 6.067917e-07 4.886414e-03
67 7.289056e-08 4.813361e-03
68 2.794671e-06 1.134605e-02
69 8.766010e-06 1.056009e-02
70 4.229467e-03 6.560829e-01
71 9.120269e-10 4.412616e-03
72 1.920762e-04 7.267701e-02
73 7.169860e-07 4.579314e-03
74 1.565843e-07 5.788673e-03
75 1.167552e-06 5.804731e-03
76 1.594101e-05 7.021605e-03
77 1.947083e-06 4.739849e-03
78 4.094758e-05 4.945503e-02
79 1.282754e-06 1.141443e-02
80 7.591811e-05 9.494367e-02
81 2.032513e-07 3.184448e-03
82 3.637270e-05 4.183336e-02
83 1.792757e-08 2.529300e-03
84 9.228469e-05 1.748124e-02
85 3.195131e-06 7.905546e-03
86 9.959892e-05 3.243631e-02
87 3.908442e-04 2.472711e-01
88 1.338604e-08 2.775116e-03
89 3.314632e-04 5.659712e-02
90 1.356791e-04 1.296194e-01
91 2.232264e-05 1.920791e-02
92 1.586504e-04 8.698567e-02
93 1.384612e-04 4.908996e-02
94 2.126109e-07 9.018921e-03
95 1.988026e-08 5.392280e-03
96 3.576292e-05 1.418538e-02
97 3.210233e-05 2.233460e-02
98 1.747401e-04 3.643721e-02
99 3.722453e-04 3.384371e-01
100 4.046186e-03 9.639691e-01
101 4.398761e-04 1.712147e-01
102 2.671877e-06 6.682036e-03
103 1.112739e-03 2.464944e-01
104 5.332735e-08 2.473031e-02
105 1.290472e-04 1.004999e-01
106 1.777444e-04 6.751214e-02
107 9.138162e-07 1.217844e-02
108 2.013797e-05 1.157239e-01
109 3.666927e-07 1.216869e-02
110 3.984476e-06 4.471864e-03
111 3.468029e-07 1.085829e-02
112 2.180269e-07 1.960535e-02
113 8.718974e-04 1.275148e-01
114 7.964400e-05 1.438654e-02
115 8.879390e-05 2.717138e-02
116 2.947529e-04 1.014070e-01
117 3.685399e-06 7.380729e-03
118 1.358759e-07 3.724016e-03
119 2.820037e-03 7.384888e-01
120 1.624325e-04 3.287952e-02
121 3.763199e-07 9.054276e-03
122 1.166891e-06 5.217182e-03
123 5.565349e-04 1.107486e-01
124 5.402246e-06 1.440429e-02
125 2.826740e-04 1.597079e-01
126 1.307458e-05 1.480430e-02
127 4.878951e-07 1.166804e-02
128 3.659771e-04 4.242950e-01
129 2.808043e-03 5.290580e-01
130 1.878353e-05 7.836204e-02
131 1.656988e-03 2.021168e-01
132 3.282592e-05 2.886246e-02
133 4.787618e-03 9.889000e-01
134 8.751416e-05 4.911292e-02
135 2.335146e-03 3.502507e-01
136 5.046473e-09 2.287424e-03
137 7.149007e-07 1.301733e-02
138 1.032770e-06 4.094382e-03
139 1.466506e-05 1.008523e-02
140 2.674494e-04 5.252291e-02
141 7.618146e-06 7.974303e-03
142 1.889258e-03 2.253730e-01
143 1.918718e-04 9.912318e-02
144 4.499988e-04 2.534025e-01
145 1.391123e-04 6.024296e-02
146 2.121575e-06 1.456039e-02
147 1.460582e-04 7.881356e-02
148 2.354069e-06 6.540945e-03
149 9.455693e-05 7.502468e-02
150 1.317359e-04 1.005077e-01
151 3.839301e-04 6.673130e-02
152 2.856976e-05 3.872144e-02
153 2.983051e-06 1.062604e-02
154 2.023407e-05 1.639911e-02
155 7.179839e-07 3.167212e-03
156 1.695591e-04 2.422369e-02
157 7.150688e-07 1.319034e-02
158 8.810998e-10 3.780380e-03
159 1.540690e-07 1.787475e-02
160 2.638835e-06 1.017752e-02
161 1.550350e-06 5.286520e-03
162 1.077764e-06 1.724778e-02
163 1.895863e-06 1.743227e-02
164 3.427693e-05 1.419308e-02
165 2.046142e-07 1.786774e-03
166 1.978794e-06 2.520575e-03
167 1.347358e-05 9.060948e-03
168 4.575058e-06 5.639285e-03
169 8.798398e-05 3.728964e-02
170 8.472364e-06 7.666903e-03
171 8.280792e-05 4.723407e-02
172 2.823371e-03 5.605463e-01
173 3.700765e-04 8.618054e-02
174 8.182866e-04 2.143572e-01
175 1.224093e-09 1.263760e-03
176 1.223229e-05 1.493596e-02
177 1.033273e-08 3.190442e-03
178 3.961228e-07 7.869030e-03
179 1.631477e-05 1.277560e-02
180 1.702694e-09 1.277184e-03
181 6.060266e-05 1.139717e-01
182 4.909580e-04 6.283017e-02
183 1.044530e-04 4.114942e-02
184 6.274937e-06 9.170110e-03
185 3.395486e-09 1.523378e-03
186 2.988938e-06 4.919393e-02
187 4.347054e-03 7.523599e-01
188 9.486912e-05 5.249130e-02
189 3.591151e-06 1.553975e-02
190 1.531151e-06 5.632181e-03
191 6.450892e-07 7.015110e-03
192 2.940188e-07 5.856198e-03
193 1.722239e-08 6.283512e-03
194 1.396158e-07 6.114952e-03
195 1.050145e-04 3.004975e-02
196 2.308681e-06 8.284201e-03
197 3.875251e-07 2.125528e-02
198 1.530455e-05 1.481441e-02
199 1.720946e-05 2.024708e-02
200 2.110523e-04 1.180098e-01
201 1.992267e-05 9.231415e-02
202 4.757121e-05 1.480364e-02
203 2.609650e-04 2.044607e-01
204 1.151142e-05 4.289285e-03
205 8.360377e-05 4.234599e-02
206 5.702241e-04 4.958285e-02
207 1.647125e-05 3.274915e-02
208 9.979673e-05 9.641265e-02
209 7.776078e-04 1.696446e-01
210 4.666937e-06 5.767690e-02
211 3.067370e-04 2.007582e-01
212 1.521428e-07 5.020127e-03
213 3.863756e-06 1.628005e-02
214 3.159872e-06 1.400309e-02
215 1.180469e-06 1.241751e-02
216 9.959750e-06 3.959344e-02
217 2.126372e-06 2.834977e-03
218 1.466292e-07 4.718050e-03
219 1.585015e-07 2.555810e-03
220 6.732813e-05 2.565289e-01
221 4.544266e-07 5.686011e-03
222 2.079978e-06 4.365376e-02
223 6.991646e-04 1.586098e-01
224 1.651407e-08 2.300108e-03
225 1.299067e-08 3.232131e-03
226 3.565445e-06 1.207035e-02
227 2.223105e-07 4.271679e-03
228 2.841714e-06 6.287322e-03
229 3.225778e-06 1.819347e-02
230 8.629916e-04 3.329216e-01
231 1.355318e-09 2.043669e-03
232 1.121010e-03 7.099589e-01
233 9.324260e-08 9.442786e-03
234 8.735264e-07 5.256989e-03
235 3.888653e-09 7.405268e-03
236 1.582479e-03 1.239012e-01
237 4.378712e-03 2.997322e-01
238 3.001816e-07 5.098695e-03
239 4.084758e-05 1.400712e-02
240 8.025760e-06 6.861847e-02
241 8.661608e-04 4.906878e-01
242 1.618468e-05 3.868672e-02
243 7.003825e-07 4.535714e-03
244 9.746642e-09 1.878769e-03
245 1.233101e-08 1.283606e-03
246 9.388468e-04 1.990342e-01
247 1.692196e-03 1.127406e-01
248 1.422998e-03 3.331954e-01
249 2.114252e-03 3.955522e-01
250 1.065000e-03 3.097807e-01
251 1.855986e-09 1.293784e-03
252 2.482433e-07 8.781069e-03
253 8.085845e-08 4.239862e-03
254 1.773931e-05 2.262220e-02
255 1.528860e-06 8.977057e-03
256 4.454926e-09 2.437701e-03
257 6.961525e-07 5.270363e-03
258 2.009140e-04 1.054398e-01
259 7.623474e-08 1.454372e-03
260 6.740257e-07 1.002899e-02
261 1.329245e-05 9.728390e-03
262 5.381384e-07 1.782152e-03
263 1.039344e-05 6.876986e-03
264 4.314392e-06 2.980749e-02
265 2.086855e-05 7.955656e-02
266 2.397369e-06 1.246096e-02
267 3.529851e-07 1.986550e-02
268 6.430326e-06 1.005659e-02
269 2.385526e-04 1.784154e-01
270 3.299387e-09 3.605362e-03
271 1.162808e-05 1.922121e-02
272 9.141485e-06 1.305547e-02
273 2.076141e-04 1.213844e-01
274 1.287092e-09 1.879274e-03
275 9.195660e-04 1.389856e-01
276 2.853191e-06 1.850724e-02
277 2.214326e-09 4.010986e-03
278 5.727267e-05 1.105590e-01
279 2.949695e-06 5.147672e-03
280 1.091693e-04 7.760173e-02
281 7.996889e-04 1.572570e-01
282 9.949967e-08 2.086931e-03
283 1.996328e-06 6.948806e-03
284 2.813637e-08 4.747868e-03
285 1.489590e-07 9.252593e-03
286 2.238810e-07 6.130126e-03
287 8.239795e-08 5.087984e-03
288 7.101056e-08 2.221407e-03
289 1.379258e-03 3.145857e-01
290 2.814636e-09 1.421724e-03
291 3.513225e-05 1.979500e-02
292 1.175580e-03 4.514608e-01
293 2.288467e-06 5.766532e-03
294 4.839696e-08 4.363328e-03
295 3.790792e-08 1.780650e-02
296 2.062636e-05 1.245890e-01
297 9.316604e-06 1.862941e-02
298 5.288569e-06 5.786585e-03
299 9.353731e-08 4.258872e-03
300 4.805178e-06 1.569305e-02
301 5.587576e-04 3.734269e-01
302 2.496399e-07 3.589781e-03
303 8.241813e-07 2.054059e-02
304 1.649380e-04 1.492498e-01
305 1.067941e-04 2.484631e-02
306 1.167683e-04 2.478519e-02
307 1.900064e-03 3.013070e-01
308 1.090690e-06 1.096999e-02
309 3.067093e-04 3.044630e-01
310 6.024785e-05 2.452341e-02
311 4.084828e-06 1.350194e-02
312 5.351368e-06 5.623781e-03
313 2.783147e-03 9.321835e-01
314 9.551232e-06 3.882800e-03
315 6.004828e-09 4.746874e-03
316 2.516002e-03 6.239480e-01
317 2.701816e-03 3.911470e-01
318 4.786738e-04 2.241558e-01
319 5.150408e-05 9.405590e-02
320 3.246207e-05 4.224029e-02
321 2.459944e-04 3.732341e-01
322 3.882169e-10 6.874478e-03
323 3.147875e-06 2.737644e-02
324 1.554933e-07 5.421241e-03
325 3.651338e-08 5.310268e-03
326 5.417274e-06 4.671926e-02
327 2.500413e-03 8.123494e-01
328 5.993844e-04 2.029677e-01
329 1.754585e-03 4.300393e-01
330 1.761434e-05 1.151446e-02
331 6.409800e-05 3.009701e-02
332 1.877390e-04 3.189034e-01
333 1.601049e-07 1.669970e-02
334 5.047759e-06 4.969270e-02
335 1.580743e-08 2.171628e-03
336 1.637240e-06 1.095487e-02
337 1.053414e-06 1.350009e-02
338 1.520149e-03 1.262209e-01
339 1.082134e-03 2.995043e-01
340 1.054689e-05 1.482697e-02
341 9.301460e-07 1.045096e-02
342 1.335691e-05 8.145275e-03
343 3.492402e-07 3.917605e-02
344 4.712087e-05 1.907590e-02
345 3.087662e-03 8.639264e-01
346 1.717349e-03 4.724837e-01
347 5.986428e-08 4.229778e-03
348 1.902109e-04 5.106279e-02
349 5.612779e-06 7.764168e-03
350 1.722814e-06 3.262316e-03
351 3.388577e-03 8.357017e-01
352 6.904794e-05 2.172331e-01
353 2.106824e-08 1.287966e-03
354 2.377669e-04 1.407443e-01
355 1.964235e-05 2.643257e-02
356 1.260960e-03 4.864458e-01
357 5.060193e-04 1.857433e-01
358 2.072389e-05 5.802943e-03
359 8.166249e-06 1.223748e-02
360 1.935905e-04 1.482497e-01
361 1.481512e-03 2.161356e-01
362 1.444651e-03 1.087271e-01
363 8.589454e-05 4.102726e-02
364 1.548764e-05 5.289297e-02
365 1.389229e-05 4.115183e-02
366 5.177708e-06 2.098748e-02
367 8.544722e-07 1.707799e-02
368 8.344265e-06 1.229940e-02
369 4.014905e-07 1.178442e-02
370 3.243446e-05 2.025287e-02
371 3.605646e-06 8.673549e-02
372 3.096460e-07 3.669013e-02
373 8.958439e-05 6.958462e-02
374 1.827969e-08 6.334052e-03
375 1.248439e-07 1.465478e-03
376 2.624842e-07 3.672548e-03
377 2.103513e-03 5.654932e-01
378 6.006382e-05 2.463103e-02
379 1.427835e-06 6.118374e-03
380 5.266693e-06 2.047845e-02
381 2.031757e-03 6.428764e-01
382 1.098083e-04 3.104987e-02
383 5.114902e-04 1.942102e-01
384 3.368378e-05 2.032131e-02
385 9.741321e-04 6.409376e-01
386 2.183805e-05 1.670679e-02
387 5.452360e-06 2.063722e-02
388 4.660534e-07 4.061028e-03
389 5.409185e-07 1.070767e-02
390 1.043863e-08 4.437912e-03
391 9.926844e-05 3.601902e-02
392 1.234824e-05 2.849744e-02
393 9.416584e-09 2.653516e-03
394 1.644848e-03 7.641596e-01
395 7.245613e-07 1.823235e-03
396 1.821621e-05 3.957718e-02
397 9.367856e-06 2.271839e-02
398 7.226584e-10 2.559518e-03
399 5.640036e-07 9.114691e-03
400 3.747964e-03 1.531758e+00
401 1.333652e-05 2.760935e-02
402 1.118083e-04 5.752371e-01
403 7.726943e-05 3.232530e-02
404 6.664591e-05 2.868384e-02
405 1.885172e-06 5.134372e-03
406 1.073238e-04 2.632789e-01
407 1.419421e-04 1.181294e-01
408 4.581237e-04 7.210660e-01
409 7.190817e-05 8.495635e-02
410 5.442514e-06 1.536536e-02
411 3.753942e-05 4.309010e-02
412 1.090585e-05 1.246016e-02
413 8.056454e-04 4.875027e-01
414 6.666533e-04 3.333984e-02
415 1.932818e-08 1.966206e-03
416 1.023396e-04 1.244213e-01
417 4.461859e-06 2.879462e-03
418 2.301139e-03 4.962137e-01
419 2.594165e-03 7.687283e-01
420 4.691507e-06 9.538065e-03
421 9.176676e-05 2.400641e-02
422 1.495790e-05 2.981640e-02
423 8.309881e-06 1.249826e-02
424 1.376662e-04 6.612603e-02
425 5.096083e-05 1.452637e-02
426 2.649297e-08 3.758921e-03
427 8.227958e-05 1.516888e-01
428 1.526024e-04 3.965587e-02
429 1.347541e-03 3.374341e-01
430 1.547965e-07 1.718349e-03
431 4.343233e-09 4.157644e-03
432 8.799002e-05 1.412720e-01
433 4.875947e-09 1.256980e-03
434 2.401907e-07 5.213746e-03
435 3.361486e-06 5.764183e-03
436 1.653545e-08 2.357428e-03
437 1.236904e-04 1.386531e-01
438 1.082203e-07 5.836871e-03
439 1.432443e-07 4.595808e-03
440 6.581010e-07 4.326229e-03
441 6.849630e-05 4.157144e-02
442 2.369001e-08 6.771666e-03
443 1.451272e-06 5.371760e-03
444 4.507166e-05 4.921648e-02
445 7.034697e-05 9.224745e-02
446 1.333436e-06 1.739577e-02
447 5.312646e-08 2.494110e-03
448 9.462389e-07 2.717285e-03
449 5.489646e-08 2.386464e-03
450 5.987940e-07 3.680814e-03
451 1.579206e-07 1.333605e-03
452 2.114982e-05 1.293455e-02
453 8.240640e-07 5.142809e-03
454 7.544822e-05 4.050514e-02
455 3.806485e-04 1.592402e-01
456 3.760744e-07 5.626200e-03
457 4.049815e-05 4.369704e-02
458 6.574820e-05 6.964773e-02
459 1.122012e-04 7.114379e-02
460 1.904590e-06 4.037351e-03
461 2.924453e-05 3.805356e-02
462 5.799548e-04 2.971392e-01
463 8.896015e-05 7.425134e-02
464 2.795512e-05 9.779326e-03
465 5.379417e-08 1.842237e-03
466 1.888711e-08 2.730869e-03
467 2.280375e-03 5.317143e-01
468 4.758528e-09 5.934248e-03
469 7.810720e-04 1.234199e-01
470 7.226906e-05 1.977321e-02
471 4.259345e-05 3.772242e-02
472 2.673797e-05 7.111856e-03
473 1.657280e-05 1.582724e-02
474 7.614012e-06 4.859291e-03
475 1.138479e-04 3.862287e-02
476 9.035642e-09 2.276269e-03
477 4.322130e-04 9.315054e-02
478 1.334385e-09 3.581586e-03
479 6.582034e-09 1.840585e-03
480 1.929243e-06 1.378094e-02
481 1.793856e-07 8.184018e-03
482 8.302635e-04 2.730601e-01
483 5.646020e-08 1.192608e-03
484 5.400039e-08 1.950928e-03
485 1.742912e-04 1.000189e-01
486 4.765185e-07 5.278461e-03
487 5.359004e-05 8.997034e-02
488 5.415453e-07 6.569884e-03
489 3.670539e-05 1.311717e-02
490 3.461995e-06 4.758158e-02
491 2.960523e-06 1.090271e-02
492 1.432741e-04 1.512580e-02
493 2.751847e-08 2.366346e-03
494 3.438421e-04 1.326480e-01
495 8.278677e-04 1.771340e-01
496 8.414890e-05 1.944808e-01
497 8.703018e-05 1.452745e-01
498 3.795928e-05 4.227755e-02
499 4.049765e-05 1.199861e-02
500 3.472602e-08 9.723671e-03
501 5.612493e-03 7.872979e-01
502 2.513400e-06 1.970018e-02
503 9.555837e-05 7.336996e-02
504 4.592042e-03 1.032660e+00
505 4.945514e-07 6.439328e-03
506 5.569677e-07 1.312744e-02
507 1.518513e-06 9.684375e-03
508 1.710695e-05 1.525454e-02
509 4.220926e-04 3.479940e-01
510 3.197564e-07 9.907745e-03
511 1.193851e-06 4.965306e-03
512 1.276795e-08 2.039128e-03
513 2.261245e-05 3.495759e-02
514 1.098632e-07 1.969071e-02
515 2.073889e-06 5.770698e-02
516 4.126348e-04 7.742667e-02
517 3.802528e-06 7.761276e-03
518 3.593829e-08 4.540418e-03
519 1.865303e-06 1.085290e-02
520 1.464492e-09 1.504578e-03
521 1.682594e-05 2.984726e-02
522 1.703169e-06 3.381484e-03
523 4.292855e-06 8.423080e-03
524 1.402684e-04 7.953957e-02
525 4.124738e-04 9.764800e-02
526 9.929461e-06 1.746284e-02
527 4.878440e-04 1.861986e-01
528 5.218955e-04 1.482949e-01
529 2.265742e-03 2.339259e-01
530 4.416213e-04 6.192054e-02
531 9.356035e-11 1.574190e-03
532 3.510765e-07 9.691001e-03
533 1.574316e-06 2.832240e-03
534 5.845201e-06 8.934001e-02
535 7.428692e-04 2.874805e-01
536 2.900374e-04 9.489111e-02
537 8.236681e-04 3.127545e-01
538 2.273749e-06 9.623296e-02
539 3.905128e-05 6.069398e-02
540 8.327150e-07 2.842827e-02
541 2.791517e-03 7.825561e-01
542 6.685310e-06 1.305356e-02
543 4.107084e-05 8.471135e-03
544 6.183013e-05 7.756713e-02
545 2.047949e-07 9.537734e-03
546 3.357802e-06 1.568913e-02
547 3.888401e-05 5.472081e-02
548 1.030541e-04 3.343331e-02
549 4.891863e-06 2.920973e-02
550 1.462414e-09 5.838530e-03
551 1.341375e-04 2.141000e-02
552 2.561379e-07 2.684177e-03
553 7.836736e-07 7.517475e-03
554 6.791468e-10 3.020624e-03
555 4.610876e-06 7.060220e-02
556 1.413792e-06 7.616899e-03
557 2.324708e-04 9.026368e-02
558 6.630033e-08 8.195114e-03
559 3.476789e-04 5.584188e-02
560 3.594535e-08 3.359718e-03
561 4.151156e-06 3.327919e-02
562 7.420133e-07 1.814626e-03
563 5.411095e-03 1.686570e+00
564 2.445518e-03 8.285735e-01
565 1.580510e-06 3.817186e-03
566 3.193111e-04 2.693985e-02
567 4.190289e-04 6.078136e-02
568 2.823894e-04 9.702432e-02
569 3.871784e-05 1.169797e-02
570 2.757165e-05 5.097338e-02
571 4.719204e-05 6.318850e-02
572 1.041441e-03 9.257387e-02
573 1.993804e-03 1.678032e-01
574 7.420254e-06 5.750903e-03
575 6.262517e-08 4.060341e-03
576 2.097998e-06 9.573725e-03
577 1.272119e-08 2.688919e-03
578 1.198229e-06 4.082276e-03
579 6.722747e-05 2.410980e-02
580 3.901599e-07 6.025127e-03
581 3.251992e-04 9.586720e-02
582 8.210860e-07 1.516848e-02
583 1.250058e-04 4.620906e-01
584 4.022308e-05 7.776440e-02
585 1.714288e-05 4.529063e-02
586 5.522812e-04 1.235580e-01
587 3.532599e-06 1.306985e-02
588 7.028508e-06 5.888524e-02
589 2.363970e-04 4.599160e-02
590 1.142424e-06 1.233544e-02
591 1.705433e-06 2.679240e-02
592 1.907637e-03 6.281173e-01
593 1.458905e-06 9.309128e-03
594 1.738498e-04 9.491904e-02
595 7.976039e-07 5.595262e-03
596 9.280906e-08 1.378131e-03
597 4.343843e-07 2.276485e-03
598 5.109318e-05 4.494214e-02
599 5.144120e-05 1.802253e-02
600 1.717370e-06 5.124466e-03
601 8.304076e-07 4.309089e-03
602 3.280571e-05 2.720962e-02
603 3.568767e-05 3.284526e-02
604 1.777178e-08 2.067657e-03
605 3.549997e-04 1.530552e-01
606 3.054735e-04 9.140334e-02
607 3.254105e-07 5.238542e-03
608 1.127491e-04 2.376623e-02
609 2.832283e-05 1.556444e-02
610 1.617244e-06 1.621059e-02
611 5.061819e-08 2.534867e-03
612 1.106530e-05 3.607259e-02
613 3.741175e-08 5.337159e-03
614 9.246105e-07 5.636878e-03
615 2.112502e-08 5.944226e-03
616 4.650490e-05 4.192692e-02
617 4.847608e-06 1.399426e-02
618 1.937403e-07 8.399185e-03
619 1.164280e-05 7.103626e-03
620 2.670894e-07 3.869109e-03
621 1.916545e-07 3.416025e-03
622 6.306229e-04 2.569363e-01
623 1.816665e-05 1.712750e-02
624 8.912342e-07 4.411472e-03
625 1.084330e-06 1.183306e-02
626 8.828694e-07 6.357056e-03
627 9.824161e-07 3.662045e-03
628 7.726107e-05 3.110095e-02
629 1.903598e-06 2.096164e-03
630 2.664365e-05 1.410906e-02
631 2.039211e-05 1.188336e-02
632 8.339377e-08 1.262672e-03
633 1.813827e-04 2.941038e-01
634 8.682868e-05 2.446193e-02
635 1.094997e-06 8.773219e-03
636 2.943738e-07 2.103883e-02
637 2.593425e-07 1.158968e-02
638 1.332941e-08 2.182405e-03
639 2.513325e-09 1.581140e-03
640 9.556912e-09 2.443612e-03
641 5.746436e-09 1.528397e-03
642 6.668597e-08 5.428332e-03
643 4.272409e-05 8.474947e-02
644 1.012722e-03 1.630463e-01
645 2.482293e-04 5.764181e-02
646 1.579725e-06 1.417809e-02
647 5.380959e-07 6.010844e-03
648 4.302892e-05 3.563132e-02
649 1.460220e-03 5.936169e-01
650 1.469752e-06 4.957963e-03
651 8.989687e-07 8.509834e-03
652 3.080859e-04 6.917663e-02
653 3.516775e-08 4.781705e-03
654 6.362976e-07 4.922128e-03
655 1.146995e-06 9.150907e-03
656 1.370896e-07 2.805672e-03
657 1.136759e-04 3.273981e-02
658 1.423442e-04 1.399736e-01
659 9.287008e-05 1.760843e-02
660 1.316928e-04 1.153162e-01
661 3.239309e-07 5.543290e-03
662 2.333894e-04 2.378201e-01
663 1.029368e-03 7.583666e-01
664 5.378794e-05 5.074016e-02
665 7.712721e-07 9.359478e-03
666 3.253728e-05 1.409388e-02
667 2.205572e-04 2.787172e-02
668 1.829753e-03 2.993611e-01
669 6.598258e-04 2.057023e-01
670 1.271425e-07 9.342062e-03
671 1.476984e-05 2.128572e-02
672 1.185339e-06 2.503048e-02
673 2.060661e-05 1.115515e-02
674 1.689950e-07 2.095386e-03
675 1.875128e-05 1.372455e-01
676 1.605647e-06 5.638504e-03
677 4.861566e-10 1.338926e-03
678 1.011572e-05 7.020306e-03
679 9.481318e-04 1.556477e-01
680 1.660979e-05 4.559708e-02
681 7.942895e-05 6.920389e-02
682 1.118450e-05 1.242426e-02
683 3.574094e-06 3.050028e-02
684 2.812439e-06 1.887441e-02
685 5.172169e-09 2.170813e-03
686 1.004614e-05 1.888940e-02
687 2.243842e-03 5.831117e-01
688 5.163562e-06 2.473671e-02
689 1.233713e-06 1.029617e-02
690 2.790930e-08 2.014474e-03
691 1.796610e-04 1.532138e-01
692 4.860393e-07 2.922499e-03
693 1.618486e-05 2.141405e-02
694 1.989713e-04 7.912350e-02
695 1.797815e-04 2.363550e-01
696 1.502040e-03 6.354029e-01
697 1.366495e-05 8.705898e-03
698 6.047573e-05 1.358810e-01
699 5.646972e-08 1.535991e-03
700 6.870079e-05 4.686547e-02
701 5.442564e-06 1.953114e-02
702 1.791201e-08 1.236632e-03
703 3.533691e-08 4.009723e-03
704 1.027143e-10 1.311532e-03
705 3.048814e-03 2.438476e-01
706 3.686050e-08 1.731130e-03
707 4.074983e-04 7.403300e-02
708 3.453283e-11 4.995841e-03
709 1.408931e-10 2.939359e-03
710 4.371036e-07 6.279759e-03
711 1.640132e-09 1.204864e-03
712 5.305107e-07 4.800728e-03
713 2.380069e-07 6.456747e-03
714 2.727213e-09 2.451200e-03
715 1.402952e-05 1.600884e-02
716 7.858666e-05 2.625144e-02
717 9.624400e-08 5.327490e-03
718 1.442395e-10 2.642270e-03
719 3.674322e-03 5.847808e-01
720 2.953378e-10 1.188317e-03
721 1.323671e-05 7.771136e-03
722 3.763258e-10 2.732680e-03
723 1.061941e-05 1.644738e-02
724 2.808413e-07 3.481092e-03
725 1.106378e-09 1.464585e-03
726 6.143905e-05 4.353311e-02
727 1.038854e-08 4.371192e-03
728 2.193059e-07 7.902054e-03
729 9.172142e-09 7.307552e-03
730 2.003425e-08 2.750925e-03
731 1.737898e-04 9.553600e-02
732 2.424597e-11 1.364471e-03
733 3.148700e-13 9.157500e-04
734 2.704711e-07 2.984872e-03
735 1.662616e-07 3.401877e-03
736 1.545015e-05 1.620919e-02
737 5.886957e-10 1.363513e-03
738 1.517823e-04 9.365790e-02
739 6.968550e-08 3.514075e-03
740 4.182842e-05 3.573889e-02
741 3.199153e-07 8.476301e-03
742 8.377440e-06 2.150052e-02
743 2.393488e-03 6.628763e-01
744 9.420763e-10 2.638465e-03
745 3.421422e-08 2.530309e-03
746 8.318131e-07 1.276832e-02
747 2.284829e-04 4.313664e-02
748 7.147253e-04 1.477941e-01
749 8.457765e-05 1.795706e-01
750 6.496726e-07 6.829959e-03
751 4.297145e-06 1.225211e-02
752 2.001912e-07 1.976185e-03
753 2.270614e-08 2.986692e-03
754 7.542787e-05 1.035716e-01
755 1.591521e-05 2.109637e-02
756 3.808642e-05 3.432609e-02
757 1.545352e-09 1.517519e-03
758 1.464609e-05 2.084137e-02
759 4.676201e-05 2.159595e-02
760 3.256406e-08 2.275096e-03
761 1.184512e-04 2.869499e-02
762 9.040181e-05 1.938995e-02
763 1.003793e-08 1.966186e-03
764 2.239473e-07 9.886118e-03
765 1.674551e-08 1.044177e-02
766 1.515778e-07 5.494018e-03
767 7.092498e-08 5.903127e-03
768 5.478793e-05 2.745984e-02
769 3.401532e-06 7.579922e-03
770 4.529772e-05 6.188250e-02
771 1.334937e-05 4.610763e-03
772 8.222034e-11 1.550056e-03
773 8.555332e-08 1.604079e-02
774 2.491947e-08 1.956203e-03
775 4.046110e-04 8.534034e-02
776 1.562958e-04 8.569000e-02
777 5.145983e-05 3.309434e-02
778 1.924967e-05 2.265682e-02
779 1.275562e-03 1.951146e-01
780 2.434648e-05 1.471002e-02
781 1.951742e-04 6.594065e-02
782 3.670669e-06 4.492222e-03
783 3.671868e-06 9.570344e-03
784 7.185678e-06 6.577327e-03
785 9.958690e-05 3.915520e-02
786 2.564824e-05 2.410163e-02
787 1.658069e-04 3.176631e-02
788 8.827935e-06 2.289287e-02
789 1.540596e-09 1.348715e-03
790 2.144697e-04 1.581171e-01
791 3.627406e-05 1.631482e-02
792 9.914639e-07 4.914733e-03
793 3.391513e-06 9.768842e-03
794 1.469176e-06 5.085700e-03
795 2.686387e-04 5.614468e-01
796 1.040895e-08 3.134145e-03
797 3.571624e-04 2.680627e-01
798 1.879694e-03 4.267962e-01
799 5.404412e-06 5.034152e-03
800 8.411327e-04 7.225693e-02
801 2.185076e-07 4.155518e-03
802 6.008207e-05 4.331350e-02
803 4.167440e-04 1.294494e-01
804 9.545103e-07 1.602355e-02
805 2.163997e-08 4.028301e-03
806 6.403950e-04 2.109716e-01
807 1.477826e-06 5.538908e-02
808 2.506398e-06 3.902804e-03
809 7.596202e-04 3.308177e-01
810 5.943353e-05 1.465383e-02
811 6.249070e-06 2.740774e-02
812 4.067227e-07 6.913808e-03
813 1.998736e-07 5.851346e-03
814 4.577918e-06 1.043831e-02
815 5.232021e-06 2.601331e-02
816 5.531496e-04 1.493170e-01
817 2.775091e-03 7.281865e-01
818 3.239600e-08 3.589775e-03
819 2.746265e-05 1.007824e-01
820 1.939757e-05 5.195673e-02
821 7.368954e-06 2.761638e-02
822 5.784401e-08 3.564233e-03
823 8.192869e-07 9.556704e-03
824 2.444147e-07 2.606208e-02
825 3.129210e-06 2.660629e-02
826 9.051127e-06 9.024011e-03
827 5.214345e-06 5.596892e-03
828 4.116569e-05 3.662480e-02
829 1.366066e-06 1.434935e-02
830 2.830379e-03 4.057811e-01
831 8.037328e-05 1.889728e-02
832 8.119262e-06 8.539795e-03
833 5.282847e-06 2.201164e-02
834 3.881332e-06 2.163318e-02
835 1.307420e-07 2.272643e-03
836 5.186960e-09 1.027063e-03
837 1.166787e-06 1.487350e-02
838 1.508951e-05 8.612722e-03
839 8.388188e-07 1.522889e-02
840 1.554564e-05 3.733445e-02
841 8.515317e-05 3.327880e-02
842 1.240350e-03 3.816545e-01
843 3.451349e-05 2.749091e-02
844 5.462635e-06 3.602586e-02
845 1.044847e-06 3.278091e-02
846 6.179102e-04 9.192576e-02
847 1.451427e-04 2.350251e-02
848 2.889102e-04 1.166622e-01
849 2.818772e-07 5.770451e-03
850 1.433711e-03 1.007033e+00
851 4.987034e-05 2.024177e-02
852 3.091432e-05 1.906076e-01
853 9.558017e-04 2.743652e-01
854 8.052194e-05 8.309538e-02
855 6.128791e-05 1.604539e-01
856 8.596545e-05 5.111005e-02
857 6.111318e-04 2.594997e-01
858 4.289139e-06 2.048622e-02
859 1.644877e-08 3.866318e-03
860 8.695293e-05 4.334940e-02
861 1.112845e-08 1.641370e-03
862 2.380239e-05 2.200003e-02
863 3.446410e-04 9.111838e-02
864 5.045927e-06 7.814373e-03
865 2.238604e-04 1.029368e-01
866 2.849092e-04 1.555012e-01
867 8.184655e-04 6.649325e-01
868 9.446112e-06 6.891650e-03
869 3.611375e-06 3.255517e-02
870 2.166134e-05 4.580983e-02
871 1.826939e-05 2.760256e-02
872 6.075518e-04 2.925886e-01
873 2.428176e-05 7.223896e-02
874 4.450492e-04 2.216251e-01
875 1.718642e-06 6.263143e-03
876 2.239891e-11 1.062644e-03
877 7.186679e-08 9.365915e-03
878 3.219463e-04 4.023399e-01
879 1.463094e-04 9.330007e-02
880 8.077147e-06 1.077402e-02
881 1.445576e-09 2.291640e-03
882 9.405931e-05 6.828550e-02
883 1.131364e-03 5.342091e-01
884 1.694695e-04 9.290434e-02
885 1.400910e-04 7.571893e-02
886 7.116530e-07 7.885593e-03
887 1.119621e-06 1.340742e-02
888 7.652519e-06 1.272423e-02
889 6.236184e-07 2.298641e-02
890 2.412139e-06 2.347596e-02
891 7.163963e-04 3.343085e-01
892 1.021564e-08 2.858564e-03
893 1.013109e-04 5.876658e-02
894 4.209914e-06 6.910128e-03
895 2.049128e-05 7.822587e-02
896 4.801278e-06 5.475901e-02
897 1.310696e-04 7.521706e-02
898 5.595675e-06 9.235296e-03
899 2.158996e-06 1.424869e-02
900 4.510545e-07 1.625117e-02
901 5.473035e-05 8.515528e-02
902 3.175126e-08 2.126091e-03
903 5.974574e-06 3.465593e-02
904 3.104957e-08 2.108286e-02
905 2.870821e-08 6.663103e-03
906 3.790292e-07 8.229240e-03
907 2.185719e-08 2.065787e-03
908 9.193246e-09 8.979896e-03
909 4.984877e-05 2.860509e-02
910 1.150443e-05 2.773694e-02
911 3.133136e-07 2.117178e-02
912 5.035031e-07 1.045903e-02
913 5.736228e-08 3.413734e-03
914 2.873377e-07 7.544848e-03
915 8.934135e-04 1.530308e-01
916 2.478592e-10 2.827304e-03
917 1.962496e-08 2.394041e-03
918 4.210324e-09 2.639425e-03
919 5.293492e-04 1.807061e-01
920 1.167741e-08 6.486376e-03
921 9.065575e-07 3.939631e-03
922 2.015742e-07 1.635129e-02
923 2.848396e-08 5.135232e-03
924 6.412358e-04 3.019502e-01
925 8.683762e-05 6.497031e-02
926 6.276991e-05 4.186344e-02
927 3.002677e-05 1.217020e-01
928 4.443961e-07 4.357783e-02
929 2.520158e-04 1.505317e-01
930 1.825270e-04 4.660153e-02
931 5.746579e-05 1.601006e-02
932 6.377934e-05 4.774800e-02
933 3.083548e-09 2.972890e-03
934 9.441258e-06 9.463031e-03
935 2.926764e-07 3.597497e-03
936 3.133235e-06 2.777343e-02
937 1.789340e-09 5.815775e-03
938 1.541457e-08 2.376016e-03
939 2.809649e-06 1.020480e-02
940 2.060798e-04 1.105777e-01
941 8.486806e-09 3.331698e-03
942 1.202781e-04 1.380676e-01
943 6.118917e-06 2.400367e-02
944 4.958824e-11 1.972735e-03
945 4.061444e-05 2.897223e-02
946 5.192816e-09 2.224075e-03
947 1.888440e-05 1.996916e-02
948 6.721363e-08 1.521844e-03
949 5.301777e-06 1.775315e-02
950 4.636127e-04 9.731617e-02
951 1.076122e-07 3.014299e-02
952 1.005047e-05 4.129636e-02
953 1.361072e-10 2.418488e-03
954 2.568078e-05 3.627507e-02
955 3.610212e-07 4.470035e-03
956 9.445039e-06 1.907938e-02
957 5.776844e-04 4.210453e-02
958 9.120156e-05 3.495200e-02
959 1.088657e-04 2.555308e-02
960 5.767494e-09 2.434776e-03
961 4.605403e-09 9.517275e-03
962 1.656584e-07 1.077446e-02
963 8.828842e-08 3.542810e-03
964 3.102017e-07 1.977858e-03
965 4.088545e-04 1.109138e-01
966 3.988634e-05 1.513283e-02
967 9.855622e-07 8.147916e-03
968 4.871866e-04 7.912194e-02
969 3.263827e-04 1.184689e-01
970 4.085382e-05 2.193077e-02
971 3.120960e-06 7.925113e-03
972 4.570858e-05 4.443331e-02
973 5.148181e-06 8.779553e-03
974 9.822842e-07 7.977121e-03
975 4.402806e-05 8.963187e-02
976 4.417248e-04 2.993734e-01
977 2.705484e-05 1.784293e-02
978 3.259638e-06 2.443234e-02
979 1.213639e-07 2.946490e-03
980 3.781623e-06 2.110767e-02
981 7.534419e-06 2.168945e-02
982 1.694846e-07 1.408753e-03
983 4.397032e-07 3.843388e-03
984 4.846003e-06 2.030025e-02
985 6.270811e-06 6.107428e-02
986 5.871830e-04 3.607332e-01
987 4.108240e-07 6.213587e-03
988 1.900834e-08 2.067992e-03
989 3.248776e-04 8.525522e-02
990 3.420910e-08 2.264151e-03
991 2.116762e-03 6.855379e-01
992 2.502012e-06 6.844378e-03
993 2.706111e-06 9.518403e-03
994 5.332029e-12 1.343352e-03
995 3.538276e-07 1.513257e-02
996 3.603052e-03 6.717257e-01
997 5.787828e-07 8.010376e-03
998 1.292058e-06 3.852207e-03
999 1.666572e-05 2.484517e-02
1000 5.595839e-12 1.344524e-03
1001 6.021026e-06 9.217651e-03
1002 2.223584e-04 1.000713e-01
1003 1.538666e-04 2.970923e-02
1004 6.725759e-05 3.744565e-02
1005 2.744360e-07 2.245102e-03
1006 1.262015e-04 1.560980e-01
1007 3.488837e-08 3.014901e-03
1008 7.405608e-05 2.995630e-02
1009 4.120027e-07 2.029364e-03
1010 1.213251e-05 2.111739e-02
1011 3.977141e-07 1.731028e-02
1012 4.705397e-05 2.528989e-01
1013 6.785510e-07 1.234144e-02
1014 3.439275e-07 8.444120e-03
1015 9.400893e-06 3.353623e-02
1016 8.505069e-05 1.832145e-02
1017 1.146710e-03 4.496926e-01
1018 7.331417e-05 1.032372e-01
1019 4.113661e-10 1.929892e-03
1020 4.604437e-08 1.103949e-02
1021 1.656061e-06 1.418417e-02
1022 1.556785e-09 1.414970e-03
1023 1.741877e-05 1.810108e-02
1024 7.561905e-05 1.578199e-02
1025 1.285658e-09 1.527398e-03
1026 8.455074e-11 1.937810e-03
1027 4.948770e-06 1.105320e-02
1028 1.102508e-04 1.025175e-01
1029 3.678784e-07 6.096196e-03
1030 1.946205e-08 3.060731e-03
1031 1.116360e-05 1.167889e-02
1032 1.789271e-03 3.812560e-01
1033 6.033415e-09 1.554384e-03
1034 1.562030e-05 3.051145e-02
1035 2.547252e-05 1.542633e-02
1036 6.596053e-05 1.581401e-01
1037 7.300599e-09 3.022489e-03
1038 6.071052e-07 3.112863e-03
1039 5.398993e-06 9.751174e-03
1040 4.699779e-08 3.100606e-03
1041 1.702431e-03 3.399129e-01
1042 6.328166e-07 7.751882e-03
1043 1.513688e-09 1.239461e-03
1044 1.155112e-06 3.606453e-03
1045 1.041045e-08 2.385707e-03
1046 3.433454e-12 1.277349e-03
1047 1.770971e-09 1.279741e-03
1048 5.300688e-07 4.724711e-03
1049 6.347979e-09 1.165871e-03
1050 2.488868e-03 8.691476e-01
1051 1.854503e-04 5.688337e-02
1052 6.295881e-07 2.931012e-03
1053 1.781066e-06 9.259387e-03
1054 2.523238e-09 1.868608e-03
1055 4.686508e-10 1.156840e-03
1056 7.748846e-07 8.888704e-03
1057 3.726400e-06 1.313781e-02
1058 5.251497e-08 1.571352e-03
1059 3.969620e-04 7.770014e-02
1060 1.890903e-08 1.477138e-03
1061 4.719390e-06 3.179576e-03
1062 3.957834e-10 1.140543e-03
1063 9.034942e-06 2.568442e-02
1064 3.800199e-05 5.872145e-02
1065 8.708219e-10 1.808221e-03
1066 1.981484e-09 1.188330e-03
1067 5.791883e-06 1.404116e-02
1068 3.705091e-08 1.816185e-03
1069 2.510601e-07 2.962795e-03
1070 2.861245e-09 1.193235e-03
1071 9.720976e-07 2.032881e-03
1072 1.931944e-08 2.554317e-03
1073 6.797618e-09 1.344905e-03
1074 2.980557e-09 1.906631e-03
1075 6.989670e-07 3.799868e-03
1076 2.194190e-07 4.144997e-03
1077 7.815500e-07 5.472384e-03
1078 8.693386e-06 1.425339e-02
1079 1.263185e-07 4.520176e-03
1080 1.779169e-04 6.297347e-02
1081 5.699733e-06 5.097825e-02
1082 5.326291e-07 3.707796e-03
1083 3.099966e-06 5.072722e-03
1084 5.618795e-10 1.205161e-03
1085 3.290821e-08 1.820733e-03
1086 1.418330e-07 3.015224e-03
1087 2.833416e-07 1.400771e-03
1088 5.451710e-06 8.287320e-03
1089 3.352366e-08 1.363986e-03
1090 1.466749e-10 1.204072e-03
1091 1.459380e-08 1.663375e-03
1092 4.758778e-07 2.333790e-03
1093 2.469683e-06 2.382642e-02
1094 3.008302e-05 1.622306e-02
1095 5.037654e-08 2.994760e-03
1096 5.216719e-05 3.659938e-02
1097 4.125467e-06 5.264409e-02
1098 2.069423e-07 8.079424e-03
1099 1.109458e-08 3.597986e-03
1100 6.193210e-10 1.118743e-03
1101 2.114499e-06 2.450799e-02
1102 1.060344e-07 1.198162e-02
1103 1.513418e-06 3.955592e-03
1104 2.437484e-05 3.118766e-02
1105 1.535853e-08 2.110756e-03
1106 2.391570e-03 4.920509e-01
1107 9.937554e-08 2.628637e-03
1108 6.728129e-07 8.235502e-03
1109 3.183183e-10 1.817775e-03
1110 3.111533e-07 1.045198e-02
1111 3.360811e-08 2.195203e-03
1112 3.729974e-11 1.790195e-03
1113 2.354167e-06 1.471154e-02
1114 1.350122e-04 2.634996e-02
1115 2.632517e-03 2.694167e-01
1116 5.341044e-10 1.968532e-03
1117 2.062854e-03 3.097787e-01
1118 1.917377e-07 5.092004e-03
1119 1.163699e-05 3.014005e-02
1120 4.599896e-05 7.478495e-02
1121 1.158508e-05 1.088777e-02
1122 3.334187e-06 2.077099e-02
1123 2.529941e-06 3.866281e-03
1124 7.907408e-07 1.457905e-02
1125 4.022898e-06 4.788286e-03
1126 5.045493e-08 6.922787e-03
1127 5.994209e-07 4.383352e-03
1128 3.060498e-05 4.910748e-02
1129 6.953993e-07 8.535808e-03
1130 8.827570e-08 1.233573e-02
1131 2.894895e-04 8.484742e-02
1132 2.663128e-06 1.307271e-02
1133 2.072912e-07 2.197677e-03
1134 1.264021e-04 9.114026e-02
1135 7.135976e-06 1.728929e-02
1136 1.017272e-03 1.488738e-01
1137 1.238156e-06 2.241968e-02
1138 1.661391e-10 1.865737e-03
1139 2.520243e-06 7.222686e-03
1140 2.254992e-10 2.155830e-03
1141 1.734544e-05 5.967780e-03
1142 1.102056e-04 8.343603e-02
1143 3.106441e-07 7.792652e-02
1144 3.831898e-09 6.472249e-03
1145 3.178821e-06 2.457324e-02
1146 2.153828e-03 6.197087e-01
1147 6.058647e-05 6.941571e-02
1148 2.514178e-08 2.425363e-03
1149 4.720360e-04 1.619932e-01
1150 1.711455e-10 2.359932e-03
1151 1.617401e-03 2.387345e-01
1152 1.614957e-04 1.241061e-01
1153 9.291586e-07 6.513888e-03
1154 3.270877e-09 1.933731e-03
1155 2.922393e-04 3.549671e-01
1156 1.544514e-07 2.776685e-03
1157 1.466663e-04 6.104409e-02
1158 2.634248e-07 5.857331e-03
1159 1.419177e-09 1.511846e-03
1160 6.881431e-07 3.025636e-03
1161 1.831571e-06 2.049217e-02
1162 4.132032e-05 2.321075e-01
1163 1.131437e-04 2.014944e-02
1164 1.929098e-05 5.799980e-02
1165 1.934390e-03 7.051403e-01
1166 9.151053e-04 1.316597e-01
1167 7.054236e-05 1.151226e-01
1168 4.641947e-05 4.482372e-02
1169 1.178341e-07 8.015920e-03
1170 4.488627e-07 6.157772e-03
1171 8.206242e-07 1.011861e-02
1172 2.091635e-05 8.571503e-02
1173 1.372003e-10 1.101231e-03
1174 6.614881e-04 3.903904e-01
1175 3.951565e-06 2.593916e-02
1176 7.524662e-11 1.778828e-03
1177 6.874457e-05 1.246113e-01
1178 1.442206e-03 3.488604e-01
1179 9.013258e-05 4.254828e-02
1180 1.395695e-05 9.193027e-03
1181 6.935444e-08 1.986684e-03
1182 1.700699e-05 9.741247e-03
1183 9.620908e-05 1.592387e-01
1184 1.073066e-04 5.747397e-02
1185 4.286026e-08 1.084662e-02
1186 7.644960e-04 1.639982e-01
1187 2.702811e-04 1.538273e-01
1188 1.472510e-06 2.242529e-03
1189 2.164043e-08 2.576925e-03
1190 2.385873e-11 1.991190e-03
1191 2.972681e-07 2.966492e-03
1192 2.169216e-04 1.280020e-01
1193 8.999893e-10 3.228854e-03
1194 3.342167e-05 2.801134e-02
1195 5.827076e-04 2.567098e-01
1196 2.049659e-08 5.334302e-03
1197 6.026593e-08 3.532183e-03
1198 3.699127e-06 2.648633e-03
1199 1.295217e-03 2.423890e-01
1200 3.020899e-03 3.411550e-01
1201 2.770166e-10 1.124771e-03
1202 3.348183e-05 2.474360e-02
1203 5.871611e-05 4.092215e-02
1204 5.003490e-06 7.122854e-03
1205 3.215616e-10 1.941551e-03
1206 4.051533e-03 2.524228e-01
1207 3.987426e-06 5.687938e-03
1208 2.004082e-06 6.285570e-03
1209 5.927148e-04 1.234647e-01
1210 1.932885e-04 6.106045e-02
1211 8.887834e-04 1.077316e-01
1212 3.153836e-08 3.745420e-03
1213 3.891472e-08 4.991347e-03
1214 2.088542e-05 1.655622e-02
1215 1.499684e-08 2.615909e-03
1216 1.802427e-08 2.222307e-03
1217 7.930614e-06 2.834952e-02
1218 1.885299e-06 5.716508e-03
1219 1.672033e-05 1.502460e-02
1220 1.342999e-05 2.531017e-02
1221 8.500419e-05 3.526209e-02
1222 1.110723e-06 2.352391e-02
1223 6.364245e-05 4.322136e-02
1224 3.039627e-06 9.624377e-03
1225 9.319724e-08 2.934763e-03
1226 3.380063e-08 1.836288e-03
1227 2.968590e-05 7.927552e-03
1228 4.644703e-05 2.433516e-02
1229 2.179423e-04 5.436962e-02
1230 1.136323e-07 7.502757e-03
1231 1.062660e-05 3.969981e-02
1232 5.097232e-10 5.677319e-03
1233 4.156976e-06 2.432218e-02
1234 1.102751e-08 7.617161e-03
1235 1.090218e-05 5.309052e-02
1236 7.459201e-08 4.712872e-03
1237 5.943167e-04 2.083647e-01
1238 4.969330e-06 1.419766e-02
1239 1.727776e-06 6.950789e-03
1240 5.769839e-07 4.199658e-03
1241 1.052562e-05 8.741061e-03
1242 8.920856e-04 3.651666e-01
1243 2.301348e-04 1.247457e-01
1244 3.990648e-07 3.607770e-03
1245 7.343404e-07 6.880802e-03
1246 1.821169e-09 2.013861e-03
1247 3.956790e-04 4.224481e-02
1248 5.766145e-05 6.069661e-02
1249 6.256875e-08 9.780439e-03
1250 4.615515e-08 6.205936e-03
1251 1.353605e-07 1.429250e-02
1252 2.360061e-05 6.837754e-03
1253 5.773872e-04 3.131031e-01
1254 9.187907e-08 5.365829e-03
1255 1.366309e-06 2.173807e-02
1256 1.755905e-05 7.032119e-03
1257 4.087201e-04 9.839829e-02
1258 7.141789e-08 4.845099e-03
1259 8.630046e-05 8.161370e-02
1260 9.848850e-05 2.751152e-01
1261 1.582164e-07 5.597330e-03
1262 2.801187e-06 2.175531e-02
1263 2.520908e-05 5.170724e-02
1264 5.767795e-08 3.171406e-02
1265 1.936023e-06 1.090810e-02
1266 1.346548e-06 3.495912e-02
1267 1.671796e-06 1.777736e-02
1268 1.430468e-06 9.211292e-03
1269 8.292861e-05 2.479598e-02
1270 2.002036e-03 1.023601e+00
1271 7.371842e-04 4.299175e-01
1272 7.749765e-09 1.268316e-03
1273 4.651500e-04 7.257233e-02
1274 1.108588e-05 2.031805e-02
1275 9.157302e-05 5.833481e-02
1276 3.220688e-03 4.918833e-01
1277 4.098376e-04 2.259073e-01
1278 1.609026e-03 4.248310e-01
1279 1.620167e-06 2.701539e-03
1280 4.265768e-04 1.805177e-01
1281 3.882208e-06 7.314861e-03
1282 1.175680e-04 6.466664e-02
1283 1.583287e-06 2.095828e-02
1284 4.545913e-07 4.747323e-03
1285 4.005694e-04 1.441212e-01
1286 9.755260e-10 3.201466e-03
1287 6.064651e-05 3.663609e-02
1288 1.618556e-04 4.468207e-02
1289 7.381473e-05 1.590685e-02
1290 2.262442e-05 3.024279e-02
1291 3.112870e-05 2.279026e-02
1292 4.398058e-04 3.953248e-01
1293 9.824510e-08 3.340660e-03
1294 9.344888e-07 5.808123e-03
1295 5.454323e-07 3.385294e-03
1296 4.426111e-07 1.305463e-02
1297 1.146648e-05 5.854296e-02
1298 1.476401e-05 1.475161e-02
1299 1.011409e-04 1.753217e-02
1300 7.756066e-08 2.825455e-03
1301 4.498126e-07 3.136324e-03
1302 4.230332e-04 1.011374e-01
1303 3.354949e-06 8.825930e-03
1304 1.396124e-06 8.555044e-03
1305 1.362565e-04 6.427022e-02
1306 1.446624e-04 4.543783e-02
1307 1.276419e-06 6.940607e-03
1308 1.647529e-08 2.544468e-03
1309 6.471495e-04 7.364366e-02
1310 1.687079e-10 1.448173e-03
1311 1.028294e-03 5.841112e-01
1312 2.207518e-03 2.382340e-01
1313 5.431747e-09 1.734466e-03
1314 2.762540e-07 8.577160e-03
1315 1.214146e-07 3.222756e-03
1316 7.169762e-08 2.197974e-03
1317 4.051066e-11 1.374759e-03
1318 1.547932e-04 6.752874e-02
1319 2.843783e-03 5.136110e-01
1320 2.661299e-07 3.987462e-03
1321 2.268135e-05 1.422235e-02
1322 3.132294e-10 1.135342e-03
1323 4.778847e-08 2.231560e-03
1324 3.935948e-04 1.722453e-01
1325 2.831843e-07 9.780786e-03
1326 1.737419e-05 9.962689e-03
1327 3.147175e-05 2.773800e-02
1328 9.102994e-08 2.683878e-03
1329 6.948108e-06 2.420141e-02
1330 2.032611e-07 8.242973e-03
1331 2.950350e-08 2.121651e-03
1332 3.546213e-08 1.452472e-03
1333 1.332892e-05 2.264991e-02
1334 1.941713e-06 1.361096e-02
1335 1.710637e-07 1.171411e-02
1336 2.496568e-05 8.155454e-03
1337 4.990724e-04 1.056925e-01
1338 2.860417e-07 7.330439e-03
1339 1.943505e-03 2.475557e-01
1340 2.014041e-05 1.508378e-02
1341 1.429661e-03 3.632560e-01
1342 1.302425e-08 2.469746e-03
1343 3.752555e-08 2.171878e-03
1344 1.647147e-06 3.497673e-03
1345 1.965185e-06 1.516026e-02
1346 1.946656e-06 2.856807e-02
1347 1.808056e-08 1.355326e-03
1348 3.681071e-04 7.287257e-02
1349 2.952659e-04 1.448085e-01
1350 1.137353e-05 1.283525e-02
1351 5.042652e-05 2.951264e-02
1352 4.253957e-05 1.429441e-02
1353 7.093951e-06 1.132278e-02
1354 1.046677e-07 4.955943e-03
1355 1.458294e-06 9.376755e-03
1356 6.213131e-06 2.719508e-02
1357 4.317292e-09 6.053427e-03
1358 1.008527e-05 7.055508e-03
1359 9.421738e-09 2.051315e-03
1360 1.322888e-07 4.135344e-03
1361 4.235610e-05 1.863389e-02
1362 7.032845e-04 1.424013e-01
1363 1.448510e-06 6.109982e-03
1364 4.057634e-05 4.723718e-02
1365 6.692235e-08 4.521792e-03
1366 4.489243e-07 4.560561e-03
1367 1.166841e-08 1.744239e-03
1368 1.087686e-04 6.184470e-02
1369 6.181246e-11 2.457528e-03
1370 1.370909e-08 1.645028e-03
1371 2.735717e-04 5.813340e-02
1372 3.089269e-08 4.192052e-03
1373 1.315216e-06 7.679195e-03
1374 1.913959e-07 3.391404e-03
1375 3.428254e-05 1.272683e-02
1376 1.463670e-03 6.308184e-01
1377 1.469614e-06 9.726885e-03
1378 5.478236e-09 1.431750e-03
1379 5.646365e-06 5.412837e-03
1380 2.295277e-03 4.606837e-01
1381 1.055849e-06 3.365784e-03
1382 2.881595e-08 1.281752e-03
1383 3.324984e-06 2.159711e-02
1384 9.872895e-08 4.626332e-03
1385 9.826416e-08 4.484707e-03
1386 8.427985e-07 5.808792e-03
1387 2.262118e-04 3.415546e-02
1388 2.619507e-06 7.711977e-03
1389 1.705004e-07 3.259122e-03
1390 9.843047e-08 3.095562e-03
1391 1.847259e-06 9.144000e-03
1392 3.022340e-08 2.000425e-03
1393 1.489106e-08 7.648182e-03
1394 2.190644e-07 6.414704e-03
1395 1.212976e-05 4.562093e-02
1396 1.079473e-04 4.494307e-02
1397 5.241342e-07 3.220575e-03
1398 2.752266e-04 2.568361e-02
1399 5.718587e-05 4.063031e-02
1400 1.291788e-07 4.676687e-03
1401 1.592196e-04 9.622461e-02
1402 3.999243e-07 4.589812e-03
1403 5.021244e-07 5.494819e-03
1404 5.429464e-09 2.382432e-03
1405 3.489078e-07 4.167478e-03
1406 3.378530e-05 1.889351e-02
1407 5.005052e-08 2.747185e-03
1408 2.289422e-03 5.942303e-01
1409 3.140552e-05 5.022940e-02
1410 2.265940e-07 1.106435e-02
1411 2.385055e-05 1.346916e-02
1412 4.178370e-09 4.384546e-03
1413 2.209811e-12 1.143512e-03
1414 2.066775e-09 2.434398e-03
1415 1.834137e-07 5.984132e-03
1416 1.253548e-08 2.991683e-03
1417 5.867613e-06 4.849359e-03
1418 1.590790e-07 5.023498e-03
1419 1.477103e-07 4.502974e-03
1420 1.358098e-05 2.479290e-02
1421 6.819867e-06 1.304937e-02
1422 3.370693e-05 3.047089e-02
1423 7.152493e-07 3.928445e-03
1424 3.046027e-06 7.155755e-03
1425 6.885471e-06 7.788424e-03
1426 1.431257e-05 9.263464e-03
1427 5.499300e-06 6.029657e-03
1428 7.375805e-06 7.836570e-03
1429 2.470255e-05 1.931204e-02
1430 1.913005e-03 2.130326e-01
1431 1.657980e-05 3.257060e-02
1432 4.407922e-06 1.791176e-02
1433 1.313468e-07 7.832224e-03
1434 8.288692e-07 3.647234e-03
1435 1.453631e-07 3.316271e-03
1436 1.063396e-05 9.284013e-03
1437 3.119627e-06 2.689226e-03
1438 1.225011e-05 1.141521e-02
1439 8.862369e-04 3.583662e-01
1440 5.009297e-08 2.805256e-03
1441 1.302249e-09 1.740340e-03
1442 2.550788e-07 7.289159e-03
1443 4.965964e-06 5.824820e-03
1444 1.851957e-05 7.883508e-03
1445 3.949353e-06 1.023651e-02
1446 3.671660e-05 1.564468e-02
1447 2.318212e-03 9.927656e-01
1448 4.469569e-06 3.838268e-03
1449 2.802284e-07 3.100967e-03
1450 2.230774e-06 1.356277e-02
1451 8.743959e-05 5.342840e-02
1452 1.146815e-04 1.450028e-01
1453 2.785037e-09 2.967799e-03
1454 3.814847e-08 3.939014e-03
1455 7.314194e-05 1.428396e-02
1456 2.681507e-07 1.869240e-03
1457 1.737016e-06 2.520965e-03
1458 9.975577e-07 2.844206e-03
1459 3.764817e-05 9.635164e-03
1460 1.543954e-05 1.817112e-02
1461 1.376653e-06 2.463970e-03
1462 1.247762e-07 2.164807e-03
1463 4.430324e-08 1.505757e-03
1464 8.150107e-08 2.052385e-03
1465 1.575747e-08 1.408653e-03
1466 1.091627e-05 2.311306e-02
1467 5.088395e-04 1.203257e-01
1468 6.539480e-06 8.703249e-03
1469 3.631392e-06 1.740280e-02
1470 4.438323e-09 3.690178e-03
1471 2.102900e-05 1.347084e-02
1472 1.133734e-07 6.291099e-03
1473 1.577724e-07 4.035334e-03
1474 3.090788e-07 1.695583e-02
1475 3.367317e-09 1.749092e-03
1476 4.512067e-06 2.066108e-02
1477 6.697318e-11 1.745334e-03
1478 1.863915e-06 1.649099e-02
1479 2.781538e-06 1.130902e-02
1480 7.024805e-06 4.617492e-02
1481 3.027405e-05 3.491843e-02
1482 5.870245e-06 1.620756e-02
1483 5.811854e-05 1.523009e-02
1484 4.273041e-04 2.314378e-01
1485 6.841415e-04 6.692888e-02
1486 1.391491e-04 1.827935e-01
1487 2.582636e-08 2.029225e-03
1488 2.088494e-06 2.722278e-02
1489 2.798245e-06 2.038798e-03
1490 9.588412e-06 3.724983e-03
1491 9.807796e-05 5.706937e-02
1492 6.982204e-08 6.752149e-03
1493 1.302177e-07 1.170565e-02
1494 1.327576e-06 2.983473e-03
1495 7.366526e-05 1.994353e-02
1496 7.742261e-07 4.462657e-03
1497 1.445327e-03 3.644606e-01
1498 1.744632e-07 5.325369e-03
1499 3.138639e-09 2.925249e-03
1500 8.765125e-06 8.548416e-03
1501 6.550048e-07 5.428737e-03
1502 4.116859e-04 1.444123e-01
1503 8.181842e-04 1.669314e-01
1504 8.567428e-05 2.434255e-02
1505 3.659942e-07 5.694390e-03
1506 7.541528e-06 7.498128e-03
1507 3.137390e-04 6.649234e-02
1508 7.791927e-04 3.137852e-01
1509 6.207214e-07 4.571075e-03
1510 1.518545e-06 8.531899e-03
1511 5.932262e-06 1.185257e-02
1512 3.843696e-07 7.573319e-03
1513 1.321814e-05 1.054024e-02
1514 2.962708e-08 6.426489e-03
1515 1.888470e-03 4.244101e-01
1516 2.522228e-05 1.306530e-02
1517 2.819874e-03 3.697460e-01
1518 1.061238e-05 8.677815e-03
1519 4.353562e-06 1.245445e-02
1520 3.363391e-07 1.915610e-03
1521 1.887573e-08 7.189706e-03
1522 1.086985e-04 6.008998e-02
1523 1.499815e-06 9.942337e-03
1524 3.787459e-06 1.838250e-02
1525 7.609775e-06 3.734512e-02
1526 8.549008e-07 1.214122e-02
1527 5.210276e-05 3.540376e-02
1528 5.643167e-06 1.239006e-02
1529 1.027557e-05 8.293226e-03
1530 1.594084e-07 1.486620e-02
1531 3.393020e-05 2.508714e-02
1532 2.664448e-07 5.068023e-03
1533 9.924639e-08 6.689952e-03
1534 1.431436e-05 1.263791e-02
1535 5.898419e-09 1.590475e-03
1536 9.780481e-08 2.736663e-03
1537 2.847902e-07 4.057019e-03
1538 3.414912e-07 4.101367e-03
1539 8.426171e-07 2.581144e-03
1540 1.351117e-05 3.097493e-02
1541 1.523285e-03 3.632751e-01
1542 1.185262e-04 9.520138e-02
1543 2.594722e-04 2.851574e-01
1544 7.608015e-06 1.001575e-02
1545 1.275405e-05 5.379102e-02
1546 3.485881e-06 8.828250e-03
1547 5.854619e-04 2.460070e-01
1548 2.688116e-05 2.021864e-02
1549 2.103009e-06 4.650225e-03
1550 5.161000e-09 4.407252e-03
1551 1.664101e-06 6.258768e-03
1552 4.551276e-04 1.890827e-01
1553 5.941133e-05 4.078393e-01
1554 1.862808e-06 1.015301e-02
1555 1.169464e-03 3.896226e-01
1556 2.233942e-05 1.800740e-02
1557 2.210076e-04 2.079054e-01
1558 1.450030e-03 3.046800e-01
1559 4.274567e-06 1.116471e-02
1560 2.179821e-04 1.232857e-01
1561 3.008278e-05 2.120766e-01
1562 8.749487e-09 6.923459e-03
1563 6.832152e-05 1.934079e-02
1564 1.228633e-03 3.345092e-01
1565 2.063039e-05 1.851412e-02
1566 9.840384e-07 5.354751e-03
1567 2.367935e-03 1.939760e+00
1568 2.745108e-07 1.441625e-02
1569 3.115260e-05 1.814489e-02
1570 1.746701e-03 5.858742e-01
1571 1.055994e-07 2.459556e-03
1572 6.993101e-05 3.937072e-02
1573 6.503938e-04 3.645112e-01
1574 1.025133e-05 1.990144e-02
1575 8.078282e-08 1.799085e-02
1576 1.703509e-04 8.424721e-02
1577 4.129515e-04 2.703974e-01
1578 1.350733e-04 5.122808e-02
1579 1.906328e-07 5.077166e-03
1580 2.643468e-03 5.913400e-01
1581 4.535889e-06 1.774503e-02
1582 1.051787e-05 4.262372e-03
1583 1.874379e-04 1.050606e-01
1584 9.671563e-07 1.471955e-02
1585 1.430965e-04 2.583721e-01
1586 3.146668e-06 1.235255e-02
1587 5.900119e-05 1.253604e-02
1588 1.167569e-05 2.269354e-02
1589 1.370277e-08 2.918035e-03
1590 1.271337e-05 4.599701e-03
1591 1.872553e-06 4.675240e-03
1592 1.357678e-05 7.075307e-03
1593 1.127265e-06 3.628664e-03
1594 2.002736e-05 1.595319e-02
1595 1.874544e-07 4.152906e-03
1596 1.749850e-07 3.064466e-02
1597 1.721415e-06 8.431806e-03
1598 3.410186e-05 1.388962e-02
1599 1.149363e-05 1.237940e-01
1600 2.276934e-06 1.054705e-02
1601 1.617506e-08 3.284676e-03
1602 1.091718e-03 7.624458e-01
1603 3.303668e-07 8.678455e-03
1604 1.065871e-04 2.351071e-02
1605 2.238671e-04 3.926687e-02
1606 1.394932e-03 2.833732e-01
1607 1.093467e-03 1.971670e-01
1608 1.427716e-07 4.888119e-03
1609 3.154010e-04 1.783281e-01
1610 1.012948e-03 4.151673e-01
1611 8.922389e-06 1.625033e-02
1612 4.597560e-05 8.444733e-03
1613 2.825192e-10 1.208057e-03
1614 1.567562e-04 3.633200e-02
1615 4.829678e-04 1.939516e-01
1616 5.199562e-08 2.647147e-03
1617 6.883453e-09 3.409716e-03
1618 3.785759e-07 2.676026e-03
1619 7.575587e-06 8.044471e-02
1620 3.969799e-05 5.642507e-02
1621 2.378101e-06 1.000767e-01
1622 3.567358e-05 2.024009e-02
1623 1.682241e-05 5.549637e-02
1624 9.458083e-04 4.226481e-01
1625 3.933687e-07 4.468958e-03
1626 6.110645e-04 9.172183e-02
1627 2.674637e-06 1.747637e-02
1628 8.500842e-05 1.116112e-01
1629 7.897069e-04 3.048658e-01
1630 1.639053e-03 3.865336e-01
1631 2.283775e-04 1.003148e-01
1632 1.950290e-05 6.918869e-02
1633 8.665909e-10 3.099576e-03
1634 1.132108e-07 6.774707e-03
1635 7.698358e-10 1.156765e-03
1636 3.911318e-09 2.940521e-03
1637 9.825109e-09 1.705474e-03
1638 1.263778e-08 3.092068e-03
1639 5.953322e-10 1.852123e-03
1640 7.540227e-05 5.055701e-02
1641 7.513689e-04 1.093422e-01
1642 1.435847e-03 4.847591e-01
1643 1.003837e-04 2.673041e-02
1644 1.456041e-05 9.984783e-03
1645 3.626983e-05 1.280863e-02
1646 1.750266e-03 1.035566e+00
1647 1.314108e-05 1.508391e-02
1648 1.604690e-06 4.095116e-03
1649 1.993471e-03 5.056263e-01
1650 3.715194e-04 8.409602e-02
1651 6.399624e-08 4.401230e-03
1652 1.108724e-04 1.062733e-01
1653 9.683024e-04 5.348713e-01
1654 4.131630e-06 2.321832e-02
1655 1.791898e-03 2.750323e-01
1656 9.365261e-07 1.777944e-02
1657 1.213127e-05 1.180620e-02
1658 9.822420e-07 5.070939e-03
1659 8.902629e-06 2.124842e-02
1660 6.456178e-05 8.451200e-02
1661 6.571189e-04 8.677932e-02
1662 2.277223e-05 1.350899e-02
1663 3.299092e-04 2.094017e-01
1664 1.378720e-05 1.344939e-02
1665 6.146144e-06 1.133874e-02
1666 7.843421e-05 8.373647e-02
1667 9.107296e-05 4.593436e-02
1668 1.108709e-09 8.894981e-04
1669 2.925030e-06 1.205780e-02
1670 8.011516e-07 3.632986e-03
1671 3.692383e-06 2.302162e-02
1672 4.148399e-04 1.727091e-01
1673 1.062183e-04 3.483241e-02
1674 6.317718e-06 1.069265e-02
1675 6.160982e-06 1.562823e-02
1676 1.677414e-07 2.841338e-03
1677 4.523533e-08 7.112267e-03
1678 2.294224e-07 3.660691e-03
1679 4.236906e-12 1.409525e-03
1680 1.071920e-04 7.818057e-02
1681 7.504521e-05 2.621190e-02
1682 3.460026e-05 2.518677e-02
1683 1.379736e-08 1.749550e-03
1684 4.837939e-08 3.671610e-03
1685 1.537537e-04 4.420052e-02
1686 1.279559e-03 1.513375e-01
1687 4.489098e-06 3.255169e-02
1688 5.656968e-04 1.749350e-01
1689 1.116896e-04 9.708154e-02
1690 5.783588e-08 1.774899e-03
1691 3.284785e-08 1.764296e-03
1692 1.286245e-06 5.946136e-03
1693 7.878493e-04 9.485746e-02
1694 2.400122e-05 4.786496e-02
1695 1.085648e-05 3.736863e-03
1696 6.199995e-04 3.146124e-01
1697 1.972465e-07 8.742412e-03
1698 2.018676e-03 3.358971e-01
1699 8.975708e-04 5.713471e-01
1700 4.652627e-07 4.263832e-03
1701 1.796488e-04 6.792687e-02
1702 2.075614e-05 8.736078e-02
1703 5.137829e-06 5.777424e-02
1704 7.613473e-08 1.630860e-03
1705 3.065182e-08 1.978501e-03
1706 2.702509e-07 2.580488e-03
1707 6.212398e-04 8.809751e-02
1708 9.086326e-09 8.067732e-03
1709 1.858419e-06 1.643499e-02
1710 6.345649e-07 1.160874e-02
1711 1.183149e-03 1.762035e-01
1712 1.006770e-04 7.859353e-02
1713 7.160680e-07 1.137274e-02
1714 3.637725e-04 6.817447e-02
1715 7.205595e-06 8.374208e-03
1716 4.054800e-08 4.414889e-03
1717 6.971488e-06 2.665655e-02
1718 3.237275e-06 1.329866e-02
1719 2.006862e-08 7.629776e-03
1720 7.795217e-07 9.426488e-03
1721 1.951099e-07 3.150284e-02
1722 7.230062e-08 8.439825e-03
1723 1.280425e-03 4.492625e-01
1724 6.945162e-07 3.237783e-03
1725 1.582782e-05 1.724312e-02
1726 6.731639e-04 1.439108e-01
1727 8.845353e-06 3.104813e-02
1728 1.682022e-03 3.205572e-01
1729 1.354906e-06 4.552879e-03
1730 7.902187e-04 1.853592e-01
1731 2.339540e-06 7.284252e-03
1732 9.812324e-08 1.908589e-03
1733 1.895525e-13 1.011506e-03
1734 1.438649e-04 5.330697e-02
1735 6.396394e-05 3.643596e-02
1736 1.838733e-11 1.148585e-03
1737 4.217936e-05 1.823852e-02
1738 1.349649e-06 3.576222e-03
1739 9.379962e-05 2.255848e-02
1740 2.320181e-04 8.710557e-02
1741 2.333089e-10 4.427016e-03
1742 4.926901e-05 1.114516e-01
1743 4.427515e-04 1.389587e-01
1744 4.656607e-05 3.839252e-02
1745 5.620980e-05 2.408279e-02
1746 1.284857e-07 2.719945e-03
1747 5.744522e-07 6.679999e-03
1748 9.019194e-04 5.824955e-01
1749 1.411370e-05 9.986626e-03
1750 3.759538e-06 9.123630e-03
1751 2.102529e-07 6.490575e-03
1752 1.355567e-08 2.142179e-03
1753 3.299724e-05 5.057651e-02
1754 1.219341e-06 5.453434e-03
1755 2.811282e-06 6.349597e-03
1756 3.527391e-07 1.979630e-02
1757 3.855214e-06 1.492219e-02
1758 4.098320e-04 2.109940e-01
1759 4.640460e-07 5.111162e-03
1760 1.906712e-03 4.004993e-01
1761 1.340434e-08 7.059253e-03
1762 1.402497e-06 4.190292e-03
1763 1.829120e-06 1.162303e-02
1764 3.638530e-07 6.921400e-03
1765 9.389343e-05 2.308148e-02
1766 1.110299e-06 4.448000e-03
1767 3.483268e-06 7.686178e-03
1768 4.212823e-05 5.233176e-02
1769 3.455669e-04 4.478945e-02
1770 3.760394e-07 8.526961e-03
1771 5.256947e-06 1.069002e-02
1772 9.769544e-04 3.743652e-01
1773 6.527083e-04 2.792789e-01
1774 1.591123e-08 2.934353e-03
1775 4.243117e-09 2.829764e-03
1776 2.483317e-07 1.938315e-02
1777 6.811627e-06 1.232962e-02
1778 1.881863e-06 7.193659e-03
1779 1.080494e-06 1.721321e-02
1780 1.388574e-09 2.811707e-03
1781 1.431373e-09 1.305288e-03
1782 3.118609e-09 3.173076e-03
1783 7.080953e-07 7.372322e-03
1784 7.385717e-05 3.034294e-02
1785 6.574957e-07 4.399022e-03
1786 5.165549e-06 3.349687e-02
1787 1.528631e-03 4.206462e-01
1788 2.090585e-08 4.441025e-03
1789 6.243819e-05 3.551799e-02
1790 8.144462e-08 2.231024e-03
1791 6.983349e-07 5.763466e-03
1792 4.296814e-06 6.906615e-03
1793 1.485093e-07 9.512773e-03
1794 5.993579e-05 8.720364e-02
1795 4.707484e-06 4.873085e-03
1796 1.942747e-03 5.007278e-01
1797 4.613441e-08 1.739794e-02
1798 4.518331e-07 6.468682e-03
1799 2.725947e-08 2.883721e-03
1800 1.908124e-06 5.563911e-02
1801 3.679860e-06 4.703233e-03
1802 1.085204e-05 3.939937e-02
1803 3.457564e-08 2.045695e-03
1804 2.521376e-06 2.712873e-03
1805 1.792542e-08 1.103526e-02
1806 2.956077e-06 5.852613e-03
1807 5.271939e-08 1.568041e-03
1808 1.241555e-03 6.970156e-01
1809 5.117605e-06 1.120602e-02
1810 7.553124e-04 2.012719e-01
1811 4.339483e-08 7.839917e-03
1812 1.140524e-08 5.931725e-03
1813 4.427014e-06 1.436845e-02
1814 2.424831e-08 2.831658e-03
1815 4.573202e-06 2.554800e-02
1816 6.779956e-06 2.341181e-02
1817 3.472869e-07 4.794750e-03
1818 5.043309e-08 4.823574e-03
1819 1.736075e-11 2.082381e-03
1820 1.361844e-08 1.596614e-03
1821 2.435836e-08 3.412202e-03
1822 9.365605e-05 1.580058e-01
1823 2.100189e-05 3.939546e-02
1824 7.854024e-06 4.630728e-02
1825 1.262258e-03 5.300764e-01
1826 1.712808e-04 1.602107e-01
1827 3.696588e-05 4.425253e-02
1828 9.934417e-05 2.842502e-02
1829 3.588244e-06 1.144003e-02
1830 4.394864e-07 3.057564e-03
1831 8.763522e-09 1.703311e-03
1832 2.110992e-06 1.472667e-02
1833 2.429154e-04 1.352007e-02
1834 6.121056e-07 3.568871e-03
1835 8.895327e-08 3.573325e-03
1836 8.817335e-04 3.442098e-01
1837 5.126196e-04 2.387768e-01
1838 3.890877e-05 1.184560e-02
1839 3.215316e-06 3.720242e-02
1840 3.265219e-05 3.860266e-02
1841 2.898283e-04 8.404446e-02
1842 5.620481e-07 6.873656e-03
1843 2.408112e-06 8.625788e-03
1844 3.342290e-08 2.759044e-03
1845 7.701318e-05 2.769384e-02
1846 6.967030e-10 3.506936e-03
1847 1.197405e-05 5.972767e-02
1848 5.776401e-09 2.206412e-03
1849 2.723902e-08 1.367381e-02
1850 2.648934e-08 1.478936e-02
1851 1.647106e-06 3.622343e-02
1852 2.169867e-05 1.667543e-02
1853 4.632875e-05 5.314585e-02
1854 2.605038e-05 1.168651e-01
1855 1.165029e-04 4.102221e-02
1856 3.307531e-09 2.267532e-03
1857 1.072864e-08 4.627076e-03
1858 3.688955e-06 3.684674e-03
1859 4.807494e-08 3.267549e-03
1860 5.567988e-06 2.229291e-02
1861 1.211477e-06 7.671211e-03
1862 5.558844e-04 3.482467e-01
1863 2.364588e-09 3.006842e-03
1864 1.837752e-07 2.659752e-03
1865 1.702473e-07 1.141405e-02
1866 1.191409e-04 8.132196e-02
1867 5.807183e-09 2.611191e-03
1868 6.649449e-06 9.794393e-03
1869 7.570129e-04 4.591835e-01
1870 5.993745e-07 5.992675e-03
1871 3.644469e-07 1.128799e-02
1872 6.231648e-09 7.174288e-03
1873 2.712725e-08 1.841206e-03
1874 2.167817e-07 2.166269e-03
1875 2.230874e-03 7.048219e-01
1876 2.134913e-08 2.421541e-03
1877 1.375021e-06 3.134189e-03
1878 2.582693e-07 6.542483e-03
1879 3.730021e-07 1.160714e-02
1880 9.223322e-05 3.179337e-02
1881 1.102542e-06 4.497080e-02
1882 1.870388e-08 3.947771e-03
1883 9.631686e-07 1.337681e-02
1884 3.753811e-04 1.679853e-01
1885 2.107497e-06 6.758231e-03
1886 4.672101e-04 3.587916e-02
1887 1.272965e-04 2.777213e-02
1888 1.122925e-06 3.236369e-03
1889 3.087595e-08 1.315104e-03
1890 1.988356e-06 1.189072e-02
1891 4.883433e-04 1.334950e-01
1892 2.076355e-06 1.477196e-02
1893 1.021634e-04 5.961215e-02
1894 4.663781e-03 1.005143e+00
1895 1.552390e-04 5.459938e-02
1896 3.829312e-04 1.049424e-01
1897 2.529104e-07 3.983863e-03
1898 2.404350e-05 5.018592e-02
1899 1.007114e-05 9.508572e-03
1900 5.984963e-04 1.232405e-01
1901 5.762872e-07 4.879638e-03
1902 3.088062e-08 1.852492e-03
1903 1.399688e-06 1.098397e-02
1904 1.332611e-06 8.004823e-03
1905 4.714855e-07 5.169038e-03
1906 6.349522e-06 5.588807e-03
1907 9.631015e-10 3.760264e-03
1908 3.154654e-07 1.704189e-03
1909 4.595217e-05 1.364782e-02
1910 1.754908e-04 8.480495e-02
1911 5.276669e-04 8.383422e-02
1912 5.689684e-05 7.036083e-02
1913 1.124328e-05 6.227020e-02
1914 2.540497e-07 4.759354e-03
1915 8.173872e-09 7.895336e-03
1916 3.448265e-03 7.852761e-01
1917 9.679092e-04 3.580604e-01
1918 1.623722e-05 3.174838e-02
1919 1.293075e-04 1.886192e-02
1920 8.314163e-05 2.640545e-02
1921 1.853684e-09 1.366929e-03
1922 2.737038e-06 4.395234e-03
1923 7.505948e-07 3.092172e-03
1924 5.398759e-07 2.394682e-03
1925 7.489647e-08 2.128906e-03
1926 1.295315e-04 1.465287e-01
1927 1.510005e-06 1.145855e-02
1928 4.727641e-09 1.791087e-03
1929 1.735863e-05 1.267949e-02
1930 1.137929e-06 1.748383e-02
1931 2.035722e-05 2.248535e-02
1932 2.087438e-06 3.373905e-02
1933 2.218429e-06 1.598723e-02
1934 4.491294e-05 6.686545e-02
1935 2.577315e-05 1.434948e-02
1936 4.833239e-07 1.251698e-02
1937 2.653297e-06 5.269895e-03
1938 3.802731e-10 2.010162e-03
1939 2.358006e-04 2.508712e-01
1940 1.647767e-06 2.256476e-02
1941 3.417727e-06 1.553458e-02
1942 3.939010e-05 7.833262e-02
1943 2.903255e-06 3.224024e-02
1944 1.438734e-03 2.141246e-01
1945 2.595828e-05 4.018009e-02
1946 1.525396e-05 6.449885e-03
1947 1.328172e-05 5.110973e-03
1948 3.419866e-09 1.707654e-03
1949 2.953839e-04 9.816383e-02
1950 4.198788e-05 2.976856e-02
1951 2.842151e-05 3.939317e-02
1952 1.581820e-06 7.122567e-03
1953 3.373984e-04 5.191278e-02
1954 8.323507e-06 7.570053e-02
1955 1.026866e-05 9.541383e-03
1956 1.062916e-04 5.367717e-02
1957 3.823439e-06 7.901292e-03
1958 9.840594e-06 2.030868e-02
1959 8.116993e-06 2.679472e-02
1960 3.533258e-05 2.935749e-02
1961 1.626748e-04 9.849306e-02
1962 4.628178e-04 5.837170e-02
1963 2.548845e-04 7.591922e-02
1964 8.466975e-07 3.982473e-03
1965 3.687548e-06 1.497807e-02
1966 5.840346e-07 6.669138e-03
1967 3.238213e-05 5.539852e-02
1968 6.043777e-09 2.102837e-03
1969 6.300147e-04 2.437413e-01
1970 2.187977e-04 8.136319e-02
1971 6.626383e-04 3.362054e-01
1972 3.679668e-05 1.520686e-02
1973 2.523072e-04 1.926031e-01
1974 3.757173e-08 4.239822e-03
1975 5.096632e-04 2.022979e-01
1976 2.935246e-04 9.802121e-02
1977 6.979148e-06 7.431847e-03
1978 2.154775e-08 4.046528e-03
1979 6.671515e-04 6.727497e-02
1980 3.229968e-05 1.126924e-02
1981 1.865312e-05 5.431685e-02
1982 8.534597e-08 2.795051e-03
1983 5.391325e-07 2.334316e-03
1984 3.963551e-07 2.757543e-02
1985 3.846752e-05 1.385134e-02
1986 4.171666e-05 7.220865e-03
1987 4.305955e-07 3.489882e-02
1988 3.280801e-04 1.893621e-01
1989 2.556176e-07 1.438231e-03
1990 2.515773e-06 4.936581e-03
1991 2.327098e-05 8.764752e-03
1992 1.911779e-03 4.296723e-01
1993 2.634166e-08 1.187290e-03
1994 5.372786e-08 1.256392e-03
1995 2.555137e-04 8.952360e-02
1996 4.139511e-07 5.531646e-03
1997 2.260553e-07 2.097541e-03
1998 3.438916e-05 1.657086e-02
1999 1.150944e-04 1.200312e-01
2000 4.682267e-07 2.601446e-03
2001 6.864306e-08 3.117299e-03
