2 2.485052e-04 1.215003e-01
3 1.521548e-03 5.287815e-01
4 1.672920e-03 2.325525e-01
5 1.378964e-04 8.749851e-02
6 4.784952e-03 7.120787e-01
7 6.433600e-04 1.704448e-01
8 4.483040e-05 5.222408e-02
9 2.039182e-05 9.046792e-03
10 2.327109e-04 4.132371e-02
11 2.226495e-03 3.021885e-01
12 1.065481e-04 2.421307e-02
13 1.976208e-03 3.446422e-01
14 8.167274e-04 8.194199e-02
15 1.258376e-04 4.865293e-02
16 3.892967e-05 5.440264e-02
17 2.922249e-05 1.181613e-02
18 3.631826e-04 9.481015e-02
19 8.671744e-04 2.927235e-01
20 2.355826e-03 3.349430e-01
21 1.585725e-03 1.344185e-01
22 5.530832e-05 2.748232e-02
23 6.480201e-03 4.832551e-01
24 1.015880e-03 1.859800e-01
25 1.189390e-04 3.915278e-02
26 1.827627e-03 4.555206e-01
27 4.202482e-04 5.305396e-02
28 9.893850e-05 3.212398e-02
29 2.845681e-03 4.104741e-01
30 2.361423e-06 7.494864e-03
31 5.917734e-04 3.818829e-02
32 3.782427e-04 1.875348e-01
33 1.254508e-04 1.490909e-02
34 9.143533e-06 6.015879e-03
35 7.556056e-04 1.909634e-01
36 4.827111e-04 4.414107e-02
37 5.579763e-03 4.945717e-01
38 4.825409e-03 6.126222e-01
39 1.375371e-03 4.215514e-01
40 4.903647e-04 1.704612e-01
41 3.405155e-06 6.910005e-03
42 2.071555e-03 5.295954e-01
43 2.083072e-05 1.135722e-02
44 1.013514e-06 2.850239e-03
45 3.678645e-07 2.662867e-03
46 9.678326e-08 1.423464e-03
47 1.480044e-06 6.214406e-03
48 1.650730e-06 7.061407e-03
49 1.135078e-06 9.000765e-03
50 5.677823e-05 2.935783e-02
51 6.804470e-07 3.102174e-03
52 7.769466e-07 5.588350e-03
53 6.238539e-07 5.646446e-03
54 5.567428e-07 4.264167e-03
55 1.027176e-06 3.350977e-03
56 6.032320e-05 1.870932e-02
57 1.831284e-04 3.373221e-02
58 4.084277e-08 1.710097e-03
59 1.075252e-05 9.709547e-03
60 4.283467e-07 2.298244e-03
61 4.805673e-07 4.161021e-03
62 3.060209e-07 1.242825e-03
63 1.077616e-06 5.456956e-03
64 2.478408e-06 1.171088e-02
65 2.142904e-06 2.569439e-03
66 7.945485e-07 4.746250e-03
67 4.467837e-07 4.762830e-03
68 1.096425e-05 1.029435e-02
69 2.480670e-05 7.791239e-03
70 9.123218e-04 2.444890e-01
71 4.957165e-08 4.411151e-03
72 2.201427e-04 2.010722e-02
73 7.186946e-06 3.709462e-03
74 2.122167e-06 5.662282e-03
75 1.573923e-06 5.518934e-03
76 7.436006e-06 6.055508e-03
77 3.667636e-06 4.221006e-03
78 1.562048e-04 3.297832e-02
79 9.616060e-06 1.106521e-02
80 2.880897e-04 7.030744e-02
81 1.244564e-06 3.086793e-03
82 6.669136e-05 3.522175e-02
83 1.165192e-07 2.518650e-03
84 1.463430e-05 1.301771e-02
85 1.804519e-06 7.664631e-03
86 6.681115e-05 1.216729e-02
87 1.079490e-03 1.408486e-01
88 4.265172e-08 2.771663e-03
89 1.347155e-04 2.785747e-02
90 2.565180e-04 1.134918e-01
91 4.646173e-05 1.448756e-02
92 1.431447e-04 6.350392e-02
93 1.836889e-04 3.252593e-02
94 2.695696e-06 8.851940e-03
95 5.757674e-07 5.355185e-03
96 1.116143e-04 9.521825e-03
97 3.482905e-05 1.231250e-02
98 1.484859e-04 9.829816e-03
99 6.361676e-04 2.899631e-01
100 2.633378e-03 4.325068e-01
101 1.950707e-04 9.884492e-02
102 5.377801e-06 5.878425e-03
103 6.856657e-04 1.693532e-01
104 3.873955e-06 2.458809e-02
105 5.805220e-04 5.631546e-02
106 1.428191e-04 5.184147e-02
107 3.020905e-06 1.196599e-02
108 6.148930e-05 1.087885e-01
109 7.090984e-06 1.195477e-02
110 4.327749e-06 4.139068e-03
111 1.580383e-06 1.076251e-02
112 1.807400e-06 1.952707e-02
113 3.139834e-04 7.221205e-02
114 1.424816e-05 9.397803e-03
115 6.594780e-05 1.660031e-02
116 1.433846e-04 6.313278e-02
117 2.372910e-05 6.305571e-03
118 5.225890e-07 3.669065e-03
119 5.125166e-03 3.412650e-01
120 9.775296e-05 1.740770e-02
121 1.080269e-05 8.672776e-03
122 2.315276e-06 5.036875e-03
123 1.841053e-04 3.517630e-02
124 4.233734e-05 1.155479e-02
125 4.212571e-04 1.279650e-01
126 1.157022e-04 7.836688e-03
127 5.783630e-06 1.131728e-02
128 6.083354e-04 3.413997e-01
129 1.418447e-03 2.928275e-01
130 1.675786e-04 6.351760e-02
131 2.958731e-04 1.299501e-01
132 1.279306e-05 2.748762e-02
133 2.482432e-03 6.399675e-01
134 1.380357e-04 1.720328e-02
135 1.359565e-03 1.326265e-01
136 7.236779e-08 2.285806e-03
137 1.691407e-06 1.286700e-02
138 2.525593e-06 3.838208e-03
139 1.621050e-05 8.844070e-03
140 2.374167e-04 2.639595e-02
141 3.072351e-06 7.147400e-03
142 5.460386e-04 9.714517e-02
143 4.506208e-05 8.321232e-02
144 8.498061e-04 1.700053e-01
145 5.801840e-05 4.513220e-02
146 2.869625e-05 1.225179e-02
147 1.712401e-04 5.801477e-02
148 1.314732e-05 5.883180e-03
149 2.916785e-05 6.914744e-02
150 4.730940e-04 6.628393e-02
151 8.001206e-05 2.697386e-02
152 4.108506e-05 3.403956e-02
153 2.129507e-05 9.397828e-03
154 2.833747e-05 1.356341e-02
155 1.861139e-06 2.881179e-03
156 3.449797e-05 1.286589e-02
157 7.506319e-06 1.289621e-02
158 1.153104e-08 3.779830e-03
159 4.838619e-06 1.767686e-02
160 2.881409e-06 9.478143e-03
161 4.867031e-06 4.765415e-03
162 3.003162e-05 1.648299e-02
163 6.323983e-06 1.652906e-02
164 3.394387e-05 6.661516e-03
165 7.453521e-07 1.662182e-03
166 1.942707e-06 2.116879e-03
167 7.797270e-06 7.321750e-03
168 6.894408e-06 4.593420e-03
169 5.578840e-05 2.190864e-02
170 1.760752e-05 5.913791e-03
171 8.635467e-05 3.833462e-02
172 2.263475e-03 1.797942e-01
173 8.736854e-05 7.103149e-02
174 1.694839e-04 1.449997e-01
175 2.149193e-08 1.262545e-03
176 1.561383e-05 1.214104e-02
177 1.333634e-07 3.183579e-03
178 2.289677e-06 7.728644e-03
179 3.118305e-05 1.156493e-02
180 2.937755e-08 1.275843e-03
181 2.644100e-04 9.527306e-02
182 1.561206e-04 2.777215e-02
183 1.216149e-04 2.486398e-02
184 7.858145e-06 8.212022e-03
185 8.255069e-08 1.520853e-03
186 3.213071e-05 4.750425e-02
187 2.182544e-03 4.998723e-01
188 1.926444e-04 3.391880e-02
189 1.236054e-04 1.200771e-02
190 1.010427e-05 5.099413e-03
191 2.890068e-06 6.751965e-03
192 2.053103e-06 5.764668e-03
193 9.127315e-07 6.253802e-03
194 3.324567e-06 6.017197e-03
195 4.335630e-05 2.070312e-02
196 3.838962e-06 7.823645e-03
197 6.486259e-06 2.099852e-02
198 2.521562e-05 1.316043e-02
199 2.943148e-05 1.607907e-02
200 3.470811e-04 7.394256e-02
201 9.081859e-05 8.402814e-02
202 3.935674e-05 1.281131e-02
203 7.029047e-04 1.692705e-01
204 1.234552e-06 4.002213e-03
205 1.685160e-04 3.528766e-02
206 7.192023e-05 1.992352e-02
207 3.846729e-05 3.146323e-02
208 1.047398e-04 8.596329e-02
209 5.527227e-04 6.185430e-02
210 6.197580e-05 5.491938e-02
211 1.104927e-03 7.285000e-02
212 2.001755e-06 4.882378e-03
213 2.268303e-05 1.487553e-02
214 1.582166e-05 1.295340e-02
215 2.067165e-06 1.231058e-02
216 2.063773e-05 3.696392e-02
217 5.004287e-06 2.680144e-03
218 4.279051e-06 4.574868e-03
219 7.105242e-07 2.473484e-03
220 1.545892e-03 2.024455e-01
221 2.168101e-06 5.581734e-03
222 2.081785e-04 3.202085e-02
223 4.180374e-04 7.350331e-02
224 2.031547e-07 2.289744e-03
225 2.697697e-07 3.216249e-03
226 6.338795e-06 1.167413e-02
227 8.493376e-07 4.202900e-03
228 6.572549e-06 5.659345e-03
229 1.200204e-05 1.775480e-02
230 1.488046e-03 2.527400e-01
231 4.607385e-08 2.040330e-03
232 2.737083e-03 5.221048e-01
233 4.492971e-06 9.188925e-03
234 5.708877e-06 4.730460e-03
235 3.038536e-07 7.397897e-03
236 2.731112e-04 2.921988e-02
237 8.896579e-04 1.788738e-01
238 5.415430e-07 5.043660e-03
239 4.555597e-05 8.851386e-03
240 8.983120e-05 6.625025e-02
241 1.957400e-03 4.083163e-01
242 8.459751e-05 2.907040e-02
243 1.694648e-06 4.418613e-03
244 1.109811e-07 1.869353e-03
245 7.230564e-08 1.277284e-03
246 2.155921e-04 9.784919e-02
247 6.985854e-04 5.247003e-02
248 1.537319e-03 1.973075e-01
249 1.658858e-03 2.192576e-01
250 9.811291e-04 1.260104e-01
251 5.128673e-08 1.291664e-03
252 7.883016e-07 8.716725e-03
253 1.673339e-06 4.150669e-03
254 4.582125e-05 1.866929e-02
255 4.650978e-06 8.564424e-03
256 2.043308e-07 2.432657e-03
257 7.803825e-06 5.035395e-03
258 2.146826e-04 4.876404e-02
259 1.889360e-07 1.439422e-03
260 1.988936e-05 9.320719e-03
261 1.878539e-05 7.514031e-03
262 8.046559e-07 1.637459e-03
263 2.633565e-05 4.052695e-03
264 1.788117e-05 2.892680e-02
265 1.004533e-04 7.272930e-02
266 1.680668e-05 1.169469e-02
267 6.854515e-06 1.956710e-02
268 2.055875e-05 6.552816e-03
269 9.613870e-04 1.154222e-01
270 1.024290e-07 3.602321e-03
271 4.021953e-05 1.679390e-02
272 1.670775e-05 1.017440e-02
273 1.738529e-04 9.782716e-02
274 2.794037e-08 1.878011e-03
275 1.162667e-04 3.862247e-02
276 2.162632e-05 1.780191e-02
277 1.393511e-07 4.006515e-03
278 3.028159e-04 7.925396e-02
279 1.327719e-05 4.804802e-03
280 7.586572e-04 4.230354e-02
281 6.915407e-04 8.020123e-02
282 1.215489e-06 2.054969e-03
283 5.970683e-06 6.436663e-03
284 3.929949e-07 4.728953e-03
285 4.255527e-06 8.953721e-03
286 5.624303e-06 5.887268e-03
287 3.620479e-07 5.059462e-03
288 5.797440e-07 2.180207e-03
289 1.448869e-03 2.051181e-01
290 1.303224e-08 1.420855e-03
291 6.718827e-06 1.733835e-02
292 1.637138e-03 2.881818e-01
293 3.622218e-06 5.356611e-03
294 7.721195e-07 4.344869e-03
295 3.679758e-07 1.779466e-02
296 1.908173e-04 1.155383e-01
297 7.918654e-06 1.712521e-02
298 2.635081e-06 5.369155e-03
299 3.475921e-06 4.200662e-03
300 7.358777e-06 1.511708e-02
301 4.887231e-04 2.880033e-01
302 4.892059e-07 3.552475e-03
303 4.312772e-06 2.006689e-02
304 5.528392e-04 5.163685e-02
305 7.607123e-05 1.112883e-02
306 1.934155e-05 1.711711e-02
307 1.770973e-03 1.563906e-01
308 2.804502e-06 1.079896e-02
309 2.199806e-03 1.418213e-01
310 6.098483e-05 1.666241e-02
311 5.871273e-05 1.100945e-02
312 1.448832e-05 4.628434e-03
313 2.719488e-03 5.379133e-01
314 3.538064e-06 3.071033e-03
315 2.886720e-07 4.736225e-03
316 3.903763e-03 3.406821e-01
317 3.937014e-04 1.911419e-01
318 6.130293e-04 1.624874e-01
319 3.097379e-04 6.205332e-02
320 1.600282e-04 3.400365e-02
321 2.724178e-03 2.688195e-01
322 2.427925e-08 6.873579e-03
323 4.277706e-05 2.378994e-02
324 2.090420e-06 5.315586e-03
325 5.935848e-07 5.285369e-03
326 2.947983e-05 4.402449e-02
327 2.620397e-03 4.874584e-01
328 6.728010e-04 1.168168e-01
329 2.326588e-03 1.742105e-01
330 2.491204e-05 9.030989e-03
331 3.194536e-05 2.578760e-02
332 4.962176e-04 2.108172e-01
333 2.184728e-06 1.663778e-02
334 8.567627e-05 4.543539e-02
335 8.735483e-08 2.163529e-03
336 2.410567e-05 9.477579e-03
337 2.119500e-05 1.289926e-02
338 2.344370e-04 5.641860e-02
339 5.124931e-04 1.679001e-01
340 4.869199e-06 1.374433e-02
341 1.074199e-06 1.019780e-02
342 8.539997e-06 5.467330e-03
343 8.323022e-06 3.868009e-02
344 6.611290e-05 1.045655e-02
345 3.762495e-03 4.457141e-01
346 9.052371e-04 1.965184e-01
347 7.487608e-07 4.158746e-03
348 3.146286e-04 3.283904e-02
349 1.027474e-05 7.117069e-03
350 2.561836e-06 3.008004e-03
351 2.759240e-03 5.764162e-01
352 3.658347e-04 2.062188e-01
353 1.103973e-07 1.279255e-03
354 5.017173e-04 1.088844e-01
355 3.825131e-05 2.144245e-02
356 2.294548e-03 1.976951e-01
357 7.814211e-04 6.906383e-02
358 1.380521e-05 4.398610e-03
359 1.422057e-05 1.164352e-02
360 3.981874e-04 1.020581e-01
361 8.381110e-04 1.084467e-01
362 1.412174e-04 3.742947e-02
363 1.254017e-04 2.831942e-02
364 3.000353e-05 5.008881e-02
365 5.077115e-05 3.876475e-02
366 2.460302e-05 2.005399e-02
367 4.534940e-06 1.686281e-02
368 3.544761e-06 1.170175e-02
369 1.119486e-05 1.123316e-02
370 1.679131e-05 1.668084e-02
371 6.764012e-05 8.472726e-02
372 7.572214e-06 3.652539e-02
373 2.347051e-04 4.277645e-02
374 2.760675e-07 6.323876e-03
375 5.073527e-07 1.403537e-03
376 2.427037e-06 3.560704e-03
377 3.165331e-03 2.445205e-01
378 9.422210e-05 1.621636e-02
379 2.639622e-05 4.707848e-03
380 2.730531e-05 1.864534e-02
381 3.406168e-03 3.454958e-01
382 2.977799e-05 1.018451e-02
383 3.071527e-04 1.179174e-01
384 6.629975e-05 1.576226e-02
385 1.786970e-03 3.481970e-01
386 2.740722e-05 9.257807e-03
387 4.822863e-06 1.957538e-02
388 2.550956e-06 3.966591e-03
389 3.721951e-06 1.052690e-02
390 4.435857e-08 4.436015e-03
391 1.259480e-04 1.966146e-02
392 2.368357e-05 2.695105e-02
393 4.936439e-08 2.651851e-03
394 2.443480e-03 4.644739e-01
395 8.310765e-07 1.750850e-03
396 5.442997e-05 3.538624e-02
397 3.403014e-05 2.048724e-02
398 8.610738e-08 2.556477e-03
399 5.302834e-06 8.785616e-03
400 3.699957e-03 1.055075e+00
401 5.387469e-05 2.318914e-02
402 3.016560e-03 3.949998e-01
403 3.623698e-05 2.916087e-02
404 4.030218e-05 2.468796e-02
405 2.883843e-06 4.853727e-03
406 1.717170e-04 2.533067e-01
407 1.553728e-04 8.403417e-02
408 5.074628e-03 3.620320e-01
409 1.035894e-04 7.617952e-02
410 9.039496e-06 1.447294e-02
411 1.217802e-04 1.806934e-02
412 4.425905e-06 1.142297e-02
413 2.100493e-03 2.736247e-01
414 4.078436e-05 9.877611e-03
415 6.644254e-07 1.929350e-03
416 1.342610e-04 1.154972e-01
417 3.014153e-06 2.405874e-03
418 2.115176e-03 1.927351e-01
419 2.614143e-03 4.965622e-01
420 2.376359e-05 8.413564e-03
421 6.531105e-05 1.384545e-02
422 2.035007e-05 2.702166e-02
423 4.622351e-05 1.011360e-02
424 3.354052e-04 4.900084e-02
425 2.481788e-05 9.537952e-03
426 3.116170e-07 3.738731e-03
427 1.786925e-04 1.378685e-01
428 1.396748e-04 2.345684e-02
429 1.160847e-03 1.827008e-01
430 3.846612e-07 1.651658e-03
431 9.079427e-08 4.148036e-03
432 3.215401e-04 1.058093e-01
433 2.999152e-08 1.253253e-03
434 1.597659e-06 5.069953e-03
435 1.416372e-06 5.281824e-03
436 2.825615e-07 2.349020e-03
437 4.455046e-04 1.034704e-01
438 8.451334e-07 5.813185e-03
439 2.011857e-06 4.485389e-03
440 1.182854e-06 4.242813e-03
441 2.041293e-05 3.890722e-02
442 3.675062e-06 6.676591e-03
443 3.523419e-06 5.073860e-03
444 3.821665e-05 4.286974e-02
445 3.067942e-04 7.651039e-02
446 8.760166e-06 1.648348e-02
447 4.495446e-07 2.464510e-03
448 9.828916e-07 2.511837e-03
449 1.337609e-06 2.336233e-03
450 1.837701e-06 3.515069e-03
451 3.371849e-07 1.290799e-03
452 5.248635e-05 1.045997e-02
453 7.128169e-06 4.268351e-03
454 3.177459e-05 3.027450e-02
455 2.156173e-04 6.979821e-02
456 8.529840e-07 5.573844e-03
457 8.560115e-05 2.424576e-02
458 1.790274e-04 4.475255e-02
459 1.322125e-04 4.223717e-02
460 2.228815e-06 3.610035e-03
461 3.747584e-05 3.495168e-02
462 2.342263e-03 1.810649e-01
463 1.804628e-04 6.263689e-02
464 1.414610e-05 5.580078e-03
465 4.071787e-07 1.818152e-03
466 1.747697e-07 2.720903e-03
467 2.667768e-03 1.817467e-01
468 3.546470e-07 5.929804e-03
469 3.840987e-04 5.010756e-02
470 4.802729e-05 1.629479e-02
471 9.058343e-05 2.719770e-02
472 1.130019e-05 5.053803e-03
473 2.063373e-05 1.290356e-02
474 4.114452e-06 4.177611e-03
475 1.841183e-04 2.740241e-02
476 8.614397e-08 2.273262e-03
477 4.100200e-04 4.423008e-02
478 5.356833e-08 3.580376e-03
479 7.766983e-08 1.837495e-03
480 3.048141e-05 1.207497e-02
481 9.973075e-07 8.089671e-03
482 9.360854e-04 1.486034e-01
483 6.150053e-08 1.189034e-03
484 1.949991e-07 1.934203e-03
485 1.260714e-04 8.115835e-02
486 3.145219e-06 5.132583e-03
487 2.409438e-04 8.069170e-02
488 5.193844e-06 6.242586e-03
489 3.617488e-05 1.032386e-02
490 3.594339e-05 4.602466e-02
491 1.054396e-05 1.046267e-02
492 1.026826e-05 4.347595e-03
493 4.516589e-07 2.333459e-03
494 3.736483e-04 3.779829e-02
495 6.361379e-04 1.130963e-01
496 3.507608e-04 1.824715e-01
497 1.614729e-04 1.140902e-01
498 2.512959e-05 3.979438e-02
499 1.858699e-05 7.845269e-03
500 6.026644e-07 9.704542e-03
501 3.295903e-03 3.626759e-01
502 2.997845e-05 1.809531e-02
503 1.099965e-04 4.570658e-02
504 4.570827e-03 3.347066e-01
505 2.501063e-06 6.098227e-03
506 5.318672e-06 1.284504e-02
507 7.512360e-06 9.397238e-03
508 5.395681e-05 1.254245e-02
509 7.408524e-04 2.959303e-01
510 1.117144e-06 9.802348e-03
511 1.301364e-06 4.788691e-03
512 5.159191e-07 2.016500e-03
513 6.922986e-05 2.857005e-02
514 2.875199e-06 1.963950e-02
515 3.174116e-05 5.607925e-02
516 8.929544e-05 5.753364e-02
517 5.708102e-06 6.921048e-03
518 1.229536e-06 4.517266e-03
519 3.780429e-06 1.056314e-02
520 6.507635e-08 1.499321e-03
521 2.432510e-05 2.690537e-02
522 8.829523e-07 3.229836e-03
523 7.757392e-06 7.797844e-03
524 2.351700e-04 5.656960e-02
525 2.332456e-04 6.232451e-02
526 1.579929e-05 1.614831e-02
527 1.567739e-04 1.402055e-01
528 7.567974e-04 2.972342e-02
529 1.316734e-03 8.587407e-02
530 1.209863e-04 1.939017e-02
531 6.019447e-09 1.573983e-03
532 3.378325e-06 9.444925e-03
533 1.127698e-06 2.689961e-03
534 1.286565e-04 8.354663e-02
535 5.673397e-04 2.097366e-01
536 2.124957e-04 3.817191e-02
537 6.273417e-04 2.220561e-01
538 8.213393e-05 9.276865e-02
539 2.958664e-05 5.003635e-02
540 2.636494e-05 2.766956e-02
541 2.627341e-03 4.394982e-01
542 7.724829e-06 1.023696e-02
543 1.848199e-05 3.323830e-03
544 2.270994e-04 6.018615e-02
545 1.709736e-06 9.437017e-03
546 1.278926e-05 1.393102e-02
547 9.301809e-05 4.510540e-02
548 3.640134e-05 1.354198e-02
549 7.036578e-06 2.812736e-02
550 3.415623e-08 5.836193e-03
551 4.699814e-05 8.043485e-03
552 4.344295e-07 2.607873e-03
553 4.736564e-06 7.064642e-03
554 5.265115e-08 3.018386e-03
555 7.925385e-05 6.782938e-02
556 1.291989e-05 6.969709e-03
557 1.100435e-04 6.757420e-02
558 1.952554e-06 8.090823e-03
559 2.009581e-04 3.872663e-02
560 5.045893e-07 3.333306e-03
561 6.688270e-06 3.255843e-02
562 1.923420e-06 1.662862e-03
563 3.592738e-03 8.797612e-01
564 2.635625e-03 5.202624e-01
565 6.354583e-06 3.360992e-03
566 5.213156e-05 1.697315e-02
567 9.617144e-05 4.652133e-02
568 1.387196e-04 7.695253e-02
569 9.094734e-06 9.479130e-03
570 9.328027e-05 4.509146e-02
571 6.455498e-04 2.972261e-02
572 2.372501e-04 4.847968e-02
573 1.245776e-04 6.671497e-02
574 2.440789e-06 5.160793e-03
575 1.326055e-06 3.998332e-03
576 6.901566e-06 8.799686e-03
577 1.431199e-07 2.683348e-03
578 2.191885e-06 3.759744e-03
579 8.442976e-05 1.373523e-02
580 7.788372e-07 5.863169e-03
581 1.729936e-04 6.447030e-02
582 5.895932e-06 1.471783e-02
583 1.255823e-03 3.787308e-01
584 3.872736e-04 5.648716e-02
585 1.284869e-04 4.121499e-02
586 3.878324e-04 5.003463e-02
587 3.322551e-05 1.125132e-02
588 2.983060e-05 5.483696e-02
589 7.197007e-05 1.465710e-02
590 6.630144e-06 1.213430e-02
591 2.136202e-05 2.588802e-02
592 1.594366e-03 3.471775e-01
593 6.516730e-06 8.908986e-03
594 1.378026e-04 7.792385e-02
595 4.004926e-06 5.408198e-03
596 2.450288e-07 1.359843e-03
597 1.977437e-06 2.174816e-03
598 6.889943e-05 3.652269e-02
599 1.023985e-05 1.565537e-02
600 1.285533e-05 4.400872e-03
601 2.035856e-06 4.123258e-03
602 4.449073e-05 2.014082e-02
603 8.448200e-05 2.422216e-02
604 5.682156e-07 2.050225e-03
605 7.550637e-04 8.017829e-02
606 4.937754e-04 2.324942e-02
607 1.651997e-06 5.130822e-03
608 6.211896e-05 1.110193e-02
609 2.763144e-05 1.348303e-02
610 3.707148e-05 1.442209e-02
611 9.720830e-07 2.492784e-03
612 2.482775e-05 3.450553e-02
613 8.091058e-07 5.323323e-03
614 2.966788e-06 5.287723e-03
615 1.748728e-07 5.936938e-03
616 2.086420e-04 1.797613e-02
617 1.134145e-05 1.360999e-02
618 1.167606e-06 8.368161e-03
619 3.374899e-06 6.144486e-03
620 9.936030e-07 3.806030e-03
621 1.236427e-06 3.338313e-03
622 1.311288e-03 1.092499e-01
623 1.491597e-05 1.466097e-02
624 1.512974e-06 4.218560e-03
625 3.787206e-06 1.160777e-02
626 3.009191e-06 6.138303e-03
627 8.289125e-07 3.563022e-03
628 5.551499e-05 2.459235e-02
629 1.489860e-06 1.940061e-03
630 2.838954e-05 1.052861e-02
631 1.100366e-05 1.032437e-02
632 2.279855e-07 1.248272e-03
633 6.837906e-04 2.560793e-01
634 4.690789e-05 2.028753e-02
635 3.337314e-06 8.520481e-03
636 1.438730e-05 2.074522e-02
637 2.305089e-06 1.147454e-02
638 4.205421e-07 2.159217e-03
639 2.807901e-07 1.570108e-03
640 3.990383e-07 2.416172e-03
641 7.484860e-08 1.517338e-03
642 2.208848e-06 5.231712e-03
643 1.121660e-04 7.455650e-02
644 6.828842e-04 7.127310e-02
645 3.138889e-05 3.466979e-02
646 2.377308e-06 1.400219e-02
647 7.953378e-06 5.363500e-03
648 6.256319e-05 2.910719e-02
649 1.660186e-03 3.005988e-01
650 5.127477e-06 4.403117e-03
651 1.346563e-06 8.355702e-03
652 7.511858e-05 3.699562e-02
653 4.972438e-07 4.763235e-03
654 2.184218e-06 4.628136e-03
655 7.704037e-06 8.840041e-03
656 7.426960e-07 2.762261e-03
657 2.035966e-04 1.633459e-02
658 7.244205e-04 3.855501e-02
659 2.588347e-05 1.484679e-02
660 6.570566e-04 8.611096e-02
661 5.528212e-07 5.450799e-03
662 1.347855e-03 7.779490e-02
663 6.697293e-03 4.888487e-01
664 1.956669e-04 4.237517e-02
665 5.342987e-06 8.831593e-03
666 3.442561e-05 1.134852e-02
667 6.676878e-05 5.968187e-03
668 1.087248e-03 9.365435e-02
669 4.507418e-04 7.157573e-02
670 6.270371e-07 9.317427e-03
671 8.801441e-06 1.850123e-02
672 2.024331e-05 2.430909e-02
673 1.283130e-05 9.785166e-03
674 1.976977e-06 2.042186e-03
675 1.583812e-04 1.235902e-01
676 2.043681e-06 5.340629e-03
677 4.536368e-09 1.338753e-03
678 1.211895e-05 5.409540e-03
679 5.089383e-04 1.062763e-01
680 1.217165e-04 2.436430e-02
681 3.292166e-04 4.856702e-02
682 6.636101e-05 8.728328e-03
683 2.213710e-05 2.945902e-02
684 3.636369e-05 1.673143e-02
685 8.278714e-08 2.166804e-03
686 1.019359e-05 1.793759e-02
687 6.683352e-04 3.470486e-01
688 5.718485e-05 2.268321e-02
689 5.348526e-06 1.000726e-02
690 3.952227e-07 2.002171e-03
691 3.005637e-04 6.701491e-02
692 9.789696e-07 2.825770e-03
693 1.779850e-05 1.881018e-02
694 2.923365e-04 5.754126e-02
695 6.356575e-04 1.908064e-01
696 1.106280e-03 4.616733e-01
697 7.384777e-06 7.472579e-03
698 1.833460e-04 1.202671e-01
699 5.628692e-08 1.526160e-03
700 2.903888e-05 4.008468e-02
701 4.191766e-05 1.587240e-02
702 9.430864e-08 1.228513e-03
703 3.409858e-07 3.988873e-03
704 2.684068e-09 1.311393e-03
705 8.956696e-04 5.151233e-02
706 5.300485e-07 1.701101e-03
707 1.605153e-04 3.649548e-02
708 7.462465e-09 4.995661e-03
709 3.074365e-08 2.938613e-03
710 1.454329e-06 6.159273e-03
711 2.729030e-08 1.203077e-03
712 3.554462e-06 4.560481e-03
713 1.109221e-06 6.393643e-03
714 7.120942e-08 2.448766e-03
715 3.619748e-05 1.337678e-02
716 9.897015e-05 1.404606e-02
717 1.413970e-06 5.257111e-03
718 3.506983e-09 2.642145e-03
719 1.667300e-03 2.713645e-01
720 3.647142e-09 1.188167e-03
721 8.064222e-05 3.421048e-03
722 1.739212e-08 2.731900e-03
723 4.082657e-06 1.604388e-02
724 1.561047e-06 3.352140e-03
725 4.511711e-08 1.463482e-03
726 1.819981e-04 2.709868e-02
727 2.715366e-07 4.363753e-03
728 1.836278e-05 7.424469e-03
729 9.376462e-07 7.279244e-03
730 1.373227e-06 2.682967e-03
731 1.386791e-04 6.817205e-02
732 7.221117e-09 1.364335e-03
733 1.079444e-10 9.157478e-04
734 1.460125e-06 2.925252e-03
735 9.564463e-07 3.372463e-03
736 1.171082e-04 1.345600e-02
737 2.631006e-08 1.362828e-03
738 9.511453e-05 7.478933e-02
739 9.522293e-07 3.487097e-03
740 1.062550e-04 1.816732e-02
741 5.204751e-06 8.207504e-03
742 8.727068e-05 1.515236e-02
743 2.516938e-03 3.676648e-01
744 6.105164e-08 2.636717e-03
745 5.154294e-07 2.511990e-03
746 1.217855e-05 1.193473e-02
747 9.391001e-05 1.229796e-02
748 2.203952e-04 4.250210e-02
749 1.944136e-04 1.620509e-01
750 3.761108e-06 6.583135e-03
751 1.440483e-05 1.129129e-02
752 4.331602e-07 1.941415e-03
753 2.949274e-07 2.976780e-03
754 1.702398e-04 8.365344e-02
755 3.888377e-05 1.743696e-02
756 1.313018e-04 2.089423e-02
757 4.079917e-08 1.514907e-03
758 4.252181e-05 1.442009e-02
759 2.387324e-05 1.619419e-02
760 5.411910e-07 2.233177e-03
761 7.435016e-05 1.399733e-02
762 2.996770e-05 1.230490e-02
763 8.535799e-08 1.962316e-03
764 1.787100e-06 9.739027e-03
765 2.162647e-08 1.044093e-02
766 5.035919e-07 5.377666e-03
767 5.546553e-06 5.653286e-03
768 7.962584e-05 1.339711e-02
769 1.921161e-06 6.989473e-03
770 2.736489e-04 3.960138e-02
771 9.472349e-06 3.476560e-03
772 1.150923e-08 1.549778e-03
773 1.017397e-06 1.602001e-02
774 2.096996e-07 1.940407e-03
775 2.802467e-05 7.223371e-02
776 2.810507e-04 4.642063e-02
777 1.524850e-04 2.297393e-02
778 1.304925e-05 2.125474e-02
779 5.246941e-04 5.889402e-02
780 1.235316e-05 1.046188e-02
781 4.160999e-05 2.898951e-02
782 3.480284e-06 3.668008e-03
783 8.555728e-06 7.735366e-03
784 1.615745e-06 5.980367e-03
785 1.423141e-04 1.474554e-02
786 2.900591e-05 1.944266e-02
787 5.542471e-05 1.397216e-02
788 4.917920e-05 1.750667e-02
789 3.706290e-08 1.346898e-03
790 4.944401e-04 8.832377e-02
791 5.591795e-05 7.846044e-03
792 1.513544e-06 4.632710e-03
793 1.661876e-05 8.296665e-03
794 6.339084e-06 4.704680e-03
795 1.299168e-03 4.606063e-01
796 1.741060e-07 3.124445e-03
797 9.360340e-04 1.631582e-01
798 1.685764e-03 2.539819e-01
799 4.493466e-06 3.856012e-03
800 2.399808e-04 2.340165e-02
801 1.706684e-06 4.073212e-03
802 1.012382e-04 3.549511e-02
803 4.443916e-04 7.573294e-02
804 1.725996e-05 1.476634e-02
805 1.277608e-06 3.980619e-03
806 1.056267e-03 9.359615e-02
807 7.600660e-05 5.012125e-02
808 3.207683e-06 3.465991e-03
809 4.404140e-04 2.187391e-01
810 3.344991e-05 7.597019e-03
811 8.550110e-06 2.588220e-02
812 1.523991e-06 6.790928e-03
813 2.781505e-06 5.622920e-03
814 3.066695e-05 8.966146e-03
815 5.833666e-05 2.346939e-02
816 9.273252e-04 9.287464e-02
817 3.692639e-03 3.272657e-01
818 2.044971e-06 3.524912e-03
819 5.743521e-05 8.922912e-02
820 2.462525e-04 3.318619e-02
821 1.255607e-05 2.515355e-02
822 1.992612e-07 3.552015e-03
823 2.430389e-06 9.251332e-03
824 3.762878e-05 2.522989e-02
825 5.272738e-05 2.444113e-02
826 4.051331e-05 7.069462e-03
827 1.484014e-05 4.448089e-03
828 7.127927e-05 2.887659e-02
829 2.712848e-05 1.290408e-02
830 1.354463e-03 1.228794e-01
831 5.537903e-05 7.468441e-03
832 8.137259e-06 6.716836e-03
833 6.434436e-06 2.092802e-02
834 1.725969e-05 2.076806e-02
835 2.069427e-07 2.243862e-03
836 1.732030e-08 1.025634e-03
837 5.618442e-06 1.444395e-02
838 1.739630e-05 3.680853e-03
839 1.788227e-05 1.452609e-02
840 2.487935e-05 3.463356e-02
841 1.027338e-04 2.377045e-02
842 9.744811e-04 2.663902e-01
843 1.032356e-04 2.143408e-02
844 1.292870e-05 3.498698e-02
845 1.000263e-05 3.228146e-02
846 4.589545e-04 1.522864e-02
847 9.345385e-05 1.087950e-02
848 2.053784e-04 7.054945e-02
849 2.746413e-06 5.687101e-03
850 5.203968e-03 5.344804e-01
851 8.322488e-05 1.061789e-02
852 8.768701e-04 1.612831e-01
853 3.019250e-03 1.289012e-01
854 1.131907e-04 6.911543e-02
855 5.443976e-04 1.200302e-01
856 1.614220e-04 3.035071e-02
857 9.274023e-04 1.801640e-01
858 3.959097e-06 1.938892e-02
859 3.067693e-07 3.858325e-03
860 6.622773e-05 3.655562e-02
861 6.325149e-08 1.638254e-03
862 5.411317e-05 1.757794e-02
863 4.783752e-04 3.635818e-02
864 5.004184e-06 7.261287e-03
865 5.135430e-04 5.796864e-02
866 9.195672e-04 1.140169e-01
867 3.203338e-03 3.666018e-01
868 5.043679e-06 6.197679e-03
869 4.621337e-06 3.219409e-02
870 6.251635e-05 3.979922e-02
871 2.981574e-05 2.549285e-02
872 1.255166e-03 1.743985e-01
873 6.949722e-05 6.781218e-02
874 4.604475e-04 1.011473e-01
875 1.285729e-05 5.378871e-03
876 2.666532e-09 1.062539e-03
877 7.901920e-07 9.332732e-03
878 9.773832e-04 1.894164e-01
879 2.359393e-04 6.330545e-02
880 1.412618e-05 9.936351e-03
881 5.196931e-08 2.288400e-03
882 1.039724e-04 5.358388e-02
883 3.962314e-03 3.085667e-01
884 2.248790e-04 6.003678e-02
885 1.985845e-04 5.586889e-02
886 3.390265e-07 7.827197e-03
887 6.653425e-06 1.319290e-02
888 1.040868e-05 1.223097e-02
889 8.630568e-06 2.273500e-02
890 7.880429e-06 2.306474e-02
891 5.645487e-04 1.858113e-01
892 1.954571e-07 2.848544e-03
893 6.671756e-05 3.491694e-02
894 6.057548e-06 6.081932e-03
895 4.806612e-04 5.745701e-02
896 4.373511e-06 5.429703e-02
897 2.629590e-04 5.089817e-02
898 9.577355e-06 7.980561e-03
899 2.996605e-06 1.382791e-02
900 1.881426e-05 1.591379e-02
901 1.696789e-04 6.834527e-02
902 1.171682e-06 2.066353e-03
903 5.098318e-05 3.174293e-02
904 1.172646e-06 2.104243e-02
905 3.395771e-07 6.656808e-03
906 1.864234e-06 8.152614e-03
907 4.330202e-07 2.055092e-03
908 3.784478e-07 8.963973e-03
909 4.389435e-05 2.476923e-02
910 3.434603e-05 2.537083e-02
911 1.090498e-06 2.112951e-02
912 6.702030e-06 1.019800e-02
913 4.843252e-07 3.376574e-03
914 1.122309e-06 7.483811e-03
915 2.583264e-04 4.642457e-02
916 3.823467e-08 2.825638e-03
917 1.241005e-07 2.389169e-03
918 1.492621e-07 2.630183e-03
919 2.633674e-04 1.563965e-01
920 1.939150e-07 6.480159e-03
921 3.325388e-06 3.526826e-03
922 6.859711e-06 1.608786e-02
923 2.748057e-08 5.130766e-03
924 1.230809e-03 1.580962e-01
925 2.860542e-04 4.791966e-02
926 4.723995e-05 3.359833e-02
927 4.793061e-04 1.111264e-01
928 2.358807e-05 4.269551e-02
929 4.485978e-04 1.101275e-01
930 3.703835e-05 3.489260e-02
931 8.387931e-06 1.179834e-02
932 1.111310e-04 3.941890e-02
933 6.063310e-08 2.969528e-03
934 2.444065e-05 7.747220e-03
935 8.470241e-07 3.530828e-03
936 1.191702e-04 2.584277e-02
937 5.540259e-08 5.813848e-03
938 5.324414e-08 2.373438e-03
939 5.197232e-06 9.784529e-03
940 6.822518e-05 9.006414e-02
941 7.769923e-07 3.317699e-03
942 2.630787e-04 1.166869e-01
943 5.534273e-05 1.946089e-02
944 2.534793e-09 1.972687e-03
945 4.742631e-05 2.030647e-02
946 1.654413e-07 2.220452e-03
947 3.086099e-05 1.826762e-02
948 2.559501e-07 1.516353e-03
949 9.215562e-06 1.665145e-02
950 1.967696e-04 7.327050e-02
951 9.435890e-07 3.011597e-02
952 4.104338e-05 3.732899e-02
953 1.118798e-08 2.418070e-03
954 2.294303e-05 3.412202e-02
955 3.047909e-06 4.073227e-03
956 1.976399e-05 1.528537e-02
957 1.316348e-04 2.483515e-02
958 1.678805e-04 2.022706e-02
959 1.964915e-05 1.977710e-02
960 4.648754e-08 2.432506e-03
961 5.634872e-07 9.507637e-03
962 8.132133e-07 1.074101e-02
963 7.993109e-07 3.496974e-03
964 1.156063e-06 1.878241e-03
965 1.002253e-03 3.948221e-02
966 1.054888e-04 7.947739e-03
967 1.842192e-06 7.774807e-03
968 1.261513e-04 2.788045e-02
969 2.704176e-04 6.783484e-02
970 4.330466e-05 1.654557e-02
971 7.852352e-06 7.120637e-03
972 1.542824e-04 3.343629e-02
973 1.936922e-05 7.733280e-03
974 2.935714e-05 5.641652e-03
975 1.965089e-04 8.086947e-02
976 6.658600e-04 2.442607e-01
977 4.702332e-05 1.056490e-02
978 4.373218e-05 2.265979e-02
979 1.002708e-06 2.891129e-03
980 1.435543e-05 2.024209e-02
981 7.153369e-05 1.628871e-02
982 2.459823e-07 1.371071e-03
983 3.812036e-07 3.777253e-03
984 1.211346e-05 1.903615e-02
985 7.885113e-05 5.754935e-02
986 1.153018e-03 2.676964e-01
987 9.205692e-07 6.152784e-03
988 8.776853e-07 2.048189e-03
989 2.395838e-04 2.419607e-02
990 1.544366e-06 2.235871e-03
991 1.267639e-03 3.448571e-01
992 6.098314e-06 6.448143e-03
993 5.573241e-06 8.964861e-03
994 2.028536e-09 1.343296e-03
995 5.875914e-06 1.484042e-02
996 1.574226e-03 3.398204e-01
997 6.499843e-06 7.559553e-03
998 3.149473e-06 3.646542e-03
999 8.358291e-05 1.750430e-02
1000 3.375626e-09 1.344431e-03
1001 2.780724e-06 8.834431e-03
1002 2.609884e-04 8.906023e-02
1003 1.269452e-04 1.736878e-02
1004 1.578800e-05 3.423618e-02
1005 3.716001e-06 1.999380e-03
1006 8.833720e-05 1.246379e-01
1007 5.205832e-07 2.991669e-03
1008 1.291482e-04 1.271641e-02
1009 3.700076e-07 1.971430e-03
1010 8.294384e-05 1.470794e-02
1011 1.125707e-06 1.726479e-02
1012 4.228763e-04 2.370866e-01
1013 1.403510e-05 1.142609e-02
1014 7.234002e-06 7.604891e-03
1015 2.330436e-05 2.992331e-02
1016 7.575482e-05 1.208188e-02
1017 2.172218e-03 2.081479e-01
1018 6.812971e-05 9.339163e-02
1019 2.925504e-08 1.928875e-03
1020 4.782963e-07 1.101771e-02
1021 7.774199e-06 1.336309e-02
1022 4.753235e-08 1.413529e-03
1023 6.586424e-06 1.707610e-02
1024 8.287473e-06 9.731459e-03
1025 3.295097e-08 1.526236e-03
1026 7.522233e-09 1.937545e-03
1027 1.987040e-05 8.995673e-03
1028 1.409387e-04 8.831001e-02
1029 1.378898e-05 5.751344e-03
1030 6.959236e-07 3.016540e-03
1031 8.160806e-06 9.410634e-03
1032 1.379089e-03 2.265255e-01
1033 9.083485e-08 1.548292e-03
1034 1.250775e-04 2.050650e-02
1035 1.436418e-05 1.291758e-02
1036 4.353100e-04 9.992295e-02
1037 6.202259e-08 3.018870e-03
1038 8.937947e-07 2.993624e-03
1039 8.769386e-06 8.374096e-03
1040 9.480470e-07 3.079426e-03
1041 2.536677e-03 1.801362e-01
1042 1.361463e-05 7.293288e-03
1043 7.929350e-08 1.237596e-03
1044 7.900649e-06 3.421485e-03
1045 1.332299e-07 2.381911e-03
1046 1.072979e-09 1.277332e-03
1047 3.601818e-08 1.278279e-03
1048 2.117385e-06 4.643716e-03
1049 9.420112e-08 1.159451e-03
1050 2.874554e-03 4.931904e-01
1051 1.104958e-04 3.858277e-02
1052 2.685626e-06 2.706282e-03
1053 2.729275e-05 8.279040e-03
1054 4.957741e-08 1.865582e-03
1055 1.415671e-08 1.156074e-03
1056 1.769753e-06 8.654906e-03
1057 1.147645e-05 1.218526e-02
1058 1.835284e-07 1.554798e-03
1059 3.592878e-04 4.141934e-02
1060 3.563670e-08 1.474612e-03
1061 2.732868e-06 2.787592e-03
1062 1.686067e-08 1.140044e-03
1063 1.648532e-05 2.449530e-02
1064 4.896615e-05 4.590539e-02
1065 2.487239e-08 1.807023e-03
1066 1.499471e-07 1.185128e-03
1067 1.191008e-05 1.287741e-02
1068 5.869037e-07 1.761509e-03
1069 2.761863e-06 2.764633e-03
1070 5.390299e-08 1.190780e-03
1071 2.946796e-06 1.786740e-03
1072 3.824992e-07 2.522230e-03
1073 9.194979e-08 1.335395e-03
1074 1.172205e-07 1.901385e-03
1075 5.076646e-07 3.697467e-03
1076 2.711523e-06 3.950399e-03
1077 1.294623e-06 5.172121e-03
1078 7.877118e-06 1.246219e-02
1079 6.006204e-07 4.444428e-03
1080 1.757276e-04 4.558486e-02
1081 1.199792e-04 4.838060e-02
1082 4.085973e-06 3.505085e-03
1083 6.899924e-06 4.473925e-03
1084 3.258192e-08 1.203526e-03
1085 6.280906e-07 1.768459e-03
1086 1.026300e-06 2.946567e-03
1087 4.022888e-07 1.376765e-03
1088 1.740783e-05 6.759770e-03
1089 6.197614e-07 1.333452e-03
1090 8.970053e-09 1.203654e-03
1091 3.341893e-07 1.650321e-03
1092 2.822599e-06 2.084831e-03
1093 1.763821e-05 2.279234e-02
1094 1.655784e-05 1.242521e-02
1095 3.120269e-06 2.918246e-03
1096 1.316001e-04 2.675239e-02
1097 5.663376e-05 4.955261e-02
1098 1.231604e-06 7.963589e-03
1099 6.297427e-08 3.595631e-03
1100 9.568908e-09 1.118467e-03
1101 7.840722e-06 2.399970e-02
1102 7.724363e-06 1.169240e-02
1103 3.847075e-07 3.834476e-03
1104 5.395180e-05 2.703560e-02
1105 3.724799e-08 2.106429e-03
1106 2.302822e-03 2.017487e-01
1107 3.268593e-07 2.586915e-03
1108 4.146850e-06 8.048234e-03
1109 9.945046e-09 1.817487e-03
1110 6.889264e-06 1.030807e-02
1111 5.269459e-07 2.176652e-03
1112 2.080132e-09 1.790109e-03
1113 6.701468e-06 1.413819e-02
1114 2.349087e-05 1.619958e-02
1115 1.876069e-04 1.381275e-01
1116 7.886597e-09 1.968178e-03
1117 4.526623e-04 1.816644e-01
1118 1.537682e-06 4.914804e-03
1119 2.622971e-05 2.871919e-02
1120 1.148273e-04 6.517179e-02
1121 3.385327e-05 6.919937e-03
1122 1.391835e-05 1.956646e-02
1123 1.028320e-06 3.597948e-03
1124 1.623864e-05 1.403368e-02
1125 7.992921e-06 4.037712e-03
1126 1.059066e-06 6.873334e-03
1127 2.434952e-07 4.338312e-03
1128 3.397203e-05 3.999146e-02
1129 2.551654e-05 7.794947e-03
1130 6.093115e-06 1.212391e-02
1131 8.418484e-05 6.798024e-02
1132 2.186538e-05 9.810901e-03
1133 6.346618e-07 2.153985e-03
1134 7.218721e-04 4.911145e-02
1135 4.748014e-05 1.342986e-02
1136 7.149596e-04 6.726630e-02
1137 4.584067e-06 2.210965e-02
1138 3.364338e-08 1.864507e-03
1139 7.338313e-06 5.996248e-03
1140 4.188912e-09 2.155700e-03
1141 4.319049e-06 5.218464e-03
1142 1.684015e-04 5.672463e-02
1143 1.589380e-05 7.760255e-02
1144 4.469591e-08 6.470618e-03
1145 3.599660e-05 2.380461e-02
1146 2.141980e-03 3.825633e-01
1147 3.537533e-04 5.585948e-02
1148 8.673928e-08 2.413462e-03
1149 2.981150e-04 9.678470e-02
1150 1.026910e-08 2.359455e-03
1151 8.018773e-04 8.796429e-02
1152 5.664535e-04 7.217135e-02
1153 1.529536e-05 5.718921e-03
1154 3.135683e-08 1.932391e-03
1155 2.790603e-03 2.272152e-01
1156 9.828997e-07 2.678123e-03
1157 4.270878e-04 3.862092e-02
1158 5.405127e-06 5.371273e-03
1159 1.749057e-08 1.510874e-03
1160 2.815460e-06 2.842771e-03
1161 8.801161e-06 1.942449e-02
1162 1.089708e-03 1.962014e-01
1163 3.386836e-05 9.965604e-03
1164 9.588249e-05 5.389041e-02
1165 1.514762e-03 4.108113e-01
1166 3.994350e-04 2.796943e-02
1167 3.503593e-05 1.089154e-01
1168 1.579006e-04 3.595329e-02
1169 1.482508e-06 7.985088e-03
1170 1.820004e-06 6.013408e-03
1171 2.640271e-06 9.847749e-03
1172 7.468876e-05 8.099862e-02
1173 6.978356e-09 1.100899e-03
1174 5.827206e-04 2.395007e-01
1175 3.680769e-05 2.389185e-02
1176 1.869848e-08 1.778376e-03
1177 3.458372e-04 9.339633e-02
1178 1.369579e-03 2.493356e-01
1179 1.170667e-04 1.913386e-02
1180 1.412767e-05 7.390825e-03
1181 1.185800e-06 1.894431e-03
1182 2.950266e-06 8.385337e-03
1183 5.966639e-04 1.264421e-01
1184 3.565540e-04 2.864086e-02
1185 2.648868e-06 1.072126e-02
1186 2.003258e-04 6.179575e-02
1187 5.218446e-04 5.325074e-02
1188 3.152908e-06 2.009214e-03
1189 4.444040e-07 2.559156e-03
1190 7.233484e-09 1.991074e-03
1191 2.377815e-06 2.729488e-03
1192 1.746371e-04 1.132997e-01
1193 1.393127e-07 3.225763e-03
1194 4.377961e-05 2.488613e-02
1195 1.084726e-03 1.593941e-01
1196 4.239250e-06 5.265685e-03
1197 2.313135e-06 3.462940e-03
1198 2.929883e-06 2.294476e-03
1199 1.374205e-03 1.489777e-01
1200 3.312592e-04 1.461044e-01
1201 4.688701e-09 1.124488e-03
1202 1.006431e-04 1.787092e-02
1203 3.122346e-05 3.561662e-02
1204 1.727829e-05 6.354383e-03
1205 8.714725e-09 1.941215e-03
1206 2.589011e-04 8.435354e-02
1207 8.069624e-06 4.952276e-03
1208 1.510891e-05 5.217262e-03
1209 4.471281e-04 6.156913e-02
1210 3.304676e-04 4.329177e-02
1211 1.622741e-04 2.622435e-02
1212 1.034941e-06 3.707601e-03
1213 3.286139e-07 4.972279e-03
1214 7.760575e-05 8.551109e-03
1215 3.595318e-07 2.604334e-03
1216 8.201894e-08 2.215855e-03
1217 4.155316e-06 2.739001e-02
1218 1.017196e-06 5.327917e-03
1219 1.049393e-05 1.213374e-02
1220 3.059280e-05 2.270477e-02
1221 1.548712e-04 2.333391e-02
1222 1.558342e-05 2.304268e-02
1223 9.442550e-05 3.422540e-02
1224 7.326894e-06 8.671503e-03
1225 2.376950e-06 2.824513e-03
1226 1.407279e-06 1.795763e-03
1227 1.301430e-05 5.461998e-03
1228 1.052937e-04 1.457076e-02
1229 1.634592e-04 2.773138e-02
1230 6.072478e-07 7.445017e-03
1231 3.813824e-05 3.773307e-02
1232 1.074797e-07 5.675768e-03
1233 5.750406e-05 2.185369e-02
1234 5.750102e-08 7.611654e-03
1235 2.195173e-05 5.072216e-02
1236 7.945007e-07 4.655180e-03
1237 2.624183e-04 1.353098e-01
1238 8.102472e-06 1.330627e-02
1239 3.211342e-06 6.682879e-03
1240 3.856450e-06 3.899094e-03
1241 1.663887e-05 6.417766e-03
1242 4.921525e-04 2.171889e-01
1243 5.004298e-04 5.797071e-02
1244 6.040662e-06 3.506404e-03
1245 7.789288e-06 6.373670e-03
1246 2.933127e-08 2.012942e-03
1247 3.794150e-05 5.386183e-03
1248 8.783494e-05 5.027754e-02
1249 9.801997e-07 9.770259e-03
1250 8.438235e-07 6.183985e-03
1251 4.997022e-06 1.412825e-02
1252 3.921493e-06 5.227985e-03
1253 6.437759e-04 2.342478e-01
1254 2.140050e-07 5.338245e-03
1255 9.551874e-06 2.123274e-02
1256 8.575525e-06 4.287852e-03
1257 9.833467e-05 8.180019e-02
1258 2.122813e-07 4.825872e-03
1259 2.612845e-04 5.296372e-02
1260 1.049128e-03 2.522313e-01
1261 1.167931e-05 5.190712e-03
1262 3.522545e-05 1.963450e-02
1263 5.990163e-05 4.692174e-02
1264 1.306433e-05 3.132655e-02
1265 2.162088e-05 9.479231e-03
1266 1.257199e-05 3.422465e-02
1267 3.531065e-06 1.740332e-02
1268 3.745077e-06 8.984134e-03
1269 8.184443e-05 1.376003e-02
1270 4.507593e-03 4.340148e-01
1271 1.175647e-03 1.650490e-01
1272 4.441378e-08 1.265651e-03
1273 2.837492e-04 3.699664e-02
1274 1.284865e-05 1.800356e-02
1275 1.597079e-04 4.265412e-02
1276 1.961260e-03 1.486213e-01
1277 7.946200e-04 1.332612e-01
1278 2.213053e-03 1.949333e-01
1279 4.054372e-06 2.336221e-03
1280 2.634923e-04 1.355861e-01
1281 8.268207e-06 6.288904e-03
1282 1.255678e-04 3.495195e-02
1283 1.192494e-05 2.041882e-02
1284 3.845037e-06 4.372328e-03
1285 6.006868e-04 7.506753e-02
1286 5.937937e-08 3.199474e-03
1287 2.121168e-04 2.727326e-02
1288 1.599958e-04 2.743668e-02
1289 1.583056e-05 1.233132e-02
1290 2.440185e-05 2.861266e-02
1291 9.651914e-05 1.208581e-02
1292 6.008572e-04 3.186830e-01
1293 6.979984e-07 3.314181e-03
1294 1.517466e-06 5.697306e-03
1295 1.317143e-06 3.267010e-03
1296 1.465457e-06 1.280444e-02
1297 7.699490e-05 5.338505e-02
1298 2.250597e-05 1.304017e-02
1299 4.617390e-05 5.786323e-03
1300 4.633311e-07 2.804392e-03
1301 4.528409e-07 3.080467e-03
1302 1.002354e-04 4.318654e-02
1303 9.255687e-06 8.029750e-03
1304 2.341260e-05 7.714964e-03
1305 1.724681e-04 3.511923e-02
1306 1.878048e-04 1.874323e-02
1307 2.833262e-05 5.894784e-03
1308 3.229681e-07 2.533300e-03
1309 1.011474e-04 4.226017e-02
1310 1.544618e-08 1.447823e-03
1311 1.404558e-03 3.696200e-01
1312 3.494926e-04 1.250286e-01
1313 3.884224e-07 1.724219e-03
1314 2.512412e-05 8.182418e-03
1315 3.540471e-06 3.073891e-03
1316 2.997443e-07 2.176783e-03
1317 9.833086e-09 1.374540e-03
1318 1.696110e-04 4.353676e-02
1319 1.981709e-03 2.249155e-01
1320 6.453069e-07 3.839849e-03
1321 6.308848e-06 1.303895e-02
1322 8.001827e-09 1.135082e-03
1323 1.506769e-06 2.185950e-03
1324 6.187001e-04 6.416326e-02
1325 1.351960e-06 9.616499e-03
1326 1.314240e-05 5.250594e-03
1327 3.444759e-05 2.341900e-02
1328 4.676301e-07 2.651585e-03
1329 5.608028e-05 2.012046e-02
1330 1.063456e-05 7.871539e-03
1331 1.903648e-07 2.111600e-03
1332 2.794097e-07 1.438298e-03
1333 1.009112e-04 1.530176e-02
1334 2.230889e-05 1.156192e-02
1335 6.306272e-07 1.164652e-02
1336 1.693676e-05 5.813887e-03
1337 6.062254e-04 4.309302e-02
1338 6.314040e-06 7.107168e-03
1339 1.447750e-03 1.108286e-01
1340 4.022564e-05 1.209607e-02
1341 3.589019e-04 2.747468e-01
1342 1.744262e-07 2.461680e-03
1343 4.032931e-07 2.137998e-03
1344 1.553742e-06 3.341150e-03
1345 2.047285e-05 1.351857e-02
1346 3.792918e-05 2.693394e-02
1347 1.094040e-07 1.350654e-03
1348 7.384529e-04 1.633095e-02
1349 1.669975e-04 1.107793e-01
1350 3.761713e-05 1.045323e-02
1351 1.667672e-04 1.676647e-02
1352 1.444094e-05 9.460326e-03
1353 7.776552e-06 1.037919e-02
1354 1.662097e-06 4.906238e-03
1355 6.796992e-06 9.033432e-03
1356 5.849578e-05 2.542218e-02
1357 8.910012e-07 6.019915e-03
1358 1.670317e-05 5.959390e-03
1359 1.053109e-07 2.043857e-03
1360 7.179386e-07 4.090024e-03
1361 6.449288e-05 1.038602e-02
1362 7.309164e-04 6.115229e-02
1363 3.407315e-06 5.892558e-03
1364 4.387209e-05 3.179768e-02
1365 2.035029e-06 4.464807e-03
1366 4.869229e-06 4.255502e-03
1367 2.017141e-07 1.732659e-03
1368 1.452591e-04 4.175674e-02
1369 1.248653e-08 2.457180e-03
1370 7.134494e-08 1.641442e-03
1371 1.445706e-04 3.117305e-02
1372 8.693287e-07 4.155836e-03
1373 2.363530e-05 5.361000e-03
1374 2.470689e-07 3.347807e-03
1375 4.610200e-05 8.426768e-03
1376 1.417123e-03 4.939963e-01
1377 7.834498e-06 9.323670e-03
1378 1.363487e-07 1.424878e-03
1379 5.882205e-06 4.086685e-03
1380 1.453153e-03 2.253226e-01
1381 1.099510e-06 3.182825e-03
1382 3.374573e-07 1.254041e-03
1383 1.593409e-05 1.984953e-02
1384 1.049475e-06 4.570241e-03
1385 9.884312e-07 4.432289e-03
1386 5.911270e-06 5.488752e-03
1387 1.364012e-04 1.121319e-02
1388 6.723227e-06 6.741715e-03
1389 1.342120e-06 3.195860e-03
1390 2.525873e-06 3.020945e-03
1391 4.456558e-06 8.731893e-03
1392 3.718150e-07 1.980746e-03
1393 1.033591e-07 7.641378e-03
1394 1.753333e-06 6.318085e-03
1395 5.270204e-05 3.906738e-02
1396 6.852431e-05 3.113414e-02
1397 1.393069e-06 3.090535e-03
1398 1.633135e-05 1.792933e-02
1399 2.816645e-05 2.223664e-02
1400 7.023336e-07 4.641811e-03
1401 3.590547e-04 7.421405e-02
1402 4.429267e-07 4.466071e-03
1403 7.903771e-06 4.996927e-03
1404 1.682189e-06 2.332545e-03
1405 3.254696e-06 3.946013e-03
1406 3.005511e-05 1.363018e-02
1407 5.033375e-07 2.731156e-03
1408 3.003187e-03 3.036404e-01
1409 1.447961e-05 4.914272e-02
1410 1.566469e-06 1.086391e-02
1411 6.282123e-06 1.106601e-02
1412 8.383356e-08 4.381709e-03
1413 5.118256e-10 1.143500e-03
1414 7.480541e-08 2.429597e-03
1415 2.901676e-06 5.827261e-03
1416 3.137168e-07 2.980594e-03
1417 7.124156e-06 3.747991e-03
1418 1.620893e-06 4.837050e-03
1419 8.525234e-07 4.454647e-03
1420 3.708033e-05 2.055793e-02
1421 1.685712e-05 1.206576e-02
1422 3.102920e-05 2.619099e-02
1423 4.957200e-07 3.817818e-03
1424 6.178006e-06 6.245501e-03
1425 9.272405e-06 6.414982e-03
1426 1.321219e-05 6.671077e-03
1427 7.940066e-06 4.843001e-03
1428 7.166733e-06 6.585063e-03
1429 3.889868e-05 1.342388e-02
1430 6.447653e-04 1.017329e-01
1431 1.651493e-05 3.055917e-02
1432 1.263680e-06 1.700086e-02
1433 1.242658e-05 7.592748e-03
1434 6.104018e-06 3.354122e-03
1435 1.796103e-06 3.198130e-03
1436 3.853572e-05 6.703491e-03
1437 2.124228e-06 2.363995e-03
1438 3.109390e-05 9.069751e-03
1439 1.254113e-03 2.000451e-01
1440 1.132435e-07 2.791795e-03
1441 4.289833e-08 1.738851e-03
1442 6.825832e-06 7.077056e-03
1443 5.377171e-06 4.748291e-03
1444 1.355683e-05 5.620252e-03
1445 3.337771e-05 9.100621e-03
1446 5.348762e-05 9.217363e-03
1447 3.584651e-03 5.743213e-01
1448 1.674191e-05 3.104989e-03
1449 9.603404e-07 3.025539e-03
1450 2.165240e-05 1.232451e-02
1451 1.736547e-04 3.426593e-02
1452 5.318327e-04 5.261931e-02
1453 1.845905e-07 2.959701e-03
1454 2.200505e-06 3.856315e-03
1455 3.407113e-05 8.200875e-03
1456 5.667412e-07 1.775885e-03
1457 3.342139e-06 2.370947e-03
1458 5.010966e-06 2.567187e-03
1459 1.771984e-05 5.671584e-03
1460 5.734133e-05 1.511091e-02
1461 2.198837e-06 2.059798e-03
1462 1.929029e-06 1.963998e-03
1463 2.095267e-07 1.485985e-03
1464 1.782681e-07 2.037506e-03
1465 1.067229e-07 1.402053e-03
1466 1.480371e-05 2.179260e-02
1467 3.959820e-04 3.889199e-02
1468 1.409349e-05 7.519457e-03
1469 4.692253e-05 1.423987e-02
1470 1.731274e-08 3.688964e-03
1471 3.287161e-05 1.023815e-02
1472 7.853800e-07 6.255531e-03
1473 3.412556e-06 3.847170e-03
1474 2.435557e-06 1.667462e-02
1475 1.791485e-08 1.747567e-03
1476 1.048777e-05 1.949434e-02
1477 1.657667e-09 1.745297e-03
1478 1.332306e-05 1.516696e-02
1479 7.030273e-06 1.045500e-02
1480 1.705300e-05 4.473324e-02
1481 3.306415e-05 2.832672e-02
1482 2.929885e-05 1.261793e-02
1483 2.278535e-05 6.538996e-03
1484 9.826106e-04 1.271334e-01
1485 1.715574e-04 3.339443e-02
1486 6.090536e-04 1.307058e-01
1487 5.494316e-07 2.014715e-03
1488 2.371437e-05 2.533832e-02
1489 2.893267e-06 1.616533e-03
1490 2.960874e-06 3.268058e-03
1491 6.680229e-05 4.663748e-02
1492 5.664433e-07 6.707642e-03
1493 4.278543e-07 1.162095e-02
1494 2.284390e-07 2.905160e-03
1495 1.389384e-05 1.222000e-02
1496 2.426740e-06 4.307387e-03
1497 6.553557e-04 1.715977e-01
1498 3.005473e-06 5.152863e-03
1499 3.831777e-08 2.924052e-03
1500 6.362633e-05 5.534585e-03
1501 4.095551e-06 5.150998e-03
1502 1.363702e-04 7.901455e-02
1503 7.762831e-04 1.207520e-01
1504 4.377810e-05 1.442690e-02
1505 9.009113e-07 5.620503e-03
1506 5.746099e-06 6.280396e-03
1507 2.815118e-04 2.326637e-02
1508 1.111955e-03 1.472232e-01
1509 1.461954e-06 4.448774e-03
1510 7.773733e-06 8.245502e-03
1511 3.990751e-05 9.422944e-03
1512 4.264386e-06 7.231601e-03
1513 2.071620e-05 8.931613e-03
1514 2.330909e-06 6.387079e-03
1515 1.027624e-03 2.886228e-01
1516 5.815653e-06 1.153725e-02
1517 1.246217e-03 1.702161e-01
1518 2.088836e-05 6.725377e-03
1519 2.621227e-05 1.048667e-02
1520 5.090356e-07 1.755999e-03
1521 5.964078e-07 7.166850e-03
1522 1.375263e-04 3.738868e-02
1523 4.934144e-06 9.257680e-03
1524 1.372801e-05 1.745920e-02
1525 8.580362e-05 3.166649e-02
1526 1.664973e-06 1.200359e-02
1527 1.865838e-04 2.192649e-02
1528 1.805699e-05 1.088693e-02
1529 1.377910e-05 6.998542e-03
1530 2.113974e-06 1.476267e-02
1531 7.675365e-05 1.666615e-02
1532 1.822659e-06 4.962227e-03
1533 1.537756e-06 6.611318e-03
1534 6.748327e-05 9.279685e-03
1535 1.426172e-07 1.585434e-03
1536 4.495396e-07 2.682697e-03
1537 1.938784e-06 3.882157e-03
1538 6.878394e-07 4.036031e-03
1539 1.448488e-06 2.374332e-03
1540 3.937694e-05 2.575621e-02
1541 2.216823e-03 2.194921e-01
1542 1.035991e-04 7.870056e-02
1543 1.079951e-03 1.616288e-01
1544 5.205112e-06 9.161643e-03
1545 5.703143e-05 5.162061e-02
1546 1.083831e-05 7.583756e-03
1547 5.564017e-04 1.819636e-01
1548 1.922227e-05 1.769056e-02
1549 2.120600e-06 4.373138e-03
1550 1.975188e-07 4.403587e-03
1551 3.054306e-06 5.482353e-03
1552 8.912241e-04 1.648596e-01
1553 3.481515e-04 3.595885e-01
1554 6.265777e-06 9.630054e-03
1555 1.098539e-03 1.815708e-01
1556 9.101199e-05 1.495564e-02
1557 1.601644e-03 1.293279e-01
1558 7.630059e-04 5.888858e-02
1559 2.988874e-06 1.057139e-02
1560 6.004262e-04 6.272627e-02
1561 7.703709e-04 1.917136e-01
1562 2.959223e-07 6.910505e-03
1563 3.962205e-05 1.213529e-02
1564 9.282736e-04 1.769480e-01
1565 2.531997e-05 1.520231e-02
1566 3.672517e-07 5.308145e-03
1567 9.670721e-03 1.028504e+00
1568 2.783306e-06 1.434538e-02
1569 1.671462e-04 1.117391e-02
1570 3.331869e-03 4.373996e-01
1571 1.567910e-06 2.412640e-03
1572 2.567988e-04 2.046673e-02
1573 1.129787e-03 2.230948e-01
1574 8.799236e-05 1.295303e-02
1575 1.368167e-06 1.793919e-02
1576 6.761046e-05 6.867756e-02
1577 6.527057e-04 1.950500e-01
1578 4.804494e-05 3.812450e-02
1579 5.489047e-06 4.941791e-03
1580 2.010677e-03 3.484667e-01
1581 2.099052e-05 1.622257e-02
1582 9.488921e-06 3.589807e-03
1583 2.519876e-04 5.505142e-02
1584 8.179152e-06 1.449600e-02
1585 6.171318e-04 1.840351e-01
1586 1.000473e-05 1.137660e-02
1587 2.776722e-05 4.871230e-03
1588 2.040206e-05 1.970647e-02
1589 6.667119e-08 2.912586e-03
1590 3.080298e-06 3.907035e-03
1591 1.345400e-06 4.401518e-03
1592 1.451369e-05 4.971234e-03
1593 3.446957e-06 3.327972e-03
1594 3.985949e-05 1.175083e-02
1595 1.254453e-07 4.134088e-03
1596 9.830952e-06 3.041570e-02
1597 4.130667e-06 8.026136e-03
1598 8.396512e-05 8.864980e-03
1599 8.034758e-05 1.183949e-01
1600 8.441676e-06 9.847356e-03
1601 2.456653e-08 3.282499e-03
1602 1.176068e-03 4.663996e-01
1603 6.742131e-06 8.021621e-03
1604 7.464727e-05 9.780366e-03
1605 2.525660e-04 1.180203e-02
1606 1.028528e-03 1.873194e-01
1607 2.513666e-04 1.013884e-01
1608 1.640290e-06 4.777757e-03
1609 7.623302e-04 9.142275e-02
1610 5.395151e-04 3.472256e-01
1611 2.988841e-05 1.332623e-02
1612 1.071235e-05 3.904309e-03
1613 1.537990e-08 1.207656e-03
1614 1.285121e-04 2.630579e-02
1615 2.938806e-04 1.347207e-01
1616 5.301892e-07 2.600767e-03
1617 1.375601e-07 3.402692e-03
1618 2.981656e-06 2.549424e-03
1619 6.975273e-05 7.723071e-02
1620 1.139272e-05 5.318141e-02
1621 7.607792e-06 9.945330e-02
1622 1.955672e-05 1.774363e-02
1623 8.385872e-05 5.323475e-02
1624 6.326156e-04 2.057622e-01
1625 1.132884e-06 4.404148e-03
1626 1.584189e-04 5.157376e-02
1627 2.212781e-05 1.645917e-02
1628 1.744028e-04 6.167380e-02
1629 2.878687e-04 1.454550e-01
1630 8.742233e-04 2.796616e-01
1631 9.978600e-05 7.904095e-02
1632 9.751782e-05 6.461777e-02
1633 1.285065e-07 3.095388e-03
1634 3.154023e-06 6.603068e-03
1635 3.217422e-08 1.155280e-03
1636 1.733964e-07 2.934459e-03
1637 1.746457e-07 1.697408e-03
1638 1.572640e-07 3.080825e-03
1639 2.597637e-08 1.851267e-03
1640 3.507541e-05 4.016100e-02
1641 2.789174e-04 5.664774e-02
1642 2.349355e-03 2.920984e-01
1643 1.581228e-05 2.334854e-02
1644 1.823514e-05 8.889620e-03
1645 7.569627e-05 7.729808e-03
1646 1.510563e-03 6.731203e-01
1647 9.938503e-06 1.374496e-02
1648 7.310113e-06 3.735326e-03
1649 2.232505e-03 2.914260e-01
1650 2.095789e-04 5.169229e-02
1651 3.302005e-06 4.305424e-03
1652 3.622868e-04 7.557119e-02
1653 4.855587e-03 2.808437e-01
1654 4.155200e-06 2.253595e-02
1655 4.349361e-04 1.275346e-01
1656 8.535621e-06 1.728127e-02
1657 5.127638e-06 1.102630e-02
1658 3.041732e-06 4.934550e-03
1659 1.131866e-04 1.740950e-02
1660 9.544143e-04 3.561840e-02
1661 2.358330e-04 2.748006e-02
1662 8.304132e-05 8.590931e-03
1663 5.532716e-04 9.197612e-02
1664 2.491111e-05 1.109221e-02
1665 2.609990e-05 9.746383e-03
1666 3.789272e-04 6.020473e-02
1667 1.055802e-04 3.299204e-02
1668 2.481490e-08 8.874164e-04
1669 3.769942e-06 1.158431e-02
1670 7.480319e-06 3.271378e-03
1671 1.436470e-05 2.169670e-02
1672 7.851675e-05 1.509402e-01
1673 7.645575e-05 1.839455e-02
1674 9.738204e-06 9.442775e-03
1675 4.822866e-05 1.336332e-02
1676 1.724096e-06 2.791697e-03
1677 1.697362e-06 7.071797e-03
1678 1.213894e-06 3.600707e-03
1679 6.303721e-09 1.409408e-03
1680 4.753044e-04 3.762036e-02
1681 2.641596e-05 2.266344e-02
1682 9.101866e-05 1.666067e-02
1683 1.167470e-07 1.744316e-03
1684 8.156391e-07 3.632784e-03
1685 4.664236e-05 1.514766e-02
1686 6.625101e-04 6.183062e-02
1687 2.554254e-05 3.062255e-02
1688 3.150560e-04 3.731720e-02
1689 6.288596e-04 6.943161e-02
1690 1.195800e-06 1.748558e-03
1691 1.544468e-07 1.747200e-03
1692 2.673290e-06 5.467231e-03
1693 2.195778e-04 4.231362e-02
1694 1.112324e-04 4.320314e-02
1695 3.362418e-06 2.692536e-03
1696 1.625011e-03 1.756257e-01
1697 6.266160e-06 8.485838e-03
1698 1.647333e-03 1.072849e-01
1699 1.547178e-03 3.646451e-01
1700 1.793283e-06 4.159929e-03
1701 2.372656e-04 4.589156e-02
1702 6.446054e-05 8.411231e-02
1703 1.303969e-05 5.625897e-02
1704 9.727399e-07 1.591077e-03
1705 2.450637e-07 1.964745e-03
1706 2.320172e-06 2.475681e-03
1707 5.598465e-05 4.209780e-02
1708 2.099055e-07 8.060677e-03
1709 2.710045e-05 1.546025e-02
1710 2.063025e-06 1.143533e-02
1711 6.059117e-04 9.814280e-02
1712 3.382018e-04 4.772359e-02
1713 3.794511e-05 1.051922e-02
1714 1.399507e-04 3.743158e-02
1715 1.160639e-05 6.277046e-03
1716 3.096107e-07 4.404419e-03
1717 2.532841e-05 2.567305e-02
1718 1.216924e-05 1.194932e-02
1719 4.904082e-07 7.597304e-03
1720 3.939553e-06 9.220316e-03
1721 5.316237e-06 3.134551e-02
1722 1.158850e-06 8.383929e-03
1723 1.061129e-03 2.965160e-01
1724 2.274011e-06 3.043071e-03
1725 1.473674e-05 1.516585e-02
1726 2.231898e-04 7.889901e-02
1727 1.327891e-05 2.662591e-02
1728 2.714592e-03 8.372302e-02
1729 8.163130e-06 4.121733e-03
1730 3.088555e-04 9.122542e-02
1731 7.941518e-06 6.671181e-03
1732 3.439585e-07 1.892766e-03
1733 2.204556e-10 1.011503e-03
1734 2.791254e-05 2.761674e-02
1735 1.877837e-05 2.444389e-02
1736 4.587430e-09 1.148507e-03
1737 7.954771e-06 1.420623e-02
1738 8.514070e-06 3.263329e-03
1739 1.050721e-04 1.393120e-02
1740 1.722110e-04 6.719852e-02
1741 3.701888e-08 4.425902e-03
1742 1.319137e-04 1.029246e-01
1743 3.866980e-04 5.528877e-02
1744 7.408993e-05 3.279498e-02
1745 3.978971e-05 1.099366e-02
1746 1.801065e-06 2.676273e-03
1747 7.780124e-07 6.603005e-03
1748 1.048647e-03 4.235287e-01
1749 5.681251e-06 9.015153e-03
1750 4.592882e-06 8.559092e-03
1751 1.780827e-06 6.319984e-03
1752 5.580157e-07 2.130590e-03
1753 6.010025e-05 4.497331e-02
1754 1.012619e-06 5.266427e-03
1755 2.871480e-06 6.082582e-03
1756 1.146257e-05 1.923181e-02
1757 4.814412e-06 1.460180e-02
1758 1.757949e-03 8.794719e-02
1759 6.604300e-06 4.977880e-03
1760 1.188586e-03 2.862589e-01
1761 4.039780e-07 7.049053e-03
1762 4.772966e-06 3.979430e-03
1763 4.149839e-06 1.141533e-02
1764 2.926363e-06 6.716702e-03
1765 2.463635e-05 1.802916e-02
1766 1.938362e-06 4.264724e-03
1767 2.546713e-05 6.475832e-03
1768 3.393001e-04 3.464831e-02
1769 3.298113e-05 1.652519e-02
1770 1.327807e-06 8.384984e-03
1771 6.664295e-06 9.670837e-03
1772 4.382141e-04 2.474223e-01
1773 8.968659e-04 1.709468e-01
1774 1.484368e-07 2.930365e-03
1775 5.760229e-07 2.821124e-03
1776 1.567099e-06 1.930236e-02
1777 7.649272e-06 1.179289e-02
1778 2.715002e-06 7.058783e-03
1779 5.107363e-06 1.682888e-02
1780 1.424473e-07 2.803926e-03
1781 1.595501e-08 1.304170e-03
1782 8.085186e-08 3.167771e-03
1783 3.882158e-06 6.849296e-03
1784 4.294647e-05 2.416301e-02
1785 4.083042e-06 4.114915e-03
1786 1.929694e-05 3.135661e-02
1787 1.485730e-03 2.139621e-01
1788 1.577111e-07 4.433566e-03
1789 1.730878e-05 3.164714e-02
1790 1.047445e-06 2.153492e-03
1791 6.956053e-06 5.441601e-03
1792 9.634297e-06 5.646345e-03
1793 5.451932e-07 9.472475e-03
1794 9.170656e-04 3.927184e-02
1795 8.260422e-06 3.761160e-03
1796 2.241039e-03 2.226146e-01
1797 8.058690e-07 1.736792e-02
1798 2.283908e-07 6.400529e-03
1799 2.063900e-06 2.839520e-03
1800 1.064137e-04 5.200075e-02
1801 6.063761e-06 3.759597e-03
1802 2.789366e-04 3.162961e-02
1803 6.385393e-07 2.018734e-03
1804 3.858227e-06 2.368668e-03
1805 2.276773e-07 1.101765e-02
1806 5.093631e-06 5.308309e-03
1807 3.135861e-07 1.543198e-03
1808 1.677182e-03 5.425636e-01
1809 1.347760e-05 9.944020e-03
1810 1.253918e-03 9.315223e-02
1811 2.285315e-06 7.778364e-03
1812 5.897183e-07 5.912066e-03
1813 1.896042e-05 1.362499e-02
1814 5.234756e-07 2.809254e-03
1815 2.196170e-05 2.299578e-02
1816 1.882561e-05 2.098647e-02
1817 6.576042e-06 4.529428e-03
1818 1.305446e-06 4.726073e-03
1819 1.264560e-09 2.082364e-03
1820 6.355989e-08 1.587914e-03
1821 3.806398e-07 3.402195e-03
1822 8.161538e-04 9.138390e-02
1823 5.421052e-06 3.792294e-02
1824 8.859624e-06 4.507379e-02
1825 1.168028e-03 2.224441e-01
1826 3.208657e-04 1.261609e-01
1827 1.343790e-04 3.136715e-02
1828 6.304884e-05 1.459131e-02
1829 1.853918e-05 9.360089e-03
1830 2.101058e-06 2.962740e-03
1831 2.370987e-07 1.693277e-03
1832 3.546132e-06 1.427480e-02
1833 7.268171e-06 6.159351e-03
1834 6.927434e-07 3.481940e-03
1835 5.514059e-07 3.530591e-03
1836 1.685046e-03 1.547183e-01
1837 8.024955e-04 1.806112e-01
1838 3.694474e-05 6.860184e-03
1839 4.943203e-05 3.561442e-02
1840 5.888008e-05 3.230371e-02
1841 2.079020e-04 4.942965e-02
1842 1.598236e-06 6.746079e-03
1843 4.065744e-06 8.258728e-03
1844 3.429950e-07 2.743524e-03
1845 2.197444e-05 1.788624e-02
1846 4.771615e-08 3.506074e-03
1847 5.495407e-05 5.707123e-02
1848 5.803240e-08 2.203369e-03
1849 8.013352e-07 1.364449e-02
1850 1.720784e-06 1.475950e-02
1851 1.781052e-05 3.552526e-02
1852 1.086336e-05 1.548730e-02
1853 1.846193e-04 3.781097e-02
1854 1.630487e-04 1.080359e-01
1855 6.785984e-05 3.083109e-02
1856 4.199219e-08 2.265965e-03
1857 8.863510e-07 4.614677e-03
1858 1.666409e-06 3.453783e-03
1859 1.677713e-06 3.205486e-03
1860 1.092906e-05 2.170451e-02
1861 1.949116e-06 7.361883e-03
1862 1.476484e-03 2.462997e-01
1863 2.022320e-07 3.000861e-03
1864 8.370700e-07 2.596026e-03
1865 1.601604e-06 1.136230e-02
1866 7.577267e-04 4.884500e-02
1867 4.730007e-08 2.609228e-03
1868 3.745083e-05 6.440139e-03
1869 1.406452e-03 1.982483e-01
1870 1.144194e-05 5.706668e-03
1871 5.355921e-06 1.094534e-02
1872 3.308381e-07 7.167672e-03
1873 1.605373e-07 1.832757e-03
1874 8.348841e-07 2.068288e-03
1875 4.470492e-03 2.116187e-01
1876 4.324939e-07 2.406573e-03
1877 1.659831e-06 2.831090e-03
1878 3.005184e-07 6.497917e-03
1879 1.418067e-06 1.147274e-02
1880 1.065159e-04 2.120386e-02
1881 5.712878e-06 4.439062e-02
1882 1.189239e-06 3.908898e-03
1883 1.144666e-05 1.271326e-02
1884 9.591059e-04 8.847323e-02
1885 3.665120e-06 5.862205e-03
1886 2.777796e-05 7.913327e-03
1887 4.009473e-05 1.937125e-02
1888 3.014674e-06 2.909089e-03
1889 2.520862e-07 1.300358e-03
1890 5.066313e-06 1.113064e-02
1891 1.498284e-04 1.072368e-01
1892 2.511628e-05 1.395231e-02
1893 8.651370e-05 3.262867e-02
1894 3.247810e-03 4.557593e-01
1895 2.051857e-05 4.137327e-02
1896 1.625754e-04 6.864253e-02
1897 6.810237e-07 3.923601e-03
1898 3.820510e-05 4.595187e-02
1899 1.386366e-05 8.634725e-03
1900 6.849554e-04 4.313785e-02
1901 1.218013e-05 4.158445e-03
1902 3.059617e-07 1.834718e-03
1903 5.133285e-06 1.055605e-02
1904 3.227349e-06 7.645810e-03
1905 2.758345e-06 4.879353e-03
1906 3.316485e-06 5.182946e-03
1907 9.981338e-08 3.755693e-03
1908 5.050376e-07 1.651683e-03
1909 2.977422e-05 5.867331e-03
1910 3.715417e-04 5.618828e-02
1911 3.511603e-04 3.010516e-02
1912 3.130765e-04 5.477312e-02
1913 3.141725e-05 5.494598e-02
1914 2.768040e-06 4.443353e-03
1915 1.370348e-07 7.888353e-03
1916 3.184603e-03 4.987126e-01
1917 4.847418e-04 2.206151e-01
1918 3.724439e-05 2.862893e-02
1919 3.414862e-05 1.290566e-02
1920 2.561730e-04 1.429152e-02
1921 1.890936e-07 1.363753e-03
1922 5.798943e-06 3.783796e-03
1923 7.278694e-06 2.505293e-03
1924 8.714955e-07 2.277719e-03
1925 6.253206e-07 2.049001e-03
1926 9.090171e-04 8.362708e-02
1927 3.616167e-06 1.115339e-02
1928 2.850654e-07 1.769890e-03
1929 3.018560e-05 8.997978e-03
1930 1.569201e-05 1.689064e-02
1931 1.013335e-04 1.703975e-02
1932 9.229811e-06 3.322832e-02
1933 1.175410e-05 1.508162e-02
1934 6.612158e-05 5.827132e-02
1935 1.035577e-05 1.355231e-02
1936 7.914001e-06 1.217435e-02
1937 5.953989e-06 4.741526e-03
1938 7.450903e-08 2.007864e-03
1939 7.282662e-04 1.936722e-01
1940 4.039702e-06 2.240364e-02
1941 1.288498e-05 1.416837e-02
1942 1.340168e-04 6.820294e-02
1943 1.052053e-05 3.165457e-02
1944 4.958455e-04 9.707053e-02
1945 2.654432e-04 2.753820e-02
1946 8.422598e-06 5.065597e-03
1947 1.909312e-05 3.367975e-03
1948 4.000789e-08 1.705752e-03
1949 1.300170e-04 8.313183e-02
1950 8.175099e-05 1.795398e-02
1951 1.318889e-05 3.803062e-02
1952 8.481168e-06 6.624637e-03
1953 1.666712e-04 2.605669e-02
1954 1.463731e-04 6.579632e-02
1955 1.029467e-05 8.235246e-03
1956 5.688428e-04 4.202076e-02
1957 5.305197e-06 7.476680e-03
1958 6.860922e-05 1.749717e-02
1959 1.848033e-05 2.582662e-02
1960 6.806446e-05 2.602677e-02
1961 3.951581e-04 7.982775e-02
1962 2.169415e-04 3.555183e-02
1963 1.186969e-04 4.975463e-02
1964 3.208215e-06 3.832924e-03
1965 9.072384e-06 1.424527e-02
1966 6.434955e-07 6.553593e-03
1967 4.380765e-05 5.175316e-02
1968 1.101612e-07 2.098299e-03
1969 2.097673e-04 3.909633e-02
1970 4.359891e-04 5.381676e-02
1971 1.147176e-03 2.016536e-01
1972 5.471514e-05 6.498625e-03
1973 5.903732e-04 1.151853e-01
1974 4.457457e-07 4.216348e-03
1975 7.892549e-04 1.376415e-01
1976 1.881832e-04 5.874337e-02
1977 1.335742e-05 5.996232e-03
1978 3.680783e-07 4.028945e-03
1979 1.410553e-04 3.847877e-02
1980 2.559583e-05 4.284829e-03
1981 2.020134e-04 4.712339e-02
1982 9.542017e-07 2.737035e-03
1983 1.365054e-06 2.080987e-03
1984 8.509846e-06 2.701448e-02
1985 7.509961e-06 1.025150e-02
1986 1.036157e-05 4.755794e-03
1987 3.804464e-06 3.473304e-02
1988 5.704540e-04 1.329682e-01
1989 3.771932e-07 1.388997e-03
1990 1.630510e-05 3.946661e-03
1991 4.941394e-05 6.898174e-03
1992 1.340487e-03 1.458532e-01
1993 6.739693e-08 1.178511e-03
1994 7.987250e-08 1.246474e-03
1995 2.796345e-04 4.852713e-02
1996 6.571781e-06 4.656627e-03
1997 9.764361e-07 2.001633e-03
1998 4.925536e-05 7.106856e-03
1999 9.096866e-04 4.654641e-02
2000 8.429948e-07 2.489765e-03
2001 2.122823e-06 3.003344e-03
