2 3.435539e-04 1.158252e-01
3 3.415933e-03 4.875379e-01
4 2.622280e-03 1.830687e-01
5 3.322875e-04 8.092301e-02
6 4.144371e-03 6.590592e-01
7 8.889820e-04 1.563003e-01
8 4.424076e-05 5.128805e-02
9 1.986262e-05 8.508671e-03
10 2.350594e-04 3.574939e-02
11 2.212026e-03 2.645892e-01
12 2.124557e-04 2.182224e-02
13 2.726365e-03 2.959538e-01
14 7.480943e-04 6.806217e-02
15 8.136484e-05 4.689995e-02
16 4.053887e-05 5.312676e-02
17 3.203363e-05 1.123662e-02
18 3.822817e-04 8.787480e-02
19 4.858983e-04 2.806221e-01
20 1.667167e-03 2.810303e-01
21 1.585957e-03 1.009235e-01
22 9.323901e-05 2.635617e-02
23 4.422376e-03 3.687164e-01
24 1.013264e-03 1.718772e-01
25 2.605568e-04 3.339738e-02
26 2.435187e-03 4.118960e-01
27 4.246048e-04 4.704980e-02
28 2.491653e-04 2.804017e-02
29 8.437492e-04 3.717953e-01
30 3.641046e-06 7.414737e-03
31 2.604817e-04 3.005360e-02
32 6.207218e-04 1.767619e-01
33 5.917507e-05 1.259977e-02
34 2.021709e-05 5.631573e-03
35 1.057891e-03 1.603850e-01
36 4.250868e-04 3.581243e-02
37 2.789003e-03 3.861378e-01
38 4.693914e-03 5.068109e-01
39 1.382398e-03 3.818488e-01
40 1.523400e-04 1.635172e-01
41 5.032480e-06 6.831986e-03
42 3.233828e-03 4.577676e-01
43 1.879236e-05 1.112701e-02
44 1.718906e-06 2.806930e-03
45 3.927946e-07 2.649640e-03
46 1.564774e-07 1.420004e-03
47 2.269279e-06 6.163929e-03
48 2.617298e-06 6.984048e-03
49 2.500481e-06 8.963964e-03
50 2.718859e-05 2.833654e-02
51 4.957579e-07 3.079327e-03
52 1.702385e-06 5.562467e-03
53 1.027190e-06 5.620230e-03
54 8.606368e-07 4.241984e-03
55 1.087138e-06 3.322841e-03
56 8.749618e-05 1.673652e-02
57 3.975209e-04 2.594384e-02
58 1.074205e-07 1.708063e-03
59 2.044528e-05 9.216393e-03
60 5.253595e-07 2.281172e-03
61 1.285675e-06 4.139545e-03
62 1.392484e-07 1.237721e-03
63 2.006270e-06 5.416342e-03
64 6.206901e-06 1.161213e-02
65 4.830380e-06 2.487126e-03
66 1.380649e-06 4.716160e-03
67 7.818874e-07 4.749541e-03
68 1.805290e-05 9.833600e-03
69 2.638735e-05 7.280554e-03
70 9.169485e-04 2.307098e-01
71 3.457041e-08 4.409948e-03
72 2.475713e-04 1.621547e-02
73 3.690744e-06 3.522110e-03
74 1.517395e-06 5.602960e-03
75 1.813580e-06 5.465304e-03
76 3.878978e-06 5.912412e-03
77 4.080166e-06 4.094296e-03
78 1.632779e-04 2.915929e-02
79 9.182939e-06 1.084816e-02
80 1.207092e-04 6.640620e-02
81 1.351940e-06 3.053227e-03
82 7.053317e-05 3.371404e-02
83 4.174368e-07 2.512585e-03
84 1.019828e-05 1.272728e-02
85 1.869454e-06 7.615270e-03
86 4.674765e-05 1.048594e-02
87 1.523352e-03 1.057226e-01
88 4.510870e-08 2.770698e-03
89 1.616498e-04 2.420901e-02
90 1.746135e-04 1.062640e-01
91 4.555867e-05 1.322199e-02
92 1.135212e-04 6.089106e-02
93 3.111752e-04 2.720696e-02
94 6.378089e-06 8.718217e-03
95 9.093464e-07 5.338360e-03
96 3.807392e-05 8.107001e-03
97 1.729121e-05 1.171664e-02
98 6.776572e-05 7.316020e-03
99 1.371795e-03 2.649789e-01
100 4.441112e-03 3.659462e-01
101 1.887223e-04 9.442944e-02
102 1.229547e-05 5.701929e-03
103 6.661843e-04 1.570975e-01
104 2.606584e-06 2.449390e-02
105 6.064845e-04 3.674092e-02
106 1.106276e-04 4.834776e-02
107 2.388596e-06 1.187777e-02
108 8.911180e-05 1.069104e-01
109 1.091472e-05 1.177233e-02
110 6.712208e-06 4.047701e-03
111 5.534159e-06 1.071049e-02
112 9.503807e-06 1.942191e-02
113 4.750620e-04 6.178061e-02
114 2.193132e-05 9.031238e-03
115 4.620284e-05 1.547537e-02
116 1.381189e-04 5.946270e-02
117 1.707102e-05 5.899096e-03
118 4.945262e-07 3.657916e-03
119 2.377434e-03 2.711200e-01
120 3.168723e-05 1.594234e-02
121 2.354019e-05 8.315764e-03
122 1.620840e-06 5.000434e-03
123 1.847464e-04 3.103709e-02
124 3.971480e-05 1.092106e-02
125 4.064517e-04 1.196156e-01
126 5.295544e-05 6.149063e-03
127 4.207092e-06 1.119525e-02
128 6.299502e-04 3.257876e-01
129 9.962619e-04 2.693567e-01
130 1.762600e-04 5.976368e-02
131 4.435640e-04 1.212578e-01
132 1.961940e-05 2.713349e-02
133 2.501746e-03 5.876586e-01
134 6.208900e-05 1.548904e-02
135 9.501906e-04 1.011333e-01
136 7.464313e-08 2.283980e-03
137 1.693887e-06 1.282658e-02
138 3.951168e-06 3.758310e-03
139 1.613808e-05 8.490040e-03
140 7.612733e-05 2.358065e-02
141 4.712584e-06 7.077045e-03
142 7.976189e-04 8.270456e-02
143 9.539568e-05 8.142066e-02
144 6.418135e-04 1.557973e-01
145 3.712654e-05 4.414069e-02
146 1.992588e-05 1.165413e-02
147 1.994245e-04 5.456869e-02
148 8.779210e-06 5.674092e-03
149 4.707030e-05 6.836539e-02
150 4.625007e-04 5.812097e-02
151 8.149443e-05 2.465050e-02
152 2.798482e-05 3.310556e-02
153 3.328412e-05 8.875895e-03
154 4.456180e-05 1.311105e-02
155 1.725732e-06 2.839447e-03
156 9.936193e-06 1.238476e-02
157 6.705162e-06 1.272211e-02
158 1.785753e-08 3.779462e-03
159 1.216802e-05 1.749903e-02
160 3.094618e-06 9.406591e-03
161 3.527935e-06 4.670244e-03
162 4.147410e-05 1.572611e-02
163 2.141307e-05 1.624943e-02
164 5.175102e-05 5.755803e-03
165 1.161793e-06 1.636419e-03
166 1.417602e-06 2.074502e-03
167 1.220067e-05 7.113092e-03
168 4.868510e-06 4.457773e-03
169 1.221798e-04 1.963954e-02
170 1.123740e-05 5.642072e-03
171 9.067091e-05 3.641277e-02
172 1.056656e-03 1.484145e-01
173 1.368323e-04 6.740176e-02
174 1.855295e-04 1.402879e-01
175 7.461917e-08 1.261533e-03
176 2.554831e-05 1.175355e-02
177 1.955108e-07 3.180154e-03
178 2.359065e-06 7.684029e-03
179 5.301372e-05 1.043077e-02
180 4.687550e-08 1.274911e-03
181 1.129056e-04 9.152572e-02
182 1.639935e-04 2.145587e-02
183 5.875734e-05 2.295650e-02
184 6.386889e-06 7.995147e-03
185 1.278245e-07 1.518335e-03
186 7.520841e-05 4.645276e-02
187 2.919350e-03 4.589222e-01
188 1.982155e-04 3.001437e-02
189 7.182274e-05 1.045318e-02
190 4.782128e-06 4.901391e-03
191 2.056362e-06 6.689340e-03
192 6.771362e-06 5.686215e-03
193 3.000443e-06 6.220737e-03
194 7.308477e-06 5.898363e-03
195 1.040603e-04 1.919038e-02
196 2.711000e-06 7.749285e-03
197 1.034710e-05 2.082397e-02
198 1.890790e-05 1.258598e-02
199 1.564409e-05 1.563968e-02
200 4.881119e-04 6.686496e-02
201 1.375926e-04 8.211150e-02
202 2.538789e-05 1.221559e-02
203 3.250705e-04 1.619736e-01
204 5.378929e-07 3.986150e-03
205 5.672041e-04 2.626658e-02
206 5.333070e-05 1.882880e-02
207 1.332898e-05 3.108691e-02
208 5.265167e-05 8.452633e-02
209 8.387971e-04 4.897797e-02
210 6.038935e-05 5.361420e-02
211 7.426594e-04 5.402835e-02
212 4.619136e-06 4.809852e-03
213 2.383634e-05 1.432491e-02
214 1.643200e-05 1.265746e-02
215 3.532639e-06 1.225822e-02
216 1.385856e-05 3.651115e-02
217 3.601698e-06 2.620471e-03
218 2.001484e-06 4.511195e-03
219 1.084684e-06 2.456124e-03
220 1.566600e-03 1.731060e-01
221 3.546541e-06 5.510352e-03
222 1.394912e-04 2.653683e-02
223 4.321602e-04 6.516301e-02
224 2.718904e-07 2.284402e-03
225 4.248408e-07 3.209017e-03
226 9.229578e-06 1.144341e-02
227 1.337560e-06 4.180132e-03
228 6.636877e-06 5.526108e-03
229 8.374640e-06 1.749236e-02
230 1.729683e-03 2.160570e-01
231 4.696387e-08 2.039403e-03
232 4.219504e-03 4.293696e-01
233 3.418408e-06 9.094786e-03
234 1.359326e-05 4.535435e-03
235 4.475903e-07 7.391225e-03
236 3.022150e-04 2.266381e-02
237 1.423658e-03 1.494649e-01
238 5.678473e-07 5.030032e-03
239 1.507562e-04 7.334992e-03
240 3.024263e-04 6.390663e-02
241 2.819413e-03 3.577282e-01
242 5.973882e-05 2.740595e-02
243 1.166754e-06 4.396479e-03
244 5.602301e-07 1.863462e-03
245 1.116532e-07 1.275231e-03
246 4.818672e-04 9.159753e-02
247 8.045887e-04 3.243495e-02
248 7.489165e-04 1.757267e-01
249 1.236809e-03 1.869444e-01
250 6.936709e-04 1.076506e-01
251 8.088374e-08 1.289877e-03
252 1.198320e-06 8.691505e-03
253 1.835902e-06 4.108021e-03
254 5.028691e-05 1.730968e-02
255 1.047000e-05 8.384036e-03
256 1.345576e-07 2.429625e-03
257 8.164926e-06 4.839928e-03
258 1.302377e-04 4.678850e-02
259 4.302959e-07 1.433622e-03
260 1.833906e-05 9.053816e-03
261 2.010693e-05 7.190660e-03
262 1.241106e-06 1.621416e-03
263 3.458634e-05 3.603695e-03
264 1.656673e-05 2.847165e-02
265 1.073963e-04 6.999649e-02
266 1.557281e-05 1.144837e-02
267 7.247413e-06 1.943977e-02
268 9.899012e-06 6.249762e-03
269 4.000628e-04 1.026394e-01
270 4.798250e-07 3.596123e-03
271 4.661028e-05 1.570504e-02
272 2.912316e-05 9.595499e-03
273 1.234339e-04 9.526655e-02
274 6.389711e-08 1.877227e-03
275 3.538141e-05 3.762670e-02
276 2.288672e-05 1.739207e-02
277 4.733046e-07 4.001955e-03
278 4.703879e-04 6.621491e-02
279 1.396842e-05 4.459908e-03
280 4.839191e-04 3.136346e-02
281 1.608256e-03 6.330957e-02
282 3.155898e-06 2.000131e-03
283 2.116653e-06 6.367503e-03
284 8.657612e-07 4.718442e-03
285 1.337547e-05 8.825312e-03
286 3.585966e-06 5.804831e-03
287 1.183969e-06 5.044379e-03
288 6.246856e-07 2.165003e-03
289 1.005135e-03 1.866005e-01
290 1.952680e-08 1.420432e-03
291 1.477433e-05 1.705240e-02
292 1.766538e-03 2.617999e-01
293 3.917392e-06 5.246709e-03
294 8.355690e-07 4.326186e-03
295 8.590656e-07 1.777907e-02
296 1.749636e-04 1.124130e-01
297 7.816543e-06 1.696678e-02
298 1.923637e-06 5.300446e-03
299 5.523150e-06 4.044852e-03
300 7.413135e-06 1.490619e-02
301 1.691664e-03 2.723160e-01
302 1.161525e-06 3.540334e-03
303 6.578606e-06 1.994428e-02
304 5.588414e-04 3.689432e-02
305 2.116569e-05 1.043888e-02
306 5.066406e-05 1.636758e-02
307 1.236008e-03 1.263112e-01
308 5.403669e-07 1.077247e-02
309 1.079490e-03 1.005650e-01
310 6.477585e-05 1.430063e-02
311 4.092387e-05 1.002211e-02
312 1.315153e-05 4.312234e-03
313 1.971544e-03 4.791282e-01
314 3.853699e-06 2.978288e-03
315 3.125884e-07 4.729964e-03
316 5.880967e-03 2.527044e-01
317 8.078492e-04 1.829388e-01
318 8.165282e-04 1.530984e-01
319 2.097017e-04 5.446231e-02
320 4.829354e-05 3.180862e-02
321 8.575869e-04 2.357403e-01
322 5.699565e-08 6.872895e-03
323 4.869782e-05 2.294311e-02
324 1.452258e-06 5.270018e-03
325 1.407118e-06 5.272317e-03
326 1.930717e-05 4.356602e-02
327 2.575039e-03 4.459497e-01
328 4.268129e-04 1.086836e-01
329 1.934710e-03 1.373210e-01
330 2.961901e-05 8.425595e-03
331 4.998802e-05 2.474748e-02
332 4.667410e-04 2.014885e-01
333 7.468752e-06 1.650540e-02
334 8.968177e-05 4.407181e-02
335 1.192588e-07 2.161061e-03
336 3.574036e-05 8.960690e-03
337 1.062823e-05 1.255297e-02
338 3.541296e-04 4.802602e-02
339 5.246752e-04 1.533497e-01
340 7.512264e-06 1.363579e-02
341 1.874236e-05 1.007604e-02
342 8.835917e-06 5.258381e-03
343 1.292133e-05 3.844228e-02
344 4.276483e-05 9.401374e-03
345 4.278219e-03 3.519271e-01
346 9.103890e-04 1.670142e-01
347 1.219743e-06 4.141607e-03
348 1.480729e-04 2.962844e-02
349 6.796441e-06 6.951159e-03
350 4.107945e-06 2.941580e-03
351 2.783136e-03 5.296255e-01
352 9.328546e-04 1.943288e-01
353 1.770238e-07 1.276392e-03
354 6.975835e-04 9.722207e-02
355 2.363880e-05 2.090155e-02
356 1.553007e-03 1.430462e-01
357 5.188394e-04 5.943039e-02
358 4.202681e-06 4.167005e-03
359 6.649188e-06 1.139931e-02
360 9.157230e-04 8.466309e-02
361 6.444749e-04 9.589413e-02
362 1.536011e-04 3.449006e-02
363 5.792404e-05 2.641621e-02
364 6.351639e-05 4.939248e-02
365 3.433892e-05 3.784420e-02
366 2.536049e-05 1.948168e-02
367 4.729678e-06 1.676617e-02
368 8.485566e-06 1.153815e-02
369 2.643432e-05 1.079301e-02
370 2.485862e-05 1.623085e-02
371 1.522790e-04 8.246705e-02
372 6.023618e-06 3.638977e-02
373 1.171111e-04 3.829477e-02
374 6.538109e-07 6.315652e-03
375 7.653251e-07 1.388025e-03
376 3.689411e-06 3.483055e-03
377 3.197275e-03 1.686988e-01
378 4.577479e-05 1.438136e-02
379 3.888580e-05 3.831605e-03
380 3.045255e-05 1.801730e-02
381 1.476650e-03 2.970382e-01
382 2.063178e-05 9.690211e-03
383 3.212685e-04 1.113351e-01
384 7.188512e-05 1.434240e-02
385 2.131116e-03 3.069143e-01
386 3.006979e-05 8.559279e-03
387 7.340758e-06 1.947027e-02
388 1.196735e-06 3.928511e-03
389 1.221315e-05 1.035434e-02
390 9.719553e-08 4.434517e-03
391 1.930689e-04 1.679494e-02
392 2.555859e-05 2.642648e-02
393 1.829776e-07 2.649657e-03
394 2.324737e-03 4.090321e-01
395 1.327423e-06 1.735611e-03
396 5.592222e-05 3.419311e-02
397 1.653245e-05 1.982450e-02
398 2.007274e-07 2.553468e-03
399 1.198557e-05 8.648438e-03
400 5.248314e-03 9.579045e-01
401 3.416995e-05 2.227031e-02
402 1.288463e-03 3.552119e-01
403 9.822135e-05 2.778673e-02
404 4.166000e-05 2.363759e-02
405 4.272988e-06 4.757683e-03
406 3.344407e-04 2.496732e-01
407 1.203176e-04 8.046279e-02
408 4.874017e-03 2.901272e-01
409 3.459885e-04 7.270014e-02
410 4.007003e-06 1.433731e-02
411 1.584499e-04 1.590954e-02
412 6.756573e-06 1.131498e-02
413 2.058671e-03 2.171818e-01
414 4.296933e-05 8.634324e-03
415 6.329400e-07 1.916466e-03
416 2.023376e-04 1.104348e-01
417 2.139265e-06 2.355609e-03
418 2.173550e-03 1.537967e-01
419 2.978824e-03 4.515744e-01
420 2.415337e-05 7.866188e-03
421 3.128134e-05 1.279435e-02
422 6.816850e-05 2.614941e-02
423 7.222636e-05 9.047512e-03
424 5.118938e-04 3.948304e-02
425 1.212393e-05 9.057756e-03
426 1.085312e-06 3.728075e-03
427 2.664339e-04 1.325920e-01
428 1.477486e-04 2.063627e-02
429 2.007241e-03 1.461924e-01
430 1.292475e-06 1.635459e-03
431 1.253882e-07 4.145748e-03
432 2.038788e-04 1.011159e-01
433 6.717907e-08 1.252030e-03
434 3.559299e-06 5.013529e-03
435 2.299165e-06 5.247377e-03
436 4.278054e-07 2.339080e-03
437 3.098563e-04 9.172854e-02
438 1.236803e-06 5.788132e-03
439 3.034822e-06 4.423878e-03
440 7.862002e-07 4.225445e-03
441 2.201425e-05 3.844787e-02
442 6.018597e-06 6.561409e-03
443 7.931270e-06 4.958047e-03
444 6.124170e-05 4.169091e-02
445 1.341574e-04 7.030661e-02
446 1.905708e-05 1.612236e-02
447 4.774517e-07 2.452646e-03
448 1.521945e-06 2.481853e-03
449 5.501351e-07 2.322064e-03
450 2.932279e-06 3.456751e-03
451 1.628870e-07 1.285557e-03
452 3.892067e-05 9.259238e-03
453 7.666722e-06 4.057199e-03
454 2.195171e-05 2.932944e-02
455 3.250026e-04 6.430201e-02
456 1.153405e-06 5.556351e-03
457 6.354620e-05 2.233239e-02
458 2.930399e-04 3.984895e-02
459 2.938216e-04 3.837329e-02
460 1.580031e-06 3.540754e-03
461 3.713433e-05 3.408998e-02
462 1.127965e-03 1.387248e-01
463 8.173199e-05 5.964749e-02
464 1.462066e-05 5.221800e-03
465 4.344788e-07 1.809067e-03
466 2.612600e-07 2.715893e-03
467 1.783378e-03 1.294556e-01
468 2.565929e-07 5.924967e-03
469 2.496381e-04 4.260230e-02
470 3.547949e-05 1.486777e-02
471 9.498277e-05 2.497352e-02
472 1.687033e-05 4.683898e-03
473 1.461474e-05 1.241246e-02
474 1.909726e-06 4.105638e-03
475 8.693578e-05 2.449172e-02
476 1.805895e-07 2.270814e-03
477 2.991934e-04 3.528607e-02
478 5.878901e-08 3.578786e-03
479 2.629908e-07 1.834060e-03
480 4.736175e-05 1.106300e-02
481 1.597762e-06 8.051568e-03
482 6.589776e-04 1.333231e-01
483 6.320446e-08 1.187441e-03
484 6.716569e-07 1.925224e-03
485 9.168846e-05 7.880621e-02
486 7.260374e-06 5.034526e-03
487 2.367732e-04 7.687501e-02
488 1.178181e-05 6.064406e-03
489 1.595939e-05 9.879170e-03
490 1.249501e-04 4.466186e-02
491 6.922451e-06 1.031836e-02
492 1.022325e-05 4.100031e-03
493 1.568142e-06 2.312186e-03
494 1.641939e-04 3.146318e-02
495 8.787283e-04 9.808458e-02
496 8.077443e-04 1.696243e-01
497 2.644845e-04 1.106366e-01
498 5.287263e-05 3.890255e-02
499 5.761412e-06 7.556034e-03
500 4.350686e-07 9.694647e-03
501 1.556814e-03 3.078354e-01
502 4.595585e-05 1.726128e-02
503 1.136865e-04 4.292071e-02
504 2.124632e-03 2.623289e-01
505 2.447625e-06 6.054832e-03
506 7.705818e-06 1.267403e-02
507 8.458100e-06 9.211125e-03
508 3.333366e-05 1.174157e-02
509 1.187253e-03 2.828877e-01
510 1.769815e-06 9.774068e-03
511 2.229831e-06 4.755482e-03
512 7.875100e-07 2.001661e-03
513 9.841297e-05 2.712731e-02
514 1.048210e-05 1.949921e-02
515 8.359278e-05 5.530469e-02
516 9.608410e-05 5.421544e-02
517 5.733040e-06 6.760063e-03
518 1.285959e-06 4.491198e-03
519 1.190570e-05 1.043496e-02
520 1.054284e-07 1.497863e-03
521 1.200036e-05 2.624468e-02
522 3.065577e-06 3.188248e-03
523 5.509602e-06 7.636540e-03
524 1.674055e-04 5.005069e-02
525 3.195963e-04 5.748959e-02
526 1.069250e-05 1.587975e-02
527 2.612684e-04 1.350958e-01
528 3.075151e-04 2.191811e-02
529 3.824879e-04 7.344944e-02
530 1.265145e-04 1.657299e-02
531 9.469484e-09 1.573828e-03
532 1.097838e-05 9.333959e-03
533 1.180485e-06 2.668799e-03
534 4.577841e-04 7.924226e-02
535 9.164704e-04 1.941169e-01
536 1.456725e-04 3.339245e-02
537 6.629477e-04 2.106029e-01
538 1.229595e-04 9.146387e-02
539 2.178101e-05 4.920751e-02
540 2.659319e-05 2.696210e-02
541 3.995348e-03 3.528041e-01
542 2.534812e-05 9.878799e-03
543 1.898572e-05 2.936029e-03
544 3.604253e-04 5.283270e-02
545 3.711423e-06 9.386870e-03
546 1.348044e-05 1.365197e-02
547 8.690336e-05 4.391064e-02
548 6.221191e-05 1.250302e-02
549 1.081088e-05 2.797584e-02
550 7.689633e-08 5.835052e-03
551 3.266581e-05 7.172009e-03
552 4.116225e-07 2.599215e-03
553 4.876295e-06 6.967893e-03
554 8.066624e-08 3.017198e-03
555 2.042462e-04 6.523358e-02
556 1.351787e-05 6.660809e-03
557 2.474032e-04 6.149620e-02
558 1.806614e-06 8.057339e-03
559 2.041897e-04 3.175057e-02
560 7.841305e-07 3.319417e-03
561 2.243825e-05 3.222064e-02
562 1.735066e-06 1.639319e-03
563 5.936176e-03 7.618900e-01
564 1.264127e-03 4.688310e-01
565 9.196002e-06 3.218577e-03
566 5.579616e-05 1.593151e-02
567 1.573715e-04 4.358633e-02
568 3.116263e-04 7.344700e-02
569 1.571011e-05 9.253599e-03
570 1.252272e-04 4.326207e-02
571 2.033508e-04 2.454303e-02
572 2.285564e-04 4.568993e-02
573 4.108709e-04 6.195459e-02
574 1.252986e-05 5.034069e-03
575 2.047672e-06 3.960689e-03
576 1.558361e-05 8.626784e-03
577 1.385232e-07 2.681015e-03
578 1.567953e-06 3.721666e-03
579 5.772408e-05 1.240322e-02
580 1.230292e-06 5.843594e-03
581 2.717830e-04 5.903206e-02
582 8.936506e-06 1.456092e-02
583 2.222364e-03 3.414320e-01
584 9.693024e-04 4.726440e-02
585 8.993400e-05 3.816647e-02
586 4.190793e-04 4.005447e-02
587 5.343143e-05 1.028212e-02
588 4.978075e-05 5.374732e-02
589 5.270842e-05 1.353493e-02
590 1.164690e-05 1.195075e-02
591 3.198687e-05 2.539991e-02
592 1.686240e-03 3.152572e-01
593 4.625818e-06 8.796350e-03
594 2.175474e-04 7.458531e-02
595 5.849406e-06 5.298788e-03
596 1.799957e-07 1.355210e-03
597 1.384089e-06 2.144464e-03
598 6.588579e-05 3.551370e-02
599 6.780448e-06 1.550037e-02
600 9.127947e-06 4.142104e-03
601 3.070098e-06 4.070246e-03
602 4.751160e-05 1.924563e-02
603 7.439685e-05 2.276452e-02
604 6.105820e-07 2.036421e-03
605 1.082888e-03 6.359338e-02
606 1.730867e-04 1.670856e-02
607 2.613326e-06 5.078807e-03
608 4.067994e-05 1.002756e-02
609 4.406671e-05 1.271536e-02
610 8.941381e-05 1.282295e-02
611 1.578951e-06 2.460574e-03
612 2.850868e-05 3.363198e-02
613 8.691537e-07 5.301610e-03
614 1.496756e-06 5.234628e-03
615 1.307210e-07 5.932790e-03
616 2.761686e-04 1.409250e-02
617 8.445353e-06 1.326750e-02
618 8.934919e-07 8.341424e-03
619 2.449276e-06 6.041945e-03
620 4.784899e-07 3.788069e-03
621 2.595427e-06 3.299306e-03
622 8.179905e-04 9.547848e-02
623 2.295976e-05 1.423658e-02
624 1.372558e-06 4.186413e-03
625 7.864157e-06 1.149283e-02
626 2.679911e-06 6.084131e-03
627 8.642761e-07 3.540188e-03
628 8.604444e-05 2.247680e-02
629 1.085915e-06 1.908295e-03
630 2.075635e-05 1.005604e-02
631 7.642171e-06 1.004481e-02
632 7.006784e-08 1.244795e-03
633 7.347759e-04 2.421148e-01
634 2.239910e-05 1.948804e-02
635 3.192067e-06 8.452452e-03
636 6.995152e-06 2.056280e-02
637 4.832316e-06 1.140903e-02
638 1.361843e-06 2.140499e-03
639 6.327488e-07 1.559696e-03
640 8.992161e-07 2.401376e-03
641 3.884027e-07 1.512885e-03
642 2.158359e-06 5.180655e-03
643 5.690025e-05 7.252881e-02
644 7.016060e-04 5.630392e-02
645 3.654299e-05 3.397462e-02
646 1.175000e-06 1.396732e-02
647 8.746005e-06 5.063470e-03
648 4.334243e-05 2.826126e-02
649 2.337003e-03 2.630431e-01
650 5.179223e-06 4.280295e-03
651 1.428377e-06 8.327307e-03
652 7.677098e-05 3.518243e-02
653 8.320932e-07 4.747866e-03
654 4.914331e-06 4.558073e-03
655 1.728861e-05 8.668699e-03
656 1.077482e-06 2.750209e-03
657 4.382049e-05 1.439757e-02
658 3.540847e-04 2.579312e-02
659 4.636910e-05 1.413674e-02
660 3.837391e-04 7.897429e-02
661 1.248829e-06 5.430292e-03
662 1.349899e-03 4.401757e-02
663 3.443572e-03 4.075770e-01
664 2.887228e-04 3.533531e-02
665 5.543314e-06 8.682475e-03
666 5.382587e-05 1.044570e-02
667 2.717937e-05 5.106071e-03
668 1.012703e-03 7.939298e-02
669 6.600406e-04 5.781395e-02
670 1.463862e-06 9.290871e-03
671 1.301377e-05 1.829299e-02
672 3.187073e-05 2.383232e-02
673 1.964444e-05 9.507577e-03
674 2.097438e-06 1.992058e-03
675 2.181633e-04 1.202246e-01
676 3.115345e-06 5.275024e-03
677 1.060859e-08 1.338595e-03
678 1.294274e-05 5.063917e-03
679 8.541994e-04 9.127851e-02
680 1.833624e-04 2.111229e-02
681 2.909478e-04 4.169523e-02
682 4.072439e-05 7.772160e-03
683 1.497252e-05 2.886536e-02
684 2.257428e-05 1.625851e-02
685 1.960093e-07 2.162608e-03
686 2.315137e-05 1.756881e-02
687 1.014231e-03 3.317886e-01
688 5.834975e-05 2.137083e-02
689 2.531339e-06 9.902441e-03
690 5.800989e-07 1.993412e-03
691 1.037341e-03 4.969727e-02
692 1.014235e-06 2.806829e-03
693 3.550985e-05 1.822127e-02
694 4.039098e-04 5.037306e-02
695 1.584085e-03 1.602094e-01
696 1.105198e-03 4.321849e-01
697 7.534274e-06 7.348392e-03
698 1.829899e-04 1.162832e-01
699 1.916233e-07 1.523317e-03
700 6.330593e-05 3.938252e-02
701 5.934164e-05 1.491364e-02
702 6.710317e-08 1.226470e-03
703 3.714056e-07 3.979935e-03
704 9.177286e-09 1.311296e-03
705 3.946694e-04 3.930111e-02
706 1.177617e-06 1.683582e-03
707 1.697648e-04 3.328186e-02
708 5.279357e-08 4.995190e-03
709 6.293937e-08 2.937852e-03
710 9.696374e-06 6.087447e-03
711 1.306463e-07 1.201875e-03
712 2.576855e-06 4.488270e-03
713 4.766628e-06 6.356253e-03
714 1.075271e-07 2.447307e-03
715 1.166946e-04 1.218036e-02
716 1.021410e-04 1.161773e-02
717 6.348738e-06 5.206226e-03
718 7.596208e-09 2.642039e-03
719 1.610500e-03 2.429312e-01
720 5.428453e-09 1.188071e-03
721 1.155002e-05 2.693502e-03
722 3.828306e-08 2.731405e-03
723 8.737627e-06 1.591507e-02
724 3.468202e-06 3.300543e-03
725 2.195319e-07 1.461012e-03
726 1.274125e-04 2.277842e-02
727 4.170371e-07 4.356963e-03
728 2.054886e-05 7.036363e-03
729 8.450968e-07 7.260964e-03
730 1.902031e-06 2.654446e-03
731 2.324865e-04 6.332977e-02
732 1.117043e-08 1.364127e-03
733 5.314314e-10 9.157425e-04
734 1.549093e-06 2.888229e-03
735 6.758288e-07 3.352181e-03
736 1.201430e-04 1.147388e-02
737 5.627472e-08 1.362010e-03
738 2.066434e-04 7.199304e-02
739 1.370956e-06 3.465222e-03
740 7.719395e-05 1.557710e-02
741 5.166711e-06 8.110880e-03
742 5.658171e-05 1.404090e-02
743 2.498542e-03 3.209391e-01
744 9.247101e-08 2.635279e-03
745 1.710419e-06 2.497525e-03
746 1.893078e-05 1.154780e-02
747 6.811219e-05 1.048358e-02
748 1.415443e-04 3.795307e-02
749 1.903281e-04 1.586913e-01
750 8.478341e-06 6.441196e-03
751 1.552268e-05 1.096305e-02
752 2.769607e-07 1.936262e-03
753 6.419359e-07 2.968358e-03
754 3.849653e-04 7.752072e-02
755 3.801000e-05 1.660612e-02
756 2.047319e-04 1.770446e-02
757 6.220026e-08 1.513800e-03
758 6.310412e-05 1.312416e-02
759 8.168688e-05 1.520818e-02
760 1.240935e-06 2.212713e-03
761 7.610998e-05 1.276161e-02
762 1.878406e-05 1.198901e-02
763 1.310963e-07 1.960182e-03
764 5.924883e-06 9.673918e-03
765 4.915962e-08 1.044025e-02
766 1.670533e-06 5.358353e-03
767 7.842112e-06 5.565658e-03
768 5.449063e-05 1.178601e-02
769 2.920084e-06 6.931570e-03
770 3.649993e-04 3.481652e-02
771 2.788447e-06 3.357316e-03
772 1.675796e-08 1.549359e-03
773 4.992270e-06 1.597176e-02
774 5.033040e-07 1.933090e-03
775 9.059424e-05 7.062763e-02
776 2.658918e-04 4.131347e-02
777 3.127003e-04 1.934024e-02
778 1.004872e-05 2.097690e-02
779 4.835769e-04 4.932859e-02
780 2.191931e-05 1.020153e-02
781 3.796720e-05 2.806783e-02
782 8.057180e-06 3.575161e-03
783 1.902601e-05 7.515220e-03
784 1.723168e-06 5.945209e-03
785 9.276218e-05 1.291475e-02
786 4.244308e-05 1.889311e-02
787 3.858634e-05 1.310576e-02
788 3.415614e-05 1.652468e-02
789 1.070411e-07 1.345943e-03
790 7.056203e-04 7.589047e-02
791 1.912147e-05 7.087763e-03
792 3.430084e-06 4.575960e-03
793 2.473557e-05 7.861305e-03
794 8.553504e-06 4.600926e-03
795 2.911724e-03 4.290821e-01
796 2.750299e-07 3.120362e-03
797 1.024425e-03 1.470765e-01
798 1.553673e-03 2.232195e-01
799 6.498156e-06 3.754062e-03
800 3.638871e-04 1.984066e-02
801 1.339583e-06 4.043042e-03
802 1.117019e-04 3.388458e-02
803 4.319223e-04 6.419965e-02
804 5.867560e-05 1.409540e-02
805 3.994578e-07 3.962098e-03
806 7.353187e-04 7.733476e-02
807 1.001941e-04 4.805899e-02
808 2.831710e-06 3.400889e-03
809 6.566913e-04 2.050620e-01
810 2.590034e-05 6.939863e-03
811 1.947811e-05 2.557947e-02
812 2.127442e-06 6.760959e-03
813 1.816250e-06 5.567484e-03
814 3.709871e-05 8.259454e-03
815 3.513622e-05 2.253814e-02
816 9.344243e-04 7.824648e-02
817 1.510044e-03 2.721607e-01
818 4.771326e-06 3.467930e-03
819 2.811051e-04 8.640676e-02
820 1.146984e-04 2.848876e-02
821 2.776217e-05 2.460458e-02
822 1.288008e-07 3.547987e-03
823 3.637316e-06 9.188553e-03
824 1.207705e-04 2.437522e-02
825 5.217435e-05 2.370336e-02
826 2.878880e-05 6.544792e-03
827 2.757614e-05 4.121531e-03
828 7.363746e-05 2.762238e-02
829 9.002408e-05 1.214280e-02
830 9.056751e-04 9.778473e-02
831 1.840154e-05 6.789871e-03
832 1.793687e-05 6.431455e-03
833 9.261256e-06 2.079934e-02
834 2.568954e-05 2.031591e-02
835 3.168125e-07 2.239320e-03
836 4.050307e-08 1.025019e-03
837 5.022973e-06 1.434677e-02
838 1.763274e-05 3.289278e-03
839 1.171734e-05 1.418999e-02
840 5.516572e-05 3.388267e-02
841 6.970783e-05 2.150970e-02
842 9.626768e-04 2.486272e-01
843 7.364894e-05 1.997332e-02
844 4.278434e-05 3.455663e-02
845 1.428540e-05 3.192506e-02
846 8.985748e-05 1.002480e-02
847 9.941103e-05 9.245858e-03
848 2.967891e-04 6.532652e-02
849 6.602945e-06 5.586657e-03
850 4.880726e-03 4.494023e-01
851 3.747070e-05 9.455106e-03
852 5.486081e-04 1.467117e-01
853 6.536615e-04 8.710707e-02
854 2.657432e-04 6.561211e-02
855 1.732101e-04 1.089153e-01
856 1.051576e-04 2.737819e-02
857 6.405343e-04 1.637849e-01
858 5.310510e-06 1.932668e-02
859 2.985298e-07 3.849829e-03
860 6.054362e-05 3.510308e-02
861 9.369082e-08 1.636532e-03
862 3.659928e-05 1.659680e-02
863 3.200648e-04 2.889729e-02
864 7.880265e-06 7.089041e-03
865 4.697471e-04 4.853183e-02
866 4.295895e-04 9.740949e-02
867 4.399354e-03 3.084546e-01
868 2.221135e-06 6.122349e-03
869 1.064859e-05 3.204880e-02
870 6.086019e-05 3.874814e-02
871 1.400409e-05 2.498904e-02
872 5.430117e-04 1.570578e-01
873 6.697822e-05 6.685323e-02
874 9.530268e-04 8.908995e-02
875 7.823556e-06 5.144406e-03
876 2.673542e-09 1.062482e-03
877 1.176132e-06 9.312031e-03
878 1.002440e-03 1.682577e-01
879 5.147960e-04 5.734800e-02
880 8.854435e-06 9.787446e-03
881 1.182307e-07 2.286870e-03
882 1.640207e-04 5.050375e-02
883 1.155400e-03 2.726977e-01
884 1.475015e-04 5.439594e-02
885 9.528718e-05 5.124933e-02
886 5.256588e-07 7.819046e-03
887 1.000409e-05 1.304530e-02
888 9.350609e-06 1.203911e-02
889 3.612909e-06 2.262897e-02
890 7.788522e-06 2.284546e-02
891 9.111007e-04 1.676262e-01
892 4.272802e-07 2.843818e-03
893 7.055146e-05 3.363582e-02
894 4.298779e-06 5.949147e-03
895 2.994275e-04 5.199639e-02
896 6.633715e-06 5.416026e-02
897 1.788432e-04 4.506410e-02
898 9.605912e-06 7.698243e-03
899 4.602310e-06 1.375297e-02
900 2.848141e-05 1.534851e-02
901 3.897893e-04 6.432042e-02
902 8.652081e-07 2.045358e-03
903 1.157954e-04 3.018588e-02
904 3.993828e-06 2.099388e-02
905 1.097525e-06 6.643515e-03
906 3.879482e-06 8.111134e-03
907 4.348193e-07 2.044854e-03
908 5.793283e-07 8.954576e-03
909 9.708852e-05 2.273875e-02
910 1.098173e-04 2.398005e-02
911 3.515585e-06 2.109347e-02
912 1.050781e-05 1.003192e-02
913 7.319111e-07 3.365669e-03
914 3.613171e-07 7.468003e-03
915 3.921411e-04 3.949568e-02
916 8.868961e-08 2.824333e-03
917 1.264419e-07 2.386366e-03
918 1.560823e-07 2.626707e-03
919 1.860267e-04 1.502333e-01
920 2.678786e-07 6.476412e-03
921 5.218539e-06 3.425930e-03
922 7.045785e-06 1.591592e-02
923 4.201215e-08 5.129929e-03
924 8.210661e-04 1.312301e-01
925 1.879166e-04 4.282440e-02
926 3.226844e-05 3.286660e-02
927 3.490888e-04 9.961903e-02
928 7.965949e-05 4.190276e-02
929 4.631154e-04 1.004991e-01
930 3.802367e-05 3.385805e-02
931 8.394905e-06 1.160896e-02
932 1.170848e-04 3.603114e-02
933 1.384122e-07 2.967994e-03
934 1.693012e-05 7.135355e-03
935 5.828059e-07 3.516054e-03
936 1.352436e-04 2.333069e-02
937 1.218983e-07 5.812056e-03
938 1.756614e-07 2.371092e-03
939 7.538011e-06 9.610939e-03
940 7.295920e-05 8.863489e-02
941 2.519038e-06 3.295282e-03
942 2.527272e-04 1.120623e-01
943 2.327113e-05 1.883531e-02
944 2.670591e-09 1.972609e-03
945 7.308303e-05 1.906302e-02
946 1.774146e-07 2.216775e-03
947 3.021888e-05 1.755173e-02
948 2.771172e-07 1.508307e-03
949 3.129467e-05 1.630476e-02
950 2.115390e-04 6.787344e-02
951 2.020395e-06 3.009193e-02
952 6.201635e-05 3.618941e-02
953 1.185547e-08 2.417832e-03
954 2.400957e-05 3.368779e-02
955 4.718748e-06 4.027015e-03
956 3.033223e-05 1.462213e-02
957 8.270947e-05 2.306405e-02
958 1.054836e-04 1.796829e-02
959 2.997508e-05 1.934033e-02
960 1.542101e-07 2.430724e-03
961 1.074150e-06 9.492983e-03
962 1.918163e-06 1.071330e-02
963 5.580241e-07 3.477174e-03
964 1.159446e-06 1.854713e-03
965 4.835443e-04 2.550901e-02
966 3.383783e-05 6.497939e-03
967 1.801862e-06 7.723712e-03
968 7.509846e-05 2.570155e-02
969 2.402920e-04 6.191106e-02
970 2.912007e-05 1.578476e-02
971 5.280285e-06 6.982681e-03
972 4.775601e-05 3.134758e-02
973 1.227700e-05 7.355045e-03
974 1.294869e-05 5.142245e-03
975 1.215118e-04 7.725792e-02
976 6.734465e-04 2.322858e-01
977 2.200406e-05 9.841932e-03
978 1.945200e-05 2.199557e-02
979 6.882731e-07 2.870340e-03
980 1.415969e-05 1.989386e-02
981 7.723923e-05 1.438281e-02
982 5.776152e-07 1.363095e-03
983 6.226494e-07 3.763789e-03
984 1.628910e-05 1.885141e-02
985 1.269404e-04 5.567953e-02
986 1.265421e-03 2.287009e-01
987 1.370187e-06 6.128668e-03
988 5.955647e-07 2.034055e-03
989 1.709874e-04 2.017504e-02
990 1.580998e-06 2.198384e-03
991 1.315880e-03 3.173943e-01
992 6.508082e-06 6.306482e-03
993 4.003947e-06 8.860150e-03
994 4.505558e-09 1.343238e-03
995 4.080072e-06 1.471805e-02
996 1.576181e-03 3.142635e-01
997 4.669640e-06 7.437433e-03
998 1.002217e-05 3.535962e-03
999 5.608966e-05 1.663663e-02
1000 4.869495e-09 1.344350e-03
1001 3.081616e-06 8.763873e-03
1002 2.634850e-04 8.320602e-02
1003 1.440013e-04 1.510226e-02
1004 8.071875e-06 3.398396e-02
1005 1.053429e-06 1.954783e-03
1006 1.844388e-04 1.217796e-01
1007 5.390908e-07 2.984472e-03
1008 5.925757e-05 1.063885e-02
1009 5.871074e-07 1.958932e-03
1010 8.484772e-05 1.201978e-02
1011 8.200153e-07 1.724242e-02
1012 9.754154e-04 2.244682e-01
1013 7.055459e-06 1.117230e-02
1014 6.490950e-06 7.511178e-03
1015 4.853361e-05 2.926179e-02
1016 7.907113e-05 1.008987e-02
1017 2.042160e-03 1.600116e-01
1018 1.062804e-04 9.170123e-02
1019 1.427636e-07 1.927511e-03
1020 7.090302e-07 1.100762e-02
1021 5.691206e-06 1.322396e-02
1022 7.074775e-08 1.412284e-03
1023 7.111867e-06 1.693641e-02
1024 1.278917e-05 9.447374e-03
1025 4.938327e-08 1.525399e-03
1026 1.691344e-08 1.937341e-03
1027 1.410901e-05 8.595697e-03
1028 1.445401e-04 8.558308e-02
1029 1.480420e-05 5.485131e-03
1030 9.704930e-07 3.002073e-03
1031 1.697150e-06 9.316457e-03
1032 1.420481e-03 2.026891e-01
1033 8.864993e-08 1.546823e-03
1034 1.299759e-04 1.824845e-02
1035 2.401227e-05 1.250334e-02
1036 6.826210e-04 8.866005e-02
1037 1.311582e-07 3.017038e-03
1038 8.018911e-07 2.975214e-03
1039 2.952471e-05 8.107497e-03
1040 9.376343e-07 3.060518e-03
1041 1.754612e-03 1.469429e-01
1042 2.059916e-05 6.840970e-03
1043 3.942370e-08 1.236222e-03
1044 1.174149e-05 3.188618e-03
1045 2.777381e-07 2.379533e-03
1046 5.086834e-09 1.277272e-03
1047 8.036996e-08 1.276966e-03
1048 1.570478e-06 4.606561e-03
1049 1.447288e-07 1.156172e-03
1050 1.974539e-03 4.414585e-01
1051 5.513327e-05 3.645978e-02
1052 2.547801e-06 2.648731e-03
1053 6.078229e-05 7.454025e-03
1054 1.081816e-07 1.863575e-03
1055 6.915892e-08 1.155396e-03
1056 4.043627e-06 8.603905e-03
1057 3.743970e-05 1.155139e-02
1058 5.251900e-07 1.550454e-03
1059 2.621162e-04 3.213823e-02
1060 8.039841e-08 1.473767e-03
1061 1.839393e-06 2.734864e-03
1062 2.583934e-08 1.139610e-03
1063 1.560115e-05 2.423394e-02
1064 4.543659e-05 4.518739e-02
1065 1.887220e-08 1.806447e-03
1066 1.519491e-07 1.182159e-03
1067 1.602102e-05 1.262013e-02
1068 8.991886e-07 1.748266e-03
1069 2.562688e-06 2.717938e-03
1070 8.478510e-08 1.189414e-03
1071 2.823732e-06 1.725151e-03
1072 3.732986e-07 2.516045e-03
1073 1.429301e-07 1.332473e-03
1074 3.984935e-07 1.896828e-03
1075 5.455162e-07 3.685134e-03
1076 3.974279e-06 3.885448e-03
1077 3.089707e-06 5.105152e-03
1078 3.358032e-06 1.234650e-02
1079 1.327264e-06 4.424036e-03
1080 7.753664e-05 4.356130e-02
1081 2.483687e-04 4.552111e-02
1082 2.793661e-06 3.441453e-03
1083 1.066795e-05 4.285590e-03
1084 7.618196e-08 1.202391e-03
1085 6.749212e-07 1.753200e-03
1086 1.595317e-06 2.913960e-03
1087 6.026348e-07 1.368130e-03
1088 2.713388e-05 6.158053e-03
1089 9.521893e-07 1.311881e-03
1090 1.880453e-08 1.203400e-03
1091 7.465066e-07 1.637724e-03
1092 6.430199e-06 1.984892e-03
1093 3.618880e-05 2.241837e-02
1094 1.731146e-05 1.194229e-02
1095 3.342685e-06 2.849996e-03
1096 1.336033e-04 2.413869e-02
1097 3.958493e-05 4.828880e-02
1098 4.041829e-06 7.916571e-03
1099 8.185456e-08 3.594648e-03
1100 3.240042e-08 1.118044e-03
1101 1.046010e-05 2.387907e-02
1102 1.197679e-05 1.146524e-02
1103 1.828494e-06 3.812413e-03
1104 3.385494e-05 2.614977e-02
1105 8.024264e-08 2.105061e-03
1106 1.840123e-03 1.508493e-01
1107 2.920762e-07 2.581598e-03
1108 8.510689e-06 7.872411e-03
1109 1.522991e-08 1.817274e-03
1110 1.411110e-05 1.003843e-02
1111 5.715593e-07 2.166278e-03
1112 6.593491e-09 1.790030e-03
1113 1.168894e-05 1.400053e-02
1114 5.191064e-05 1.540203e-02
1115 2.663091e-04 1.339851e-01
1116 1.223533e-08 1.967986e-03
1117 9.945343e-04 1.665858e-01
1118 1.098793e-06 4.885467e-03
1119 6.011493e-05 2.800198e-02
1120 1.696969e-04 6.260029e-02
1121 3.370305e-05 6.255334e-03
1122 3.101833e-05 1.921841e-02
1123 2.667051e-06 3.553192e-03
1124 1.715354e-05 1.365984e-02
1125 3.171692e-06 3.926106e-03
1126 9.212658e-07 6.859328e-03
1127 4.221879e-07 4.332145e-03
1128 6.730365e-05 3.912110e-02
1129 8.183859e-05 7.025609e-03
1130 2.882952e-05 1.182059e-02
1131 8.773099e-05 6.642194e-02
1132 2.340804e-05 9.465166e-03
1133 6.969201e-07 2.140869e-03
1134 4.243780e-04 3.838976e-02
1135 1.077393e-04 1.154081e-02
1136 7.457184e-04 5.393434e-02
1137 1.503528e-05 2.194613e-02
1138 7.062416e-08 1.863627e-03
1139 7.761178e-06 5.849330e-03
1140 1.995723e-08 2.155510e-03
1141 7.757344e-06 5.095400e-03
1142 1.702351e-04 5.325354e-02
1143 4.458459e-05 7.724520e-02
1144 2.200383e-07 6.468381e-03
1145 1.029545e-05 2.349837e-02
1146 7.355640e-03 3.066904e-01
1147 2.277251e-04 5.027307e-02
1148 2.114194e-07 2.410183e-03
1149 2.916922e-04 9.070816e-02
1150 4.892506e-08 2.358991e-03
1151 5.358824e-04 7.390705e-02
1152 4.938327e-04 6.286899e-02
1153 6.789364e-06 5.501701e-03
1154 7.388713e-08 1.931265e-03
1155 3.759201e-03 1.766833e-01
1156 2.252991e-06 2.655072e-03
1157 6.386524e-04 2.745764e-02
1158 1.280546e-05 5.149868e-03
1159 2.445355e-08 1.510612e-03
1160 2.728815e-06 2.790824e-03
1161 2.008738e-05 1.923753e-02
1162 1.617140e-03 1.736846e-01
1163 6.834043e-05 9.201355e-03
1164 1.296664e-04 5.223420e-02
1165 3.098602e-03 3.685277e-01
1166 2.417026e-04 2.245524e-02
1167 1.191397e-04 1.074445e-01
1168 2.506767e-04 2.970804e-02
1169 1.443946e-06 7.957788e-03
1170 2.803074e-06 5.956747e-03
1171 3.834367e-06 9.788140e-03
1172 1.079033e-04 7.919127e-02
1173 1.011297e-08 1.100752e-03
1174 1.264015e-03 2.163626e-01
1175 8.086806e-05 2.242177e-02
1176 6.376504e-08 1.777839e-03
1177 5.233405e-04 8.153103e-02
1178 6.467416e-04 2.204648e-01
1179 9.944008e-05 1.731091e-02
1180 1.027177e-05 7.166685e-03
1181 2.711920e-06 1.861695e-03
1182 9.427568e-06 8.276814e-03
1183 1.968420e-03 9.957454e-02
1184 3.536814e-04 2.271331e-02
1185 2.810930e-06 1.066407e-02
1186 1.165202e-04 5.880645e-02
1187 7.562031e-04 3.840786e-02
1188 6.944109e-07 1.970710e-03
1189 4.133265e-07 2.550998e-03
1190 2.398162e-08 1.990811e-03
1191 3.750026e-06 2.646622e-03
1192 2.899063e-04 1.087335e-01
1193 4.766852e-07 3.220009e-03
1194 6.589719e-05 2.392607e-02
1195 2.286676e-03 1.415395e-01
1196 9.619661e-06 5.163306e-03
1197 1.445576e-06 3.436449e-03
1198 2.761190e-06 2.238931e-03
1199 2.173733e-03 1.128756e-01
1200 9.916963e-04 1.370035e-01
1201 1.096441e-08 1.124321e-03
1202 2.236003e-04 1.454441e-02
1203 7.581987e-05 3.447161e-02
1204 1.275348e-05 5.963384e-03
1205 9.110355e-09 1.941037e-03
1206 2.694233e-04 7.643799e-02
1207 1.371327e-05 4.715035e-03
1208 3.403811e-05 4.690481e-03
1209 2.795170e-04 5.457299e-02
1210 3.057469e-04 3.672756e-02
1211 7.869202e-05 2.376773e-02
1212 3.431203e-06 3.669895e-03
1213 7.824839e-07 4.961281e-03
1214 4.686114e-05 7.356868e-03
1215 7.892769e-07 2.591031e-03
1216 1.267735e-07 2.213894e-03
1217 1.324044e-05 2.723937e-02
1218 9.144993e-07 5.307622e-03
1219 6.521905e-06 1.197394e-02
1220 2.724539e-05 2.230614e-02
1221 7.242020e-05 2.039055e-02
1222 1.520386e-05 2.284482e-02
1223 1.476268e-04 3.131783e-02
1224 3.686365e-06 8.543128e-03
1225 8.080491e-06 2.732115e-03
1226 2.133370e-06 1.754239e-03
1227 1.292837e-05 5.252972e-03
1228 7.952357e-05 1.289908e-02
1229 7.735499e-05 2.553405e-02
1230 5.788316e-07 7.429425e-03
1231 8.661839e-05 3.635333e-02
1232 3.507875e-07 5.671075e-03
1233 3.994500e-05 2.081035e-02
1234 8.534078e-08 7.610327e-03
1235 1.563225e-05 5.031287e-02
1236 7.844019e-07 4.633115e-03
1237 3.973560e-04 1.299475e-01
1238 8.440799e-06 1.313120e-02
1239 6.685087e-06 6.621442e-03
1240 5.962448e-06 3.793832e-03
1241 3.775456e-05 5.739466e-03
1242 6.538600e-04 2.056842e-01
1243 3.486680e-04 4.467070e-02
1244 2.772734e-06 3.406439e-03
1245 4.877886e-06 6.274537e-03
1246 2.859884e-08 2.012514e-03
1247 2.514969e-05 4.784138e-03
1248 7.423368e-05 4.920570e-02
1249 6.541964e-07 9.758277e-03
1250 5.655248e-07 6.171879e-03
1251 5.006988e-06 1.404656e-02
1252 3.772767e-06 5.161203e-03
1253 9.981884e-04 2.153154e-01
1254 7.267288e-07 5.330194e-03
1255 2.199074e-05 2.080395e-02
1256 2.187531e-05 4.052477e-03
1257 2.455352e-04 7.801192e-02
1258 2.850731e-07 4.822441e-03
1259 8.607420e-05 4.870938e-02
1260 7.394652e-04 2.367524e-01
1261 1.255012e-05 4.906982e-03
1262 3.527514e-05 1.892530e-02
1263 4.048482e-05 4.600935e-02
1264 1.766061e-05 3.109513e-02
1265 9.428572e-06 9.162485e-03
1266 1.699985e-05 3.396682e-02
1267 3.565633e-06 1.734136e-02
1268 1.458992e-06 8.938341e-03
1269 5.631805e-05 1.206660e-02
1270 4.157774e-03 3.626582e-01
1271 2.611953e-03 1.261909e-01
1272 6.971095e-08 1.264733e-03
1273 1.335527e-04 3.253252e-02
1274 1.303842e-05 1.771472e-02
1275 1.542468e-04 3.997542e-02
1276 2.002955e-03 1.179008e-01
1277 1.174864e-03 1.133152e-01
1278 9.400293e-04 1.601287e-01
1279 2.711882e-06 2.275409e-03
1280 5.601077e-04 1.243820e-01
1281 1.863760e-05 5.971307e-03
1282 1.308397e-04 3.248941e-02
1283 1.822226e-05 2.005892e-02
1284 2.328632e-06 4.324978e-03
1285 2.650433e-04 6.740514e-02
1286 9.102637e-08 3.197822e-03
1287 1.476744e-04 2.395742e-02
1288 1.077451e-04 2.523960e-02
1289 2.140609e-05 1.200666e-02
1290 2.599428e-05 2.811773e-02
1291 6.996205e-05 1.051959e-02
1292 1.943242e-03 3.035237e-01
1293 3.238788e-07 3.303798e-03
1294 3.219258e-06 5.652744e-03
1295 3.246013e-06 3.232063e-03
1296 2.092911e-06 1.275563e-02
1297 1.440824e-04 5.181742e-02
1298 5.226740e-05 1.198945e-02
1299 2.069600e-05 5.235388e-03
1300 7.324843e-07 2.794403e-03
1301 1.032741e-06 3.065394e-03
1302 6.271166e-05 4.152088e-02
1303 4.570684e-05 7.689548e-03
1304 3.576623e-05 7.110199e-03
1305 1.780496e-04 3.141747e-02
1306 1.918402e-04 1.412626e-02
1307 2.504527e-05 5.243343e-03
1308 1.036558e-06 2.516738e-03
1309 7.409300e-05 3.940809e-02
1310 4.920360e-08 1.447351e-03
1311 1.423137e-03 3.262813e-01
1312 8.940087e-04 1.135627e-01
1313 6.074224e-07 1.714838e-03
1314 3.340352e-05 7.591030e-03
1315 3.760259e-06 2.980452e-03
1316 2.323319e-07 2.170434e-03
1317 2.158647e-08 1.374239e-03
1318 2.675682e-04 3.851213e-02
1319 1.373951e-03 1.792612e-01
1320 9.892316e-07 3.821896e-03
1321 8.987704e-06 1.291083e-02
1322 1.079067e-08 1.134847e-03
1323 1.610822e-06 2.157819e-03
1324 1.613152e-04 6.016668e-02
1325 3.082386e-06 9.577869e-03
1326 9.488378e-06 4.935693e-03
1327 4.906484e-05 2.264380e-02
1328 6.178696e-07 2.640942e-03
1329 1.229011e-04 1.854538e-02
1330 7.468980e-06 7.631325e-03
1331 6.269654e-07 2.105237e-03
1332 4.246748e-07 1.429692e-03
1333 4.403805e-05 1.388261e-02
1334 1.413722e-05 1.111770e-02
1335 8.209502e-07 1.163434e-02
1336 3.875494e-05 5.223103e-03
1337 4.547680e-04 2.662806e-02
1338 1.383432e-05 6.895567e-03
1339 1.406495e-03 8.120679e-02
1340 1.327061e-04 1.028472e-02
1341 1.543735e-03 2.639835e-01
1342 6.016067e-07 2.454294e-03
1343 9.222948e-07 2.126680e-03
1344 1.108840e-06 3.314743e-03
1345 8.689922e-06 1.332627e-02
1346 5.629906e-05 2.589959e-02
1347 1.229147e-07 1.347220e-03
1348 9.632918e-05 1.083133e-02
1349 3.409838e-04 1.076462e-01
1350 3.901187e-05 9.826216e-03
1351 1.692208e-04 1.361613e-02
1352 1.437775e-05 9.110878e-03
1353 1.718739e-05 1.010818e-02
1354 3.763459e-06 4.864892e-03
1355 1.072731e-05 8.889814e-03
1356 5.421692e-05 2.451336e-02
1357 1.320447e-06 6.002327e-03
1358 1.157065e-05 5.654709e-03
1359 2.404298e-07 2.040241e-03
1360 1.137854e-06 4.069917e-03
1361 2.790766e-05 9.651478e-03
1362 8.043518e-04 4.690656e-02
1363 3.740928e-06 5.821705e-03
1364 2.560991e-05 3.115147e-02
1365 5.042395e-06 4.395610e-03
1366 4.368685e-06 4.174479e-03
1367 2.166928e-07 1.728350e-03
1368 1.016867e-04 3.944008e-02
1369 1.937343e-08 2.456946e-03
1370 8.957166e-08 1.639910e-03
1371 1.590965e-04 2.831546e-02
1372 2.917658e-06 4.125278e-03
1373 1.038656e-05 4.967215e-03
1374 3.339924e-07 3.343430e-03
1375 2.647531e-05 7.703307e-03
1376 1.484304e-03 4.615215e-01
1377 1.725882e-05 9.066110e-03
1378 4.635201e-07 1.419577e-03
1379 8.147020e-06 3.962096e-03
1380 4.596833e-04 2.052555e-01
1381 1.200656e-06 3.161159e-03
1382 5.084044e-07 1.245060e-03
1383 3.413158e-05 1.934265e-02
1384 1.083438e-06 4.547716e-03
1385 7.054016e-07 4.415490e-03
1386 4.218624e-06 5.388288e-03
1387 1.384081e-04 8.636489e-03
1388 1.344769e-05 6.599409e-03
1389 1.908752e-06 3.160754e-03
1390 3.377611e-06 2.968747e-03
1391 9.957411e-06 8.558645e-03
1392 1.280684e-06 1.963625e-03
1393 5.970401e-07 7.636083e-03
1394 2.617760e-06 6.282549e-03
1395 5.161955e-05 3.734978e-02
1396 1.548512e-04 2.984309e-02
1397 4.296462e-06 3.056167e-03
1398 1.892938e-05 1.760790e-02
1399 6.193648e-05 2.103785e-02
1400 2.264206e-06 4.618597e-03
1401 2.454399e-04 6.754251e-02
1402 6.115156e-07 4.456649e-03
1403 1.649560e-05 4.846299e-03
1404 1.706208e-06 2.295901e-03
1405 2.283469e-06 3.886425e-03
1406 6.663205e-05 1.284126e-02
1407 4.704985e-07 2.723298e-03
1408 3.146548e-03 2.433775e-01
1409 2.349378e-05 4.868581e-02
1410 4.999838e-06 1.081009e-02
1411 1.466681e-05 1.084003e-02
1412 2.779386e-07 4.378655e-03
1413 1.161362e-09 1.143479e-03
1414 3.776159e-07 2.425626e-03
1415 4.124847e-06 5.766791e-03
1416 3.370125e-07 2.973893e-03
1417 1.621211e-05 3.504648e-03
1418 5.373847e-06 4.777997e-03
1419 1.873805e-06 4.427086e-03
1420 8.340182e-05 1.916987e-02
1421 1.805741e-05 1.179914e-02
1422 3.192776e-05 2.557159e-02
1423 4.851285e-07 3.809217e-03
1424 5.552702e-06 6.139495e-03
1425 8.333902e-06 6.255880e-03
1426 1.196881e-05 6.455248e-03
1427 7.192835e-06 4.713295e-03
1428 6.492279e-06 6.467991e-03
1429 5.747541e-05 1.244989e-02
1430 3.007047e-04 9.234496e-02
1431 1.749883e-05 3.020890e-02
1432 1.943170e-06 1.697383e-02
1433 1.185922e-05 7.385300e-03
1434 5.635183e-06 3.267173e-03
1435 2.439595e-06 3.153396e-03
1436 3.904545e-05 5.514443e-03
1437 2.227408e-06 2.310539e-03
1438 1.930434e-05 8.683567e-03
1439 1.617509e-03 1.792243e-01
1440 2.591255e-07 2.787844e-03
1441 1.415235e-07 1.736919e-03
1442 3.531841e-05 6.723439e-03
1443 5.626597e-06 4.580103e-03
1444 2.195148e-05 5.142616e-03
1445 3.587068e-05 8.516155e-03
1446 5.932121e-05 7.964061e-03
1447 7.949685e-03 4.605608e-01
1448 1.768017e-05 2.769910e-03
1449 1.003348e-06 3.007703e-03
1450 2.330881e-05 1.180748e-02
1451 2.308809e-04 3.017832e-02
1452 3.330495e-04 4.585078e-02
1453 1.337811e-07 2.956057e-03
1454 2.947250e-06 3.820722e-03
1455 4.620017e-05 7.323564e-03
1456 1.157742e-06 1.761570e-03
1457 7.517207e-06 2.245837e-03
1458 4.539389e-06 2.485330e-03
1459 1.107271e-05 5.438148e-03
1460 1.605141e-05 1.465708e-02
1461 3.047883e-06 2.017854e-03
1462 4.509711e-06 1.904905e-03
1463 4.481577e-07 1.479468e-03
1464 5.747066e-07 2.031614e-03
1465 1.681673e-07 1.399842e-03
1466 1.925671e-05 2.154969e-02
1467 8.312195e-04 2.639961e-02
1468 2.163926e-05 7.211755e-03
1469 3.411585e-05 1.349543e-02
1470 1.138639e-08 3.688675e-03
1471 4.708011e-05 9.444706e-03
1472 1.214571e-06 6.236352e-03
1473 3.091404e-06 3.791424e-03
1474 3.849789e-06 1.659749e-02
1475 3.878471e-08 1.746958e-03
1476 2.330083e-05 1.914769e-02
1477 5.104076e-09 1.745223e-03
1478 6.136712e-06 1.499060e-02
1479 7.867225e-06 1.030641e-02
1480 1.043125e-05 4.457538e-02
1481 2.121775e-05 2.779378e-02
1482 1.209988e-05 1.205626e-02
1483 3.499468e-05 5.969208e-03
1484 1.330301e-03 1.101106e-01
1485 1.126445e-04 2.969745e-02
1486 9.192173e-04 1.188154e-01
1487 8.397967e-07 2.000109e-03
1488 3.253389e-05 2.480122e-02
1489 2.886015e-06 1.554682e-03
1490 9.922112e-07 3.228485e-03
1491 7.189650e-05 4.546526e-02
1492 8.560202e-07 6.697083e-03
1493 2.092438e-06 1.160136e-02
1494 3.307404e-07 2.900915e-03
1495 6.592118e-05 1.154988e-02
1496 5.043303e-06 4.249776e-03
1497 2.280299e-03 1.415797e-01
1498 1.810850e-06 5.118225e-03
1499 1.579639e-08 2.923441e-03
1500 1.770198e-05 4.975616e-03
1501 9.001291e-06 5.054489e-03
1502 4.449273e-04 7.532138e-02
1503 5.239795e-04 1.101268e-01
1504 3.108470e-05 1.354568e-02
1505 1.365898e-06 5.597597e-03
1506 8.914542e-06 6.140664e-03
1507 1.774285e-04 2.024427e-02
1508 1.182182e-03 1.262009e-01
1509 1.267443e-06 4.423086e-03
1510 5.623148e-06 8.060642e-03
1511 8.771477e-05 8.132800e-03
1512 2.737904e-06 7.169574e-03
1513 3.293122e-05 8.477863e-03
1514 3.627179e-06 6.317974e-03
1515 1.126136e-03 2.711127e-01
1516 6.505544e-06 1.141959e-02
1517 1.257394e-03 1.430645e-01
1518 2.947526e-05 6.376674e-03
1519 1.728919e-05 1.022174e-02
1520 2.237920e-07 1.751106e-03
1521 7.170794e-07 7.155053e-03
1522 2.118655e-04 3.422089e-02
1523 6.637237e-06 9.151094e-03
1524 1.417227e-05 1.716455e-02
1525 1.321844e-04 2.969008e-02
1526 2.552342e-06 1.195727e-02
1527 1.749942e-04 1.887609e-02
1528 1.125069e-05 1.061310e-02
1529 2.046850e-05 6.664079e-03
1530 3.146466e-06 1.470729e-02
1531 7.923757e-05 1.501875e-02
1532 2.712869e-06 4.914479e-03
1533 3.404319e-06 6.569608e-03
1534 2.812560e-05 8.312240e-03
1535 3.152062e-07 1.580463e-03
1536 1.526569e-06 2.665785e-03
1537 4.551304e-06 3.827553e-03
1538 2.335800e-06 4.010155e-03
1539 3.073876e-06 2.326463e-03
1540 6.686598e-05 2.439058e-02
1541 1.000353e-03 1.963294e-01
1542 1.050681e-04 7.582025e-02
1543 5.415412e-04 1.439842e-01
1544 5.613123e-06 9.063051e-03
1545 5.747574e-05 4.983666e-02
1546 1.156499e-05 7.341924e-03
1547 5.633569e-04 1.684660e-01
1548 2.047669e-05 1.730068e-02
1549 4.706443e-06 4.315277e-03
1550 8.496790e-08 4.401882e-03
1551 4.306909e-06 5.411335e-03
1552 2.339865e-03 1.361817e-01
1553 7.768545e-04 3.472030e-01
1554 1.384917e-05 9.490232e-03
1555 7.184973e-04 1.600602e-01
1556 8.873828e-05 1.363064e-02
1557 1.108332e-03 1.017496e-01
1558 2.333554e-04 4.930075e-02
1559 3.060291e-06 1.049828e-02
1560 4.146846e-04 4.931049e-02
1561 1.672589e-03 1.708982e-01
1562 9.858214e-07 6.899709e-03
1563 3.991527e-05 1.148345e-02
1564 3.041481e-03 1.291032e-01
1565 2.485041e-05 1.475086e-02
1566 2.497679e-07 5.303791e-03
1567 5.824683e-03 8.741255e-01
1568 1.941918e-06 1.430326e-02
1569 7.556631e-05 9.341357e-03
1570 3.461521e-03 3.533631e-01
1571 3.952152e-06 2.367785e-03
1572 3.792834e-04 1.463573e-02
1573 1.525096e-03 1.989746e-01
1574 5.714539e-05 1.172364e-02
1575 2.803395e-06 1.791693e-02
1576 3.692873e-04 6.638932e-02
1577 4.116010e-04 1.863759e-01
1578 9.827098e-05 3.678924e-02
1579 3.768285e-06 4.844040e-03
1580 1.242725e-03 3.248399e-01
1581 4.248629e-05 1.586503e-02
1582 9.751998e-06 3.401500e-03
1583 2.250984e-04 5.076900e-02
1584 1.328587e-05 1.422894e-02
1585 5.807208e-04 1.735414e-01
1586 2.140060e-05 1.110612e-02
1587 4.215068e-05 4.115461e-03
1588 1.477071e-04 1.852539e-02
1589 9.966925e-08 2.910918e-03
1590 3.133335e-06 3.796419e-03
1591 6.543510e-07 4.374356e-03
1592 7.118183e-06 4.758990e-03
1593 3.403512e-06 3.261004e-03
1594 2.999399e-05 1.086775e-02
1595 1.743754e-07 4.130844e-03
1596 3.180059e-05 3.004916e-02
1597 5.377301e-06 7.946322e-03
1598 5.961955e-05 7.174828e-03
1599 7.033226e-05 1.170888e-01
1600 3.666665e-06 9.756733e-03
1601 2.596021e-08 3.281877e-03
1602 2.638802e-03 4.157762e-01
1603 1.149222e-05 7.822135e-03
1604 5.383277e-05 8.343938e-03
1605 8.327446e-05 9.365657e-03
1606 4.629239e-04 1.764970e-01
1607 1.702227e-04 9.419443e-02
1608 3.856928e-06 4.728709e-03
1609 1.134662e-03 7.145206e-02
1610 5.669659e-04 3.334152e-01
1611 1.261439e-05 1.287490e-02
1612 9.625117e-06 3.740389e-03
1613 2.431422e-08 1.207324e-03
1614 1.297919e-04 2.315658e-02
1615 1.434174e-04 1.292275e-01
1616 2.220297e-07 2.595300e-03
1617 2.086526e-07 3.398408e-03
1618 3.448720e-06 2.482278e-03
1619 1.063613e-04 7.553749e-02
1620 2.522608e-05 5.291360e-02
1621 7.406758e-06 9.926837e-02
1622 2.989818e-05 1.725480e-02
1623 1.198373e-04 5.132971e-02
1624 6.375457e-04 1.939040e-01
1625 6.006354e-07 4.389761e-03
1626 1.111542e-04 4.898348e-02
1627 8.989681e-06 1.628059e-02
1628 3.876882e-04 5.652999e-02
1629 2.888168e-04 1.374473e-01
1630 1.218036e-03 2.595504e-01
1631 1.567809e-04 7.670416e-02
1632 2.222641e-04 6.217671e-02
1633 2.849523e-07 3.091594e-03
1634 2.897374e-06 6.548109e-03
1635 1.051594e-07 1.153923e-03
1636 3.844917e-07 2.929340e-03
1637 2.737280e-07 1.692846e-03
1638 5.341455e-07 3.075679e-03
1639 5.888805e-08 1.850385e-03
1640 7.717607e-05 3.923023e-02
1641 1.898051e-04 5.178377e-02
1642 1.527422e-03 2.628841e-01
1643 1.053145e-05 2.318506e-02
1644 1.893207e-05 8.616240e-03
1645 5.208084e-05 6.687607e-03
1646 2.086109e-03 6.350500e-01
1647 2.169287e-05 1.355916e-02
1648 3.551367e-06 3.594976e-03
1649 2.106620e-03 2.509152e-01
1650 2.184322e-04 4.708560e-02
1651 3.301262e-06 4.208612e-03
1652 3.938663e-04 6.483865e-02
1653 4.351178e-03 1.914550e-01
1654 6.487813e-06 2.238154e-02
1655 9.663043e-04 1.131589e-01
1656 1.869555e-05 1.703484e-02
1657 8.977704e-06 1.088899e-02
1658 4.667902e-06 4.846148e-03
1659 8.027766e-05 1.527119e-02
1660 4.510897e-04 2.157158e-02
1661 4.501253e-05 2.552918e-02
1662 5.332303e-05 7.449197e-03
1663 3.799101e-04 8.362184e-02
1664 3.707800e-05 1.043961e-02
1665 1.832389e-05 9.260257e-03
1666 4.143121e-04 5.273833e-02
1667 6.832011e-05 3.175618e-02
1668 3.536816e-08 8.869706e-04
1669 8.918684e-06 1.146399e-02
1670 7.839063e-06 3.102653e-03
1671 4.753645e-05 2.121855e-02
1672 1.275546e-04 1.471328e-01
1673 3.563298e-05 1.744208e-02
1674 3.254094e-06 9.298160e-03
1675 4.575444e-05 1.255671e-02
1676 2.712647e-06 2.744381e-03
1677 1.094919e-06 7.046105e-03
1678 1.223038e-06 3.580318e-03
1679 8.730832e-09 1.409274e-03
1680 2.224342e-04 3.189868e-02
1681 3.018451e-05 2.211591e-02
1682 2.973648e-05 1.526962e-02
1683 3.850448e-07 1.739854e-03
1684 1.936469e-06 3.599621e-03
1685 2.143795e-05 1.435603e-02
1686 4.710251e-04 5.183751e-02
1687 3.881486e-05 3.005443e-02
1688 2.348873e-04 3.164218e-02
1689 2.605972e-04 6.154468e-02
1690 1.836560e-06 1.718655e-03
1691 9.017317e-07 1.740329e-03
1692 3.020372e-06 5.405564e-03
1693 4.883585e-04 3.641969e-02
1694 1.843413e-04 4.098564e-02
1695 3.459657e-06 2.624388e-03
1696 1.034415e-03 1.540209e-01
1697 5.752210e-06 8.357807e-03
1698 3.154837e-04 9.028977e-02
1699 1.431548e-03 3.326122e-01
1700 8.257043e-07 4.121964e-03
1701 7.385231e-05 4.251099e-02
1702 6.473592e-05 8.298322e-02
1703 1.866808e-05 5.587934e-02
1704 2.216011e-06 1.556636e-03
1705 3.397871e-07 1.959368e-03
1706 2.504217e-06 2.434063e-03
1707 8.425060e-05 4.128416e-02
1708 9.948493e-07 8.050819e-03
1709 2.765250e-05 1.483830e-02
1710 4.582161e-06 1.137661e-02
1711 5.921175e-04 8.697694e-02
1712 7.722202e-05 4.386400e-02
1713 8.312378e-05 9.670421e-03
1714 1.344064e-04 3.534141e-02
1715 9.341264e-06 6.115264e-03
1716 2.191040e-07 4.398202e-03
1717 5.566733e-05 2.507620e-02
1718 1.095076e-05 1.175864e-02
1719 1.662066e-06 7.580827e-03
1720 4.153711e-06 9.118519e-03
1721 1.133281e-05 3.119791e-02
1722 4.058894e-06 8.331813e-03
1723 1.682476e-03 2.701722e-01
1724 3.439120e-06 2.985828e-03
1725 3.380058e-05 1.469918e-02
1726 2.351470e-04 7.209521e-02
1727 4.529488e-05 2.592374e-02
1728 1.148469e-03 5.217274e-02
1729 3.562183e-06 4.005090e-03
1730 4.967588e-04 8.120500e-02
1731 8.511986e-06 6.486754e-03
1732 2.420795e-07 1.887378e-03
1733 7.038461e-10 1.011494e-03
1734 3.762791e-05 2.700209e-02
1735 2.453437e-05 2.406612e-02
1736 6.827989e-09 1.148386e-03
1737 2.056117e-05 1.389128e-02
1738 7.830056e-06 3.090165e-03
1739 5.524245e-05 1.247672e-02
1740 1.959910e-04 6.391133e-02
1741 8.207071e-08 4.424930e-03
1742 4.265072e-04 9.777093e-02
1743 4.015661e-04 4.519411e-02
1744 1.716500e-04 3.022157e-02
1745 2.634115e-05 1.036805e-02
1746 3.022668e-06 2.641323e-03
1747 1.749330e-06 6.581935e-03
1748 3.368547e-03 3.837210e-01
1749 1.214578e-05 8.840541e-03
1750 3.710083e-06 8.484595e-03
1751 1.216821e-06 6.279629e-03
1752 9.850257e-07 2.113508e-03
1753 1.302950e-04 4.206203e-02
1754 1.087143e-06 5.229619e-03
1755 2.885039e-06 6.014072e-03
1756 1.738688e-05 1.897091e-02
1757 7.675087e-06 1.437113e-02
1758 1.275625e-03 6.170855e-02
1759 4.458452e-06 4.881429e-03
1760 1.812973e-03 2.516605e-01
1761 6.149492e-07 7.036906e-03
1762 4.900710e-06 3.891184e-03
1763 7.049868e-06 1.130709e-02
1764 1.928940e-06 6.657050e-03
1765 1.621447e-05 1.760460e-02
1766 6.678025e-06 4.187864e-03
1767 1.058249e-05 6.177564e-03
1768 2.172585e-04 2.892779e-02
1769 7.539149e-06 1.613937e-02
1770 4.896998e-06 8.328813e-03
1771 1.307614e-05 9.534165e-03
1772 1.429816e-03 2.306009e-01
1773 6.425904e-04 1.562926e-01
1774 4.703308e-07 2.924837e-03
1775 8.010449e-07 2.808595e-03
1776 2.299162e-06 1.926692e-02
1777 1.105821e-05 1.160508e-02
1778 2.783250e-06 6.996403e-03
1779 5.450753e-06 1.671261e-02
1780 3.269570e-07 2.800827e-03
1781 2.153569e-08 1.303813e-03
1782 2.815941e-07 3.165006e-03
1783 3.764163e-06 6.748250e-03
1784 6.460464e-05 2.302874e-02
1785 6.189705e-06 3.994437e-03
1786 4.023648e-05 3.087959e-02
1787 3.489421e-03 1.639833e-01
1788 2.259203e-07 4.430815e-03
1789 1.858954e-05 3.121733e-02
1790 9.987171e-07 2.140143e-03
1791 1.587646e-05 5.265239e-03
1792 6.326542e-06 5.470810e-03
1793 1.900127e-06 9.459425e-03
1794 3.090935e-04 2.540597e-02
1795 9.029901e-06 3.470195e-03
1796 1.519950e-03 1.830468e-01
1797 3.830331e-06 1.732434e-02
1798 5.436893e-07 6.392506e-03
1799 1.965505e-06 2.805541e-03
1800 1.610913e-04 4.880353e-02
1801 2.764965e-06 3.698544e-03
1802 1.805728e-04 2.689234e-02
1803 6.697826e-07 2.007077e-03
1804 7.927878e-06 2.264866e-03
1805 2.356796e-07 1.101352e-02
1806 4.990211e-06 5.178162e-03
1807 1.048473e-06 1.526640e-03
1808 3.771999e-03 4.852598e-01
1809 1.931723e-05 9.714203e-03
1810 8.566167e-04 7.116876e-02
1811 5.272608e-06 7.710611e-03
1812 9.051183e-07 5.896684e-03
1813 4.376794e-05 1.303387e-02
1814 1.187842e-06 2.788427e-03
1815 3.316443e-05 2.237100e-02
1816 1.375291e-05 2.061070e-02
1817 1.040812e-05 4.343019e-03
1818 1.957822e-06 4.693010e-03
1819 4.192474e-09 2.082318e-03
1820 3.042673e-07 1.585052e-03
1821 3.581816e-07 3.395132e-03
1822 8.056890e-04 7.042592e-02
1823 3.985268e-06 3.779969e-02
1824 1.218145e-05 4.486009e-02
1825 2.667422e-03 1.851554e-01
1826 6.777317e-04 1.161880e-01
1827 1.791377e-04 2.895330e-02
1828 5.810853e-05 1.344077e-02
1829 2.019424e-05 9.048839e-03
1830 1.511123e-06 2.916656e-03
1831 1.588122e-07 1.689791e-03
1832 3.488196e-06 1.419255e-02
1833 4.406764e-06 6.092455e-03
1834 1.047708e-06 3.466299e-03
1835 6.674333e-07 3.518713e-03
1836 1.929221e-03 1.088491e-01
1837 8.074911e-04 1.612169e-01
1838 4.969677e-05 6.062107e-03
1839 7.367433e-05 3.437539e-02
1840 1.324269e-04 3.043546e-02
1841 3.014068e-04 4.394057e-02
1842 2.414261e-06 6.706705e-03
1843 6.398740e-06 8.128931e-03
1844 1.060700e-06 2.730455e-03
1845 2.206574e-05 1.736673e-02
1846 1.082707e-07 3.504129e-03
1847 1.759943e-04 5.541874e-02
1848 5.542077e-08 2.202284e-03
1849 1.758614e-06 1.361318e-02
1850 3.970140e-06 1.470849e-02
1851 1.140649e-05 3.526449e-02
1852 1.855778e-05 1.521258e-02
1853 2.487772e-04 3.493664e-02
1854 1.688780e-04 1.046173e-01
1855 6.735631e-05 2.970044e-02
1856 1.621342e-07 2.264607e-03
1857 1.952697e-06 4.589539e-03
1858 3.655992e-06 3.416783e-03
1859 1.099810e-06 3.172052e-03
1860 3.948455e-05 2.120319e-02
1861 9.101934e-07 7.324186e-03
1862 1.006137e-03 2.199033e-01
1863 1.444656e-06 2.990740e-03
1864 1.777827e-06 2.575818e-03
1865 1.754115e-06 1.131923e-02
1866 3.247099e-04 3.829593e-02
1867 4.831200e-08 2.607807e-03
1868 8.438190e-05 5.296916e-03
1869 1.333085e-03 1.752976e-01
1870 1.124432e-05 5.528674e-03
1871 5.500813e-06 1.083981e-02
1872 3.409407e-07 7.159025e-03
1873 2.413153e-07 1.828956e-03
1874 7.313717e-07 2.057799e-03
1875 1.319963e-03 1.534091e-01
1876 3.845118e-07 2.397930e-03
1877 1.065738e-06 2.803001e-03
1878 4.687463e-07 6.488338e-03
1879 2.109090e-06 1.142343e-02
1880 1.048531e-04 1.923905e-02
1881 5.355128e-06 4.428013e-02
1882 3.861803e-06 3.864131e-03
1883 2.207943e-05 1.247671e-02
1884 1.513913e-03 6.673451e-02
1885 2.233524e-06 5.802929e-03
1886 2.843980e-05 7.420210e-03
1887 4.249543e-05 1.839987e-02
1888 2.302379e-06 2.832595e-03
1889 3.918518e-07 1.292349e-03
1890 1.211574e-05 1.097282e-02
1891 2.317864e-04 1.013957e-01
1892 2.615448e-05 1.312915e-02
1893 1.133789e-04 3.101530e-02
1894 2.035418e-03 3.931964e-01
1895 3.061202e-05 4.073620e-02
1896 2.636210e-04 6.493355e-02
1897 7.162065e-07 3.912645e-03
1898 4.025190e-05 4.478721e-02
1899 2.028221e-05 8.277472e-03
1900 1.491312e-04 3.559600e-02
1901 1.923783e-05 3.855433e-03
1902 1.530029e-07 1.830151e-03
1903 2.498976e-05 1.022112e-02
1904 4.658229e-06 7.567402e-03
1905 2.770588e-06 4.822695e-03
1906 7.738361e-06 5.089665e-03
1907 9.327853e-08 3.754346e-03
1908 3.534964e-07 1.643932e-03
1909 1.860520e-05 5.475095e-03
1910 5.948731e-04 4.711236e-02
1911 3.303675e-04 2.563282e-02
1912 4.246524e-04 4.988562e-02
1913 1.509747e-04 5.285522e-02
1914 3.984267e-06 4.388791e-03
1915 3.134766e-07 7.884221e-03
1916 1.392409e-03 4.502953e-01
1917 2.010140e-04 2.156933e-01
1918 1.747186e-05 2.806516e-02
1919 2.300084e-05 1.248050e-02
1920 1.122784e-04 1.091721e-02
1921 2.849370e-07 1.359671e-03
1922 6.219013e-06 3.650973e-03
1923 1.091302e-05 2.346729e-03
1924 8.947600e-07 2.259416e-03
1925 9.617871e-07 2.027425e-03
1926 5.624811e-04 7.181595e-02
1927 5.485053e-06 1.103603e-02
1928 6.644849e-07 1.762616e-03
1929 4.513809e-05 8.242349e-03
1930 2.197827e-05 1.656924e-02
1931 1.066915e-04 1.466201e-02
1932 1.497659e-05 3.306190e-02
1933 3.977579e-05 1.446849e-02
1934 6.928244e-05 5.723213e-02
1935 1.238085e-05 1.328768e-02
1936 8.018683e-06 1.193016e-02
1937 5.876537e-06 4.604345e-03
1938 2.600163e-07 2.005008e-03
1939 1.151654e-03 1.769203e-01
1940 8.852298e-06 2.225704e-02
1941 3.716807e-05 1.379499e-02
1942 4.590295e-04 6.435963e-02
1943 3.568642e-05 3.128694e-02
1944 4.595148e-04 8.948205e-02
1945 2.399156e-04 2.409269e-02
1946 1.242840e-05 4.851094e-03
1947 1.368987e-05 3.026978e-03
1948 9.185061e-08 1.704292e-03
1949 3.568411e-05 8.155042e-02
1950 8.643692e-05 1.643536e-02
1951 1.770088e-05 3.780979e-02
1952 5.121038e-06 6.491842e-03
1953 1.539441e-04 2.312507e-02
1954 2.154476e-04 6.195915e-02
1955 2.282755e-05 7.931335e-03
1956 3.705255e-04 3.185565e-02
1957 1.152444e-05 7.340097e-03
1958 7.271723e-05 1.583497e-02
1959 1.305174e-05 2.544932e-02
1960 1.157151e-04 2.355121e-02
1961 5.860121e-04 7.111606e-02
1962 3.335926e-04 3.091140e-02
1963 1.709352e-04 4.781802e-02
1964 3.029211e-06 3.741755e-03
1965 1.218333e-05 1.409865e-02
1966 1.429260e-06 6.535278e-03
1967 6.226182e-05 5.073664e-02
1968 1.753178e-07 2.095724e-03
1969 2.243276e-04 3.380501e-02
1970 2.892346e-04 4.628116e-02
1971 1.371577e-03 1.775296e-01
1972 3.768497e-05 5.557316e-03
1973 3.963791e-04 1.036403e-01
1974 6.331416e-07 4.205315e-03
1975 1.200793e-03 1.113891e-01
1976 2.716932e-04 5.337004e-02
1977 9.123666e-06 5.739836e-03
1978 5.573786e-07 4.018145e-03
1979 6.631468e-05 3.582482e-02
1980 1.584192e-05 3.911568e-03
1981 2.168709e-04 4.223795e-02
1982 2.173779e-06 2.703250e-03
1983 5.963923e-07 2.067937e-03
1984 4.527657e-05 2.637992e-02
1985 3.791010e-05 9.852877e-03
1986 7.277567e-06 4.584343e-03
1987 4.753882e-06 3.466318e-02
1988 1.376304e-03 1.109799e-01
1989 5.229879e-07 1.380721e-03
1990 7.359627e-06 3.671281e-03
1991 1.625085e-05 6.376989e-03
1992 1.052817e-03 1.222793e-01
1993 1.161972e-07 1.177071e-03
1994 1.152523e-07 1.244253e-03
1995 3.909844e-04 4.419709e-02
1996 1.400459e-05 4.486735e-03
1997 2.063343e-06 1.973259e-03
1998 3.197135e-05 6.435271e-03
1999 1.176731e-03 3.188385e-02
2000 9.360598e-07 2.467165e-03
2001 3.160738e-06 2.950424e-03
