2 8.222863e-04 8.394429e-02
3 2.293153e-03 2.843830e-01
4 5.083820e-04 1.388219e-01
5 2.585998e-04 6.923134e-02
6 2.883390e-03 4.887210e-01
7 7.878162e-04 7.648854e-02
8 1.614647e-04 4.474698e-02
9 6.137080e-06 7.548424e-03
10 2.357489e-04 2.077352e-02
11 1.523854e-03 1.740393e-01
12 6.281093e-05 9.100357e-03
13 3.128737e-03 1.773424e-01
14 1.862147e-04 5.091257e-02
15 2.298958e-04 3.766218e-02
16 1.041818e-04 4.707739e-02
17 5.014831e-05 8.931727e-03
18 1.238826e-04 7.802529e-02
19 2.144602e-03 1.473517e-01
20 2.879936e-03 1.863247e-01
21 1.182922e-03 5.647596e-02
22 1.625280e-04 2.177612e-02
23 2.767557e-03 1.523395e-01
24 9.817246e-04 1.167670e-01
25 1.501654e-04 1.875559e-02
26 1.704598e-03 2.879303e-01
27 3.392561e-04 3.116776e-02
28 1.706578e-04 1.710841e-02
29 1.749150e-03 2.926614e-01
30 1.507610e-05 7.031347e-03
31 7.312051e-05 2.336382e-02
32 1.715089e-03 1.324104e-01
33 7.508277e-05 7.884212e-03
34 5.871345e-05 4.825117e-03
35 1.167478e-03 1.189416e-01
36 1.428195e-04 2.125584e-02
37 1.785312e-03 2.624558e-01
38 2.502027e-03 3.193067e-01
39 1.278298e-03 3.272639e-01
40 1.488551e-03 1.099269e-01
41 8.133937e-06 6.465822e-03
42 2.102623e-03 2.784588e-01
43 6.306843e-05 9.134229e-03
44 3.795783e-06 2.653249e-03
45 2.336012e-06 2.576952e-03
46 2.543121e-07 1.412625e-03
47 1.207700e-05 5.877419e-03
48 1.382992e-05 6.496045e-03
49 2.325217e-05 8.562661e-03
50 1.640588e-04 2.580483e-02
51 1.074874e-06 3.045252e-03
52 8.199113e-06 5.347017e-03
53 1.245605e-05 5.364862e-03
54 3.169099e-06 4.151379e-03
55 3.776632e-06 3.221043e-03
56 6.151170e-05 1.290528e-02
57 2.770610e-04 1.335925e-02
58 4.553536e-07 1.696384e-03
59 2.698388e-05 8.609926e-03
60 5.607268e-07 2.264177e-03
61 2.010746e-06 4.089125e-03
62 2.322205e-07 1.233077e-03
63 1.218816e-05 5.206677e-03
64 5.899427e-05 1.034184e-02
65 1.441539e-06 2.288114e-03
66 2.102006e-05 4.413325e-03
67 6.973138e-06 4.609241e-03
68 2.630411e-05 8.547714e-03
69 2.676165e-05 5.841952e-03
70 2.294920e-03 1.167186e-01
71 4.793954e-07 4.402310e-03
72 7.138367e-05 8.223276e-03
73 5.696738e-06 3.300444e-03
74 2.334087e-06 5.516906e-03
75 1.800676e-05 5.210507e-03
76 9.034406e-06 5.651070e-03
77 3.027598e-06 3.895720e-03
78 1.104321e-04 1.984231e-02
79 6.984182e-05 8.730774e-03
80 1.292960e-04 5.105734e-02
81 3.093328e-06 2.959269e-03
82 7.464012e-05 3.159735e-02
83 1.075796e-06 2.479667e-03
84 1.653275e-05 1.192790e-02
85 3.800153e-06 7.527988e-03
86 1.920815e-05 8.577096e-03
87 3.474247e-04 6.198640e-02
88 1.238929e-06 2.752759e-03
89 1.645876e-04 1.204544e-02
90 4.809564e-04 9.564402e-02
91 1.044442e-04 9.173022e-03
92 4.344245e-04 4.839205e-02
93 1.708684e-04 1.631599e-02
94 1.437347e-05 8.062528e-03
95 2.186958e-06 5.278171e-03
96 4.243434e-05 5.955272e-03
97 1.842448e-05 1.048892e-02
98 1.787647e-05 5.101481e-03
99 9.643623e-04 1.975859e-01
100 5.446693e-03 1.962007e-01
101 3.399820e-04 7.901476e-02
102 5.475160e-05 4.420121e-03
103 4.889465e-04 8.742284e-02
104 4.257921e-06 2.430964e-02
105 1.767710e-04 2.230301e-02
106 2.514141e-04 3.725565e-02
107 8.256282e-06 1.158768e-02
108 7.401056e-04 7.175300e-02
109 4.180088e-05 1.099539e-02
110 1.621113e-05 3.682809e-03
111 3.069324e-05 9.410471e-03
112 6.073179e-05 1.764168e-02
113 7.539759e-04 3.707982e-02
114 1.421850e-05 8.212199e-03
115 1.071255e-04 1.262594e-02
116 4.983544e-04 4.311612e-02
117 2.885155e-05 4.868623e-03
118 1.307495e-06 3.616146e-03
119 3.976212e-03 1.365423e-01
120 1.247634e-04 1.296850e-02
121 2.418673e-05 7.238071e-03
122 2.124814e-05 4.731511e-03
123 1.831157e-04 2.001117e-02
124 5.596465e-05 7.230796e-03
125 6.355243e-04 9.274574e-02
126 1.398862e-05 4.826699e-03
127 1.014199e-05 1.088895e-02
128 2.814201e-03 2.773195e-01
129 1.184737e-03 2.215320e-01
130 1.174833e-04 5.251088e-02
131 1.036573e-03 9.760854e-02
132 1.010795e-04 2.241157e-02
133 5.838589e-03 4.163157e-01
134 6.358222e-05 1.218004e-02
135 6.721145e-04 4.487065e-02
136 8.257580e-07 2.266600e-03
137 2.139526e-05 1.255169e-02
138 9.439099e-06 3.516697e-03
139 4.842194e-05 6.952300e-03
140 6.026842e-05 2.019914e-02
141 5.001560e-06 6.759003e-03
142 4.143784e-04 4.022309e-02
143 2.228322e-04 7.615951e-02
144 1.580720e-03 8.117197e-02
145 2.327876e-04 3.756837e-02
146 1.731964e-05 9.949718e-03
147 4.453190e-04 3.152487e-02
148 3.064631e-05 4.991851e-03
149 1.647736e-04 6.425600e-02
150 3.432704e-04 4.757504e-02
151 1.510051e-04 1.877796e-02
152 4.886012e-05 3.209947e-02
153 9.937182e-06 8.148218e-03
154 4.117204e-05 1.024919e-02
155 4.173433e-06 2.688920e-03
156 3.535153e-05 1.115823e-02
157 1.658139e-05 1.192904e-02
158 4.170600e-08 3.778165e-03
159 5.814413e-05 1.555016e-02
160 1.444387e-05 9.048440e-03
161 1.163276e-05 4.394381e-03
162 6.026490e-05 1.378687e-02
163 7.520988e-05 1.386762e-02
164 1.897383e-05 4.294964e-03
165 1.806260e-06 1.564339e-03
166 2.964036e-06 1.956409e-03
167 1.069526e-05 6.640386e-03
168 1.103140e-05 3.995018e-03
169 1.137951e-04 1.130171e-02
170 1.555869e-05 4.947944e-03
171 2.046281e-04 2.639188e-02
172 1.362051e-03 9.728790e-02
173 8.122319e-04 4.894567e-02
174 1.151566e-03 1.149297e-01
175 5.910375e-07 1.250432e-03
176 3.733952e-05 9.587116e-03
177 4.585620e-07 3.170277e-03
178 7.607702e-06 7.495813e-03
179 3.752823e-05 8.725103e-03
180 2.470873e-07 1.268984e-03
181 2.083313e-04 8.107015e-02
182 1.205108e-04 1.619691e-02
183 3.145957e-04 1.571273e-02
184 9.816473e-06 7.513890e-03
185 4.488517e-07 1.505829e-03
186 2.847987e-04 3.612214e-02
187 1.670336e-03 3.304690e-01
188 1.301166e-04 2.349436e-02
189 3.295501e-05 7.217827e-03
190 3.616850e-06 4.654528e-03
191 5.125994e-06 6.519730e-03
192 6.153242e-06 5.250943e-03
193 6.713307e-06 5.910375e-03
194 9.790409e-06 5.262546e-03
195 9.358872e-05 1.362629e-02
196 1.454228e-05 7.542576e-03
197 2.602932e-05 1.960145e-02
198 1.754834e-05 1.171378e-02
199 1.843427e-05 1.436428e-02
200 4.655918e-04 4.880846e-02
201 3.349111e-04 7.046954e-02
202 3.542346e-05 1.058214e-02
203 9.556470e-04 1.039104e-01
204 2.141057e-06 3.870146e-03
205 7.774291e-05 1.508414e-02
206 1.193809e-04 1.632424e-02
207 3.142015e-05 2.989502e-02
208 4.167786e-04 7.669796e-02
209 1.487300e-04 2.689896e-02
210 6.633540e-05 5.093732e-02
211 2.197422e-04 2.850677e-02
212 7.729951e-06 4.422634e-03
213 5.468115e-05 1.282671e-02
214 1.591280e-05 1.162847e-02
215 5.418688e-06 1.192545e-02
216 3.747310e-05 3.466914e-02
217 4.993938e-06 2.472989e-03
218 4.821245e-06 4.240891e-03
219 7.946405e-06 2.226602e-03
220 4.633452e-04 1.149108e-01
221 3.749360e-06 5.284758e-03
222 2.278278e-04 2.083334e-02
223 3.279294e-04 3.668956e-02
224 1.724956e-07 2.275668e-03
225 7.347251e-07 3.183931e-03
226 2.844318e-05 1.070473e-02
227 3.171573e-06 4.100450e-03
228 1.255723e-05 5.094167e-03
229 5.184718e-05 1.646164e-02
230 1.301622e-03 1.717177e-01
231 1.805367e-07 2.035488e-03
232 2.710688e-03 2.374975e-01
233 1.785489e-05 8.775073e-03
234 2.204838e-05 3.272840e-03
235 1.021057e-06 7.340775e-03
236 1.527414e-04 9.981909e-03
237 1.064323e-03 8.836542e-02
238 1.332024e-06 4.962834e-03
239 4.420036e-05 4.709874e-03
240 1.887436e-04 4.555230e-02
241 1.707398e-03 2.726199e-01
242 1.533153e-04 2.123770e-02
243 6.735694e-06 4.237143e-03
244 2.956562e-06 1.800483e-03
245 5.885395e-07 1.261114e-03
246 2.053929e-04 8.016515e-02
247 2.164159e-04 1.678520e-02
248 2.311740e-04 1.471588e-01
249 1.835961e-03 1.025730e-01
250 6.996337e-04 8.062358e-02
251 4.127346e-07 1.283265e-03
252 5.734244e-06 8.521079e-03
253 4.850603e-06 3.923792e-03
254 5.215348e-05 1.509080e-02
255 1.604879e-05 7.969783e-03
256 1.111421e-06 2.409652e-03
257 3.746353e-06 4.261596e-03
258 8.227075e-05 4.131313e-02
259 9.943982e-07 1.393508e-03
260 7.585549e-06 8.561075e-03
261 6.718414e-05 5.776973e-03
262 1.110458e-06 1.570511e-03
263 1.189961e-05 2.481102e-03
264 4.384917e-05 2.706689e-02
265 1.198865e-04 6.530699e-02
266 2.486747e-05 1.035711e-02
267 4.154223e-05 1.892248e-02
268 1.720920e-05 5.494114e-03
269 1.663310e-03 6.467900e-02
270 1.794083e-06 3.534786e-03
271 5.392576e-05 1.391119e-02
272 6.583351e-05 7.645453e-03
273 2.054948e-04 8.903026e-02
274 2.218007e-07 1.872336e-03
275 3.923011e-04 3.311059e-02
276 6.066923e-05 1.581996e-02
277 7.047052e-07 3.980254e-03
278 9.159891e-04 4.722218e-02
279 1.343837e-05 4.047720e-03
280 9.643641e-05 2.337410e-02
281 6.078425e-05 3.274856e-02
282 2.029167e-06 1.902663e-03
283 5.091129e-06 6.197239e-03
284 2.130516e-06 4.684017e-03
285 1.563525e-05 8.056111e-03
286 1.109787e-06 5.719189e-03
287 2.885132e-06 4.959937e-03
288 3.296720e-06 2.094779e-03
289 7.025310e-04 1.262178e-01
290 2.074257e-08 1.419400e-03
291 3.385873e-05 1.610987e-02
292 1.906723e-03 1.819070e-01
293 3.990477e-06 5.125759e-03
294 7.593454e-06 4.216144e-03
295 7.923021e-06 1.760893e-02
296 1.815947e-04 1.004124e-01
297 3.724644e-05 1.621948e-02
298 3.279504e-06 5.137455e-03
299 8.486570e-06 3.695715e-03
300 1.226512e-05 1.437019e-02
301 1.719520e-03 1.459867e-01
302 1.450608e-05 3.276197e-03
303 1.025145e-05 1.962164e-02
304 1.760328e-04 2.099323e-02
305 6.405851e-05 8.847015e-03
306 1.979922e-04 7.798917e-03
307 8.067891e-04 5.872262e-02
308 1.989651e-06 1.072375e-02
309 5.352166e-04 6.340254e-02
310 5.087841e-05 1.134804e-02
311 2.954647e-05 7.915090e-03
312 8.804204e-06 3.482839e-03
313 4.931462e-03 2.876914e-01
314 7.904277e-06 2.454759e-03
315 7.042631e-07 4.704854e-03
316 2.495824e-03 8.647824e-02
317 1.366740e-03 1.405743e-01
318 1.181542e-03 9.867779e-02
319 2.090193e-04 4.320925e-02
320 1.322529e-04 2.563299e-02
321 9.405330e-04 1.702772e-01
322 7.848734e-07 6.862649e-03
323 4.924911e-05 1.975007e-02
324 1.327911e-06 5.228571e-03
325 1.227973e-05 5.082026e-03
326 1.777800e-04 3.978071e-02
327 1.849791e-03 3.400344e-01
328 6.497244e-04 9.038514e-02
329 8.183324e-04 7.436652e-02
330 1.198213e-05 7.373507e-03
331 5.345573e-05 2.299158e-02
332 1.455247e-03 1.646434e-01
333 5.643509e-05 1.573061e-02
334 8.921601e-05 4.071218e-02
335 3.231636e-07 2.155371e-03
336 3.774082e-05 7.429462e-03
337 1.328839e-04 1.045438e-02
338 3.502602e-04 2.327455e-02
339 8.362664e-04 9.985855e-02
340 3.058867e-05 1.276984e-02
341 2.155173e-05 9.361151e-03
342 2.097111e-05 4.580276e-03
343 8.168664e-05 3.527097e-02
344 1.795033e-05 6.460490e-03
345 3.167907e-03 1.462258e-01
346 7.428387e-04 1.072885e-01
347 6.403751e-06 4.010105e-03
348 9.494359e-05 2.090940e-02
349 9.679325e-06 6.469429e-03
350 6.317378e-06 2.760528e-03
351 5.011066e-03 3.693806e-01
352 8.631065e-04 1.408480e-01
353 9.238860e-07 1.245402e-03
354 2.166897e-04 8.194985e-02
355 2.595790e-05 2.011296e-02
356 8.071215e-04 4.062609e-02
357 9.478510e-05 4.759402e-02
358 1.113442e-05 3.361373e-03
359 1.351260e-05 1.087116e-02
360 1.485455e-03 2.761700e-02
361 2.146866e-04 6.942974e-02
362 1.373977e-04 2.832489e-02
363 1.407353e-04 2.104461e-02
364 6.478963e-05 4.628744e-02
365 2.012387e-04 3.253667e-02
366 6.631904e-05 1.598227e-02
367 1.883073e-05 1.615648e-02
368 1.890469e-05 1.084657e-02
369 3.862012e-05 8.999872e-03
370 2.710511e-05 1.512381e-02
371 5.340557e-04 6.636127e-02
372 2.485620e-05 3.585654e-02
373 1.988301e-04 3.209702e-02
374 2.471029e-06 6.278193e-03
375 6.923387e-07 1.337776e-03
376 5.127771e-06 3.240959e-03
377 8.350280e-04 9.410781e-02
378 7.426417e-05 1.073830e-02
379 1.105905e-05 2.381360e-03
380 6.944491e-05 1.600227e-02
381 2.696596e-03 1.673663e-01
382 7.317894e-05 8.072714e-03
383 2.843648e-04 9.255740e-02
384 4.597510e-05 1.001754e-02
385 2.222007e-03 2.146332e-01
386 5.074020e-05 6.961676e-03
387 7.155603e-05 1.822349e-02
388 4.501668e-06 3.748520e-03
389 1.709281e-05 9.278940e-03
390 2.263316e-07 4.419575e-03
391 7.747986e-05 9.049252e-03
392 8.129705e-05 2.469701e-02
393 7.522757e-07 2.623850e-03
394 1.673124e-03 2.964619e-01
395 2.723298e-06 1.618131e-03
396 1.357156e-04 2.855020e-02
397 1.600530e-05 1.861307e-02
398 1.198306e-06 2.524726e-03
399 2.656146e-05 7.644717e-03
400 8.260359e-03 7.020178e-01
401 1.226278e-04 1.525398e-02
402 4.227798e-03 2.545156e-01
403 4.755179e-05 2.310880e-02
404 4.239925e-05 2.035798e-02
405 1.702916e-05 4.023841e-03
406 1.278424e-03 2.046107e-01
407 2.536532e-04 7.000579e-02
408 1.311949e-03 1.860423e-01
409 4.100696e-04 5.595108e-02
410 1.441927e-05 1.388820e-02
411 2.856448e-05 1.068966e-02
412 7.167290e-06 1.089252e-02
413 9.836069e-04 1.355545e-01
414 2.008342e-05 7.325657e-03
415 2.195225e-06 1.874377e-03
416 4.361171e-04 9.373793e-02
417 4.839185e-06 2.151108e-03
418 3.432273e-03 5.373278e-02
419 2.172551e-03 3.020318e-01
420 7.530992e-06 7.098061e-03
421 7.621210e-05 9.685005e-03
422 6.899842e-05 2.329581e-02
423 6.869929e-05 5.245414e-03
424 1.488090e-04 2.085238e-02
425 2.832342e-05 8.378177e-03
426 1.412305e-05 3.459059e-03
427 1.980613e-04 1.130667e-01
428 2.626328e-04 1.504219e-02
429 5.870151e-04 7.360386e-02
430 2.857643e-06 1.561977e-03
431 1.623991e-06 4.107485e-03
432 7.144695e-04 8.364453e-02
433 3.688833e-07 1.241033e-03
434 1.225346e-05 4.570985e-03
435 2.621978e-06 5.109495e-03
436 1.089721e-06 2.312245e-03
437 3.744261e-04 7.695514e-02
438 4.086099e-06 5.641673e-03
439 4.685270e-06 4.231823e-03
440 1.273694e-06 4.164339e-03
441 1.437122e-04 3.430991e-02
442 2.403922e-05 5.952069e-03
443 1.151582e-05 4.546673e-03
444 1.460020e-04 3.546092e-02
445 1.484718e-04 6.372782e-02
446 2.181413e-05 1.420003e-02
447 1.599348e-06 2.409196e-03
448 2.190219e-06 2.355607e-03
449 8.510930e-07 2.296326e-03
450 7.401046e-06 3.289090e-03
451 1.492300e-06 1.247075e-03
452 5.425810e-05 6.861425e-03
453 1.827117e-05 3.691582e-03
454 6.258158e-05 2.788503e-02
455 3.186447e-04 4.711438e-02
456 6.022674e-06 5.402672e-03
457 8.804803e-05 1.785650e-02
458 4.204877e-04 1.838710e-02
459 2.851384e-04 2.296081e-02
460 4.230823e-06 3.346672e-03
461 1.333402e-04 3.027324e-02
462 5.366521e-04 6.824257e-02
463 2.554371e-05 5.497114e-02
464 1.728197e-05 4.450027e-03
465 1.394345e-06 1.778357e-03
466 3.971977e-07 2.701683e-03
467 8.013523e-04 6.061856e-02
468 6.518829e-07 5.899085e-03
469 1.189907e-04 3.545015e-02
470 3.619943e-05 1.330052e-02
471 1.480447e-04 1.576735e-02
472 1.503351e-05 3.608938e-03
473 5.611721e-05 8.941158e-03
474 2.965799e-06 4.012445e-03
475 1.009305e-04 1.757207e-02
476 9.978922e-07 2.240524e-03
477 1.057154e-04 2.193401e-02
478 2.163947e-07 3.570780e-03
479 9.024148e-07 1.816464e-03
480 4.579773e-05 9.659193e-03
481 4.177528e-06 7.918570e-03
482 8.645831e-04 9.178654e-02
483 9.168262e-08 1.182787e-03
484 2.278986e-06 1.870319e-03
485 4.978088e-04 6.859032e-02
486 6.903133e-06 4.455291e-03
487 3.507229e-04 5.512030e-02
488 2.609327e-05 4.687485e-03
489 3.762572e-05 8.604401e-03
490 3.013682e-04 3.631417e-02
491 1.540275e-05 9.314555e-03
492 6.679998e-06 3.668609e-03
493 8.275725e-06 2.135903e-03
494 4.394596e-05 2.495419e-02
495 8.683619e-04 5.208747e-02
496 8.420199e-04 1.138775e-01
497 1.667319e-04 9.941539e-02
498 1.124972e-04 3.440091e-02
499 3.292900e-05 7.053454e-03
500 3.980253e-06 9.553555e-03
501 2.373704e-03 1.708499e-01
502 6.883565e-05 1.398188e-02
503 2.609486e-04 2.849884e-02
504 2.393945e-03 1.496935e-01
505 3.229888e-05 5.438226e-03
506 4.146569e-05 1.130206e-02
507 1.249083e-05 8.763780e-03
508 7.596483e-05 9.373941e-03
509 8.240509e-04 2.346163e-01
510 8.575917e-06 9.530130e-03
511 5.101121e-06 4.501469e-03
512 2.871467e-06 1.926386e-03
513 6.388898e-05 2.342838e-02
514 2.258394e-05 1.859194e-02
515 1.994452e-04 4.871531e-02
516 3.479419e-04 4.702404e-02
517 1.530871e-05 5.642417e-03
518 7.598870e-06 4.300435e-03
519 2.573011e-05 9.183784e-03
520 1.550014e-07 1.490672e-03
521 7.651545e-05 2.464125e-02
522 4.565168e-06 2.967987e-03
523 5.171727e-06 7.338313e-03
524 4.202324e-04 3.723923e-02
525 3.255620e-04 3.620923e-02
526 3.555073e-05 1.499972e-02
527 1.537126e-03 9.497138e-02
528 6.181042e-05 8.747804e-03
529 5.229501e-04 4.489374e-02
530 9.368873e-05 1.062164e-02
531 5.256874e-08 1.572836e-03
532 7.475268e-06 9.037507e-03
533 2.454040e-06 2.562643e-03
534 2.266070e-04 6.453642e-02
535 1.066896e-03 1.232130e-01
536 7.273103e-05 3.016770e-02
537 1.179683e-03 1.491139e-01
538 1.252227e-04 8.474711e-02
539 2.163634e-04 4.536784e-02
540 1.701056e-05 2.584291e-02
541 3.466868e-03 1.532429e-01
542 7.365736e-06 9.255959e-03
543 7.682930e-06 2.241080e-03
544 5.135174e-04 2.993616e-02
545 8.360283e-06 9.126556e-03
546 3.497840e-05 1.267327e-02
547 9.794932e-05 3.690333e-02
548 1.320531e-05 1.076871e-02
549 2.375418e-05 2.716808e-02
550 9.865772e-07 5.817942e-03
551 5.319929e-05 5.880750e-03
552 1.516938e-06 2.562840e-03
553 2.279248e-05 6.467954e-03
554 4.807595e-07 3.006623e-03
555 9.251281e-05 5.795272e-02
556 2.192998e-05 5.805149e-03
557 4.061697e-04 4.294939e-02
558 1.460815e-05 7.876536e-03
559 1.547153e-04 2.528067e-02
560 4.570365e-06 3.204921e-03
561 2.771233e-05 3.139559e-02
562 3.757825e-06 1.511807e-03
563 3.265082e-03 5.010205e-01
564 1.830920e-03 3.803477e-01
565 8.896637e-06 2.731545e-03
566 1.097953e-04 1.238478e-02
567 2.565553e-04 3.357968e-02
568 1.838502e-04 6.071142e-02
569 3.587254e-05 7.454211e-03
570 1.945411e-04 3.653853e-02
571 9.772099e-05 1.647180e-02
572 2.432814e-04 3.116937e-02
573 2.452818e-04 4.561193e-02
574 1.969633e-05 4.225877e-03
575 4.860347e-06 3.815365e-03
576 2.357508e-05 7.965661e-03
577 2.037019e-07 2.665833e-03
578 1.651056e-06 3.612245e-03
579 5.679497e-05 9.281439e-03
580 1.809142e-06 5.753288e-03
581 3.174987e-04 4.431627e-02
582 4.624098e-05 1.379735e-02
583 3.843760e-03 1.985743e-01
584 3.249115e-04 2.639132e-02
585 1.079499e-04 3.261293e-02
586 8.411400e-05 2.691544e-02
587 2.319086e-05 8.700557e-03
588 7.698699e-05 5.106058e-02
589 1.188295e-04 8.981713e-03
590 1.672803e-05 1.126561e-02
591 7.497948e-05 2.329347e-02
592 2.503898e-03 2.318752e-01
593 1.078877e-05 8.321240e-03
594 2.035474e-04 6.675474e-02
595 1.385713e-05 4.758149e-03
596 6.271670e-07 1.335037e-03
597 4.958854e-06 1.964269e-03
598 5.619351e-04 2.340957e-02
599 1.317554e-04 1.325821e-02
600 1.922103e-05 3.557376e-03
601 7.271992e-06 3.790761e-03
602 1.091662e-04 1.328037e-02
603 5.248073e-05 1.846418e-02
604 2.255749e-06 1.990893e-03
605 4.243817e-04 2.696485e-02
606 7.350016e-05 1.167357e-02
607 5.861997e-06 4.820111e-03
608 2.897291e-05 8.750039e-03
609 4.768482e-05 1.111714e-02
610 4.648927e-05 9.164009e-03
611 2.676311e-06 2.394488e-03
612 4.832583e-05 3.132865e-02
613 2.351228e-06 5.224192e-03
614 5.851079e-06 5.126333e-03
615 1.844749e-06 5.906131e-03
616 5.057395e-05 7.889883e-03
617 2.264298e-05 1.250287e-02
618 5.361653e-06 8.230888e-03
619 1.445509e-05 5.626909e-03
620 2.166722e-06 3.742398e-03
621 6.312319e-06 3.118157e-03
622 8.082392e-04 5.584585e-02
623 8.155211e-05 1.031934e-02
624 1.618557e-05 3.713051e-03
625 4.154022e-05 1.009432e-02
626 1.274146e-05 5.618281e-03
627 4.322176e-06 3.411647e-03
628 1.893980e-04 1.282375e-02
629 5.782194e-06 1.661673e-03
630 7.609086e-05 7.017800e-03
631 6.416170e-05 8.189707e-03
632 6.239738e-07 1.230606e-03
633 2.007720e-03 2.020526e-01
634 1.234880e-04 1.696131e-02
635 3.429058e-06 8.229460e-03
636 1.152392e-05 2.019199e-02
637 1.852397e-05 1.083278e-02
638 1.412626e-06 2.066629e-03
639 2.849029e-07 1.541911e-03
640 6.478468e-07 2.366712e-03
641 9.662478e-07 1.487254e-03
642 5.508453e-06 5.028979e-03
643 1.987061e-04 6.429830e-02
644 3.180087e-04 3.185148e-02
645 3.712082e-04 2.575184e-02
646 2.659043e-05 1.361326e-02
647 1.358899e-05 4.609208e-03
648 1.078992e-04 2.439386e-02
649 1.078498e-03 1.269969e-01
650 1.747092e-05 3.830282e-03
651 3.213205e-06 8.210438e-03
652 1.722026e-04 2.831961e-02
653 5.453328e-07 4.724423e-03
654 4.282575e-05 3.906196e-03
655 2.676689e-05 7.468022e-03
656 3.501424e-06 2.681118e-03
657 6.886867e-05 1.205757e-02
658 5.930534e-05 1.718497e-02
659 8.574038e-05 1.046958e-02
660 3.916805e-04 5.983706e-02
661 6.962196e-06 5.294157e-03
662 1.109829e-04 2.348966e-02
663 2.465181e-03 2.656325e-01
664 1.396614e-04 2.339104e-02
665 1.447129e-06 8.535848e-03
666 3.543300e-05 8.442014e-03
667 2.266982e-05 3.479256e-03
668 5.679390e-04 3.529749e-02
669 1.283641e-04 3.880938e-02
670 8.173095e-06 9.110821e-03
671 3.179811e-05 1.724778e-02
672 6.694554e-05 2.218132e-02
673 2.046125e-05 8.411305e-03
674 4.663906e-06 1.864339e-03
675 7.054959e-04 1.012194e-01
676 2.491655e-05 4.668150e-03
677 9.382926e-08 1.337297e-03
678 1.257103e-05 4.678730e-03
679 4.456198e-04 7.123331e-02
680 3.642890e-05 1.799844e-02
681 2.750363e-04 2.206811e-02
682 2.062279e-05 5.589105e-03
683 5.415408e-05 2.734784e-02
684 4.754775e-05 1.432603e-02
685 5.407606e-07 2.150724e-03
686 3.633896e-05 1.641846e-02
687 2.542332e-03 2.553511e-01
688 3.681281e-05 1.815834e-02
689 5.752704e-06 9.682252e-03
690 9.331707e-07 1.955321e-03
691 4.518633e-04 2.908273e-02
692 2.356733e-06 2.685972e-03
693 2.663712e-05 1.637202e-02
694 1.788185e-04 3.430533e-02
695 1.220736e-03 6.584286e-02
696 4.163652e-03 2.821005e-01
697 7.527462e-06 6.937471e-03
698 4.500369e-04 1.077941e-01
699 6.910327e-07 1.506778e-03
700 3.943995e-05 3.595528e-02
701 5.925530e-05 1.183037e-02
702 3.759270e-07 1.217509e-03
703 1.038028e-05 3.854403e-03
704 1.646946e-07 1.309438e-03
705 2.459517e-04 2.418435e-02
706 1.135295e-06 1.618764e-03
707 3.725620e-04 2.208537e-02
708 4.273093e-07 4.988808e-03
709 4.973372e-07 2.929163e-03
710 7.293212e-06 5.627074e-03
711 1.555024e-07 1.194822e-03
712 2.524036e-06 4.322950e-03
713 1.283305e-05 5.955031e-03
714 1.124477e-07 2.438245e-03
715 1.713605e-05 8.902643e-03
716 4.817632e-05 7.878017e-03
717 9.548867e-06 4.782396e-03
718 8.547200e-08 2.640072e-03
719 2.819739e-03 1.384287e-01
720 3.102817e-08 1.187158e-03
721 7.603746e-06 2.176134e-03
722 2.209179e-07 2.728026e-03
723 2.198110e-05 1.507499e-02
724 8.188579e-06 3.021338e-03
725 3.513260e-07 1.448647e-03
726 3.878103e-05 1.706353e-02
727 6.970546e-07 4.330364e-03
728 2.096912e-05 5.772539e-03
729 1.154036e-05 7.037977e-03
730 6.890783e-06 2.448295e-03
731 2.666292e-04 5.055183e-02
732 9.632389e-08 1.362210e-03
733 1.034179e-08 9.156058e-04
734 1.741294e-06 2.824574e-03
735 1.619163e-06 3.276247e-03
736 3.780461e-05 6.746542e-03
737 1.224698e-07 1.359043e-03
738 4.119225e-04 5.253005e-02
739 2.312734e-06 3.361933e-03
740 6.033202e-05 1.261648e-02
741 9.771795e-06 7.727072e-03
742 4.199421e-05 1.006934e-02
743 2.914883e-03 1.987940e-01
744 1.383085e-06 2.609629e-03
745 1.675073e-06 2.452014e-03
746 6.803030e-05 9.244380e-03
747 3.530932e-05 6.597068e-03
748 1.681862e-04 2.801030e-02
749 7.427240e-04 1.411576e-01
750 4.951476e-05 5.047206e-03
751 6.204906e-05 9.583384e-03
752 1.152994e-06 1.901800e-03
753 2.318149e-06 2.900627e-03
754 3.821601e-04 5.825775e-02
755 1.334442e-04 1.068509e-02
756 1.026333e-04 9.612838e-03
757 1.114988e-06 1.492545e-03
758 4.411306e-05 9.321270e-03
759 1.217301e-04 7.432418e-03
760 3.135355e-06 2.116901e-03
761 1.221841e-04 8.125326e-03
762 2.626517e-05 1.096287e-02
763 1.533150e-07 1.954280e-03
764 7.001357e-06 9.395365e-03
765 1.747480e-07 1.043708e-02
766 2.404238e-06 5.279006e-03
767 3.500628e-06 5.271960e-03
768 8.466312e-05 8.103607e-03
769 1.037375e-05 6.704179e-03
770 1.544335e-04 2.641037e-02
771 1.218879e-06 3.285405e-03
772 5.680962e-08 1.547836e-03
773 1.793683e-05 1.554589e-02
774 2.971058e-06 1.873050e-03
775 1.170447e-03 5.271436e-02
776 4.178538e-04 2.730464e-02
777 2.045710e-04 1.117784e-02
778 2.152716e-05 2.026974e-02
779 2.139107e-04 3.291995e-02
780 1.471958e-05 8.807392e-03
781 1.436523e-04 2.417434e-02
782 1.223619e-05 2.701693e-03
783 4.355825e-05 6.262162e-03
784 1.592920e-06 5.882493e-03
785 4.182342e-05 7.355785e-03
786 3.344655e-05 1.653295e-02
787 3.941485e-05 1.082108e-02
788 1.020857e-04 1.125701e-02
789 9.490711e-07 1.324534e-03
790 7.625561e-04 2.756956e-02
791 2.068709e-05 5.728684e-03
792 7.611480e-06 4.306786e-03
793 1.526714e-05 6.987595e-03
794 8.096534e-06 4.172574e-03
795 1.863625e-03 3.373666e-01
796 4.487957e-07 3.105048e-03
797 1.158368e-03 8.746562e-02
798 2.731406e-03 1.326103e-01
799 7.103138e-06 3.429088e-03
800 5.294251e-05 8.647865e-03
801 4.288735e-06 3.886425e-03
802 3.156950e-05 3.066113e-02
803 6.609925e-04 2.481290e-02
804 9.715802e-05 8.941654e-03
805 8.680006e-06 3.831943e-03
806 8.723354e-04 3.228694e-02
807 5.120598e-05 4.220302e-02
808 1.693886e-05 2.967628e-03
809 1.832044e-03 1.546103e-01
810 3.858269e-05 5.707350e-03
811 2.350621e-04 2.083783e-02
812 4.694187e-06 6.605048e-03
813 3.057092e-06 5.434125e-03
814 1.968033e-05 7.441398e-03
815 1.234650e-04 1.910290e-02
816 4.264376e-04 3.805900e-02
817 8.136932e-04 1.924076e-01
818 6.648060e-06 3.197449e-03
819 4.533923e-04 7.436250e-02
820 2.803812e-04 1.835580e-02
821 7.213804e-05 2.220437e-02
822 7.402945e-07 3.532554e-03
823 8.904799e-06 8.874276e-03
824 1.339310e-04 1.496949e-02
825 5.931804e-05 1.940238e-02
826 1.180788e-05 5.642015e-03
827 3.171748e-06 3.380555e-03
828 1.685516e-04 2.043828e-02
829 1.269662e-04 8.141539e-03
830 5.934242e-04 6.043821e-02
831 3.114265e-05 6.072219e-03
832 2.655255e-05 5.072349e-03
833 1.474293e-05 2.023001e-02
834 2.533798e-05 1.868207e-02
835 1.615313e-06 2.208870e-03
836 3.152687e-07 1.020588e-03
837 1.339378e-05 1.386434e-02
838 1.131873e-05 2.782307e-03
839 1.212917e-05 1.369019e-02
840 1.490790e-04 3.075373e-02
841 1.001721e-04 1.460182e-02
842 1.821431e-03 1.838977e-01
843 1.039961e-04 1.475787e-02
844 7.085369e-05 3.170512e-02
845 5.592075e-05 3.079220e-02
846 3.273854e-05 6.187401e-03
847 1.978063e-05 6.838629e-03
848 1.024312e-04 5.548707e-02
849 1.929369e-06 5.360800e-03
850 3.965328e-03 2.241138e-01
851 9.599015e-06 7.719874e-03
852 2.032308e-03 9.651779e-02
853 2.923015e-04 7.005221e-02
854 2.025010e-04 5.650136e-02
855 1.739491e-04 9.798068e-02
856 1.592663e-04 2.153682e-02
857 2.652858e-03 8.641444e-02
858 2.842771e-05 1.814866e-02
859 3.346208e-07 3.837651e-03
860 1.064059e-04 3.181484e-02
861 2.147049e-07 1.628219e-03
862 6.689426e-06 1.541716e-02
863 1.464481e-04 1.402375e-02
864 4.824940e-06 6.601631e-03
865 3.683032e-04 3.607163e-02
866 4.538643e-04 6.876542e-02
867 2.254356e-03 1.576888e-01
868 6.027116e-06 5.967675e-03
869 3.069689e-05 3.137086e-02
870 2.801708e-05 3.594762e-02
871 8.250109e-05 2.099425e-02
872 1.084219e-03 1.342794e-01
873 2.730366e-04 6.071997e-02
874 9.359093e-04 6.683181e-02
875 8.765080e-06 4.772233e-03
876 4.778263e-09 1.062252e-03
877 3.523514e-06 9.155920e-03
878 7.874095e-04 1.261935e-01
879 2.215336e-04 3.887480e-02
880 1.967181e-05 9.044740e-03
881 1.800647e-07 2.281038e-03
882 1.275585e-04 4.134030e-02
883 1.905435e-03 1.630513e-01
884 1.468243e-04 4.652046e-02
885 3.502974e-04 3.776343e-02
886 3.710617e-06 7.767232e-03
887 3.672247e-05 1.178953e-02
888 1.454922e-05 1.153376e-02
889 3.561417e-05 2.187249e-02
890 1.913560e-05 2.173062e-02
891 6.505978e-04 1.200701e-01
892 4.519685e-07 2.818737e-03
893 4.750677e-05 2.868482e-02
894 2.819772e-06 5.742637e-03
895 4.493194e-04 3.823296e-02
896 2.668152e-05 5.343031e-02
897 8.032969e-05 3.974969e-02
898 2.396918e-05 6.684168e-03
899 9.464543e-06 1.343262e-02
900 4.586486e-05 1.332413e-02
901 3.735475e-04 4.272507e-02
902 1.915354e-06 1.982031e-03
903 1.154713e-04 2.547175e-02
904 7.780602e-07 2.089805e-02
905 4.206852e-06 6.544651e-03
906 1.016971e-05 7.751417e-03
907 1.839346e-06 1.992175e-03
908 4.860590e-06 8.881978e-03
909 6.690270e-05 1.868292e-02
910 7.719175e-05 1.579973e-02
911 2.179190e-05 2.071884e-02
912 7.493941e-06 9.619075e-03
913 1.232777e-06 3.321207e-03
914 3.027591e-06 7.418434e-03
915 1.720659e-04 2.749884e-02
916 8.121598e-07 2.812470e-03
917 1.722477e-07 2.379821e-03
918 4.390515e-07 2.616675e-03
919 1.688490e-03 1.249466e-01
920 4.398100e-07 6.455688e-03
921 8.844058e-06 3.136291e-03
922 2.557757e-05 1.551236e-02
923 5.500284e-07 5.122934e-03
924 8.561277e-04 1.013240e-01
925 1.463909e-04 3.787298e-02
926 8.212298e-05 3.043705e-02
927 4.592127e-04 7.759252e-02
928 4.178980e-05 3.931853e-02
929 1.127502e-03 4.227816e-02
930 1.049800e-04 2.960536e-02
931 8.957224e-06 1.117927e-02
932 1.338301e-04 2.840094e-02
933 7.494885e-07 2.952987e-03
934 3.896842e-05 6.117157e-03
935 1.679665e-06 3.470459e-03
936 3.610441e-05 1.810775e-02
937 1.281962e-06 5.788732e-03
938 3.507881e-06 2.312796e-03
939 2.913818e-05 9.105318e-03
940 1.429776e-04 8.256569e-02
941 9.574515e-06 3.063857e-03
942 4.829000e-04 9.363616e-02
943 3.581293e-05 1.732396e-02
944 1.310848e-07 1.971539e-03
945 1.685464e-04 1.351547e-02
946 1.591972e-06 2.190468e-03
947 1.607533e-05 1.604410e-02
948 6.715440e-07 1.494727e-03
949 1.479393e-05 1.497975e-02
950 9.687556e-05 5.904523e-02
951 2.002359e-05 2.966971e-02
952 1.754582e-04 3.231465e-02
953 1.501061e-07 2.415574e-03
954 9.383926e-05 3.125842e-02
955 4.757535e-06 3.597891e-03
956 8.078152e-05 1.178135e-02
957 1.545912e-04 1.831331e-02
958 1.300729e-04 1.252081e-02
959 5.502926e-05 1.764875e-02
960 6.289397e-07 2.408419e-03
961 5.627643e-06 9.356309e-03
962 4.911998e-06 1.059128e-02
963 1.120224e-06 3.411224e-03
964 1.991058e-06 1.765085e-03
965 1.058349e-04 1.379334e-02
966 2.286176e-05 5.196414e-03
967 1.540546e-05 7.259902e-03
968 1.830340e-04 1.910451e-02
969 2.514609e-04 4.199711e-02
970 6.313803e-05 1.233258e-02
971 8.307752e-06 6.555403e-03
972 3.306621e-05 2.957359e-02
973 1.195865e-05 6.703529e-03
974 1.195346e-05 4.314219e-03
975 4.990053e-04 5.886328e-02
976 2.094050e-03 1.426938e-01
977 5.013841e-05 7.365554e-03
978 4.496455e-05 1.992171e-02
979 2.533836e-06 2.734693e-03
980 3.210015e-05 1.805406e-02
981 5.755801e-05 9.995803e-03
982 2.093205e-06 1.310623e-03
983 5.582890e-06 3.685133e-03
984 4.150514e-05 1.781724e-02
985 9.170118e-05 5.008517e-02
986 6.140769e-04 1.828164e-01
987 2.023666e-06 6.007195e-03
988 2.147721e-06 1.990177e-03
989 1.712192e-04 1.352956e-02
990 3.594680e-06 2.056702e-03
991 1.939590e-03 1.993228e-01
992 5.039942e-05 5.500784e-03
993 2.457518e-05 8.455270e-03
994 2.496927e-08 1.342633e-03
995 1.516911e-05 1.444835e-02
996 2.624987e-03 2.222122e-01
997 2.458670e-05 6.785729e-03
998 9.662559e-06 3.247637e-03
999 5.426696e-05 1.394033e-02
1000 2.531244e-08 1.343643e-03
1001 4.741889e-06 8.572805e-03
1002 4.525482e-04 6.603192e-02
1003 1.013731e-04 1.023343e-02
1004 4.776964e-05 3.226976e-02
1005 2.812557e-06 1.858153e-03
1006 4.701952e-04 1.082270e-01
1007 2.691806e-06 2.884713e-03
1008 6.031699e-05 5.938725e-03
1009 3.117846e-06 1.903029e-03
1010 3.722772e-05 1.006583e-02
1011 8.080404e-06 1.705306e-02
1012 2.902748e-03 1.461714e-01
1013 2.697011e-05 1.029243e-02
1014 2.275831e-05 7.119331e-03
1015 7.962253e-05 2.608379e-02
1016 3.453439e-05 7.689080e-03
1017 6.137923e-04 3.590935e-02
1018 5.310187e-04 7.630124e-02
1019 2.432777e-07 1.918076e-03
1020 2.370015e-06 1.093139e-02
1021 2.225480e-05 1.289353e-02
1022 1.012159e-07 1.408584e-03
1023 3.248941e-05 1.596185e-02
1024 2.996633e-05 8.657499e-03
1025 2.463538e-07 1.516456e-03
1026 1.338880e-07 1.934268e-03
1027 1.534147e-05 7.585223e-03
1028 1.064876e-04 8.063438e-02
1029 3.810429e-05 4.053453e-03
1030 5.212356e-06 2.915901e-03
1031 2.835291e-05 8.518413e-03
1032 5.997915e-04 1.282973e-01
1033 4.853100e-07 1.537315e-03
1034 1.041558e-04 1.402313e-02
1035 1.654633e-05 1.118661e-02
1036 6.753561e-04 6.164201e-02
1037 2.084673e-07 3.006094e-03
1038 3.077183e-06 2.897082e-03
1039 2.204895e-05 6.569350e-03
1040 2.277575e-06 2.958820e-03
1041 8.125467e-04 7.000040e-02
1042 1.277804e-05 5.948528e-03
1043 2.206827e-07 1.231055e-03
1044 3.740852e-06 2.830963e-03
1045 7.465615e-07 2.345887e-03
1046 2.701651e-08 1.276591e-03
1047 4.272063e-07 1.269615e-03
1048 2.950859e-06 4.475271e-03
1049 2.247084e-07 1.148083e-03
1050 1.408425e-03 2.872002e-01
1051 1.112196e-04 3.351462e-02
1052 1.568503e-05 2.296253e-03
1053 2.599921e-05 5.909109e-03
1054 8.651081e-07 1.843910e-03
1055 2.314763e-07 1.148301e-03
1056 8.282525e-06 8.333378e-03
1057 5.804910e-05 9.880095e-03
1058 7.946885e-07 1.512085e-03
1059 1.596443e-04 2.242411e-02
1060 1.018040e-06 1.439888e-03
1061 1.027201e-05 2.279688e-03
1062 6.112083e-08 1.138032e-03
1063 2.724333e-05 2.312936e-02
1064 2.168024e-04 3.866354e-02
1065 1.392296e-07 1.804041e-03
1066 1.429100e-07 1.176488e-03
1067 1.695000e-05 1.178081e-02
1068 1.943580e-06 1.667848e-03
1069 5.812299e-06 2.529874e-03
1070 4.322887e-07 1.181265e-03
1071 1.913458e-06 1.630317e-03
1072 2.031957e-06 2.473294e-03
1073 5.374549e-07 1.310444e-03
1074 9.208602e-07 1.876670e-03
1075 4.281636e-06 3.589633e-03
1076 9.398928e-06 3.665528e-03
1077 1.767584e-05 4.703615e-03
1078 2.854379e-05 1.191193e-02
1079 6.789933e-06 4.274087e-03
1080 4.393947e-04 3.827286e-02
1081 1.077135e-04 3.948589e-02
1082 9.670630e-06 3.125829e-03
1083 2.695710e-05 3.502993e-03
1084 3.884244e-07 1.195069e-03
1085 3.813644e-06 1.637257e-03
1086 3.852515e-06 2.785173e-03
1087 1.077336e-06 1.338016e-03
1088 4.107811e-05 4.328838e-03
1089 6.527501e-07 1.265373e-03
1090 1.547431e-07 1.199819e-03
1091 2.623199e-06 1.558655e-03
1092 4.057018e-06 1.745369e-03
1093 1.176921e-04 1.816639e-02
1094 4.266994e-05 1.065621e-02
1095 7.743156e-06 2.660532e-03
1096 8.229211e-05 1.826919e-02
1097 1.469934e-04 4.375210e-02
1098 1.216940e-06 7.750753e-03
1099 1.134455e-06 3.580484e-03
1100 8.803440e-08 1.115398e-03
1101 1.683268e-05 2.328322e-02
1102 8.555160e-06 1.109050e-02
1103 1.016143e-05 3.594611e-03
1104 1.038096e-04 2.335092e-02
1105 9.559285e-07 2.092315e-03
1106 1.092299e-03 6.376955e-02
1107 1.652030e-06 2.555094e-03
1108 2.048646e-05 7.243596e-03
1109 1.137976e-07 1.814089e-03
1110 5.454709e-05 8.846639e-03
1111 3.348287e-06 2.095653e-03
1112 1.420321e-07 1.788586e-03
1113 2.031959e-05 1.303471e-02
1114 1.375280e-04 1.302650e-02
1115 1.578801e-03 1.005749e-01
1116 2.905084e-08 1.966474e-03
1117 6.567138e-04 1.122414e-01
1118 3.792473e-06 4.749611e-03
1119 7.235376e-05 2.523048e-02
1120 2.755202e-04 5.752384e-02
1121 1.118952e-05 5.395108e-03
1122 5.129787e-05 1.708494e-02
1123 5.560808e-06 3.442578e-03
1124 1.274942e-05 1.310857e-02
1125 3.314100e-06 3.681666e-03
1126 3.341330e-06 6.782832e-03
1127 1.564052e-06 4.300545e-03
1128 3.226144e-05 3.827494e-02
1129 3.439304e-05 4.743433e-03
1130 1.193664e-05 1.102472e-02
1131 7.442887e-04 5.703626e-02
1132 3.831640e-05 7.575528e-03
1133 1.597808e-06 2.051090e-03
1134 4.496087e-04 1.795821e-02
1135 3.494020e-05 8.115138e-03
1136 2.459529e-04 2.951070e-02
1137 3.762203e-05 2.111572e-02
1138 7.929391e-08 1.860715e-03
1139 1.170030e-05 5.425528e-03
1140 1.005841e-07 2.152997e-03
1141 1.278390e-05 4.611095e-03
1142 5.223891e-04 3.850887e-02
1143 4.011925e-04 6.421334e-02
1144 1.221390e-06 6.438180e-03
1145 3.969856e-05 2.226695e-02
1146 1.694391e-03 1.087528e-01
1147 1.581762e-04 4.013077e-02
1148 3.665386e-07 2.399292e-03
1149 1.632071e-03 4.754105e-02
1150 1.785108e-07 2.354835e-03
1151 6.669900e-04 4.205142e-02
1152 1.511608e-04 4.826522e-02
1153 4.723897e-06 5.201720e-03
1154 5.691392e-07 1.921887e-03
1155 7.899231e-04 8.131196e-02
1156 2.284936e-06 2.498137e-03
1157 4.636665e-05 1.849758e-02
1158 2.118256e-05 4.194250e-03
1159 1.744145e-07 1.506787e-03
1160 4.225055e-06 2.648096e-03
1161 5.124320e-05 1.826507e-02
1162 1.023765e-03 1.116533e-01
1163 4.680145e-05 6.030952e-03
1164 8.667456e-05 4.717467e-02
1165 1.021247e-03 2.383745e-01
1166 7.147367e-05 7.771325e-03
1167 3.450411e-04 9.340575e-02
1168 2.853836e-04 1.650890e-02
1169 2.292882e-06 7.812175e-03
1170 4.257517e-06 5.788715e-03
1171 6.834753e-06 9.556754e-03
1172 2.930343e-04 6.835251e-02
1173 5.453315e-08 1.099866e-03
1174 8.618957e-04 1.533787e-01
1175 1.390340e-04 1.665994e-02
1176 5.445668e-07 1.768717e-03
1177 4.201926e-04 3.648684e-02
1178 1.691699e-03 1.189997e-01
1179 5.126234e-05 1.407428e-02
1180 1.041811e-05 6.491380e-03
1181 6.530727e-06 1.663713e-03
1182 1.775031e-05 7.502445e-03
1183 7.523479e-04 5.701995e-02
1184 1.014154e-04 1.586997e-02
1185 3.228768e-06 1.037029e-02
1186 3.050351e-04 4.012393e-02
1187 2.673017e-04 1.513493e-02
1188 7.456694e-07 1.909416e-03
1189 1.359275e-06 2.518914e-03
1190 9.895374e-08 1.988255e-03
1191 6.237767e-06 2.304546e-03
1192 1.517245e-04 8.670360e-02
1193 1.178791e-06 3.186096e-03
1194 5.017644e-05 2.220724e-02
1195 9.606325e-04 6.720909e-02
1196 8.275663e-06 4.899745e-03
1197 3.958478e-06 3.320414e-03
1198 2.052261e-06 1.983279e-03
1199 6.871426e-04 6.016880e-02
1200 8.178339e-04 8.424982e-02
1201 5.718961e-08 1.123592e-03
1202 6.385901e-05 9.485397e-03
1203 9.613624e-05 3.104780e-02
1204 2.165470e-05 5.170345e-03
1205 2.324351e-08 1.940493e-03
1206 4.404019e-04 6.248897e-02
1207 1.417398e-05 4.060359e-03
1208 9.905915e-06 3.955282e-03
1209 2.763192e-04 3.863569e-02
1210 3.562772e-04 2.108534e-02
1211 1.201026e-04 1.831132e-02
1212 8.896618e-06 3.370226e-03
1213 2.041256e-06 4.856708e-03
1214 3.331999e-05 5.491694e-03
1215 2.473961e-06 2.519407e-03
1216 2.710649e-07 2.206396e-03
1217 8.957752e-06 2.671170e-02
1218 6.553656e-06 5.194151e-03
1219 7.052696e-05 1.030811e-02
1220 4.487629e-05 2.008692e-02
1221 4.397953e-05 1.731583e-02
1222 1.208399e-05 2.224565e-02
1223 1.508528e-04 2.392607e-02
1224 2.468424e-06 8.416118e-03
1225 8.371890e-06 2.301748e-03
1226 2.662459e-06 1.578989e-03
1227 2.554123e-05 4.470868e-03
1228 8.279133e-05 9.322272e-03
1229 1.198844e-04 1.800610e-02
1230 7.608306e-06 7.212743e-03
1231 1.731517e-04 3.049691e-02
1232 3.036626e-06 5.618962e-03
1233 1.360880e-04 1.821998e-02
1234 3.188591e-07 7.601309e-03
1235 1.234640e-04 4.706349e-02
1236 1.887078e-06 4.572822e-03
1237 4.336995e-04 1.128281e-01
1238 2.068972e-05 1.232726e-02
1239 1.001142e-05 6.184572e-03
1240 6.359539e-06 3.305428e-03
1241 2.668047e-05 4.117472e-03
1242 6.441643e-04 1.559035e-01
1243 2.315760e-04 3.276856e-02
1244 2.542110e-06 3.214127e-03
1245 5.866409e-06 5.894331e-03
1246 1.725347e-07 2.005855e-03
1247 1.097332e-05 3.761824e-03
1248 1.972562e-04 3.999016e-02
1249 2.662216e-06 9.704479e-03
1250 8.924172e-07 6.137680e-03
1251 1.800222e-05 1.365560e-02
1252 8.485302e-06 4.930999e-03
1253 1.123952e-03 1.573067e-01
1254 2.598318e-06 5.238236e-03
1255 3.072838e-04 1.722226e-02
1256 2.041879e-05 2.871498e-03
1257 3.095941e-04 6.446068e-02
1258 2.789404e-06 4.740391e-03
1259 8.330924e-04 3.446254e-02
1260 4.727963e-04 1.539603e-01
1261 1.773805e-05 4.217092e-03
1262 8.565177e-05 1.319322e-02
1263 1.508812e-04 4.000261e-02
1264 3.947623e-05 2.971479e-02
1265 6.686409e-06 8.220280e-03
1266 4.779392e-05 3.165449e-02
1267 3.517308e-05 1.678059e-02
1268 7.142782e-07 8.885273e-03
1269 6.553324e-05 9.211351e-03
1270 1.916218e-03 1.934703e-01
1271 1.257393e-03 5.047560e-02
1272 1.529656e-07 1.259923e-03
1273 2.322420e-04 2.573993e-02
1274 2.101540e-05 1.698375e-02
1275 2.883565e-04 2.940223e-02
1276 1.242732e-03 4.997172e-02
1277 7.725709e-04 7.052860e-02
1278 8.994589e-04 9.195873e-02
1279 2.336018e-06 2.148673e-03
1280 9.364560e-04 8.431403e-02
1281 1.870728e-05 4.731528e-03
1282 2.225229e-04 2.279813e-02
1283 4.375324e-05 1.917410e-02
1284 5.867359e-06 4.120174e-03
1285 3.039668e-04 4.335921e-02
1286 5.020504e-07 3.183755e-03
1287 1.086567e-04 1.322048e-02
1288 6.693639e-05 1.511577e-02
1289 5.290972e-05 1.011550e-02
1290 6.273205e-05 2.650952e-02
1291 3.836373e-05 6.724530e-03
1292 1.317545e-03 1.715148e-01
1293 1.184517e-06 3.286423e-03
1294 7.941647e-06 5.418161e-03
1295 3.542472e-06 3.096268e-03
1296 2.136423e-06 1.257491e-02
1297 9.167230e-05 4.776270e-02
1298 3.684008e-05 1.014974e-02
1299 2.102038e-05 3.947542e-03
1300 3.734674e-06 2.724002e-03
1301 1.668813e-06 3.000590e-03
1302 2.147546e-04 3.495903e-02
1303 1.745530e-05 6.764998e-03
1304 9.669421e-06 6.272023e-03
1305 1.963035e-04 2.192513e-02
1306 1.287968e-04 6.680591e-03
1307 5.782099e-06 4.535703e-03
1308 7.792209e-07 2.466820e-03
1309 1.822354e-04 3.488119e-02
1310 1.755899e-07 1.443552e-03
1311 1.560684e-03 1.870902e-01
1312 3.938849e-04 7.511712e-02
1313 4.532105e-07 1.686860e-03
1314 2.204838e-05 6.215432e-03
1315 3.818340e-06 2.736277e-03
1316 3.266654e-06 2.104860e-03
1317 2.906605e-07 1.368034e-03
1318 5.152127e-05 2.971900e-02
1319 5.804086e-04 1.198441e-01
1320 3.670539e-06 3.658077e-03
1321 8.997165e-06 1.252182e-02
1322 3.917072e-08 1.132881e-03
1323 8.239586e-06 1.960018e-03
1324 2.586950e-04 4.166935e-02
1325 3.538547e-06 9.281077e-03
1326 9.282391e-06 4.619982e-03
1327 4.544709e-05 1.997346e-02
1328 3.318381e-06 2.524548e-03
1329 1.844135e-04 1.173701e-02
1330 7.423475e-06 7.294942e-03
1331 6.044332e-07 2.070728e-03
1332 2.850132e-07 1.419074e-03
1333 6.858355e-05 1.031333e-02
1334 3.308385e-05 9.872548e-03
1335 2.769830e-06 1.155756e-02
1336 1.834694e-05 3.741533e-03
1337 2.000652e-04 8.326371e-03
1338 2.092474e-05 6.017345e-03
1339 6.203259e-04 2.210286e-02
1340 3.641930e-05 6.796642e-03
1341 1.184932e-03 1.354446e-01
1342 4.939036e-06 2.357830e-03
1343 3.270250e-06 2.030270e-03
1344 1.787480e-06 3.217650e-03
1345 9.650670e-06 1.276925e-02
1346 3.266563e-04 1.481476e-02
1347 2.059963e-07 1.339485e-03
1348 2.743351e-05 7.367445e-03
1349 2.146416e-04 8.934386e-02
1350 2.780950e-05 8.392626e-03
1351 1.097855e-04 7.355959e-03
1352 1.065152e-05 7.938863e-03
1353 7.211464e-06 9.679115e-03
1354 2.554599e-06 4.685401e-03
1355 2.759061e-05 7.336099e-03
1356 1.263038e-04 1.958214e-02
1357 2.155279e-06 5.922958e-03
1358 1.846406e-05 4.608081e-03
1359 3.744309e-07 2.020648e-03
1360 1.829141e-06 3.969238e-03
1361 6.356990e-05 7.908127e-03
1362 4.780695e-04 1.956600e-02
1363 2.783574e-05 5.261508e-03
1364 3.812914e-05 2.943042e-02
1365 2.262096e-06 4.219004e-03
1366 2.004369e-06 3.893144e-03
1367 1.188090e-06 1.696869e-03
1368 7.217941e-05 3.304884e-02
1369 4.529402e-08 2.456090e-03
1370 8.704587e-07 1.619580e-03
1371 2.256490e-04 1.869939e-02
1372 4.352045e-06 3.993823e-03
1373 2.237112e-05 4.091578e-03
1374 5.204021e-07 3.320886e-03
1375 1.509861e-05 6.997250e-03
1376 1.889973e-03 3.878934e-01
1377 1.208978e-05 8.098724e-03
1378 1.703283e-06 1.375852e-03
1379 1.916933e-05 3.039841e-03
1380 2.143794e-03 1.493807e-01
1381 1.829452e-06 3.073983e-03
1382 6.972940e-07 1.211864e-03
1383 1.786137e-05 1.752301e-02
1384 2.403806e-06 4.430062e-03
1385 1.565062e-06 4.338889e-03
1386 6.228800e-06 5.034397e-03
1387 2.970479e-05 5.277914e-03
1388 3.476143e-05 4.893494e-03
1389 2.063825e-06 3.048249e-03
1390 2.242818e-06 2.842783e-03
1391 1.535278e-05 7.317386e-03
1392 2.918217e-06 1.882345e-03
1393 3.542239e-06 7.568577e-03
1394 4.319148e-06 6.138734e-03
1395 8.347634e-05 3.309057e-02
1396 1.383309e-04 2.250335e-02
1397 2.506367e-06 2.777847e-03
1398 1.238451e-05 1.632307e-02
1399 3.667042e-05 1.872933e-02
1400 8.026173e-06 4.370381e-03
1401 2.696673e-04 5.379067e-02
1402 4.407058e-06 4.324656e-03
1403 3.458120e-06 4.429770e-03
1404 3.016459e-06 2.219194e-03
1405 3.139056e-07 3.799383e-03
1406 4.600319e-05 1.004763e-02
1407 2.436255e-06 2.666692e-03
1408 2.658563e-03 1.631619e-01
1409 8.415888e-05 4.573363e-02
1410 1.091504e-05 1.048093e-02
1411 7.381313e-05 9.027483e-03
1412 1.384985e-06 4.333053e-03
1413 2.183690e-08 1.143020e-03
1414 1.438246e-06 2.386379e-03
1415 1.452913e-05 5.383049e-03
1416 1.773323e-06 2.945250e-03
1417 1.846288e-05 2.644510e-03
1418 2.318063e-06 4.449449e-03
1419 6.386137e-06 4.247611e-03
1420 8.684869e-05 1.238471e-02
1421 4.469777e-05 1.047543e-02
1422 2.796165e-04 2.062465e-02
1423 1.863173e-06 3.770808e-03
1424 1.801358e-05 5.510544e-03
1425 1.801358e-05 5.510544e-03
1426 1.801358e-05 5.510544e-03
1427 1.082553e-05 4.145561e-03
1428 1.403294e-05 5.887359e-03
1429 3.711109e-05 9.556500e-03
1430 3.320449e-04 6.218344e-02
1431 9.528120e-05 2.803455e-02
1432 1.600596e-05 1.675307e-02
1433 3.383849e-06 7.087366e-03
1434 5.718909e-06 2.994774e-03
1435 3.759352e-06 3.021788e-03
1436 1.641451e-05 4.093357e-03
1437 3.367952e-06 2.202944e-03
1438 8.999681e-06 7.854265e-03
1439 3.088485e-04 1.173418e-01
1440 1.502935e-06 2.748503e-03
1441 7.841000e-07 1.715683e-03
1442 2.086450e-05 5.189363e-03
1443 1.274390e-05 4.037228e-03
1444 1.056847e-05 4.012197e-03
1445 3.343937e-05 7.114874e-03
1446 3.849498e-05 5.086241e-03
1447 1.763115e-03 2.713104e-01
1448 3.359433e-06 1.998989e-03
1449 4.413584e-07 2.961783e-03
1450 2.402344e-05 1.002970e-02
1451 2.112168e-04 1.909200e-02
1452 9.405348e-05 3.661445e-02
1453 2.184770e-07 2.949663e-03
1454 1.017229e-05 3.496863e-03
1455 2.093690e-05 5.637367e-03
1456 1.744920e-06 1.672431e-03
1457 2.276142e-06 2.043218e-03
1458 2.131320e-06 2.299830e-03
1459 1.684514e-05 4.926697e-03
1460 3.301835e-05 1.316102e-02
1461 4.691316e-06 1.862379e-03
1462 4.764359e-06 1.676889e-03
1463 6.793260e-07 1.445628e-03
1464 6.155162e-07 2.006660e-03
1465 4.162019e-07 1.384755e-03
1466 4.093418e-05 1.942093e-02
1467 7.028142e-05 8.276729e-03
1468 9.496598e-06 6.323194e-03
1469 5.157379e-05 9.632522e-03
1470 9.752705e-08 3.686813e-03
1471 2.201401e-05 8.059982e-03
1472 4.035107e-06 6.104147e-03
1473 3.049098e-06 3.594813e-03
1474 6.619716e-06 1.629595e-02
1475 1.296176e-07 1.743389e-03
1476 3.506877e-05 1.730855e-02
1477 1.324679e-08 1.744712e-03
1478 4.835803e-05 1.380921e-02
1479 1.447722e-05 9.587906e-03
1480 5.379569e-05 4.251993e-02
1481 3.225816e-05 2.652815e-02
1482 1.983490e-05 1.130335e-02
1483 2.588188e-05 4.553281e-03
1484 3.155658e-04 6.262072e-02
1485 1.058030e-04 2.461797e-02
1486 1.372726e-03 6.721351e-02
1487 9.329319e-07 1.959351e-03
1488 7.937935e-05 2.100395e-02
1489 1.757053e-06 1.451357e-03
1490 4.478664e-06 3.131500e-03
1491 5.171083e-05 3.977997e-02
1492 1.999524e-06 6.599203e-03
1493 7.456607e-06 1.139680e-02
1494 4.218776e-07 2.884725e-03
1495 6.217631e-05 7.108635e-03
1496 3.264746e-06 3.986740e-03
1497 4.760991e-04 8.502262e-02
1498 2.809593e-06 5.005138e-03
1499 4.895000e-07 2.916693e-03
1500 1.082855e-05 4.534559e-03
1501 4.829908e-06 4.876339e-03
1502 7.348504e-04 4.748830e-02
1503 4.940989e-04 8.102848e-02
1504 3.182363e-05 1.102033e-02
1505 6.511130e-06 5.429659e-03
1506 2.947315e-05 5.164017e-03
1507 7.574863e-05 1.199565e-02
1508 7.366445e-04 7.499089e-02
1509 2.969124e-06 4.314264e-03
1510 1.377283e-05 7.420169e-03
1511 5.361553e-05 5.925000e-03
1512 9.737737e-06 6.861517e-03
1513 1.447480e-05 6.613713e-03
1514 6.242595e-06 6.139656e-03
1515 2.940279e-03 1.755344e-01
1516 2.108708e-05 1.085081e-02
1517 8.388317e-04 7.453663e-02
1518 1.006764e-05 5.190527e-03
1519 5.060292e-06 9.343931e-03
1520 3.025159e-07 1.724477e-03
1521 6.245158e-06 7.005366e-03
1522 2.019260e-04 2.147676e-02
1523 2.240852e-05 8.489245e-03
1524 4.801214e-05 1.542555e-02
1525 1.938123e-04 2.257509e-02
1526 9.285509e-06 1.169731e-02
1527 5.005496e-05 1.269815e-02
1528 1.770228e-05 9.958848e-03
1529 1.476095e-05 5.513593e-03
1530 1.766982e-05 1.432295e-02
1531 4.866459e-05 1.074686e-02
1532 3.728114e-06 4.736634e-03
1533 7.532954e-06 6.275962e-03
1534 7.705227e-06 7.452324e-03
1535 7.040040e-07 1.556936e-03
1536 2.358731e-06 2.561268e-03
1537 4.828763e-06 3.534542e-03
1538 3.234021e-06 3.865874e-03
1539 2.958001e-06 2.099936e-03
1540 1.090971e-04 1.252732e-02
1541 8.818085e-04 1.498097e-01
1542 2.826274e-04 6.776040e-02
1543 2.821459e-04 1.287446e-01
1544 2.812913e-05 8.009547e-03
1545 5.221986e-04 3.271228e-02
1546 4.625950e-05 6.606484e-03
1547 5.296829e-04 1.094423e-01
1548 3.259044e-05 1.603484e-02
1549 1.657916e-05 3.916326e-03
1550 7.143693e-07 4.392789e-03
1551 7.745717e-06 5.065337e-03
1552 4.992850e-04 8.629552e-02
1553 9.615979e-04 2.531707e-01
1554 2.542250e-05 8.360016e-03
1555 8.020206e-04 8.958687e-02
1556 1.075796e-05 1.162120e-02
1557 3.540081e-04 5.913425e-02
1558 3.601918e-04 2.957447e-02
1559 1.257285e-05 1.012234e-02
1560 1.397035e-04 3.835433e-02
1561 4.977379e-04 7.873970e-02
1562 2.099567e-05 6.714334e-03
1563 1.473908e-05 9.672825e-03
1564 4.174530e-04 7.216360e-02
1565 2.810218e-05 1.362300e-02
1566 4.759510e-06 5.220560e-03
1567 5.971160e-03 4.850687e-01
1568 1.565384e-05 1.392261e-02
1569 3.427525e-05 5.795057e-03
1570 2.353283e-03 2.030969e-01
1571 2.920946e-06 2.028533e-03
1572 1.652182e-04 7.253685e-03
1573 5.049570e-04 1.278425e-01
1574 3.684059e-05 9.504956e-03
1575 8.082600e-06 1.758387e-02
1576 4.999402e-04 4.239389e-02
1577 1.060417e-03 1.603660e-01
1578 7.292909e-05 2.933527e-02
1579 1.748726e-05 4.493444e-03
1580 1.369491e-03 2.545394e-01
1581 5.453158e-05 1.292178e-02
1582 1.886556e-06 3.019466e-03
1583 2.114062e-04 4.172060e-02
1584 3.386187e-05 1.349814e-02
1585 9.972222e-04 1.182808e-01
1586 2.906871e-05 9.158279e-03
1587 2.007517e-05 2.475917e-03
1588 1.105115e-04 1.298171e-02
1589 4.912740e-08 2.907217e-03
1590 1.276432e-05 3.550139e-03
1591 2.635853e-06 4.326301e-03
1592 1.534411e-05 3.928846e-03
1593 1.129954e-06 2.934988e-03
1594 5.542559e-06 9.398495e-03
1595 3.736654e-06 4.077028e-03
1596 1.220660e-04 2.664324e-02
1597 1.947634e-05 7.409768e-03
1598 1.474848e-05 5.119813e-03
1599 2.441287e-04 1.057791e-01
1600 3.580253e-06 9.415121e-03
1601 2.156850e-06 3.263122e-03
1602 1.807957e-03 3.470068e-01
1603 3.666352e-06 7.424226e-03
1604 5.841276e-05 4.828940e-03
1605 6.912523e-05 5.251228e-03
1606 5.324023e-04 1.462778e-01
1607 1.481018e-03 4.706916e-02
1608 3.777169e-06 4.549784e-03
1609 2.438287e-04 4.181543e-02
1610 1.024376e-03 2.894832e-01
1611 2.266512e-05 1.165892e-02
1612 8.302348e-07 3.576588e-03
1613 9.199724e-08 1.205366e-03
1614 1.493197e-04 1.624206e-02
1615 3.091897e-04 1.153911e-01
1616 4.904833e-07 2.579946e-03
1617 5.206867e-07 3.387014e-03
1618 1.859989e-05 1.927880e-03
1619 4.128869e-04 5.987650e-02
1620 4.218140e-05 5.193624e-02
1621 6.716577e-05 9.815215e-02
1622 5.996696e-05 1.522198e-02
1623 1.355902e-04 4.561235e-02
1624 2.383533e-03 1.331305e-01
1625 1.461947e-06 4.333006e-03
1626 1.285511e-04 4.215693e-02
1627 3.569802e-05 1.470372e-02
1628 2.679667e-04 3.780725e-02
1629 1.082749e-03 9.871224e-02
1630 1.211419e-03 9.498609e-02
1631 1.677230e-04 6.781586e-02
1632 3.316346e-04 4.748490e-02
1633 6.954823e-07 3.070892e-03
1634 2.850468e-06 6.359274e-03
1635 2.454103e-07 1.144466e-03
1636 6.230478e-07 2.907867e-03
1637 8.610241e-07 1.650945e-03
1638 1.446860e-06 3.041988e-03
1639 3.064793e-07 1.843731e-03
1640 1.155103e-04 3.346821e-02
1641 1.926981e-04 3.630317e-02
1642 1.692510e-03 1.934865e-01
1643 7.602559e-06 2.285511e-02
1644 9.313152e-06 8.010621e-03
1645 1.558436e-05 4.933116e-03
1646 3.341863e-03 4.419779e-01
1647 5.505573e-05 1.185840e-02
1648 1.206421e-05 3.312502e-03
1649 1.648788e-03 1.559409e-01
1650 2.398081e-04 3.863234e-02
1651 5.010917e-06 3.967787e-03
1652 2.961151e-04 5.047311e-02
1653 1.372475e-03 1.080923e-01
1654 3.534700e-05 2.126531e-02
1655 1.027847e-03 7.498557e-02
1656 4.534506e-05 1.613584e-02
1657 6.896230e-06 1.043863e-02
1658 4.907900e-06 4.582094e-03
1659 5.254598e-05 1.213011e-02
1660 9.578942e-05 1.057169e-02
1661 1.282767e-04 1.947141e-02
1662 2.302252e-05 6.404700e-03
1663 3.404562e-04 6.138258e-02
1664 6.739201e-05 8.038907e-03
1665 9.694453e-05 7.198168e-03
1666 2.607055e-04 3.769400e-02
1667 4.730312e-05 2.980706e-02
1668 2.074798e-08 8.860541e-04
1669 1.428222e-05 1.101212e-02
1670 6.017099e-06 2.795985e-03
1671 1.173493e-04 1.738368e-02
1672 8.535174e-04 1.060816e-01
1673 5.983062e-05 1.414428e-02
1674 3.207008e-06 9.126996e-03
1675 6.632911e-05 1.035884e-02
1676 1.754020e-06 2.653010e-03
1677 1.834748e-06 6.970692e-03
1678 1.720951e-06 3.498292e-03
1679 1.162001e-07 1.407427e-03
1680 2.236587e-04 2.045967e-02
1681 7.503304e-05 1.950590e-02
1682 2.994238e-05 1.310521e-02
1683 1.669067e-06 1.691914e-03
1684 1.919758e-05 3.202534e-03
1685 5.313389e-05 1.272156e-02
1686 4.478402e-04 2.991311e-02
1687 9.219257e-05 2.786008e-02
1688 2.776781e-04 1.676049e-02
1689 6.117458e-04 4.262414e-02
1690 2.945440e-06 1.615918e-03
1691 1.522863e-06 1.692536e-03
1692 2.846660e-06 5.232865e-03
1693 3.487451e-04 2.025833e-02
1694 6.637697e-05 3.698586e-02
1695 8.821251e-06 2.148620e-03
1696 4.990163e-04 1.337313e-01
1697 1.344078e-05 8.052175e-03
1698 2.813061e-04 6.585915e-02
1699 4.106957e-03 2.028120e-01
1700 1.813968e-06 4.064218e-03
1701 5.366098e-05 3.686826e-02
1702 8.394541e-05 7.925519e-02
1703 7.611479e-05 5.284159e-02
1704 1.549017e-06 1.485453e-03
1705 2.028948e-06 1.906624e-03
1706 1.584210e-05 2.242908e-03
1707 9.704370e-05 3.763797e-02
1708 1.829096e-06 8.002450e-03
1709 7.969108e-05 1.192610e-02
1710 5.638043e-06 1.102551e-02
1711 6.796318e-04 3.982670e-02
1712 2.978024e-04 3.641368e-02
1713 1.675322e-05 7.486868e-03
1714 2.829414e-04 2.250760e-02
1715 2.759376e-06 5.790589e-03
1716 2.704989e-06 4.355047e-03
1717 1.820717e-04 1.985103e-02
1718 1.130275e-05 1.102075e-02
1719 6.007423e-06 7.438184e-03
1720 6.623726e-06 8.823425e-03
1721 5.638367e-05 2.993699e-02
1722 6.851773e-06 8.146680e-03
1723 1.976616e-03 1.658258e-01
1724 4.873522e-06 2.689777e-03
1725 4.124730e-05 1.306607e-02
1726 4.002611e-04 5.843056e-02
1727 2.640677e-04 2.015119e-02
1728 2.217031e-04 2.714331e-02
1729 8.115532e-06 3.621890e-03
1730 6.295329e-04 5.470381e-02
1731 1.552405e-05 5.920304e-03
1732 6.215696e-07 1.865538e-03
1733 1.314790e-08 1.011267e-03
1734 7.611027e-05 2.368951e-02
1735 1.061551e-04 1.871697e-02
1736 9.002381e-08 1.146596e-03
1737 5.281826e-05 1.217099e-02
1738 7.658097e-06 2.825038e-03
1739 3.786786e-05 1.098677e-02
1740 2.180826e-04 5.593382e-02
1741 1.257894e-06 4.406201e-03
1742 2.966889e-04 6.776508e-02
1743 2.836421e-04 3.166123e-02
1744 8.826784e-05 2.425391e-02
1745 2.694657e-05 8.164069e-03
1746 6.615836e-06 2.531489e-03
1747 1.993889e-06 6.467025e-03
1748 2.349164e-03 2.491294e-01
1749 4.925490e-06 8.332269e-03
1750 2.090220e-05 7.987021e-03
1751 4.778883e-06 6.068435e-03
1752 1.546914e-06 2.025265e-03
1753 1.027905e-04 3.354354e-02
1754 6.517149e-06 5.076734e-03
1755 4.695861e-06 5.877388e-03
1756 1.381280e-05 1.834991e-02
1757 2.361797e-05 1.402306e-02
1758 5.680814e-04 2.197964e-02
1759 7.743644e-06 4.622082e-03
1760 9.324986e-04 1.700349e-01
1761 1.710978e-06 6.981332e-03
1762 7.083137e-06 3.660325e-03
1763 2.239228e-06 1.111355e-02
1764 2.713536e-06 6.526333e-03
1765 1.539737e-05 1.670844e-02
1766 1.093032e-05 3.867698e-03
1767 1.867511e-05 5.327922e-03
1768 7.431335e-05 2.378775e-02
1769 4.267130e-05 1.538004e-02
1770 1.698763e-05 7.994909e-03
1771 2.246352e-05 8.894897e-03
1772 6.869607e-04 1.678064e-01
1773 1.087444e-03 1.215979e-01
1774 1.218348e-06 2.892145e-03
1775 1.251526e-06 2.745120e-03
1776 8.337733e-06 1.906897e-02
1777 3.027466e-05 9.710085e-03
1778 1.066368e-05 6.630484e-03
1779 5.397883e-05 1.566681e-02
1780 1.171654e-06 2.766134e-03
1781 1.058058e-07 1.302011e-03
1782 1.064828e-06 3.143222e-03
1783 5.903449e-06 6.567227e-03
1784 2.890411e-05 2.007338e-02
1785 7.112095e-06 3.457987e-03
1786 4.464930e-05 2.885928e-02
1787 1.047784e-03 7.369009e-02
1788 1.346584e-06 4.405797e-03
1789 3.150897e-05 3.005512e-02
1790 5.793131e-06 2.036827e-03
1791 1.721924e-05 4.417365e-03
1792 3.624347e-05 4.631130e-03
1793 3.145298e-06 9.384272e-03
1794 4.276646e-05 1.651035e-02
1795 3.393426e-05 2.950614e-03
1796 2.914549e-04 1.314924e-01
1797 3.508956e-05 1.691674e-02
1798 7.354536e-06 6.308829e-03
1799 7.364031e-06 2.354256e-03
1800 1.170288e-04 4.297044e-02
1801 1.547396e-05 3.350633e-03
1802 1.945532e-04 1.717104e-02
1803 7.832080e-07 1.981835e-03
1804 3.724987e-06 2.047529e-03
1805 2.534410e-07 1.100340e-02
1806 3.446023e-06 5.006604e-03
1807 1.160083e-06 1.482482e-03
1808 4.639230e-03 3.454924e-01
1809 8.585041e-06 8.895759e-03
1810 3.645766e-04 4.046974e-02
1811 6.140189e-06 7.420595e-03
1812 3.400024e-06 5.786646e-03
1813 7.511363e-05 9.859677e-03
1814 2.620812e-06 2.737781e-03
1815 7.635191e-05 2.093940e-02
1816 7.526377e-05 1.959779e-02
1817 2.988793e-05 3.606064e-03
1818 5.047790e-06 4.562126e-03
1819 2.490699e-08 2.081427e-03
1820 5.205954e-07 1.570077e-03
1821 7.827938e-07 3.374096e-03
1822 4.296418e-04 4.128213e-02
1823 1.714191e-05 3.705618e-02
1824 5.007528e-05 4.290989e-02
1825 1.801543e-03 8.530791e-02
1826 4.956131e-04 8.388585e-02
1827 1.217141e-04 2.190728e-02
1828 2.460259e-05 1.210354e-02
1829 1.008767e-05 8.190453e-03
1830 7.148634e-07 2.860091e-03
1831 8.210317e-07 1.673488e-03
1832 9.269733e-06 1.390544e-02
1833 7.283470e-06 5.769701e-03
1834 1.146121e-06 3.416843e-03
1835 1.718727e-06 3.481297e-03
1836 7.937538e-04 4.957340e-02
1837 1.211072e-03 1.138818e-01
1838 3.648289e-05 4.582746e-03
1839 8.035179e-05 3.041850e-02
1840 1.326899e-04 2.560344e-02
1841 1.747154e-04 3.336959e-02
1842 1.645830e-06 6.609874e-03
1843 1.614888e-05 7.581662e-03
1844 6.950513e-07 2.690577e-03
1845 3.480614e-05 1.565108e-02
1846 9.603095e-07 3.483805e-03
1847 4.355672e-04 4.725862e-02
1848 3.241950e-07 2.194286e-03
1849 4.324551e-06 1.349865e-02
1850 9.620417e-06 1.451542e-02
1851 1.275184e-05 3.480973e-02
1852 6.330593e-05 1.443609e-02
1853 1.202679e-04 2.478245e-02
1854 2.768303e-04 8.869993e-02
1855 1.329077e-05 2.791261e-02
1856 2.427735e-07 2.254568e-03
1857 1.577986e-06 4.501834e-03
1858 2.396124e-06 3.177990e-03
1859 1.789686e-06 3.105742e-03
1860 1.381342e-04 1.727301e-02
1861 1.345999e-06 7.240311e-03
1862 1.580986e-03 1.264104e-01
1863 2.366442e-06 2.921771e-03
1864 7.517103e-06 2.322404e-03
1865 2.437146e-05 1.083376e-02
1866 1.530013e-04 2.462010e-02
1867 1.807739e-07 2.603406e-03
1868 1.146057e-05 3.713761e-03
1869 6.607131e-04 1.276343e-01
1870 3.088563e-05 4.984280e-03
1871 3.333695e-06 1.054901e-02
1872 8.432113e-07 7.140139e-03
1873 7.884044e-07 1.809133e-03
1874 1.300118e-06 1.981329e-03
1875 1.581732e-03 6.658576e-02
1876 1.028483e-06 2.369125e-03
1877 5.561880e-06 2.703141e-03
1878 1.853254e-06 6.443700e-03
1879 1.443096e-05 1.106860e-02
1880 1.635434e-04 1.274168e-02
1881 2.251971e-05 4.348074e-02
1882 9.829613e-06 3.544166e-03
1883 2.374071e-05 1.092737e-02
1884 4.904665e-04 1.630138e-02
1885 8.072519e-06 5.591846e-03
1886 1.920338e-05 5.743337e-03
1887 9.516673e-05 1.398414e-02
1888 1.723102e-06 2.742561e-03
1889 2.065505e-06 1.242804e-03
1890 1.317902e-05 1.029221e-02
1891 4.964011e-04 8.606190e-02
1892 2.125753e-05 1.145575e-02
1893 1.183762e-04 2.530743e-02
1894 1.945255e-03 2.816805e-01
1895 1.037509e-04 3.590264e-02
1896 4.627444e-04 3.585761e-02
1897 1.593592e-06 3.838431e-03
1898 8.431881e-05 4.204845e-02
1899 2.210056e-05 7.441267e-03
1900 3.239397e-04 2.053688e-02
1901 1.305863e-05 3.082541e-03
1902 2.858517e-06 1.781211e-03
1903 4.455532e-05 8.967659e-03
1904 1.557144e-05 6.932335e-03
1905 1.506315e-05 4.246734e-03
1906 8.659076e-06 4.818228e-03
1907 3.665936e-07 3.742548e-03
1908 1.853269e-06 1.586392e-03
1909 2.696559e-05 4.222586e-03
1910 2.648461e-04 3.222812e-02
1911 1.399325e-04 1.381229e-02
1912 4.230074e-04 2.834593e-02
1913 3.907372e-04 2.552616e-02
1914 1.570691e-05 3.900028e-03
1915 2.833444e-06 7.823564e-03
1916 3.050268e-03 2.458704e-01
1917 6.246442e-04 1.972673e-01
1918 2.629049e-05 2.562546e-02
1919 1.938315e-05 9.991951e-03
1920 5.772673e-05 5.073980e-03
1921 7.046069e-07 1.343847e-03
1922 2.114400e-05 3.258266e-03
1923 4.996171e-06 2.039479e-03
1924 1.446420e-06 2.208463e-03
1925 5.062545e-06 1.904023e-03
1926 6.600889e-04 4.891976e-02
1927 4.139294e-05 9.908018e-03
1928 2.542554e-06 1.707026e-03
1929 4.769234e-05 6.078727e-03
1930 3.809658e-05 1.554499e-02
1931 3.229468e-05 1.196173e-02
1932 9.157980e-05 3.008836e-02
1933 2.571772e-05 1.302717e-02
1934 2.456709e-04 5.243952e-02
1935 8.292515e-06 1.287295e-02
1936 2.764051e-05 1.096705e-02
1937 1.264596e-05 4.065632e-03
1938 2.154615e-06 1.967244e-03
1939 1.184821e-03 1.269354e-01
1940 2.272447e-05 2.112768e-02
1941 4.452169e-05 1.242006e-02
1942 1.373247e-04 5.225795e-02
1943 9.209899e-05 2.786120e-02
1944 7.516794e-04 4.841813e-02
1945 2.590491e-04 1.545957e-02
1946 7.835130e-06 4.305943e-03
1947 1.402046e-05 2.503379e-03
1948 8.258667e-07 1.686664e-03
1949 1.275532e-04 7.805927e-02
1950 5.628523e-05 1.383452e-02
1951 9.670116e-05 3.634193e-02
1952 5.057767e-06 6.320866e-03
1953 7.341898e-05 1.857285e-02
1954 2.122861e-04 4.915628e-02
1955 2.452074e-05 6.841540e-03
1956 3.050480e-05 1.892759e-02
1957 2.536907e-05 6.546820e-03
1958 4.552121e-05 1.373648e-02
1959 3.123792e-05 2.457260e-02
1960 7.955411e-05 1.666429e-02
1961 2.817601e-04 4.822284e-02
1962 6.623149e-05 2.211913e-02
1963 2.571117e-04 3.585127e-02
1964 4.712631e-06 3.621784e-03
1965 1.244118e-05 1.358274e-02
1966 5.085666e-06 6.384147e-03
1967 9.767782e-05 4.701550e-02
1968 3.467102e-06 2.028504e-03
1969 1.759230e-04 2.570067e-02
1970 4.003536e-04 3.244442e-02
1971 6.467114e-04 1.326040e-01
1972 1.770009e-05 4.198815e-03
1973 6.214942e-04 7.374195e-02
1974 5.048781e-06 4.139975e-03
1975 4.246472e-04 7.015511e-02
1976 1.756183e-04 3.987277e-02
1977 8.996440e-06 5.333578e-03
1978 1.019710e-06 3.959781e-03
1979 5.232506e-05 3.304944e-02
1980 7.775113e-06 3.130274e-03
1981 1.292951e-04 3.230501e-02
1982 5.688057e-06 2.548746e-03
1983 5.634308e-07 2.040757e-03
1984 1.099829e-04 2.409591e-02
1985 8.315336e-05 6.880222e-03
1986 7.629601e-06 4.017808e-03
1987 1.615464e-05 3.425851e-02
1988 6.237314e-04 3.919060e-02
1989 1.749919e-06 1.332540e-03
1990 5.905018e-06 3.246613e-03
1991 5.868710e-06 5.188796e-03
1992 7.325141e-04 8.873459e-02
1993 5.720508e-07 1.166928e-03
1994 2.585315e-07 1.235169e-03
1995 2.595406e-04 3.375914e-02
1996 1.425000e-05 3.778503e-03
1997 3.074497e-06 1.853569e-03
1998 1.345744e-05 4.916581e-03
1999 1.446489e-04 1.007684e-02
2000 9.955671e-07 2.430196e-03
2001 3.964309e-06 2.807611e-03
