2 2.207469e-04 1.324399e-01
3 4.421034e-03 6.036707e-01
4 1.300548e-03 2.762343e-01
5 2.527148e-04 9.516683e-02
6 1.193151e-03 7.867644e-01
7 8.432363e-04 1.972846e-01
8 1.054355e-05 5.321098e-02
9 7.920838e-06 9.650971e-03
10 4.860488e-04 4.888288e-02
11 3.477336e-03 3.787391e-01
12 1.966373e-04 3.121880e-02
13 3.537187e-03 4.279776e-01
14 6.672673e-04 9.790231e-02
15 2.373562e-04 5.226630e-02
16 2.080518e-05 5.560071e-02
17 5.089409e-05 1.324480e-02
18 3.052336e-04 1.081995e-01
19 5.094857e-04 3.125378e-01
20 1.099459e-03 3.899395e-01
21 9.379740e-04 1.729100e-01
22 6.747652e-05 2.903550e-02
23 1.697027e-03 6.026854e-01
24 4.125898e-03 2.614700e-01
25 9.048731e-05 4.339817e-02
26 3.225379e-03 5.472591e-01
27 1.468474e-04 6.294811e-02
28 1.431752e-04 3.680166e-02
29 5.188788e-03 4.904705e-01
30 4.672394e-06 7.627716e-03
31 1.826569e-03 7.791521e-02
32 7.663477e-04 2.063377e-01
33 1.567501e-04 1.756762e-02
34 7.263312e-05 6.902430e-03
35 2.961671e-04 2.039350e-01
36 2.027237e-04 5.886779e-02
37 2.247638e-03 6.778942e-01
38 6.258659e-03 8.150991e-01
39 2.644711e-03 4.766718e-01
40 8.669126e-04 1.946426e-01
41 2.894291e-06 7.048398e-03
42 2.848627e-03 6.161345e-01
43 1.387588e-04 1.320888e-02
44 3.106149e-06 2.919669e-03
45 5.529257e-07 2.683049e-03
46 1.979804e-07 1.427889e-03
47 9.056632e-07 6.265504e-03
48 1.533241e-06 7.125119e-03
49 1.640798e-06 9.052553e-03
50 5.224651e-05 3.114238e-02
51 9.340447e-07 3.131113e-03
52 7.216481e-07 5.618338e-03
53 3.780398e-07 5.663962e-03
54 5.064040e-07 4.285067e-03
55 6.285455e-07 3.386441e-03
56 3.655435e-05 2.040302e-02
57 1.090811e-04 3.853666e-02
58 8.495246e-08 1.712226e-03
59 2.306217e-05 1.022687e-02
60 1.340703e-06 2.329982e-03
61 9.821451e-07 4.185156e-03
62 9.921645e-07 1.263814e-03
63 2.163099e-06 5.499605e-03
64 1.527230e-06 1.180731e-02
65 4.467612e-06 2.679955e-03
66 1.574934e-06 4.792840e-03
67 5.981652e-07 4.782569e-03
68 9.954149e-06 1.075556e-02
69 2.247944e-05 8.962942e-03
70 4.248392e-03 3.142402e-01
71 1.379197e-08 4.412282e-03
72 1.055317e-03 3.690236e-02
73 1.062670e-05 4.180069e-03
74 1.370374e-06 5.722697e-03
75 3.224744e-06 5.605193e-03
76 6.125244e-06 6.336238e-03
77 5.071766e-06 4.404254e-03
78 2.229762e-04 4.227284e-02
79 4.847448e-06 1.132900e-02
80 3.979121e-04 8.302685e-02
81 1.129907e-06 3.139146e-03
82 8.786641e-05 3.927783e-02
83 1.115198e-07 2.524102e-03
84 3.062379e-05 1.384536e-02
85 1.676754e-06 7.713269e-03
86 2.349242e-04 1.640997e-02
87 9.202243e-04 1.779190e-01
88 4.031904e-08 2.773383e-03
89 1.178205e-04 3.333852e-02
90 1.067867e-04 1.190849e-01
91 3.972280e-05 1.632124e-02
92 3.336938e-04 7.536721e-02
93 2.610235e-04 4.071279e-02
94 1.705670e-06 8.967257e-03
95 3.523214e-07 5.375064e-03
96 4.000676e-05 1.118503e-02
97 1.521316e-04 1.701299e-02
98 2.054727e-04 1.692984e-02
99 3.191058e-04 3.010732e-01
100 2.986668e-03 5.210965e-01
101 3.767851e-04 1.087941e-01
102 1.092994e-05 6.298941e-03
103 8.892585e-04 2.042944e-01
104 1.003578e-06 2.466518e-02
105 5.210693e-04 8.088883e-02
106 1.296617e-04 5.784917e-02
107 2.754556e-06 1.206274e-02
108 3.323724e-05 1.102281e-01
109 2.719498e-06 1.210788e-02
110 2.842202e-06 4.260746e-03
111 8.633510e-07 1.079751e-02
112 1.154647e-06 1.956739e-02
113 4.140209e-04 8.320921e-02
114 1.151481e-05 9.779891e-03
115 6.746955e-05 1.928444e-02
116 1.286533e-04 6.690630e-02
117 1.486887e-05 7.046641e-03
118 4.828640e-07 3.691982e-03
119 1.936000e-03 4.199442e-01
120 6.076411e-05 1.949385e-02
121 2.846864e-06 8.952519e-03
122 1.322280e-06 5.138037e-03
123 4.382652e-04 4.920482e-02
124 2.986655e-05 1.307469e-02
125 2.914825e-04 1.428203e-01
126 9.289852e-05 1.303017e-02
127 3.843256e-06 1.150546e-02
128 8.076266e-04 3.682912e-01
129 2.697258e-03 3.712373e-01
130 1.567061e-04 6.998756e-02
131 2.846816e-04 1.397572e-01
132 1.711051e-05 2.791740e-02
133 2.452192e-03 7.185923e-01
134 2.830181e-04 3.049881e-02
135 2.648051e-03 1.775127e-01
136 1.285428e-08 2.286925e-03
137 1.665105e-06 1.294219e-02
138 2.292918e-06 3.944448e-03
139 1.022863e-05 9.339543e-03
140 3.217308e-04 3.733414e-02
141 9.121815e-06 7.461640e-03
142 7.524501e-04 1.255671e-01
143 5.575414e-05 8.448184e-02
144 7.494830e-04 1.985980e-01
145 8.458424e-05 4.732613e-02
146 5.507737e-05 1.328282e-02
147 4.700929e-04 6.483333e-02
148 5.301814e-06 6.078581e-03
149 1.698230e-05 6.994977e-02
150 2.454554e-04 7.482840e-02
151 3.829466e-04 3.119790e-02
152 3.674795e-05 3.492772e-02
153 1.913768e-05 9.885657e-03
154 2.355914e-05 1.422853e-02
155 2.601702e-06 2.945671e-03
156 4.709641e-05 1.403472e-02
157 3.722489e-06 1.306183e-02
158 7.108829e-09 3.780039e-03
159 1.959875e-06 1.777862e-02
160 5.984370e-06 9.585834e-03
161 4.509843e-06 4.888799e-03
162 4.791543e-06 1.681458e-02
163 5.991475e-06 1.670294e-02
164 4.709684e-05 7.609546e-03
165 1.556771e-06 1.686394e-03
166 2.744747e-06 2.168389e-03
167 1.141262e-05 7.614169e-03
168 6.531908e-06 4.782979e-03
169 4.894515e-05 2.306739e-02
170 1.214058e-05 6.416732e-03
171 7.913419e-05 4.064948e-02
172 2.799423e-03 2.560967e-01
173 5.230862e-05 7.344016e-02
174 1.468879e-04 1.519053e-01
175 2.032371e-08 1.263060e-03
176 2.824872e-05 1.271633e-02
177 4.796857e-08 3.186592e-03
178 1.712788e-06 7.776430e-03
179 1.113239e-05 1.200463e-02
180 1.882741e-08 1.276523e-03
181 3.677489e-04 1.064960e-01
182 2.086784e-04 3.212691e-02
183 1.657975e-04 2.812669e-02
184 1.031879e-05 8.402174e-03
185 3.325422e-08 1.522360e-03
186 1.960127e-05 4.838019e-02
187 1.177334e-03 5.483294e-01
188 1.761119e-04 3.771342e-02
189 6.171576e-05 1.372953e-02
190 8.477570e-06 5.368861e-03
191 2.736122e-06 6.863561e-03
192 1.312645e-06 5.811687e-03
193 3.530062e-07 6.271491e-03
194 8.822547e-07 6.073638e-03
195 4.162919e-05 2.220623e-02
196 2.445599e-06 7.908151e-03
197 2.801794e-06 2.112380e-02
198 1.530688e-05 1.365827e-02
199 5.879629e-05 1.719411e-02
200 4.835078e-04 8.656761e-02
201 6.262043e-05 8.662228e-02
202 1.419247e-05 1.354729e-02
203 1.251439e-04 1.806234e-01
204 9.650672e-07 4.023127e-03
205 4.681450e-05 3.832289e-02
206 1.498890e-04 2.219587e-02
207 1.025356e-05 3.204852e-02
208 8.453437e-05 8.898597e-02
209 7.392668e-04 8.165421e-02
210 4.007507e-05 5.614305e-02
211 2.335402e-03 1.349277e-01
212 1.896505e-06 4.937415e-03
213 1.450233e-05 1.539500e-02
214 6.706241e-06 1.331608e-02
215 4.948418e-07 1.235270e-02
216 4.017164e-05 3.755336e-02
217 8.520024e-07 2.729532e-03
218 2.629196e-06 4.649244e-03
219 6.591170e-07 2.493220e-03
220 2.658142e-04 2.248834e-01
221 8.515794e-07 5.635735e-03
222 1.230293e-04 3.668128e-02
223 2.455537e-04 8.206282e-02
224 1.246094e-07 2.295985e-03
225 2.555855e-07 3.223666e-03
226 1.730996e-06 1.177005e-02
227 7.938308e-07 4.225785e-03
228 6.226972e-06 5.840055e-03
229 3.285325e-06 1.796496e-02
230 6.628729e-04 2.842016e-01
231 2.810857e-08 2.041969e-03
232 1.497189e-03 5.855310e-01
233 2.800206e-06 9.358821e-03
234 5.481462e-06 4.928380e-03
235 7.686117e-08 7.403212e-03
236 1.777118e-04 3.632423e-02
237 9.759406e-04 2.016577e-01
238 7.570568e-07 5.059219e-03
239 3.792045e-05 9.598546e-03
240 2.074888e-05 6.774809e-02
241 4.891143e-04 4.385669e-01
242 8.044930e-05 3.150558e-02
243 1.077198e-06 4.463053e-03
244 1.049486e-07 1.872014e-03
245 6.699919e-08 1.279117e-03
246 4.621561e-04 1.064494e-01
247 5.501245e-04 7.518547e-02
248 8.783593e-04 2.224398e-01
249 9.201137e-04 2.677038e-01
250 7.944456e-04 1.599020e-01
251 3.268882e-08 1.292684e-03
252 4.938545e-07 8.735793e-03
253 1.585357e-06 4.196677e-03
254 8.165926e-05 2.019598e-02
255 2.620890e-06 8.657700e-03
256 5.093607e-08 2.436588e-03
257 1.448452e-06 5.141990e-03
258 2.634159e-04 5.541738e-02
259 1.786661e-07 1.443952e-03
260 5.328189e-06 9.736272e-03
261 2.639161e-05 8.074275e-03
262 1.066038e-06 1.661200e-03
263 1.679761e-05 4.884941e-03
264 1.018031e-05 2.924370e-02
265 4.008915e-05 7.458996e-02
266 1.811689e-06 1.186045e-02
267 3.755219e-06 1.966186e-02
268 2.758595e-05 7.234771e-03
269 5.142511e-04 1.353551e-01
270 2.722639e-08 3.603977e-03
271 7.325190e-06 1.742529e-02
272 9.568670e-06 1.053527e-02
273 1.606939e-04 1.022401e-01
274 2.406671e-08 1.878708e-03
275 5.661314e-04 4.670496e-02
276 8.089237e-06 1.819879e-02
277 7.939194e-08 4.008609e-03
278 5.559167e-04 8.848865e-02
279 5.163394e-06 5.031170e-03
280 3.675534e-04 5.572879e-02
281 5.754495e-04 9.595654e-02
282 2.013627e-07 2.071124e-03
283 7.124451e-06 6.626939e-03
284 2.194875e-07 4.737976e-03
285 3.998398e-06 9.110942e-03
286 3.379644e-06 5.998365e-03
287 2.306415e-07 5.067432e-03
288 5.176821e-07 2.193635e-03
289 5.832358e-04 2.522459e-01
290 7.912770e-09 1.421152e-03
291 6.433336e-06 1.750812e-02
292 1.302135e-03 3.225120e-01
293 4.837636e-06 5.511635e-03
294 2.742134e-07 4.356494e-03
295 1.302104e-07 1.780051e-02
296 5.185956e-05 1.192763e-01
297 2.232658e-06 1.724261e-02
298 4.842621e-06 5.459544e-03
299 5.438513e-07 4.237173e-03
300 1.818320e-06 1.524965e-02
301 4.279013e-04 3.027795e-01
302 2.054413e-07 3.559222e-03
303 6.117780e-06 2.021459e-02
304 1.126567e-03 7.899670e-02
305 1.435016e-04 1.420956e-02
306 1.550853e-05 1.795343e-02
307 1.568099e-03 1.987183e-01
308 5.059154e-07 1.082976e-02
309 1.779234e-03 1.856017e-01
310 5.640864e-05 1.871564e-02
311 3.394672e-05 1.222748e-02
312 8.448423e-06 4.999604e-03
313 3.621457e-03 6.163716e-01
314 9.978219e-06 3.204931e-03
315 7.323922e-08 4.742936e-03
316 2.414097e-03 4.339253e-01
317 1.254166e-03 2.228691e-01
318 7.116165e-04 1.787513e-01
319 2.854635e-04 7.565013e-02
320 9.743845e-05 3.720829e-02
321 1.486730e-03 3.240886e-01
322 2.933643e-08 6.874149e-03
323 3.609661e-05 2.598086e-02
324 8.479524e-07 5.360295e-03
325 2.437922e-07 5.297560e-03
326 2.422793e-05 4.486367e-02
327 2.259807e-03 5.807788e-01
328 8.366644e-04 1.420968e-01
329 2.175788e-03 2.266602e-01
330 2.445683e-05 9.703779e-03
331 3.876955e-05 2.686109e-02
332 1.005847e-03 2.364377e-01
333 5.830020e-07 1.666717e-02
334 7.650459e-05 4.741992e-02
335 8.331403e-08 2.166253e-03
336 3.077173e-05 1.010612e-02
337 5.451324e-06 1.327570e-02
338 3.277342e-04 6.315389e-02
339 7.002923e-04 1.817519e-01
340 1.015830e-05 1.387521e-02
341 6.480173e-07 1.023748e-02
342 3.988717e-05 6.134702e-03
343 7.235481e-06 3.886618e-02
344 2.948230e-05 1.241214e-02
345 1.912984e-03 5.598416e-01
346 3.721963e-03 2.654429e-01
347 9.948989e-07 4.181896e-03
348 2.731472e-04 3.963622e-02
349 6.126122e-06 7.320884e-03
350 1.599983e-06 3.061305e-03
351 1.721117e-03 6.622308e-01
352 8.944350e-05 2.123342e-01
353 1.043965e-07 1.281902e-03
354 2.935777e-04 1.211170e-01
355 5.316945e-05 2.258625e-02
356 3.120112e-03 2.875219e-01
357 1.004791e-03 1.043263e-01
358 8.473295e-06 4.698928e-03
359 2.455593e-06 1.185301e-02
360 1.480917e-04 1.093244e-01
361 1.134869e-03 1.455811e-01
362 4.293441e-04 4.644602e-02
363 1.186832e-04 3.288918e-02
364 2.468409e-05 5.075081e-02
365 1.266804e-05 3.962856e-02
366 2.808270e-06 2.044959e-02
367 7.789301e-07 1.696020e-02
368 3.264463e-06 1.179169e-02
369 7.148720e-06 1.148225e-02
370 1.477855e-05 1.723068e-02
371 1.909450e-05 8.580081e-02
372 1.236515e-06 3.663222e-02
373 3.165577e-04 5.342852e-02
374 6.653722e-08 6.328232e-03
375 7.193641e-07 1.419692e-03
376 6.955248e-07 3.614560e-03
377 2.933030e-03 3.247647e-01
378 1.225603e-04 1.914744e-02
379 1.100223e-05 5.167382e-03
380 1.745757e-05 1.927067e-02
381 2.187226e-03 4.413378e-01
382 4.616160e-05 1.146354e-02
383 4.141906e-04 1.289499e-01
384 5.915788e-05 1.782244e-02
385 3.329910e-03 4.231619e-01
386 8.748501e-05 1.134377e-02
387 6.832008e-06 1.977225e-02
388 1.376173e-06 4.021424e-03
389 2.176497e-06 1.059977e-02
390 2.383904e-08 4.436830e-03
391 1.782798e-04 2.352025e-02
392 6.344624e-06 2.744587e-02
393 1.750828e-08 2.652637e-03
394 4.952373e-03 5.618716e-01
395 6.981951e-07 1.764888e-03
396 3.170788e-05 3.687125e-02
397 1.934595e-05 2.113374e-02
398 3.752618e-08 2.557987e-03
399 5.065384e-06 8.917707e-03
400 3.186264e-03 1.195159e+00
401 7.481997e-05 2.489604e-02
402 3.647517e-03 4.532699e-01
403 2.180089e-05 2.981554e-02
404 2.095178e-05 2.535161e-02
405 4.005017e-06 4.945096e-03
406 3.150607e-05 2.567869e-01
407 3.186937e-04 8.940610e-02
408 3.189883e-03 4.671000e-01
409 8.962214e-05 7.979772e-02
410 4.972340e-06 1.461345e-02
411 2.176319e-04 2.195957e-02
412 1.127652e-05 1.155630e-02
413 3.990570e-03 3.549058e-01
414 1.184322e-04 1.160373e-02
415 4.258153e-07 1.944725e-03
416 7.305941e-05 1.180788e-01
417 2.792947e-06 2.482286e-03
418 1.982316e-03 2.478625e-01
419 7.017734e-04 5.555289e-01
420 1.414181e-05 8.977258e-03
421 2.781647e-05 1.564422e-02
422 1.260788e-05 2.748472e-02
423 2.946166e-05 1.103246e-02
424 1.210260e-04 5.537420e-02
425 2.366024e-05 1.012958e-02
426 2.946787e-07 3.746202e-03
427 2.193247e-04 1.455089e-01
428 5.914160e-05 2.641892e-02
429 1.406718e-03 2.180033e-01
430 5.337143e-07 1.662401e-03
431 1.659738e-07 4.151099e-03
432 2.937539e-04 1.188385e-01
433 2.841460e-08 1.254077e-03
434 1.482067e-06 5.114333e-03
435 2.886111e-06 5.336060e-03
436 4.767407e-08 2.353172e-03
437 1.801989e-04 1.124807e-01
438 2.374274e-07 5.825227e-03
439 1.289354e-06 4.531944e-03
440 1.044704e-06 4.286389e-03
441 8.112119e-06 3.936154e-02
442 9.032607e-07 6.737643e-03
443 1.469352e-06 5.127940e-03
444 3.556679e-05 4.399890e-02
445 1.786351e-04 8.219275e-02
446 5.163697e-06 1.672332e-02
447 2.881031e-07 2.474913e-03
448 8.840217e-07 2.538926e-03
449 5.720165e-07 2.364474e-03
450 1.645463e-06 3.585975e-03
451 4.947549e-07 1.305046e-03
452 6.483323e-06 1.103767e-02
453 4.621399e-06 4.555292e-03
454 6.309089e-05 3.147348e-02
455 2.758047e-04 7.702329e-02
456 3.346322e-07 5.590539e-03
457 1.679567e-04 2.717448e-02
458 1.646008e-04 5.207191e-02
459 2.840429e-04 4.713824e-02
460 3.115800e-06 3.674068e-03
461 1.977310e-05 3.580338e-02
462 8.450109e-04 2.204118e-01
463 2.130778e-05 6.440667e-02
464 4.436058e-05 6.345068e-03
465 2.365752e-07 1.825963e-03
466 7.040315e-08 2.724092e-03
467 2.122768e-03 2.613881e-01
468 3.460104e-08 5.933237e-03
469 5.460841e-04 7.074756e-02
470 1.139441e-05 1.688348e-02
471 8.402961e-05 2.971391e-02
472 1.048261e-05 5.367698e-03
473 1.836504e-05 1.347624e-02
474 3.890806e-06 4.276258e-03
475 6.860473e-05 3.046471e-02
476 3.011667e-08 2.274514e-03
477 2.729394e-04 5.359928e-02
478 9.164749e-09 3.580998e-03
479 4.160406e-08 1.838824e-03
480 1.765233e-05 1.274909e-02
481 5.576664e-07 8.122813e-03
482 1.752184e-03 1.862395e-01
483 2.427181e-08 1.190737e-03
484 1.843996e-07 1.938878e-03
485 1.641579e-04 8.529517e-02
486 2.361397e-06 5.196081e-03
487 8.738093e-05 8.477154e-02
488 2.165160e-06 6.359328e-03
489 2.136416e-05 1.115084e-02
490 8.979533e-06 4.646264e-02
491 4.593115e-06 1.059604e-02
492 2.106178e-05 4.702614e-03
493 4.271084e-07 2.344288e-03
494 4.727519e-04 5.081918e-02
495 5.800562e-04 1.312037e-01
496 8.467497e-05 1.861148e-01
497 3.384151e-04 1.217387e-01
498 1.281238e-05 4.045946e-02
499 1.113867e-05 8.232747e-03
500 2.510241e-07 9.713907e-03
501 2.790632e-03 4.639840e-01
502 1.721423e-05 1.870896e-02
503 2.202131e-04 5.027246e-02
504 6.572129e-03 5.113270e-01
505 3.397783e-06 6.168719e-03
506 2.099096e-06 1.292602e-02
507 4.070966e-06 9.550280e-03
508 1.448785e-05 1.353178e-02
509 6.516669e-04 3.192888e-01
510 7.242772e-07 9.847318e-03
511 2.293125e-06 4.824732e-03
512 1.259784e-07 2.028525e-03
513 6.430474e-05 3.136117e-02
514 4.344053e-07 1.966880e-02
515 2.462315e-05 5.714170e-02
516 3.599944e-05 6.019619e-02
517 7.705652e-06 7.163073e-03
518 3.119587e-07 4.529872e-03
519 2.422792e-06 1.065062e-02
520 5.763231e-08 1.501106e-03
521 2.265268e-05 2.758131e-02
522 1.153028e-06 3.262429e-03
523 1.178976e-06 7.867609e-03
524 1.923092e-04 6.097583e-02
525 4.656841e-04 7.358682e-02
526 6.992540e-06 1.642801e-02
527 2.134933e-04 1.484368e-01
528 1.531656e-03 6.063506e-02
529 7.293126e-04 1.222418e-01
530 3.703408e-04 2.637564e-02
531 1.645096e-09 1.574071e-03
532 4.291196e-06 9.541366e-03
533 9.247333e-07 2.714060e-03
534 7.899976e-05 8.667644e-02
535 5.620416e-04 2.338696e-01
536 1.370992e-04 4.356078e-02
537 9.132565e-04 2.500849e-01
538 3.264502e-05 9.431528e-02
539 6.720462e-05 5.153649e-02
540 9.774493e-06 2.805540e-02
541 2.285854e-03 5.235971e-01
542 2.248124e-05 1.074991e-02
543 1.650285e-05 3.831124e-03
544 8.543512e-05 6.482911e-02
545 9.865003e-07 9.476351e-03
546 7.294824e-06 1.418034e-02
547 3.875955e-05 4.664951e-02
548 1.685401e-04 1.574369e-02
549 1.316463e-05 2.843638e-02
550 2.148278e-08 5.837042e-03
551 1.004999e-04 1.085409e-02
552 5.975047e-07 2.625116e-03
553 2.766576e-06 7.171050e-03
554 1.952673e-08 3.019589e-03
555 1.978500e-05 6.944518e-02
556 1.230328e-05 7.248651e-03
557 9.783371e-05 7.132178e-02
558 1.140586e-06 8.126960e-03
559 1.100912e-04 4.356714e-02
560 4.222597e-07 3.343872e-03
561 8.696052e-06 3.279180e-02
562 1.131648e-06 1.714907e-03
563 6.621224e-03 1.107193e+00
564 2.194464e-03 5.966513e-01
565 2.488968e-06 3.491629e-03
566 4.309822e-05 1.805860e-02
567 2.261780e-05 4.768157e-02
568 2.895245e-04 8.308887e-02
569 8.158704e-06 9.759073e-03
570 5.272574e-05 4.701799e-02
571 3.985932e-04 4.300669e-02
572 1.913257e-04 5.394352e-02
573 2.479232e-04 7.079466e-02
574 3.481833e-06 5.275630e-03
575 8.498387e-07 4.029017e-03
576 6.526423e-06 8.965156e-03
577 4.159953e-08 2.686105e-03
578 1.285158e-06 3.824107e-03
579 7.984047e-05 1.575949e-02
580 1.658952e-06 5.896823e-03
581 3.796035e-04 7.005347e-02
582 8.338243e-06 1.491726e-02
583 1.106766e-03 4.262355e-01
584 2.954237e-04 6.341021e-02
585 3.435868e-05 4.344366e-02
586 3.527981e-04 5.739795e-02
587 1.312176e-05 1.180725e-02
588 1.754615e-05 5.555116e-02
589 2.171727e-04 1.770057e-02
590 5.320153e-07 1.222475e-02
591 9.005100e-06 2.630806e-02
592 4.760381e-03 4.213761e-01
593 2.760793e-06 9.079005e-03
594 1.284028e-04 8.162104e-02
595 1.546032e-06 5.477255e-03
596 3.134431e-07 1.365910e-03
597 1.657743e-06 2.219729e-03
598 2.640011e-05 3.831253e-02
599 6.106305e-06 1.594395e-02
600 3.387008e-06 4.665836e-03
601 1.786129e-06 4.165543e-03
602 4.163661e-05 2.114830e-02
603 8.004003e-05 2.654496e-02
604 2.369599e-07 2.058946e-03
605 7.004340e-04 1.011523e-01
606 4.614053e-04 3.306380e-02
607 1.346755e-06 5.173466e-03
608 3.492229e-05 1.278484e-02
609 7.289070e-06 1.398956e-02
610 8.788048e-06 1.497625e-02
611 3.809602e-07 2.512929e-03
612 5.888844e-06 3.475676e-02
613 8.241744e-08 5.329769e-03
614 1.873280e-06 5.388438e-03
615 4.396332e-08 5.939210e-03
616 2.003307e-04 2.520951e-02
617 1.836058e-06 1.369204e-02
618 1.402131e-07 8.378386e-03
619 6.957203e-06 6.310585e-03
620 3.866182e-07 3.828262e-03
621 7.911295e-07 3.367651e-03
622 5.189617e-04 1.547219e-01
623 1.324422e-05 1.498106e-02
624 2.068623e-06 4.258743e-03
625 1.474198e-06 1.168613e-02
626 1.180218e-06 6.214846e-03
627 1.077435e-06 3.587829e-03
628 5.166570e-05 2.623262e-02
629 2.104944e-06 1.979564e-03
630 5.838602e-05 1.151674e-02
631 1.454095e-05 1.064763e-02
632 8.743889e-08 1.252975e-03
633 3.848213e-04 2.704624e-01
634 1.831110e-05 2.102974e-02
635 1.867258e-06 8.593717e-03
636 1.741444e-06 2.095468e-02
637 1.212304e-06 1.152206e-02
638 2.450492e-07 2.170319e-03
639 1.132667e-07 1.577650e-03
640 2.422209e-07 2.430674e-03
641 1.060722e-07 1.520526e-03
642 1.979041e-06 5.286584e-03
643 4.519982e-05 7.644842e-02
644 4.063158e-04 8.586533e-02
645 4.110650e-05 3.581490e-02
646 1.385779e-06 1.404832e-02
647 4.966623e-06 5.570943e-03
648 8.719072e-05 3.152860e-02
649 1.473798e-03 3.396143e-01
650 4.821495e-06 4.540040e-03
651 1.260010e-06 8.396540e-03
652 1.554688e-04 4.068938e-02
653 1.994076e-07 4.770769e-03
654 3.058540e-06 4.716312e-03
655 2.990156e-06 8.920566e-03
656 4.634959e-07 2.777112e-03
657 1.890878e-04 2.225227e-02
658 1.586143e-03 6.875462e-02
659 1.386667e-05 1.550487e-02
660 3.412524e-04 9.789189e-02
661 7.728234e-07 5.466682e-03
662 8.242432e-04 1.235988e-01
663 3.970858e-03 6.105059e-01
664 5.339315e-05 4.648710e-02
665 7.243807e-06 9.030069e-03
666 1.445699e-05 1.182334e-02
667 1.267879e-04 9.076899e-03
668 6.217626e-04 1.230224e-01
669 5.861141e-04 9.278118e-02
670 1.580311e-07 9.327737e-03
671 8.041950e-06 1.878075e-02
672 5.833532e-06 2.465482e-02
673 8.223296e-06 1.008209e-02
674 1.067283e-06 2.068448e-03
675 1.494819e-04 1.287821e-01
676 2.647839e-06 5.437123e-03
677 1.653099e-09 1.338838e-03
678 1.148175e-05 5.742746e-03
679 4.208757e-04 1.182244e-01
680 3.821376e-04 3.142800e-02
681 2.794247e-04 5.825052e-02
682 5.093437e-05 9.880118e-03
683 1.333307e-05 2.984624e-02
684 2.258105e-05 1.746324e-02
685 5.365727e-08 2.168590e-03
686 5.786688e-06 1.809512e-02
687 8.885972e-04 3.709331e-01
688 1.670060e-05 2.375680e-02
689 4.034002e-06 1.009983e-02
690 1.580096e-07 2.008714e-03
691 5.955246e-04 8.346919e-02
692 9.164986e-07 2.855294e-03
693 2.512123e-05 1.934817e-02
694 1.722524e-04 6.484013e-02
695 3.492687e-04 2.074682e-01
696 9.857750e-04 4.914946e-01
697 4.249168e-06 7.674159e-03
698 1.737371e-04 1.246531e-01
699 1.157599e-07 1.528119e-03
700 2.686820e-05 4.088723e-02
701 3.910457e-05 1.712549e-02
702 8.797958e-08 1.231332e-03
703 2.870148e-07 4.000123e-03
704 2.442301e-09 1.311473e-03
705 1.129694e-03 8.507834e-02
706 3.396962e-07 1.713367e-03
707 3.423908e-04 4.263075e-02
708 2.702858e-09 4.995776e-03
709 1.076809e-08 2.939029e-03
710 3.940506e-07 6.182836e-03
711 1.654150e-08 1.204118e-03
712 2.234730e-06 4.627999e-03
713 3.522654e-07 6.408841e-03
714 2.075455e-08 2.449758e-03
715 1.192089e-05 1.394723e-02
716 6.339522e-05 1.664961e-02
717 3.688282e-07 5.284880e-03
718 9.938379e-10 2.642200e-03
719 1.330805e-03 3.126559e-01
720 9.596677e-10 1.188231e-03
721 5.065077e-05 5.128797e-03
722 1.074506e-08 2.732257e-03
723 1.402748e-06 1.610913e-02
724 1.323499e-06 3.387987e-03
725 1.053041e-08 1.464153e-03
726 2.382662e-04 3.531977e-02
727 1.002768e-07 4.368057e-03
728 5.247650e-06 7.688899e-03
729 2.227686e-07 7.301553e-03
730 8.526285e-07 2.723665e-03
731 1.666234e-04 7.342299e-02
732 1.162554e-09 1.364443e-03
733 2.703912e-11 9.157493e-04
734 8.347681e-07 2.950583e-03
735 2.228765e-07 3.385917e-03
736 2.458025e-05 1.513797e-02
737 6.426076e-09 1.363242e-03
738 1.234133e-04 7.756510e-02
739 2.250526e-07 3.504491e-03
740 1.303641e-04 2.135235e-02
741 2.979031e-06 8.354691e-03
742 7.622027e-05 1.781530e-02
743 2.198237e-03 4.444653e-01
744 2.182403e-08 2.637941e-03
745 2.954362e-07 2.521007e-03
746 1.145180e-05 1.225994e-02
747 4.360132e-04 2.149251e-02
748 4.505566e-04 5.361712e-02
749 1.563514e-04 1.670071e-01
750 2.603406e-06 6.712560e-03
751 7.895515e-06 1.160661e-02
752 2.429014e-07 1.950323e-03
753 6.788443e-08 2.981055e-03
754 1.546505e-04 8.796344e-02
755 5.595737e-05 1.857415e-02
756 1.243981e-04 2.450432e-02
757 5.717632e-08 1.516172e-03
758 5.261478e-05 1.646840e-02
759 4.930139e-05 1.736036e-02
760 7.422806e-07 2.249310e-03
761 7.521876e-05 1.640610e-02
762 8.906370e-05 1.361766e-02
763 4.735054e-08 1.964115e-03
764 1.509646e-06 9.778056e-03
765 4.897013e-09 1.044122e-02
766 1.100301e-06 5.404723e-03
767 4.467477e-06 5.758831e-03
768 7.543921e-05 1.558640e-02
769 2.750866e-06 7.084214e-03
770 1.597929e-04 4.921484e-02
771 5.808333e-06 3.671881e-03
772 3.011047e-09 1.549972e-03
773 2.431713e-07 1.603118e-02
774 1.921171e-07 1.945941e-03
775 3.644751e-05 7.325743e-02
776 1.113567e-04 5.255354e-02
777 5.729821e-05 2.629507e-02
778 8.685088e-06 2.164085e-02
779 1.505561e-03 8.593565e-02
780 3.677536e-05 1.132414e-02
781 1.307427e-04 3.087500e-02
782 7.034487e-06 3.781285e-03
783 2.623829e-05 8.177630e-03
784 1.419451e-06 6.022940e-03
785 2.744808e-04 2.252081e-02
786 5.038128e-05 2.062351e-02
787 1.659610e-04 1.625899e-02
788 4.662066e-05 1.875890e-02
789 1.973823e-08 1.347706e-03
790 9.057206e-04 1.129836e-01
791 1.496290e-04 1.065114e-02
792 2.073292e-06 4.679271e-03
793 1.065059e-05 8.681228e-03
794 4.062577e-06 4.851368e-03
795 7.741939e-04 5.167578e-01
796 1.569232e-07 3.129228e-03
797 5.448331e-04 1.837613e-01
798 9.583839e-04 3.027229e-01
799 4.215515e-06 3.982881e-03
800 2.924892e-04 3.150294e-02
801 8.997985e-07 4.108221e-03
802 8.946562e-05 3.820697e-02
803 2.527021e-04 8.269614e-02
804 1.115910e-05 1.542218e-02
805 5.246935e-07 4.010106e-03
806 1.305172e-03 1.283652e-01
807 4.776489e-05 5.266185e-02
808 4.138179e-06 3.578650e-03
809 2.448613e-04 2.297843e-01
810 6.444287e-05 9.021193e-03
811 1.704874e-05 2.623266e-02
812 1.212413e-06 6.820939e-03
813 3.752905e-06 5.728892e-03
814 1.807773e-05 9.801572e-03
815 3.267675e-05 2.517786e-02
816 2.057980e-04 1.126005e-01
817 3.340289e-03 3.994518e-01
818 3.515459e-07 3.561950e-03
819 1.143337e-04 9.247465e-02
820 1.853653e-04 3.951236e-02
821 2.620145e-05 2.584906e-02
822 1.784811e-07 3.556106e-03
823 2.752352e-06 9.312928e-03
824 6.103457e-06 2.578524e-02
825 2.023449e-05 2.596246e-02
826 1.486420e-05 7.716738e-03
827 1.317744e-05 4.854732e-03
828 6.401922e-05 3.108930e-02
829 2.235558e-05 1.372837e-02
830 2.055009e-03 1.751559e-01
831 4.381490e-05 9.268751e-03
832 1.088787e-05 7.020524e-03
833 8.873784e-06 2.116115e-02
834 6.831920e-06 2.112649e-02
835 1.917553e-07 2.249108e-03
836 1.603701e-08 1.026052e-03
837 3.386002e-06 1.463707e-02
838 3.472090e-05 4.393476e-03
839 7.349980e-06 1.491344e-02
840 1.945436e-05 3.521354e-02
841 6.634401e-05 2.710543e-02
842 8.942640e-04 3.040029e-01
843 4.924918e-05 2.316869e-02
844 6.879795e-06 3.527409e-02
845 3.838741e-06 3.251297e-02
846 3.931093e-04 2.557486e-02
847 1.160966e-04 1.380550e-02
848 4.352043e-04 8.317150e-02
849 7.441815e-07 5.730011e-03
850 6.865512e-03 7.047647e-01
851 5.192292e-05 1.267630e-02
852 4.044122e-04 1.793206e-01
853 1.527922e-03 1.980385e-01
854 2.060277e-04 7.341536e-02
855 7.912767e-04 1.422666e-01
856 1.037547e-04 3.359856e-02
857 6.980041e-04 2.018661e-01
858 1.738124e-05 1.965705e-02
859 1.579974e-07 3.862587e-03
860 3.553343e-05 3.788676e-02
861 2.526639e-08 1.639298e-03
862 3.418686e-05 1.890838e-02
863 6.299473e-04 5.239973e-02
864 6.976711e-06 7.464268e-03
865 2.879336e-04 7.378209e-02
866 4.830003e-04 1.334575e-01
867 2.784139e-03 4.474359e-01
868 4.549558e-06 6.305360e-03
869 5.471241e-06 3.232829e-02
870 3.684847e-05 4.108335e-02
871 3.688460e-05 2.646724e-02
872 1.189172e-03 2.126140e-01
873 1.739265e-05 6.864070e-02
874 2.098183e-03 1.482587e-01
875 7.225964e-06 5.681018e-03
876 1.503923e-09 1.062595e-03
877 5.377422e-07 9.349462e-03
878 1.856483e-03 2.200668e-01
879 2.092019e-04 6.972201e-02
880 5.240816e-06 1.018070e-02
881 4.879511e-08 2.289894e-03
882 1.294993e-04 5.646558e-02
883 1.557983e-03 4.201612e-01
884 2.901501e-04 6.854111e-02
885 1.651926e-04 6.324805e-02
886 4.684837e-07 7.836144e-03
887 9.932816e-07 1.326763e-02
888 3.690309e-06 1.240539e-02
889 3.305692e-06 2.285526e-02
890 2.434992e-06 2.314012e-02
891 7.001403e-04 2.048630e-01
892 1.447047e-07 2.851860e-03
893 5.737895e-05 3.663505e-02
894 5.585445e-06 6.210986e-03
895 2.711473e-04 6.953758e-02
896 3.561379e-06 5.438596e-02
897 3.410151e-04 5.957389e-02
898 1.273810e-05 8.360574e-03
899 5.273373e-06 1.394632e-02
900 2.134794e-06 1.608752e-02
901 1.729566e-04 7.398689e-02
902 1.093051e-06 2.101380e-03
903 3.255643e-05 3.287734e-02
904 3.463237e-07 2.106325e-02
905 1.168610e-07 6.660749e-03
906 7.035187e-07 8.178361e-03
907 1.634118e-07 2.061072e-03
908 3.446150e-07 8.975420e-03
909 1.001322e-05 2.548878e-02
910 1.233876e-05 2.652909e-02
911 3.332813e-07 2.114664e-02
912 2.434990e-06 1.032355e-02
913 4.220029e-07 3.389909e-03
914 4.683486e-07 7.503455e-03
915 3.167712e-04 5.314963e-02
916 3.547373e-08 2.826600e-03
917 3.504143e-08 2.391312e-03
918 1.389149e-07 2.635194e-03
919 6.478488e-05 1.598928e-01
920 3.392164e-08 6.483017e-03
921 6.265995e-06 3.695312e-03
922 4.003919e-06 1.620406e-02
923 1.797844e-08 5.131736e-03
924 2.277294e-03 1.943883e-01
925 1.505722e-04 5.418514e-02
926 8.414021e-05 3.546545e-02
927 1.123820e-04 1.173825e-01
928 6.248393e-06 4.319899e-02
929 2.709999e-04 1.184317e-01
930 3.421908e-05 3.626782e-02
931 7.022216e-06 1.193435e-02
932 3.959401e-05 4.168117e-02
933 5.418463e-08 2.970966e-03
934 1.003858e-05 8.219939e-03
935 7.883066e-07 3.559264e-03
936 1.697866e-05 2.705722e-02
937 4.665945e-08 5.814988e-03
938 4.824718e-08 2.374581e-03
939 4.597117e-06 9.891334e-03
940 6.127197e-05 9.141820e-02
941 1.243000e-07 3.327265e-03
942 1.172826e-04 1.225627e-01
943 5.126113e-05 2.082546e-02
944 2.778491e-10 1.972712e-03
945 4.443349e-05 2.228494e-02
946 4.289738e-08 2.222361e-03
947 8.553646e-06 1.874651e-02
948 2.841647e-08 1.518358e-03
949 1.225643e-05 1.694616e-02
950 2.622871e-04 8.033628e-02
951 2.255900e-07 3.012686e-02
952 3.425882e-05 3.847605e-02
953 6.552102e-09 2.418320e-03
954 4.251009e-05 3.483949e-02
955 5.899365e-06 4.190111e-03
956 2.926361e-05 1.658943e-02
957 5.048125e-05 2.754562e-02
958 1.414830e-04 2.532714e-02
959 7.766620e-06 2.017116e-02
960 4.274433e-08 2.433703e-03
961 9.006421e-08 9.511840e-03
962 2.054892e-07 1.074825e-02
963 3.344954e-07 3.516372e-03
964 6.854923e-07 1.912527e-03
965 5.829160e-04 6.387901e-02
966 5.997951e-05 1.093170e-02
967 1.598301e-06 7.830147e-03
968 1.092746e-04 3.178778e-02
969 2.484184e-04 7.803120e-02
970 2.512208e-05 1.747676e-02
971 4.555339e-06 7.289488e-03
972 4.151513e-05 3.577855e-02
973 3.275944e-06 8.013099e-03
974 2.523830e-05 6.949983e-03
975 6.731844e-05 8.382691e-02
976 2.588182e-04 2.570159e-01
977 2.680371e-05 1.153856e-02
978 1.651779e-05 2.346908e-02
979 3.847224e-07 2.912493e-03
980 8.146663e-06 2.055947e-02
981 4.169349e-05 1.847458e-02
982 3.500321e-07 1.379234e-03
983 3.858700e-07 3.788961e-03
984 1.413063e-05 1.930547e-02
985 2.833526e-05 5.905936e-02
986 1.152521e-03 2.851607e-01
987 5.820234e-07 6.176028e-03
988 3.222959e-07 2.063485e-03
989 2.359605e-04 3.496424e-02
990 2.469934e-07 2.253015e-03
991 1.606972e-03 4.055996e-01
992 5.134944e-06 6.557424e-03
993 5.246733e-06 9.233766e-03
994 7.585659e-10 1.343336e-03
995 5.226652e-06 1.495983e-02
996 1.432702e-03 3.888781e-01
997 4.096869e-06 7.707038e-03
998 1.814028e-06 3.720255e-03
999 1.242656e-04 2.124709e-02
1000 1.262307e-09 1.344499e-03
1001 2.436072e-06 8.914337e-03
1002 4.329698e-05 9.190258e-02
1003 4.646577e-05 1.947137e-02
1004 1.871115e-05 3.455491e-02
1005 3.450344e-06 2.120165e-03
1006 2.159780e-04 1.269064e-01
1007 2.222465e-07 3.003338e-03
1008 1.677230e-04 1.787172e-02
1009 5.229764e-07 1.984082e-03
1010 7.875060e-05 1.728716e-02
1011 4.102476e-07 1.727996e-02
1012 2.280507e-04 2.445046e-01
1013 1.804570e-05 1.193949e-02
1014 9.318764e-06 7.905343e-03
1015 6.325713e-05 3.080097e-02
1016 1.780691e-05 1.339189e-02
1017 9.426384e-04 2.563480e-01
1018 5.793258e-05 9.504751e-02
1019 1.127085e-08 1.929436e-03
1020 2.863672e-07 1.102670e-02
1021 1.440878e-05 1.360544e-02
1022 1.855667e-08 1.414465e-03
1023 1.221325e-05 1.729657e-02
1024 2.438275e-05 1.017698e-02
1025 8.293818e-09 1.526891e-03
1026 2.873925e-09 1.937714e-03
1027 1.658150e-05 9.649179e-03
1028 8.011688e-05 9.114049e-02
1029 3.527116e-06 5.968970e-03
1030 4.152924e-07 3.044697e-03
1031 6.986645e-06 9.565687e-03
1032 1.221215e-03 2.617001e-01
1033 8.139079e-08 1.550497e-03
1034 1.581231e-04 2.447509e-02
1035 1.666275e-05 1.330753e-02
1036 8.732970e-04 1.161856e-01
1037 6.023602e-08 3.020981e-03
1038 1.317702e-06 3.026753e-03
1039 1.893441e-05 8.846496e-03
1040 1.106671e-07 3.090634e-03
1041 6.484862e-04 2.383254e-01
1042 7.506642e-06 7.541628e-03
1043 2.078361e-08 1.238831e-03
1044 1.831680e-06 3.515740e-03
1045 4.790432e-08 2.384238e-03
1046 1.830043e-10 1.277343e-03
1047 2.295705e-08 1.278995e-03
1048 7.366614e-07 4.679270e-03
1049 8.924814e-08 1.162041e-03
1050 3.825179e-03 5.868522e-01
1051 2.075510e-04 4.261423e-02
1052 2.544419e-06 2.780123e-03
1053 1.389091e-05 8.719338e-03
1054 4.697069e-08 1.866945e-03
1055 1.341237e-08 1.156463e-03
1056 2.003966e-06 8.704366e-03
1057 1.104478e-05 1.261733e-02
1058 6.981626e-08 1.559288e-03
1059 9.476553e-05 4.897969e-02
1060 2.062949e-08 1.475258e-03
1061 1.601704e-06 2.846583e-03
1062 6.389700e-09 1.140322e-03
1063 6.819521e-06 2.487207e-02
1064 1.008932e-04 4.790360e-02
1065 1.696296e-08 1.807745e-03
1066 2.755439e-08 1.187408e-03
1067 7.632902e-06 1.315302e-02
1068 5.550018e-07 1.775581e-03
1069 2.611738e-06 2.830850e-03
1070 3.093014e-08 1.191772e-03
1071 1.888535e-06 1.854930e-03
1072 5.275078e-07 2.536089e-03
1073 1.268087e-07 1.338726e-03
1074 7.512400e-08 1.904098e-03
1075 6.954121e-07 3.713084e-03
1076 1.741162e-06 4.050395e-03
1077 1.682161e-06 5.266193e-03
1078 1.105618e-05 1.275795e-02
1079 8.283206e-07 4.466190e-03
1080 2.404784e-04 5.077951e-02
1081 2.039322e-05 5.006939e-02
1082 2.400492e-06 3.575613e-03
1083 8.907965e-06 4.713059e-03
1084 2.088103e-08 1.204280e-03
1085 8.614694e-07 1.787182e-03
1086 9.723379e-07 2.974785e-03
1087 1.983872e-07 1.385011e-03
1088 1.115629e-05 7.162592e-03
1089 5.871751e-07 1.350493e-03
1090 5.294854e-09 1.203833e-03
1091 1.895545e-07 1.658251e-03
1092 2.674190e-06 2.162438e-03
1093 7.094141e-06 2.309682e-02
1094 3.820819e-05 1.334807e-02
1095 8.178532e-07 2.966834e-03
1096 7.865303e-05 2.958948e-02
1097 5.812770e-05 5.111042e-02
1098 1.621748e-06 7.997334e-03
1099 2.173205e-08 3.596810e-03
1100 4.924265e-09 1.118607e-03
1101 2.876561e-06 2.415263e-02
1102 3.289927e-06 1.185531e-02
1103 1.074951e-06 3.848256e-03
1104 3.891587e-05 2.809714e-02
1105 4.721072e-08 2.107539e-03
1106 1.323283e-03 2.879544e-01
1107 4.403413e-07 2.596970e-03
1108 3.510032e-06 8.135154e-03
1109 1.183183e-09 1.817678e-03
1110 1.111124e-06 1.038041e-02
1111 1.402579e-07 2.185175e-03
1112 8.836696e-10 1.790156e-03
1113 5.374724e-06 1.431730e-02
1114 4.517504e-05 1.711613e-02
1115 5.562886e-04 1.489799e-01
1116 4.431748e-09 1.968418e-03
1117 7.038976e-04 1.969582e-01
1118 2.073189e-06 4.975563e-03
1119 2.260540e-05 2.943778e-02
1120 3.774122e-05 6.670004e-02
1121 4.398589e-05 7.973199e-03
1122 1.142165e-05 1.990762e-02
1123 1.448313e-06 3.628768e-03
1124 8.080383e-06 1.425234e-02
1125 7.496228e-06 4.289342e-03
1126 8.360262e-07 6.892929e-03
1127 1.391953e-07 4.342558e-03
1128 1.316387e-05 4.061246e-02
1129 9.174409e-06 8.307246e-03
1130 1.388320e-06 1.223526e-02
1131 1.142399e-04 7.108313e-02
1132 4.649929e-05 1.117099e-02
1133 6.225890e-07 2.179532e-03
1134 1.773803e-04 6.821965e-02
1135 3.780286e-05 1.439157e-02
1136 3.899914e-04 8.273951e-02
1137 4.255681e-06 2.222424e-02
1138 1.682261e-08 1.865195e-03
1139 1.565316e-05 6.276735e-03
1140 1.602109e-09 2.155774e-03
1141 3.606697e-06 5.353027e-03
1142 1.347021e-04 6.084881e-02
1143 3.949720e-06 7.781000e-02
1144 1.606611e-08 6.471346e-03
1145 5.328868e-06 2.415732e-02
1146 1.227600e-03 4.322093e-01
1147 8.062675e-05 5.953116e-02
1148 8.466496e-08 2.416099e-03
1149 1.383530e-03 1.156827e-01
1150 8.451743e-09 2.359717e-03
1151 6.946882e-04 1.086677e-01
1152 3.117284e-04 8.738720e-02
1153 3.285840e-06 5.948305e-03
1154 1.784309e-08 1.933302e-03
1155 1.938014e-03 3.004310e-01
1156 1.218951e-06 2.706998e-03
1157 9.935678e-05 4.384171e-02
1158 5.772440e-06 5.499332e-03
1159 8.920888e-09 1.511194e-03
1160 1.630536e-06 2.901417e-03
1161 5.178808e-06 1.962516e-02
1162 1.281950e-04 2.225394e-01
1163 8.357048e-05 1.155795e-02
1164 3.418041e-05 5.536942e-02
1165 1.869560e-03 4.616435e-01
1166 4.422593e-04 3.924932e-02
1167 1.917542e-05 1.097118e-01
1168 7.990761e-05 3.984672e-02
1169 1.822437e-07 8.004802e-03
1170 1.727993e-06 6.070003e-03
1171 1.681594e-06 9.920338e-03
1172 2.872201e-05 8.250165e-02
1173 5.996080e-09 1.101075e-03
1174 6.931750e-04 2.556199e-01
1175 3.128976e-05 2.477791e-02
1176 4.901055e-09 1.778667e-03
1177 4.666047e-04 1.039510e-01
1178 4.740238e-04 2.809294e-01
1179 2.316803e-04 2.379340e-02
1180 2.121394e-05 7.999005e-03
1181 6.855323e-07 1.912479e-03
1182 5.828321e-06 8.491729e-03
1183 4.758211e-04 1.368989e-01
1184 2.165399e-04 3.730810e-02
1185 1.555018e-06 1.080062e-02
1186 1.286130e-03 7.692521e-02
1187 4.359726e-04 6.322277e-02
1188 2.530665e-06 2.099999e-03
1189 1.751149e-07 2.567726e-03
1190 1.738226e-09 1.991151e-03
1191 2.269434e-06 2.794986e-03
1192 4.551881e-05 1.181706e-01
1193 3.506785e-08 3.227498e-03
1194 1.773286e-05 2.580683e-02
1195 6.403004e-04 1.839349e-01
1196 7.111040e-07 5.309367e-03
1197 1.189882e-06 3.500733e-03
1198 1.542483e-06 2.356613e-03
1199 8.034964e-04 1.817861e-01
1200 6.428120e-04 1.590342e-01
1201 2.953703e-09 1.124590e-03
1202 6.347804e-05 2.076180e-02
1203 2.447295e-05 3.649160e-02
1204 1.034633e-05 6.729680e-03
1205 4.461613e-09 1.941414e-03
1206 3.546494e-04 9.231804e-02
1207 6.430321e-06 5.085003e-03
1208 9.162951e-06 5.588404e-03
1209 5.583140e-04 7.328134e-02
1210 1.089539e-04 4.969076e-02
1211 2.271145e-04 3.385513e-02
1212 3.581331e-07 3.730050e-03
1213 2.106013e-07 4.979883e-03
1214 6.819183e-05 1.106228e-02
1215 6.838760e-08 2.612103e-03
1216 5.257857e-08 2.218096e-03
1217 5.457604e-06 2.750390e-02
1218 1.754987e-06 5.358924e-03
1219 1.186533e-05 1.242294e-02
1220 1.145001e-05 2.315513e-02
1221 1.328828e-04 2.679715e-02
1222 5.931402e-06 2.326696e-02
1223 9.135110e-05 3.710671e-02
1224 9.675426e-06 8.898349e-03
1225 9.209657e-07 2.864549e-03
1226 5.452598e-07 1.819467e-03
1227 1.782732e-05 5.791602e-03
1228 6.197615e-05 1.693258e-02
1229 1.929762e-04 3.294057e-02
1230 3.693711e-07 7.459702e-03
1231 1.156170e-05 3.822800e-02
1232 1.776350e-08 5.676912e-03
1233 3.129960e-05 2.270711e-02
1234 5.218593e-08 7.613041e-03
1235 2.074151e-05 5.140382e-02
1236 7.022259e-07 4.677657e-03
1237 5.410958e-04 1.459165e-01
1238 1.149819e-05 1.355036e-02
1239 2.196545e-06 6.782845e-03
1240 3.453644e-06 4.013556e-03
1241 3.294048e-05 7.076624e-03
1242 1.569001e-03 2.367038e-01
1243 6.833220e-04 7.725304e-02
1244 7.241520e-07 3.574884e-03
1245 5.828213e-06 6.669846e-03
1246 6.559475e-09 2.013330e-03
1247 2.730341e-04 9.188288e-03
1248 1.213214e-04 5.380179e-02
1249 2.830436e-08 9.775997e-03
1250 1.888576e-07 6.193120e-03
1251 1.321006e-06 1.419082e-02
1252 5.824830e-06 5.378513e-03
1253 3.753902e-04 2.539795e-01
1254 2.406839e-07 5.345252e-03
1255 2.400098e-06 2.135695e-02
1256 2.480370e-05 4.793158e-03
1257 1.228093e-04 8.521045e-02
1258 1.200954e-07 4.830889e-03
1259 5.279116e-04 6.185503e-02
1260 2.335044e-04 2.664651e-01
1261 7.092308e-06 5.464927e-03
1262 2.992280e-05 2.081346e-02
1263 2.440877e-05 4.839263e-02
1264 7.604740e-06 3.154702e-02
1265 2.014608e-05 1.005931e-02
1266 1.713882e-05 3.463489e-02
1267 7.333127e-06 1.752209e-02
1268 2.093333e-06 9.055378e-03
1269 7.332784e-05 1.562158e-02
1270 9.123070e-03 6.606771e-01
1271 1.527392e-03 2.046356e-01
1272 2.492096e-08 1.266595e-03
1273 1.723078e-04 4.365869e-02
1274 1.190013e-05 1.841563e-02
1275 1.286853e-04 4.880808e-02
1276 2.314801e-03 1.972379e-01
1277 9.698264e-04 1.675389e-01
1278 1.831669e-03 2.491653e-01
1279 1.520733e-06 2.402185e-03
1280 2.380715e-04 1.457760e-01
1281 7.501272e-06 6.500118e-03
1282 1.631561e-04 4.042951e-02
1283 7.520896e-06 2.067767e-02
1284 7.718909e-06 4.515387e-03
1285 8.349340e-04 1.010875e-01
1286 1.613046e-08 3.200614e-03
1287 1.177977e-04 3.228576e-02
1288 1.428335e-04 3.306014e-02
1289 4.684184e-05 1.307451e-02
1290 1.455255e-05 2.910024e-02
1291 8.509864e-05 1.469551e-02
1292 7.906735e-04 3.492830e-01
1293 1.764964e-07 3.326505e-03
1294 1.247133e-06 5.729487e-03
1295 1.231294e-06 3.311176e-03
1296 1.979648e-06 1.286193e-02
1297 4.815500e-05 5.520640e-02
1298 9.236852e-06 1.346738e-02
1299 3.900044e-05 6.994918e-03
1300 2.716894e-07 2.814944e-03
1301 4.196073e-07 3.091947e-03
1302 4.497947e-04 4.918798e-02
1303 3.840373e-06 8.220473e-03
1304 6.213103e-06 8.112438e-03
1305 2.496941e-04 4.403636e-02
1306 1.647678e-04 2.264403e-02
1307 7.112923e-06 6.472497e-03
1308 1.225940e-07 2.539927e-03
1309 1.411498e-04 4.642445e-02
1310 3.647442e-09 1.448069e-03
1311 1.296819e-03 4.254140e-01
1312 2.997335e-04 1.326217e-01
1313 6.447347e-08 1.730597e-03
1314 1.929797e-06 8.420377e-03
1315 2.226169e-06 3.160019e-03
1316 2.730590e-07 2.183760e-03
1317 2.289561e-09 1.374702e-03
1318 1.591907e-04 4.856497e-02
1319 1.913902e-03 3.106443e-01
1320 1.216229e-06 3.867653e-03
1321 8.546579e-06 1.320086e-02
1322 2.031952e-09 1.135214e-03
1323 6.184049e-07 2.214552e-03
1324 7.958447e-04 8.978739e-02
1325 2.695780e-06 9.671916e-03
1326 3.931387e-05 5.821563e-03
1327 1.857854e-05 2.419615e-02
1328 1.880822e-07 2.659657e-03
1329 3.543782e-05 2.156583e-02
1330 3.834716e-06 8.081703e-03
1331 1.220005e-07 2.116005e-03
1332 9.917743e-08 1.442896e-03
1333 9.560540e-05 1.807628e-02
1334 2.113591e-05 1.217529e-02
1335 7.746009e-07 1.166919e-02
1336 2.396786e-05 6.384948e-03
1337 5.729792e-04 5.954688e-02
1338 1.200115e-06 7.188615e-03
1339 9.239211e-04 1.458022e-01
1340 1.742959e-05 1.299457e-02
1341 2.953466e-04 2.860870e-01
1342 1.117858e-07 2.465717e-03
1343 2.584615e-07 2.147330e-03
1344 9.957582e-07 3.377104e-03
1345 1.763315e-05 1.433055e-02
1346 2.257769e-05 2.786568e-02
1347 6.117353e-08 1.352455e-03
1348 3.100268e-04 3.152792e-02
1349 1.036667e-04 1.167782e-01
1350 1.411743e-05 1.106362e-02
1351 1.036577e-04 1.951815e-02
1352 4.162446e-05 1.005335e-02
1353 4.464515e-06 1.057082e-02
1354 4.354005e-07 4.933426e-03
1355 2.672895e-06 9.167972e-03
1356 1.129867e-05 2.651460e-02
1357 5.521775e-07 6.039867e-03
1358 1.070469e-05 6.345906e-03
1359 6.749140e-08 2.046294e-03
1360 6.652497e-07 4.108225e-03
1361 2.662595e-05 1.151184e-02
1362 6.654007e-04 8.490864e-02
1363 3.083889e-06 5.960430e-03
1364 1.269989e-04 3.393789e-02
1365 6.477154e-07 4.498884e-03
1366 2.763494e-06 4.364923e-03
1367 1.292740e-07 1.737327e-03
1368 1.891052e-04 4.706411e-02
1369 6.603393e-09 2.457386e-03
1370 1.929583e-08 1.642690e-03
1371 1.367123e-04 3.463923e-02
1372 4.525034e-07 4.175573e-03
1373 2.204913e-05 6.067553e-03
1374 3.387949e-07 3.357183e-03
1375 1.954100e-05 9.483576e-03
1376 3.545602e-04 5.217766e-01
1377 3.080891e-06 9.478747e-03
1378 8.738281e-08 1.428033e-03
1379 8.042479e-06 4.242909e-03
1380 1.919382e-03 2.767901e-01
1381 2.222374e-06 3.218612e-03
1382 3.103843e-07 1.265025e-03
1383 1.370640e-05 2.035770e-02
1384 4.547330e-07 4.593683e-03
1385 4.282829e-07 4.454367e-03
1386 2.561328e-06 5.620790e-03
1387 8.621735e-05 1.548447e-02
1388 5.579792e-06 6.901373e-03
1389 6.852377e-07 3.217744e-03
1390 6.151752e-07 3.071574e-03
1391 5.496808e-06 8.919711e-03
1392 2.382879e-07 1.989350e-03
1393 6.333421e-08 7.644241e-03
1394 1.044437e-06 6.352836e-03
1395 6.298830e-05 4.100363e-02
1396 9.192137e-05 3.303094e-02
1397 6.023954e-07 3.113529e-03
1398 3.417183e-05 1.857964e-02
1399 3.537986e-05 2.303269e-02
1400 2.884714e-07 4.655395e-03
1401 2.048881e-04 8.050762e-02
1402 9.842744e-07 4.486025e-03
1403 4.705757e-06 5.199051e-03
1404 6.822301e-07 2.374729e-03
1405 3.064978e-06 4.026061e-03
1406 2.842142e-05 1.435077e-02
1407 2.019604e-07 2.739769e-03
1408 1.148411e-03 3.776066e-01
1409 5.475006e-06 4.939111e-02
1410 2.112879e-06 1.091578e-02
1411 1.250292e-05 1.128507e-02
1412 4.437099e-08 4.383482e-03
1413 1.227651e-10 1.143508e-03
1414 6.931550e-08 2.431493e-03
1415 1.846379e-06 5.884173e-03
1416 1.317607e-07 2.987447e-03
1417 9.758854e-06 3.967149e-03
1418 1.535668e-06 4.881616e-03
1419 5.463632e-07 4.474375e-03
1420 5.176899e-05 2.185378e-02
1421 9.914578e-06 1.238112e-02
1422 1.742276e-05 2.695304e-02
1423 4.541558e-07 3.830900e-03
1424 5.724608e-06 6.402119e-03
1425 8.591911e-06 6.650046e-03
1426 1.224256e-05 7.006018e-03
1427 7.357352e-06 5.044289e-03
1428 6.640772e-06 6.766747e-03
1429 5.288532e-05 1.458879e-02
1430 3.388870e-04 1.205824e-01
1431 9.313903e-06 3.091249e-02
1432 2.628686e-06 1.704478e-02
1433 3.330697e-06 7.751661e-03
1434 3.097728e-06 3.457276e-03
1435 9.883562e-07 3.238361e-03
1436 1.523262e-05 7.526460e-03
1437 4.302744e-06 2.440808e-03
1438 1.054929e-05 9.487417e-03
1439 1.179274e-03 2.335344e-01
1440 9.581642e-08 2.794366e-03
1441 1.184889e-08 1.739687e-03
1442 2.665285e-06 7.203277e-03
1443 1.066335e-05 4.928734e-03
1444 8.836144e-06 6.071270e-03
1445 1.246912e-05 9.734502e-03
1446 3.173589e-05 1.115446e-02
1447 1.969302e-03 6.599425e-01
1448 4.366718e-06 3.323542e-03
1449 5.928958e-07 3.047120e-03
1450 1.702198e-05 1.287353e-02
1451 1.674705e-04 3.981039e-02
1452 6.801808e-04 7.808032e-02
1453 1.139627e-07 2.963849e-03
1454 9.242092e-07 3.904385e-03
1455 3.227971e-05 9.137648e-03
1456 5.287072e-07 1.792827e-03
1457 1.221640e-06 2.420691e-03
1458 1.980764e-06 2.674201e-03
1459 2.482458e-05 6.244530e-03
1460 2.394617e-05 1.643304e-02
1461 3.073892e-06 2.122970e-03
1462 2.655348e-06 2.024010e-03
1463 8.326610e-08 1.490648e-03
1464 1.602072e-07 2.042662e-03
1465 6.839635e-08 1.404522e-03
1466 5.821510e-06 2.208562e-02
1467 4.844180e-04 5.431984e-02
1468 5.919250e-06 7.827334e-03
1469 5.864614e-05 1.573845e-02
1470 1.021591e-08 3.689366e-03
1471 1.922830e-05 1.100902e-02
1472 3.403017e-07 6.273073e-03
1473 2.152382e-06 3.945192e-03
1474 3.264302e-06 1.676882e-02
1475 2.466016e-08 1.748124e-03
1476 1.436641e-05 1.981697e-02
1477 6.003963e-10 1.745323e-03
1478 1.258388e-05 1.560893e-02
1479 8.680146e-06 1.070658e-02
1480 4.148360e-06 4.501753e-02
1481 5.954274e-05 2.937314e-02
1482 2.533429e-05 1.332860e-02
1483 1.063875e-04 8.105063e-03
1484 6.265276e-04 1.577537e-01
1485 1.638754e-04 3.766787e-02
1486 3.754073e-04 1.446785e-01
1487 1.265411e-07 2.021431e-03
1488 1.431888e-05 2.612685e-02
1489 5.547173e-06 1.714080e-03
1490 2.556456e-06 3.354536e-03
1491 2.058155e-04 4.929450e-02
1492 7.466342e-07 6.728298e-03
1493 5.679473e-07 1.163262e-02
1494 3.227494e-07 2.911217e-03
1495 1.863778e-05 1.260459e-02
1496 1.460629e-06 4.363806e-03
1497 1.306100e-03 1.959384e-01
1498 1.757698e-06 5.216701e-03
1499 1.059912e-08 2.924610e-03
1500 1.714746e-05 6.432536e-03
1501 5.337846e-06 5.248672e-03
1502 4.158496e-04 8.669738e-02
1503 1.324186e-04 1.342125e-01
1504 5.901831e-05 1.611188e-02
1505 5.613211e-07 5.635577e-03
1506 1.110034e-05 6.484703e-03
1507 2.660733e-04 3.090702e-02
1508 2.262758e-03 1.895110e-01
1509 1.337895e-06 4.488575e-03
1510 3.167167e-06 8.362983e-03
1511 1.566406e-05 1.012476e-02
1512 7.749241e-06 7.340051e-03
1513 1.857292e-05 9.523815e-03
1514 5.190775e-07 6.412536e-03
1515 1.352387e-03 3.157004e-01
1516 8.232073e-06 1.171543e-02
1517 5.103581e-04 1.939215e-01
1518 1.807807e-05 7.351955e-03
1519 2.379234e-05 1.124314e-02
1520 1.504652e-06 1.781494e-03
1521 2.328298e-07 7.182155e-03
1522 2.781699e-04 4.201028e-02
1523 4.336852e-06 9.390350e-03
1524 8.198290e-06 1.778204e-02
1525 5.124145e-05 3.368432e-02
1526 1.487269e-06 1.204716e-02
1527 1.764418e-04 2.639997e-02
1528 1.131233e-05 1.132371e-02
1529 8.366581e-06 7.302217e-03
1530 1.230064e-06 1.481999e-02
1531 6.999402e-05 1.907778e-02
1532 7.725604e-07 5.004009e-03
1533 6.371562e-07 6.648189e-03
1534 2.816816e-05 1.074393e-02
1535 5.736107e-08 1.587896e-03
1536 4.165483e-07 2.694093e-03
1537 1.808672e-06 3.940115e-03
1538 6.504510e-07 4.052523e-03
1539 1.809215e-06 2.410000e-03
1540 3.584239e-05 2.696578e-02
1541 1.345591e-03 2.686705e-01
1542 1.334055e-04 8.268062e-02
1543 2.016596e-03 1.948330e-01
1544 7.020738e-06 9.333994e-03
1545 2.041479e-05 5.237551e-02
1546 1.362102e-05 7.897249e-03
1547 2.139971e-04 1.922310e-01
1548 1.189281e-05 1.818846e-02
1549 1.282537e-06 4.430214e-03
1550 3.192272e-08 4.405827e-03
1551 5.968753e-06 5.586684e-03
1552 2.772374e-04 1.776624e-01
1553 4.660583e-04 3.745450e-01
1554 5.696722e-06 9.808513e-03
1555 1.250753e-03 2.163469e-01
1556 3.359494e-05 1.621539e-02
1557 8.927835e-04 1.634781e-01
1558 1.484385e-03 9.717029e-02
1559 3.718830e-06 1.071614e-02
1560 4.981088e-04 7.589031e-02
1561 8.580850e-05 2.029297e-01
1562 2.641406e-07 6.917849e-03
1563 2.082124e-05 1.301101e-02
1564 1.252631e-03 2.265782e-01
1565 1.632328e-05 1.581992e-02
1566 2.023368e-07 5.318138e-03
1567 8.345122e-03 1.348413e+00
1568 7.479423e-07 1.437998e-02
1569 1.285357e-04 1.453691e-02
1570 1.295226e-03 4.900139e-01
1571 6.094894e-07 2.438712e-03
1572 1.037218e-04 2.600613e-02
1573 4.340885e-04 2.437868e-01
1574 1.034802e-04 1.622908e-02
1575 7.078562e-07 1.796581e-02
1576 5.711827e-05 7.056936e-02
1577 9.207895e-04 2.279343e-01
1578 3.716612e-05 4.001344e-02
1579 1.406847e-06 5.037540e-03
1580 1.678130e-03 3.969556e-01
1581 8.036382e-06 1.685896e-02
1582 7.659244e-06 3.735529e-03
1583 2.373779e-04 6.395637e-02
1584 3.138432e-06 1.459189e-02
1585 1.125082e-03 2.155894e-01
1586 8.416385e-06 1.165638e-02
1587 2.484626e-05 5.665685e-03
1588 2.861516e-05 2.077619e-02
1589 1.399055e-07 2.914712e-03
1590 2.755479e-06 3.999643e-03
1591 1.088143e-06 4.433744e-03
1592 4.391651e-05 5.624687e-03
1593 1.952720e-06 3.437281e-03
1594 3.952031e-05 1.381999e-02
1595 1.563741e-07 4.137345e-03
1596 1.178187e-06 3.059637e-02
1597 3.432832e-06 8.115434e-03
1598 7.371375e-05 1.087806e-02
1599 4.609802e-05 1.200242e-01
1600 1.139276e-05 1.011157e-02
1601 1.571137e-08 3.283154e-03
1602 3.461686e-03 5.329051e-01
1603 7.928437e-06 8.419425e-03
1604 1.468382e-04 1.277565e-02
1605 1.977122e-04 1.873726e-02
1606 5.586490e-04 2.108723e-01
1607 3.235692e-04 1.109827e-01
1608 2.082938e-06 4.824132e-03
1609 9.347998e-04 1.189008e-01
1610 6.732391e-04 3.578693e-01
1611 3.471267e-05 1.485160e-02
1612 4.987914e-05 4.597697e-03
1613 5.721947e-09 1.207839e-03
1614 1.038483e-04 2.892761e-02
1615 8.620621e-04 1.550313e-01
1616 6.915267e-07 2.617489e-03
1617 1.151635e-07 3.405902e-03
1618 1.238868e-06 2.614624e-03
1619 2.494425e-05 7.842555e-02
1620 3.412888e-05 5.384990e-02
1621 4.548156e-06 9.962132e-02
1622 1.614402e-05 1.830887e-02
1623 8.670714e-06 5.397242e-02
1624 1.215291e-03 2.299670e-01
1625 4.788801e-07 4.425422e-03
1626 1.286135e-04 5.433395e-02
1627 8.258062e-06 1.688703e-02
1628 1.827535e-04 6.813192e-02
1629 1.943335e-03 1.718974e-01
1630 1.164466e-03 3.090876e-01
1631 8.913858e-05 8.170798e-02
1632 3.816661e-05 6.632235e-02
1633 7.043332e-08 3.098449e-03
1634 1.962267e-06 6.690026e-03
1635 1.288141e-08 1.156119e-03
1636 4.563343e-08 2.939368e-03
1637 1.131767e-07 1.702466e-03
1638 1.822625e-07 3.084866e-03
1639 6.980922e-09 1.851683e-03
1640 6.959317e-05 4.176022e-02
1641 2.265422e-04 6.410727e-02
1642 1.898393e-03 3.637956e-01
1643 7.935529e-06 2.370284e-02
1644 1.535939e-05 9.241809e-03
1645 2.028192e-05 9.456347e-03
1646 2.600926e-03 7.564788e-01
1647 1.163347e-05 1.400913e-02
1648 4.229942e-06 3.906973e-03
1649 1.956865e-03 3.762975e-01
1650 8.355308e-05 5.518293e-02
1651 8.420939e-07 4.375445e-03
1652 1.501286e-04 8.438977e-02
1653 1.280266e-03 3.805064e-01
1654 3.785100e-06 2.265888e-02
1655 1.118539e-03 1.484497e-01
1656 2.051710e-06 1.738912e-02
1657 1.283832e-06 1.113415e-02
1658 6.585143e-07 4.964760e-03
1659 1.308255e-05 1.880561e-02
1660 3.150117e-04 5.122496e-02
1661 1.778520e-04 3.235044e-02
1662 3.398081e-05 1.093546e-02
1663 1.058971e-03 1.147389e-01
1664 1.897076e-05 1.192002e-02
1665 2.283833e-05 1.044915e-02
1666 2.902630e-04 6.847668e-02
1667 9.100467e-05 3.628749e-02
1668 5.075596e-08 8.885019e-04
1669 3.275812e-06 1.167834e-02
1670 3.930045e-06 3.466019e-03
1671 1.691983e-05 2.221146e-02
1672 5.253478e-04 1.568483e-01
1673 1.024713e-04 2.135152e-02
1674 9.585188e-06 9.692164e-03
1675 1.776853e-05 1.436364e-02
1676 3.911828e-07 2.806616e-03
1677 3.830168e-07 7.095057e-03
1678 9.491670e-07 3.623356e-03
1679 1.610785e-09 1.409506e-03
1680 9.476710e-04 5.519542e-02
1681 2.309660e-05 2.319621e-02
1682 7.315464e-05 1.920765e-02
1683 7.168334e-08 1.746581e-03
1684 5.008070e-07 3.648614e-03
1685 2.203919e-04 1.799703e-02
1686 7.629683e-04 8.121744e-02
1687 2.340224e-05 3.115025e-02
1688 9.440615e-04 6.075122e-02
1689 4.704664e-04 8.224649e-02
1690 2.915339e-07 1.769197e-03
1691 1.352900e-07 1.753546e-03
1692 2.298977e-06 5.554411e-03
1693 2.966546e-04 5.091193e-02
1694 2.960597e-05 4.495404e-02
1695 6.704593e-06 2.830360e-03
1696 3.115584e-03 2.304132e-01
1697 3.938873e-06 8.615576e-03
1698 1.267395e-03 1.333136e-01
1699 8.550771e-04 4.049014e-01
1700 2.378183e-06 4.206634e-03
1701 2.163925e-04 5.286884e-02
1702 2.408408e-05 8.546805e-02
1703 1.491973e-05 5.668611e-02
1704 3.768948e-07 1.607462e-03
1705 1.457110e-07 1.969645e-03
1706 8.250867e-07 2.515568e-03
1707 5.056624e-05 4.381378e-02
1708 8.108721e-08 8.064363e-03
1709 6.300799e-06 1.609436e-02
1710 1.026316e-06 1.148297e-02
1711 2.316991e-04 1.130659e-01
1712 4.797035e-04 6.182629e-02
1713 8.719069e-06 1.112689e-02
1714 2.872962e-04 4.324095e-02
1715 1.492725e-05 6.658064e-03
1716 1.186353e-07 4.408534e-03
1717 9.572341e-06 2.614369e-02
1718 2.305965e-05 1.255737e-02
1719 3.971973e-07 7.615071e-03
1720 1.574342e-06 9.310125e-03
1721 1.298376e-06 3.142640e-02
1722 4.509755e-07 8.406967e-03
1723 1.302676e-03 3.329379e-01
1724 1.179250e-06 3.106618e-03
1725 1.340872e-05 1.561008e-02
1726 2.771403e-04 8.699942e-02
1727 4.005258e-05 2.745771e-02
1728 1.599880e-03 1.381814e-01
1729 6.736615e-06 4.258267e-03
1730 5.845201e-04 1.028563e-01
1731 4.412381e-06 6.814925e-03
1732 8.668730e-08 1.898422e-03
1733 3.403118e-11 1.011506e-03
1734 8.432417e-05 2.958686e-02
1735 5.752645e-05 2.580904e-02
1736 4.943228e-10 1.148573e-03
1737 1.567063e-05 1.469397e-02
1738 2.269035e-06 3.376899e-03
1739 6.351572e-05 1.631178e-02
1740 1.572601e-04 7.071147e-02
1741 8.446021e-09 4.426632e-03
1742 1.199945e-04 1.059591e-01
1743 1.279381e-03 8.051913e-02
1744 2.792595e-05 3.465348e-02
1745 7.749452e-05 1.281842e-02
1746 1.264194e-07 2.697001e-03
1747 4.128690e-07 6.621855e-03
1748 1.808952e-03 4.616673e-01
1749 1.086722e-05 9.271887e-03
1750 4.093037e-06 8.697784e-03
1751 2.220112e-06 6.373704e-03
1752 1.360101e-07 2.138545e-03
1753 7.369824e-05 4.690732e-02
1754 1.316027e-06 5.296612e-03
1755 7.203233e-07 6.134937e-03
1756 4.856083e-06 1.953086e-02
1757 1.249809e-06 1.468705e-02
1758 1.432658e-03 1.339422e-01
1759 1.746748e-06 5.067413e-03
1760 9.773895e-04 3.052846e-01
1761 1.583568e-07 7.055850e-03
1762 1.619937e-06 4.044774e-03
1763 1.087839e-06 1.148535e-02
1764 2.599650e-06 6.785243e-03
1765 1.565116e-05 1.850206e-02
1766 7.645032e-07 4.303408e-03
1767 4.055719e-06 6.807891e-03
1768 1.885572e-04 4.329947e-02
1769 6.428757e-05 1.780254e-02
1770 2.770922e-06 8.432970e-03
1771 5.775191e-06 9.869967e-03
1772 4.142073e-04 2.647642e-01
1773 1.670592e-03 2.051085e-01
1774 1.129893e-08 2.932815e-03
1775 6.549070e-08 2.827922e-03
1776 5.974571e-07 1.932872e-02
1777 2.003434e-06 1.190031e-02
1778 2.292804e-06 7.112855e-03
1779 4.098908e-06 1.696356e-02
1780 9.797100e-08 2.807249e-03
1781 1.548162e-08 1.304533e-03
1782 7.757064e-08 3.170272e-03
1783 3.296594e-06 6.931211e-03
1784 3.876087e-05 2.534194e-02
1785 2.223864e-06 4.237690e-03
1786 1.453331e-05 3.164861e-02
1787 2.786709e-03 2.590590e-01
1788 1.391952e-07 4.437204e-03
1789 2.383569e-05 3.217412e-02
1790 8.612111e-07 2.186034e-03
1791 5.589099e-06 5.566709e-03
1792 8.717131e-06 6.038924e-03
1793 4.975182e-07 9.488684e-03
1794 5.077623e-04 6.012102e-02
1795 8.122815e-06 4.148698e-03
1796 2.813296e-03 2.955797e-01
1797 2.971922e-07 1.738064e-02
1798 4.106425e-07 6.411550e-03
1799 7.997777e-07 2.867887e-03
1800 5.987782e-05 5.426302e-02
1801 1.161534e-05 3.985210e-03
1802 1.121891e-04 3.644481e-02
1803 3.839659e-07 2.030339e-03
1804 1.944612e-06 2.455504e-03
1805 1.492042e-07 1.102319e-02
1806 1.916101e-06 5.413276e-03
1807 1.917168e-07 1.551981e-03
1808 1.344524e-03 6.027873e-01
1809 1.317411e-05 1.033391e-02
1810 1.666819e-03 1.401533e-01
1811 3.546017e-07 7.802344e-03
1812 2.545412e-07 5.922299e-03
1813 7.577278e-06 1.393856e-02
1814 4.126608e-07 2.823013e-03
1815 2.735323e-05 2.359232e-02
1816 6.030637e-05 2.182550e-02
1817 1.860622e-06 4.689521e-03
1818 7.224470e-07 4.763285e-03
1819 2.954186e-10 2.082375e-03
1820 1.075349e-07 1.590051e-03
1821 7.401132e-08 3.406921e-03
1822 1.141037e-03 1.254028e-01
1823 1.103472e-05 3.816426e-02
1824 1.260166e-05 4.537395e-02
1825 2.714190e-03 2.786534e-01
1826 1.225807e-04 1.412310e-01
1827 1.248918e-04 3.593338e-02
1828 1.235777e-04 1.822522e-02
1829 1.584632e-05 9.779138e-03
1830 7.871050e-07 2.999482e-03
1831 1.516374e-07 1.699307e-03
1832 2.000941e-06 1.435201e-02
1833 6.513376e-06 6.358543e-03
1834 9.611758e-07 3.501288e-03
1835 2.349035e-07 3.541602e-03
1836 1.360350e-03 1.986724e-01
1837 2.851372e-04 2.047397e-01
1838 2.189695e-05 7.811958e-03
1839 2.094721e-05 3.638571e-02
1840 3.106181e-05 3.338738e-02
1841 1.242562e-04 5.391168e-02
1842 3.962777e-07 6.774481e-03
1843 4.985062e-06 8.367101e-03
1844 1.407810e-07 2.748170e-03
1845 6.402105e-05 1.892462e-02
1846 1.136181e-08 3.506559e-03
1847 2.752582e-05 5.812850e-02
1848 1.346528e-08 2.204259e-03
1849 4.129809e-07 1.366308e-02
1850 2.832332e-07 1.477952e-02
1851 1.237132e-05 3.583657e-02
1852 6.315310e-06 1.566156e-02
1853 7.085191e-05 4.208394e-02
1854 4.089205e-05 1.111015e-01
1855 6.186668e-05 3.241651e-02
1856 1.589416e-08 2.266802e-03
1857 2.054004e-07 4.622861e-03
1858 6.215141e-07 3.487186e-03
1859 4.790586e-07 3.241228e-03
1860 4.542255e-06 2.195066e-02
1861 2.590938e-06 7.434943e-03
1862 1.379981e-03 2.906052e-01
1863 1.085803e-07 3.004836e-03
1864 6.148395e-07 2.615762e-03
1865 6.197136e-07 1.138838e-02
1866 3.730810e-04 6.448795e-02
1867 2.924541e-08 2.610029e-03
1868 2.153010e-05 7.209184e-03
1869 1.519922e-03 2.418583e-01
1870 3.115080e-06 5.878175e-03
1871 7.386396e-06 1.113940e-02
1872 1.240645e-07 7.172266e-03
1873 1.087492e-07 1.837576e-03
1874 7.039795e-07 2.092666e-03
1875 5.385647e-03 3.634419e-01
1876 1.142119e-07 2.416366e-03
1877 2.308206e-06 2.881992e-03
1878 1.198064e-07 6.506370e-03
1879 3.333075e-06 1.152567e-02
1880 6.361828e-05 2.427350e-02
1881 4.887846e-06 4.452173e-02
1882 3.471357e-07 3.938439e-03
1883 4.661243e-06 1.294526e-02
1884 5.643579e-04 1.201424e-01
1885 7.242078e-06 6.040866e-03
1886 5.282081e-05 9.214552e-03
1887 8.371914e-05 2.129405e-02
1888 2.834139e-06 3.032686e-03
1889 1.615564e-07 1.306191e-03
1890 4.437079e-06 1.134311e-02
1891 1.838270e-04 1.112365e-01
1892 4.137991e-06 1.431377e-02
1893 3.341961e-04 3.744645e-02
1894 2.849365e-03 5.804862e-01
1895 3.803630e-05 4.233651e-02
1896 1.916048e-04 7.336892e-02
1897 6.131988e-07 3.941239e-03
1898 1.357766e-05 4.679242e-02
1899 5.125613e-06 8.869640e-03
1900 8.697110e-04 5.857134e-02
1901 7.254641e-06 4.671626e-03
1902 2.668878e-07 1.844788e-03
1903 4.799462e-06 1.073517e-02
1904 1.972385e-06 7.760123e-03
1905 7.758983e-06 4.985303e-03
1906 2.816333e-06 5.261832e-03
1907 6.026931e-08 3.757796e-03
1908 4.471751e-07 1.666205e-03
1909 4.162324e-05 6.722733e-03
1910 2.197810e-04 6.708339e-02
1911 6.889205e-04 4.564916e-02
1912 2.682460e-04 6.431460e-02
1913 6.015113e-05 5.641028e-02
1914 2.516470e-06 4.516694e-03
1915 5.335561e-08 7.891201e-03
1916 3.768964e-03 5.919137e-01
1917 1.849553e-03 2.533238e-01
1918 3.349406e-05 2.967306e-02
1919 1.459156e-05 1.351083e-02
1920 9.727304e-05 1.999238e-02
1921 2.696477e-08 1.366113e-03
1922 3.716413e-06 3.917985e-03
1923 4.664752e-06 2.673724e-03
1924 8.075372e-07 2.299812e-03
1925 8.565804e-07 2.068238e-03
1926 4.824940e-04 1.076946e-01
1927 1.450760e-06 1.120540e-02
1928 3.769563e-07 1.784821e-03
1929 2.896829e-05 1.018767e-02
1930 3.959017e-06 1.717094e-02
1931 5.631851e-05 1.899109e-02
1932 4.915684e-06 3.339885e-02
1933 7.347006e-06 1.535723e-02
1934 5.551218e-05 5.964759e-02
1935 7.818208e-06 1.384602e-02
1936 2.120093e-06 1.233970e-02
1937 5.025795e-06 4.898932e-03
1938 3.022468e-08 2.009445e-03
1939 4.336051e-04 2.131080e-01
1940 1.100719e-06 2.245333e-02
1941 6.406494e-06 1.445304e-02
1942 1.106465e-04 7.145201e-02
1943 8.504726e-06 3.186900e-02
1944 8.924730e-04 1.169040e-01
1945 6.426943e-05 3.271072e-02
1946 5.120549e-06 5.231567e-03
1947 1.742210e-05 3.837756e-03
1948 2.381897e-08 1.706769e-03
1949 1.009658e-04 8.711631e-02
1950 7.730731e-05 1.991401e-02
1951 6.872208e-06 3.833088e-02
1952 4.392403e-06 6.754154e-03
1953 9.878028e-05 2.933835e-02
1954 1.821677e-04 6.928002e-02
1955 1.358184e-05 8.512148e-03
1956 6.429853e-05 4.829824e-02
1957 2.920371e-06 7.573963e-03
1958 1.677665e-05 1.863715e-02
1959 4.391038e-06 2.612936e-02
1960 5.292518e-05 2.765058e-02
1961 7.103669e-05 8.500981e-02
1962 4.949824e-05 4.000583e-02
1963 9.924497e-05 5.399131e-02
1964 1.132016e-06 3.883146e-03
1965 5.197852e-06 1.442340e-02
1966 8.231485e-07 6.576229e-03
1967 1.651991e-05 5.292850e-02
1968 6.668844e-08 2.101341e-03
1969 1.568817e-03 6.316096e-02
1970 1.590488e-04 6.152029e-02
1971 2.043446e-03 2.388493e-01
1972 5.026158e-05 8.165206e-03
1973 7.417864e-04 1.386719e-01
1974 1.927433e-07 4.225082e-03
1975 4.596356e-04 1.551236e-01
1976 3.339227e-04 6.534841e-02
1977 1.187160e-05 6.443977e-03
1978 2.246445e-07 4.037948e-03
1979 5.433649e-05 4.103030e-02
1980 1.413586e-05 4.830821e-03
1981 6.854610e-05 5.041625e-02
1982 6.115265e-07 2.759116e-03
1983 2.667463e-06 2.145487e-03
1984 7.852438e-06 2.725193e-02
1985 1.049864e-05 1.046726e-02
1986 6.312510e-06 4.929597e-03
1987 1.272391e-06 3.478009e-02
1988 3.545594e-04 1.472576e-01
1989 3.621676e-07 1.402074e-03
1990 1.487817e-05 4.442055e-03
1991 7.895691e-06 7.456679e-03
1992 1.773006e-03 2.129976e-01
1993 5.788625e-08 1.180592e-03
1994 6.673116e-08 1.247947e-03
1995 6.146000e-04 6.473371e-02
1996 9.436705e-06 4.905958e-03
1997 1.219605e-06 2.025677e-03
1998 6.926759e-05 9.311495e-03
1999 3.413609e-04 6.883333e-02
2000 8.003770e-07 2.515978e-03
2001 1.254343e-06 3.066230e-03
