2 1.472277e-04 1.488193e-01
3 3.208041e-03 8.011704e-01
4 6.817345e-04 3.498228e-01
5 3.194025e-04 1.266449e-01
6 5.813959e-03 9.510941e-01
7 9.873511e-04 2.682038e-01
8 1.941965e-05 5.412856e-02
9 1.814961e-05 1.059509e-02
10 5.240739e-04 8.688087e-02
11 7.386954e-04 4.586823e-01
12 1.496264e-04 3.890301e-02
13 1.227386e-03 5.349776e-01
14 1.073233e-03 1.411227e-01
15 1.578496e-04 6.139902e-02
16 3.829660e-05 5.888298e-02
17 1.230749e-04 1.807364e-02
18 1.276406e-03 1.512977e-01
19 1.627941e-04 3.271907e-01
20 2.524711e-03 4.696459e-01
21 2.750563e-04 2.118031e-01
22 2.863493e-05 3.157889e-02
23 1.355804e-03 7.291085e-01
24 1.199734e-03 3.504489e-01
25 1.202424e-04 5.309480e-02
26 1.385277e-03 7.056213e-01
27 5.467862e-04 8.003388e-02
28 2.707025e-04 4.978601e-02
29 3.164093e-03 7.215770e-01
30 1.051590e-06 7.760466e-03
31 1.607712e-03 1.511989e-01
32 1.311012e-03 2.692160e-01
33 1.154274e-04 3.002385e-02
34 1.296967e-05 9.497542e-03
35 2.072812e-04 2.190381e-01
36 2.437506e-04 7.997295e-02
37 5.620784e-03 8.734652e-01
38 7.768547e-03 1.156608e+00
39 3.095228e-03 6.387200e-01
40 9.134542e-04 2.350412e-01
41 6.213900e-07 7.160386e-03
42 1.395115e-03 8.449342e-01
43 1.680674e-05 1.777321e-02
44 3.906591e-07 3.012744e-03
45 5.006143e-07 2.715370e-03
46 6.550973e-08 1.439099e-03
47 2.652952e-07 6.327496e-03
48 4.839288e-07 7.225058e-03
49 7.711460e-07 9.102369e-03
50 1.595439e-05 3.243244e-02
51 2.083397e-07 3.157220e-03
52 2.317910e-07 5.669216e-03
53 3.624046e-07 5.684324e-03
54 1.128210e-07 4.299183e-03
55 5.659997e-08 3.397172e-03
56 8.528687e-06 2.172910e-02
57 2.460824e-05 4.189120e-02
58 3.543544e-08 1.715801e-03
59 2.268964e-05 1.219425e-02
60 8.839188e-07 2.411295e-03
61 2.925942e-07 4.230250e-03
62 4.662889e-07 1.341685e-03
63 2.153276e-06 5.658917e-03
64 5.357725e-08 1.184081e-02
65 4.734347e-07 2.810271e-03
66 4.090724e-07 4.874792e-03
67 2.066088e-07 4.808800e-03
68 4.696262e-06 1.124100e-02
69 7.149685e-06 1.037428e-02
70 3.109598e-03 5.291483e-01
71 1.108383e-09 4.412580e-03
72 2.199769e-04 6.712768e-02
73 1.917269e-06 4.533309e-03
74 2.826162e-07 5.782011e-03
75 9.907404e-07 5.764734e-03
76 6.046311e-06 6.728434e-03
77 3.469988e-06 4.656450e-03
78 3.022804e-05 4.834644e-02
79 4.614330e-07 1.138391e-02
80 6.029903e-05 9.335487e-02
81 3.459077e-07 3.176862e-03
82 1.206299e-05 4.116440e-02
83 2.276061e-08 2.528362e-03
84 3.204294e-05 1.570784e-02
85 2.519953e-06 7.828320e-03
86 1.117857e-04 2.696787e-02
87 4.516041e-04 2.289026e-01
88 1.063102e-08 2.774840e-03
89 2.896495e-04 4.628817e-02
90 1.617397e-04 1.250440e-01
91 2.744000e-05 1.825730e-02
92 8.229788e-05 8.373345e-02
93 3.345103e-05 4.746701e-02
94 3.789039e-07 9.009814e-03
95 4.909175e-08 5.391187e-03
96 2.847092e-05 1.296133e-02
97 4.168404e-05 2.153811e-02
98 1.328089e-04 3.157740e-02
99 3.245473e-04 3.223947e-01
100 5.729039e-03 8.459595e-01
101 9.321227e-04 1.500820e-01
102 3.020394e-06 6.610089e-03
103 3.865918e-04 2.245104e-01
104 2.826696e-07 2.472588e-02
105 8.996762e-05 9.660646e-02
106 6.306055e-05 6.407881e-02
107 5.473181e-07 1.215050e-02
108 7.912747e-05 1.143427e-01
109 2.512624e-07 1.215707e-02
110 1.883195e-06 4.387604e-03
111 2.718830e-07 1.084808e-02
112 1.609156e-07 1.959761e-02
113 4.394293e-04 9.950634e-02
114 9.387977e-05 1.137860e-02
115 7.317999e-05 2.457176e-02
116 3.304085e-04 8.661987e-02
117 1.965913e-06 7.299762e-03
118 2.257191e-07 3.718070e-03
119 4.227811e-03 6.093274e-01
120 8.801053e-05 2.648936e-02
121 4.270578e-07 9.043859e-03
122 8.823759e-07 5.192695e-03
123 4.276962e-04 9.221849e-02
124 3.916356e-06 1.424088e-02
125 1.394478e-04 1.546315e-01
126 7.841455e-06 1.446795e-02
127 7.952296e-07 1.164647e-02
128 7.204233e-04 4.112801e-01
129 6.356334e-04 4.937447e-01
130 2.157634e-05 7.780400e-02
131 4.023484e-04 1.645989e-01
132 7.453513e-06 2.846841e-02
133 2.430351e-03 8.646855e-01
134 9.625442e-05 4.674792e-02
135 1.794923e-03 2.669421e-01
136 3.854149e-09 2.287283e-03
137 3.638801e-07 1.300406e-02
138 5.032984e-07 4.070781e-03
139 5.307354e-06 9.824320e-03
140 4.420093e-05 4.837501e-02
141 3.840945e-06 7.833374e-03
142 9.210272e-04 1.648363e-01
143 2.141928e-04 9.313590e-02
144 3.199682e-04 2.430255e-01
145 1.483117e-04 5.259500e-02
146 7.335026e-06 1.442842e-02
147 1.559576e-04 7.406543e-02
148 3.873613e-06 6.442612e-03
149 6.916810e-05 7.224781e-02
150 4.364311e-04 9.057627e-02
151 3.020972e-04 5.068788e-02
152 1.977802e-05 3.786601e-02
153 4.791475e-06 1.050971e-02
154 2.951429e-05 1.562481e-02
155 8.476107e-07 3.132451e-03
156 1.185756e-04 1.911412e-02
157 4.664634e-07 1.317159e-02
158 1.349244e-09 3.780338e-03
159 5.725875e-07 1.786058e-02
160 2.909518e-06 1.008430e-02
161 2.352291e-06 5.200534e-03
162 2.601578e-06 1.714922e-02
163 6.961406e-06 1.724540e-02
164 5.458022e-05 1.214818e-02
165 3.606905e-07 1.775755e-03
166 3.293073e-06 2.411689e-03
167 9.429514e-06 8.672228e-03
168 1.105771e-05 5.361874e-03
169 2.033925e-04 3.189621e-02
170 1.423703e-05 7.263601e-03
171 5.871599e-05 4.491175e-02
172 4.713080e-03 4.207412e-01
173 1.303400e-04 7.848727e-02
174 6.155166e-04 1.812418e-01
175 2.939038e-09 1.263687e-03
176 1.937297e-05 1.439199e-02
177 1.737024e-08 3.189951e-03
178 1.363367e-06 7.839447e-03
179 5.534141e-06 1.245569e-02
180 2.722657e-09 1.277103e-03
181 5.397437e-05 1.127492e-01
182 2.966069e-04 4.816787e-02
183 1.916699e-04 3.847124e-02
184 7.200993e-06 8.944488e-03
185 6.773868e-09 1.523235e-03
186 3.187857e-06 4.908626e-02
187 1.400935e-03 6.444019e-01
188 1.000403e-04 4.867297e-02
189 6.803035e-06 1.535951e-02
190 8.273852e-07 5.584568e-03
191 1.991954e-06 6.977776e-03
192 3.316463e-07 5.844627e-03
193 2.789108e-08 6.282630e-03
194 2.364664e-07 6.108020e-03
195 7.721209e-05 2.668450e-02
196 5.731737e-06 8.134051e-03
197 5.901368e-07 2.124135e-02
198 7.955893e-06 1.430393e-02
199 1.329501e-05 1.973461e-02
200 3.166131e-04 1.114862e-01
201 3.226811e-05 9.145301e-02
202 1.718887e-05 1.406112e-02
203 2.551059e-04 1.974065e-01
204 2.580379e-06 4.142836e-03
205 4.139988e-05 4.074564e-02
206 4.641544e-04 3.793127e-02
207 5.213188e-06 3.247524e-02
208 1.045684e-04 9.341991e-02
209 6.208819e-04 1.382509e-01
210 9.287569e-06 5.748486e-02
211 4.450925e-04 1.906150e-01
212 3.797968e-07 5.008849e-03
213 5.808628e-06 1.611719e-02
214 5.079305e-06 1.384523e-02
215 8.418325e-07 1.239070e-02
216 3.020897e-05 3.907281e-02
217 9.276317e-07 2.791934e-03
218 3.074852e-07 4.711825e-03
219 3.599346e-07 2.546288e-03
220 3.967064e-04 2.507252e-01
221 2.554168e-07 5.669879e-03
222 1.096663e-05 4.335163e-02
223 7.291358e-04 1.402375e-01
224 1.854437e-08 2.299461e-03
225 5.638433e-08 3.231296e-03
226 1.842224e-06 1.193883e-02
227 6.071083e-07 4.259958e-03
228 2.241014e-06 6.187551e-03
229 1.596986e-06 1.811554e-02
230 4.527093e-04 3.175885e-01
231 1.510762e-08 2.043444e-03
232 1.218819e-03 6.696147e-01
233 3.764335e-07 9.436575e-03
234 2.688866e-06 5.209184e-03
235 6.264093e-09 7.405094e-03
236 1.185318e-03 8.480740e-02
237 1.101633e-03 2.586006e-01
238 3.515817e-07 5.083825e-03
239 2.956772e-05 1.264576e-02
240 1.125245e-05 6.844214e-02
241 5.808288e-04 4.695819e-01
242 8.500008e-05 3.698179e-02
243 7.149972e-07 4.516169e-03
244 2.376233e-08 1.878120e-03
245 3.247775e-08 1.282705e-03
246 8.492147e-04 1.706415e-01
247 2.711558e-04 9.249786e-02
248 1.486166e-03 2.874462e-01
249 1.072810e-03 3.419149e-01
250 1.572887e-03 2.763561e-01
251 4.727173e-09 1.293691e-03
252 4.158943e-07 8.769459e-03
253 1.462894e-07 4.236531e-03
254 1.656201e-05 2.222157e-02
255 2.795626e-06 8.914332e-03
256 3.556214e-09 2.437573e-03
257 1.121580e-06 5.243733e-03
258 4.525680e-04 9.748186e-02
259 8.621451e-08 1.451328e-03
260 1.311395e-06 1.000517e-02
261 9.126307e-06 9.360280e-03
262 7.963039e-07 1.762227e-03
263 2.557455e-05 6.254364e-03
264 3.381834e-06 2.956626e-02
265 4.377039e-05 7.853791e-02
266 1.127687e-05 1.229425e-02
267 2.641380e-06 1.982977e-02
268 2.374810e-05 9.673111e-03
269 3.635399e-04 1.660173e-01
270 1.005079e-08 3.605175e-03
271 1.942416e-05 1.859419e-02
272 2.299096e-05 1.243283e-02
273 2.788304e-04 1.147079e-01
274 2.187970e-09 1.879202e-03
275 4.702891e-04 1.168408e-01
276 2.422683e-06 1.844416e-02
277 1.723732e-08 4.010740e-03
278 1.772917e-04 1.070461e-01
279 9.864181e-07 5.090225e-03
280 4.373811e-04 7.242885e-02
281 8.121175e-04 1.315100e-01
282 7.052631e-08 2.083297e-03
283 2.433890e-06 6.882121e-03
284 5.407080e-08 4.746651e-03
285 6.295121e-07 9.245480e-03
286 2.954885e-07 6.123250e-03
287 3.196318e-07 5.080420e-03
288 1.702964e-07 2.217568e-03
289 5.926950e-04 2.965759e-01
290 6.509777e-09 1.421607e-03
291 3.804650e-05 1.868208e-02
292 1.524753e-03 4.144457e-01
293 1.974971e-06 5.710143e-03
294 3.559642e-08 4.361366e-03
295 3.007593e-08 1.780516e-02
296 5.837478e-05 1.235972e-01
297 2.087499e-05 1.818246e-02
298 2.764572e-06 5.636168e-03
299 7.181655e-08 4.256687e-03
300 3.610752e-06 1.549800e-02
301 6.220105e-04 3.537380e-01
302 7.666755e-07 3.575507e-03
303 1.920666e-06 2.050873e-02
304 5.428553e-04 1.393318e-01
305 6.096129e-05 2.194861e-02
306 1.589433e-04 2.130943e-02
307 9.412670e-04 2.711701e-01
308 1.923145e-06 1.091128e-02
309 7.368100e-04 2.873122e-01
310 1.014970e-04 2.202607e-02
311 6.827295e-06 1.337213e-02
312 6.755478e-06 5.431375e-03
313 4.201299e-03 8.382632e-01
314 6.683652e-06 3.579488e-03
315 1.708419e-08 4.746553e-03
316 2.763734e-03 5.381468e-01
317 2.411782e-03 3.225048e-01
318 3.401695e-04 2.134510e-01
319 1.966344e-04 8.937377e-02
320 6.407357e-05 4.082223e-02
321 1.924777e-04 3.661040e-01
322 1.826849e-09 6.874455e-03
323 1.606524e-05 2.714490e-02
324 4.628569e-07 5.413716e-03
325 8.312971e-08 5.308594e-03
326 2.523287e-05 4.625111e-02
327 3.814599e-03 7.160288e-01
328 9.250809e-04 1.841367e-01
329 8.367419e-04 3.852661e-01
330 1.923660e-05 1.097337e-02
331 4.066250e-05 2.882310e-02
332 3.465220e-04 3.118764e-01
333 1.271927e-07 1.669389e-02
334 1.881976e-05 4.943610e-02
335 2.957913e-08 2.170955e-03
336 5.578913e-06 1.085438e-02
337 1.197078e-06 1.345714e-02
338 1.151912e-03 8.870742e-02
339 1.216212e-03 2.642112e-01
340 1.179317e-05 1.454224e-02
341 1.477797e-06 1.041319e-02
342 1.829400e-05 7.663150e-03
343 8.956368e-07 3.915514e-02
344 7.969560e-05 1.711952e-02
345 2.234738e-03 7.795364e-01
346 1.845750e-03 3.986942e-01
347 2.205030e-07 4.227412e-03
348 4.205638e-05 4.845189e-02
349 6.626631e-06 7.657443e-03
350 1.928887e-06 3.196280e-03
351 1.171197e-03 7.619583e-01
352 3.395031e-05 2.153923e-01
353 3.534016e-08 1.286834e-03
354 7.662348e-05 1.369563e-01
355 4.187276e-05 2.536184e-02
356 5.180047e-03 4.215259e-01
357 1.376790e-03 1.662877e-01
358 1.004777e-05 5.282988e-03
359 3.776181e-06 1.208544e-02
360 1.602932e-04 1.442044e-01
361 8.793762e-04 1.927697e-01
362 5.026558e-04 8.031503e-02
363 6.099806e-05 3.842568e-02
364 4.248959e-05 5.225224e-02
365 7.130360e-06 4.083739e-02
366 3.636298e-06 2.085787e-02
367 9.544490e-07 1.705269e-02
368 6.242879e-06 1.209967e-02
369 1.451625e-06 1.176278e-02
370 3.959935e-05 1.902177e-02
371 3.966480e-06 8.660638e-02
372 1.751401e-07 3.668594e-02
373 5.970437e-05 6.694637e-02
374 4.913129e-08 6.332751e-03
375 2.297226e-07 1.457550e-03
376 6.313649e-07 3.655960e-03
377 1.572026e-03 4.977948e-01
378 3.095651e-05 2.276227e-02
379 3.830269e-06 5.987818e-03
380 1.282370e-05 2.027037e-02
381 2.388444e-03 6.142550e-01
382 3.535841e-04 2.166614e-02
383 1.181935e-03 1.714571e-01
384 3.797202e-05 1.957579e-02
385 1.540772e-03 5.991090e-01
386 2.974512e-05 1.586876e-02
387 1.564235e-05 2.032301e-02
388 4.837753e-07 4.046491e-03
389 1.241768e-06 1.067080e-02
390 8.254084e-09 4.437648e-03
391 1.429753e-04 3.335395e-02
392 6.254476e-06 2.820847e-02
393 4.687529e-09 2.653320e-03
394 1.792976e-03 6.999528e-01
395 7.332960e-07 1.799483e-03
396 1.852564e-05 3.893281e-02
397 1.043209e-05 2.231649e-02
398 4.825842e-09 2.559454e-03
399 1.836687e-06 9.074372e-03
400 4.063442e-03 1.471371e+00
401 9.580834e-06 2.718305e-02
402 3.422467e-04 5.695581e-01
403 4.661085e-05 3.072200e-02
404 3.359873e-05 2.740613e-02
405 1.272253e-06 5.090986e-03
406 8.149398e-05 2.601920e-01
407 2.266784e-04 1.117191e-01
408 2.468435e-03 6.817651e-01
409 3.123180e-05 8.330458e-02
410 6.357512e-06 1.514510e-02
411 1.237365e-04 3.907566e-02
412 1.074596e-05 1.217069e-02
413 4.504632e-04 4.643392e-01
414 2.173274e-04 2.282406e-02
415 1.011575e-07 1.964408e-03
416 8.365173e-05 1.215038e-01
417 4.902443e-06 2.737356e-03
418 1.586356e-03 4.364589e-01
419 2.614033e-03 6.977364e-01
420 6.168489e-06 9.439518e-03
421 6.564280e-05 1.956352e-02
422 3.538010e-05 2.885994e-02
423 1.337046e-05 1.210066e-02
424 1.483540e-04 6.195180e-02
425 4.515521e-05 1.378399e-02
426 4.224806e-08 3.757523e-03
427 4.655999e-05 1.503395e-01
428 2.810638e-04 3.624876e-02
429 9.230835e-04 3.095397e-01
430 6.177828e-07 1.707157e-03
431 1.582984e-08 4.157375e-03
432 2.161839e-04 1.366377e-01
433 1.310423e-08 1.256576e-03
434 5.325015e-07 5.203272e-03
435 5.096159e-06 5.634539e-03
436 3.714149e-08 2.356388e-03
437 2.230701e-04 1.336610e-01
438 7.774829e-08 5.833725e-03
439 3.650255e-07 4.586738e-03
440 2.467634e-07 4.310949e-03
441 2.208697e-05 4.007195e-02
442 1.413910e-07 6.769769e-03
443 3.647024e-06 5.295008e-03
444 7.274047e-05 4.677697e-02
445 7.886142e-05 9.034441e-02
446 5.882685e-06 1.729739e-02
447 9.515334e-08 2.490408e-03
448 3.098896e-06 2.645710e-03
449 6.945645e-08 2.384609e-03
450 1.621789e-06 3.659716e-03
451 1.627182e-07 1.328534e-03
452 1.705451e-05 1.225777e-02
453 3.373762e-06 5.094641e-03
454 1.578745e-04 3.758835e-02
455 1.141261e-03 1.402710e-01
456 4.391319e-07 5.610592e-03
457 6.558540e-05 4.162170e-02
458 6.655913e-05 6.673176e-02
459 1.141071e-04 6.717481e-02
460 5.131315e-06 3.912199e-03
461 3.574312e-05 3.712299e-02
462 6.069607e-04 2.800582e-01
463 1.705105e-04 7.028907e-02
464 4.143618e-05 8.629267e-03
465 1.785741e-07 1.839272e-03
466 7.550451e-08 2.729607e-03
467 3.685016e-03 4.283574e-01
468 2.350488e-09 5.934122e-03
469 4.108920e-04 1.012816e-01
470 4.373840e-05 1.851257e-02
471 4.415627e-05 3.629416e-02
472 1.278566e-05 6.624946e-03
473 2.754690e-05 1.505538e-02
474 5.921068e-06 4.599593e-03
475 7.828482e-05 3.616491e-02
476 1.522594e-08 2.275879e-03
477 3.168740e-04 7.466699e-02
478 6.196425e-09 3.581498e-03
479 1.571497e-08 1.840174e-03
480 1.782697e-05 1.358164e-02
481 5.123084e-07 8.177337e-03
482 5.490357e-04 2.567263e-01
483 1.933163e-08 1.191830e-03
484 8.952491e-08 1.948688e-03
485 1.732075e-04 9.561567e-02
486 7.585574e-07 5.265656e-03
487 5.627001e-05 8.787142e-02
488 1.330651e-06 6.534344e-03
489 1.795451e-05 1.219829e-02
490 7.339001e-06 4.743115e-02
491 2.877930e-06 1.081267e-02
492 7.816807e-05 1.050462e-02
493 9.939453e-08 2.364155e-03
494 8.532695e-04 1.159724e-01
495 4.243625e-04 1.571470e-01
496 9.114474e-05 1.922009e-01
497 1.559051e-04 1.411027e-01
498 1.000615e-05 4.162423e-02
499 3.739524e-05 1.049668e-02
500 5.632957e-08 9.722335e-03
501 4.704555e-03 6.501326e-01
502 2.917314e-06 1.956944e-02
503 1.518451e-04 6.873139e-02
504 3.284807e-03 9.211620e-01
505 1.759690e-06 6.399647e-03
506 9.769960e-07 1.310465e-02
507 1.086179e-06 9.630360e-03
508 1.958384e-05 1.428949e-02
509 3.052166e-04 3.376808e-01
510 5.031675e-07 9.895158e-03
511 1.390916e-06 4.929695e-03
512 6.551231e-08 2.038114e-03
513 3.451237e-05 3.412182e-02
514 1.867327e-07 1.968613e-02
515 3.115136e-06 5.763391e-02
516 2.220112e-04 6.872343e-02
517 5.003533e-06 7.628378e-03
518 1.385212e-07 4.537372e-03
519 1.981016e-06 1.079882e-02
520 1.799685e-08 1.504451e-03
521 1.470830e-05 2.916399e-02
522 1.831452e-06 3.335858e-03
523 1.130193e-05 8.262196e-03
524 1.201104e-04 7.339410e-02
525 1.638011e-04 9.128008e-02
526 7.781854e-06 1.715653e-02
527 5.502767e-04 1.669991e-01
528 5.782177e-04 1.231264e-01
529 2.635574e-03 1.918647e-01
530 3.574898e-04 4.633972e-02
531 3.640938e-10 1.574183e-03
532 8.953876e-07 9.677086e-03
533 1.420849e-06 2.796374e-03
534 1.406300e-05 8.901999e-02
535 7.018948e-04 2.664482e-01
536 7.797294e-04 7.204973e-02
537 1.359744e-03 2.926840e-01
538 8.909054e-06 9.613200e-02
539 9.943298e-05 5.685804e-02
540 3.172881e-06 2.837788e-02
541 5.690759e-03 7.170457e-01
542 4.066148e-05 1.240971e-02
543 6.321954e-05 6.705325e-03
544 1.566884e-04 7.423316e-02
545 2.235285e-07 9.530887e-03
546 1.362353e-05 1.546084e-02
547 6.378572e-05 5.267062e-02
548 3.861133e-04 2.826606e-02
549 4.293698e-06 2.905307e-02
550 8.990680e-09 5.838400e-03
551 1.418269e-04 1.597459e-02
552 4.433852e-07 2.670958e-03
553 1.327710e-06 7.478056e-03
554 2.981175e-09 3.020573e-03
555 6.539309e-06 7.043057e-02
556 2.160894e-06 7.550191e-03
557 1.751285e-04 8.421102e-02
558 1.614075e-07 8.190965e-03
559 8.839802e-05 4.853973e-02
560 9.565374e-08 3.357771e-03
561 2.989685e-06 3.318585e-02
562 1.207394e-06 1.780199e-03
563 1.006908e-02 1.525787e+00
564 1.687098e-03 7.579373e-01
565 2.814234e-06 3.744610e-03
566 1.067571e-04 2.103450e-02
567 1.311484e-04 5.341060e-02
568 9.067733e-05 9.047104e-02
569 2.950506e-05 1.070163e-02
570 4.601455e-05 4.993484e-02
571 1.170582e-04 6.150375e-02
572 4.742532e-04 7.158698e-02
573 1.495209e-03 9.808266e-02
574 5.966877e-06 5.522808e-03
575 1.284164e-07 4.058048e-03
576 4.710999e-06 9.468429e-03
577 2.016124e-08 2.688329e-03
578 2.896434e-06 4.022159e-03
579 6.280472e-05 2.165980e-02
580 1.351908e-06 5.996082e-03
581 2.405332e-04 8.515447e-02
582 8.965806e-07 1.510445e-02
583 1.818903e-04 4.574603e-01
584 8.628015e-05 7.645764e-02
585 8.385319e-06 4.471408e-02
586 6.245794e-04 1.015032e-01
587 8.181304e-06 1.286317e-02
588 3.173434e-05 5.822803e-02
589 2.384879e-04 3.508111e-02
590 1.374115e-06 1.229604e-02
591 3.118928e-06 2.672723e-02
592 1.876528e-03 5.692288e-01
593 1.569793e-06 9.241868e-03
594 1.204410e-04 8.840238e-02
595 1.257243e-06 5.555704e-03
596 1.034538e-07 1.373932e-03
597 4.842060e-07 2.256829e-03
598 5.433057e-05 4.335886e-02
599 2.651894e-05 1.683952e-02
600 2.856608e-06 5.029412e-03
601 1.314544e-06 4.264258e-03
602 3.310386e-05 2.615048e-02
603 5.997147e-05 3.095227e-02
604 5.431864e-08 2.066547e-03
605 3.749308e-04 1.411694e-01
606 4.815821e-04 7.924610e-02
607 3.805676e-07 5.227827e-03
608 6.264230e-05 2.013691e-02
609 1.986245e-05 1.460388e-02
610 7.231477e-06 1.606092e-02
611 1.352486e-07 2.532559e-03
612 8.451706e-06 3.561207e-02
613 4.893221e-08 5.335945e-03
614 1.595063e-06 5.574100e-03
615 5.962632e-08 5.942905e-03
616 1.624056e-04 3.900600e-02
617 4.482786e-06 1.384144e-02
618 3.684545e-07 8.390962e-03
619 3.970710e-06 6.779225e-03
620 2.834104e-07 3.858291e-03
621 3.433499e-07 3.406331e-03
622 9.261449e-04 2.348643e-01
623 3.115817e-05 1.585322e-02
624 9.882069e-07 4.376148e-03
625 1.656278e-06 1.180006e-02
626 1.447694e-06 6.322916e-03
627 4.907616e-07 3.638034e-03
628 3.883060e-05 2.912668e-02
629 9.509341e-07 2.049638e-03
630 2.704839e-05 1.318243e-02
631 1.570781e-05 1.121514e-02
632 9.767331e-08 1.258541e-03
633 1.797113e-04 2.888553e-01
634 2.970099e-05 2.218280e-02
635 1.680016e-06 8.737236e-03
636 5.477448e-07 2.102796e-02
637 4.411390e-07 1.157500e-02
638 5.991346e-08 2.181256e-03
639 1.129698e-08 1.580924e-03
640 6.173333e-08 2.442550e-03
641 3.921962e-08 1.527793e-03
642 1.022855e-06 5.416127e-03
643 1.799689e-04 8.205445e-02
644 7.321971e-04 1.379655e-01
645 2.480670e-04 5.121557e-02
646 1.104729e-06 1.413049e-02
647 2.492502e-06 5.966861e-03
648 2.176001e-05 3.460876e-02
649 4.345552e-03 5.128548e-01
650 3.522362e-06 4.859095e-03
651 6.425019e-07 8.485162e-03
652 3.460811e-04 5.699327e-02
653 3.949048e-08 4.780182e-03
654 7.545608e-07 4.889450e-03
655 1.432329e-06 9.097724e-03
656 8.852787e-08 2.802302e-03
657 3.873179e-05 3.052107e-02
658 3.341205e-04 1.281747e-01
659 2.205077e-05 1.629549e-02
660 2.553806e-04 1.103789e-01
661 4.053356e-07 5.523480e-03
662 1.440338e-03 2.219878e-01
663 1.100644e-03 7.244544e-01
664 5.496391e-05 4.948012e-02
665 3.361864e-06 9.314064e-03
666 3.617214e-05 1.301267e-02
667 2.762936e-04 2.043519e-02
668 1.830907e-03 2.449475e-01
669 1.042425e-03 1.697775e-01
670 1.354894e-07 9.337464e-03
671 3.669758e-05 2.019247e-02
672 3.016219e-06 2.496049e-02
673 9.576932e-06 1.072871e-02
674 2.726420e-07 2.088378e-03
675 4.797887e-05 1.361182e-01
676 8.384541e-07 5.601266e-03
677 9.936191e-10 1.338907e-03
678 8.730431e-06 6.540917e-03
679 2.970637e-04 1.411001e-01
680 3.869207e-05 4.481094e-02
681 9.500620e-05 6.673043e-02
682 2.748043e-05 1.188305e-02
683 6.542398e-06 3.031487e-02
684 9.779360e-06 1.870076e-02
685 1.168051e-08 2.170569e-03
686 7.055284e-06 1.856802e-02
687 2.463418e-03 4.933598e-01
688 1.245332e-05 2.449037e-02
689 9.627456e-07 1.025266e-02
690 7.618140e-08 2.013447e-03
691 4.984375e-04 1.432939e-01
692 4.931339e-07 2.903154e-03
693 2.586306e-05 2.085649e-02
694 6.497903e-05 7.514782e-02
695 2.918737e-04 2.302255e-01
696 1.678715e-03 5.771468e-01
697 1.697388e-05 8.328550e-03
698 8.151660e-05 1.341137e-01
699 5.948386e-08 1.533837e-03
700 6.803805e-05 4.499962e-02
701 9.162208e-06 1.928135e-02
702 4.295875e-08 1.235632e-03
703 6.271061e-08 4.006916e-03
704 1.649369e-10 1.311527e-03
705 1.380730e-03 1.860775e-01
706 8.986597e-08 1.728673e-03
707 2.833581e-04 6.316197e-02
708 1.907089e-10 4.995838e-03
709 7.633028e-10 2.939348e-03
710 1.712192e-06 6.244780e-03
711 3.731402e-09 1.204762e-03
712 9.051248e-07 4.767605e-03
713 6.300845e-07 6.445254e-03
714 9.972643e-09 2.450975e-03
715 2.467718e-05 1.542178e-02
716 1.124043e-04 2.293701e-02
717 4.881867e-07 5.318991e-03
718 4.996624e-10 2.642258e-03
719 3.841839e-03 4.549169e-01
720 7.547172e-10 1.188296e-03
721 2.112106e-05 7.018011e-03
722 2.029736e-09 2.732655e-03
723 2.634663e-06 1.626543e-02
724 1.112185e-06 3.458434e-03
725 2.589444e-09 1.464529e-03
726 6.980976e-05 4.116344e-02
727 1.781598e-08 4.370562e-03
728 5.460177e-07 7.882432e-03
729 1.099874e-08 7.307134e-03
730 7.063932e-08 2.748814e-03
731 1.917109e-04 8.712608e-02
732 8.234423e-11 1.364469e-03
733 1.051320e-12 9.157499e-04
734 3.510443e-07 2.971262e-03
735 1.749850e-07 3.396686e-03
736 7.996126e-06 1.586300e-02
737 6.849465e-10 1.363491e-03
738 1.496748e-04 8.831325e-02
739 8.092330e-08 3.511091e-03
740 1.535126e-04 3.272905e-02
741 5.017219e-07 8.459726e-03
742 8.448104e-06 2.121458e-02
743 1.681153e-03 5.981500e-01
744 2.333407e-09 2.638405e-03
745 3.853812e-08 2.529237e-03
746 2.090522e-06 1.271645e-02
747 2.857534e-04 3.213618e-02
748 1.254351e-03 1.169858e-01
749 6.081313e-05 1.762410e-01
750 5.390737e-07 6.809491e-03
751 4.390159e-06 1.206315e-02
752 2.018798e-07 1.969352e-03
753 2.427011e-08 2.985693e-03
754 2.442177e-04 9.984947e-02
755 1.250552e-05 2.062441e-02
756 1.370799e-04 3.121478e-02
757 5.515304e-09 1.517397e-03
758 3.936172e-05 1.962650e-02
759 2.435349e-05 1.991240e-02
760 1.317097e-07 2.272126e-03
761 1.877461e-04 2.256229e-02
762 6.582475e-05 1.647403e-02
763 1.620440e-08 1.965670e-03
764 8.691845e-07 9.867567e-03
765 8.350955e-09 1.044144e-02
766 7.686630e-07 5.479366e-03
767 5.236256e-07 5.897722e-03
768 1.402851e-04 2.291765e-02
769 3.573562e-06 7.374098e-03
770 8.612471e-05 5.941594e-02
771 1.478049e-05 4.096868e-03
772 2.118247e-10 1.550048e-03
773 4.458607e-08 1.603837e-02
774 6.687098e-08 1.954677e-03
775 9.912010e-05 7.668943e-02
776 3.964089e-04 7.265698e-02
777 6.014468e-05 3.151908e-02
778 9.071444e-06 2.217164e-02
779 1.369363e-03 1.513381e-01
780 5.955998e-05 1.391877e-02
781 2.166181e-04 5.675402e-02
782 5.895309e-06 4.305826e-03
783 8.589144e-06 9.322103e-03
784 5.726885e-06 6.281368e-03
785 1.183641e-04 3.439161e-02
786 4.040594e-05 2.312117e-02
787 2.554487e-04 2.621008e-02
788 2.142171e-05 2.245509e-02
789 1.237798e-08 1.348549e-03
790 2.479011e-04 1.482451e-01
791 4.240938e-05 1.511919e-02
792 2.486239e-06 4.846639e-03
793 8.615505e-06 9.479629e-03
794 1.544004e-06 5.022402e-03
795 4.225510e-04 5.510608e-01
796 2.353378e-08 3.133417e-03
797 8.026623e-04 2.521754e-01
798 7.128173e-04 3.692262e-01
799 1.323411e-05 4.781562e-03
800 4.029841e-04 5.009722e-02
801 4.504418e-07 4.147450e-03
802 4.277473e-05 4.187483e-02
803 6.109118e-04 1.085251e-01
804 3.657501e-06 1.595883e-02
805 1.031925e-07 4.025434e-03
806 4.375385e-04 1.892154e-01
807 2.185676e-05 5.520418e-02
808 2.991721e-06 3.806519e-03
809 1.971090e-03 2.805680e-01
810 6.768996e-05 1.245441e-02
811 1.165420e-05 2.697980e-02
812 9.476593e-07 6.893431e-03
813 1.272469e-06 5.840355e-03
814 8.901970e-06 1.028465e-02
815 6.270878e-06 2.576142e-02
816 4.537603e-04 1.337066e-01
817 3.775465e-03 6.342794e-01
818 1.743532e-07 3.587045e-03
819 4.412261e-05 9.932794e-02
820 5.875713e-05 5.074585e-02
821 1.186177e-05 2.728410e-02
822 3.120254e-08 3.562495e-03
823 2.188419e-06 9.526909e-03
824 1.931917e-06 2.604083e-02
825 9.104163e-06 2.642806e-02
826 1.548083e-05 8.599068e-03
827 4.112535e-06 5.433913e-03
828 1.076811e-04 3.546030e-02
829 4.789605e-06 1.425646e-02
830 2.837199e-03 3.028639e-01
831 1.514000e-04 1.299791e-02
832 1.953935e-05 8.062570e-03
833 8.076849e-06 2.173339e-02
834 2.731302e-06 2.150730e-02
835 1.420770e-07 2.267822e-03
836 8.165126e-09 1.026850e-03
837 5.567160e-07 1.485279e-02
838 5.497949e-05 7.429037e-03
839 2.135764e-06 1.516215e-02
840 2.619689e-05 3.659656e-02
841 4.782996e-05 3.121761e-02
842 9.206979e-04 3.553455e-01
843 2.286161e-05 2.674676e-02
844 1.268787e-05 3.579470e-02
845 2.721731e-06 3.270884e-02
846 1.022244e-03 6.474908e-02
847 8.016939e-05 1.930606e-02
848 4.666755e-04 1.062645e-01
849 6.234552e-07 5.755715e-03
850 3.430131e-03 9.472145e-01
851 1.269777e-04 1.627408e-02
852 3.649240e-05 1.890465e-01
853 5.571797e-04 2.540458e-01
854 8.495595e-05 8.070033e-02
855 6.612044e-05 1.573759e-01
856 1.421099e-04 4.591233e-02
857 7.724591e-04 2.456024e-01
858 3.722265e-06 2.040548e-02
859 1.305862e-08 3.865536e-03
860 5.856593e-05 4.063066e-02
861 1.251723e-08 1.640835e-03
862 2.664553e-05 2.085233e-02
863 2.556221e-04 8.079612e-02
864 1.577355e-06 7.738765e-03
865 4.545216e-04 9.530755e-02
866 3.361021e-04 1.478344e-01
867 2.115517e-03 6.282748e-01
868 8.107972e-06 6.676445e-03
869 1.760778e-06 3.248023e-02
870 6.067776e-05 4.479037e-02
871 7.246840e-06 2.720214e-02
872 1.176705e-03 2.715631e-01
873 3.563748e-05 7.119186e-02
874 1.493068e-04 2.095359e-01
875 2.418170e-06 6.209666e-03
876 8.812261e-11 1.062642e-03
877 1.291641e-07 9.361176e-03
878 2.443110e-03 3.619272e-01
879 2.239390e-04 8.815163e-02
880 5.830482e-06 1.052791e-02
881 7.131919e-09 2.291499e-03
882 7.415617e-05 6.556560e-02
883 4.527147e-04 4.948246e-01
884 2.853774e-04 8.442033e-02
885 1.851988e-04 7.148829e-02
886 8.040563e-07 7.863871e-03
887 2.168679e-06 1.337095e-02
888 2.940338e-06 1.259946e-02
889 3.023831e-07 2.296193e-02
890 3.164496e-06 2.339335e-02
891 2.128371e-03 3.002130e-01
892 1.667380e-08 2.858233e-03
893 3.713546e-04 5.180762e-02
894 6.964138e-06 6.718598e-03
895 6.639796e-05 7.739953e-02
896 3.759038e-06 5.463742e-02
897 7.623445e-05 7.215632e-02
898 9.573811e-06 8.979552e-03
899 1.772844e-06 1.413624e-02
900 1.568067e-06 1.621927e-02
901 1.195535e-04 8.214706e-02
902 1.585955e-07 2.123597e-03
903 3.217079e-05 3.412504e-02
904 7.745793e-08 2.108075e-02
905 9.456033e-09 6.662634e-03
906 8.628317e-07 8.206241e-03
907 3.440289e-08 2.064601e-03
908 1.001996e-08 8.979579e-03
909 3.830592e-05 2.678855e-02
910 2.055239e-05 2.724207e-02
911 5.357787e-07 2.115732e-02
912 1.271586e-06 1.043397e-02
913 1.375343e-07 3.409135e-03
914 4.583767e-07 7.530726e-03
915 2.122018e-03 1.115614e-01
916 2.201238e-09 2.827275e-03
917 1.483716e-08 2.393480e-03
918 7.604373e-09 2.639211e-03
919 1.752410e-04 1.678241e-01
920 1.789504e-08 6.485961e-03
921 9.459128e-07 3.910562e-03
922 1.675039e-06 1.633079e-02
923 4.168425e-08 5.134013e-03
924 1.029961e-03 2.825580e-01
925 4.186194e-05 6.334204e-02
926 4.409316e-05 4.001024e-02
927 3.395576e-05 1.207824e-01
928 1.270837e-06 4.355455e-02
929 2.798944e-04 1.353394e-01
930 1.411567e-04 4.134708e-02
931 3.141268e-05 1.400869e-02
932 7.362211e-05 4.529918e-02
933 4.813255e-09 2.972678e-03
934 1.049227e-05 9.120646e-03
935 3.540859e-07 3.579881e-03
936 3.769309e-06 2.759711e-02
937 2.790987e-09 5.815713e-03
938 1.087580e-08 2.375590e-03
939 2.051175e-06 1.009044e-02
940 2.180980e-04 1.021802e-01
941 1.943352e-08 3.331191e-03
942 6.009687e-05 1.346468e-01
943 1.554372e-05 2.368115e-02
944 1.832371e-10 1.972731e-03
945 4.501036e-05 2.667551e-02
946 1.290776e-08 2.223713e-03
947 9.486986e-06 1.952119e-02
948 2.425458e-08 1.520409e-03
949 5.856615e-06 1.754925e-02
950 1.862913e-04 8.910773e-02
951 1.152593e-07 3.013891e-02
952 2.557127e-05 4.059996e-02
953 1.244150e-09 2.418473e-03
954 1.205362e-05 3.579917e-02
955 1.831684e-06 4.433834e-03
956 1.696548e-05 1.848672e-02
957 1.901644e-04 3.344950e-02
958 6.240409e-05 3.291565e-02
959 7.922093e-05 2.271584e-02
960 3.884817e-09 2.434632e-03
961 1.403119e-08 9.516966e-03
962 2.488774e-07 1.076763e-02
963 2.227685e-07 3.535443e-03
964 7.245344e-07 1.960414e-03
965 6.287183e-04 9.638391e-02
966 6.121219e-05 1.373314e-02
967 2.498943e-06 8.084226e-03
968 5.682458e-04 5.256642e-02
969 3.744640e-04 1.032454e-01
970 9.510885e-05 2.014635e-02
971 1.148721e-05 7.686211e-03
972 1.132725e-04 4.160098e-02
973 8.845138e-06 8.511051e-03
974 2.408007e-06 7.899569e-03
975 6.730911e-05 8.790979e-02
976 6.874194e-04 2.810748e-01
977 1.009782e-04 1.536101e-02
978 1.216612e-05 2.413331e-02
979 4.529728e-07 2.935356e-03
980 6.183501e-06 2.093948e-02
981 3.372355e-05 2.123689e-02
982 2.567995e-07 1.401857e-03
983 4.566904e-07 3.827264e-03
984 7.207678e-06 2.007154e-02
985 1.957163e-05 6.073990e-02
986 7.556920e-04 3.429379e-01
987 3.206980e-07 6.199825e-03
988 3.006094e-08 2.066995e-03
989 4.810028e-04 5.996201e-02
990 5.610724e-08 2.262412e-03
991 2.410116e-03 5.867886e-01
992 1.203163e-06 6.786705e-03
993 1.889850e-06 9.425854e-03
994 2.712152e-11 1.343351e-03
995 3.778252e-07 1.511935e-02
996 1.693594e-03 6.000270e-01
997 3.069423e-06 7.946008e-03
998 9.730891e-07 3.809282e-03
999 1.610196e-05 2.439378e-02
1000 4.513211e-11 1.344523e-03
1001 5.712700e-06 9.077233e-03
1002 7.662068e-05 9.605014e-02
1003 1.160981e-04 2.436499e-02
1004 1.930510e-05 3.612085e-02
1005 6.736363e-07 2.225982e-03
1006 4.916030e-04 1.467778e-01
1007 7.063237e-08 3.013325e-03
1008 1.197093e-04 2.687467e-02
1009 2.998635e-07 2.016699e-03
1010 9.313460e-06 2.055024e-02
1011 3.284387e-07 1.730028e-02
1012 6.874439e-05 2.512397e-01
1013 1.146988e-06 1.230772e-02
1014 8.533287e-07 8.421077e-03
1015 1.077180e-05 3.328333e-02
1016 5.131820e-05 1.605494e-02
1017 2.755938e-03 4.005280e-01
1018 1.118495e-04 9.961437e-02
1019 3.305016e-09 1.929837e-03
1020 1.112871e-07 1.103670e-02
1021 3.877864e-06 1.410266e-02
1022 2.959411e-09 1.414872e-03
1023 5.591258e-06 1.776601e-02
1024 8.790692e-05 1.297480e-02
1025 3.101402e-09 1.527334e-03
1026 1.290558e-10 1.937806e-03
1027 1.299178e-05 1.067981e-02
1028 8.820511e-05 9.817001e-02
1029 9.997894e-07 6.073842e-03
1030 4.846346e-08 3.059347e-03
1031 3.896399e-05 1.089005e-02
1032 1.380133e-03 3.267088e-01
1033 3.450419e-08 1.553876e-03
1034 3.440820e-05 2.989156e-02
1035 1.887794e-05 1.497397e-02
1036 3.265547e-04 1.523825e-01
1037 9.521603e-09 3.022272e-03
1038 7.726694e-07 3.093194e-03
1039 1.232563e-05 9.473664e-03
1040 8.115173e-08 3.098374e-03
1041 1.875881e-03 2.865597e-01
1042 9.788739e-07 7.725041e-03
1043 4.232417e-09 1.239340e-03
1044 8.689884e-07 3.559747e-03
1045 1.142697e-08 2.385286e-03
1046 1.309148e-11 1.277349e-03
1047 4.781001e-09 1.279625e-03
1048 5.815589e-07 4.705737e-03
1049 2.600458e-08 1.165286e-03
1050 2.835998e-03 7.793436e-01
1051 2.053325e-04 4.987616e-02
1052 1.162011e-06 2.894007e-03
1053 2.862548e-06 9.183458e-03
1054 6.888636e-09 1.868413e-03
1055 1.250276e-09 1.156808e-03
1056 2.104874e-06 8.851824e-03
1057 3.947732e-06 1.298452e-02
1058 1.149335e-07 1.568093e-03
1059 2.846420e-04 6.721833e-02
1060 2.705131e-08 1.476567e-03
1061 6.751571e-06 3.037066e-03
1062 9.935231e-10 1.140521e-03
1063 9.565273e-06 2.544194e-02
1064 9.125601e-05 5.650876e-02
1065 1.422329e-09 1.808174e-03
1066 5.076820e-09 1.188192e-03
1067 9.684688e-06 1.373136e-02
1068 1.351298e-07 1.813585e-03
1069 4.237421e-07 2.951123e-03
1070 1.089692e-08 1.193051e-03
1071 1.490085e-06 1.981084e-03
1072 7.595489e-08 2.552911e-03
1073 2.808588e-08 1.344341e-03
1074 7.390259e-09 1.906473e-03
1075 7.784807e-07 3.757280e-03
1076 6.203427e-07 4.130352e-03
1077 4.134398e-06 5.408061e-03
1078 1.478707e-05 1.377223e-02
1079 3.233826e-07 4.512157e-03
1080 8.258128e-05 5.898798e-02
1081 9.460994e-06 5.069984e-02
1082 7.374704e-07 3.684195e-03
1083 3.433215e-06 4.936226e-03
1084 3.150499e-09 1.205099e-03
1085 1.234846e-07 1.817636e-03
1086 2.967808e-07 3.008133e-03
1087 1.410030e-07 1.393868e-03
1088 1.839293e-05 7.928026e-03
1089 5.338340e-08 1.362201e-03
1090 8.397464e-10 1.204058e-03
1091 1.688437e-08 1.662781e-03
1092 1.241773e-06 2.297161e-03
1093 5.772160e-06 2.370730e-02
1094 2.326136e-05 1.508242e-02
1095 3.922064e-07 2.989252e-03
1096 4.025968e-05 3.466663e-02
1097 1.545243e-05 5.230405e-02
1098 1.050394e-06 8.064946e-03
1099 7.648475e-09 3.597656e-03
1100 7.514857e-10 1.118705e-03
1101 2.764315e-06 2.444191e-02
1102 9.732361e-07 1.197444e-02
1103 8.498368e-07 3.888482e-03
1104 3.221852e-05 3.003544e-02
1105 3.754434e-08 2.109944e-03
1106 1.723912e-03 4.161689e-01
1107 2.391134e-07 2.623392e-03
1108 5.566984e-07 8.215550e-03
1109 5.369139e-10 1.817761e-03
1110 5.071943e-07 1.044077e-02
1111 3.451880e-08 2.193407e-03
1112 2.049483e-10 1.790191e-03
1113 3.398160e-06 1.462613e-02
1114 1.168279e-04 2.108191e-02
1115 7.202860e-04 2.043760e-01
1116 5.666676e-10 1.968514e-03
1117 1.100634e-03 2.404334e-01
1118 4.915014e-07 5.077896e-03
1119 8.260762e-06 2.984750e-02
1120 7.629979e-05 7.279117e-02
1121 4.345465e-05 1.003067e-02
1122 1.273932e-05 2.054818e-02
1123 1.864132e-06 3.799093e-03
1124 4.146636e-06 1.451518e-02
1125 3.161190e-06 4.616606e-03
1126 1.205461e-07 6.920391e-03
1127 4.313773e-07 4.368271e-03
1128 1.863829e-04 4.713147e-02
1129 1.144755e-06 8.501694e-03
1130 4.701897e-07 1.232531e-02
1131 1.342977e-04 7.810416e-02
1132 9.896929e-06 1.284336e-02
1133 9.272979e-08 2.193909e-03
1134 1.407428e-04 8.515334e-02
1135 2.078880e-05 1.648625e-02
1136 6.822516e-04 1.246805e-01
1137 2.919173e-06 2.234428e-02
1138 1.693396e-09 1.865719e-03
1139 5.679862e-06 7.106036e-03
1140 3.832989e-10 2.155820e-03
1141 8.481213e-06 5.719674e-03
1142 2.145619e-04 7.687163e-02
1143 6.714140e-07 7.791212e-02
1144 4.186497e-09 6.472118e-03
1145 3.610950e-06 2.446124e-02
1146 2.322869e-03 5.524315e-01
1147 8.051516e-05 6.754261e-02
1148 9.125644e-08 2.423416e-03
1149 3.933119e-04 1.448539e-01
1150 1.423070e-09 2.359912e-03
1151 1.250157e-03 1.776903e-01
1152 5.701895e-04 1.142648e-01
1153 9.226790e-06 6.426922e-03
1154 3.994660e-09 1.933640e-03
1155 4.525787e-04 3.434205e-01
1156 3.800397e-07 2.767942e-03
1157 1.529598e-04 5.263843e-02
1158 3.805181e-06 5.816413e-03
1159 7.282311e-09 1.511743e-03
1160 1.206985e-06 2.988201e-03
1161 6.037886e-06 2.039496e-02
1162 3.455768e-05 2.310215e-01
1163 1.147720e-04 1.626806e-02
1164 3.331477e-05 5.717954e-02
1165 3.190492e-03 6.416597e-01
1166 8.789179e-04 1.049228e-01
1167 1.218590e-04 1.128419e-01
1168 3.710844e-05 4.368968e-02
1169 7.831363e-08 8.013049e-03
1170 7.468013e-07 6.131426e-03
1171 1.298003e-06 1.007981e-02
1172 3.232214e-05 8.479360e-02
1173 8.626416e-10 1.101221e-03
1174 3.547198e-03 3.313222e-01
1175 9.579427e-06 2.571323e-02
1176 7.189158e-10 1.778820e-03
1177 1.090901e-04 1.217197e-01
1178 1.057115e-03 3.192065e-01
1179 1.529712e-04 3.829136e-02
1180 9.915188e-06 8.693723e-03
1181 5.475700e-07 1.977590e-03
1182 1.933990e-05 9.180133e-03
1183 4.831221e-05 1.572882e-01
1184 1.675740e-04 5.253289e-02
1185 1.493793e-07 1.084279e-02
1186 6.272313e-04 1.375171e-01
1187 1.683901e-03 1.305669e-01
1188 2.210305e-06 2.191951e-03
1189 2.310805e-08 2.575358e-03
1190 2.730168e-10 1.991187e-03
1191 1.166218e-06 2.932694e-03
1192 8.275088e-05 1.225625e-01
1193 8.227688e-09 3.228770e-03
1194 2.675919e-05 2.703629e-02
1195 1.006257e-03 2.390594e-01
1196 1.642345e-07 5.332300e-03
1197 3.645926e-07 3.528304e-03
1198 2.690658e-06 2.474153e-03
1199 9.378404e-04 2.165604e-01
1200 3.461277e-03 2.507641e-01
1201 1.515818e-09 1.124745e-03
1202 3.637549e-05 2.342829e-02
1203 4.080312e-05 3.947387e-02
1204 2.437112e-06 7.001478e-03
1205 1.203185e-09 1.941533e-03
1206 3.009599e-03 1.474190e-01
1207 4.509413e-06 5.528704e-03
1208 4.884434e-06 6.169007e-03
1209 4.354914e-04 1.076250e-01
1210 1.409182e-04 5.672724e-02
1211 1.391062e-03 7.006049e-02
1212 7.672073e-08 3.744011e-03
1213 1.369873e-07 4.989008e-03
1214 5.421987e-05 1.490567e-02
1215 2.485376e-08 2.615182e-03
1216 4.211345e-08 2.221226e-03
1217 1.281403e-05 2.797906e-02
1218 7.253255e-06 5.566590e-03
1219 2.837821e-05 1.422596e-02
1220 4.664936e-05 2.427407e-02
1221 6.240175e-05 3.208595e-02
1222 1.873564e-06 2.347655e-02
1223 6.434783e-05 4.105430e-02
1224 7.721086e-06 9.430262e-03
1225 3.399033e-07 2.928221e-03
1226 5.356254e-08 1.834124e-03
1227 2.003894e-05 7.216825e-03
1228 4.877160e-05 2.262669e-02
1229 2.290425e-04 4.497984e-02
1230 1.827832e-07 7.498594e-03
1231 4.199063e-05 3.915756e-02
1232 1.988259e-09 5.677283e-03
1233 4.572211e-06 2.415624e-02
1234 5.983719e-08 7.616143e-03
1235 1.068615e-05 5.279031e-02
1236 2.577256e-07 4.706970e-03
1237 6.610919e-04 1.878043e-01
1238 3.857128e-06 1.406613e-02
1239 1.674132e-06 6.898311e-03
1240 2.883984e-06 4.143095e-03
1241 1.231520e-05 8.298424e-03
1242 1.414839e-03 3.229798e-01
1243 5.295571e-04 1.109428e-01
1244 1.371671e-07 3.598390e-03
1245 5.612384e-07 6.846852e-03
1246 6.323712e-09 2.013755e-03
1247 3.956838e-04 3.072822e-02
1248 9.681757e-05 5.830085e-02
1249 1.118225e-07 9.778451e-03
1250 5.240204e-08 6.204611e-03
1251 4.913261e-07 1.428216e-02
1252 1.659076e-05 6.298348e-03
1253 1.496403e-03 2.909447e-01
1254 2.432722e-07 5.359237e-03
1255 3.500768e-06 2.167186e-02
1256 1.218899e-05 6.621416e-03
1257 5.843705e-05 9.206548e-02
1258 1.701050e-07 4.841796e-03
1259 1.601534e-04 7.850283e-02
1260 1.494870e-04 2.719897e-01
1261 1.796989e-07 5.591325e-03
1262 6.103431e-06 2.164249e-02
1263 2.671889e-05 5.080464e-02
1264 9.859139e-08 3.171141e-02
1265 4.354042e-06 1.082229e-02
1266 2.239247e-06 3.487758e-02
1267 6.741424e-06 1.767876e-02
1268 2.307829e-06 9.152018e-03
1269 9.195184e-05 2.150911e-02
1270 3.136241e-03 9.431329e-01
1271 2.579566e-03 3.722351e-01
1272 1.232835e-08 1.268003e-03
1273 3.219245e-04 6.022650e-02
1274 1.906503e-05 1.976579e-02
1275 1.022289e-04 5.413960e-02
1276 4.607368e-03 3.766332e-01
1277 6.629108e-04 2.045962e-01
1278 3.027995e-03 3.625017e-01
1279 2.870397e-06 2.609271e-03
1280 4.797371e-04 1.660480e-01
1281 1.009981e-05 7.085242e-03
1282 2.068744e-04 5.696670e-02
1283 2.566333e-06 2.086741e-02
1284 1.096836e-06 4.720318e-03
1285 3.002074e-04 1.297911e-01
1286 2.487216e-09 3.201389e-03
1287 2.993336e-05 3.543677e-02
1288 1.136443e-04 4.162794e-02
1289 2.464401e-05 1.468478e-02
1290 1.176603e-05 2.962091e-02
1291 4.648126e-05 2.078580e-02
1292 9.027941e-04 3.776325e-01
1293 8.648689e-08 3.334734e-03
1294 5.211873e-07 5.790643e-03
1295 8.395320e-07 3.364032e-03
1296 1.075819e-06 1.302327e-02
1297 2.792458e-05 5.782660e-02
1298 1.140413e-05 1.420774e-02
1299 1.617200e-04 1.236026e-02
1300 5.624005e-08 2.822799e-03
1301 3.348455e-07 3.117511e-03
1302 7.219167e-04 8.457223e-02
1303 5.302963e-06 8.617931e-03
1304 3.470516e-06 8.473357e-03
1305 2.203821e-04 5.679224e-02
1306 2.706099e-04 3.398880e-02
1307 4.954039e-06 6.834872e-03
1308 5.815818e-08 2.543333e-03
1309 2.631315e-04 5.903687e-02
1310 8.526292e-10 1.448157e-03
1311 1.141635e-03 5.465059e-01
1312 2.445382e-03 1.674973e-01
1313 1.516991e-08 1.734086e-03
1314 1.014375e-06 8.549930e-03
1315 2.860855e-07 3.215758e-03
1316 8.171248e-08 2.194836e-03
1317 1.566703e-10 1.374756e-03
1318 1.711818e-04 6.104980e-02
1319 2.995596e-03 4.352078e-01
1320 4.664920e-07 3.975430e-03
1321 1.143041e-05 1.366469e-02
1322 1.784581e-09 1.135308e-03
1323 7.162289e-08 2.229613e-03
1324 6.473837e-04 1.523557e-01
1325 6.476812e-07 9.765244e-03
1326 1.907557e-05 9.209725e-03
1327 4.979783e-05 2.622350e-02
1328 2.198637e-07 2.679579e-03
1329 1.187957e-05 2.385598e-02
1330 5.279190e-07 8.228587e-03
1331 4.734632e-08 2.120432e-03
1332 1.280948e-07 1.450151e-03
1333 3.281081e-05 2.171477e-02
1334 1.069961e-05 1.341336e-02
1335 1.331298e-07 1.170803e-02
1336 1.294447e-05 7.336726e-03
1337 2.667097e-04 9.457598e-02
1338 9.819695e-07 7.310378e-03
1339 9.379051e-04 1.889530e-01
1340 1.494721e-05 1.436888e-02
1341 9.869847e-04 3.319556e-01
1342 2.304455e-08 2.468905e-03
1343 1.377898e-07 2.168179e-03
1344 1.261489e-06 3.433854e-03
1345 2.891277e-06 1.507956e-02
1346 2.996369e-06 2.848650e-02
1347 3.187211e-08 1.354352e-03
1348 5.610829e-04 5.582568e-02
1349 6.384330e-04 1.316760e-01
1350 1.258071e-05 1.226078e-02
1351 2.471754e-05 2.806386e-02
1352 4.658158e-05 1.281697e-02
1353 1.129317e-05 1.095641e-02
1354 2.374436e-07 4.950840e-03
1355 2.215248e-06 9.306868e-03
1356 8.925980e-06 2.695436e-02
1357 3.579782e-08 6.053016e-03
1358 3.597482e-06 6.845829e-03
1359 2.319280e-08 2.050654e-03
1360 2.198092e-07 4.129852e-03
1361 6.922806e-05 1.660924e-02
1362 4.969638e-04 1.241053e-01
1363 1.470970e-06 6.065098e-03
1364 1.489919e-04 4.323756e-02
1365 3.464504e-07 4.515235e-03
1366 1.631250e-06 4.531222e-03
1367 1.901128e-08 1.743649e-03
1368 7.599679e-05 5.870359e-02
1369 3.309554e-10 2.457523e-03
1370 3.423299e-08 1.644300e-03
1371 2.746953e-04 4.847497e-02
1372 7.020614e-08 4.190775e-03
1373 3.198188e-06 7.592368e-03
1374 4.647312e-07 3.379545e-03
1375 3.900683e-05 1.151738e-02
1376 1.019512e-03 5.811748e-01
1377 1.643316e-06 9.661413e-03
1378 1.318419e-08 1.431457e-03
1379 1.462488e-05 4.999554e-03
1380 1.969382e-03 4.001274e-01
1381 7.913074e-07 3.328012e-03
1382 4.493663e-08 1.280645e-03
1383 1.155322e-05 2.129970e-02
1384 2.501963e-07 4.619057e-03
1385 2.356434e-07 4.478265e-03
1386 1.409255e-06 5.763711e-03
1387 1.579484e-04 2.654001e-02
1388 1.316425e-05 7.492282e-03
1389 4.884680e-07 3.250937e-03
1390 2.293321e-07 3.090183e-03
1391 1.927376e-06 9.076809e-03
1392 5.138237e-08 1.998725e-03
1393 1.023578e-08 7.647740e-03
1394 5.405351e-07 6.400763e-03
1395 3.276830e-05 4.502507e-02
1396 1.069797e-04 4.112597e-02
1397 1.198621e-06 3.188254e-03
1398 1.333887e-04 2.139181e-02
1399 3.181159e-04 3.410110e-02
1400 1.396149e-07 4.671789e-03
1401 2.375912e-04 9.031207e-02
1402 8.887175e-07 4.572625e-03
1403 2.514035e-06 5.460685e-03
1404 1.892586e-08 2.382155e-03
1405 8.367019e-07 4.144605e-03
1406 3.465236e-05 1.777198e-02
1407 7.919506e-08 2.744776e-03
1408 2.291857e-03 5.230099e-01
1409 7.119821e-06 4.968937e-02
1410 1.141839e-06 1.104712e-02
1411 1.642804e-05 1.267259e-02
1412 1.087153e-08 4.384272e-03
1413 8.192498e-12 1.143512e-03
1414 1.041731e-08 2.434221e-03
1415 4.221510e-07 5.971511e-03
1416 2.052613e-08 2.991019e-03
1417 6.922304e-06 4.499314e-03
1418 8.042591e-07 5.008371e-03
1419 2.458167e-07 4.494846e-03
1420 2.273894e-05 2.399526e-02
1421 4.596006e-06 1.292962e-02
1422 3.423681e-05 2.912607e-02
1423 1.310667e-06 3.898711e-03
1424 7.406969e-06 6.954665e-03
1425 1.111692e-05 7.479346e-03
1426 2.407808e-05 8.444595e-03
1427 9.251488e-06 5.715024e-03
1428 1.240834e-05 7.414577e-03
1429 6.006875e-05 1.768124e-02
1430 9.576720e-04 1.663365e-01
1431 1.817276e-05 3.191481e-02
1432 1.028831e-05 1.767287e-02
1433 4.979837e-07 7.822545e-03
1434 9.292622e-07 3.624838e-03
1435 7.177887e-07 3.303752e-03
1436 1.253840e-05 8.856783e-03
1437 2.440773e-06 2.577420e-03
1438 2.036864e-05 1.076607e-02
1439 2.026206e-03 3.105226e-01
1440 1.772335e-07 2.802044e-03
1441 3.308119e-09 1.740229e-03
1442 8.661908e-07 7.272002e-03
1443 1.310972e-05 5.478153e-03
1444 2.297843e-05 7.204421e-03
1445 2.515463e-06 1.011850e-02
1446 5.988261e-05 1.365041e-02
1447 3.731529e-03 8.822774e-01
1448 3.461992e-06 3.690336e-03
1449 6.715865e-07 3.082117e-03
1450 4.824166e-06 1.345067e-02
1451 2.103224e-04 4.790266e-02
1452 4.114344e-04 1.345106e-01
1453 7.473600e-09 2.967629e-03
1454 9.187326e-08 3.936356e-03
1455 5.752226e-05 1.201819e-02
1456 9.383168e-07 1.848258e-03
1457 1.265797e-06 2.471666e-03
1458 1.716741e-06 2.779394e-03
1459 2.938644e-05 8.115252e-03
1460 1.723823e-05 1.749966e-02
1461 1.560004e-06 2.408100e-03
1462 6.331863e-07 2.149897e-03
1463 1.559029e-07 1.501834e-03
1464 8.733213e-08 2.049392e-03
1465 3.603948e-08 1.407789e-03
1466 1.174600e-05 2.260978e-02
1467 5.443568e-04 9.916754e-02
1468 1.580563e-05 8.306725e-03
1469 1.218361e-05 1.714841e-02
1470 8.327428e-09 3.689882e-03
1471 2.316384e-05 1.276121e-02
1472 8.389484e-08 6.286888e-03
1473 2.519912e-07 4.024410e-03
1474 5.271217e-07 1.693905e-02
1475 3.755390e-09 1.748974e-03
1476 7.590663e-06 2.040293e-02
1477 8.365521e-11 1.745331e-03
1478 6.689100e-06 1.635665e-02
1479 3.208931e-06 1.120802e-02
1480 1.223513e-05 4.587018e-02
1481 5.185460e-05 3.312429e-02
1482 2.133614e-05 1.548649e-02
1483 4.385964e-05 1.291971e-02
1484 1.060006e-03 2.108511e-01
1485 4.541101e-04 5.002430e-02
1486 3.000893e-04 1.761030e-01
1487 9.018117e-08 2.027673e-03
1488 1.583730e-06 2.716043e-02
1489 3.112922e-06 1.889327e-03
1490 2.957968e-06 3.484400e-03
1491 6.600862e-05 5.447484e-02
1492 1.567836e-07 6.748645e-03
1493 6.725197e-07 1.169453e-02
1494 8.816026e-07 2.961708e-03
1495 1.177065e-04 1.699096e-02
1496 5.548743e-07 4.446312e-03
1497 2.316460e-03 2.987882e-01
1498 1.366652e-06 5.304411e-03
1499 3.540990e-09 2.925073e-03
1500 9.588218e-06 8.169430e-03
1501 4.593809e-07 5.413022e-03
1502 8.833093e-04 1.240908e-01
1503 3.824702e-04 1.497821e-01
1504 1.013254e-04 2.036461e-02
1505 5.806186e-07 5.676558e-03
1506 7.987926e-06 7.198736e-03
1507 3.456431e-04 5.501194e-02
1508 1.207322e-03 2.802699e-01
1509 6.534812e-07 4.547888e-03
1510 2.336201e-06 8.459817e-03
1511 1.395338e-05 1.148482e-02
1512 9.245969e-07 7.549435e-03
1513 1.481945e-05 1.005303e-02
1514 7.817871e-08 6.424313e-03
1515 1.292751e-03 3.774627e-01
1516 2.404394e-05 1.241748e-02
1517 1.394927e-03 2.761949e-01
1518 7.455397e-06 8.370845e-03
1519 6.212744e-06 1.230352e-02
1520 8.664050e-07 1.898329e-03
1521 2.222063e-08 7.189234e-03
1522 1.731586e-04 5.553655e-02
1523 5.433389e-06 9.801970e-03
1524 3.069160e-06 1.824987e-02
1525 1.921555e-05 3.683751e-02
1526 9.324963e-07 1.210823e-02
1527 6.143385e-05 3.331048e-02
1528 9.518188e-06 1.206367e-02
1529 1.138840e-05 7.808092e-03
1530 1.939625e-07 1.485925e-02
1531 3.762205e-05 2.374232e-02
1532 6.793317e-07 5.046885e-03
1533 3.461112e-07 6.681662e-03
1534 2.439616e-05 1.197449e-02
1535 9.979025e-09 1.590077e-03
1536 5.102800e-07 2.725086e-03
1537 6.554824e-07 4.037422e-03
1538 5.487385e-07 4.085648e-03
1539 1.427136e-06 2.539312e-03
1540 5.989229e-05 2.994728e-02
1541 9.041214e-04 3.213727e-01
1542 1.380946e-04 9.060625e-02
1543 6.742355e-04 2.665025e-01
1544 8.047160e-06 9.661283e-03
1545 1.502432e-05 5.328100e-02
1546 6.025887e-06 8.535203e-03
1547 8.823240e-04 2.207152e-01
1548 2.112319e-05 1.907147e-02
1549 3.349549e-06 4.528419e-03
1550 1.354724e-08 4.407090e-03
1551 1.004364e-05 6.149733e-03
1552 1.140235e-04 1.833455e-01
1553 3.786222e-04 4.026803e-01
1554 6.670757e-06 1.002919e-02
1555 2.106227e-03 3.259468e-01
1556 3.511740e-05 1.698604e-02
1557 3.133088e-04 2.022719e-01
1558 3.633801e-03 2.155419e-01
1559 4.635029e-06 1.100288e-02
1560 3.757295e-04 1.138381e-01
1561 9.118147e-05 2.102534e-01
1562 2.202369e-08 6.922919e-03
1563 1.083641e-04 1.626940e-02
1564 1.437430e-03 2.987624e-01
1565 2.983381e-05 1.765974e-02
1566 7.769590e-07 5.336844e-03
1567 3.955555e-03 1.823638e+00
1568 2.756383e-07 1.440656e-02
1569 7.644831e-05 1.658204e-02
1570 1.503095e-03 5.367358e-01
1571 2.441850e-07 2.451430e-03
1572 7.374947e-05 3.731207e-02
1573 1.665232e-03 3.061449e-01
1574 2.629095e-05 1.944394e-02
1575 2.532397e-07 1.798648e-02
1576 4.763386e-04 7.867091e-02
1577 5.461576e-04 2.548921e-01
1578 1.527791e-04 4.663527e-02
1579 2.948236e-07 5.069721e-03
1580 2.807197e-03 5.144209e-01
1581 1.018247e-05 1.743515e-02
1582 5.168973e-06 4.006705e-03
1583 9.749651e-04 8.494119e-02
1584 6.875133e-07 1.470075e-02
1585 3.329871e-04 2.504262e-01
1586 1.044217e-05 1.215223e-02
1587 9.479272e-05 8.722942e-03
1588 2.045917e-05 2.211429e-02
1589 2.015296e-08 2.917585e-03
1590 7.451676e-06 4.312853e-03
1591 2.405650e-06 4.615110e-03
1592 1.219988e-05 6.721383e-03
1593 2.827088e-06 3.556149e-03
1594 2.272688e-05 1.540810e-02
1595 1.623979e-07 4.145749e-03
1596 6.021456e-07 3.063458e-02
1597 2.754948e-06 8.331333e-03
1598 3.787249e-05 1.284854e-02
1599 6.228862e-05 1.226581e-01
1600 2.651822e-06 1.045388e-02
1601 1.664854e-08 3.284226e-03
1602 2.562792e-03 7.084426e-01
1603 2.854662e-06 8.650245e-03
1604 1.728482e-04 1.824091e-02
1605 1.817106e-04 3.029625e-02
1606 1.015259e-03 2.404935e-01
1607 1.826386e-03 1.463971e-01
1608 2.156693e-07 4.881919e-03
1609 5.076125e-04 1.649210e-01
1610 3.325193e-04 3.956026e-01
1611 9.598974e-06 1.592377e-02
1612 3.597097e-05 6.796988e-03
1613 1.093805e-09 1.208037e-03
1614 5.104123e-05 3.341821e-02
1615 4.303174e-04 1.817596e-01
1616 5.640131e-08 2.645312e-03
1617 2.417652e-08 3.409284e-03
1618 4.359573e-07 2.665108e-03
1619 1.341551e-05 8.005272e-02
1620 1.822732e-05 5.548820e-02
1621 7.080806e-06 9.995017e-02
1622 1.300532e-05 1.931644e-02
1623 1.957420e-05 5.508324e-02
1624 2.071770e-03 3.735568e-01
1625 4.359985e-07 4.457013e-03
1626 7.625600e-04 7.432523e-02
1627 6.468850e-06 1.737475e-02
1628 4.261381e-04 1.030644e-01
1629 2.205240e-03 2.761738e-01
1630 1.218092e-03 3.436298e-01
1631 2.682993e-04 9.019730e-02
1632 2.181633e-05 6.866689e-02
1633 2.969363e-09 3.099497e-03
1634 2.028226e-07 6.769528e-03
1635 2.823506e-09 1.156713e-03
1636 4.178282e-09 2.940373e-03
1637 1.085659e-08 1.705152e-03
1638 4.540391e-08 3.091116e-03
1639 2.285917e-09 1.852080e-03
1640 8.451888e-05 4.807658e-02
1641 1.825582e-04 9.573087e-02
1642 1.109473e-03 4.476018e-01
1643 2.631489e-05 2.493274e-02
1644 4.567131e-06 9.766112e-03
1645 4.469122e-05 1.144976e-02
1646 2.933389e-03 9.663096e-01
1647 1.285641e-05 1.476178e-02
1648 8.908929e-07 4.050793e-03
1649 1.108614e-03 4.539027e-01
1650 5.249826e-04 6.778686e-02
1651 7.584496e-08 4.398942e-03
1652 2.737751e-04 9.834699e-02
1653 2.391011e-03 4.656469e-01
1654 4.802867e-06 2.303283e-02
1655 1.887240e-03 2.195808e-01
1656 2.520551e-06 1.774202e-02
1657 1.215634e-05 1.139900e-02
1658 1.269422e-06 5.039594e-03
1659 3.093799e-05 2.057259e-02
1660 3.569654e-04 7.603708e-02
1661 4.863737e-04 6.282085e-02
1662 2.559716e-05 1.252428e-02
1663 5.434849e-04 1.938656e-01
1664 1.528105e-05 1.280024e-02
1665 5.409628e-06 1.112731e-02
1666 4.118253e-05 8.136057e-02
1667 6.705450e-05 4.256763e-02
1668 5.270266e-09 8.893891e-04
1669 5.276242e-06 1.188401e-02
1670 6.281983e-07 3.609108e-03
1671 8.628777e-06 2.286349e-02
1672 2.508237e-04 1.665479e-01
1673 1.627221e-04 3.016712e-02
1674 1.042377e-05 1.039454e-02
1675 6.237170e-06 1.545471e-02
1676 1.901590e-07 2.832308e-03
1677 1.173080e-07 7.109789e-03
1678 1.410612e-07 3.656437e-03
1679 2.424207e-11 1.409525e-03
1680 9.196021e-05 7.429117e-02
1681 2.547046e-05 2.483364e-02
1682 5.931815e-05 2.353641e-02
1683 2.225982e-08 1.748978e-03
1684 1.153327e-07 3.668649e-03
1685 1.740224e-04 3.690518e-02
1686 5.726272e-04 1.152431e-01
1687 1.558793e-05 3.228358e-02
1688 1.158168e-03 1.507198e-01
1689 1.026473e-04 9.213372e-02
1690 4.532728e-08 1.773252e-03
1691 8.945810e-08 1.762608e-03
1692 9.148013e-06 5.823716e-03
1693 5.668943e-04 7.274454e-02
1694 2.854469e-05 4.692469e-02
1695 1.170837e-05 3.303962e-03
1696 6.583986e-04 2.912426e-01
1697 5.152072e-07 8.728284e-03
1698 4.804991e-03 2.500463e-01
1699 1.007578e-03 5.385243e-01
1700 3.503043e-07 4.250435e-03
1701 3.654779e-04 6.150973e-02
1702 1.602627e-05 8.667870e-02
1703 1.819546e-05 5.740217e-02
1704 8.981979e-08 1.626318e-03
1705 5.091487e-08 1.976876e-03
1706 6.883412e-07 2.564392e-03
1707 9.992622e-04 6.345032e-02
1708 1.751126e-08 8.066954e-03
1709 3.124605e-06 1.633077e-02
1710 1.783288e-06 1.155847e-02
1711 6.247267e-04 1.476871e-01
1712 1.545858e-04 7.474594e-02
1713 2.385116e-06 1.133324e-02
1714 2.599341e-04 5.842803e-02
1715 1.743265e-05 7.920250e-03
1716 7.225706e-08 4.412789e-03
1717 3.254003e-06 2.650114e-02
1718 8.690096e-06 1.311916e-02
1719 7.724175e-08 7.628255e-03
1720 4.044655e-07 9.403567e-03
1721 3.431535e-07 3.149310e-02
1722 1.825673e-07 8.435002e-03
1723 1.449068e-03 3.978817e-01
1724 6.156745e-07 3.221140e-03
1725 1.189774e-05 1.657498e-02
1726 5.216379e-04 1.213307e-01
1727 2.460041e-05 3.044282e-02
1728 4.267859e-03 2.604083e-01
1729 3.141460e-06 4.476203e-03
1730 1.009263e-03 1.624888e-01
1731 2.548940e-06 7.197625e-03
1732 4.880090e-08 1.906055e-03
1733 1.036076e-12 1.011506e-03
1734 2.376978e-04 4.518241e-02
1735 7.489123e-05 3.391619e-02
1736 3.342200e-11 1.148584e-03
1737 2.946190e-05 1.662474e-02
1738 1.636354e-06 3.504653e-03
1739 1.205504e-04 2.026892e-02
1740 2.557214e-04 8.097435e-02
1741 1.216315e-09 4.426992e-03
1742 6.191111e-05 1.096605e-01
1743 4.852020e-04 1.211026e-01
1744 2.234668e-05 3.735413e-02
1745 1.348050e-04 2.161409e-02
1746 2.146952e-07 2.712138e-03
1747 6.067788e-07 6.658099e-03
1748 6.058795e-04 5.594945e-01
1749 5.024410e-06 9.598316e-03
1750 2.691292e-06 9.015300e-03
1751 5.522579e-07 6.476686e-03
1752 4.052473e-08 2.141515e-03
1753 3.682082e-05 4.946298e-02
1754 2.485921e-06 5.403127e-03
1755 1.398624e-06 6.239126e-03
1756 1.897208e-06 1.976404e-02
1757 2.305278e-06 1.483400e-02
1758 2.917660e-04 1.980405e-01
1759 3.504317e-07 5.100317e-03
1760 6.943403e-04 3.450699e-01
1761 2.240119e-08 7.058728e-03
1762 1.035308e-06 4.147400e-03
1763 2.284517e-06 1.154006e-02
1764 8.847748e-07 6.897379e-03
1765 6.948951e-05 2.083052e-02
1766 1.825761e-06 4.374148e-03
1767 1.208718e-05 7.332064e-03
1768 9.111092e-05 5.054137e-02
1769 2.572167e-04 3.325024e-02
1770 2.783778e-07 8.511473e-03
1771 1.275784e-05 1.034836e-02
1772 1.154562e-03 3.335107e-01
1773 7.740639e-04 2.626695e-01
1774 1.921196e-08 2.933770e-03
1775 1.623457e-08 2.829460e-03
1776 6.010045e-07 1.936724e-02
1777 7.891428e-06 1.207073e-02
1778 3.189351e-07 7.161078e-03
1779 1.913299e-06 1.715406e-02
1780 1.253666e-08 2.811597e-03
1781 3.456657e-09 1.305193e-03
1782 1.385105e-08 3.172863e-03
1783 3.307922e-06 7.312972e-03
1784 4.035677e-05 2.839002e-02
1785 1.738849e-06 4.364549e-03
1786 1.919544e-05 3.305946e-02
1787 1.657155e-03 3.455151e-01
1788 2.083649e-08 4.440486e-03
1789 5.200938e-05 3.403672e-02
1790 2.865041e-07 2.225990e-03
1791 1.669473e-06 5.719502e-03
1792 1.140408e-05 6.618913e-03
1793 5.138753e-07 9.506430e-03
1794 1.586321e-04 8.440078e-02
1795 4.857823e-06 4.625795e-03
1796 2.204218e-03 4.327167e-01
1797 1.173200e-07 1.739403e-02
1798 5.065437e-07 6.449428e-03
1799 6.737928e-08 2.882003e-03
1800 1.074702e-05 5.542259e-02
1801 2.506298e-06 4.540956e-03
1802 1.652269e-05 3.894684e-02
1803 3.504314e-08 2.044372e-03
1804 3.164173e-06 2.633122e-03
1805 1.080885e-07 1.103417e-02
1806 5.233268e-06 5.681201e-03
1807 1.390319e-07 1.562991e-03
1808 7.276152e-04 6.719003e-01
1809 9.011741e-06 1.095545e-02
1810 2.642044e-04 1.835169e-01
1811 3.680429e-07 7.834548e-03
1812 2.774138e-08 5.931054e-03
1813 6.872745e-06 1.419513e-02
1814 2.622452e-08 2.830236e-03
1815 1.251051e-05 2.524482e-02
1816 8.238482e-06 2.318617e-02
1817 6.899953e-07 4.775555e-03
1818 3.054927e-07 4.817452e-03
1819 1.756851e-11 2.082380e-03
1820 8.009173e-08 1.595186e-03
1821 4.064322e-08 3.410899e-03
1822 2.448949e-04 1.522083e-01
1823 1.128219e-05 3.870473e-02
1824 8.375710e-06 4.592181e-02
1825 2.951057e-03 4.789825e-01
1826 1.900690e-04 1.547609e-01
1827 4.345282e-05 4.232760e-02
1828 9.799417e-05 2.478920e-02
1829 2.810617e-05 1.103493e-02
1830 8.585055e-07 3.032987e-03
1831 2.288709e-08 1.702517e-03
1832 3.487490e-06 1.463028e-02
1833 5.559152e-05 8.004788e-03
1834 6.480575e-07 3.547683e-03
1835 1.261833e-07 3.569841e-03
1836 1.508744e-03 3.102781e-01
1837 4.531529e-04 2.291993e-01
1838 2.832639e-05 1.068086e-02
1839 4.747290e-06 3.709150e-02
1840 6.051784e-05 3.643886e-02
1841 5.144312e-04 6.785293e-02
1842 8.313961e-07 6.845805e-03
1843 2.739619e-06 8.569058e-03
1844 5.590201e-08 2.757597e-03
1845 5.850906e-05 2.506665e-02
1846 2.701149e-09 3.506884e-03
1847 8.911606e-06 5.946926e-02
1848 1.044791e-08 2.205976e-03
1849 7.094650e-08 1.367224e-02
1850 6.169307e-08 1.478807e-02
1851 2.899319e-06 3.615677e-02
1852 1.205453e-05 1.625180e-02
1853 1.122715e-04 5.105863e-02
1854 1.106761e-04 1.153092e-01
1855 1.191227e-04 3.702679e-02
1856 5.098570e-09 2.267430e-03
1857 2.669962e-08 4.626616e-03
1858 3.825916e-06 3.565209e-03
1859 7.868924e-08 3.264803e-03
1860 3.479927e-06 2.217497e-02
1861 2.401100e-06 7.634084e-03
1862 2.681045e-04 3.382548e-01
1863 7.605451e-09 3.006702e-03
1864 4.674199e-07 2.645859e-03
1865 2.835374e-07 1.140710e-02
1866 1.346140e-04 7.760161e-02
1867 4.627831e-09 2.610980e-03
1868 3.617955e-05 9.110910e-03
1869 3.102946e-03 4.106669e-01
1870 6.498613e-07 5.960308e-03
1871 8.971419e-07 1.126421e-02
1872 1.751432e-08 7.173928e-03
1873 3.230140e-08 1.840011e-03
1874 3.663654e-07 2.154819e-03
1875 6.137209e-03 6.002294e-01
1876 1.592031e-08 2.420850e-03
1877 1.661758e-06 3.080989e-03
1878 2.404098e-07 6.530384e-03
1879 9.064425e-07 1.158959e-02
1880 4.271481e-05 2.942728e-02
1881 4.646810e-06 4.492218e-02
1882 3.310432e-08 3.946837e-03
1883 5.169474e-06 1.321443e-02
1884 4.333945e-04 1.524944e-01
1885 8.207020e-06 6.553214e-03
1886 5.840418e-04 2.271087e-02
1887 4.637659e-05 2.454288e-02
1888 9.491194e-07 3.175144e-03
1889 1.196739e-07 1.312380e-03
1890 4.875164e-06 1.176527e-02
1891 2.329204e-04 1.235088e-01
1892 5.235560e-06 1.458849e-02
1893 2.576899e-04 5.056951e-02
1894 4.806542e-03 8.537241e-01
1895 1.547304e-04 4.996218e-02
1896 3.136010e-04 9.571178e-02
1897 2.397446e-07 3.976893e-03
1898 5.800909e-05 4.848131e-02
1899 4.654544e-06 9.274914e-03
1900 4.941152e-04 1.071144e-01
1901 8.410429e-07 4.855392e-03
1902 4.750642e-08 1.850545e-03
1903 1.721420e-06 1.090969e-02
1904 3.029749e-06 7.939537e-03
1905 4.833090e-07 5.156880e-03
1906 2.351593e-06 5.389316e-03
1907 5.193586e-09 3.760157e-03
1908 3.613137e-07 1.691682e-03
1909 1.094340e-04 1.116867e-02
1910 1.973483e-04 7.883518e-02
1911 5.411969e-04 7.126096e-02
1912 2.664756e-05 6.917272e-02
1913 4.151743e-05 6.120215e-02
1914 1.365578e-06 4.729775e-03
1915 1.374592e-08 7.894916e-03
1916 2.687474e-03 6.937378e-01
1917 6.839833e-04 3.183684e-01
1918 1.210512e-05 3.115167e-02
1919 8.787987e-05 1.638039e-02
1920 5.764081e-05 2.434561e-02
1921 4.145087e-09 1.366849e-03
1922 6.565156e-06 4.210351e-03
1923 3.915362e-06 3.017379e-03
1924 6.410544e-07 2.369954e-03
1925 2.025126e-07 2.122246e-03
1926 4.921339e-04 1.357207e-01
1927 2.774151e-06 1.137004e-02
1928 7.158780e-09 1.790766e-03
1929 2.207159e-05 1.181072e-02
1930 2.747026e-06 1.739487e-02
1931 7.033402e-05 2.118208e-02
1932 7.151346e-06 3.359474e-02
1933 2.475654e-06 1.588943e-02
1934 1.012914e-04 6.489455e-02
1935 3.990125e-06 1.406214e-02
1936 1.219517e-06 1.248784e-02
1937 1.956162e-06 5.177579e-03
1938 1.975028e-09 2.010128e-03
1939 2.613497e-04 2.397688e-01
1940 1.253189e-06 2.251794e-02
1941 2.771582e-05 1.513470e-02
1942 6.309353e-05 7.657563e-02
1943 3.123925e-06 3.210639e-02
1944 4.863329e-04 1.872083e-01
1945 5.855889e-05 3.866499e-02
1946 1.106852e-05 6.030140e-03
1947 9.338340e-06 4.600004e-03
1948 3.815030e-09 1.707471e-03
1949 6.627227e-05 9.243494e-02
1950 6.635497e-05 2.794814e-02
1951 9.337579e-06 3.889757e-02
1952 1.764458e-06 7.049934e-03
1953 8.656371e-05 4.060366e-02
1954 2.932296e-05 7.511386e-02
1955 1.068892e-05 9.192922e-03
1956 7.223784e-05 5.163734e-02
1957 3.836834e-06 7.792159e-03
1958 2.294501e-05 1.988016e-02
1959 4.049719e-06 2.649663e-02
1960 1.223221e-05 2.880040e-02
1961 1.212949e-04 9.347047e-02
1962 2.245678e-04 4.760203e-02
1963 3.993258e-04 6.569682e-02
1964 4.676061e-07 3.956101e-03
1965 9.138829e-06 1.475284e-02
1966 4.578966e-07 6.648010e-03
1967 4.269150e-05 5.443355e-02
1968 1.077046e-08 2.102552e-03
1969 1.705723e-03 2.095591e-01
1970 2.745409e-04 6.719755e-02
1971 1.102036e-03 3.140454e-01
1972 1.179220e-04 1.277242e-02
1973 3.400382e-04 1.829196e-01
1974 6.616425e-08 4.237869e-03
1975 6.496586e-04 1.846586e-01
1976 4.091065e-04 8.930469e-02
1977 5.975460e-06 7.147551e-03
1978 4.022209e-08 4.044959e-03
1979 3.266818e-04 4.924881e-02
1980 1.229773e-04 8.074371e-03
1981 3.653590e-05 5.350695e-02
1982 2.151459e-07 2.788911e-03
1983 1.800073e-06 2.291985e-03
1984 4.768432e-07 2.756003e-02
1985 6.332588e-05 1.233234e-02
1986 2.248924e-05 5.810999e-03
1987 9.675842e-07 3.488068e-02
1988 2.904124e-04 1.797117e-01
1989 1.867856e-07 1.428494e-03
1990 2.798362e-06 4.841447e-03
1991 2.676461e-05 8.042985e-03
1992 9.290080e-04 3.640723e-01
1993 4.462384e-08 1.185901e-03
1994 6.832486e-08 1.253457e-03
1995 1.182145e-04 8.276740e-02
1996 2.165158e-06 5.496505e-03
1997 3.918517e-07 2.086518e-03
1998 5.472022e-05 1.451796e-02
1999 5.398881e-04 1.118013e-01
2000 9.473055e-07 2.584481e-03
2001 2.442426e-07 3.111792e-03
