2 8.632976e-04 9.980326e-02
3 3.844588e-03 3.581597e-01
4 5.229640e-04 1.536134e-01
5 2.708817e-04 7.429150e-02
6 2.046468e-03 5.466835e-01
7 1.614657e-03 9.873276e-02
8 1.662431e-04 4.934669e-02
9 1.428551e-05 7.812053e-03
10 2.595704e-04 2.769386e-02
11 1.611469e-03 2.237396e-01
12 5.197395e-04 1.250488e-02
13 1.910888e-03 2.378418e-01
14 4.098984e-04 5.638656e-02
15 3.403624e-04 4.265137e-02
16 2.383465e-04 5.020478e-02
17 5.793176e-05 9.969022e-03
18 1.821999e-04 8.121810e-02
19 3.197491e-03 2.147022e-01
20 2.959909e-03 2.335039e-01
21 7.133088e-04 6.980357e-02
22 7.789113e-05 2.407897e-02
23 6.511535e-03 2.462994e-01
24 1.615689e-03 1.436508e-01
25 2.054363e-04 2.351872e-02
26 3.879355e-03 3.496010e-01
27 5.130614e-04 3.736592e-02
28 2.639187e-04 2.046042e-02
29 1.276195e-03 3.363954e-01
30 9.465345e-06 7.261786e-03
31 1.656841e-04 2.528772e-02
32 1.066380e-03 1.541630e-01
33 9.895497e-05 1.022576e-02
34 1.064399e-05 5.268698e-03
35 7.490656e-04 1.344665e-01
36 3.022922e-04 2.422281e-02
37 3.568360e-03 3.020658e-01
38 5.247971e-03 3.909010e-01
39 4.855604e-04 3.540633e-01
40 1.016375e-03 1.406094e-01
41 5.506068e-06 6.621511e-03
42 5.270128e-03 3.446014e-01
43 2.966225e-05 1.019286e-02
44 4.373153e-06 2.733389e-03
45 2.606786e-06 2.615753e-03
46 1.820569e-07 1.416155e-03
47 8.689695e-06 6.028550e-03
48 1.459556e-05 6.712572e-03
49 9.548120e-06 8.785117e-03
50 4.674715e-05 2.696010e-02
51 8.131466e-07 3.061064e-03
52 4.127793e-06 5.446915e-03
53 5.785228e-06 5.468439e-03
54 3.260284e-06 4.189172e-03
55 2.730601e-06 3.269379e-03
56 6.295897e-05 1.388859e-02
57 1.967779e-04 1.657800e-02
58 2.267421e-07 1.703511e-03
59 1.179732e-05 8.855834e-03
60 2.769993e-07 2.271575e-03
61 9.327422e-07 4.114178e-03
62 7.396787e-08 1.235471e-03
63 3.710347e-06 5.312671e-03
64 4.038829e-05 1.114121e-02
65 3.369559e-06 2.327640e-03
66 6.412967e-06 4.639056e-03
67 3.282155e-06 4.686590e-03
68 1.977661e-05 9.122264e-03
69 4.808803e-05 6.389331e-03
70 3.733836e-03 1.656258e-01
71 2.088864e-07 4.406946e-03
72 2.726670e-04 1.065326e-02
73 6.330703e-06 3.377449e-03
74 2.604638e-06 5.555676e-03
75 4.956190e-06 5.376233e-03
76 6.531977e-06 5.766835e-03
77 3.469535e-06 3.967819e-03
78 1.196275e-04 2.200947e-02
79 4.216550e-05 1.039067e-02
80 4.828787e-04 5.498766e-02
81 2.273133e-06 3.004923e-03
82 3.420475e-05 3.247161e-02
83 1.147345e-06 2.495405e-03
84 1.998373e-05 1.230897e-02
85 1.900540e-06 7.569377e-03
86 3.644611e-05 9.135326e-03
87 5.417703e-04 7.675644e-02
88 4.021728e-07 2.764728e-03
89 4.068165e-04 1.628189e-02
90 3.302635e-04 9.992539e-02
91 1.173665e-04 1.139923e-02
92 2.985519e-04 5.439968e-02
93 2.066971e-04 1.962130e-02
94 1.615182e-05 8.368896e-03
95 1.473129e-06 5.304258e-03
96 1.976230e-05 6.679209e-03
97 2.848054e-05 1.102638e-02
98 4.784998e-05 5.738589e-03
99 9.895630e-04 2.250471e-01
100 3.366117e-03 2.743165e-01
101 2.143418e-04 8.389967e-02
102 3.664133e-05 5.203630e-03
103 1.111222e-03 1.054776e-01
104 4.585428e-06 2.439294e-02
105 1.861177e-04 2.640906e-02
106 2.742100e-04 4.116990e-02
107 9.331907e-06 1.174919e-02
108 1.183058e-03 9.719072e-02
109 1.273753e-05 1.140053e-02
110 7.203633e-06 3.832445e-03
111 3.464290e-05 1.018887e-02
112 3.976618e-05 1.866713e-02
113 3.478768e-04 4.916995e-02
114 1.640963e-05 8.448504e-03
115 5.190454e-05 1.386017e-02
116 5.047889e-04 5.126000e-02
117 3.050280e-05 5.265711e-03
118 1.392270e-06 3.635436e-03
119 2.552791e-03 1.979163e-01
120 8.088144e-05 1.437354e-02
121 2.731849e-05 7.612338e-03
122 6.808360e-06 4.918505e-03
123 1.907612e-04 2.356206e-02
124 9.010867e-05 8.338855e-03
125 6.277249e-04 1.049899e-01
126 2.366708e-05 5.189946e-03
127 6.589808e-06 1.101782e-02
128 7.579081e-04 3.102421e-01
129 7.957814e-04 2.345766e-01
130 2.022181e-04 5.456155e-02
131 3.185502e-04 1.097269e-01
132 1.213614e-04 2.448167e-02
133 2.738597e-03 4.965048e-01
134 7.215800e-05 1.367901e-02
135 1.037418e-03 6.575323e-02
136 3.918125e-07 2.273965e-03
137 6.393555e-06 1.271811e-02
138 6.540718e-06 3.638019e-03
139 2.408609e-05 7.708521e-03
140 5.916242e-05 2.143109e-02
141 5.436794e-06 6.924082e-03
142 9.685990e-04 5.158498e-02
143 7.305145e-05 7.907436e-02
144 1.131422e-03 1.178022e-01
145 1.539509e-04 4.181231e-02
146 3.751192e-05 1.038656e-02
147 3.205706e-04 4.263516e-02
148 9.693660e-06 5.308677e-03
149 1.254378e-04 6.609396e-02
150 1.390495e-04 5.188796e-02
151 1.024291e-04 2.101945e-02
152 1.349007e-05 3.255241e-02
153 1.094898e-05 8.341584e-03
154 6.989969e-05 1.144884e-02
155 4.291238e-06 2.750639e-03
156 5.236500e-05 1.182228e-02
157 1.886352e-05 1.232576e-02
158 1.920977e-08 3.778809e-03
159 4.519873e-05 1.658864e-02
160 7.166371e-06 9.285451e-03
161 5.660156e-06 4.551858e-03
162 4.321892e-05 1.450904e-02
163 5.329450e-05 1.510277e-02
164 2.372726e-05 4.720871e-03
165 1.291850e-06 1.589204e-03
166 2.350790e-06 2.004126e-03
167 8.205388e-06 6.837272e-03
168 8.463274e-06 4.198092e-03
169 1.348334e-04 1.442465e-02
170 1.193661e-05 5.234360e-03
171 3.255164e-04 3.128519e-02
172 1.290428e-03 1.208546e-01
173 4.044538e-04 6.094583e-02
174 5.054399e-04 1.332407e-01
175 1.859810e-07 1.257684e-03
176 4.171944e-05 1.044436e-02
177 2.102538e-07 3.174616e-03
178 3.887034e-06 7.582108e-03
179 4.158771e-05 9.232303e-03
180 1.168326e-07 1.272493e-03
181 2.064654e-04 8.645063e-02
182 8.331983e-05 1.790307e-02
183 1.536383e-04 2.036944e-02
184 1.038581e-05 7.705062e-03
185 2.148522e-07 1.513276e-03
186 1.867371e-04 4.149060e-02
187 3.668342e-03 3.808934e-01
188 1.419903e-04 2.550535e-02
189 5.192260e-05 8.093001e-03
190 3.797073e-06 4.744088e-03
191 2.274240e-06 6.618518e-03
192 7.358716e-06 5.385521e-03
193 7.173181e-06 6.061045e-03
194 1.170844e-05 5.476672e-03
195 1.094106e-04 1.614008e-02
196 3.033736e-06 7.649082e-03
197 6.334607e-05 2.024744e-02
198 8.759176e-06 1.202651e-02
199 2.958001e-05 1.481569e-02
200 3.572015e-04 5.737944e-02
201 3.599330e-04 7.597927e-02
202 3.978012e-05 1.131239e-02
203 1.685790e-03 1.317208e-01
204 5.383192e-06 3.917001e-03
205 1.903434e-04 1.733429e-02
206 3.682842e-05 1.763334e-02
207 3.290537e-05 3.056239e-02
208 1.939352e-04 8.224664e-02
209 5.811485e-04 3.266531e-02
210 4.704620e-05 5.227042e-02
211 2.337255e-04 3.362614e-02
212 8.014960e-06 4.556122e-03
213 2.544420e-05 1.355469e-02
214 2.553400e-05 1.201813e-02
215 9.133192e-06 1.208892e-02
216 2.411273e-05 3.575607e-02
217 2.318213e-06 2.540629e-03
218 3.592674e-06 4.375333e-03
219 6.607660e-06 2.345210e-03
220 1.097386e-03 1.297908e-01
221 6.195783e-06 5.352257e-03
222 1.052070e-04 2.388651e-02
223 8.498655e-04 4.796203e-02
224 1.986759e-07 2.278711e-03
225 3.069639e-07 3.193472e-03
226 1.863846e-05 1.111836e-02
227 9.664390e-07 4.131189e-03
228 6.752718e-06 5.254381e-03
229 2.376556e-05 1.701625e-02
230 9.428488e-04 1.890114e-01
231 1.204695e-07 2.037662e-03
232 4.537886e-03 3.186259e-01
233 5.113540e-06 8.979745e-03
234 1.542400e-05 3.859323e-03
235 1.682089e-06 7.361796e-03
236 2.812267e-04 1.354117e-02
237 1.150734e-03 1.082765e-01
238 1.470390e-06 4.995623e-03
239 2.867862e-05 5.482886e-03
240 3.259579e-04 5.006570e-02
241 1.993953e-03 3.044991e-01
242 1.566721e-04 2.457223e-02
243 4.395599e-06 4.321148e-03
244 9.303373e-07 1.836758e-03
245 2.782846e-07 1.269473e-03
246 2.417786e-04 8.272789e-02
247 2.620697e-04 2.197989e-02
248 8.740957e-04 1.546268e-01
249 2.010822e-03 1.351027e-01
250 4.397453e-04 9.349800e-02
251 1.297684e-07 1.287163e-03
252 4.399305e-06 8.626640e-03
253 3.243022e-06 4.033947e-03
254 3.712578e-05 1.621308e-02
255 4.957738e-06 8.143144e-03
256 2.166507e-07 2.423559e-03
257 1.346465e-05 4.401229e-03
258 9.412783e-05 4.248562e-02
259 1.072470e-06 1.411429e-03
260 5.516900e-06 8.667989e-03
261 2.114074e-05 6.601268e-03
262 1.402202e-06 1.589531e-03
263 1.647046e-05 2.716303e-03
264 1.921176e-05 2.754242e-02
265 5.058894e-05 6.659924e-02
266 1.756158e-05 1.081473e-02
267 5.352348e-06 1.924718e-02
268 1.923802e-05 5.747407e-03
269 7.015647e-04 8.582241e-02
270 1.138238e-06 3.565339e-03
271 4.910068e-05 1.454410e-02
272 4.745977e-05 8.423082e-03
273 9.349632e-05 9.182868e-02
274 1.029889e-07 1.875436e-03
275 5.360162e-05 3.648895e-02
276 2.570476e-05 1.662192e-02
277 3.278026e-07 3.992718e-03
278 3.810712e-04 5.612742e-02
279 4.159979e-06 4.249463e-03
280 6.442410e-05 2.514120e-02
281 2.172946e-04 3.573067e-02
282 3.479148e-06 1.946923e-03
283 2.263400e-06 6.275826e-03
284 4.024888e-07 4.705665e-03
285 1.025959e-05 8.267187e-03
286 1.200473e-06 5.752664e-03
287 1.431467e-06 5.007280e-03
288 1.037374e-06 2.135227e-03
289 1.109095e-03 1.445254e-01
290 2.229229e-08 1.419742e-03
291 2.538922e-05 1.653245e-02
292 1.360428e-03 2.174674e-01
293 1.908530e-06 5.168419e-03
294 1.419064e-06 4.279871e-03
295 5.050839e-06 1.771715e-02
296 1.232924e-04 1.037860e-01
297 1.900103e-05 1.667541e-02
298 3.858472e-06 5.199987e-03
299 9.470273e-06 3.836677e-03
300 1.230006e-05 1.463460e-02
301 2.598579e-03 1.723688e-01
302 4.564607e-06 3.454174e-03
303 4.951587e-06 1.977067e-02
304 1.633620e-04 2.527495e-02
305 3.635339e-05 9.765635e-03
306 3.159757e-04 1.256713e-02
307 2.096201e-03 7.952184e-02
308 8.958264e-07 1.074693e-02
309 5.348046e-04 7.163466e-02
310 7.832529e-05 1.244229e-02
311 7.035951e-05 8.802058e-03
312 1.394011e-05 3.687772e-03
313 5.298065e-03 3.835525e-01
314 1.819292e-05 2.612664e-03
315 7.188736e-07 4.718243e-03
316 3.938244e-03 1.579077e-01
317 9.940171e-04 1.598379e-01
318 1.353314e-03 1.294141e-01
319 3.332291e-04 4.797376e-02
320 1.487315e-04 2.811850e-02
321 2.131387e-03 1.983837e-01
322 1.472706e-07 6.869865e-03
323 5.422554e-05 2.119576e-02
324 4.380958e-07 5.243060e-03
325 3.781587e-06 5.206092e-03
326 5.083082e-05 4.213053e-02
327 1.910618e-03 3.814859e-01
328 3.126181e-04 9.714177e-02
329 1.244146e-03 9.130657e-02
330 2.182169e-05 7.719063e-03
331 3.797248e-05 2.379409e-02
332 1.089498e-03 1.853514e-01
333 1.160918e-05 1.611967e-02
334 4.214706e-05 4.224266e-02
335 9.397067e-08 2.158285e-03
336 3.954506e-05 8.120960e-03
337 4.203218e-05 1.182815e-02
338 6.181063e-04 3.293434e-02
339 1.422614e-03 1.236506e-01
340 1.827637e-05 1.337647e-02
341 1.404091e-05 9.689384e-03
342 9.427576e-06 4.833974e-03
343 8.229349e-05 3.719203e-02
344 1.020925e-04 7.325123e-03
345 5.230756e-03 2.159496e-01
346 1.643875e-03 1.254868e-01
347 2.013412e-06 4.070579e-03
348 2.630764e-04 2.471847e-02
349 1.707948e-05 6.729489e-03
350 2.987105e-06 2.850247e-03
351 3.288343e-03 4.501873e-01
352 1.211922e-03 1.609519e-01
353 6.888018e-07 1.263377e-03
354 2.125987e-04 8.536089e-02
355 1.102742e-05 2.039299e-02
356 1.804625e-03 6.252455e-02
357 2.473396e-04 5.051240e-02
358 2.543289e-05 3.698359e-03
359 1.527846e-05 1.114808e-02
360 1.543595e-03 4.784814e-02
361 7.400118e-04 7.810299e-02
362 1.034319e-04 3.133525e-02
363 9.307109e-05 2.317121e-02
364 4.457505e-05 4.765656e-02
365 2.141880e-04 3.613169e-02
366 1.581853e-04 1.821693e-02
367 1.941045e-05 1.653871e-02
368 1.566440e-05 1.113346e-02
369 4.452272e-05 9.867338e-03
370 2.803586e-05 1.552306e-02
371 3.959681e-04 7.674172e-02
372 1.046728e-05 3.617029e-02
373 8.680504e-05 3.500604e-02
374 4.834636e-07 6.298438e-03
375 1.285352e-06 1.359458e-03
376 5.649877e-06 3.340739e-03
377 1.401972e-03 1.178728e-01
378 7.800658e-05 1.275890e-02
379 1.251987e-05 2.629856e-03
380 3.378984e-05 1.694238e-02
381 2.839554e-03 2.398138e-01
382 3.646696e-05 8.844068e-03
383 3.493908e-04 9.959980e-02
384 7.677374e-05 1.135038e-02
385 1.432208e-03 2.455162e-01
386 2.251180e-05 7.939541e-03
387 1.290391e-05 1.919417e-02
388 4.688108e-06 3.841097e-03
389 2.025289e-05 9.748027e-03
390 3.591678e-07 4.426398e-03
391 2.074099e-04 1.135002e-02
392 2.511530e-05 2.569683e-02
393 7.882869e-07 2.635635e-03
394 1.658704e-03 3.418561e-01
395 2.159860e-06 1.661973e-03
396 9.606738e-05 3.081418e-02
397 1.896433e-05 1.905231e-02
398 3.698452e-07 2.540316e-03
399 2.014595e-05 8.062614e-03
400 5.919196e-03 8.475903e-01
401 1.452990e-04 1.861932e-02
402 2.070205e-03 3.108762e-01
403 1.112753e-04 2.476466e-02
404 1.004563e-04 2.174672e-02
405 1.816979e-05 4.301123e-03
406 8.906851e-04 2.355420e-01
407 1.891107e-04 7.494103e-02
408 1.492679e-03 2.123617e-01
409 4.131447e-04 6.190201e-02
410 9.825170e-06 1.411780e-02
411 1.088373e-04 1.218597e-02
412 7.276548e-06 1.107634e-02
413 2.371107e-03 1.714774e-01
414 2.048329e-05 7.717525e-03
415 6.907684e-07 1.901310e-03
416 2.636266e-04 1.009638e-01
417 5.331908e-06 2.245274e-03
418 1.692155e-03 9.809324e-02
419 2.338976e-03 3.428404e-01
420 1.154786e-05 7.269534e-03
421 7.856799e-05 1.137354e-02
422 4.949885e-05 2.457475e-02
423 5.270601e-05 6.510083e-03
424 3.900964e-04 2.545164e-02
425 1.270156e-05 8.686399e-03
426 4.659385e-06 3.613157e-03
427 6.799390e-04 1.194927e-01
428 6.810047e-05 1.687372e-02
429 6.616854e-04 8.983108e-02
430 1.390445e-06 1.600662e-03
431 7.534378e-07 4.134266e-03
432 4.688671e-04 9.287887e-02
433 2.613945e-07 1.247091e-03
434 9.208106e-06 4.807078e-03
435 1.694139e-06 5.171356e-03
436 7.339560e-07 2.325139e-03
437 2.290674e-04 8.296386e-02
438 3.138236e-06 5.696428e-03
439 3.591593e-06 4.301800e-03
440 5.929601e-07 4.193095e-03
441 9.062372e-05 3.669050e-02
442 1.005201e-05 6.284475e-03
443 8.827696e-06 4.718669e-03
444 1.022666e-04 3.810387e-02
445 1.058701e-04 6.627107e-02
446 5.390537e-05 1.492302e-02
447 7.928726e-07 2.429888e-03
448 1.655889e-06 2.407763e-03
449 4.073934e-07 2.310445e-03
450 2.183412e-06 3.383933e-03
451 9.412816e-07 1.273952e-03
452 4.054248e-05 7.552610e-03
453 5.719295e-06 3.904789e-03
454 1.764506e-05 2.856187e-02
455 2.391023e-04 5.283414e-02
456 4.326627e-06 5.495385e-03
457 1.015051e-04 1.983420e-02
458 6.881395e-04 2.841787e-02
459 3.176879e-04 2.863603e-02
460 6.542287e-06 3.440767e-03
461 6.880352e-05 3.233878e-02
462 1.258667e-03 8.656823e-02
463 5.710053e-05 5.586346e-02
464 1.815644e-05 4.701070e-03
465 4.755464e-07 1.791367e-03
466 2.760620e-07 2.707412e-03
467 1.918280e-03 8.037688e-02
468 4.685922e-07 5.905757e-03
469 1.896195e-04 3.875536e-02
470 2.473121e-05 1.375360e-02
471 2.457258e-04 1.946420e-02
472 1.857392e-05 3.974293e-03
473 1.450080e-04 1.027511e-02
474 1.378916e-06 4.043547e-03
475 2.237485e-04 2.033073e-02
476 4.512350e-07 2.254479e-03
477 3.178162e-04 2.520409e-02
478 1.500288e-07 3.574863e-03
479 1.847477e-07 1.827318e-03
480 2.185887e-05 1.030383e-02
481 4.231334e-06 7.992990e-03
482 8.376323e-04 1.050023e-01
483 1.460282e-07 1.184911e-03
484 1.077594e-06 1.902685e-03
485 2.284655e-04 7.568223e-02
486 1.254208e-05 4.747766e-03
487 5.680162e-04 6.212656e-02
488 4.451065e-05 5.465276e-03
489 3.927937e-05 9.224282e-03
490 1.363483e-04 3.901102e-02
491 2.508031e-05 9.707157e-03
492 6.985271e-06 3.796957e-03
493 2.604111e-06 2.237439e-03
494 1.176412e-04 2.625916e-02
495 9.617805e-04 6.834781e-02
496 9.623603e-04 1.405604e-01
497 1.200248e-04 1.035752e-01
498 1.259076e-04 3.654828e-02
499 9.535929e-06 7.293061e-03
500 4.053068e-06 9.631868e-03
501 2.556915e-03 2.249006e-01
502 7.252433e-05 1.528276e-02
503 4.421903e-04 3.450150e-02
504 1.784802e-03 1.962718e-01
505 1.020098e-05 5.864345e-03
506 4.394904e-05 1.193771e-02
507 9.460077e-06 8.964547e-03
508 5.238324e-05 1.048747e-02
509 8.996581e-04 2.536769e-01
510 6.408057e-06 9.639377e-03
511 6.193279e-06 4.615398e-03
512 1.275606e-06 1.964699e-03
513 6.937005e-05 2.501587e-02
514 2.532057e-05 1.908351e-02
515 1.524750e-04 5.246460e-02
516 1.733496e-04 5.091615e-02
517 3.658872e-05 6.090089e-03
518 3.614716e-06 4.418578e-03
519 2.901589e-05 9.666720e-03
520 1.094894e-07 1.493625e-03
521 5.402272e-05 2.553326e-02
522 5.120000e-06 3.047192e-03
523 3.690040e-06 7.407679e-03
524 2.897336e-04 4.146375e-02
525 8.441624e-04 4.595333e-02
526 2.449774e-05 1.542362e-02
527 1.042631e-03 1.179805e-01
528 2.153282e-04 1.190316e-02
529 6.320021e-04 5.709925e-02
530 1.408137e-04 1.275458e-02
531 2.373712e-08 1.573355e-03
532 3.291467e-06 9.127309e-03
533 1.914711e-06 2.611432e-03
534 5.449615e-04 7.041173e-02
535 1.660438e-03 1.466171e-01
536 4.895149e-05 3.102439e-02
537 2.520134e-03 1.793750e-01
538 2.151816e-04 8.817938e-02
539 6.445594e-05 4.779389e-02
540 1.918032e-05 2.623205e-02
541 2.263750e-03 2.265145e-01
542 1.171752e-05 9.508226e-03
543 1.426007e-05 2.377229e-03
544 4.069397e-04 3.675043e-02
545 5.754748e-06 9.237494e-03
546 1.025949e-05 1.330208e-02
547 1.509793e-04 3.911049e-02
548 3.335974e-05 1.123230e-02
549 1.030269e-05 2.754327e-02
550 2.838553e-07 5.831673e-03
551 2.503215e-05 6.584416e-03
552 7.610501e-07 2.584490e-03
553 1.380666e-05 6.769424e-03
554 2.110929e-07 3.014297e-03
555 1.447308e-04 5.973009e-02
556 2.168783e-05 6.207195e-03
557 4.328506e-04 5.015885e-02
558 1.882131e-06 7.990718e-03
559 1.544117e-04 2.820307e-02
560 2.174083e-06 3.275978e-03
561 1.696818e-05 3.183080e-02
562 2.958557e-06 1.578428e-03
563 6.994253e-03 6.089617e-01
564 2.110753e-03 4.214729e-01
565 9.878715e-06 2.903046e-03
566 9.129786e-05 1.402358e-02
567 2.736183e-04 3.733290e-02
568 2.036485e-04 6.668426e-02
569 3.878284e-05 8.283113e-03
570 1.361707e-04 3.975336e-02
571 1.016582e-04 1.891749e-02
572 3.799903e-04 3.820861e-02
573 4.467038e-04 5.268569e-02
574 1.462180e-05 4.590473e-03
575 2.231309e-06 3.904008e-03
576 1.117007e-05 8.233537e-03
577 5.128216e-07 2.673646e-03
578 2.506961e-06 3.647788e-03
579 4.088484e-05 1.069842e-02
580 2.021354e-06 5.794822e-03
581 1.961688e-04 4.912984e-02
582 1.295522e-05 1.425017e-02
583 3.596757e-03 2.642136e-01
584 4.572154e-04 3.137159e-02
585 1.094501e-04 3.431461e-02
586 2.050856e-04 2.961812e-02
587 2.488657e-05 9.014534e-03
588 3.302406e-05 5.181846e-02
589 8.069381e-05 1.074624e-02
590 1.165310e-05 1.144468e-02
591 3.542150e-05 2.457972e-02
592 7.695917e-04 2.739224e-01
593 7.842617e-06 8.559692e-03
594 6.256181e-05 7.017284e-02
595 1.459969e-05 5.020027e-03
596 4.431655e-07 1.344121e-03
597 5.114602e-06 2.051172e-03
598 2.707842e-04 3.084676e-02
599 6.349005e-05 1.500198e-02
600 1.410230e-05 3.904418e-03
601 5.091100e-06 3.917834e-03
602 1.263765e-04 1.545055e-02
603 8.271478e-05 2.001822e-02
604 6.567814e-07 2.021186e-03
605 5.139200e-04 3.510300e-02
606 1.261988e-04 1.332847e-02
607 6.823852e-06 4.919561e-03
608 2.002918e-05 9.145609e-03
609 4.531265e-05 1.184484e-02
610 9.714466e-05 1.071127e-02
611 1.738425e-06 2.430573e-03
612 7.183641e-05 3.221861e-02
613 1.417245e-06 5.259247e-03
614 2.396044e-06 5.181247e-03
615 4.892370e-07 5.923979e-03
616 9.637121e-05 9.559509e-03
617 1.448136e-05 1.297262e-02
618 2.180329e-06 8.301465e-03
619 9.987635e-06 5.786970e-03
620 1.105339e-06 3.768920e-03
621 4.374175e-06 3.208494e-03
622 9.094222e-04 6.943048e-02
623 9.310966e-05 1.209268e-02
624 1.133712e-05 4.006044e-03
625 3.007919e-05 1.074456e-02
626 1.454718e-05 5.895343e-03
627 3.129679e-06 3.479303e-03
628 2.162395e-04 1.694219e-02
629 6.601646e-06 1.787406e-03
630 5.509724e-05 8.208868e-03
631 4.645936e-05 9.194045e-03
632 3.980902e-07 1.239270e-03
633 8.636985e-04 2.235991e-01
634 5.775562e-05 1.825046e-02
635 7.947197e-06 8.336025e-03
636 1.200729e-05 2.033683e-02
637 8.218495e-06 1.118977e-02
638 1.491417e-06 2.094450e-03
639 2.778230e-07 1.546939e-03
640 6.172483e-07 2.378531e-03
641 6.265337e-07 1.498592e-03
642 3.594241e-06 5.096216e-03
643 1.369401e-04 6.741634e-02
644 4.959541e-04 3.907236e-02
645 2.213013e-04 3.092210e-02
646 1.022292e-05 1.386650e-02
647 6.194770e-06 4.803589e-03
648 1.197075e-04 2.616127e-02
649 3.961149e-03 1.731478e-01
650 5.497549e-06 4.044636e-03
651 2.327526e-06 8.282666e-03
652 8.352852e-05 3.157170e-02
653 1.678539e-07 4.728771e-03
654 8.407898e-06 4.382347e-03
655 2.714238e-05 7.987863e-03
656 1.076884e-06 2.710028e-03
657 3.328763e-05 1.328757e-02
658 7.304538e-05 1.884901e-02
659 8.867072e-05 1.186235e-02
660 2.550840e-04 6.742611e-02
661 3.241074e-06 5.375054e-03
662 1.732110e-04 2.695739e-02
663 3.909237e-03 3.082192e-01
664 2.273113e-04 2.694285e-02
665 2.612314e-06 8.567549e-03
666 2.769325e-05 9.157396e-03
667 4.043690e-05 4.173629e-03
668 9.772142e-04 4.747001e-02
669 1.327697e-04 4.140422e-02
670 3.682274e-06 9.210680e-03
671 2.008356e-05 1.779508e-02
672 3.427798e-05 2.308956e-02
673 2.221663e-05 8.919720e-03
674 2.205278e-06 1.930576e-03
675 3.546685e-04 1.123903e-01
676 1.156417e-05 4.974544e-03
677 2.653638e-08 1.338039e-03
678 6.232053e-06 4.841369e-03
679 4.386918e-04 7.766385e-02
680 4.200320e-05 1.893915e-02
681 3.362498e-04 2.951872e-02
682 7.102215e-05 6.317301e-03
683 2.487325e-05 2.812171e-02
684 5.188641e-05 1.527734e-02
685 2.362390e-07 2.157648e-03
686 1.113996e-05 1.680217e-02
687 1.691941e-03 2.970526e-01
688 6.325882e-05 1.916736e-02
689 4.097178e-06 9.768178e-03
690 6.204591e-07 1.975915e-03
691 2.242286e-04 3.733258e-02
692 2.633177e-06 2.740078e-03
693 4.256265e-05 1.688720e-02
694 4.435410e-04 3.974887e-02
695 4.311294e-03 1.056782e-01
696 2.845975e-03 3.398138e-01
697 7.511434e-06 7.094741e-03
698 8.497401e-05 1.121384e-01
699 3.267474e-07 1.516592e-03
700 6.777327e-05 3.703631e-02
701 6.662214e-05 1.325681e-02
702 1.777531e-07 1.222848e-03
703 2.185035e-06 3.945268e-03
704 2.242006e-08 1.310755e-03
705 2.719069e-04 2.831071e-02
706 1.250890e-06 1.640856e-03
707 2.767916e-04 2.777286e-02
708 5.640663e-08 4.993098e-03
709 1.018178e-07 2.935145e-03
710 4.981702e-06 5.828715e-03
711 2.326127e-07 1.197600e-03
712 2.549874e-06 4.370901e-03
713 8.445933e-06 6.150132e-03
714 2.559402e-07 2.441993e-03
715 5.872610e-05 9.519563e-03
716 5.057244e-05 9.023387e-03
717 6.412963e-06 4.978010e-03
718 3.916870e-08 2.641318e-03
719 1.842213e-03 1.842239e-01
720 3.085460e-08 1.187711e-03
721 7.053706e-06 2.323930e-03
722 6.794464e-08 2.729850e-03
723 2.427991e-05 1.550627e-02
724 9.234349e-06 3.151004e-03
725 2.380802e-07 1.454302e-03
726 9.200945e-05 1.849760e-02
727 4.661026e-07 4.341330e-03
728 1.370310e-05 6.021915e-03
729 7.934342e-06 7.177712e-03
730 7.225063e-06 2.533834e-03
731 3.995642e-04 5.487106e-02
732 4.409551e-08 1.363347e-03
733 3.126421e-09 9.156998e-04
734 1.110364e-06 2.849138e-03
735 2.599954e-06 3.311889e-03
736 5.634500e-05 7.569322e-03
737 8.759129e-08 1.360729e-03
738 3.822085e-04 5.926204e-02
739 2.250823e-06 3.401073e-03
740 5.955087e-05 1.374424e-02
741 1.430922e-05 7.918923e-03
742 1.470052e-04 1.190227e-02
743 4.239405e-03 2.665876e-01
744 5.872242e-07 2.626307e-03
745 8.391998e-07 2.471754e-03
746 4.619750e-05 1.025458e-02
747 8.468019e-05 7.683833e-03
748 1.619439e-04 3.423729e-02
749 3.165992e-04 1.510492e-01
750 3.798766e-05 5.958712e-03
751 4.013693e-05 1.031901e-02
752 1.091065e-06 1.921813e-03
753 1.626618e-06 2.940488e-03
754 4.149378e-04 6.761465e-02
755 1.465134e-04 1.333329e-02
756 1.546658e-04 1.235774e-02
757 5.688041e-07 1.506193e-03
758 4.564689e-05 1.026687e-02
759 1.382935e-04 1.089646e-02
760 2.159047e-06 2.171426e-03
761 8.706286e-05 1.021323e-02
762 1.974248e-05 1.143180e-02
763 1.018340e-07 1.956914e-03
764 4.730342e-06 9.539327e-03
765 5.054711e-08 1.043899e-02
766 1.169831e-06 5.311553e-03
767 3.609678e-06 5.330878e-03
768 5.999317e-05 9.494006e-03
769 4.820236e-06 6.802154e-03
770 1.241036e-04 2.880711e-02
771 8.564964e-07 3.312316e-03
772 1.798402e-08 1.548584e-03
773 8.135450e-06 1.579366e-02
774 1.300210e-06 1.903085e-03
775 2.366395e-04 6.513891e-02
776 2.011177e-04 3.354776e-02
777 1.454438e-04 1.394663e-02
778 1.005584e-05 2.057666e-02
779 1.541052e-04 3.663424e-02
780 2.435348e-05 9.339030e-03
781 6.938594e-05 2.626269e-02
782 1.963443e-05 3.001326e-03
783 2.105445e-05 6.902315e-03
784 1.161842e-06 5.899154e-03
785 1.056768e-04 8.476209e-03
786 4.915645e-05 1.749053e-02
787 4.279628e-05 1.180045e-02
788 1.538405e-04 1.398726e-02
789 4.349246e-07 1.338367e-03
790 1.250780e-03 4.542398e-02
791 3.149854e-05 6.250428e-03
792 3.776459e-06 4.431683e-03
793 1.171293e-05 7.268644e-03
794 9.130473e-06 4.324540e-03
795 1.260672e-03 3.730024e-01
796 3.240193e-07 3.112355e-03
797 1.211665e-03 1.158468e-01
798 1.939418e-03 1.803625e-01
799 4.984189e-06 3.551227e-03
800 1.765748e-04 1.049805e-02
801 3.159664e-06 3.974902e-03
802 3.095610e-05 3.131537e-02
803 1.123873e-03 4.170433e-02
804 1.014566e-04 1.109248e-02
805 2.532440e-06 3.924385e-03
806 8.735377e-04 5.537188e-02
807 1.200183e-04 4.466582e-02
808 1.188287e-05 3.231853e-03
809 7.844637e-04 1.815388e-01
810 4.155025e-05 6.219856e-03
811 1.113744e-04 2.350877e-02
812 3.254412e-06 6.689113e-03
813 1.916686e-06 5.515450e-03
814 5.733766e-06 7.713599e-03
815 6.062897e-05 2.101008e-02
816 9.985409e-04 4.943754e-02
817 1.222776e-03 2.233700e-01
818 5.100384e-06 3.319832e-03
819 2.000721e-04 8.080008e-02
820 1.930780e-04 2.344774e-02
821 4.932608e-05 2.328316e-02
822 2.270001e-07 3.540071e-03
823 8.979169e-06 9.039122e-03
824 2.116088e-04 1.838770e-02
825 9.379824e-05 2.123304e-02
826 1.232717e-05 5.916639e-03
827 8.035395e-06 3.480514e-03
828 1.274314e-04 2.445198e-02
829 3.925408e-05 9.963012e-03
830 4.368181e-04 7.433472e-02
831 1.425987e-05 6.432345e-03
832 2.925612e-05 5.589033e-03
833 1.044700e-05 2.047213e-02
834 2.791787e-05 1.917512e-02
835 5.082882e-07 2.228689e-03
836 9.473734e-08 1.023250e-03
837 1.351636e-05 1.407903e-02
838 1.263607e-05 2.999519e-03
839 5.866884e-06 1.385236e-02
840 2.865934e-05 3.246177e-02
841 1.795069e-04 1.682596e-02
842 1.821678e-03 2.246030e-01
843 1.105124e-04 1.694605e-02
844 4.689291e-05 3.289716e-02
845 1.664517e-05 3.146606e-02
846 8.757559e-05 7.455283e-03
847 3.032812e-05 7.325192e-03
848 1.620704e-04 5.910859e-02
849 3.057614e-06 5.423119e-03
850 5.921249e-03 3.313862e-01
851 1.787753e-05 8.082515e-03
852 9.654203e-04 1.285817e-01
853 2.048552e-04 7.556242e-02
854 1.330863e-04 6.045092e-02
855 1.295932e-04 1.007031e-01
856 7.067955e-05 2.361393e-02
857 7.849005e-04 1.353111e-01
858 2.122246e-05 1.877815e-02
859 2.252149e-07 3.843856e-03
860 4.621596e-05 3.368028e-02
861 1.007022e-07 1.633075e-03
862 2.491057e-05 1.563594e-02
863 2.301375e-04 1.740106e-02
864 8.072144e-06 6.742584e-03
865 7.174105e-05 4.005551e-02
866 4.491546e-04 8.410544e-02
867 2.268998e-03 2.014440e-01
868 1.604220e-06 6.044063e-03
869 1.391548e-05 3.179533e-02
870 4.651123e-05 3.699644e-02
871 8.574730e-05 2.375700e-02
872 4.382479e-04 1.418605e-01
873 1.277104e-04 6.396600e-02
874 4.029649e-04 7.690158e-02
875 6.208827e-06 4.924597e-03
876 4.804247e-09 1.062345e-03
877 5.094649e-06 9.241460e-03
878 7.609878e-04 1.423290e-01
879 3.727825e-04 4.517296e-02
880 1.441250e-05 9.299274e-03
881 1.297413e-07 2.283524e-03
882 2.760028e-04 4.528406e-02
883 3.167081e-03 2.111450e-01
884 1.665966e-04 4.975356e-02
885 2.410547e-04 4.784427e-02
886 1.027962e-06 7.805137e-03
887 2.700485e-05 1.240498e-02
888 1.056629e-05 1.179194e-02
889 1.522193e-05 2.237525e-02
890 1.920886e-05 2.243576e-02
891 1.608668e-03 1.394611e-01
892 4.663719e-07 2.832075e-03
893 1.118903e-04 3.103683e-02
894 3.019780e-06 5.804667e-03
895 2.170271e-04 4.476494e-02
896 1.075253e-05 5.379577e-02
897 8.407982e-05 4.231413e-02
898 2.563592e-05 7.230083e-03
899 5.750042e-06 1.359844e-02
900 3.200132e-05 1.409598e-02
901 1.750854e-04 4.900500e-02
902 1.364794e-06 2.014761e-03
903 5.774917e-05 2.776250e-02
904 1.240556e-06 2.092124e-02
905 8.952726e-07 6.595278e-03
906 6.644150e-06 7.916583e-03
907 7.932335e-07 2.017350e-03
908 9.336485e-07 8.924506e-03
909 6.822400e-05 2.065559e-02
910 1.919270e-04 1.912840e-02
911 4.244800e-06 2.095456e-02
912 7.977965e-06 9.762050e-03
913 5.473628e-07 3.337848e-03
914 6.296396e-07 7.448103e-03
915 1.174696e-04 3.030169e-02
916 2.258180e-07 2.819937e-03
917 8.685718e-08 2.381884e-03
918 1.296255e-07 2.620616e-03
919 4.713919e-04 1.411216e-01
920 4.335007e-07 6.462266e-03
921 6.114494e-06 3.252613e-03
922 5.070822e-06 1.575429e-02
923 1.114868e-07 5.127039e-03
924 2.660213e-04 1.126937e-01
925 6.498750e-05 3.982445e-02
926 3.494984e-05 3.195094e-02
927 4.460818e-04 8.660314e-02
928 3.851232e-05 4.010124e-02
929 1.201130e-03 7.552237e-02
930 1.100832e-04 3.247715e-02
931 6.395676e-06 1.137742e-02
932 1.321434e-04 3.149837e-02
933 2.212299e-07 2.963946e-03
934 1.887871e-05 6.678303e-03
935 7.469863e-07 3.495959e-03
936 9.378900e-05 1.952602e-02
937 3.325353e-07 5.804083e-03
938 6.768553e-07 2.356027e-03
939 8.485182e-06 9.347162e-03
940 8.059847e-05 8.537945e-02
941 2.703462e-06 3.222648e-03
942 4.699728e-04 1.018087e-01
943 3.541749e-05 1.798052e-02
944 1.685111e-08 1.972300e-03
945 1.092655e-04 1.570787e-02
946 4.961628e-07 2.208264e-03
947 2.296556e-05 1.645054e-02
948 3.169831e-07 1.502337e-03
949 1.555522e-05 1.528335e-02
950 1.633681e-04 6.224048e-02
951 8.688237e-06 2.996623e-02
952 7.811180e-05 3.441764e-02
953 2.908495e-08 2.417338e-03
954 3.917586e-05 3.258903e-02
955 9.077546e-06 3.723869e-03
956 5.465509e-05 1.334674e-02
957 1.487453e-04 2.052485e-02
958 1.941022e-04 1.497882e-02
959 2.442921e-05 1.838232e-02
960 6.007610e-07 2.420304e-03
961 3.981428e-06 9.441664e-03
962 3.331232e-06 1.065501e-02
963 1.660057e-06 3.448389e-03
964 3.163682e-06 1.816724e-03
965 1.577910e-04 1.737332e-02
966 3.632608e-05 5.789337e-03
967 1.122406e-05 7.593523e-03
968 1.919456e-04 2.244122e-02
969 6.299194e-04 4.940666e-02
970 1.003229e-04 1.397008e-02
971 1.320056e-05 6.770866e-03
972 3.459887e-05 3.032798e-02
973 1.284078e-05 6.959321e-03
974 1.955829e-05 4.689587e-03
975 4.969569e-04 6.945857e-02
976 3.327330e-03 1.970033e-01
977 7.966719e-05 8.665902e-03
978 7.144621e-05 2.108788e-02
979 4.110546e-06 2.819561e-03
980 3.429230e-05 1.901061e-02
981 9.178734e-05 1.117378e-02
982 9.451753e-07 1.331291e-03
983 1.575126e-06 3.731600e-03
984 1.161824e-05 1.834427e-02
985 5.896484e-05 5.197114e-02
986 6.397243e-04 1.963205e-01
987 2.083422e-06 6.068191e-03
988 6.758204e-07 2.016528e-03
989 1.707520e-04 1.663208e-02
990 3.660513e-06 2.128457e-03
991 2.173043e-03 2.467312e-01
992 9.991819e-06 5.977488e-03
993 6.846371e-06 8.737034e-03
994 1.151152e-08 1.343030e-03
995 3.007317e-06 1.459182e-02
996 1.271291e-03 2.632378e-01
997 1.227234e-05 7.223884e-03
998 4.594525e-06 3.350725e-03
999 6.119693e-05 1.495888e-02
1000 1.166973e-08 1.344045e-03
1001 3.634996e-06 8.643628e-03
1002 2.129886e-04 7.299646e-02
1003 9.900697e-05 1.220096e-02
1004 4.931403e-05 3.322615e-02
1005 2.781501e-06 1.909716e-03
1006 1.421970e-04 1.167203e-01
1007 3.035553e-06 2.935236e-03
1008 1.011865e-04 7.360132e-03
1009 8.796518e-07 1.928979e-03
1010 1.845554e-05 1.054747e-02
1011 3.540529e-06 1.720240e-02
1012 1.848027e-03 1.868815e-01
1013 1.191566e-05 1.067887e-02
1014 6.664583e-06 7.314288e-03
1015 3.783951e-05 2.782928e-02
1016 3.598837e-05 8.356616e-03
1017 3.253992e-03 8.038580e-02
1018 3.825557e-04 8.552171e-02
1019 1.526591e-07 1.922657e-03
1020 1.736385e-06 1.096206e-02
1021 4.608741e-06 1.306607e-02
1022 4.924864e-08 1.409955e-03
1023 1.309308e-05 1.640686e-02
1024 1.970589e-05 9.022803e-03
1025 1.890024e-07 1.520991e-03
1026 6.514594e-08 1.936081e-03
1027 2.319452e-05 7.981958e-03
1028 1.053639e-04 8.253765e-02
1029 2.559014e-05 4.764144e-03
1030 1.097194e-06 2.961528e-03
1031 2.194820e-05 9.077869e-03
1032 1.055651e-03 1.460015e-01
1033 1.525869e-07 1.541898e-03
1034 7.585432e-05 1.574815e-02
1035 2.479485e-05 1.152599e-02
1036 5.013863e-04 7.184426e-02
1037 2.055466e-07 3.011205e-03
1038 1.477409e-06 2.937959e-03
1039 3.440706e-05 7.151397e-03
1040 2.544734e-06 3.011109e-03
1041 1.884870e-03 9.291140e-02
1042 1.434276e-05 6.220183e-03
1043 1.043475e-07 1.234189e-03
1044 6.229941e-06 3.000755e-03
1045 7.485160e-07 2.366052e-03
1046 1.297109e-08 1.276950e-03
1047 1.343185e-07 1.273649e-03
1048 4.317439e-06 4.526985e-03
1049 1.642953e-07 1.151702e-03
1050 3.607443e-03 3.626121e-01
1051 4.576690e-05 3.495536e-02
1052 4.935587e-06 2.488696e-03
1053 1.790375e-05 6.381276e-03
1054 4.209360e-07 1.855622e-03
1055 1.148477e-07 1.152100e-03
1056 5.113195e-06 8.465786e-03
1057 1.837640e-05 1.064428e-02
1058 1.287044e-06 1.527960e-03
1059 1.905605e-04 2.556236e-02
1060 1.195459e-06 1.461425e-03
1061 1.206216e-05 2.497001e-03
1062 2.762136e-08 1.138808e-03
1063 2.649469e-05 2.370759e-02
1064 1.696665e-04 4.206415e-02
1065 4.441898e-08 1.805234e-03
1066 6.856700e-08 1.178329e-03
1067 1.807223e-05 1.205409e-02
1068 1.491112e-06 1.703627e-03
1069 2.828093e-06 2.608557e-03
1070 1.360277e-07 1.186569e-03
1071 1.337110e-06 1.657495e-03
1072 9.304102e-07 2.496791e-03
1073 5.561425e-07 1.321965e-03
1074 2.897658e-07 1.887969e-03
1075 2.122609e-06 3.645027e-03
1076 2.957548e-06 3.780845e-03
1077 8.275711e-06 4.968951e-03
1078 9.112626e-06 1.216406e-02
1079 2.240091e-06 4.348172e-03
1080 3.683228e-05 4.166392e-02
1081 7.634178e-05 4.156383e-02
1082 4.488719e-06 3.315040e-03
1083 1.802553e-05 3.927065e-03
1084 1.222250e-07 1.199835e-03
1085 2.626126e-06 1.703579e-03
1086 2.652893e-06 2.852170e-03
1087 7.199542e-07 1.352971e-03
1088 4.431907e-05 5.135645e-03
1089 1.017858e-06 1.282326e-03
1090 7.316865e-08 1.202017e-03
1091 1.893884e-06 1.601363e-03
1092 3.067260e-06 1.841979e-03
1093 8.392211e-05 2.018240e-02
1094 2.021737e-05 1.114106e-02
1095 3.545504e-06 2.750072e-03
1096 6.313441e-05 1.978408e-02
1097 6.156443e-05 4.604592e-02
1098 4.762354e-06 7.818604e-03
1099 1.497528e-07 3.591875e-03
1100 6.059084e-08 1.116877e-03
1101 1.199738e-05 2.357482e-02
1102 3.711259e-06 1.123674e-02
1103 4.666758e-06 3.741200e-03
1104 4.306751e-05 2.476457e-02
1105 1.895154e-07 2.101356e-03
1106 1.918862e-03 9.571304e-02
1107 5.105474e-07 2.571343e-03
1108 9.781232e-06 7.538308e-03
1109 8.468246e-08 1.815540e-03
1110 1.685967e-05 9.514727e-03
1111 1.372571e-06 2.138671e-03
1112 2.790625e-08 1.789690e-03
1113 1.970097e-05 1.338673e-02
1114 3.889506e-05 1.411518e-02
1115 7.580237e-04 1.185031e-01
1116 4.882764e-08 1.967091e-03
1117 1.050781e-03 1.285796e-01
1118 2.694525e-06 4.806209e-03
1119 4.681181e-05 2.656696e-02
1120 5.185261e-05 6.077619e-02
1121 7.018063e-06 5.611702e-03
1122 3.582140e-05 1.816318e-02
1123 2.707804e-06 3.501012e-03
1124 5.406186e-06 1.332690e-02
1125 3.485742e-06 3.775190e-03
1126 9.962170e-07 6.830361e-03
1127 7.616063e-07 4.316981e-03
1128 1.413690e-05 3.855498e-02
1129 3.858422e-05 5.458870e-03
1130 1.271037e-05 1.126885e-02
1131 1.557325e-04 6.310840e-02
1132 5.780924e-05 8.440461e-03
1133 1.790585e-06 2.096460e-03
1134 4.721097e-04 2.565035e-02
1135 5.255401e-05 9.064952e-03
1136 5.789897e-04 3.822303e-02
1137 1.128752e-05 2.167695e-02
1138 3.409570e-08 1.862292e-03
1139 8.255022e-06 5.640936e-03
1140 3.356502e-08 2.154369e-03
1141 1.321108e-05 4.853711e-03
1142 3.065433e-04 4.411106e-02
1143 2.712716e-04 7.241234e-02
1144 5.597183e-07 6.455983e-03
1145 2.776993e-05 2.304982e-02
1146 6.124274e-03 1.682505e-01
1147 1.915997e-04 4.472409e-02
1148 3.693558e-07 2.403977e-03
1149 8.272039e-04 7.269501e-02
1150 8.622306e-08 2.357430e-03
1151 9.534640e-04 5.651267e-02
1152 1.061925e-04 5.174284e-02
1153 4.637581e-06 5.295691e-03
1154 9.675808e-08 1.928290e-03
1155 1.837342e-03 1.066665e-01
1156 5.349021e-06 2.563220e-03
1157 1.048459e-04 2.074900e-02
1158 1.438449e-05 4.508794e-03
1159 7.110963e-08 1.509470e-03
1160 2.869118e-06 2.710835e-03
1161 1.494728e-05 1.874748e-02
1162 1.115210e-03 1.301281e-01
1163 7.329642e-05 7.143501e-03
1164 6.348442e-05 4.867422e-02
1165 2.228645e-03 2.651253e-01
1166 2.664826e-04 1.110649e-02
1167 2.244081e-04 1.035030e-01
1168 2.994556e-04 2.373153e-02
1169 3.673685e-06 7.886200e-03
1170 3.156676e-06 5.871469e-03
1171 4.445044e-06 9.669626e-03
1172 1.995652e-04 7.531291e-02
1173 1.714584e-08 1.100381e-03
1174 8.421713e-04 1.715694e-01
1175 9.154910e-05 1.959728e-02
1176 1.055167e-07 1.775118e-03
1177 9.646685e-04 5.447743e-02
1178 2.549346e-03 1.642437e-01
1179 5.169047e-05 1.502325e-02
1180 7.338839e-06 6.660813e-03
1181 2.951328e-06 1.746652e-03
1182 1.833921e-05 7.892519e-03
1183 5.421140e-04 6.624061e-02
1184 7.086831e-05 1.731041e-02
1185 7.646917e-06 1.047442e-02
1186 4.512072e-04 5.022710e-02
1187 2.734038e-04 2.107086e-02
1188 8.286398e-07 1.937765e-03
1189 6.173920e-07 2.536171e-03
1190 6.914812e-08 1.989660e-03
1191 6.454657e-06 2.438258e-03
1192 8.174040e-04 9.499013e-02
1193 8.004846e-07 3.203600e-03
1194 1.415897e-05 2.290101e-02
1195 1.009540e-03 8.587811e-02
1196 3.333383e-06 5.005168e-03
1197 1.707877e-06 3.387097e-03
1198 4.598849e-06 2.041683e-03
1199 9.769029e-04 7.416901e-02
1200 7.818762e-04 1.042578e-01
1201 1.196617e-08 1.124059e-03
1202 1.051149e-04 1.095674e-02
1203 1.455182e-04 3.248632e-02
1204 1.579166e-05 5.553994e-03
1205 7.680679e-09 1.940696e-03
1206 2.898457e-04 6.918439e-02
1207 1.522254e-05 4.293334e-03
1208 4.683906e-06 4.095966e-03
1209 4.410489e-04 4.650358e-02
1210 3.368874e-04 2.664516e-02
1211 1.372331e-04 2.050027e-02
1212 5.462650e-06 3.519532e-03
1213 3.183008e-06 4.909721e-03
1214 3.367040e-05 5.924993e-03
1215 1.219503e-06 2.556106e-03
1216 1.249684e-07 2.210701e-03
1217 8.958447e-06 2.692051e-02
1218 1.809405e-06 5.271242e-03
1219 4.719003e-05 1.144527e-02
1220 4.512033e-05 2.095330e-02
1221 4.682936e-05 1.820272e-02
1222 7.855892e-06 2.249718e-02
1223 1.618553e-04 2.785280e-02
1224 1.738538e-06 8.466325e-03
1225 5.965429e-06 2.444808e-03
1226 4.151672e-06 1.648134e-03
1227 1.302970e-05 4.783513e-03
1228 5.938565e-05 1.050860e-02
1229 1.301944e-04 2.056179e-02
1230 3.605294e-06 7.387322e-03
1231 1.089808e-04 3.307684e-02
1232 5.919333e-07 5.656958e-03
1233 4.078253e-05 1.966413e-02
1234 1.411657e-07 7.606915e-03
1235 8.659272e-05 4.901447e-02
1236 9.071648e-07 4.599731e-03
1237 4.384448e-04 1.187979e-01
1238 1.494542e-05 1.281714e-02
1239 4.871259e-06 6.320101e-03
1240 1.549635e-05 3.485013e-03
1241 2.675711e-05 4.703776e-03
1242 1.057339e-03 1.774872e-01
1243 1.654177e-04 3.719437e-02
1244 6.820574e-06 3.288526e-03
1245 1.309312e-05 6.025921e-03
1246 1.665134e-07 2.009750e-03
1247 1.187932e-05 4.001365e-03
1248 1.246275e-04 4.285440e-02
1249 7.112288e-07 9.739872e-03
1250 4.048685e-07 6.149453e-03
1251 7.812329e-06 1.386731e-02
1252 3.953302e-06 5.062402e-03
1253 1.134871e-03 1.845124e-01
1254 1.789271e-06 5.285424e-03
1255 5.881121e-05 1.974271e-02
1256 2.381765e-05 3.305680e-03
1257 2.128218e-04 6.867831e-02
1258 2.833271e-06 4.793729e-03
1259 2.258518e-04 4.298323e-02
1260 1.212443e-03 1.718261e-01
1261 1.339968e-05 4.552734e-03
1262 1.418794e-04 1.554882e-02
1263 1.067111e-04 4.271801e-02
1264 1.920797e-05 3.024920e-02
1265 2.456707e-05 8.529779e-03
1266 7.609804e-05 3.285912e-02
1267 6.399667e-06 1.717455e-02
1268 7.851384e-07 8.899334e-03
1269 3.071609e-05 1.031307e-02
1270 4.363506e-03 2.614671e-01
1271 1.204067e-03 7.331014e-02
1272 7.551232e-08 1.261460e-03
1273 6.593015e-05 2.920731e-02
1274 9.928010e-06 1.734427e-02
1275 2.661139e-04 3.513832e-02
1276 9.419679e-04 7.426366e-02
1277 8.226488e-04 8.632912e-02
1278 2.526187e-03 1.215416e-01
1279 1.792190e-06 2.191677e-03
1280 9.623965e-04 1.043969e-01
1281 2.051964e-05 5.187367e-03
1282 1.541594e-04 2.716754e-02
1283 1.274915e-05 1.963238e-02
1284 3.861538e-06 4.209376e-03
1285 4.500252e-04 4.995588e-02
1286 5.204420e-07 3.192069e-03
1287 1.176279e-04 1.559240e-02
1288 1.221807e-04 1.701735e-02
1289 3.405922e-05 1.088683e-02
1290 1.731975e-05 2.724743e-02
1291 7.934273e-05 7.921075e-03
1292 3.316933e-03 2.220509e-01
1293 2.372496e-07 3.295793e-03
1294 5.388123e-06 5.559533e-03
1295 2.390480e-06 3.161639e-03
1296 5.208999e-06 1.264356e-02
1297 6.556470e-05 4.902467e-02
1298 5.665201e-05 1.098409e-02
1299 2.331436e-05 4.478403e-03
1300 1.175185e-06 2.769824e-03
1301 1.166153e-06 3.024293e-03
1302 1.595500e-04 3.823744e-02
1303 1.358669e-05 7.007379e-03
1304 1.661585e-05 6.537055e-03
1305 2.030408e-04 2.589334e-02
1306 1.357705e-04 8.862408e-03
1307 1.193601e-05 4.665837e-03
1308 1.122980e-06 2.487119e-03
1309 5.585681e-05 3.708150e-02
1310 7.920380e-08 1.445768e-03
1311 3.815659e-03 2.437572e-01
1312 6.320356e-04 8.476237e-02
1313 4.482061e-07 1.695169e-03
1314 3.483998e-05 6.796129e-03
1315 4.145837e-06 2.829766e-03
1316 1.045042e-06 2.147787e-03
1317 1.913729e-07 1.372336e-03
1318 1.293787e-04 3.178319e-02
1319 9.824478e-04 1.354130e-01
1320 5.889820e-06 3.747959e-03
1321 6.245708e-06 1.266096e-02
1322 2.571816e-08 1.133742e-03
1323 4.009139e-06 2.071560e-03
1324 3.811819e-04 4.801520e-02
1325 8.372532e-06 9.385714e-03
1326 4.516537e-06 4.745642e-03
1327 5.089344e-05 2.099666e-02
1328 2.412822e-06 2.594705e-03
1329 1.314047e-04 1.488831e-02
1330 4.885679e-06 7.407801e-03
1331 6.659761e-07 2.082489e-03
1332 8.516977e-08 1.423046e-03
1333 7.302770e-05 1.169638e-02
1334 2.344356e-05 1.041588e-02
1335 1.999289e-06 1.160098e-02
1336 2.896308e-05 4.130330e-03
1337 3.493887e-04 1.384268e-02
1338 2.297405e-05 6.432596e-03
1339 4.556193e-04 3.019597e-02
1340 6.114626e-05 7.833140e-03
1341 2.726820e-03 1.749446e-01
1342 1.554160e-06 2.418428e-03
1343 1.591207e-06 2.074541e-03
1344 1.997151e-06 3.258687e-03
1345 2.091774e-05 1.300730e-02
1346 2.218233e-04 1.966535e-02
1347 1.422174e-07 1.342732e-03
1348 4.533765e-05 8.042335e-03
1349 3.510105e-04 9.587707e-02
1350 4.488395e-05 9.131906e-03
1351 1.127663e-04 8.951337e-03
1352 3.744671e-05 8.462496e-03
1353 7.945730e-06 9.819442e-03
1354 2.680564e-06 4.750054e-03
1355 4.243507e-05 7.979130e-03
1356 9.364616e-05 2.203711e-02
1357 9.740009e-07 5.950330e-03
1358 1.910606e-05 5.003875e-03
1359 3.987015e-07 2.028306e-03
1360 1.958508e-06 4.006694e-03
1361 4.410694e-05 8.792030e-03
1362 3.654821e-04 2.855301e-02
1363 1.396528e-05 5.626669e-03
1364 1.771902e-05 3.015008e-02
1365 2.347421e-06 4.266587e-03
1366 6.928490e-06 3.948392e-03
1367 5.617755e-07 1.713742e-03
1368 1.084191e-04 3.465336e-02
1369 1.383753e-08 2.456499e-03
1370 5.747712e-07 1.631819e-03
1371 1.617570e-04 2.289973e-02
1372 2.117576e-06 4.052739e-03
1373 1.716310e-05 4.503403e-03
1374 3.660663e-07 3.330190e-03
1375 1.158363e-05 7.275197e-03
1376 1.403760e-03 4.309497e-01
1377 1.950822e-05 8.410439e-03
1378 7.697374e-07 1.397483e-03
1379 2.112113e-05 3.412855e-03
1380 1.133763e-03 1.785958e-01
1381 1.321900e-06 3.110656e-03
1382 7.655850e-07 1.225702e-03
1383 1.859139e-05 1.801599e-02
1384 2.648559e-06 4.476838e-03
1385 1.724416e-06 4.369343e-03
1386 6.863012e-06 5.155602e-03
1387 6.770966e-05 6.051435e-03
1388 2.325909e-05 5.453976e-03
1389 2.126602e-06 3.079558e-03
1390 2.431160e-06 2.881042e-03
1391 3.767377e-05 7.754389e-03
1392 1.446698e-06 1.920100e-03
1393 1.524033e-06 7.598651e-03
1394 4.364570e-06 6.194901e-03
1395 1.346984e-04 3.524287e-02
1396 6.681562e-05 2.451434e-02
1397 4.125596e-06 2.835595e-03
1398 2.878833e-05 1.677774e-02
1399 1.691036e-05 1.928932e-02
1400 5.702090e-06 4.491636e-03
1401 4.232267e-04 6.170086e-02
1402 4.237965e-06 4.399905e-03
1403 5.643809e-06 4.553064e-03
1404 1.363180e-06 2.257502e-03
1405 1.754791e-06 3.819016e-03
1406 5.139936e-05 1.110378e-02
1407 7.712366e-07 2.698764e-03
1408 1.333810e-03 1.980381e-01
1409 5.790357e-05 4.710864e-02
1410 5.310935e-06 1.062869e-02
1411 3.578874e-05 1.005676e-02
1412 6.640892e-07 4.357297e-03
1413 6.912831e-09 1.143307e-03
1414 6.499637e-07 2.404645e-03
1415 7.411941e-06 5.560897e-03
1416 3.710444e-07 2.959718e-03
1417 1.878924e-05 2.965628e-03
1418 5.930389e-06 4.548630e-03
1419 3.107305e-06 4.334063e-03
1420 1.458148e-04 1.485644e-02
1421 3.351695e-05 1.103328e-02
1422 5.623791e-05 2.386903e-02
1423 5.582328e-07 3.794549e-03
1424 1.381999e-05 5.842152e-03
1425 1.381999e-05 5.842152e-03
1426 1.984771e-05 5.861068e-03
1427 1.192778e-05 4.356214e-03
1428 1.076606e-05 6.145688e-03
1429 4.172488e-05 1.044986e-02
1430 7.708094e-04 7.205712e-02
1431 6.367382e-05 2.935720e-02
1432 5.116378e-06 1.690483e-02
1433 3.780774e-06 7.165053e-03
1434 6.343021e-06 3.139202e-03
1435 1.660919e-06 3.075655e-03
1436 1.170461e-05 4.374530e-03
1437 1.522025e-06 2.245717e-03
1438 9.004583e-06 8.033976e-03
1439 7.796151e-04 1.294899e-01
1440 6.928942e-07 2.772369e-03
1441 5.607940e-07 1.726477e-03
1442 2.298890e-05 5.595363e-03
1443 1.442728e-05 4.323583e-03
1444 2.407960e-05 4.289441e-03
1445 9.969944e-06 7.590533e-03
1446 4.500285e-05 6.120215e-03
1447 2.638980e-03 3.282014e-01
1448 1.207403e-05 2.124201e-03
1449 4.580062e-07 2.971067e-03
1450 5.684171e-05 1.074009e-02
1451 2.327227e-04 2.320204e-02
1452 1.002806e-04 3.813084e-02
1453 1.000381e-07 2.952189e-03
1454 4.883890e-06 3.631991e-03
1455 3.299862e-05 6.257347e-03
1456 1.922586e-06 1.706386e-03
1457 3.686345e-06 2.088688e-03
1458 3.451798e-06 2.342407e-03
1459 7.827216e-06 5.085790e-03
1460 3.742860e-05 1.374418e-02
1461 2.282655e-06 1.925887e-03
1462 3.329298e-06 1.744560e-03
1463 7.484945e-07 1.458847e-03
1464 2.820686e-07 2.015632e-03
1465 2.965666e-07 1.391867e-03
1466 4.785441e-05 2.052042e-02
1467 2.652269e-04 1.175446e-02
1468 1.523843e-05 6.555742e-03
1469 8.629208e-05 1.076894e-02
1470 4.269096e-08 3.687921e-03
1471 2.284436e-05 8.523046e-03
1472 2.014106e-06 6.176056e-03
1473 3.359555e-06 3.654145e-03
1474 6.642180e-06 1.640643e-02
1475 9.416897e-08 1.745596e-03
1476 3.863945e-05 1.799095e-02
1477 6.399209e-09 1.744939e-03
1478 2.198548e-05 1.447016e-02
1479 2.198324e-05 1.001825e-02
1480 5.958840e-05 4.354555e-02
1481 2.274984e-05 2.705163e-02
1482 2.141828e-05 1.167667e-02
1483 2.726394e-05 5.002963e-03
1484 7.328051e-04 7.306900e-02
1485 7.393435e-05 2.612073e-02
1486 2.196500e-03 9.640309e-02
1487 9.255766e-07 1.976321e-03
1488 1.295866e-04 2.286415e-02
1489 8.770253e-07 1.482669e-03
1490 1.933218e-06 3.189394e-03
1491 1.189587e-04 4.133088e-02
1492 3.215768e-06 6.647286e-03
1493 3.369746e-06 1.149150e-02
1494 3.314837e-07 2.890913e-03
1495 1.003966e-04 8.701068e-03
1496 5.271610e-06 4.070355e-03
1497 4.786941e-04 9.387206e-02
1498 1.277353e-06 5.043539e-03
1499 9.931647e-08 2.921684e-03
1500 5.358905e-06 4.749777e-03
1501 2.015319e-06 4.936818e-03
1502 4.865508e-04 5.969614e-02
1503 8.351640e-04 9.214033e-02
1504 5.045133e-05 1.185956e-02
1505 3.230517e-06 5.536500e-03
1506 2.088498e-05 5.648046e-03
1507 8.463393e-05 1.373469e-02
1508 8.339503e-04 9.154327e-02
1509 2.109376e-06 4.359120e-03
1510 9.298705e-06 7.698926e-03
1511 2.608773e-05 6.650816e-03
1512 4.358767e-06 7.062159e-03
1513 3.539261e-05 7.136582e-03
1514 2.473312e-06 6.241901e-03
1515 1.317296e-03 2.251158e-01
1516 1.033672e-05 1.121236e-02
1517 2.051044e-03 1.048375e-01
1518 1.484563e-05 5.431880e-03
1519 1.268018e-05 9.482391e-03
1520 8.333813e-07 1.739137e-03
1521 3.058390e-06 7.083165e-03
1522 2.175114e-04 2.607473e-02
1523 1.090332e-05 8.792599e-03
1524 5.141766e-05 1.648173e-02
1525 2.042195e-04 2.624808e-02
1526 4.290605e-06 1.184214e-02
1527 8.106693e-05 1.369807e-02
1528 1.172408e-05 1.016517e-02
1529 2.265124e-05 5.864140e-03
1530 8.222111e-06 1.455820e-02
1531 8.170553e-05 1.213186e-02
1532 4.174889e-06 4.820570e-03
1533 7.937454e-06 6.418721e-03
1534 1.236396e-05 7.641005e-03
1535 3.425475e-07 1.566466e-03
1536 1.680724e-06 2.601574e-03
1537 5.010901e-06 3.636115e-03
1538 2.481137e-06 3.925408e-03
1539 3.259183e-06 2.157496e-03
1540 4.235377e-04 1.838006e-02
1541 1.259046e-03 1.711985e-01
1542 1.287437e-04 7.218897e-02
1543 2.652539e-04 1.343777e-01
1544 2.016443e-05 8.533156e-03
1545 5.206097e-04 4.414531e-02
1546 1.317111e-05 7.058612e-03
1547 2.077974e-03 1.309541e-01
1548 9.582204e-06 1.643745e-02
1549 3.394183e-06 4.115741e-03
1550 9.673354e-08 4.397915e-03
1551 4.973674e-06 5.197264e-03
1552 8.377233e-04 9.932472e-02
1553 2.056125e-03 2.867259e-01
1554 2.652556e-05 8.818193e-03
1555 1.875529e-03 1.220412e-01
1556 3.919042e-05 1.206965e-02
1557 1.273989e-03 6.977040e-02
1558 5.392824e-04 4.094630e-02
1559 1.203140e-05 1.036111e-02
1560 1.366395e-04 4.182396e-02
1561 1.753229e-03 9.599771e-02
1562 1.723258e-06 6.855125e-03
1563 3.879258e-05 1.015183e-02
1564 6.686170e-04 8.578400e-02
1565 2.933727e-05 1.408598e-02
1566 1.538034e-06 5.272999e-03
1567 9.645796e-03 6.433016e-01
1568 1.041038e-05 1.413527e-02
1569 5.358013e-05 6.857704e-03
1570 2.288001e-03 2.570427e-01
1571 6.637388e-06 2.137448e-03
1572 1.774706e-04 9.554044e-03
1573 1.222221e-03 1.478226e-01
1574 6.377333e-05 1.027568e-02
1575 8.046555e-06 1.777427e-02
1576 7.529992e-04 5.244672e-02
1577 3.882318e-04 1.723934e-01
1578 2.658673e-04 3.257460e-02
1579 5.737284e-06 4.669215e-03
1580 8.756494e-04 3.058810e-01
1581 7.857290e-05 1.415354e-02
1582 6.656496e-06 3.094409e-03
1583 8.693583e-05 4.525309e-02
1584 9.480623e-06 1.387916e-02
1585 1.005256e-03 1.431562e-01
1586 3.444288e-05 9.956028e-03
1587 2.960262e-05 2.957181e-03
1588 7.769686e-05 1.555033e-02
1589 1.048690e-07 2.908532e-03
1590 7.514493e-06 3.702315e-03
1591 1.145459e-06 4.354530e-03
1592 1.842162e-05 4.343363e-03
1593 5.574562e-06 2.999796e-03
1594 3.078296e-05 9.676138e-03
1595 7.786236e-07 4.116051e-03
1596 9.445533e-05 2.819028e-02
1597 1.416174e-05 7.695345e-03
1598 3.920571e-05 5.673198e-03
1599 2.689857e-04 1.105296e-01
1600 6.192061e-06 9.542163e-03
1601 2.416524e-07 3.280314e-03
1602 1.200923e-03 3.772563e-01
1603 8.864521e-06 7.543988e-03
1604 8.421173e-05 6.446605e-03
1605 1.065179e-04 6.515751e-03
1606 1.162476e-03 1.581655e-01
1607 6.950057e-04 8.233203e-02
1608 2.618321e-06 4.634598e-03
1609 3.607087e-04 4.984905e-02
1610 6.609869e-04 3.127994e-01
1611 3.419815e-05 1.226536e-02
1612 3.031944e-06 3.605887e-03
1613 2.596012e-08 1.206638e-03
1614 3.484632e-04 1.968662e-02
1615 2.346226e-04 1.234401e-01
1616 3.492103e-07 2.586625e-03
1617 2.322886e-07 3.392431e-03
1618 1.306271e-05 2.253057e-03
1619 4.414721e-04 7.020302e-02
1620 1.778470e-05 5.234013e-02
1621 1.270341e-05 9.890269e-02
1622 5.521677e-05 1.624842e-02
1623 1.329438e-04 4.836926e-02
1624 1.032391e-03 1.561670e-01
1625 9.924471e-07 4.350085e-03
1626 9.031856e-05 4.544854e-02
1627 5.217146e-05 1.552784e-02
1628 2.801618e-04 4.222789e-02
1629 6.838442e-04 1.256887e-01
1630 4.369329e-03 1.637192e-01
1631 1.707937e-04 7.150867e-02
1632 2.198151e-04 5.239908e-02
1633 3.161939e-07 3.080398e-03
1634 4.326020e-06 6.427986e-03
1635 2.511853e-07 1.148132e-03
1636 2.832623e-07 2.916382e-03
1637 9.675571e-07 1.667440e-03
1638 6.094984e-07 3.060446e-03
1639 9.314346e-08 1.847991e-03
1640 1.272760e-04 3.650573e-02
1641 3.078417e-04 4.307710e-02
1642 1.070649e-03 2.206324e-01
1643 8.258645e-06 2.300698e-02
1644 5.857377e-06 8.182104e-03
1645 3.668826e-05 5.319468e-03
1646 5.518284e-03 5.318556e-01
1647 3.566576e-05 1.258350e-02
1648 5.499673e-06 3.485072e-03
1649 2.462098e-03 1.928818e-01
1650 1.547334e-04 4.102100e-02
1651 5.458506e-06 4.058213e-03
1652 1.852727e-04 5.394268e-02
1653 1.342443e-03 1.322644e-01
1654 2.458641e-05 2.196062e-02
1655 6.920625e-04 9.245328e-02
1656 8.894061e-06 1.641723e-02
1657 1.085851e-05 1.060319e-02
1658 5.080946e-06 4.735820e-03
1659 8.618835e-05 1.336042e-02
1660 2.187792e-04 1.346814e-02
1661 1.201904e-04 2.227965e-02
1662 6.818192e-06 6.669447e-03
1663 5.500297e-04 7.043096e-02
1664 6.372432e-05 9.090580e-03
1665 1.836423e-05 8.478417e-03
1666 4.221835e-04 4.288818e-02
1667 3.109944e-05 3.039194e-02
1668 9.974069e-09 8.863500e-04
1669 6.865727e-06 1.122787e-02
1670 6.037310e-06 2.880204e-03
1671 8.425595e-05 1.924343e-02
1672 8.306084e-04 1.365193e-01
1673 6.084957e-05 1.591571e-02
1674 3.567410e-06 9.181587e-03
1675 4.874196e-05 1.133779e-02
1676 1.864984e-06 2.681008e-03
1677 1.301015e-06 7.010356e-03
1678 1.189470e-06 3.531972e-03
1679 2.281334e-08 1.408719e-03
1680 1.591088e-04 2.389392e-02
1681 5.111646e-05 2.114596e-02
1682 4.496717e-05 1.372338e-02
1683 7.515056e-07 1.719641e-03
1684 8.523875e-06 3.461677e-03
1685 2.449618e-05 1.356531e-02
1686 2.200765e-04 3.603954e-02
1687 2.723177e-05 2.904114e-02
1688 1.184648e-04 2.172830e-02
1689 2.778856e-04 5.125838e-02
1690 2.197835e-06 1.657022e-03
1691 1.053753e-06 1.719597e-03
1692 3.958913e-06 5.310905e-03
1693 1.558059e-04 2.477731e-02
1694 9.797682e-05 3.801724e-02
1695 9.397292e-06 2.408713e-03
1696 1.420811e-04 1.386086e-01
1697 3.878496e-06 8.157279e-03
1698 6.194998e-04 7.542533e-02
1699 2.702014e-03 2.665700e-01
1700 9.082281e-07 4.088560e-03
1701 8.389428e-05 3.853954e-02
1702 8.660829e-05 8.062109e-02
1703 7.329522e-05 5.434105e-02
1704 7.098582e-07 1.508031e-03
1705 9.297929e-07 1.936198e-03
1706 3.048168e-06 2.331133e-03
1707 4.502115e-05 3.858350e-02
1708 1.115189e-06 8.025035e-03
1709 7.689313e-05 1.343878e-02
1710 1.137812e-05 1.117081e-02
1711 1.708289e-03 5.862923e-02
1712 1.315720e-04 4.068083e-02
1713 2.626783e-05 7.893959e-03
1714 5.047863e-04 2.801379e-02
1715 4.427750e-06 5.858159e-03
1716 7.701707e-07 4.381485e-03
1717 8.773638e-05 2.226075e-02
1718 1.156673e-05 1.132852e-02
1719 1.915376e-06 7.508107e-03
1720 6.866373e-06 8.933109e-03
1721 2.705241e-05 3.066362e-02
1722 4.443457e-06 8.232888e-03
1723 1.966534e-03 2.028519e-01
1724 1.263083e-05 2.822743e-03
1725 3.776336e-05 1.366157e-02
1726 3.739380e-04 6.548080e-02
1727 1.838783e-04 2.400870e-02
1728 3.578270e-04 3.219076e-02
1729 1.270331e-05 3.807692e-03
1730 4.022675e-04 6.696326e-02
1731 1.421281e-05 6.144428e-03
1732 3.971270e-07 1.876256e-03
1733 4.162185e-09 1.011440e-03
1734 7.315059e-05 2.522614e-02
1735 1.106160e-04 2.163537e-02
1736 4.188983e-08 1.147794e-03
1737 4.856547e-05 1.318412e-02
1738 5.404330e-06 2.936252e-03
1739 2.603452e-05 1.162255e-02
1740 6.203456e-05 5.933499e-02
1741 3.652432e-07 4.419902e-03
1742 3.195380e-04 7.945750e-02
1743 2.068581e-04 3.638167e-02
1744 1.411373e-04 2.644788e-02
1745 4.204972e-05 8.875403e-03
1746 2.061123e-06 2.582158e-03
1747 3.286464e-06 6.525992e-03
1748 3.894649e-03 3.085114e-01
1749 5.424208e-06 8.439631e-03
1750 9.638708e-06 8.328913e-03
1751 3.394140e-06 6.218098e-03
1752 1.048551e-06 2.049223e-03
1753 1.511518e-04 3.660650e-02
1754 2.822941e-06 5.165970e-03
1755 1.399342e-06 5.946224e-03
1756 9.489299e-06 1.859943e-02
1757 5.951373e-06 1.418417e-02
1758 4.050790e-04 3.171062e-02
1759 2.272950e-06 4.729619e-03
1760 1.344608e-03 1.972590e-01
1761 5.174359e-07 7.012238e-03
1762 3.445764e-06 3.750051e-03
1763 5.644231e-06 1.117907e-02
1764 3.151597e-06 6.589819e-03
1765 1.737557e-05 1.712410e-02
1766 5.254411e-06 4.032811e-03
1767 1.183380e-05 5.631108e-03
1768 6.909657e-05 2.560537e-02
1769 1.271204e-05 1.585851e-02
1770 5.604451e-06 8.180263e-03
1771 6.417160e-06 9.245945e-03
1772 1.091530e-03 1.861239e-01
1773 4.837990e-04 1.383263e-01
1774 3.743530e-07 2.908986e-03
1775 8.553137e-07 2.773099e-03
1776 2.441780e-06 1.918710e-02
1777 2.969892e-05 1.057999e-02
1778 3.212060e-06 6.810885e-03
1779 1.580819e-05 1.643161e-02
1780 5.263737e-07 2.782154e-03
1781 3.382090e-08 1.303074e-03
1782 3.185359e-07 3.157272e-03
1783 2.920309e-06 6.652416e-03
1784 6.947878e-05 2.097537e-02
1785 1.006964e-05 3.653033e-03
1786 4.616593e-05 2.967232e-02
1787 1.612515e-03 1.005714e-01
1788 3.955974e-07 4.418627e-03
1789 1.401937e-05 3.064953e-02
1790 1.725808e-06 2.101784e-03
1791 1.750929e-05 4.664950e-03
1792 1.587286e-05 5.206582e-03
1793 9.744036e-07 9.416660e-03
1794 1.489206e-04 1.875031e-02
1795 6.494570e-06 3.210086e-03
1796 4.935359e-04 1.479424e-01
1797 7.108766e-06 1.717823e-02
1798 1.356062e-06 6.369628e-03
1799 1.263284e-05 2.558226e-03
1800 8.344916e-05 4.497510e-02
1801 6.987182e-06 3.503421e-03
1802 1.328863e-04 2.015526e-02
1803 3.350879e-07 1.990988e-03
1804 3.790085e-06 2.108782e-03
1805 1.766854e-07 1.100836e-02
1806 2.507819e-06 5.070713e-03
1807 5.755788e-07 1.501518e-03
1808 2.944297e-03 4.098855e-01
1809 1.475246e-05 9.131069e-03
1810 5.945745e-04 5.101952e-02
1811 3.853029e-06 7.536223e-03
1812 2.413145e-06 5.854994e-03
1813 4.730864e-05 1.142231e-02
1814 5.278586e-07 2.765597e-03
1815 2.427131e-05 2.173102e-02
1816 9.245774e-06 2.031343e-02
1817 2.018991e-05 4.041846e-03
1818 2.239468e-06 4.618787e-03
1819 2.473534e-08 2.081947e-03
1820 3.471606e-07 1.577684e-03
1821 5.602901e-07 3.382501e-03
1822 4.426422e-04 5.019013e-02
1823 1.728957e-05 3.751350e-02
1824 3.193664e-05 4.402220e-02
1825 1.327020e-03 1.152183e-01
1826 5.501345e-04 9.708180e-02
1827 1.325739e-04 2.495179e-02
1828 1.718004e-05 1.262066e-02
1829 9.721574e-06 8.352495e-03
1830 7.501126e-07 2.878183e-03
1831 1.747262e-07 1.683368e-03
1832 3.832364e-06 1.404527e-02
1833 7.548902e-06 5.882867e-03
1834 7.772927e-07 3.435470e-03
1835 1.137202e-06 3.497810e-03
1836 1.281427e-03 6.905551e-02
1837 8.698722e-04 1.373248e-01
1838 2.460089e-05 5.014218e-03
1839 5.407172e-05 3.197909e-02
1840 9.190015e-05 2.708182e-02
1841 1.340414e-04 3.658589e-02
1842 1.779453e-06 6.640664e-03
1843 1.127104e-05 7.861721e-03
1844 7.376729e-07 2.708517e-03
1845 2.467929e-05 1.637818e-02
1846 4.111954e-07 3.497920e-03
1847 1.366250e-04 5.170241e-02
1848 2.148346e-07 2.198737e-03
1849 2.008023e-06 1.355909e-02
1850 2.756367e-06 1.461390e-02
1851 5.483183e-06 3.506320e-02
1852 1.221151e-05 1.492712e-02
1853 2.804613e-04 2.825384e-02
1854 4.540699e-04 9.518161e-02
1855 2.013158e-05 2.825989e-02
1856 1.693937e-07 2.257328e-03
1857 1.461932e-06 4.541426e-03
1858 8.567278e-06 3.267624e-03
1859 1.268190e-06 3.135134e-03
1860 1.068890e-04 1.902370e-02
1861 1.411104e-06 7.282050e-03
1862 1.674169e-03 1.543975e-01
1863 1.090995e-06 2.959349e-03
1864 5.176478e-06 2.458920e-03
1865 7.266348e-06 1.118043e-02
1866 2.339645e-04 2.866066e-02
1867 5.487094e-08 2.605942e-03
1868 1.178174e-05 3.926797e-03
1869 4.300499e-04 1.409579e-01
1870 1.329743e-05 5.256473e-03
1871 3.619624e-06 1.063063e-02
1872 3.915292e-07 7.151924e-03
1873 2.521200e-07 1.820105e-03
1874 1.353099e-06 1.999442e-03
1875 9.580891e-04 9.834559e-02
1876 3.189232e-07 2.386422e-03
1877 1.803105e-06 2.754192e-03
1878 1.258700e-06 6.468348e-03
1879 6.262599e-06 1.127454e-02
1880 1.183979e-04 1.556614e-02
1881 2.342226e-05 4.394435e-02
1882 6.807747e-06 3.689920e-03
1883 2.227326e-05 1.133752e-02
1884 5.075203e-04 2.681499e-02
1885 5.393047e-06 5.697294e-03
1886 4.784018e-05 6.332080e-03
1887 1.022398e-04 1.642317e-02
1888 1.704075e-06 2.774151e-03
1889 9.766522e-07 1.272138e-03
1890 1.379427e-05 1.071294e-02
1891 3.483781e-04 9.240656e-02
1892 2.899094e-05 1.192685e-02
1893 7.772329e-05 2.794331e-02
1894 3.235327e-03 3.203375e-01
1895 1.725573e-04 3.796442e-02
1896 1.060889e-03 5.441874e-02
1897 2.529292e-06 3.877221e-03
1898 7.711534e-05 4.343547e-02
1899 1.460668e-05 7.756889e-03
1900 3.752420e-04 2.873407e-02
1901 2.137080e-05 3.394055e-03
1902 5.852125e-07 1.815593e-03
1903 1.813278e-05 9.567598e-03
1904 1.184360e-05 7.336632e-03
1905 1.058207e-05 4.593278e-03
1906 3.716239e-06 4.903687e-03
1907 2.641009e-07 3.748914e-03
1908 1.325471e-06 1.611904e-03
1909 2.068797e-05 4.718990e-03
1910 2.764861e-04 3.659143e-02
1911 2.352463e-04 1.695867e-02
1912 4.510140e-04 3.516592e-02
1913 6.244951e-04 4.012660e-02
1914 1.115877e-05 4.137319e-03
1915 1.272745e-06 7.866892e-03
1916 6.558073e-03 3.324938e-01
1917 2.631351e-04 2.052362e-01
1918 6.105856e-05 2.678310e-02
1919 3.530033e-05 1.055095e-02
1920 9.751120e-05 6.390088e-03
1921 3.090545e-07 1.350837e-03
1922 6.647911e-06 3.457940e-03
1923 5.246209e-06 2.124956e-03
1924 1.010747e-06 2.229007e-03
1925 2.393770e-06 1.975922e-03
1926 4.094861e-04 5.956401e-02
1927 3.075251e-05 1.053992e-02
1928 1.183100e-06 1.740876e-03
1929 3.436293e-05 7.054023e-03
1930 1.565623e-05 1.599231e-02
1931 3.409149e-05 1.287548e-02
1932 5.875429e-05 3.142428e-02
1933 2.742769e-05 1.354161e-02
1934 7.381186e-05 5.488639e-02
1935 8.549501e-06 1.302835e-02
1936 2.120576e-05 1.147587e-02
1937 1.463463e-05 4.294507e-03
1938 4.411055e-07 1.993159e-03
1939 1.171962e-03 1.503216e-01
1940 1.610094e-05 2.158261e-02
1941 2.811409e-05 1.303254e-02
1942 2.073172e-04 5.506818e-02
1943 6.586474e-05 2.959675e-02
1944 1.193038e-03 6.671477e-02
1945 1.117847e-04 1.894521e-02
1946 8.670148e-06 4.443918e-03
1947 9.283069e-06 2.736297e-03
1948 2.477800e-07 1.698984e-03
1949 8.368602e-05 7.999856e-02
1950 3.933168e-05 1.463397e-02
1951 2.852445e-05 3.724440e-02
1952 2.349045e-06 6.379716e-03
1953 7.079759e-05 1.980314e-02
1954 2.339009e-04 5.328713e-02
1955 2.495420e-05 7.268020e-03
1956 2.721122e-04 2.148970e-02
1957 1.236952e-05 6.934399e-03
1958 2.252784e-05 1.464122e-02
1959 1.447302e-05 2.501964e-02
1960 1.448829e-04 1.895858e-02
1961 4.214788e-04 5.325812e-02
1962 9.929169e-05 2.377757e-02
1963 4.149379e-04 4.167424e-02
1964 1.424017e-06 3.674941e-03
1965 8.832970e-06 1.376642e-02
1966 5.160990e-06 6.462203e-03
1967 7.039853e-05 4.937145e-02
1968 7.154764e-07 2.080483e-03
1969 1.201339e-04 2.859698e-02
1970 1.317450e-04 3.773539e-02
1971 4.216849e-04 1.486043e-01
1972 1.799237e-05 4.589889e-03
1973 4.412475e-04 8.291798e-02
1974 1.056390e-06 4.181165e-03
1975 4.130632e-04 8.032445e-02
1976 2.884203e-04 4.399684e-02
1977 6.660273e-06 5.473152e-03
1978 1.545317e-06 3.979384e-03
1979 5.350337e-05 3.421554e-02
1980 1.674584e-05 3.349597e-03
1981 2.312467e-04 3.582324e-02
1982 2.570513e-06 2.620984e-03
1983 4.259751e-07 2.054174e-03
1984 3.301846e-05 2.552643e-02
1985 4.125679e-05 8.244693e-03
1986 1.186807e-05 4.186818e-03
1987 5.009406e-06 3.453020e-02
1988 2.520930e-03 6.812291e-02
1989 8.390723e-07 1.363172e-03
1990 6.484671e-06 3.374521e-03
1991 2.037467e-05 5.406028e-03
1992 3.676355e-04 9.654031e-02
1993 1.845076e-07 1.174111e-03
1994 2.734946e-07 1.239722e-03
1995 1.785028e-04 3.724779e-02
1996 1.009770e-05 4.012527e-03
1997 1.525421e-06 1.904019e-03
1998 2.329759e-05 5.248251e-03
1999 3.411723e-04 1.372800e-02
2000 4.707433e-07 2.444335e-03
2001 1.543208e-06 2.880490e-03
