1 4.047066e-03 3.891276e-01
2 2.867645e-05 1.919943e-02
3 4.483998e-06 2.420569e-03
4 3.338194e-07 1.841468e-03
5 1.144174e-06 2.583520e-03
6 4.599409e-03 2.412553e-01
7 2.429111e-05 1.029556e-02
8 2.160007e-05 4.154534e-02
9 1.756560e-08 2.382901e-03
10 7.002000e-05 8.455962e-02
11 6.372507e-07 5.142976e-03
12 6.220505e-08 1.229675e-03
13 5.756946e-04 1.972224e-01
14 5.115478e-07 7.600208e-03
15 2.443006e-06 2.949200e-03
16 5.412270e-05 2.437078e-02
17 5.585040e-07 1.898802e-03
18 9.240799e-04 1.692511e-01
19 5.760951e-06 7.581475e-03
20 5.751085e-10 1.022692e-03
21 2.969422e-03 5.445686e-01
22 1.574970e-05 4.870204e-03
23 3.124746e-05 2.691495e-02
24 6.150741e-04 1.844848e-01
25 1.494699e-03 1.346247e-01
26 7.258137e-06 3.721011e-03
27 1.804459e-04 1.102430e-02
28 2.612454e-06 3.521966e-03
29 1.873121e-03 3.584563e-01
30 2.320479e-03 5.373130e-01
31 5.105649e-04 2.261106e-01
32 1.587851e-04 8.856365e-03
33 1.375753e-07 1.219956e-03
34 1.855931e-07 1.148394e-03
35 1.179510e-06 3.018970e-03
36 6.364425e-04 3.346205e-01
37 4.935522e-04 5.258914e-02
38 2.488604e-06 8.471385e-03
39 5.608802e-08 1.947592e-03
40 8.599806e-07 3.481534e-03
41 1.133256e-04 1.851391e-02
42 4.994392e-07 4.990739e-03
43 9.040161e-04 2.457085e-01
44 1.931156e-04 6.156497e-02
45 1.502903e-04 1.123892e-01
46 1.331339e-05 8.623742e-03
47 1.322175e-04 2.627961e-01
48 1.122087e-04 9.101766e-02
49 1.990194e-05 8.428336e-03
50 5.357732e-03 3.869410e-01
51 1.930692e-05 1.154595e-02
52 7.329222e-06 2.325082e-02
53 5.819540e-05 5.578250e-03
54 4.301406e-06 9.740826e-03
55 3.537274e-06 4.971963e-03
56 4.046566e-05 7.649942e-03
57 4.848640e-06 1.429433e-02
58 1.489783e-03 6.370022e-02
59 2.473612e-04 3.428941e-02
60 1.707348e-08 1.409971e-03
61 2.828034e-03 6.322465e-01
62 3.798473e-06 3.266082e-02
63 1.733088e-06 1.883097e-03
64 3.730896e-07 4.152550e-03
65 1.985526e-04 4.033543e-02
66 1.378196e-05 4.278385e-03
67 1.828136e-06 7.199537e-03
68 1.508404e-05 7.532149e-03
69 1.833407e-07 1.417304e-03
70 1.810413e-07 1.337820e-03
71 5.451410e-04 1.843390e-01
72 2.436596e-05 1.874238e-02
73 2.460820e-07 4.135571e-03
74 3.255616e-04 1.691820e-01
75 7.939181e-05 8.801935e-03
76 1.897892e-06 2.775286e-03
77 9.913940e-06 3.664621e-02
78 3.788069e-04 2.216728e-01
79 9.975569e-04 7.206991e-02
80 5.488127e-06 2.501006e-03
81 4.257107e-06 1.560464e-03
82 1.660606e-05 3.881192e-03
83 1.132631e-04 1.523112e-02
84 8.733025e-07 1.846584e-03
85 4.741632e-04 4.369427e-02
86 7.248863e-06 6.315829e-03
87 7.361874e-07 2.797325e-03
88 2.888395e-07 1.693343e-03
89 9.962432e-06 2.155135e-02
90 8.929230e-04 1.443588e-01
91 1.687179e-03 9.438568e-02
92 7.566880e-03 5.393397e-01
93 6.826708e-06 1.341651e-02
94 9.166317e-06 3.910393e-03
95 3.863762e-03 4.829382e-01
96 3.783416e-05 9.064835e-03
97 3.505778e-06 3.505651e-02
98 2.235857e-06 3.397136e-03
99 1.073278e-04 8.568418e-03
100 4.130818e-03 7.750133e-01
101 4.199004e-06 4.585221e-03
102 3.845174e-06 1.461921e-02
103 1.465102e-03 1.806318e-01
104 1.317627e-04 3.213341e-02
105 2.078496e-04 4.621320e-02
106 5.103383e-07 8.954370e-03
107 1.194687e-07 2.871718e-03
108 7.995732e-06 1.873181e-02
109 2.789406e-07 5.080320e-03
110 9.061009e-06 1.102643e-02
111 2.248872e-03 2.930089e-01
112 4.504914e-04 7.142194e-02
113 2.070044e-03 3.699232e-01
114 1.493596e-03 2.483251e-01
115 4.129714e-04 1.118657e-01
116 1.067083e-03 1.598391e-01
117 8.433547e-04 7.562558e-02
118 1.229378e-03 1.876274e-01
119 1.425455e-08 4.547271e-03
120 1.204539e-08 3.640044e-03
121 1.545434e-07 1.148863e-02
122 5.252911e-07 1.860939e-03
123 5.072471e-06 5.678239e-03
124 3.893082e-05 1.166379e-02
125 3.148116e-08 3.997867e-03
126 2.396000e-06 5.953711e-03
127 3.963776e-07 9.644901e-03
128 1.028046e-06 7.761530e-03
129 4.711452e-07 4.451437e-03
130 4.205360e-07 3.960211e-03
131 2.804642e-07 5.882258e-03
132 1.056162e-06 4.596183e-03
133 4.065169e-07 7.651167e-03
134 2.127928e-05 2.019823e-02
135 1.452974e-07 4.523284e-03
136 6.870765e-07 4.035953e-03
137 4.459756e-06 1.212660e-02
138 3.366746e-07 9.352247e-03
139 5.351708e-07 8.677343e-03
140 2.003130e-07 5.166841e-03
141 6.158999e-08 3.028383e-03
142 3.651841e-07 3.100299e-03
143 1.340123e-06 6.847433e-03
144 2.323435e-07 8.554886e-03
145 8.496666e-08 4.697211e-03
146 3.790521e-07 6.109581e-03
147 9.016948e-07 6.286802e-03
148 1.904599e-07 7.980777e-03
149 1.098932e-06 4.233641e-03
150 3.421647e-08 3.986022e-03
151 3.757153e-06 9.916565e-03
152 1.154777e-06 5.892848e-03
153 1.639175e-07 2.969377e-03
154 5.684589e-08 3.758967e-03
155 2.851281e-08 3.021808e-03
156 6.381979e-07 3.813863e-03
157 1.323648e-07 4.019910e-03
158 1.840771e-06 4.427457e-03
159 7.835682e-07 5.819831e-03
160 1.264818e-06 5.098192e-03
161 1.152811e-07 3.125243e-03
162 4.182843e-08 3.001413e-03
163 1.508097e-07 3.075644e-03
164 1.209139e-08 1.642135e-03
165 1.318769e-08 1.681770e-03
166 5.358392e-09 1.657313e-03
167 4.601309e-08 2.935606e-03
168 5.692420e-07 3.278311e-03
169 4.129119e-06 5.898189e-03
170 4.795442e-09 1.639535e-03
171 1.419683e-07 3.408107e-03
172 2.908049e-08 3.217143e-03
173 1.578914e-08 1.618770e-03
174 5.954543e-08 3.085023e-03
175 5.196397e-08 3.090285e-03
176 3.657370e-08 2.996602e-03
177 1.255439e-08 1.656312e-03
178 1.826771e-07 2.270547e-03
179 6.947363e-09 1.614353e-03
180 3.993551e-08 3.092424e-03
181 2.824547e-08 2.124276e-03
182 4.029016e-08 3.396186e-03
183 3.556708e-09 1.196372e-03
184 4.579472e-09 1.614694e-03
185 1.005346e-08 1.232755e-03
186 4.905102e-08 2.175680e-03
187 7.822638e-09 1.906578e-03
188 1.885315e-09 1.592498e-03
189 2.275845e-09 1.133892e-03
190 5.953398e-09 1.208464e-03
191 2.229198e-05 1.718921e-02
192 2.831365e-06 3.698257e-03
193 1.065655e-04 3.016123e-02
194 1.159419e-04 2.763952e-02
195 1.173944e-05 6.074606e-03
196 2.718276e-05 1.267289e-02
197 1.331599e-04 2.127276e-02
198 1.410954e-05 6.034999e-03
199 8.181648e-06 1.299344e-02
200 1.111145e-05 9.610334e-03
201 3.386795e-05 1.119994e-02
202 2.462103e-05 1.941347e-02
203 7.311367e-07 3.481282e-03
204 1.609063e-05 5.029918e-03
205 6.481464e-06 7.910638e-03
206 1.882601e-06 3.790171e-03
207 4.385247e-06 9.343962e-03
208 2.302772e-07 3.452853e-03
209 4.293005e-06 7.898753e-03
210 4.374724e-06 4.547223e-03
211 5.715229e-07 2.388153e-03
212 9.904107e-05 2.080553e-02
213 9.125139e-07 2.417210e-03
214 9.370951e-07 4.235639e-03
215 7.223194e-06 4.517090e-03
216 2.443921e-05 6.888700e-03
217 8.535342e-07 2.077780e-03
218 4.590308e-05 2.254063e-02
219 5.374501e-05 1.420186e-02
220 7.972973e-07 3.506229e-03
221 1.371064e-06 3.844912e-03
222 2.185352e-06 6.913421e-03
223 1.566926e-06 9.623574e-03
224 1.235221e-08 3.042383e-03
225 3.634817e-07 5.413768e-03
226 1.664961e-07 3.628731e-03
227 2.061309e-07 4.244869e-03
228 4.837461e-07 5.004126e-03
229 4.369241e-06 1.335579e-02
230 1.041445e-06 7.689140e-03
231 2.969150e-06 6.567639e-03
232 7.341488e-07 5.025962e-03
233 5.206606e-07 6.113727e-03
234 4.907653e-07 4.891219e-03
235 3.339253e-08 4.500743e-03
236 4.669190e-07 4.936886e-03
237 1.762525e-08 3.366824e-03
238 2.225260e-07 5.697555e-03
239 3.939448e-08 3.543573e-03
240 2.198396e-07 3.138489e-03
241 4.041166e-07 4.013179e-03
242 4.404933e-07 4.931091e-03
243 3.925756e-08 3.169706e-03
244 1.387804e-07 4.666581e-03
245 3.015515e-07 4.947036e-03
246 7.187123e-08 3.831956e-03
247 4.518453e-07 4.900584e-03
248 5.175195e-08 2.657805e-03
249 1.264697e-06 7.531638e-03
250 2.756591e-07 4.137975e-03
251 1.362211e-07 2.880134e-03
252 1.985813e-06 6.730424e-03
253 1.917922e-08 3.332906e-03
254 8.652996e-08 4.816373e-03
255 5.623712e-07 6.404368e-03
256 4.952982e-08 2.729973e-03
257 9.227832e-08 3.435457e-03
258 2.842441e-05 5.012071e-03
259 6.776441e-05 9.890784e-03
260 3.937150e-05 1.356543e-02
261 3.535682e-05 1.077542e-02
262 6.237524e-06 6.319937e-03
263 1.359425e-05 7.020756e-03
264 2.116920e-05 1.926777e-02
265 2.169185e-06 7.141529e-03
266 6.127763e-05 1.668704e-02
267 5.242212e-05 3.979658e-02
268 5.353626e-06 2.065322e-02
269 6.650121e-06 3.167082e-02
270 2.384768e-06 4.329415e-03
271 4.492969e-06 7.150877e-03
272 9.809077e-07 6.823429e-03
273 1.118663e-06 4.416541e-03
274 2.425848e-06 5.446318e-03
275 9.997021e-07 8.567903e-03
276 4.598306e-05 3.348153e-02
277 4.232357e-07 3.462203e-03
278 7.693404e-07 2.669762e-03
279 6.930941e-06 1.604544e-02
280 2.073842e-06 6.008736e-03
281 2.375375e-06 8.552768e-03
282 2.802996e-06 1.244764e-02
283 1.453349e-06 3.307785e-03
284 2.078602e-05 7.862777e-03
285 1.159627e-04 2.139178e-02
286 1.394156e-04 2.986376e-02
287 9.787048e-06 6.582667e-03
288 1.461994e-05 1.368304e-02
289 1.262989e-04 3.664775e-02
290 1.945105e-04 4.795296e-02
291 9.829082e-06 7.598730e-03
292 5.614540e-05 1.658414e-02
293 3.143040e-05 1.744568e-02
294 2.238853e-05 2.654238e-02
295 1.298489e-06 1.796991e-02
296 4.875965e-04 9.157354e-02
297 4.150797e-03 3.537843e-01
298 1.509473e-04 2.956498e-02
299 3.641724e-06 4.349726e-03
300 1.724155e-06 4.566921e-03
301 9.755141e-04 5.413620e-02
302 1.266265e-06 5.059482e-03
303 3.329055e-07 3.066009e-03
304 5.546999e-08 2.273807e-03
305 7.439232e-08 2.659255e-03
306 5.677098e-08 2.687436e-03
307 2.647547e-09 2.646321e-03
308 9.870582e-09 2.581294e-03
309 5.310078e-06 4.686050e-03
310 2.831377e-08 3.221901e-03
311 4.123167e-09 2.653463e-03
312 2.039267e-07 2.197534e-03
313 3.662633e-09 2.542433e-03
314 1.375245e-08 2.548265e-03
315 4.100797e-09 2.676272e-03
316 2.450602e-08 2.819899e-03
317 3.353951e-09 1.929725e-03
318 1.789647e-08 1.946506e-03
319 6.950014e-07 2.181251e-03
320 2.629369e-09 2.507074e-03
321 2.953735e-09 1.425971e-03
322 1.172525e-04 5.807540e-02
323 2.899403e-04 7.938778e-02
324 3.898100e-07 9.471882e-03
325 1.946498e-05 1.297973e-02
326 9.097403e-08 3.476331e-03
327 1.687728e-05 2.276331e-02
328 1.890786e-06 9.511534e-03
329 9.213403e-05 7.676508e-02
330 1.833623e-03 3.375202e-01
331 4.298072e-05 3.100305e-02
332 1.449127e-04 1.515369e-01
333 2.143934e-06 4.884712e-03
334 3.680559e-06 1.390493e-02
335 1.109247e-06 8.270189e-03
336 3.632624e-06 1.497569e-02
337 1.350403e-04 5.729825e-02
338 1.966830e-05 1.825798e-02
339 9.867401e-04 1.839279e-01
340 2.147051e-05 4.879727e-03
341 3.322797e-05 4.940474e-03
342 7.274143e-05 1.386658e-02
343 8.340406e-05 3.372444e-02
344 4.722112e-06 3.817307e-03
345 2.260267e-05 7.216926e-03
346 1.187191e-06 2.458187e-03
347 1.155387e-06 2.927868e-03
348 2.253556e-05 8.951971e-03
349 1.824565e-05 1.008604e-02
350 3.346320e-07 3.246888e-03
351 7.648090e-07 2.837786e-03
352 5.298869e-06 2.645700e-03
353 1.256156e-05 4.962195e-03
354 7.464706e-06 4.036020e-03
355 5.017179e-06 4.202619e-03
356 5.644953e-07 2.346565e-03
357 5.017334e-05 8.747330e-03
358 6.862199e-05 2.105757e-02
359 2.003949e-05 6.354868e-03
360 5.596978e-06 5.866770e-03
361 7.846367e-05 3.711781e-02
362 8.742313e-07 2.431493e-03
363 8.271538e-07 3.347932e-03
364 5.298869e-06 2.645700e-03
365 5.804627e-05 2.238312e-02
366 2.256485e-05 7.876222e-03
367 1.276425e-05 9.617288e-03
368 1.824565e-05 1.008604e-02
369 2.053438e-04 7.383632e-02
370 2.525835e-06 1.347032e-02
371 1.095962e-05 1.881615e-02
372 1.733977e-03 6.113516e-01
373 9.673166e-05 1.620878e-01
374 4.136073e-03 4.043175e-01
375 8.463541e-06 2.384030e-02
376 6.202519e-04 1.069555e-01
377 2.788644e-06 8.838122e-03
378 5.269773e-05 1.901093e-02
379 5.642776e-06 8.186809e-03
380 1.970742e-05 8.779270e-03
381 6.821900e-07 1.870241e-03
382 6.263710e-06 9.858501e-03
383 2.252640e-07 1.806958e-03
384 1.553576e-05 7.089953e-03
385 1.166152e-07 4.584805e-03
386 8.061132e-06 6.194264e-03
387 1.924832e-05 1.385246e-02
388 8.559887e-08 2.759681e-03
389 3.276274e-06 5.775051e-03
390 8.976107e-07 4.662644e-03
391 1.967440e-05 2.965780e-02
392 3.761774e-05 8.930152e-03
393 3.137063e-05 1.352125e-02
394 7.450657e-07 2.917148e-03
395 6.341499e-06 7.885173e-03
396 3.889679e-05 3.274158e-02
397 1.674564e-05 1.398494e-02
398 1.426694e-04 2.106093e-02
399 1.220022e-05 8.788981e-03
400 1.050288e-04 2.750331e-02
401 3.458730e-06 7.778555e-03
402 1.065397e-06 6.867524e-03
403 6.466028e-06 8.542183e-03
404 1.539698e-05 1.327068e-02
405 6.815253e-06 1.042850e-02
406 4.240703e-06 8.548226e-03
407 4.693428e-07 4.503048e-03
408 1.281730e-05 8.728295e-03
409 8.873465e-04 1.001117e-01
410 1.191825e-05 1.756133e-02
411 1.181440e-05 1.633685e-02
412 5.330963e-05 3.161189e-02
413 7.547183e-06 7.338867e-03
414 4.164780e-06 9.159269e-03
415 2.859960e-06 5.515650e-03
416 1.410298e-06 6.567850e-03
417 2.805608e-06 9.323654e-03
418 3.677714e-04 5.627204e-02
419 5.089255e-04 1.192042e-01
420 6.670329e-05 3.807818e-02
421 4.003249e-05 1.918033e-02
422 2.505405e-05 2.833909e-02
423 1.086976e-04 6.363219e-02
424 1.517787e-04 1.798511e-01
425 2.111060e-04 6.159855e-02
426 3.912532e-05 4.217876e-02
427 2.644286e-04 1.274217e-01
428 3.350178e-05 3.080224e-02
429 2.203250e-05 2.574075e-02
430 4.945279e-05 3.343485e-02
431 6.651169e-05 4.231365e-02
432 4.979367e-05 2.079511e-02
433 1.940543e-05 1.873840e-02
434 3.537588e-05 3.441457e-02
435 4.164404e-05 4.642731e-02
436 2.343878e-05 2.673373e-02
437 3.292150e-05 3.100646e-02
438 1.439717e-05 2.474653e-02
439 1.808957e-04 1.542936e-01
440 4.658017e-05 1.703372e-02
441 1.859098e-05 1.553964e-02
442 1.466725e-05 5.036082e-02
443 7.552098e-06 2.259889e-02
444 3.838727e-04 1.728093e-01
445 2.409525e-04 1.436937e-01
446 2.431691e-09 9.153538e-04
447 2.571049e-09 1.224481e-03
448 1.705160e-10 9.088548e-04
449 1.630213e-09 9.125442e-04
450 1.863948e-09 9.934307e-04
451 9.625653e-08 1.776854e-03
452 8.753548e-09 1.227097e-03
453 2.086868e-08 1.120984e-03
454 9.471502e-09 1.245070e-03
455 4.651325e-08 1.249427e-03
456 1.205503e-09 1.031905e-03
457 3.111456e-11 9.244445e-04
458 1.369239e-08 1.232641e-03
459 3.886119e-06 1.430345e-02
460 1.471394e-08 2.593103e-03
461 7.450386e-10 1.054450e-03
462 7.190248e-08 2.962973e-03
463 2.003766e-08 1.126746e-03
464 3.747310e-08 1.327675e-03
465 1.675366e-09 1.150958e-03
466 6.852063e-09 1.380760e-03
467 2.809571e-09 1.082703e-03
468 1.021251e-09 1.091898e-03
469 1.536307e-08 1.325373e-03
470 1.497785e-08 1.754429e-03
471 4.872465e-09 1.218554e-03
472 1.746642e-09 1.118926e-03
473 9.701030e-09 1.318392e-03
474 4.595661e-10 1.048049e-03
475 2.286991e-08 1.315068e-03
476 2.140053e-08 1.411038e-03
477 8.781536e-07 3.059963e-03
478 9.184326e-06 6.497936e-03
479 1.551277e-07 1.564088e-03
480 7.027493e-08 2.065375e-03
481 3.111452e-08 1.858256e-03
482 1.647466e-08 2.107594e-03
483 6.367067e-09 2.060665e-03
484 2.095218e-07 2.107144e-03
485 1.345771e-08 1.759036e-03
486 5.198598e-06 1.310708e-02
487 1.639806e-08 1.486266e-03
488 4.428706e-06 9.112025e-03
489 1.363719e-03 1.599949e-01
490 7.506249e-06 6.285303e-03
491 4.485277e-06 8.392887e-03
492 1.307058e-06 5.587422e-03
493 2.482723e-06 6.431848e-03
494 1.791593e-07 6.441884e-03
495 5.556790e-07 4.911627e-03
496 7.698228e-05 2.000634e-02
497 6.631267e-05 3.682734e-02
498 5.771597e-06 7.403550e-03
499 1.172822e-06 7.776498e-03
500 4.002372e-07 5.116796e-03
501 6.581731e-06 8.380361e-03
502 8.156897e-04 1.476325e-01
503 1.723426e-05 7.168325e-03
504 1.336123e-05 7.629349e-03
505 1.143957e-05 6.380283e-03
506 2.479064e-05 2.020267e-02
507 3.203369e-05 2.107424e-02
508 1.599920e-05 1.148898e-02
509 4.059684e-06 8.429460e-03
510 1.087873e-05 1.097951e-02
511 4.828068e-06 5.877849e-03
512 5.744105e-06 7.800222e-03
513 1.173771e-05 6.944635e-03
514 1.816732e-03 4.442199e-01
515 1.271136e-06 6.890676e-03
516 3.797738e-07 6.814261e-03
517 2.699998e-06 1.338316e-02
518 6.035611e-07 6.855080e-03
519 8.361729e-06 2.220861e-02
520 3.097484e-06 1.804178e-02
521 2.746562e-05 2.341114e-02
522 3.891356e-05 2.076329e-02
523 2.745997e-05 2.347997e-02
524 1.898562e-06 1.290586e-02
525 3.198155e-06 7.666614e-03
526 1.201566e-05 2.224315e-02
527 3.963629e-06 9.473553e-03
528 4.021930e-07 5.942111e-03
529 1.115833e-05 1.657288e-02
530 6.659378e-07 5.064552e-03
531 3.030747e-06 7.055298e-03
532 5.681470e-06 1.798543e-02
533 3.983364e-06 1.220718e-02
534 1.956567e-06 1.131562e-02
535 1.964572e-06 1.187180e-02
536 2.515984e-05 3.390883e-02
537 9.884787e-06 2.382319e-02
538 6.054167e-06 1.231859e-02
539 1.979532e-05 2.161614e-02
540 1.849031e-05 2.130077e-02
541 2.831389e-05 2.328843e-02
542 5.851662e-04 1.219168e-01
543 5.330881e-06 1.846887e-02
544 1.309492e-06 7.198796e-03
545 6.771263e-06 6.581159e-03
546 4.855613e-06 5.044644e-03
547 2.037395e-08 2.494036e-03
548 2.541521e-07 3.014111e-03
549 6.275620e-08 1.586599e-03
550 2.050895e-06 5.387179e-03
551 6.132389e-07 2.557241e-03
552 2.678689e-05 1.588582e-02
553 4.402078e-05 2.313620e-02
554 6.872676e-06 7.768678e-03
555 5.895202e-06 1.061277e-02
556 1.851589e-06 2.868145e-03
557 9.469052e-07 3.704010e-03
558 1.601849e-05 8.402704e-03
559 6.767497e-08 2.461108e-03
560 1.589107e-06 3.822770e-03
561 6.405908e-07 2.991447e-03
562 1.435619e-06 3.257503e-03
563 2.661436e-07 4.729010e-03
564 6.089495e-07 3.184692e-03
565 3.847835e-06 1.375951e-02
566 2.621247e-06 4.654347e-03
567 1.466150e-04 4.865455e-02
568 2.552247e-05 1.342005e-02
569 1.514862e-04 2.624105e-02
570 8.539783e-06 1.148537e-02
571 9.401822e-06 7.110266e-03
572 8.309537e-05 1.356886e-02
573 8.567760e-06 5.150421e-03
574 2.613061e-05 1.648184e-02
575 6.213726e-06 6.589969e-03
576 3.779344e-05 9.685272e-03
577 2.204981e-05 1.016323e-02
578 5.748751e-06 9.143026e-03
579 2.968860e-03 3.582099e-01
580 6.321240e-05 1.425850e-02
581 4.033377e-06 3.659906e-03
582 1.528925e-04 2.173330e-02
583 1.012701e-05 8.146455e-03
584 3.236995e-05 9.045584e-03
585 2.436913e-04 3.731568e-02
586 7.527087e-06 1.165535e-02
587 6.949618e-06 1.200945e-02
588 7.816020e-06 9.506255e-03
589 1.029880e-06 2.456747e-03
590 3.810958e-04 2.175525e-01
591 4.763357e-04 4.874054e-02
592 3.197160e-06 5.941795e-03
593 6.713950e-06 1.555146e-02
594 5.645432e-05 1.361509e-02
595 2.208633e-07 6.629099e-03
596 2.872784e-03 5.087934e-01
597 1.616966e-09 1.912523e-03
598 5.369377e-08 1.966293e-03
599 3.994035e-08 1.935966e-03
600 7.348081e-08 2.055143e-03
601 3.446882e-07 3.015493e-03
602 5.512545e-08 2.560430e-03
603 1.019210e-07 3.249637e-03
604 8.560587e-09 1.931206e-03
605 1.078716e-07 2.071520e-03
606 8.408564e-09 1.931853e-03
607 4.616672e-09 1.777535e-03
608 6.812165e-09 2.030860e-03
609 6.314121e-06 1.217185e-02
610 1.846241e-06 4.199586e-03
611 7.322559e-04 1.750937e-01
612 1.054705e-05 2.499868e-02
613 2.033578e-05 1.735985e-02
614 1.916727e-05 2.491139e-02
615 4.499376e-06 1.016960e-02
616 2.222002e-08 3.280310e-03
617 1.143291e-05 1.192209e-02
618 8.502298e-08 4.227437e-03
619 6.255984e-07 5.006567e-03
620 1.231107e-07 5.441874e-03
621 7.833591e-05 4.328667e-02
622 6.290042e-07 5.920307e-03
623 1.020298e-07 7.244877e-03
624 2.948175e-07 6.001143e-03
625 4.134545e-07 4.521574e-03
626 1.244737e-03 3.214957e-01
627 4.408766e-07 4.919702e-03
628 2.218698e-06 1.243196e-02
629 2.114265e-04 4.041716e-02
630 7.224306e-05 2.522293e-02
631 3.073069e-05 2.099886e-02
632 3.756682e-05 3.505153e-02
633 3.324659e-07 6.046977e-03
634 2.165440e-06 5.092373e-03
635 1.226894e-06 5.072457e-03
636 6.181715e-07 7.185671e-03
637 3.840090e-06 1.322567e-02
638 6.465086e-07 8.761069e-03
639 8.029916e-06 1.484342e-02
640 1.262259e-06 4.674245e-03
641 5.489943e-07 5.549602e-03
642 1.036928e-06 6.871532e-03
643 2.608690e-05 3.255140e-02
644 1.568114e-06 6.023821e-03
645 3.203066e-06 1.203829e-02
646 2.936909e-06 1.876817e-02
647 1.166346e-06 7.417201e-03
648 1.541688e-05 2.428521e-02
649 2.215389e-06 1.042365e-02
650 1.080772e-06 5.652926e-03
651 3.422047e-07 6.346913e-03
652 5.859822e-07 7.448979e-03
653 1.445046e-04 2.961735e-01
654 9.202968e-06 6.329511e-02
655 2.464855e-07 2.894694e-03
656 2.697880e-05 2.315531e-02
657 1.259383e-03 3.272371e-01
658 1.947317e-05 1.895571e-02
659 2.449024e-06 1.311216e-02
660 8.250645e-06 1.240599e-02
661 4.122245e-05 3.074750e-02
662 4.596354e-04 1.664001e-01
663 5.876847e-06 1.335910e-02
664 1.149749e-05 1.374332e-02
665 1.046329e-05 1.530858e-02
666 2.751801e-05 2.656866e-02
667 4.034521e-05 1.458444e-02
668 2.800634e-06 6.893919e-03
669 3.708558e-05 2.623200e-02
670 6.813481e-05 2.622908e-02
671 9.119578e-05 3.165584e-02
672 3.961260e-07 6.885147e-03
673 1.087020e-04 1.525427e-01
674 8.342278e-06 6.737754e-03
675 3.670392e-04 1.136073e-01
676 8.776597e-06 1.611366e-02
677 7.947922e-06 2.959914e-02
678 1.054967e-06 7.942058e-03
679 1.161400e-04 7.206427e-02
680 8.362867e-08 3.432309e-03
681 1.200061e-05 1.173733e-02
682 1.005787e-03 4.862025e-01
683 2.086626e-05 1.459989e-02
684 3.329098e-04 8.980896e-02
685 7.452528e-06 8.495398e-03
686 7.416791e-04 2.167339e-01
687 2.424931e-05 6.249847e-03
688 1.488662e-06 8.129433e-03
689 5.180819e-06 8.786733e-03
690 6.997567e-05 1.197994e-02
691 6.789602e-06 1.485449e-02
692 4.860047e-06 1.163795e-02
693 2.704934e-05 8.243093e-03
694 1.100105e-05 4.712766e-03
695 2.624123e-06 8.134846e-03
696 1.620983e-04 7.108241e-02
697 2.885217e-05 7.783435e-02
698 4.559508e-04 9.231449e-02
699 1.301221e-06 1.645009e-02
700 6.362265e-05 1.887670e-02
701 6.319688e-06 8.984775e-03
702 1.810820e-05 1.365736e-02
703 2.202219e-06 6.995536e-03
704 2.326480e-05 2.479005e-02
705 2.686514e-05 9.012679e-03
706 2.243277e-05 1.208313e-02
707 1.167541e-05 6.976441e-03
708 4.534041e-04 3.785858e-01
709 2.819786e-05 2.243834e-02
710 3.736926e-04 4.790045e-02
711 3.002535e-04 6.614905e-02
712 6.225569e-05 3.383586e-02
713 1.017724e-04 2.706804e-02
714 6.376892e-05 1.516051e-02
715 1.569823e-06 6.389432e-03
716 2.233772e-05 1.583747e-02
717 4.020129e-05 2.930450e-02
718 3.341503e-05 1.012603e-02
719 2.204394e-05 1.041803e-02
720 3.000706e-05 1.758372e-02
721 9.832188e-05 2.029071e-02
722 1.092306e-04 2.122919e-02
723 1.715835e-04 5.471254e-02
724 1.631747e-06 6.744009e-03
725 3.487069e-06 6.846706e-03
726 1.214978e-05 1.099071e-02
727 2.911307e-03 3.281100e-01
728 6.254925e-06 1.219533e-02
729 1.353193e-05 1.293721e-02
730 2.396030e-05 1.597773e-02
731 8.904243e-06 5.690886e-03
732 6.035669e-06 6.371362e-03
733 1.545526e-05 9.168089e-03
734 2.304514e-05 1.282495e-02
735 3.424298e-05 8.799069e-03
736 1.813705e-05 1.885687e-02
737 1.208217e-03 1.231287e-01
738 1.667848e-04 4.066153e-02
739 5.392259e-05 8.266548e-03
740 3.796063e-05 9.442729e-03
741 3.150257e-05 7.533050e-03
742 1.968290e-04 3.024327e-02
743 3.833935e-05 1.111658e-02
744 1.367266e-04 1.566766e-02
745 2.103374e-04 2.518386e-02
746 1.629233e-05 8.656961e-03
747 3.624774e-05 8.776500e-03
748 2.085484e-06 5.905572e-03
749 8.394892e-06 2.759986e-02
750 1.611916e-04 4.519636e-02
751 1.643201e-06 8.096615e-03
752 9.641322e-06 1.100846e-02
753 4.554703e-04 1.694218e-01
754 1.098165e-05 1.646987e-02
755 1.255317e-04 4.066311e-02
756 1.950825e-06 1.066675e-02
757 9.930094e-05 6.979462e-02
758 2.596982e-06 5.341500e-03
759 1.016425e-04 1.851752e-02
760 9.902359e-04 1.234505e-01
761 8.030635e-04 8.220255e-02
762 4.641944e-06 9.519561e-03
763 7.385110e-06 1.101589e-02
764 8.336535e-06 9.810335e-03
765 9.281915e-04 2.502300e-01
766 1.234986e-03 4.569319e-01
767 1.255366e-03 1.457083e-01
768 2.452869e-03 2.125466e-01
769 8.866144e-06 1.089114e-02
770 1.183472e-06 4.967344e-03
771 1.703129e-06 4.810663e-03
772 2.481123e-06 4.645043e-03
773 3.967091e-04 9.554543e-02
774 9.899046e-06 6.239002e-03
775 1.024775e-05 1.078533e-02
776 4.228592e-06 5.534441e-03
777 4.176017e-06 1.010997e-02
778 7.345168e-04 7.635174e-02
779 1.606358e-06 8.878544e-03
780 6.474840e-06 6.048821e-03
781 3.375182e-07 5.333099e-03
782 1.077975e-06 2.377947e-03
783 5.914910e-07 3.569259e-03
784 3.592864e-05 1.741238e-02
785 2.815546e-05 1.002816e-02
786 1.362414e-05 7.063824e-03
787 1.792480e-05 8.975962e-03
788 8.771050e-06 1.133724e-02
789 3.587980e-06 8.342123e-03
790 2.189025e-04 8.197979e-02
791 1.525072e-06 4.128062e-03
792 3.681590e-06 1.025210e-02
793 3.037359e-05 1.053541e-02
794 4.152626e-04 2.035731e-01
795 4.834285e-05 1.363776e-02
796 9.305784e-06 5.796402e-03
797 3.290117e-04 8.464216e-02
798 5.003341e-06 7.235874e-03
799 3.845287e-04 5.420161e-02
800 3.858644e-05 1.669161e-02
801 2.534512e-05 1.013350e-02
802 1.903168e-03 7.846721e-02
803 3.509551e-03 2.791198e-01
804 1.814946e-05 1.035695e-02
805 1.816854e-04 3.660849e-02
806 1.049030e-04 1.127097e-01
807 8.869095e-05 4.504646e-02
808 4.341635e-06 5.833478e-03
809 1.713705e-05 2.341880e-02
810 1.924827e-07 2.320575e-03
811 2.396818e-05 1.457720e-02
812 1.183385e-06 4.235009e-03
813 9.744373e-05 2.882756e-02
814 1.722092e-05 1.302912e-02
815 1.715531e-05 1.514817e-02
816 1.602344e-03 1.485340e-01
817 9.232478e-04 7.282427e-02
818 2.802908e-06 9.888598e-03
819 1.655297e-05 1.196276e-02
820 3.559222e-05 3.543384e-02
821 9.876624e-05 3.705516e-02
822 2.418091e-05 3.197337e-02
823 8.580984e-05 1.107932e-01
824 1.688917e-03 3.976117e-01
825 2.646205e-03 3.102865e-01
826 1.003761e-03 2.747870e-01
827 9.069336e-05 8.741653e-02
828 1.738248e-03 4.886607e-01
829 4.437019e-03 3.105162e-01
830 1.819691e-05 8.236809e-03
831 3.168083e-07 4.626251e-03
832 2.033898e-06 4.949625e-03
833 2.820668e-06 1.027121e-02
834 1.880050e-06 5.785548e-03
835 6.438511e-07 6.514831e-03
836 7.454853e-07 4.573688e-03
837 1.671151e-06 8.671161e-03
838 4.845329e-06 5.896819e-03
839 6.331311e-07 4.882777e-03
840 5.877215e-06 1.519811e-02
841 2.073914e-06 6.826547e-03
842 8.107395e-07 8.285914e-03
843 5.255925e-07 9.642521e-03
844 5.206213e-06 1.877461e-02
845 4.330021e-05 2.396531e-02
846 9.836915e-05 4.218628e-02
847 5.073568e-06 7.252931e-03
848 4.759883e-06 1.295333e-02
849 9.874827e-05 3.718040e-02
850 1.316683e-06 5.990099e-03
851 1.883964e-05 6.238538e-02
852 2.278672e-07 6.327481e-03
853 2.053343e-05 1.193376e-02
854 5.053307e-07 5.750362e-03
855 3.060638e-05 1.411784e-02
856 4.829623e-08 1.480225e-03
857 1.761647e-07 1.294610e-03
858 1.678696e-07 2.036661e-03
859 3.823880e-08 1.496361e-03
860 3.242240e-04 7.228485e-02
861 3.925658e-06 6.616991e-03
862 3.546973e-07 1.571946e-03
863 4.530199e-07 1.511760e-03
864 1.475988e-08 1.392212e-03
865 4.620775e-07 1.532298e-03
866 5.116397e-07 2.027897e-03
867 1.087204e-06 1.622006e-03
868 4.771683e-08 1.361036e-03
869 1.363312e-07 1.619476e-03
870 1.444494e-07 1.524254e-03
871 1.435675e-08 1.393171e-03
872 9.884178e-08 1.873892e-03
873 5.497398e-08 1.412656e-03
874 1.383378e-07 1.395007e-03
875 3.700373e-04 4.934704e-02
876 4.825170e-08 1.441783e-03
877 1.951682e-07 1.443024e-03
878 3.726198e-07 1.879994e-03
879 3.113895e-08 1.350347e-03
880 7.438296e-08 1.365572e-03
881 2.172402e-08 1.397099e-03
882 3.664849e-07 1.803242e-03
883 1.059124e-06 1.656248e-03
884 2.745183e-07 1.454095e-03
885 3.305842e-07 1.550086e-03
886 3.067108e-05 5.219654e-03
887 1.530530e-05 7.258301e-03
888 7.549413e-06 1.131428e-02
889 1.743463e-04 4.798206e-02
890 4.862191e-06 1.936761e-02
891 6.940265e-05 7.676988e-02
892 7.264517e-05 1.040379e-01
893 9.383112e-07 5.401299e-03
894 8.363356e-07 3.476815e-03
895 7.178378e-06 7.277517e-03
896 1.520542e-05 1.364008e-02
897 2.261800e-03 3.112889e-01
898 5.405047e-06 1.769042e-02
899 5.190101e-05 6.622178e-02
900 5.253723e-06 7.287334e-03
901 9.843055e-06 4.751090e-03
902 7.900781e-06 8.295843e-03
903 8.214099e-07 6.038803e-03
904 7.719651e-05 9.226519e-02
905 1.682985e-05 1.818322e-02
906 8.078509e-05 4.446356e-02
907 1.510253e-03 3.979888e-01
908 2.017061e-07 2.745721e-03
909 1.280903e-06 3.011016e-03
910 8.645882e-08 1.569506e-03
911 4.243331e-06 5.693738e-03
912 2.626196e-06 4.865732e-03
913 5.125344e-08 1.713431e-03
914 4.059841e-07 4.867118e-03
915 2.431217e-06 3.262234e-03
916 2.022971e-04 7.026489e-02
917 1.829062e-07 2.109391e-03
918 1.662007e-07 1.773364e-03
919 1.174817e-08 1.391722e-03
920 8.985366e-07 2.448056e-03
921 1.277833e-08 1.059329e-03
922 2.808878e-07 1.405869e-03
923 1.717976e-04 2.839164e-02
924 6.141331e-05 1.302884e-02
925 5.844143e-08 1.055146e-03
926 4.122850e-05 9.635167e-03
927 1.189908e-07 1.315884e-03
928 1.520727e-06 3.788650e-03
929 4.752954e-06 9.300884e-03
930 1.220790e-06 3.599620e-03
931 1.751942e-06 3.679989e-03
932 1.648298e-08 1.483759e-03
933 1.234262e-06 1.735822e-03
934 3.618755e-05 8.557396e-03
935 8.594635e-07 1.765560e-03
936 3.677971e-07 1.173866e-03
937 5.053190e-06 2.576438e-03
938 3.301682e-07 1.754382e-03
939 3.347093e-06 3.003314e-03
940 1.621315e-05 5.092119e-03
941 2.098104e-05 4.718139e-03
942 9.090942e-08 1.612202e-03
943 1.890870e-06 1.960512e-03
944 5.156740e-06 3.765491e-03
945 1.755059e-07 2.241567e-03
946 8.086410e-06 5.387216e-03
947 9.950665e-06 3.041104e-02
948 8.030089e-07 6.792560e-03
949 7.170837e-07 1.047433e-02
950 3.721121e-07 7.892354e-03
951 7.293808e-07 1.587846e-02
952 9.595608e-06 1.494709e-02
953 1.864383e-06 8.854249e-03
954 1.362787e-07 3.075260e-03
955 2.592240e-05 3.503294e-02
956 3.646253e-08 3.050907e-03
957 4.265321e-07 8.389026e-03
958 2.971481e-07 6.784988e-03
959 1.844239e-05 4.541158e-02
960 1.235701e-06 1.897851e-02
961 3.042101e-06 9.637274e-03
962 2.511379e-06 1.245604e-02
963 2.523200e-07 3.829078e-03
964 3.845636e-05 3.772322e-02
965 1.611771e-07 5.399038e-03
966 2.564672e-05 1.032392e-01
967 2.883305e-05 5.383985e-02
968 1.936248e-06 4.623120e-03
969 1.731830e-06 7.994977e-03
970 1.133801e-06 1.660494e-02
971 8.772613e-07 3.039239e-03
972 1.623903e-06 7.261666e-03
973 6.864264e-07 9.368661e-03
974 1.059516e-07 3.270273e-03
975 1.176402e-06 6.691883e-03
976 1.422608e-04 8.803532e-02
977 4.080812e-06 6.268061e-03
978 4.486723e-05 7.091100e-03
979 2.405461e-06 2.733527e-03
980 1.702643e-07 1.220818e-03
981 5.039305e-06 3.965305e-03
982 3.246879e-05 6.944101e-03
983 1.058218e-05 3.317476e-03
984 6.003042e-05 7.188596e-03
985 6.244189e-06 3.468462e-03
986 2.884586e-06 3.423351e-03
987 1.646094e-07 1.250541e-03
988 2.219103e-06 2.388409e-03
989 5.624818e-06 6.110799e-03
990 2.857874e-06 3.477861e-03
991 9.014891e-06 5.925937e-03
992 1.883691e-06 2.211526e-03
993 2.399682e-06 2.343884e-03
994 5.204498e-07 2.121726e-03
995 5.080782e-06 2.838373e-03
996 2.526127e-06 2.990653e-03
997 2.897545e-04 3.328073e-02
998 9.898605e-06 4.136512e-03
999 8.486497e-06 3.578960e-03
1000 1.618501e-06 1.725178e-03
1001 1.888080e-07 1.553354e-03
1002 9.821941e-06 4.442119e-03
1003 3.323190e-07 1.753795e-03
1004 6.998078e-06 4.161976e-03
1005 1.744808e-06 2.846787e-03
1006 5.402721e-05 8.736518e-03
1007 4.578456e-07 2.898029e-03
1008 2.968751e-05 4.155486e-03
1009 5.434031e-06 3.991957e-03
1010 2.925010e-06 2.800964e-03
1011 5.046244e-06 3.612439e-03
1012 6.495862e-06 3.410696e-03
1013 5.461175e-07 2.051585e-03
1014 3.331942e-06 3.328948e-03
1015 1.731871e-07 2.125806e-03
1016 5.533634e-06 2.105399e-03
1017 1.195629e-06 1.651144e-03
1018 2.631697e-06 2.728875e-03
1019 1.574347e-06 4.364816e-03
1020 5.908201e-07 1.731457e-03
1021 2.067168e-05 4.205073e-03
1022 3.327004e-07 1.145470e-03
1023 1.627025e-06 1.769148e-03
1024 1.004765e-07 1.389985e-03
1025 1.295451e-06 2.209629e-03
1026 4.161708e-03 5.202345e-01
1027 2.232581e-04 7.485655e-02
1028 2.757548e-05 6.385360e-02
1029 3.796269e-04 4.923179e-02
1030 1.282049e-03 1.977780e-01
1031 1.237002e-03 2.933976e-01
1032 5.517209e-06 7.379881e-03
1033 3.219323e-05 1.565265e-02
1034 1.044695e-03 1.139075e-01
1035 4.190768e-06 3.994647e-03
1036 5.866986e-06 8.825664e-03
1037 3.228816e-05 2.101979e-02
1038 1.517990e-06 2.876052e-03
1039 2.981551e-05 1.261635e-02
1040 4.603930e-06 8.750371e-03
1041 2.954144e-06 2.516380e-02
1042 5.493077e-06 1.057473e-02
1043 1.583670e-05 1.379343e-02
1044 2.021176e-06 1.698193e-02
1045 2.118264e-06 7.385412e-03
1046 1.379107e-04 2.725365e-02
1047 3.275827e-04 9.579352e-02
1048 6.726862e-05 3.595782e-02
1049 3.905722e-06 8.468242e-03
1050 1.005104e-03 1.802920e-01
1051 5.291105e-04 1.053053e-01
1052 3.825553e-08 1.225594e-03
1053 1.514741e-07 1.816574e-03
1054 6.440762e-05 2.341791e-02
1055 3.369043e-08 1.555105e-03
1056 1.771956e-07 4.667255e-03
1057 1.702471e-07 2.134328e-03
1058 1.500327e-07 2.014401e-03
1059 6.763998e-09 1.031453e-03
1060 1.877066e-09 9.550142e-04
1061 1.752863e-06 2.807298e-03
1062 1.065588e-07 1.806417e-03
1063 9.716604e-07 3.765278e-03
1064 1.696495e-04 7.408549e-02
1065 6.241442e-06 1.512602e-02
1066 3.745322e-08 1.577373e-03
1067 1.839703e-09 1.439683e-03
1068 3.679362e-09 1.465129e-03
1069 7.207653e-09 1.613852e-03
1070 2.282255e-06 1.397648e-02
1071 1.144278e-06 5.187921e-03
1072 3.147292e-06 3.159423e-03
1073 1.084117e-05 1.852753e-02
1074 3.283212e-08 1.053071e-03
1075 2.996272e-05 2.435028e-02
1076 3.444279e-06 5.399263e-03
1077 9.482429e-06 1.378726e-02
1078 4.388428e-08 1.630343e-03
1079 8.434040e-07 5.771199e-03
1080 1.680496e-07 1.570657e-03
1081 5.176535e-09 1.460033e-03
1082 2.926817e-08 1.484776e-03
1083 1.994864e-07 1.821796e-03
1084 4.536514e-09 1.228248e-03
1085 1.352570e-06 4.283321e-03
1086 1.052890e-08 1.239403e-03
1087 2.357711e-08 1.368478e-03
1088 6.429779e-09 4.680903e-03
1089 9.793198e-09 1.234034e-03
1090 3.792133e-09 1.195509e-03
1091 6.857406e-09 1.228672e-03
1092 1.910860e-03 4.033448e-01
1093 1.380265e-06 1.868999e-02
1094 1.201293e-06 1.377847e-02
1095 6.568048e-07 1.678109e-03
1096 5.939023e-08 1.479574e-03
1097 1.692446e-06 4.802272e-03
1098 1.009151e-05 7.312060e-03
1099 5.304324e-07 3.226837e-03
1100 3.832653e-07 2.776371e-03
1101 7.011190e-06 4.037101e-03
1102 2.229177e-06 3.112167e-03
1103 1.196377e-06 2.720121e-03
1104 7.588547e-05 5.584690e-02
1105 9.720954e-08 1.525183e-03
1106 1.388274e-07 2.231904e-03
1107 5.204523e-07 3.118021e-03
1108 2.704756e-07 1.725311e-03
1109 1.913511e-07 2.016156e-03
1110 1.224257e-06 4.680954e-03
1111 8.980293e-07 3.942157e-03
1112 1.539687e-04 3.587952e-02
1113 3.275932e-05 1.629981e-02
1114 6.958173e-07 2.033554e-03
1115 2.037990e-04 2.544088e-02
1116 3.024082e-08 1.478058e-03
1117 1.981599e-07 1.603171e-03
1118 9.035242e-06 6.422849e-03
1119 8.281439e-05 2.039511e-02
1120 4.093669e-06 3.906970e-03
1121 1.418686e-05 6.498488e-03
1122 5.611207e-06 3.848034e-03
1123 2.038609e-06 2.421094e-03
1124 6.219369e-06 3.604103e-03
1125 1.371396e-05 4.194134e-03
1126 6.685156e-06 4.769812e-03
1127 6.132354e-06 3.755719e-03
1128 6.367574e-06 4.396739e-03
1129 1.014442e-05 2.949341e-03
1130 9.323544e-06 4.437961e-03
1131 3.937750e-05 3.954611e-02
1132 5.609968e-04 1.441471e-01
1133 1.763022e-05 4.235675e-02
1134 2.826733e-06 8.991971e-03
1135 1.100034e-06 2.211968e-03
1136 7.268839e-06 4.324734e-03
1137 4.084195e-06 5.237707e-03
1138 1.904247e-05 8.274103e-03
1139 1.952293e-06 5.145232e-03
1140 3.614515e-04 1.756906e-01
1141 8.591135e-05 2.512175e-02
1142 1.611548e-05 7.648335e-03
1143 4.570852e-06 6.514190e-03
1144 2.340550e-05 3.563351e-02
1145 1.548051e-06 9.106105e-03
1146 6.298193e-05 6.005334e-02
1147 2.486567e-05 4.045633e-02
1148 2.826112e-05 1.323626e-02
1149 1.918357e-05 9.532851e-03
1150 1.050563e-05 9.039333e-03
1151 2.376982e-05 1.146872e-02
1152 2.635548e-06 5.654898e-03
1153 2.414852e-06 4.525857e-03
1154 9.157763e-06 6.954630e-03
1155 6.514432e-05 9.221647e-03
1156 7.712866e-05 2.916653e-02
1157 8.978680e-05 4.281940e-02
1158 8.411588e-06 1.399514e-02
1159 2.579804e-04 1.148444e-01
1160 1.002166e-05 9.513383e-03
1161 6.700193e-06 6.644013e-03
1162 6.332659e-05 3.803237e-02
1163 5.739442e-04 1.480087e-01
1164 3.637807e-05 1.737508e-02
1165 2.184232e-05 9.365306e-03
1166 5.854345e-05 3.580801e-02
1167 3.754233e-05 3.028261e-02
1168 5.794161e-05 1.486765e-02
1169 2.596955e-05 3.433378e-02
1170 5.966078e-05 2.758859e-02
1171 1.887140e-06 7.941332e-03
1172 2.263558e-05 2.220188e-02
1173 1.223509e-03 1.422117e-01
1174 2.697635e-04 7.847529e-02
1175 3.125263e-05 3.377998e-02
1176 6.854898e-03 1.219661e+00
1177 4.243081e-07 3.060194e-03
1178 2.435862e-05 2.083038e-02
1179 4.810655e-06 2.196032e-02
1180 1.211379e-04 3.315790e-02
1181 1.447201e-05 1.678096e-02
1182 9.878333e-05 3.190776e-02
1183 8.403850e-05 2.271055e-02
1184 3.840101e-04 6.412540e-02
1185 1.775077e-03 9.773600e-02
1186 1.392634e-04 1.758241e-02
1187 3.094299e-05 8.302811e-03
1188 9.579694e-06 9.840295e-03
1189 1.520141e-04 2.350267e-02
1190 9.481682e-04 9.864982e-02
1191 1.789539e-04 2.035573e-02
1192 6.729745e-04 5.973928e-02
1193 2.373185e-04 2.662312e-02
1194 1.114589e-03 1.334625e-01
1195 2.161226e-04 4.727334e-02
1196 7.769267e-04 7.915760e-02
1197 3.030498e-04 2.133122e-02
1198 6.749549e-05 2.520643e-02
1199 1.697833e-04 3.696790e-02
1200 1.753474e-03 9.871980e-02
1201 2.021622e-05 2.639206e-02
1202 8.505333e-05 1.360851e-02
1203 6.323527e-05 3.683445e-02
1204 3.063766e-04 5.025885e-02
1205 7.747499e-07 4.803017e-03
1206 9.224785e-06 1.577470e-02
1207 1.248120e-07 3.606684e-03
1208 3.322517e-04 6.267222e-02
1209 2.209831e-06 8.577638e-03
1210 5.643638e-07 8.297451e-03
1211 1.614241e-06 3.521163e-03
1212 1.270190e-05 4.396051e-03
1213 2.681255e-06 7.216486e-03
1214 3.899796e-06 8.426747e-03
1215 6.155971e-06 3.359012e-02
1216 7.404160e-08 4.237633e-03
1217 2.435524e-04 1.869334e-01
1218 5.181303e-06 6.314145e-03
1219 4.305188e-07 1.263837e-03
1220 4.989283e-07 3.374570e-03
1221 5.689939e-05 5.286750e-03
1222 5.055766e-04 1.307778e-01
1223 3.621154e-07 2.033334e-03
1224 1.247407e-06 2.100032e-03
1225 1.121262e-04 4.274593e-02
1226 3.372565e-07 2.300022e-03
1227 1.291217e-03 2.725411e-01
1228 4.163195e-05 7.808245e-03
1229 4.974275e-08 1.266899e-03
1230 1.433958e-06 2.499791e-03
1231 2.265420e-06 1.650759e-03
1232 2.135225e-07 2.015536e-03
1233 3.520269e-07 2.231947e-03
1234 1.560770e-05 3.598776e-03
1235 4.154114e-07 2.530343e-03
1236 1.616310e-06 2.806846e-03
1237 5.544421e-06 3.036261e-03
1238 6.202156e-06 3.645472e-03
1239 5.777178e-07 2.294846e-03
1240 2.716561e-03 5.600176e-01
1241 4.548288e-06 4.595049e-03
1242 7.688357e-06 2.985691e-03
1243 2.225215e-05 3.600040e-03
1244 1.201298e-05 3.497718e-03
1245 2.367332e-06 2.698150e-03
1246 3.556413e-06 2.560147e-03
1247 4.289613e-05 1.207910e-02
1248 1.151810e-04 3.564593e-02
1249 5.494522e-06 1.030814e-02
1250 5.591021e-05 1.610221e-02
1251 3.963714e-05 1.612331e-02
1252 4.471991e-06 1.644725e-02
1253 5.631254e-06 1.472385e-02
1254 5.888460e-07 8.107136e-03
1255 8.891026e-04 2.393968e-01
1256 1.018256e-05 6.638389e-03
1257 4.943611e-03 6.946400e-01
1258 1.450718e-04 6.686430e-02
1259 8.543262e-04 1.544031e-01
1260 5.989234e-05 1.573287e-02
1261 2.536989e-07 1.841639e-03
1262 4.200494e-04 8.208697e-02
1263 2.010349e-05 4.782230e-03
1264 1.793243e-04 3.331326e-02
1265 3.494652e-06 2.917488e-03
1266 2.736288e-06 6.763717e-03
1267 1.305855e-07 1.937811e-03
1268 1.417161e-05 5.389813e-03
1269 1.814477e-04 5.499692e-02
1270 3.915867e-04 2.924298e-02
1271 4.479964e-05 9.570809e-03
1272 3.392941e-06 3.150155e-03
1273 1.072994e-05 5.488692e-03
1274 1.254602e-05 1.893605e-02
1275 2.696488e-04 4.902779e-02
1276 9.442190e-04 6.730674e-02
1277 9.140892e-04 9.808863e-02
1278 6.340326e-04 9.324160e-02
1279 1.680964e-05 4.483948e-03
1280 2.043439e-06 7.231038e-03
1281 2.580177e-06 8.466054e-03
1282 2.232136e-06 1.518089e-02
1283 2.339414e-05 1.173400e-02
1284 1.735389e-03 1.522093e-01
1285 3.012045e-04 2.025118e-02
1286 5.062154e-04 8.495700e-02
1287 1.987444e-06 7.024746e-03
1288 3.376651e-04 1.044327e-01
1289 1.851850e-04 1.223435e-01
1290 3.255074e-07 1.808348e-03
1291 3.376526e-04 6.274668e-02
1292 7.856571e-05 1.044474e-02
1293 6.773484e-04 1.708634e-01
1294 1.654765e-06 2.342965e-03
1295 7.190091e-05 1.528412e-02
1296 2.205255e-05 1.589336e-02
1297 1.143034e-03 2.090135e-01
1298 8.048058e-04 1.541824e-01
1299 3.700343e-05 1.627660e-02
1300 3.181991e-03 2.339769e-01
1301 1.156329e-05 3.610385e-03
1302 6.808000e-07 3.632319e-03
1303 6.000336e-05 1.718347e-02
1304 1.390046e-04 2.882056e-02
1305 2.363788e-04 2.617180e-02
1306 4.209592e-05 1.429565e-02
1307 4.372834e-04 2.911113e-02
1308 3.650550e-06 9.715999e-03
1309 9.708031e-04 9.935881e-02
1310 2.142650e-03 2.167566e-01
1311 3.500322e-04 9.897846e-02
1312 1.244345e-03 5.274734e-01
1313 9.924224e-06 4.159914e-03
1314 1.658693e-04 2.378136e-02
1315 2.565655e-07 5.983662e-03
1316 5.511248e-08 4.987134e-03
1317 2.821953e-07 3.422427e-03
1318 1.052882e-06 1.953705e-03
1319 2.193813e-07 2.511443e-03
1320 2.447254e-06 4.359031e-03
1321 1.203048e-06 4.076649e-03
1322 4.821290e-08 1.538822e-03
1323 4.950200e-06 1.436563e-02
1324 1.047592e-05 2.435577e-03
1325 2.763955e-06 6.631665e-03
1326 7.982320e-06 7.815808e-03
1327 2.682207e-05 8.741295e-03
1328 3.214967e-05 5.692873e-03
1329 5.233813e-09 2.764679e-03
1330 6.421616e-06 9.287148e-03
1331 5.532166e-04 1.263580e-01
1332 6.362792e-04 1.871963e-01
1333 1.390155e-04 3.000544e-02
1334 2.714898e-06 2.087683e-02
1335 1.072198e-04 1.460229e-02
1336 3.308648e-05 8.786150e-03
1337 1.246595e-05 4.070780e-03
1338 2.248718e-04 1.338304e-02
1339 1.485852e-05 2.789041e-02
1340 4.213223e-06 9.920345e-03
1341 9.725553e-06 7.011139e-03
1342 2.150580e-07 1.644716e-03
1343 2.039292e-03 2.346953e-01
1344 1.078102e-06 5.064173e-03
1345 1.538430e-03 1.782096e-01
1346 2.603508e-04 3.332910e-02
1347 8.969592e-04 5.358211e-02
1348 4.427151e-05 1.825618e-02
1349 1.613135e-05 1.235301e-02
1350 2.480031e-03 2.281770e-01
1351 3.776611e-04 2.136008e-01
1352 2.138929e-03 1.655889e-01
1353 4.592515e-07 3.310027e-03
1354 1.467153e-06 3.059586e-03
1355 3.855890e-05 3.446518e-02
1356 1.504550e-06 4.455135e-03
1357 1.749506e-06 5.328516e-03
1358 1.601405e-03 1.513559e-01
1359 2.664149e-05 2.493250e-02
1360 3.235652e-05 3.414431e-03
1361 1.980299e-05 1.093233e-02
1362 4.372433e-06 3.216327e-03
1363 7.692626e-08 1.346090e-03
1364 4.708481e-07 1.273526e-03
1365 2.181427e-07 1.900938e-03
1366 3.889483e-06 6.990898e-03
1367 2.247358e-04 2.975287e-02
1368 3.424914e-06 3.181382e-03
1369 8.126047e-07 2.297373e-03
1370 2.174965e-07 1.141751e-03
1371 6.553537e-06 1.922501e-03
1372 6.225586e-07 1.192258e-03
1373 6.820751e-07 2.010243e-03
1374 1.042277e-04 6.188271e-03
1375 7.558543e-04 8.184241e-02
1376 2.278360e-04 8.604355e-03
1377 3.990851e-04 3.506340e-02
1378 2.121982e-05 1.085867e-02
1379 5.186535e-04 4.451654e-02
1380 2.485713e-04 3.368812e-02
1381 1.342203e-06 2.241655e-02
1382 2.631285e-07 2.224013e-03
1383 2.652862e-05 5.982745e-03
1384 1.147245e-03 2.234749e-01
1385 5.045571e-05 2.112770e-02
1386 6.685459e-04 8.345146e-02
1387 1.993466e-03 2.220993e-01
1388 6.978477e-04 2.638550e-01
1389 7.971575e-06 6.169895e-03
1390 7.094537e-04 9.086017e-02
1391 6.100288e-06 1.532953e-02
1392 2.521864e-06 1.584614e-02
1393 8.283078e-07 2.874821e-03
1394 7.346542e-06 1.035505e-02
1395 6.696813e-05 3.895401e-02
1396 1.687409e-06 4.956144e-03
1397 2.737301e-05 3.709096e-03
1398 1.649759e-03 2.167366e-01
1399 5.225394e-05 1.322592e-02
1400 5.145676e-05 7.015128e-03
1401 1.789558e-04 3.754402e-02
1402 1.723490e-05 3.721117e-03
1403 1.200279e-05 2.478575e-03
1404 4.327804e-05 3.260885e-02
1405 9.136858e-07 2.146776e-03
1406 8.858705e-05 8.245849e-03
1407 9.638106e-07 2.567192e-03
1408 1.083357e-07 2.385539e-03
1409 1.691294e-04 1.582388e-02
1410 7.405298e-04 6.059400e-02
1411 9.744126e-05 1.518396e-01
1412 6.916430e-04 1.337443e-01
1413 4.500110e-06 2.297879e-03
1414 3.616214e-03 3.702864e-01
1415 2.649844e-06 3.168561e-03
1416 8.472728e-06 3.930630e-03
1417 6.874294e-06 2.679521e-03
1418 6.258805e-06 3.547874e-03
1419 1.477793e-04 4.657236e-02
1420 1.009885e-03 1.245233e-01
1421 3.244797e-04 1.036561e-01
1422 3.145314e-04 3.618461e-02
1423 2.287048e-03 1.765843e-01
1424 8.159210e-06 9.705339e-03
1425 2.671303e-03 5.288244e-01
1426 5.212652e-03 2.697007e-01
1427 1.190737e-04 3.687073e-02
1428 9.300923e-05 6.542560e-03
1429 4.039769e-05 8.947242e-03
1430 7.771705e-05 4.094690e-02
1431 5.638276e-05 3.667278e-02
1432 2.193566e-04 2.959282e-02
1433 2.124757e-06 7.738680e-03
1434 1.556034e-05 3.228930e-02
1435 1.741715e-04 3.884073e-02
1436 1.367519e-03 1.914282e-01
1437 3.093930e-06 4.584994e-03
1438 1.542933e-05 6.198228e-03
1439 4.354303e-03 5.553834e-01
1440 1.920573e-04 2.966812e-02
1441 7.830873e-04 2.868282e-01
1442 8.575256e-08 2.160780e-03
1443 1.903004e-04 4.469817e-02
1444 3.701454e-05 3.366078e-02
1445 8.494589e-05 3.932493e-02
1446 4.188856e-06 5.968288e-03
1447 8.736428e-05 7.432089e-03
1448 8.237128e-06 9.497791e-03
1449 2.931030e-04 7.221078e-02
1450 9.336362e-04 7.300539e-02
1451 5.095605e-07 1.782174e-03
1452 5.777520e-06 1.351672e-02
1453 1.626606e-06 1.894852e-03
1454 3.085011e-06 1.279430e-02
1455 2.616463e-07 4.414764e-03
1456 6.770768e-06 7.933322e-03
1457 1.149966e-06 5.344190e-03
1458 1.728441e-07 2.865433e-03
1459 1.612669e-05 6.011196e-03
1460 3.412039e-07 4.493792e-03
1461 2.845048e-06 7.628162e-03
1462 1.578029e-06 8.380205e-03
1463 1.311321e-04 2.397024e-02
1464 1.437437e-03 4.234950e-01
1465 1.802413e-03 2.668119e-01
1466 1.210044e-03 2.149974e-01
1467 4.594576e-05 2.560094e-02
1468 9.134754e-04 3.407556e-01
1469 7.833142e-04 2.358189e-01
1470 1.924403e-04 2.211106e-02
1471 2.372685e-05 1.352986e-02
1472 3.814757e-04 5.861099e-02
1473 9.081011e-08 2.953548e-03
1474 4.073056e-07 1.249536e-02
1475 7.970646e-07 4.492401e-03
1476 8.185744e-06 4.953740e-03
1477 3.620528e-04 1.359645e-01
1478 4.421059e-05 2.288730e-02
1479 1.359285e-04 5.999119e-02
1480 4.958812e-04 8.630829e-02
1481 1.064151e-05 3.271279e-02
1482 5.764344e-05 5.729354e-02
1483 1.033012e-05 8.038031e-03
1484 1.487963e-05 6.114224e-03
1485 1.068291e-05 5.601793e-03
1486 4.324401e-04 1.015815e-01
1487 1.551543e-04 9.040280e-03
1488 1.548181e-04 2.086593e-02
1489 1.473452e-05 3.739222e-03
1490 1.152482e-05 4.400968e-03
1491 6.106488e-04 9.445588e-02
1492 6.281877e-05 1.357061e-02
1493 2.735916e-05 3.975053e-03
1494 5.147032e-05 1.799027e-02
1495 1.791352e-03 1.345525e-01
1496 2.555086e-05 4.520534e-03
1497 7.426869e-04 6.734663e-02
1498 3.309633e-03 3.191720e-01
1499 1.580712e-04 1.316561e-02
1500 5.300654e-06 9.723323e-03
1501 1.359277e-04 6.373325e-02
1502 2.882543e-04 7.505094e-02
1503 8.521658e-05 2.078609e-02
1504 3.330997e-03 3.695083e-01
1505 1.295709e-04 6.539039e-02
1506 2.970388e-07 1.649028e-03
1507 1.303495e-03 8.042990e-02
1508 3.946736e-03 6.346829e-01
1509 1.630682e-05 3.800789e-03
1510 2.708979e-06 3.535924e-03
1511 1.069489e-03 6.715368e-02
1512 8.565693e-08 1.043276e-03
1513 2.584173e-05 1.662279e-02
1514 6.157380e-07 5.185743e-03
1515 5.289117e-06 9.502326e-03
1516 2.885319e-04 7.992389e-02
1517 4.323611e-05 1.348249e-02
1518 1.062086e-04 7.596345e-02
1519 5.669948e-08 1.805004e-03
1520 7.171698e-04 5.093681e-02
1521 6.354507e-07 2.406743e-03
1522 2.018209e-06 4.668859e-03
1523 6.306772e-06 5.155803e-03
1524 5.834716e-04 1.281498e-01
1525 1.691688e-04 2.063055e-02
1526 1.554317e-05 2.226900e-02
1527 1.460278e-04 2.583261e-02
1528 8.203517e-06 6.652677e-03
1529 8.346932e-05 1.577479e-02
1530 4.955149e-06 6.369396e-03
1531 9.091391e-05 7.414026e-02
1532 1.232845e-04 1.206183e-02
1533 7.664814e-04 8.931961e-02
1534 1.569198e-03 1.913130e-01
1535 1.951415e-03 2.975418e-01
1536 1.498218e-03 2.309470e-01
1537 3.859900e-06 8.212633e-03
1538 1.416705e-03 2.925155e-01
1539 3.784667e-05 2.448388e-02
1540 5.078284e-06 4.644675e-02
1541 3.706353e-04 1.872221e-01
1542 2.660455e-03 5.887478e-01
1543 1.573468e-06 5.523097e-03
1544 1.784845e-05 1.600736e-02
1545 2.245364e-07 3.630055e-03
1546 2.676830e-04 5.030907e-02
1547 5.591776e-05 3.207302e-02
1548 6.748774e-06 3.930159e-02
1549 2.583976e-07 2.616676e-03
1550 1.018739e-04 2.184529e-02
1551 2.759008e-05 1.535790e-02
1552 4.267997e-08 1.267494e-03
1553 6.786534e-07 3.167994e-03
1554 3.091665e-03 2.009568e-01
1555 7.710006e-04 1.347880e-01
1556 1.704019e-04 3.343859e-02
1557 1.571100e-03 1.487486e-01
1558 5.624378e-04 2.393235e-01
1559 2.008848e-03 1.046800e-01
1560 6.958126e-06 4.425956e-03
1561 3.497973e-04 2.892680e-02
1562 7.826998e-06 1.263743e-02
1563 2.881275e-04 1.325954e-02
1564 5.529833e-06 7.656730e-03
1565 4.626394e-04 4.308994e-02
1566 9.274755e-05 1.515781e-02
1567 2.357595e-05 5.910778e-03
1568 5.001915e-05 5.244254e-03
1569 1.488853e-04 1.436075e-02
1570 6.863695e-05 3.417003e-02
1571 2.013663e-04 4.266024e-02
1572 2.449711e-07 1.940815e-03
1573 5.631917e-04 9.906685e-02
1574 5.734522e-06 5.246249e-03
1575 4.054798e-05 1.849538e-02
1576 3.085083e-06 1.442395e-02
1577 1.506582e-03 2.290879e-01
1578 1.687672e-06 6.540989e-03
1579 3.077979e-05 1.985426e-02
1580 5.743143e-08 2.498605e-03
1581 3.771353e-06 4.138133e-03
1582 8.223649e-06 5.837029e-03
1583 2.368735e-04 6.011171e-02
1584 7.082369e-06 6.706764e-03
1585 2.642350e-03 2.853117e-01
1586 2.127738e-03 2.645076e-01
1587 4.126511e-04 1.100870e-01
1588 3.984952e-04 6.389386e-02
1589 1.680135e-03 1.330147e-01
1590 7.764212e-04 1.794195e-01
1591 8.309331e-05 5.531490e-02
1592 7.553071e-05 2.979779e-02
1593 2.461875e-04 9.866346e-02
1594 2.883702e-04 3.684197e-02
1595 2.473031e-05 1.594281e-02
1596 1.426753e-04 2.196492e-02
1597 4.628131e-05 2.710173e-02
1598 3.270282e-04 9.856026e-02
1599 3.523293e-06 3.186378e-03
1600 2.809072e-04 9.619844e-02
1601 4.132126e-07 1.407533e-03
1602 2.857812e-03 2.785553e-01
1603 1.582773e-06 2.482993e-03
1604 3.555398e-08 2.523475e-03
1605 4.140425e-04 3.577647e-02
1606 2.093028e-08 2.940210e-03
1607 2.889926e-07 1.957925e-03
1608 1.540970e-06 1.941551e-03
1609 3.400077e-04 2.265002e-02
1610 7.777282e-04 6.205164e-02
1611 1.817069e-08 1.884262e-03
1612 4.761513e-07 2.228723e-03
1613 1.053356e-05 2.912110e-03
1614 6.122732e-06 5.007880e-03
1615 2.222570e-04 9.511423e-02
1616 6.449056e-04 6.438722e-02
1617 9.620071e-04 9.770846e-02
1618 7.290449e-05 3.484792e-02
1619 1.674859e-03 4.014424e-01
1620 5.317586e-06 1.041791e-02
1621 5.527668e-04 1.042104e-01
1622 1.243020e-05 5.201676e-03
1623 5.301137e-05 4.770171e-02
1624 5.103104e-07 5.233326e-03
1625 1.997569e-07 1.679899e-03
1626 5.765607e-06 9.692420e-03
1627 2.991178e-06 6.393849e-03
1628 2.629621e-08 1.988019e-03
1629 1.777924e-04 5.436428e-02
1630 7.990134e-08 1.719570e-03
1631 1.924565e-05 1.092097e-02
1632 2.919532e-06 1.001980e-02
1633 6.170517e-05 3.412590e-02
1634 2.210846e-03 4.169711e-01
1635 1.208059e-03 1.489413e-01
1636 1.493636e-03 8.222355e-01
1637 1.826638e-04 1.114122e-01
1638 1.049979e-04 1.861729e-02
1639 2.360441e-03 5.375401e-01
1640 1.615426e-04 1.103882e-01
1641 1.257284e-03 2.438246e-01
1642 1.035513e-04 4.397552e-02
1643 2.002026e-04 4.120811e-02
1644 2.605513e-04 9.851609e-02
1645 3.010237e-07 1.622279e-03
1646 1.001934e-04 7.967127e-03
1647 4.864559e-04 2.429355e-01
1648 5.757204e-06 5.846739e-03
1649 1.016162e-04 2.123023e-02
1650 2.411070e-03 2.091680e-01
1651 3.995293e-06 1.876238e-03
1652 3.431892e-03 2.756555e-01
1653 2.129659e-03 3.614451e-01
1654 3.220173e-07 2.768556e-03
1655 2.610417e-05 5.659572e-03
1656 5.524778e-07 3.774029e-03
1657 1.643120e-07 1.265654e-03
1658 3.682503e-06 3.271625e-03
1659 6.717472e-05 8.391620e-03
1660 3.574441e-08 2.012533e-03
1661 3.046721e-04 7.347073e-02
1662 1.570970e-06 8.302336e-03
1663 3.714806e-04 2.466887e-02
1664 8.362074e-07 6.991386e-03
1665 1.452557e-04 1.857151e-02
1666 6.302749e-04 5.099164e-02
1667 3.588710e-04 4.762292e-02
1668 6.335156e-06 2.504904e-03
1669 5.045122e-06 4.816484e-03
1670 1.820753e-05 1.029003e-02
1671 2.415689e-06 4.596038e-03
1672 2.504968e-05 3.018666e-02
1673 2.725812e-04 4.849199e-02
1674 1.957783e-06 2.747947e-03
1675 1.457941e-04 8.349449e-03
1676 3.294076e-07 1.442775e-03
1677 2.119695e-05 1.317409e-02
1678 1.784791e-03 1.964811e-01
1679 6.951955e-06 1.345970e-02
1680 3.849757e-05 1.575314e-02
1681 2.950869e-04 4.752299e-02
1682 7.210684e-06 8.067980e-03
1683 1.582016e-06 1.415404e-02
1684 5.758745e-06 6.695480e-03
1685 2.661708e-08 2.227747e-03
1686 3.314919e-04 2.737761e-02
1687 1.618023e-04 1.133988e-02
1688 1.397592e-07 1.173238e-03
1689 8.506548e-05 4.271057e-02
1690 4.807140e-06 1.063455e-02
1691 5.726365e-05 5.783430e-02
1692 4.733578e-03 4.160339e-01
1693 3.333293e-03 2.537762e-01
1694 6.188448e-04 6.204086e-02
1695 1.193431e-05 8.136440e-03
1696 1.216297e-06 2.884597e-03
1697 4.355203e-07 6.205596e-03
1698 1.310643e-04 4.977652e-02
1699 7.753817e-06 1.695341e-02
1700 4.898145e-05 8.633927e-03
1701 1.340224e-05 1.004394e-02
1702 1.389611e-06 6.137748e-03
1703 1.184098e-05 1.405088e-02
1704 5.933488e-06 6.800214e-03
1705 9.855993e-04 2.827291e-01
1706 1.327532e-04 4.496725e-02
1707 7.667512e-07 3.166260e-03
1708 9.837790e-09 2.065853e-03
1709 6.104307e-08 5.396925e-03
1710 1.406153e-08 1.419218e-03
1711 1.573650e-06 1.052496e-02
1712 2.266821e-06 5.404021e-03
1713 4.754849e-07 4.430202e-03
1714 1.362063e-06 6.002657e-03
1715 1.535366e-06 4.416433e-03
1716 3.987465e-07 6.137569e-03
1717 8.181804e-09 2.195558e-03
1718 1.553065e-05 1.793504e-02
1719 1.166672e-09 1.983093e-03
1720 1.910427e-06 4.578880e-03
1721 7.771170e-08 1.538408e-03
1722 1.885636e-05 1.124889e-02
1723 9.424724e-09 1.305162e-03
1724 1.992664e-09 1.415742e-03
1725 1.922552e-07 1.923013e-03
1726 3.269034e-06 3.605470e-02
1727 4.895364e-07 1.033646e-02
1728 8.557258e-08 2.564127e-03
1729 4.180470e-05 1.020077e-02
1730 7.903301e-07 4.496561e-03
1731 8.287426e-07 3.964799e-03
1732 2.861100e-04 5.583719e-02
1733 8.769013e-04 1.984462e-01
1734 8.197096e-04 2.230840e-01
1735 7.370329e-05 7.172736e-02
1736 4.658351e-07 7.883584e-03
1737 6.625824e-06 8.507333e-03
1738 2.952783e-04 2.037970e-01
1739 5.579756e-04 1.223169e-01
1740 1.947257e-05 2.294543e-02
1741 5.972447e-09 1.330208e-03
1742 7.531740e-07 1.671108e-03
1743 2.120040e-07 4.089517e-03
1744 4.367928e-08 2.070530e-03
1745 1.064302e-07 2.237970e-03
1746 3.787096e-06 8.461968e-03
1747 1.837974e-05 2.273086e-02
1748 1.382892e-05 8.755318e-03
1749 1.955024e-06 6.791900e-03
1750 1.748780e-06 8.668586e-03
1751 6.482776e-07 4.074799e-03
1752 9.057383e-07 7.589203e-03
1753 1.456897e-04 8.543243e-02
1754 7.820748e-04 2.626607e-01
1755 1.235523e-03 2.132360e-01
1756 4.908001e-06 1.927593e-02
1757 1.514252e-04 6.102083e-02
1758 2.111689e-03 4.510829e-01
1759 2.661332e-04 1.267787e-01
1760 3.740705e-04 1.373856e-01
1761 1.319324e-03 4.715880e-01
1762 1.505391e-03 4.577916e-01
1763 2.518254e-04 1.551966e-01
1764 1.505551e-05 2.092908e-02
1765 6.095374e-05 3.475388e-02
1766 6.927862e-04 1.917586e-01
1767 2.277102e-04 2.921954e-02
1768 2.563164e-05 3.077023e-02
1769 3.923028e-04 1.124455e-01
1770 3.218018e-04 7.086156e-02
1771 2.109776e-04 1.005442e-01
1772 6.249649e-07 4.383072e-03
1773 7.408691e-03 1.082991e+00
1774 9.826241e-04 2.216500e-01
1775 6.279672e-03 6.994653e-01
1776 1.187205e-03 1.141712e-01
1777 1.533392e-04 5.245872e-02
1778 5.211633e-03 3.810066e-01
1779 3.238559e-04 6.684153e-02
1780 2.211705e-04 5.319150e-02
1781 1.066664e-04 2.773541e-02
1782 8.801403e-05 2.988078e-02
1783 2.456329e-03 2.750815e-01
1784 2.032324e-04 6.403185e-02
1785 2.660650e-04 9.294861e-02
1786 6.799848e-05 9.270794e-03
1787 4.924381e-04 2.584649e-02
1788 6.960606e-04 2.064546e-01
1789 2.628970e-04 1.075254e-01
1790 4.233389e-05 1.629525e-02
1791 2.419195e-04 1.454790e-01
1792 6.512415e-04 1.358047e-01
1793 2.280378e-04 4.843186e-02
1794 4.305765e-05 1.753960e-02
1795 1.134723e-04 2.706944e-02
1796 9.542880e-05 8.577011e-02
1797 9.367423e-05 9.343718e-02
1798 4.711849e-05 4.582543e-02
1799 8.476406e-06 1.546446e-02
1800 8.209391e-04 1.448005e-01
1801 1.949551e-04 3.370984e-02
1802 4.841495e-03 1.720605e-01
1803 1.387120e-03 1.135196e-01
1804 7.757267e-04 1.124039e-01
1805 1.825510e-04 4.198732e-02
1806 6.081416e-05 5.698225e-02
1807 2.720101e-05 2.033556e-02
1808 3.830020e-04 1.313441e-01
1809 2.856518e-05 2.190398e-02
1810 1.357800e-06 9.159039e-03
1811 3.166070e-05 1.139641e-02
1812 3.086298e-05 1.768576e-02
1813 8.768403e-06 9.211844e-03
1814 9.024076e-07 2.081441e-02
1815 7.066212e-05 6.891983e-02
1816 7.038579e-05 2.615588e-02
1817 9.523167e-05 5.603634e-02
1818 1.085806e-05 4.581418e-02
1819 1.446582e-03 2.667410e-01
1820 6.597813e-04 9.846185e-02
1821 3.422119e-05 1.850132e-02
1822 2.392812e-05 1.834761e-02
1823 1.215733e-05 4.750333e-02
1824 5.707233e-05 2.950597e-02
1825 3.840352e-04 2.272855e-01
1826 1.774471e-04 4.409981e-02
1827 1.780143e-05 1.154139e-02
1828 4.000070e-06 1.642666e-02
1829 1.053231e-05 1.515972e-02
1830 1.876290e-03 4.960082e-01
1831 8.328321e-06 9.040440e-03
1832 4.925761e-05 3.365507e-02
1833 7.457450e-07 1.109884e-02
1834 7.229574e-05 1.617674e-02
1835 2.756651e-07 8.507092e-03
1836 1.266069e-05 5.896264e-03
1837 3.416816e-04 4.835285e-02
1838 4.887101e-05 2.828256e-02
1839 2.544334e-05 4.404954e-02
1840 1.242040e-04 6.952580e-02
1841 9.784836e-05 3.698823e-02
1842 1.341302e-05 2.076498e-02
1843 2.113528e-05 1.608706e-02
1844 2.497308e-05 1.937714e-02
1845 3.865887e-05 1.425708e-02
1846 1.593436e-06 7.189251e-03
1847 4.487763e-05 1.112182e-02
1848 3.014553e-06 1.246568e-02
1849 6.871500e-06 1.483633e-02
1850 1.485904e-06 9.809526e-03
1851 3.325525e-06 5.623865e-03
1852 5.067157e-06 4.606408e-03
1853 3.386798e-06 4.309278e-03
1854 1.923692e-04 5.845124e-02
1855 1.912268e-05 2.749554e-02
1856 2.691053e-04 7.682597e-02
1857 5.000324e-04 6.661329e-02
1858 1.513986e-04 5.467131e-02
1859 6.744537e-06 5.251502e-03
1860 2.213190e-04 7.004311e-02
1861 2.516388e-07 7.867067e-03
1862 2.891785e-06 9.452444e-03
1863 8.384347e-06 2.558049e-02
1864 5.809717e-04 1.045550e-01
1865 1.648459e-04 5.082175e-02
1866 8.556521e-05 4.397970e-02
1867 8.680422e-06 1.144547e-02
1868 1.145420e-06 9.794048e-03
1869 2.711313e-06 6.645252e-03
1870 5.838054e-06 1.525070e-02
1871 1.229206e-03 1.571266e-01
1872 2.605806e-03 1.669397e-01
1873 4.978964e-05 1.454758e-02
1874 2.684240e-04 6.857999e-02
1875 8.593420e-04 6.678150e-02
1876 9.961171e-06 6.225218e-03
1877 1.194568e-04 1.978170e-02
1878 1.019910e-05 7.087250e-03
1879 1.047040e-04 2.925164e-02
1880 7.229493e-05 1.480287e-02
1881 3.127428e-04 2.422143e-01
1882 3.132413e-05 6.319432e-02
1883 8.627677e-06 4.358657e-02
1884 1.860463e-04 7.375078e-02
1885 5.395929e-05 3.225964e-02
1886 3.985216e-04 6.808083e-02
1887 3.224071e-06 7.930258e-03
1888 2.037688e-06 1.605472e-02
1889 1.678947e-07 7.971661e-03
1890 4.841274e-08 5.475595e-03
1891 2.638029e-06 5.484229e-03
1892 5.816694e-07 5.910399e-03
1893 4.118159e-07 2.191311e-02
1894 8.747522e-05 5.394043e-02
1895 1.030945e-04 2.141116e-02
1896 4.498974e-07 4.993409e-03
1897 2.861715e-07 3.663743e-03
1898 1.808474e-06 3.695088e-03
1899 9.551230e-06 1.728112e-02
1900 5.151449e-05 1.980395e-02
1901 3.510151e-08 1.742303e-03
1902 2.162364e-03 1.424949e-01
1903 2.373353e-03 2.554461e-01
1904 8.198646e-05 2.155288e-02
1905 5.415886e-04 5.328062e-02
1906 2.602251e-03 4.436036e-01
1907 2.684337e-07 7.371074e-03
1908 1.453254e-06 8.045776e-03
1909 9.046200e-07 5.398830e-03
1910 1.005879e-04 2.921347e-02
1911 1.104620e-06 1.190047e-02
1912 1.442490e-04 4.654969e-02
1913 4.034005e-05 6.547598e-02
1914 2.869408e-04 7.327978e-02
1915 3.223862e-03 5.935899e-01
1916 5.890668e-04 1.180590e-01
1917 3.600884e-04 1.577638e-01
1918 7.088332e-04 8.275945e-02
1919 8.687491e-04 1.711419e-01
1920 5.496763e-05 6.494969e-02
1921 8.060995e-05 3.604887e-02
1922 3.025244e-04 1.473032e-01
1923 5.059553e-04 8.806149e-02
1924 4.845530e-04 1.835256e-01
1925 1.492608e-04 6.807053e-02
1926 1.413362e-05 2.372605e-02
1927 2.332269e-04 6.157193e-02
1928 1.020531e-03 2.553912e-01
1929 1.763900e-04 4.421386e-02
1930 1.899824e-06 5.907545e-03
1931 1.327857e-05 3.771990e-02
1932 2.370741e-07 2.585902e-02
1933 1.263000e-04 2.654548e-02
1934 5.038414e-07 7.527493e-03
1935 1.359190e-04 5.767907e-02
1936 3.094422e-05 1.886382e-02
1937 3.654513e-04 4.513222e-02
1938 2.825998e-04 4.473906e-02
1939 1.398359e-04 6.049427e-02
1940 9.717505e-05 8.680757e-02
1941 1.969123e-06 7.862034e-03
1942 3.182154e-04 1.055356e-01
1943 1.974958e-04 1.092496e-01
1944 1.424872e-05 3.414399e-02
1945 1.024564e-05 1.165582e-02
1946 2.209737e-04 1.180173e-01
1947 1.510831e-05 1.938829e-02
1948 2.895574e-04 5.284425e-02
1949 2.968923e-03 2.576140e-01
1950 1.056256e-03 7.610133e-02
1951 5.218610e-04 1.748622e-01
1952 3.598354e-04 1.045087e-01
1953 4.679398e-05 2.093142e-02
1954 2.000519e-05 1.370589e-02
1955 1.408610e-03 4.265342e-01
1956 9.803621e-04 2.317905e-01
1957 3.624486e-03 3.831700e-01
1958 1.942522e-03 2.281310e-01
1959 3.157709e-07 7.301724e-03
1960 4.507574e-05 1.404376e-02
1961 1.377188e-08 2.938711e-03
1962 5.694105e-06 6.999421e-03
1963 2.480777e-08 2.056155e-03
1964 1.904254e-07 3.506569e-03
1965 7.236736e-05 2.923586e-02
1966 2.254121e-06 1.184696e-02
1967 4.605139e-04 1.569300e-01
1968 4.343017e-05 1.847909e-02
1969 8.264199e-06 1.933533e-02
1970 2.257371e-06 9.412210e-03
1971 1.003405e-05 2.262997e-02
1972 7.369620e-07 7.115982e-03
1973 7.972496e-04 1.207560e-01
1974 2.113113e-05 3.627568e-02
1975 4.351462e-06 1.671005e-02
1976 7.743383e-05 2.993944e-02
1977 9.984046e-04 1.515046e-01
1978 2.666750e-04 4.226367e-02
1979 4.664065e-04 4.903301e-02
1980 4.549828e-04 5.106535e-02
1981 3.654117e-04 2.630673e-02
1982 5.387436e-04 9.349205e-02
1983 2.528339e-03 3.391368e-01
1984 9.270125e-05 8.338682e-02
1985 7.119091e-04 1.460051e-01
1986 1.127083e-04 6.267663e-02
1987 4.337464e-03 4.534747e-01
1988 8.748557e-05 4.012458e-02
1989 3.476993e-05 4.771542e-02
1990 6.605391e-04 1.548201e-01
1991 1.183228e-05 1.338686e-02
1992 9.993523e-05 2.863060e-02
1993 7.396842e-04 5.819725e-02
1994 2.760289e-04 3.777773e-02
1995 7.728998e-04 4.306480e-02
1996 2.057883e-04 1.646879e-02
1997 1.991916e-03 1.308155e-01
1998 7.202778e-04 1.261580e-01
1999 1.283972e-03 2.719799e-01
2000 9.113460e-04 1.211529e-01
