1 1.336192e-03 1.120174e+00
2 2.726852e-07 2.051884e-02
3 3.481804e-06 3.285510e-03
4 1.218624e-08 1.866948e-03
5 2.698736e-08 2.633302e-03
6 1.425820e-03 5.761338e-01
7 1.372600e-06 1.421259e-02
8 5.921799e-08 4.268901e-02
9 9.767145e-11 2.383824e-03
10 7.492141e-05 9.992135e-02
11 8.611830e-09 5.169467e-03
12 3.592018e-11 1.231082e-03
13 1.047593e-05 2.343784e-01
14 3.164006e-09 7.641219e-03
15 4.402762e-09 3.082573e-03
16 3.181583e-05 2.950931e-02
17 1.199914e-08 1.937355e-03
18 6.034704e-04 4.132733e-01
19 1.270455e-06 8.367120e-03
20 1.573984e-12 1.022714e-03
21 2.489974e-03 1.264021e+00
22 1.498884e-07 5.867822e-03
23 7.438139e-05 4.208548e-02
24 1.178966e-03 5.156296e-01
25 9.059606e-04 2.949302e-01
26 7.159031e-07 4.756142e-03
27 5.550944e-06 2.560879e-02
28 4.243187e-08 3.637560e-03
29 5.780888e-03 8.763413e-01
30 1.076286e-03 8.488076e-01
31 1.663463e-03 3.114829e-01
32 1.525718e-04 4.084949e-02
33 1.769219e-08 1.232729e-03
34 3.323605e-09 1.156821e-03
35 1.503610e-08 3.143233e-03
36 1.171022e-03 6.627861e-01
37 7.877531e-05 1.170934e-01
38 6.496435e-08 8.884310e-03
39 3.769823e-10 1.949638e-03
40 1.182263e-07 3.579973e-03
41 2.254491e-05 2.468317e-02
42 2.859513e-09 5.033586e-03
43 5.288136e-04 4.269807e-01
44 3.989404e-05 9.222323e-02
45 2.493444e-05 1.556399e-01
46 4.361113e-06 1.264021e-02
47 1.618226e-04 2.843176e-01
48 7.989511e-05 1.248210e-01
49 3.577406e-06 1.085527e-02
50 4.076076e-03 1.028694e+00
51 2.417787e-07 1.200664e-02
52 6.400757e-06 2.450784e-02
53 1.010311e-05 1.295438e-02
54 2.921784e-08 9.965187e-03
55 2.987542e-07 5.156702e-03
56 2.547783e-05 9.822687e-03
57 1.208674e-08 1.460259e-02
58 2.474140e-04 2.604772e-01
59 4.009210e-04 1.113221e-01
60 4.072992e-11 1.410654e-03
61 2.925061e-03 1.305177e+00
62 1.109198e-05 3.526283e-02
63 6.476659e-09 1.923830e-03
64 4.869979e-09 4.167715e-03
65 7.726472e-05 4.886671e-02
66 4.161160e-08 4.633225e-03
67 2.487289e-08 7.371984e-03
68 2.725333e-06 8.605092e-03
69 3.904948e-08 1.437621e-03
70 1.118027e-09 1.343177e-03
71 3.253267e-03 3.558630e-01
72 6.318584e-06 2.035022e-02
73 4.616750e-08 4.152073e-03
74 1.978275e-04 2.045367e-01
75 1.922023e-05 1.218653e-02
76 3.713985e-07 2.886411e-03
77 1.033612e-05 3.993693e-02
78 9.983557e-04 5.431109e-01
79 4.734941e-04 3.344536e-01
80 2.253946e-07 2.894279e-03
81 6.381052e-08 1.643025e-03
82 4.966125e-05 8.215662e-03
83 4.026717e-05 3.357921e-02
84 2.460610e-08 1.877941e-03
85 6.599494e-04 1.829086e-01
86 5.171595e-06 7.704065e-03
87 3.121579e-09 2.829426e-03
88 6.029831e-08 1.708831e-03
89 1.675693e-06 2.308097e-02
90 1.979992e-04 2.888259e-01
91 1.691693e-03 4.382859e-01
92 7.504058e-03 1.293141e+00
93 1.504771e-06 1.454468e-02
94 1.474378e-07 4.185111e-03
95 2.538520e-03 1.119647e+00
96 2.709198e-04 3.650682e-02
97 1.694941e-09 3.515202e-02
98 9.740111e-08 3.499580e-03
99 2.596122e-04 3.287448e-02
100 4.198998e-03 2.003615e+00
101 3.342034e-06 5.127932e-03
102 3.306375e-07 1.510141e-02
103 3.235271e-04 4.708804e-01
104 3.972111e-06 4.382091e-02
105 1.144222e-05 6.824413e-02
106 1.251185e-08 8.996662e-03
107 3.017995e-08 2.881874e-03
108 4.363987e-07 1.931587e-02
109 1.198977e-07 5.143830e-03
110 8.011643e-07 1.186541e-02
111 8.927040e-04 8.236222e-01
112 2.494980e-05 1.247167e-01
113 2.001079e-03 1.007627e+00
114 1.540912e-03 5.914807e-01
115 1.132990e-04 1.984039e-01
116 3.434475e-04 4.055058e-01
117 1.124852e-03 3.400889e-01
118 3.466497e-03 8.659428e-01
119 2.436928e-11 4.547740e-03
120 1.506397e-11 3.640479e-03
121 1.370240e-08 1.150344e-02
122 1.655857e-09 1.886668e-03
123 1.693134e-07 6.059381e-03
124 1.129740e-06 1.404669e-02
125 2.363382e-11 3.999722e-03
126 2.483037e-08 6.171717e-03
127 2.337002e-09 9.668672e-03
128 5.666781e-08 7.911199e-03
129 1.138558e-09 4.474339e-03
130 2.542284e-09 3.978572e-03
131 2.677754e-09 5.911163e-03
132 6.927638e-09 4.687854e-03
133 8.651993e-09 7.681610e-03
134 8.988733e-06 2.452620e-02
135 3.669754e-09 4.541892e-03
136 1.676391e-08 4.112844e-03
137 6.615945e-07 1.301742e-02
138 1.377775e-09 9.367534e-03
139 1.057361e-08 8.741456e-03
140 2.196914e-09 5.190122e-03
141 1.685433e-10 3.030579e-03
142 1.613656e-08 3.133636e-03
143 1.799900e-08 6.953117e-03
144 4.030936e-10 8.570757e-03
145 7.236406e-11 4.700495e-03
146 1.160816e-09 6.133273e-03
147 1.671100e-09 6.329884e-03
148 1.509514e-10 7.990655e-03
149 6.547736e-09 4.305040e-03
150 4.545978e-11 3.988115e-03
151 2.414592e-08 1.011180e-02
152 6.163135e-08 5.981057e-03
153 8.767278e-09 2.990566e-03
154 1.226082e-09 3.767193e-03
155 4.489482e-10 3.024384e-03
156 1.131174e-08 3.883739e-03
157 6.872128e-09 4.042376e-03
158 6.709455e-08 4.812702e-03
159 4.337851e-08 5.930138e-03
160 6.890522e-09 5.189449e-03
161 6.084526e-09 3.135332e-03
162 3.422153e-10 3.003932e-03
163 5.796794e-10 3.081683e-03
164 4.580334e-11 1.642619e-03
165 1.089682e-10 1.682323e-03
166 9.371205e-12 1.657502e-03
167 7.993077e-10 2.937980e-03
168 7.175158e-09 3.318625e-03
169 6.889456e-07 6.176302e-03
170 1.772793e-11 1.639733e-03
171 3.886471e-09 3.423303e-03
172 8.474717e-10 3.219832e-03
173 2.052712e-10 1.619456e-03
174 3.323836e-10 3.088059e-03
175 1.579478e-09 3.095446e-03
176 1.804208e-09 2.999453e-03
177 1.544605e-10 1.656931e-03
178 4.044081e-08 2.307899e-03
179 4.194651e-11 1.614981e-03
180 7.604722e-10 3.096255e-03
181 1.133119e-10 2.125499e-03
182 3.413660e-10 3.398111e-03
183 2.715103e-11 1.196616e-03
184 5.121113e-12 1.614904e-03
185 1.193858e-10 1.233357e-03
186 9.227571e-10 2.180192e-03
187 2.006143e-11 1.906959e-03
188 1.596931e-11 1.592575e-03
189 1.357166e-11 1.134016e-03
190 3.576561e-11 1.208941e-03
191 2.181744e-05 2.342366e-02
192 9.219647e-07 4.459107e-03
193 9.185264e-05 7.409385e-02
194 8.714263e-05 6.837248e-02
195 5.293383e-07 7.208587e-03
196 1.307577e-05 1.940264e-02
197 1.657387e-04 1.029980e-01
198 2.331456e-07 6.690055e-03
199 1.369474e-06 1.500806e-02
200 3.492599e-07 1.090249e-02
201 1.274041e-05 2.385541e-02
202 2.722652e-06 2.429716e-02
203 4.347497e-08 3.533954e-03
204 1.019235e-06 6.918653e-03
205 2.907523e-07 8.683966e-03
206 8.015388e-08 3.911448e-03
207 8.458026e-08 9.683391e-03
208 5.132703e-09 3.469009e-03
209 1.299921e-07 8.250561e-03
210 4.025772e-08 4.840510e-03
211 1.686632e-08 2.424377e-03
212 2.245307e-04 7.949769e-02
213 1.695428e-08 2.476699e-03
214 1.094469e-09 4.267812e-03
215 3.164203e-07 5.283521e-03
216 3.279372e-07 8.289001e-03
217 1.857696e-08 2.126793e-03
218 1.960040e-06 2.730541e-02
219 8.192787e-06 2.209447e-02
220 2.364161e-09 3.566475e-03
221 1.344110e-08 4.004285e-03
222 9.099372e-09 7.095669e-03
223 1.566661e-07 9.826757e-03
224 1.976715e-09 3.045379e-03
225 8.889053e-08 5.524531e-03
226 5.724890e-08 3.699124e-03
227 4.780925e-08 4.293619e-03
228 5.424849e-08 5.068277e-03
229 2.546334e-06 1.558135e-02
230 1.226837e-06 8.205920e-03
231 4.698645e-07 6.953367e-03
232 1.225417e-07 5.138527e-03
233 4.449815e-07 6.233960e-03
234 9.122266e-07 5.216365e-03
235 2.855769e-09 4.505223e-03
236 4.753893e-07 5.189589e-03
237 8.165470e-10 3.369235e-03
238 6.443076e-08 5.754189e-03
239 1.402610e-08 3.550976e-03
240 6.040699e-08 3.168605e-03
241 3.293093e-07 4.175383e-03
242 1.644062e-07 5.090286e-03
243 6.494476e-09 3.177573e-03
244 2.294934e-08 4.717313e-03
245 6.367388e-08 5.006812e-03
246 1.241141e-08 3.847632e-03
247 1.622330e-07 4.994356e-03
248 6.970787e-08 2.683371e-03
249 1.889072e-06 8.375409e-03
250 1.047819e-07 4.235005e-03
251 4.995510e-08 2.929694e-03
252 4.114034e-07 7.249006e-03
253 3.263309e-09 3.336453e-03
254 2.072843e-08 4.833579e-03
255 4.251520e-07 6.699877e-03
256 2.726245e-08 2.746936e-03
257 1.128421e-08 3.453584e-03
258 5.542845e-06 8.456765e-03
259 1.839507e-05 2.102651e-02
260 1.072738e-05 1.777582e-02
261 7.712626e-06 1.700113e-02
262 5.122884e-07 6.723492e-03
263 5.857678e-06 1.020395e-02
264 3.144786e-06 2.107032e-02
265 2.884778e-07 7.283772e-03
266 2.151712e-05 2.208236e-02
267 6.670770e-06 4.725299e-02
268 2.159723e-07 2.090543e-02
269 3.787242e-07 3.196992e-02
270 4.175318e-08 4.409754e-03
271 1.689668e-07 7.484203e-03
272 5.072545e-08 6.860496e-03
273 3.732298e-07 4.494133e-03
274 1.682716e-06 5.822989e-03
275 7.023841e-08 8.643918e-03
276 5.727089e-06 3.875746e-02
277 4.802728e-09 3.485971e-03
278 6.971031e-08 2.710190e-03
279 4.771187e-07 1.666726e-02
280 2.955888e-07 6.140917e-03
281 6.188030e-08 8.689905e-03
282 8.959477e-07 1.286906e-02
283 1.860293e-07 3.434573e-03
284 1.332686e-06 9.528606e-03
285 4.852016e-05 3.989970e-02
286 1.813804e-05 4.523415e-02
287 1.209119e-06 7.564866e-03
288 7.021542e-06 1.547917e-02
289 2.677783e-05 4.949293e-02
290 5.983041e-05 7.284181e-02
291 3.371735e-06 8.579146e-03
292 5.798582e-05 2.259800e-02
293 4.624485e-06 1.926417e-02
294 1.603692e-05 2.982478e-02
295 1.122296e-06 1.890686e-02
296 1.803095e-03 2.928344e-01
297 3.139846e-03 9.390105e-01
298 8.334420e-05 4.705351e-02
299 2.421962e-08 4.608375e-03
300 1.301364e-09 4.600974e-03
301 1.090035e-03 2.918401e-01
302 3.031543e-08 5.131665e-03
303 6.026313e-08 3.118116e-03
304 2.894983e-09 2.281778e-03
305 1.638219e-09 2.666792e-03
306 4.509225e-11 2.689722e-03
307 3.590915e-11 2.646542e-03
308 3.994175e-11 2.581898e-03
309 1.292382e-06 6.364731e-03
310 4.293811e-11 3.223252e-03
311 1.211456e-12 2.653570e-03
312 4.455248e-08 2.251067e-03
313 8.061791e-12 2.542544e-03
314 2.726847e-11 2.549022e-03
315 2.678233e-13 2.676365e-03
316 5.008506e-10 2.822446e-03
317 3.553327e-12 1.929810e-03
318 2.312207e-11 1.947589e-03
319 3.101267e-09 2.286373e-03
320 4.532846e-13 2.507136e-03
321 5.040380e-12 1.426056e-03
322 8.086892e-05 8.390453e-02
323 3.209324e-05 1.001746e-01
324 7.709657e-10 9.486956e-03
325 1.403191e-05 1.521721e-02
326 4.708760e-10 3.487215e-03
327 9.716958e-08 2.384800e-02
328 4.634249e-08 9.803269e-03
329 5.616628e-05 1.017776e-01
330 4.477338e-04 6.544061e-01
331 9.309243e-07 3.425886e-02
332 5.048373e-04 2.578662e-01
333 5.280186e-08 5.092168e-03
334 7.581219e-07 1.451987e-02
335 4.786306e-10 8.353913e-03
336 9.431001e-08 1.557321e-02
337 3.781513e-04 1.038540e-01
338 3.437366e-05 2.491884e-02
339 1.279644e-03 5.209158e-01
340 1.397591e-06 6.912183e-03
341 1.145462e-06 6.779209e-03
342 1.984918e-06 2.040037e-02
343 1.743595e-06 4.417316e-02
344 1.901237e-07 4.004862e-03
345 2.791240e-05 9.318661e-03
346 1.249911e-07 2.559087e-03
347 1.178782e-07 2.981034e-03
348 7.420215e-06 1.169902e-02
349 1.728982e-05 1.249642e-02
350 3.056744e-08 3.257081e-03
351 3.043752e-08 2.858366e-03
352 1.032808e-05 3.625357e-03
353 5.284773e-05 9.846910e-03
354 5.777824e-06 4.839774e-03
355 7.467608e-06 5.048207e-03
356 1.336812e-07 2.368340e-03
357 3.513634e-05 1.335667e-02
358 1.570113e-05 2.601975e-02
359 1.902953e-06 7.394757e-03
360 1.244502e-06 6.271421e-03
361 8.365935e-06 4.591240e-02
362 1.889978e-07 2.469853e-03
363 2.226766e-08 3.365189e-03
364 1.032808e-05 3.625357e-03
365 1.267246e-04 3.618729e-02
366 2.970866e-05 1.241454e-02
367 5.100924e-06 1.114169e-02
368 1.728982e-05 1.249642e-02
369 3.200465e-05 9.056358e-02
370 3.864504e-07 1.404558e-02
371 3.674591e-07 1.972833e-02
372 2.527782e-03 1.136628e+00
373 8.116824e-05 1.787573e-01
374 7.338947e-03 1.244395e+00
375 1.161067e-05 2.571269e-02
376 1.448473e-03 3.460981e-01
377 1.113322e-06 9.419529e-03
378 7.101188e-05 3.804556e-02
379 2.967973e-07 9.066115e-03
380 7.897383e-06 1.480846e-02
381 1.249608e-09 1.913115e-03
382 1.589975e-07 1.013185e-02
383 2.943531e-09 1.824330e-03
384 2.003268e-07 8.131909e-03
385 2.715256e-10 4.590668e-03
386 1.696134e-07 6.537545e-03
387 1.540174e-06 1.589011e-02
388 7.923723e-10 2.770187e-03
389 7.969115e-07 6.380998e-03
390 8.039004e-07 4.949547e-03
391 4.923109e-06 3.308777e-02
392 4.471514e-04 3.675437e-02
393 8.521292e-06 1.664000e-02
394 2.845776e-08 3.017314e-03
395 6.253705e-08 8.356943e-03
396 1.209569e-05 3.972758e-02
397 4.368968e-05 1.953238e-02
398 3.890765e-05 4.157420e-02
399 9.624561e-06 1.163811e-02
400 1.353769e-04 4.791103e-02
401 2.639771e-06 9.146891e-03
402 1.127992e-06 7.102917e-03
403 2.177015e-06 9.427985e-03
404 2.374796e-05 1.791462e-02
405 7.256880e-06 1.182310e-02
406 9.766460e-07 8.947289e-03
407 1.616956e-07 4.577012e-03
408 2.691369e-06 1.054745e-02
409 6.782464e-03 9.436446e-01
410 2.988396e-05 2.364837e-02
411 9.888884e-06 1.953772e-02
412 1.900260e-04 8.282371e-02
413 1.681438e-06 8.304591e-03
414 2.832440e-06 9.953879e-03
415 1.664046e-06 6.162715e-03
416 1.468537e-06 6.841330e-03
417 2.153460e-06 1.000760e-02
418 2.817837e-04 1.472013e-01
419 5.029756e-05 1.762699e-01
420 7.721434e-05 8.603104e-02
421 1.282681e-05 2.263297e-02
422 1.230180e-05 3.207127e-02
423 2.450145e-04 1.210596e-01
424 1.168487e-03 3.140675e-01
425 1.045853e-04 1.410072e-01
426 1.778202e-05 4.828804e-02
427 5.550854e-04 3.034349e-01
428 7.531820e-05 4.582555e-02
429 2.347356e-05 3.512415e-02
430 4.880176e-05 5.467749e-02
431 1.242712e-04 8.173493e-02
432 3.617629e-05 3.000028e-02
433 1.697913e-05 2.493166e-02
434 8.801395e-05 5.448915e-02
435 1.970963e-05 5.257561e-02
436 3.890537e-05 4.641415e-02
437 5.806326e-05 4.565126e-02
438 9.587078e-06 2.900647e-02
439 7.595834e-04 4.112153e-01
440 1.354721e-05 3.336939e-02
441 1.124854e-05 2.281317e-02
442 6.919353e-05 9.434966e-02
443 1.332289e-05 2.610390e-02
444 2.405929e-03 5.770884e-01
445 7.832123e-04 2.461570e-01
446 3.073672e-12 9.154251e-04
447 2.399245e-13 1.224538e-03
448 1.858045e-13 9.088609e-04
449 1.398139e-13 9.125942e-04
450 5.721948e-13 9.935043e-04
451 1.879387e-10 1.782290e-03
452 6.389939e-12 1.227391e-03
453 9.027222e-11 1.122174e-03
454 2.732924e-12 1.245292e-03
455 2.928858e-11 1.251106e-03
456 3.885218e-13 1.031946e-03
457 5.874361e-15 9.244453e-04
458 6.584960e-12 1.233128e-03
459 2.934616e-07 1.455149e-02
460 3.116863e-11 2.593578e-03
461 2.249802e-13 1.054475e-03
462 7.647271e-11 2.965565e-03
463 4.144404e-11 1.127620e-03
464 8.923940e-12 1.328802e-03
465 1.458023e-12 1.151013e-03
466 1.431407e-12 1.381003e-03
467 3.586708e-12 1.082766e-03
468 7.314031e-13 1.091935e-03
469 6.531759e-12 1.325869e-03
470 1.031654e-11 1.754954e-03
471 2.987836e-12 1.218722e-03
472 7.535229e-13 1.118995e-03
473 3.028510e-12 1.318778e-03
474 7.223212e-13 1.048071e-03
475 2.285096e-11 1.316116e-03
476 6.312504e-10 1.412664e-03
477 2.990605e-07 3.255530e-03
478 2.150801e-07 7.855577e-03
479 6.037751e-10 1.574805e-03
480 3.780236e-10 2.067411e-03
481 2.656221e-11 1.859011e-03
482 4.010453e-11 2.108260e-03
483 2.368465e-11 2.060983e-03
484 3.290866e-08 2.121358e-03
485 2.577639e-10 1.759977e-03
486 4.976961e-06 1.449791e-02
487 4.595004e-10 1.487547e-03
488 1.428658e-06 9.475808e-03
489 2.875376e-03 6.367039e-01
490 3.441900e-06 7.453699e-03
491 1.901431e-06 9.036342e-03
492 3.183085e-06 6.024783e-03
493 6.896311e-07 6.926251e-03
494 6.839729e-09 6.450508e-03
495 5.066989e-08 4.947852e-03
496 1.188794e-04 4.387276e-02
497 4.893765e-05 5.220466e-02
498 3.724780e-06 8.683750e-03
499 2.098888e-08 7.826894e-03
500 6.417416e-09 5.141630e-03
501 3.279538e-05 9.729927e-03
502 1.372198e-03 4.643253e-01
503 2.808401e-05 1.269352e-02
504 1.032706e-04 1.510920e-02
505 1.052835e-06 7.294837e-03
506 1.312568e-04 4.477209e-02
507 4.975906e-05 3.286953e-02
508 1.047799e-05 1.337200e-02
509 1.202008e-08 8.605919e-03
510 9.306908e-06 1.259318e-02
511 2.843952e-06 6.365717e-03
512 4.897165e-07 8.259737e-03
513 5.314465e-06 8.523046e-03
514 1.892743e-03 1.051077e+00
515 1.046482e-07 6.979498e-03
516 1.963688e-08 6.855796e-03
517 1.785927e-06 1.393556e-02
518 4.729293e-08 6.908368e-03
519 1.657286e-06 2.337295e-02
520 8.706888e-07 1.865781e-02
521 5.878467e-05 3.150611e-02
522 3.736604e-05 2.938657e-02
523 2.451818e-05 2.810059e-02
524 2.404413e-07 1.309164e-02
525 1.278802e-06 8.227256e-03
526 5.287617e-06 2.403818e-02
527 4.715896e-07 9.860731e-03
528 4.904417e-08 5.986561e-03
529 1.955310e-06 1.766748e-02
530 2.855496e-07 5.158622e-03
531 2.393008e-07 7.299341e-03
532 2.275660e-06 1.896285e-02
533 7.282737e-07 1.255834e-02
534 1.597792e-07 1.145177e-02
535 8.362174e-07 1.238600e-02
536 2.260632e-05 4.106239e-02
537 1.159628e-06 2.495999e-02
538 4.825026e-07 1.261532e-02
539 1.754365e-05 2.640389e-02
540 3.276167e-06 2.295585e-02
541 4.990100e-06 2.565175e-02
542 1.203989e-03 2.956918e-01
543 4.378743e-07 1.908519e-02
544 8.142909e-07 7.511066e-03
545 2.635821e-07 7.445404e-03
546 4.371699e-07 6.074922e-03
547 7.417165e-11 2.494628e-03
548 1.197029e-09 3.022918e-03
549 5.547067e-09 1.591077e-03
550 4.407880e-07 5.606591e-03
551 1.953489e-08 2.645128e-03
552 2.173676e-07 1.889292e-02
553 4.622754e-06 3.272597e-02
554 2.000575e-06 9.387955e-03
555 4.113940e-07 1.192340e-02
556 6.218899e-08 3.016940e-03
557 3.388066e-08 3.779684e-03
558 1.092698e-06 1.200549e-02
559 7.537500e-09 2.470435e-03
560 1.203338e-07 3.988400e-03
561 4.678189e-08 3.161700e-03
562 8.038692e-08 3.409431e-03
563 8.843323e-09 4.790153e-03
564 4.402638e-08 3.257250e-03
565 2.431802e-07 1.438483e-02
566 1.620461e-06 5.900649e-03
567 2.493940e-05 8.556733e-02
568 9.278457e-05 3.368241e-02
569 7.316303e-05 9.813393e-02
570 1.089386e-05 1.542744e-02
571 2.615118e-05 1.107905e-02
572 1.842785e-04 4.672591e-02
573 1.223945e-05 8.434392e-03
574 1.567877e-04 4.411922e-02
575 3.244123e-05 1.247823e-02
576 3.602072e-05 2.039175e-02
577 9.616922e-06 1.300608e-02
578 3.818399e-06 1.009428e-02
579 1.329095e-03 8.549756e-01
580 5.775806e-05 3.863336e-02
581 4.921975e-06 5.633164e-03
582 9.998752e-05 7.661292e-02
583 8.071539e-06 1.171229e-02
584 2.824612e-05 1.825929e-02
585 4.674117e-05 8.190677e-02
586 1.161546e-06 1.276632e-02
587 2.631859e-06 1.346478e-02
588 1.760331e-07 1.022809e-02
589 4.328053e-07 2.665240e-03
590 2.911166e-03 5.690121e-01
591 3.192653e-04 1.610431e-01
592 9.542290e-08 6.357480e-03
593 2.399931e-05 1.883690e-02
594 1.541271e-04 4.903207e-02
595 3.130573e-08 6.663268e-03
596 2.591645e-03 1.181687e+00
597 1.752174e-12 1.912640e-03
598 1.551340e-10 1.969115e-03
599 1.738891e-10 1.938507e-03
600 4.692827e-10 2.062511e-03
601 1.041583e-09 3.034043e-03
602 1.053695e-10 2.563978e-03
603 1.909465e-10 3.254317e-03
604 2.460562e-12 1.931493e-03
605 6.360120e-10 2.078749e-03
606 1.086210e-11 1.932133e-03
607 7.284657e-12 1.777694e-03
608 8.906760e-12 2.031260e-03
609 1.441686e-06 1.312460e-02
610 2.276866e-07 4.339784e-03
611 6.844053e-04 3.564427e-01
612 1.404378e-06 2.577179e-02
613 8.437346e-06 1.939851e-02
614 6.909075e-07 2.651354e-02
615 5.326902e-08 1.035545e-02
616 1.629057e-10 3.281136e-03
617 5.371146e-06 1.394080e-02
618 6.716841e-09 4.233284e-03
619 1.591424e-08 5.034348e-03
620 2.489955e-09 5.448526e-03
621 1.809433e-04 7.587150e-02
622 8.957613e-09 5.944600e-03
623 1.935006e-09 7.249769e-03
624 6.565034e-08 6.036759e-03
625 5.018280e-08 4.562929e-03
626 5.439223e-03 9.427489e-01
627 1.489603e-07 5.038765e-03
628 9.069393e-08 1.267929e-02
629 5.775926e-05 6.602007e-02
630 1.979485e-04 4.904834e-02
631 1.981524e-05 3.018617e-02
632 4.382315e-06 3.901573e-02
633 9.078683e-10 6.070443e-03
634 7.624259e-08 5.304916e-03
635 1.140523e-07 5.180310e-03
636 7.627109e-08 7.263998e-03
637 6.655068e-07 1.373539e-02
638 2.764035e-09 8.794805e-03
639 4.852720e-08 1.533010e-02
640 1.237062e-08 4.772123e-03
641 9.365820e-09 5.578700e-03
642 1.069939e-08 6.948853e-03
643 1.246727e-06 3.501352e-02
644 2.266730e-06 6.484544e-03
645 4.605434e-07 1.252933e-02
646 9.215360e-08 1.908252e-02
647 1.270264e-07 7.631099e-03
648 4.491613e-07 2.671605e-02
649 2.862640e-08 1.060597e-02
650 1.051390e-08 5.742851e-03
651 4.726526e-09 6.389634e-03
652 3.783145e-08 7.583555e-03
653 6.021955e-04 4.626892e-01
654 1.917486e-04 9.201604e-02
655 1.133664e-08 2.905631e-03
656 2.285099e-05 3.301058e-02
657 3.262706e-03 8.701381e-01
658 7.446664e-06 2.571443e-02
659 1.712619e-07 1.341682e-02
660 9.022347e-07 1.398034e-02
661 8.754250e-07 3.507949e-02
662 3.252293e-05 2.316430e-01
663 5.837715e-07 1.402276e-02
664 7.537089e-07 1.463434e-02
665 7.372936e-07 1.672059e-02
666 1.360178e-05 3.228830e-02
667 1.441004e-05 2.009605e-02
668 1.494921e-07 7.045346e-03
669 1.095057e-06 2.999008e-02
670 5.214141e-05 5.021468e-02
671 3.100650e-05 4.186655e-02
672 7.598385e-08 6.958554e-03
673 1.793515e-05 1.715275e-01
674 9.457341e-07 7.504231e-03
675 1.023810e-03 2.616499e-01
676 5.706879e-08 1.670153e-02
677 3.172744e-05 4.220401e-02
678 1.928238e-08 8.054621e-03
679 2.023910e-04 1.362195e-01
680 1.505608e-09 3.444603e-03
681 7.242771e-08 1.337359e-02
682 2.196891e-03 1.117059e+00
683 9.406693e-07 1.580000e-02
684 1.309853e-03 4.969562e-01
685 3.946635e-08 8.813493e-03
686 1.187136e-04 3.845166e-01
687 7.012864e-07 8.001571e-03
688 6.553382e-08 8.274145e-03
689 6.895889e-08 9.033221e-03
690 1.012464e-06 1.467987e-02
691 1.279419e-07 1.520782e-02
692 1.263814e-07 1.188160e-02
693 3.440298e-07 9.416969e-03
694 6.726988e-07 6.112486e-03
695 1.242276e-06 9.912156e-03
696 7.464233e-05 1.538021e-01
697 1.025910e-06 8.182781e-02
698 1.034741e-04 1.878971e-01
699 3.147670e-07 1.675813e-02
700 7.682434e-05 5.039976e-02
701 1.332857e-06 9.546605e-03
702 2.729882e-06 1.699370e-02
703 1.371581e-07 7.298581e-03
704 8.136152e-05 7.793324e-02
705 3.196569e-05 2.107797e-02
706 4.673344e-06 1.676760e-02
707 7.940475e-06 1.125605e-02
708 1.359895e-03 5.931754e-01
709 8.525909e-06 2.483554e-02
710 1.856801e-03 2.698319e-01
711 2.252780e-04 1.088937e-01
712 8.462359e-05 4.513961e-02
713 2.837569e-05 3.720056e-02
714 3.779677e-06 2.054808e-02
715 6.322952e-08 6.490487e-03
716 1.328397e-06 1.819735e-02
717 1.817980e-05 3.344251e-02
718 1.080252e-05 1.411795e-02
719 1.026691e-05 1.288912e-02
720 2.093256e-05 2.238058e-02
721 7.485173e-04 8.353158e-02
722 1.084381e-04 4.270593e-02
723 3.909363e-04 1.112077e-01
724 1.064737e-07 6.893020e-03
725 3.012022e-06 7.548938e-03
726 2.421387e-06 1.236485e-02
727 1.979794e-03 5.218601e-01
728 2.878724e-07 1.273575e-02
729 3.125061e-06 1.437485e-02
730 1.556510e-05 1.855196e-02
731 4.422491e-06 6.978282e-03
732 5.463299e-05 1.015938e-02
733 7.277106e-07 1.045837e-02
734 1.635421e-05 1.528011e-02
735 1.912074e-04 2.094234e-02
736 5.573681e-07 1.995047e-02
737 3.147076e-03 4.236644e-01
738 7.229772e-06 5.296175e-02
739 5.181152e-06 1.210837e-02
740 1.665395e-05 1.557156e-02
741 6.147608e-06 1.042711e-02
742 6.211678e-05 6.788593e-02
743 5.128498e-04 3.412192e-02
744 1.690230e-04 4.951490e-02
745 6.469726e-05 5.832062e-02
746 7.248781e-06 1.060770e-02
747 5.816428e-05 1.787636e-02
748 5.816840e-08 6.039674e-03
749 1.626665e-06 2.875206e-02
750 2.486799e-05 6.957618e-02
751 3.911636e-07 8.217342e-03
752 5.289724e-07 1.139043e-02
753 1.036985e-03 3.585000e-01
754 2.927632e-05 2.211314e-02
755 6.669890e-05 7.807844e-02
756 7.266897e-07 1.081962e-02
757 1.375824e-04 1.032264e-01
758 1.825193e-07 5.479992e-03
759 8.157674e-06 3.266660e-02
760 4.809969e-04 2.827067e-01
761 5.459536e-04 2.266332e-01
762 9.140489e-08 9.897340e-03
763 4.727537e-07 1.176411e-02
764 2.730857e-07 1.091911e-02
765 1.134360e-03 4.376317e-01
766 2.847825e-04 6.308805e-01
767 9.532416e-04 3.735536e-01
768 6.387161e-04 4.909054e-01
769 1.187197e-07 1.125065e-02
770 8.109608e-08 5.043273e-03
771 1.782319e-07 4.902737e-03
772 1.581231e-07 4.761500e-03
773 4.345137e-05 1.387171e-01
774 4.868778e-07 6.619877e-03
775 3.182549e-06 1.174919e-02
776 3.117674e-07 5.732090e-03
777 2.800643e-08 1.023253e-02
778 1.637587e-03 1.928534e-01
779 1.600035e-08 8.941421e-03
780 7.233129e-07 6.385815e-03
781 7.984162e-09 5.346340e-03
782 3.434991e-08 2.405273e-03
783 1.017530e-08 3.592454e-03
784 1.248798e-06 1.865442e-02
785 5.811104e-06 1.400351e-02
786 7.770469e-07 8.056548e-03
787 3.966261e-07 9.533427e-03
788 3.152464e-08 1.146982e-02
789 2.014138e-08 8.424964e-03
790 2.098551e-05 1.032652e-01
791 9.996926e-08 4.327839e-03
792 1.815775e-08 1.031629e-02
793 2.190844e-06 1.396485e-02
794 7.499075e-04 2.990183e-01
795 3.200707e-06 1.757429e-02
796 7.557723e-08 6.025934e-03
797 6.326363e-06 9.334435e-02
798 2.139003e-08 7.391248e-03
799 1.256670e-04 1.049461e-01
800 1.014419e-06 1.880844e-02
801 3.175050e-07 1.085351e-02
802 3.818947e-04 1.623337e-01
803 4.354022e-04 5.072347e-01
804 2.879705e-08 1.071868e-02
805 7.597709e-05 5.591060e-02
806 1.208072e-05 1.339890e-01
807 6.768894e-06 5.392138e-02
808 4.185444e-08 5.944096e-03
809 2.902850e-07 2.379852e-02
810 8.078782e-09 2.326922e-03
811 8.109037e-06 1.748716e-02
812 1.061220e-07 4.286946e-03
813 2.449642e-05 4.010839e-02
814 4.538118e-07 1.370510e-02
815 1.481167e-07 1.596810e-02
816 8.337581e-04 3.890480e-01
817 5.555709e-05 1.052324e-01
818 6.612247e-09 9.982837e-03
819 4.265759e-07 1.304731e-02
820 1.332913e-06 3.732913e-02
821 6.416656e-06 4.191818e-02
822 2.381885e-06 3.381002e-02
823 2.846161e-05 1.191796e-01
824 2.034347e-03 8.166548e-01
825 3.372091e-03 8.259257e-01
826 1.071730e-03 3.846978e-01
827 4.488392e-04 1.969223e-01
828 3.233429e-04 7.562838e-01
829 3.793010e-03 8.353755e-01
830 3.181347e-05 1.358385e-02
831 3.494911e-07 4.747227e-03
832 4.889737e-07 5.196488e-03
833 1.577105e-06 1.107705e-02
834 3.143751e-06 6.879095e-03
835 2.549736e-06 6.918020e-03
836 4.156761e-06 5.160284e-03
837 3.765624e-06 9.574734e-03
838 1.788019e-05 8.612408e-03
839 4.709045e-07 5.016887e-03
840 9.923490e-06 1.912295e-02
841 1.371126e-06 7.249725e-03
842 1.395138e-06 8.622707e-03
843 3.946034e-07 9.830830e-03
844 2.590952e-06 1.978305e-02
845 1.088585e-04 4.426090e-02
846 1.008190e-04 7.174457e-02
847 3.584864e-06 8.303775e-03
848 5.635737e-06 1.383203e-02
849 2.169972e-04 6.852825e-02
850 6.324954e-07 6.204335e-03
851 4.708446e-05 6.824809e-02
852 5.768893e-07 6.381930e-03
853 1.608201e-04 2.308491e-02
854 8.207745e-07 5.903110e-03
855 1.480537e-05 1.792916e-02
856 8.860553e-10 1.482498e-03
857 2.318877e-09 1.302641e-03
858 4.687496e-09 2.049783e-03
859 1.078616e-09 1.499224e-03
860 7.664231e-05 1.270596e-01
861 4.494325e-08 6.856695e-03
862 3.053400e-08 1.593611e-03
863 3.709492e-09 1.539794e-03
864 2.152058e-09 1.394023e-03
865 2.627010e-09 1.574180e-03
866 4.417530e-09 2.066846e-03
867 4.193780e-08 1.723454e-03
868 5.948730e-10 1.362996e-03
869 7.643630e-10 1.627126e-03
870 3.889971e-09 1.532977e-03
871 7.760914e-10 1.394047e-03
872 1.135672e-08 1.881065e-03
873 1.101560e-08 1.418732e-03
874 7.299206e-09 1.404954e-03
875 5.595068e-04 2.858740e-01
876 8.418636e-11 1.443972e-03
877 8.598486e-09 1.457196e-03
878 2.086151e-09 1.900868e-03
879 1.955042e-09 1.352742e-03
880 3.078023e-09 1.371703e-03
881 3.561450e-10 1.397969e-03
882 4.744940e-09 1.821631e-03
883 5.702068e-09 1.760596e-03
884 2.578701e-08 1.478374e-03
885 6.571391e-09 1.567725e-03
886 6.470319e-07 6.620925e-03
887 2.627591e-06 9.580972e-03
888 1.656448e-07 1.155931e-02
889 4.955541e-05 1.000261e-01
890 1.581918e-07 1.987063e-02
891 1.244600e-05 9.225734e-02
892 1.448483e-04 1.654298e-01
893 2.418813e-07 5.678820e-03
894 6.267559e-07 3.809338e-03
895 1.114381e-06 8.547994e-03
896 7.125583e-07 1.494893e-02
897 6.134062e-04 7.959342e-01
898 5.426197e-07 1.915791e-02
899 1.976274e-05 8.015478e-02
900 1.880338e-06 9.097934e-03
901 4.221972e-06 9.192435e-03
902 5.674975e-07 9.153429e-03
903 5.676366e-08 6.137965e-03
904 7.088759e-05 1.186703e-01
905 4.021689e-07 2.008611e-02
906 5.908858e-05 5.335274e-02
907 2.741665e-03 1.086667e+00
908 2.668845e-08 2.764401e-03
909 5.768095e-07 3.199211e-03
910 1.165435e-08 1.579179e-03
911 3.150589e-05 8.607430e-03
912 2.341574e-07 5.066784e-03
913 1.705704e-08 1.724064e-03
914 8.148143e-08 4.919312e-03
915 2.193949e-06 3.765830e-03
916 1.529036e-04 1.433064e-01
917 1.663079e-08 2.134174e-03
918 4.078531e-09 1.783435e-03
919 2.679611e-09 1.394549e-03
920 5.321897e-08 2.530193e-03
921 3.278431e-10 1.059941e-03
922 6.125278e-09 1.429003e-03
923 1.386315e-04 8.446414e-02
924 1.606576e-06 1.755383e-02
925 1.550078e-08 1.069587e-03
926 7.017159e-06 1.491344e-02
927 6.761268e-09 1.325780e-03
928 7.770072e-07 4.125111e-03
929 2.313602e-06 1.054991e-02
930 4.532661e-08 3.657971e-03
931 2.127185e-07 3.840631e-03
932 2.229350e-10 1.484665e-03
933 7.785819e-09 1.825544e-03
934 1.651258e-06 1.188802e-02
935 2.140698e-08 1.864743e-03
936 1.665448e-09 1.194922e-03
937 9.060521e-08 2.944727e-03
938 1.753096e-08 1.797160e-03
939 1.382080e-06 3.599632e-03
940 6.086515e-07 6.496600e-03
941 8.073206e-08 5.572545e-03
942 5.199435e-08 1.631094e-03
943 7.824351e-07 2.233320e-03
944 7.839710e-05 1.070834e-02
945 1.717481e-08 2.265435e-03
946 1.547348e-06 6.531343e-03
947 4.533153e-06 3.172204e-02
948 2.427754e-07 6.930371e-03
949 1.049636e-06 1.064295e-02
950 2.186779e-07 7.919965e-03
951 8.506078e-08 1.593327e-02
952 4.078006e-05 2.148282e-02
953 6.362720e-09 8.945646e-03
954 1.324218e-08 3.086910e-03
955 7.621172e-06 3.723011e-02
956 2.704176e-09 3.053858e-03
957 1.661507e-08 8.411691e-03
958 1.234309e-07 6.816229e-03
959 2.222517e-05 5.136144e-02
960 4.660766e-07 1.913666e-02
961 1.775926e-06 9.859828e-03
962 5.776448e-07 1.271691e-02
963 7.378564e-09 3.842804e-03
964 5.086042e-06 4.123083e-02
965 1.372231e-08 5.412152e-03
966 2.045895e-04 1.164910e-01
967 3.444322e-05 5.905236e-02
968 5.020475e-07 4.769190e-03
969 1.013837e-07 8.095034e-03
970 2.105161e-07 1.675881e-02
971 1.506165e-07 3.118204e-03
972 3.173799e-07 7.557446e-03
973 1.625164e-08 9.423240e-03
974 4.372492e-08 3.281268e-03
975 7.684620e-06 7.281451e-03
976 4.725032e-04 2.739953e-01
977 7.892064e-06 7.538400e-03
978 2.330486e-05 1.841010e-02
979 4.503132e-08 2.839583e-03
980 1.241254e-08 1.233843e-03
981 3.009345e-08 4.100033e-03
982 4.634955e-07 8.047203e-03
983 3.192113e-07 3.809960e-03
984 3.026249e-06 1.009551e-02
985 4.786105e-07 4.113413e-03
986 2.731422e-07 4.131269e-03
987 1.653057e-08 1.272126e-03
988 7.904057e-08 2.519857e-03
989 2.525024e-06 9.453955e-03
990 2.489759e-07 3.797053e-03
991 1.537812e-06 7.264942e-03
992 1.367340e-07 2.349962e-03
993 3.735358e-08 2.446997e-03
994 1.319164e-08 2.150835e-03
995 1.555673e-06 3.840567e-03
996 4.603469e-07 3.241165e-03
997 1.314711e-03 1.546715e-01
998 6.395692e-07 6.076682e-03
999 1.693643e-06 4.938712e-03
1000 1.221132e-07 1.903511e-03
1001 9.778458e-09 1.574903e-03
1002 5.488819e-07 5.883723e-03
1003 1.158976e-08 1.779868e-03
1004 2.411989e-06 5.583600e-03
1005 6.541463e-08 2.920121e-03
1006 1.491035e-05 1.325362e-02
1007 1.841832e-08 2.926982e-03
1008 6.022729e-06 8.275497e-03
1009 1.646082e-08 4.060472e-03
1010 4.303201e-08 2.858507e-03
1011 1.771799e-07 3.713513e-03
1012 1.139812e-06 3.824238e-03
1013 3.803212e-09 2.067249e-03
1014 8.391543e-08 3.438377e-03
1015 2.197164e-09 2.130933e-03
1016 8.340292e-07 3.058712e-03
1017 7.516308e-08 1.789681e-03
1018 6.734576e-08 2.892558e-03
1019 1.275521e-08 4.401136e-03
1020 7.320266e-09 1.749321e-03
1021 3.535036e-06 7.362951e-03
1022 1.413293e-09 1.165925e-03
1023 3.362655e-07 2.086548e-03
1024 2.850722e-09 1.399168e-03
1025 4.596002e-07 2.413690e-03
1026 1.854819e-03 8.558422e-01
1027 2.585767e-04 1.164983e-01
1028 1.752527e-04 8.206694e-02
1029 4.382724e-05 9.973418e-02
1030 1.271340e-04 3.222338e-01
1031 1.566131e-03 6.420063e-01
1032 3.481396e-07 7.852644e-03
1033 7.481393e-06 1.942039e-02
1034 1.674051e-04 2.501319e-01
1035 1.035602e-06 4.538731e-03
1036 3.014600e-07 9.683499e-03
1037 3.212077e-05 3.138545e-02
1038 2.601142e-07 3.113599e-03
1039 4.912479e-06 1.626366e-02
1040 3.275678e-06 9.378740e-03
1041 7.898559e-06 2.614548e-02
1042 6.706423e-08 1.084280e-02
1043 1.073767e-06 1.636154e-02
1044 7.872976e-08 1.706260e-02
1045 3.939155e-07 7.610860e-03
1046 1.315779e-04 7.646103e-02
1047 7.085447e-04 2.026148e-01
1048 5.887417e-04 1.143480e-01
1049 5.402143e-07 8.983323e-03
1050 3.916321e-04 4.730422e-01
1051 2.891239e-03 3.477407e-01
1052 1.981668e-09 1.227310e-03
1053 2.853095e-09 1.821538e-03
1054 1.327654e-04 7.714841e-02
1055 5.665097e-11 1.556030e-03
1056 5.586056e-10 4.673044e-03
1057 1.091053e-08 2.140134e-03
1058 2.832411e-08 2.027372e-03
1059 3.416557e-11 1.031697e-03
1060 1.762349e-11 9.550872e-04
1061 5.764096e-06 3.335870e-03
1062 4.746044e-10 1.812603e-03
1063 6.405407e-08 3.811656e-03
1064 1.341514e-03 2.442520e-01
1065 1.028843e-05 1.679196e-02
1066 6.850701e-11 1.577866e-03
1067 1.149909e-10 1.439758e-03
1068 8.907082e-12 1.465210e-03
1069 2.270320e-11 1.614063e-03
1070 4.351820e-08 1.408826e-02
1071 1.315371e-07 5.309757e-03
1072 2.502718e-07 3.322881e-03
1073 5.556097e-07 1.936983e-02
1074 6.941344e-10 1.055243e-03
1075 3.164234e-06 2.614577e-02
1076 1.214272e-06 6.088061e-03
1077 2.921245e-06 1.648320e-02
1078 3.845811e-10 1.632470e-03
1079 1.357516e-07 5.827829e-03
1080 2.695754e-08 1.584628e-03
1081 1.250573e-11 1.460188e-03
1082 7.081967e-10 1.485770e-03
1083 1.204471e-08 1.830612e-03
1084 1.466819e-10 1.228487e-03
1085 7.749706e-09 4.319854e-03
1086 4.668814e-10 1.240019e-03
1087 4.630394e-10 1.369644e-03
1088 2.892121e-10 4.681295e-03
1089 1.232357e-09 1.234703e-03
1090 8.842380e-11 1.195623e-03
1091 8.254318e-10 1.229207e-03
1092 1.292663e-03 6.117208e-01
1093 2.651527e-08 1.876970e-02
1094 4.277373e-08 1.384720e-02
1095 3.988448e-10 1.692917e-03
1096 6.875213e-12 1.481496e-03
1097 2.646780e-10 4.826487e-03
1098 1.447617e-07 7.868076e-03
1099 6.079043e-09 3.261529e-03
1100 5.383747e-09 2.808272e-03
1101 3.070467e-07 5.084123e-03
1102 1.292672e-09 3.181526e-03
1103 3.911045e-09 2.754784e-03
1104 8.403522e-06 6.999718e-02
1105 4.365422e-10 1.530140e-03
1106 5.531246e-11 2.235589e-03
1107 2.658357e-10 3.128525e-03
1108 1.441357e-09 1.737719e-03
1109 2.287678e-10 2.022643e-03
1110 1.257255e-08 4.734741e-03
1111 2.247255e-10 3.955469e-03
1112 5.839306e-06 4.041960e-02
1113 5.554647e-07 1.748286e-02
1114 3.501046e-09 2.057356e-03
1115 1.381731e-05 3.617450e-02
1116 2.610002e-11 1.479020e-03
1117 3.137868e-09 1.611601e-03
1118 3.876982e-07 6.713233e-03
1119 9.459570e-07 2.380012e-02
1120 3.090442e-08 4.051461e-03
1121 6.621645e-08 6.862254e-03
1122 8.971227e-08 4.108955e-03
1123 2.105817e-08 2.487820e-03
1124 1.135086e-07 3.795889e-03
1125 3.104748e-07 4.739647e-03
1126 1.655240e-07 5.132120e-03
1127 6.657155e-08 3.881177e-03
1128 5.011020e-07 4.631419e-03
1129 4.986928e-08 3.319932e-03
1130 8.578081e-07 5.195095e-03
1131 9.150473e-05 7.393848e-02
1132 1.807694e-04 2.421283e-01
1133 3.519530e-05 4.566518e-02
1134 1.459929e-07 9.187542e-03
1135 3.639790e-07 2.470740e-03
1136 4.367910e-07 4.881918e-03
1137 9.377551e-07 5.586910e-03
1138 1.365710e-05 1.504340e-02
1139 2.449752e-08 5.257863e-03
1140 5.680145e-04 3.048170e-01
1141 6.387410e-05 4.036665e-02
1142 2.434875e-06 9.573840e-03
1143 2.954881e-07 6.806493e-03
1144 3.532958e-06 3.760795e-02
1145 6.440163e-08 9.211802e-03
1146 1.088068e-04 9.525911e-02
1147 7.784808e-06 4.483647e-02
1148 4.984379e-05 2.709628e-02
1149 5.676008e-06 1.257837e-02
1150 9.382245e-07 1.182239e-02
1151 5.338702e-05 2.674869e-02
1152 1.402615e-06 6.565777e-03
1153 8.153059e-07 4.869940e-03
1154 9.135796e-06 1.371532e-02
1155 2.019128e-05 2.801953e-02
1156 2.876857e-04 5.436998e-02
1157 1.889072e-04 8.932070e-02
1158 2.963747e-06 1.532387e-02
1159 6.356904e-04 2.312051e-01
1160 1.310481e-05 1.317289e-02
1161 1.363742e-07 7.566561e-03
1162 2.619238e-05 5.394341e-02
1163 6.388899e-04 3.131423e-01
1164 5.526738e-05 3.322000e-02
1165 1.497307e-04 3.573016e-02
1166 2.239380e-05 5.253001e-02
1167 5.302230e-05 4.426024e-02
1168 7.907464e-05 3.697829e-02
1169 2.299676e-04 6.500574e-02
1170 1.069909e-04 4.698129e-02
1171 2.208001e-05 1.033132e-02
1172 1.875457e-06 2.618496e-02
1173 8.570472e-04 3.337343e-01
1174 4.782989e-04 2.484264e-01
1175 1.318606e-05 4.026810e-02
1176 3.993515e-03 2.333216e+00
1177 7.626856e-08 3.119650e-03
1178 3.402209e-05 3.705621e-02
1179 6.683439e-06 2.441598e-02
1180 2.153967e-04 1.122042e-01
1181 5.322995e-05 2.599022e-02
1182 2.499350e-04 7.563182e-02
1183 2.813575e-04 4.032097e-02
1184 1.705610e-03 2.730131e-01
1185 6.353946e-04 2.439795e-01
1186 3.229627e-05 3.388418e-02
1187 5.258073e-07 9.487779e-03
1188 7.918765e-06 1.091394e-02
1189 1.050167e-04 4.972577e-02
1190 5.729678e-04 3.039538e-01
1191 3.658631e-04 4.956721e-02
1192 1.233179e-04 1.158032e-01
1193 4.354535e-05 4.844058e-02
1194 4.323483e-04 2.279253e-01
1195 2.357664e-04 1.030305e-01
1196 6.638916e-04 2.334925e-01
1197 4.664891e-04 8.814749e-02
1198 9.632579e-06 2.968719e-02
1199 3.448024e-04 9.786896e-02
1200 3.304520e-04 2.070172e-01
1201 6.774563e-06 2.859438e-02
1202 1.965248e-06 1.655814e-02
1203 4.637986e-04 7.132660e-02
1204 1.267135e-04 9.016419e-02
1205 4.053665e-09 4.862258e-03
1206 3.771223e-07 1.822652e-02
1207 6.011124e-08 3.647039e-03
1208 2.234126e-04 1.244904e-01
1209 5.196261e-07 9.021718e-03
1210 3.923562e-09 8.345725e-03
1211 2.109283e-08 3.600096e-03
1212 1.941892e-06 6.166269e-03
1213 4.246931e-07 7.563389e-03
1214 9.177638e-07 9.412454e-03
1215 3.712692e-07 3.471669e-02
1216 7.492582e-11 4.242216e-03
1217 1.519703e-05 2.715420e-01
1218 1.129096e-06 6.838246e-03
1219 2.063973e-08 1.287463e-03
1220 5.390624e-08 3.409145e-03
1221 5.432950e-07 8.546446e-03
1222 1.836349e-03 4.772882e-01
1223 5.937972e-08 2.077883e-03
1224 1.338207e-06 2.348061e-03
1225 1.327453e-04 8.813840e-02
1226 2.108490e-09 2.310065e-03
1227 8.480143e-04 5.819748e-01
1228 5.625411e-06 1.138298e-02
1229 8.075354e-09 1.269477e-03
1230 4.515762e-07 2.732949e-03
1231 4.321096e-07 1.887439e-03
1232 5.431411e-09 2.023329e-03
1233 2.820337e-08 2.255331e-03
1234 1.611873e-05 7.480007e-03
1235 1.770883e-08 2.560179e-03
1236 2.270584e-07 2.991043e-03
1237 5.620840e-06 4.643467e-03
1238 1.400740e-06 4.673729e-03
1239 4.204861e-08 2.336835e-03
1240 1.805067e-03 9.572897e-01
1241 2.129649e-05 7.473787e-03
1242 5.030750e-06 5.555212e-03
1243 3.855014e-07 4.285976e-03
1244 3.375309e-06 4.411741e-03
1245 2.249467e-07 2.959470e-03
1246 3.371698e-07 2.937605e-03
1247 1.054288e-04 3.870033e-02
1248 7.015725e-06 4.719308e-02
1249 7.823107e-07 1.108135e-02
1250 2.088791e-05 2.949186e-02
1251 5.314948e-06 2.036889e-02
1252 2.162873e-06 1.747592e-02
1253 5.093412e-07 1.518384e-02
1254 1.580051e-06 8.780097e-03
1255 1.692917e-03 5.170876e-01
1256 4.578825e-06 9.574730e-03
1257 1.771803e-03 1.323708e+00
1258 1.365658e-04 1.058052e-01
1259 1.594444e-03 3.400041e-01
1260 3.784424e-04 6.493929e-02
1261 2.361037e-09 1.847995e-03
1262 2.783835e-03 4.865724e-01
1263 1.647522e-07 5.534239e-03
1264 8.639425e-05 9.249533e-02
1265 7.237751e-07 3.428417e-03
1266 4.392109e-08 6.923724e-03
1267 4.206612e-09 1.942875e-03
1268 1.597508e-06 7.520928e-03
1269 3.163908e-05 7.185069e-02
1270 3.690078e-04 9.398911e-02
1271 2.519133e-06 1.143338e-02
1272 8.069130e-08 3.337752e-03
1273 5.858130e-07 6.730046e-03
1274 7.489036e-06 2.216734e-02
1275 8.613020e-05 9.982631e-02
1276 1.333369e-04 1.267152e-01
1277 2.073019e-05 1.243831e-01
1278 3.727199e-04 2.417248e-01
1279 1.812287e-07 5.984887e-03
1280 3.963836e-08 7.396644e-03
1281 1.772866e-08 8.544383e-03
1282 4.029215e-07 1.554582e-02
1283 1.185803e-06 1.312426e-02
1284 9.379879e-04 3.030292e-01
1285 5.166213e-06 3.554544e-02
1286 2.097648e-04 1.478538e-01
1287 1.663210e-09 7.191302e-03
1288 3.181079e-05 1.242866e-01
1289 1.559342e-04 1.503615e-01
1290 2.753941e-10 1.825314e-03
1291 2.344219e-05 8.250795e-02
1292 5.169379e-07 1.592208e-02
1293 1.698724e-04 2.207037e-01
1294 5.841985e-08 2.441129e-03
1295 1.674073e-06 1.836712e-02
1296 4.202912e-05 2.451354e-02
1297 9.543358e-04 4.734948e-01
1298 9.358198e-05 2.185586e-01
1299 4.890060e-06 2.316504e-02
1300 1.046406e-03 5.675185e-01
1301 1.110898e-06 5.254363e-03
1302 4.276293e-08 3.797997e-03
1303 1.478914e-05 3.954212e-02
1304 4.974800e-05 5.885796e-02
1305 9.096402e-05 1.394484e-01
1306 1.815618e-04 7.531486e-02
1307 2.353072e-03 3.953848e-01
1308 7.087840e-07 1.051844e-02
1309 3.546317e-04 3.923372e-01
1310 2.229708e-03 5.242533e-01
1311 5.930977e-04 2.225623e-01
1312 3.674254e-03 1.306476e+00
1313 1.073312e-07 4.958063e-03
1314 1.042337e-05 4.986999e-02
1315 5.262611e-08 6.033729e-03
1316 7.503589e-10 4.991570e-03
1317 6.621957e-09 3.432534e-03
1318 9.612599e-08 2.011166e-03
1319 7.417634e-10 2.521149e-03
1320 7.362255e-09 4.482406e-03
1321 1.575314e-09 4.118869e-03
1322 3.292117e-10 1.540500e-03
1323 1.626320e-07 1.499701e-02
1324 7.488994e-06 3.731799e-03
1325 9.133334e-08 6.824877e-03
1326 7.144771e-07 8.426226e-03
1327 6.717308e-07 1.025314e-02
1328 6.801895e-07 7.557537e-03
1329 1.391765e-11 2.764879e-03
1330 4.611378e-07 9.873784e-03
1331 1.509382e-04 1.824032e-01
1332 2.059313e-04 2.483675e-01
1333 4.959758e-06 3.345822e-02
1334 8.701481e-08 2.102453e-02
1335 1.615118e-05 3.425913e-02
1336 9.535061e-07 1.069325e-02
1337 6.226499e-07 6.536926e-03
1338 7.739219e-05 3.798078e-02
1339 1.402376e-05 2.988692e-02
1340 2.605807e-06 1.041135e-02
1341 3.637881e-06 9.192145e-03
1342 1.481456e-09 1.658643e-03
1343 2.896178e-03 7.814194e-01
1344 4.406394e-08 5.169305e-03
1345 3.180849e-04 4.394524e-01
1346 5.271459e-05 9.788241e-02
1347 8.160867e-05 9.822386e-02
1348 2.164231e-05 3.092815e-02
1349 3.033509e-06 1.339225e-02
1350 1.901384e-03 7.721754e-01
1351 8.193416e-04 3.907426e-01
1352 9.309106e-04 4.987162e-01
1353 3.401947e-10 3.320910e-03
1354 1.666473e-08 3.138932e-03
1355 1.124168e-04 4.769733e-02
1356 4.269276e-07 4.629656e-03
1357 3.932794e-07 5.461847e-03
1358 1.549052e-03 5.246161e-01
1359 4.882957e-07 2.574947e-02
1360 2.514846e-06 5.844083e-03
1361 2.052988e-06 1.473148e-02
1362 1.075767e-07 3.816962e-03
1363 1.421806e-09 1.349329e-03
1364 3.931095e-09 1.292727e-03
1365 3.957539e-09 1.908560e-03
1366 1.043648e-07 7.157529e-03
1367 3.160501e-06 3.803705e-02
1368 7.684675e-08 3.359278e-03
1369 9.774577e-09 2.317589e-03
1370 5.330591e-10 1.156463e-03
1371 1.416078e-06 2.897394e-03
1372 1.317867e-08 1.249379e-03
1373 9.208726e-08 2.059391e-03
1374 1.471597e-07 9.158913e-03
1375 2.454971e-03 2.789854e-01
1376 2.663351e-05 3.161978e-02
1377 3.219385e-04 1.015000e-01
1378 6.402690e-08 1.159052e-02
1379 1.039873e-03 1.451815e-01
1380 9.250721e-05 6.988089e-02
1381 1.030051e-06 2.258086e-02
1382 1.575062e-07 2.294115e-03
1383 2.229981e-06 8.146996e-03
1384 2.471587e-03 5.792587e-01
1385 8.113772e-06 4.240553e-02
1386 2.522127e-04 1.812340e-01
1387 9.928465e-04 7.470421e-01
1388 1.070466e-03 6.442765e-01
1389 2.974165e-07 8.137755e-03
1390 3.557511e-04 2.358592e-01
1391 5.250120e-06 1.897818e-02
1392 7.893706e-08 1.609504e-02
1393 4.801049e-08 3.104849e-03
1394 5.099631e-08 1.089262e-02
1395 1.564336e-05 4.532685e-02
1396 1.220892e-07 5.303875e-03
1397 4.132195e-08 4.620176e-03
1398 4.530297e-04 5.436224e-01
1399 2.602892e-05 2.053490e-02
1400 2.216954e-06 9.147013e-03
1401 4.597496e-05 6.420742e-02
1402 2.591604e-07 4.063725e-03
1403 4.631788e-05 6.460282e-03
1404 1.716616e-05 4.383636e-02
1405 6.953258e-08 2.197160e-03
1406 3.068922e-05 2.239721e-02
1407 6.078502e-08 2.707418e-03
1408 2.457324e-08 2.398978e-03
1409 5.134611e-05 5.628062e-02
1410 3.004553e-04 2.230571e-01
1411 3.041831e-05 1.605554e-01
1412 2.203182e-03 3.989371e-01
1413 2.608623e-07 2.511313e-03
1414 9.852876e-04 8.311043e-01
1415 8.733477e-09 3.234905e-03
1416 2.005830e-06 6.261627e-03
1417 1.694899e-05 1.495976e-02
1418 5.317969e-07 4.015135e-03
1419 1.521415e-04 1.237965e-01
1420 5.808065e-04 4.250017e-01
1421 9.510466e-05 1.686263e-01
1422 3.371386e-04 1.121449e-01
1423 2.513805e-03 5.630616e-01
1424 5.808882e-08 9.902616e-03
1425 9.396248e-04 9.372418e-01
1426 6.091536e-04 5.217203e-01
1427 2.212558e-05 4.430075e-02
1428 5.366491e-05 2.051088e-02
1429 2.620366e-06 1.164990e-02
1430 2.773538e-05 4.706635e-02
1431 3.602835e-05 4.855081e-02
1432 1.425245e-04 1.030742e-01
1433 6.768311e-08 7.802105e-03
1434 9.847847e-08 3.260496e-02
1435 9.664997e-06 6.369347e-02
1436 8.776908e-04 4.441054e-01
1437 1.209444e-06 4.903879e-03
1438 3.294469e-05 1.239141e-02
1439 7.973002e-04 1.054283e+00
1440 1.701024e-04 7.871638e-02
1441 3.124532e-03 8.429603e-01
1442 4.828954e-11 2.166489e-03
1443 3.129088e-07 5.637262e-02
1444 1.022301e-06 3.609085e-02
1445 2.289460e-06 4.730234e-02
1446 1.347674e-07 6.449919e-03
1447 1.787752e-04 6.070966e-02
1448 3.532820e-07 9.894146e-03
1449 1.839552e-04 1.339357e-01
1450 1.294504e-04 1.299982e-01
1451 3.203018e-08 1.814213e-03
1452 4.382689e-07 1.411977e-02
1453 5.302815e-07 2.076154e-03
1454 9.504630e-09 1.287608e-02
1455 1.590032e-09 4.418717e-03
1456 5.874285e-06 1.059701e-02
1457 8.964727e-09 5.411749e-03
1458 2.096547e-09 2.875237e-03
1459 1.462384e-05 1.001542e-02
1460 8.903995e-09 4.512007e-03
1461 8.106241e-09 7.683279e-03
1462 5.490003e-08 8.572778e-03
1463 6.303728e-06 3.603052e-02
1464 4.553781e-04 8.203102e-01
1465 8.100383e-04 4.548352e-01
1466 1.042277e-03 4.327018e-01
1467 1.374114e-04 5.431619e-02
1468 1.710107e-03 8.559280e-01
1469 5.272069e-04 5.302184e-01
1470 8.392740e-05 4.569968e-02
1471 1.168885e-04 2.900791e-02
1472 1.291326e-04 1.278437e-01
1473 2.072937e-09 2.959011e-03
1474 6.165420e-10 1.252710e-02
1475 9.527121e-08 4.539458e-03
1476 7.285073e-06 9.297896e-03
1477 7.590943e-04 3.856681e-01
1478 1.526147e-06 2.852525e-02
1479 6.733550e-04 1.718597e-01
1480 6.738030e-04 1.946318e-01
1481 5.281044e-06 3.454568e-02
1482 2.554847e-05 6.620310e-02
1483 1.489805e-06 1.209160e-02
1484 3.407629e-06 8.165414e-03
1485 6.216780e-06 9.485762e-03
1486 1.466435e-03 4.573125e-01
1487 1.899601e-05 1.614142e-02
1488 7.388569e-05 4.924731e-02
1489 1.142440e-04 2.088357e-02
1490 2.276049e-05 1.099272e-02
1491 1.271039e-03 3.239961e-01
1492 9.130566e-07 2.292855e-02
1493 1.232028e-06 5.497766e-03
1494 5.771996e-06 2.282408e-02
1495 3.178940e-04 3.694263e-01
1496 2.153688e-05 1.266715e-02
1497 9.427706e-05 1.225248e-01
1498 2.243179e-03 8.486573e-01
1499 7.942746e-05 6.865496e-02
1500 6.185349e-07 1.032886e-02
1501 3.575395e-04 1.826947e-01
1502 1.276640e-03 2.002743e-01
1503 7.495654e-05 5.878139e-02
1504 1.839407e-03 7.786611e-01
1505 3.453308e-06 7.137947e-02
1506 1.741951e-06 1.766945e-03
1507 1.112694e-03 2.953193e-01
1508 6.121555e-03 1.028456e+00
1509 3.969210e-07 4.425514e-03
1510 6.748986e-08 3.758464e-03
1511 1.925169e-03 3.059201e-01
1512 1.276620e-07 1.074518e-03
1513 4.433995e-07 1.734297e-02
1514 4.855150e-08 5.219158e-03
1515 1.165617e-05 1.078987e-02
1516 3.587390e-05 1.123329e-01
1517 7.448441e-06 1.756640e-02
1518 2.704709e-05 8.719646e-02
1519 1.019148e-09 1.807396e-03
1520 7.553071e-04 9.457065e-02
1521 2.000602e-08 2.453286e-03
1522 4.029163e-08 4.727402e-03
1523 1.597471e-06 7.614350e-03
1524 2.563974e-03 4.286999e-01
1525 6.489722e-05 5.642819e-02
1526 4.311827e-06 2.428297e-02
1527 1.088774e-04 9.681607e-02
1528 2.756919e-05 1.120765e-02
1529 1.535596e-05 2.927851e-02
1530 1.445496e-06 7.391952e-03
1531 1.089986e-03 1.641887e-01
1532 1.270155e-06 2.071565e-02
1533 1.801252e-04 1.223479e-01
1534 2.436794e-03 5.750705e-01
1535 2.122252e-03 6.780739e-01
1536 1.276834e-03 3.616159e-01
1537 6.943571e-08 8.424956e-03
1538 6.500217e-05 3.916129e-01
1539 1.009727e-06 2.704491e-02
1540 2.753308e-08 4.668478e-02
1541 5.212929e-04 3.006582e-01
1542 2.000595e-03 1.456165e+00
1543 2.985297e-08 5.589251e-03
1544 4.416762e-07 1.684859e-02
1545 7.837223e-10 3.642905e-03
1546 5.816691e-05 1.621028e-01
1547 1.634579e-05 3.913912e-02
1548 7.499271e-08 3.962492e-02
1549 9.348984e-10 2.624690e-03
1550 1.398081e-04 8.041023e-02
1551 5.066870e-07 1.656372e-02
1552 1.587795e-08 1.275968e-03
1553 1.531067e-07 3.206738e-03
1554 1.276752e-03 5.429655e-01
1555 1.107908e-03 3.945443e-01
1556 8.574379e-06 4.154576e-02
1557 5.983213e-04 2.856614e-01
1558 1.581006e-03 3.827954e-01
1559 1.688030e-03 5.094156e-01
1560 1.837454e-06 5.825184e-03
1561 5.058186e-04 9.684852e-02
1562 1.093464e-06 1.425929e-02
1563 2.355456e-04 2.346211e-01
1564 9.233196e-08 8.073779e-03
1565 8.728328e-05 1.007782e-01
1566 1.003482e-04 4.042374e-02
1567 4.684622e-06 8.208804e-03
1568 1.662073e-04 4.085856e-02
1569 3.238956e-04 5.754333e-02
1570 6.880203e-05 9.544985e-02
1571 1.550974e-04 8.458329e-02
1572 4.537610e-10 1.951182e-03
1573 1.941907e-03 3.404155e-01
1574 1.284160e-06 5.693924e-03
1575 5.504439e-05 2.444858e-02
1576 3.012620e-05 1.780820e-02
1577 7.044397e-04 3.602772e-01
1578 1.662788e-07 6.679024e-03
1579 1.228735e-04 3.870570e-02
1580 3.099889e-09 2.504778e-03
1581 8.933041e-06 6.087974e-03
1582 3.612557e-06 7.650349e-03
1583 1.934901e-03 1.808374e-01
1584 2.283912e-06 9.886874e-03
1585 3.441172e-03 6.808157e-01
1586 2.091364e-03 5.847901e-01
1587 1.757347e-04 1.617285e-01
1588 3.943585e-04 2.623941e-01
1589 3.265476e-04 2.463701e-01
1590 1.105273e-03 3.838366e-01
1591 1.977633e-05 6.468774e-02
1592 2.758450e-05 4.053068e-02
1593 1.619747e-04 1.499329e-01
1594 3.874148e-05 5.268662e-02
1595 1.252415e-03 6.453862e-02
1596 1.180347e-04 4.035132e-02
1597 1.484254e-04 4.905499e-02
1598 1.250543e-04 1.454971e-01
1599 1.107839e-05 4.821822e-03
1600 9.096999e-04 2.184130e-01
1601 1.784082e-06 1.753961e-03
1602 4.418920e-03 9.713428e-01
1603 7.151877e-09 2.590524e-03
1604 4.178923e-09 2.526510e-03
1605 1.884852e-04 1.305723e-01
1606 1.265366e-10 2.940806e-03
1607 8.941027e-09 1.979155e-03
1608 4.807943e-08 2.094213e-03
1609 1.102512e-03 1.545159e-01
1610 2.474732e-04 1.337359e-01
1611 1.022985e-11 1.884622e-03
1612 2.846739e-08 2.244055e-03
1613 7.387134e-06 4.966432e-03
1614 6.440012e-07 5.496889e-03
1615 8.542018e-04 2.951950e-01
1616 2.523830e-04 1.634188e-01
1617 6.742372e-04 2.143970e-01
1618 2.356218e-04 8.438134e-02
1619 6.752248e-04 6.884788e-01
1620 4.040915e-06 1.125758e-02
1621 4.673362e-04 1.628641e-01
1622 3.525582e-07 5.932591e-03
1623 7.236590e-06 5.383284e-02
1624 1.888041e-08 5.301863e-03
1625 6.659252e-10 1.697781e-03
1626 1.701772e-08 9.854292e-03
1627 5.637803e-08 6.897538e-03
1628 4.091689e-10 1.990309e-03
1629 1.014953e-04 9.417846e-02
1630 2.944661e-10 1.722784e-03
1631 1.749758e-06 1.226534e-02
1632 3.905613e-08 1.017185e-02
1633 4.919902e-05 5.386494e-02
1634 2.616480e-03 7.991358e-01
1635 7.854722e-04 5.160054e-01
1636 2.004480e-03 1.329386e+00
1637 4.223685e-04 1.725492e-01
1638 5.251519e-04 1.344327e-01
1639 2.812210e-03 1.163173e+00
1640 2.900876e-03 3.708041e-01
1641 3.895115e-04 4.087285e-01
1642 2.709170e-04 1.138804e-01
1643 1.544093e-05 5.829311e-02
1644 3.713666e-04 1.967883e-01
1645 7.078582e-09 1.659433e-03
1646 1.970939e-03 1.274900e-01
1647 1.700277e-04 3.984930e-01
1648 7.628041e-07 6.648394e-03
1649 1.656062e-05 3.775133e-02
1650 8.447293e-04 4.461153e-01
1651 1.044540e-04 1.049391e-02
1652 1.521740e-03 8.988516e-01
1653 1.875963e-03 8.261116e-01
1654 1.001158e-07 2.854355e-03
1655 1.400106e-06 8.697762e-03
1656 1.024060e-10 3.791155e-03
1657 2.434924e-09 1.275074e-03
1658 3.670495e-08 3.472407e-03
1659 4.061269e-07 1.105732e-02
1660 2.247049e-11 2.013569e-03
1661 2.545913e-04 1.649557e-01
1662 9.745369e-09 8.359961e-03
1663 4.878761e-05 7.462421e-02
1664 1.821488e-09 7.017811e-03
1665 2.349972e-03 1.298610e-01
1666 2.097870e-05 1.052383e-01
1667 5.931795e-05 6.957461e-02
1668 8.240372e-07 3.201171e-03
1669 2.523134e-06 6.626046e-03
1670 1.871593e-06 1.147244e-02
1671 2.348431e-08 4.715800e-03
1672 4.024786e-06 3.285511e-02
1673 1.918781e-04 8.300551e-02
1674 2.184596e-05 4.895156e-03
1675 2.352977e-04 5.298925e-02
1676 7.585213e-09 1.488534e-03
1677 1.025054e-05 2.157759e-02
1678 2.307487e-04 3.201710e-01
1679 6.374424e-06 1.488393e-02
1680 1.175647e-06 1.891074e-02
1681 1.510082e-04 1.165775e-01
1682 1.134847e-06 8.555164e-03
1683 6.877338e-09 1.427033e-02
1684 1.221414e-08 7.037242e-03
1685 2.445821e-11 2.228347e-03
1686 5.069460e-06 4.957851e-02
1687 1.069346e-05 2.253243e-02
1688 3.432136e-09 1.180995e-03
1689 2.796017e-06 4.589920e-02
1690 1.326461e-06 1.141773e-02
1691 2.011005e-04 8.217283e-02
1692 1.409675e-03 8.018998e-01
1693 3.892311e-04 6.534560e-01
1694 5.628816e-04 2.246075e-01
1695 1.097612e-06 9.277290e-03
1696 2.239955e-08 3.059550e-03
1697 3.838800e-09 6.228357e-03
1698 1.413204e-04 1.626670e-01
1699 1.490575e-07 1.733120e-02
1700 3.688882e-04 5.632378e-02
1701 8.692190e-07 1.069617e-02
1702 2.092777e-06 6.335356e-03
1703 8.444258e-06 1.669352e-02
1704 2.475726e-06 7.408563e-03
1705 4.940266e-04 4.606439e-01
1706 6.414778e-05 5.714534e-02
1707 2.414593e-07 3.553211e-03
1708 1.788920e-12 2.066073e-03
1709 3.180467e-11 5.400188e-03
1710 6.180191e-11 1.420090e-03
1711 1.909816e-08 1.075586e-02
1712 1.250452e-07 5.683520e-03
1713 3.619938e-09 4.481531e-03
1714 5.023054e-08 6.154391e-03
1715 2.686969e-07 4.575777e-03
1716 2.351246e-09 6.170857e-03
1717 5.147237e-10 2.196907e-03
1718 1.547684e-07 1.829709e-02
1719 6.810501e-13 1.983144e-03
1720 3.539800e-07 4.893609e-03
1721 2.788843e-10 1.543071e-03
1722 2.270223e-07 1.303421e-02
1723 1.956528e-11 1.305811e-03
1724 5.884204e-12 1.416024e-03
1725 3.864207e-09 1.943276e-03
1726 6.076212e-07 3.794100e-02
1727 2.395839e-09 1.036301e-02
1728 2.335223e-09 2.571009e-03
1729 1.233531e-06 1.450049e-02
1730 6.027475e-08 4.533649e-03
1731 2.136899e-08 4.025804e-03
1732 9.408220e-04 1.965881e-01
1733 3.264033e-03 3.340083e-01
1734 9.699039e-04 5.122387e-01
1735 4.772396e-06 7.566435e-02
1736 4.312704e-08 7.940065e-03
1737 3.407584e-06 9.450368e-03
1738 1.236142e-04 2.615403e-01
1739 3.446752e-03 4.154117e-01
1740 4.646549e-06 2.534070e-02
1741 3.292315e-11 1.330464e-03
1742 1.769213e-08 1.711538e-03
1743 3.398969e-08 4.125175e-03
1744 3.617766e-08 2.079743e-03
1745 1.389304e-10 2.243353e-03
1746 6.786338e-08 8.587081e-03
1747 3.940828e-07 2.370834e-02
1748 9.477158e-05 1.515878e-02
1749 7.179462e-07 7.084348e-03
1750 7.640606e-07 8.887242e-03
1751 4.932545e-09 4.101490e-03
1752 3.988757e-09 7.636065e-03
1753 2.637954e-05 1.125934e-01
1754 1.172431e-03 5.731864e-01
1755 3.344222e-03 5.736901e-01
1756 6.270926e-07 2.010846e-02
1757 4.146503e-05 8.601291e-02
1758 1.302802e-03 8.548089e-01
1759 2.328101e-04 1.856340e-01
1760 4.716435e-04 3.493496e-01
1761 2.528596e-03 8.848658e-01
1762 1.630137e-03 8.423872e-01
1763 5.987079e-05 2.179400e-01
1764 3.488276e-05 3.096793e-02
1765 3.518936e-05 5.107711e-02
1766 7.800061e-04 3.473220e-01
1767 4.305644e-05 7.693294e-02
1768 7.435121e-06 3.714690e-02
1769 8.451133e-05 1.677709e-01
1770 8.016825e-04 2.685638e-01
1771 7.505238e-06 1.257888e-01
1772 1.453850e-08 4.458853e-03
1773 1.643231e-03 2.237389e+00
1774 1.236400e-03 4.246510e-01
1775 1.969820e-03 1.433082e+00
1776 8.044249e-04 3.013432e-01
1777 3.068677e-05 6.161356e-02
1778 5.159388e-04 7.493318e-01
1779 1.447972e-03 1.493600e-01
1780 2.125939e-05 7.429000e-02
1781 3.714800e-05 4.000295e-02
1782 1.750068e-05 4.030375e-02
1783 3.448507e-03 1.085530e+00
1784 2.357518e-05 8.581765e-02
1785 1.954611e-05 1.098087e-01
1786 1.133090e-03 6.064530e-02
1787 4.599744e-04 1.228043e-01
1788 7.582423e-04 4.357659e-01
1789 9.679896e-05 1.945703e-01
1790 6.651592e-06 2.069102e-02
1791 2.183685e-05 1.700085e-01
1792 4.994213e-04 3.501097e-01
1793 2.029807e-04 1.075396e-01
1794 1.176586e-04 4.666944e-02
1795 8.544269e-05 4.495626e-02
1796 5.013530e-05 1.241177e-01
1797 4.942217e-05 1.198041e-01
1798 7.211299e-06 5.071421e-02
1799 9.575990e-07 1.614709e-02
1800 5.791921e-05 2.207387e-01
1801 3.244726e-05 4.885730e-02
1802 1.243440e-03 8.729716e-01
1803 7.239134e-04 3.816130e-01
1804 7.366630e-04 3.201753e-01
1805 5.904341e-05 1.013088e-01
1806 6.040598e-05 7.624534e-02
1807 5.438929e-05 3.817322e-02
1808 4.424039e-04 3.340735e-01
1809 3.056762e-06 2.371770e-02
1810 1.062949e-07 9.324593e-03
1811 1.781300e-07 1.306771e-02
1812 3.811416e-05 2.721296e-02
1813 4.072745e-06 1.074335e-02
1814 3.349582e-08 2.086771e-02
1815 2.518240e-06 7.462307e-02
1816 3.257032e-06 3.078001e-02
1817 1.771654e-04 1.074633e-01
1818 6.869131e-07 4.662699e-02
1819 9.481743e-04 8.523411e-01
1820 2.332774e-04 1.766987e-01
1821 2.504211e-05 3.203026e-02
1822 6.881651e-07 2.104500e-02
1823 1.605816e-06 4.876906e-02
1824 6.979310e-04 1.489493e-01
1825 1.912635e-03 5.526168e-01
1826 2.885031e-04 1.411543e-01
1827 1.517643e-06 1.260881e-02
1828 3.635159e-06 1.836982e-02
1829 1.630850e-06 1.709013e-02
1830 4.431317e-03 1.318079e+00
1831 6.180054e-06 9.683701e-03
1832 6.491877e-04 7.644914e-02
1833 3.352662e-09 1.114249e-02
1834 5.636381e-06 2.483993e-02
1835 2.422076e-09 8.520700e-03
1836 1.792682e-06 6.938971e-03
1837 9.257250e-04 3.479960e-01
1838 5.959538e-05 3.926536e-02
1839 4.474234e-06 4.704628e-02
1840 1.742213e-05 8.711267e-02
1841 1.491290e-05 5.342896e-02
1842 3.372432e-06 2.247785e-02
1843 7.682648e-06 1.916990e-02
1844 2.621629e-06 2.167408e-02
1845 1.438312e-04 3.801109e-02
1846 2.010857e-06 7.425806e-03
1847 5.478668e-05 1.884278e-02
1848 1.236756e-06 1.292400e-02
1849 2.574497e-07 1.539681e-02
1850 4.938409e-07 1.006008e-02
1851 9.028011e-07 6.214649e-03
1852 2.185814e-07 4.854651e-03
1853 7.247698e-06 5.186325e-03
1854 4.490246e-04 1.287085e-01
1855 2.238436e-06 3.000811e-02
1856 3.485633e-04 1.234897e-01
1857 7.722101e-04 2.575964e-01
1858 6.028632e-05 1.165922e-01
1859 3.943633e-06 6.057556e-03
1860 2.949347e-03 2.200434e-01
1861 1.021226e-08 7.876637e-03
1862 2.761721e-06 1.000610e-02
1863 1.235434e-06 2.650656e-02
1864 1.261868e-03 2.349261e-01
1865 5.134917e-04 1.098895e-01
1866 1.447225e-06 5.056535e-02
1867 4.382807e-07 1.205749e-02
1868 2.162031e-08 9.839241e-03
1869 2.174821e-08 6.762298e-03
1870 3.350741e-07 1.604093e-02
1871 3.407346e-04 4.044253e-01
1872 4.539242e-04 2.742477e-01
1873 5.737428e-05 4.195118e-02
1874 1.422870e-05 1.010147e-01
1875 8.191664e-04 2.629918e-01
1876 7.185758e-05 1.686420e-02
1877 2.015050e-05 4.153181e-02
1878 2.067783e-05 1.261852e-02
1879 1.160041e-05 3.845740e-02
1880 1.947808e-05 2.381872e-02
1881 2.908396e-04 3.404285e-01
1882 1.595319e-06 6.503846e-02
1883 1.410427e-06 4.450967e-02
1884 1.992380e-05 9.042530e-02
1885 1.825316e-06 3.901827e-02
1886 8.951305e-06 1.166558e-01
1887 4.101987e-07 8.730104e-03
1888 1.259167e-07 1.633446e-02
1889 1.982856e-08 7.997335e-03
1890 6.233783e-11 5.479533e-03
1891 4.693531e-08 5.628330e-03
1892 4.266404e-07 6.076365e-03
1893 1.428020e-09 2.192670e-02
1894 2.239610e-05 6.370958e-02
1895 1.211296e-04 3.883004e-02
1896 2.031850e-07 5.066553e-03
1897 4.150155e-09 3.676850e-03
1898 7.230825e-06 4.046697e-03
1899 4.845076e-05 2.513806e-02
1900 1.393577e-05 2.492172e-02
1901 1.617037e-10 1.743946e-03
1902 2.423843e-03 4.487999e-01
1903 3.244392e-04 4.130476e-01
1904 2.644642e-04 5.207528e-02
1905 1.099137e-03 2.413139e-01
1906 2.603569e-03 8.424582e-01
1907 5.710407e-08 7.411789e-03
1908 4.162284e-07 8.248063e-03
1909 8.214195e-07 5.475295e-03
1910 1.384640e-04 5.809061e-02
1911 4.111656e-07 1.205757e-02
1912 8.128833e-05 8.192197e-02
1913 1.265361e-04 8.301325e-02
1914 6.125022e-04 2.283076e-01
1915 2.007567e-03 8.986508e-01
1916 7.789699e-04 3.292067e-01
1917 4.047488e-04 2.120793e-01
1918 3.113157e-04 2.235222e-01
1919 2.673612e-03 4.327026e-01
1920 2.125669e-05 7.313213e-02
1921 2.107096e-05 4.706608e-02
1922 7.079761e-04 2.530994e-01
1923 6.797935e-04 1.910547e-01
1924 1.383046e-03 4.510857e-01
1925 1.718355e-05 7.618699e-02
1926 6.151203e-06 2.527896e-02
1927 3.173021e-04 1.674187e-01
1928 5.278990e-04 3.747251e-01
1929 1.910958e-04 6.835800e-02
1930 2.363805e-07 6.098188e-03
1931 1.705818e-07 3.884533e-02
1932 9.335062e-08 2.590741e-02
1933 2.448028e-04 7.720951e-02
1934 3.561479e-07 7.635553e-03
1935 1.355716e-05 6.696740e-02
1936 2.869247e-06 2.274762e-02
1937 7.510204e-04 1.756712e-01
1938 7.692230e-04 2.142943e-01
1939 6.471014e-05 9.152926e-02
1940 5.510745e-05 1.054725e-01
1941 1.035539e-07 7.997269e-03
1942 2.331259e-04 1.870439e-01
1943 2.075477e-04 1.361806e-01
1944 1.081729e-05 3.828131e-02
1945 3.460142e-06 1.412511e-02
1946 6.022013e-05 1.442050e-01
1947 2.161775e-05 2.785840e-02
1948 6.698036e-04 2.065724e-01
1949 7.585105e-04 7.924336e-01
1950 6.690200e-04 3.130073e-01
1951 1.113600e-03 3.981901e-01
1952 4.057591e-05 1.518741e-01
1953 2.941831e-05 2.741893e-02
1954 2.135418e-05 1.936079e-02
1955 6.139589e-04 7.149114e-01
1956 1.630724e-03 5.186618e-01
1957 1.993638e-03 9.135930e-01
1958 6.339114e-04 5.278852e-01
1959 1.519503e-09 7.319780e-03
1960 3.037142e-05 1.986715e-02
1961 5.798080e-12 2.938944e-03
1962 3.047391e-08 7.224659e-03
1963 8.387321e-11 2.056924e-03
1964 2.580704e-10 3.510100e-03
1965 5.073123e-05 5.370175e-02
1966 7.284687e-07 1.213329e-02
1967 6.960735e-04 2.945699e-01
1968 1.963986e-05 2.700985e-02
1969 1.141556e-05 2.175253e-02
1970 1.758631e-06 9.797323e-03
1971 4.098457e-06 2.664496e-02
1972 1.180468e-08 7.143216e-03
1973 7.848781e-04 3.219015e-01
1974 3.714905e-06 4.118430e-02
1975 8.802915e-07 1.713702e-02
1976 1.254926e-05 3.422530e-02
1977 4.048273e-04 3.209233e-01
1978 7.119872e-05 7.410092e-02
1979 2.003205e-04 1.148088e-01
1980 7.032991e-04 1.660394e-01
1981 7.929540e-04 1.230450e-01
1982 5.262209e-05 1.724268e-01
1983 9.299710e-04 7.623206e-01
1984 4.520590e-05 1.016148e-01
1985 1.866754e-05 2.355205e-01
1986 2.972660e-05 8.985191e-02
1987 5.358499e-04 9.652647e-01
1988 6.921146e-06 5.409758e-02
1989 1.307184e-05 5.522911e-02
1990 8.109493e-04 2.566797e-01
1991 1.099640e-07 1.451961e-02
1992 7.577075e-05 6.338973e-02
1993 1.101601e-03 3.552828e-01
1994 4.000444e-04 1.005257e-01
1995 1.994008e-05 7.857453e-02
1996 2.040879e-04 9.886276e-02
1997 3.065404e-03 1.037369e+00
1998 1.176204e-04 2.750292e-01
1999 3.951107e-03 5.617301e-01
2000 1.365901e-03 2.744504e-01
