1 3.230386e-03 1.380513e+00
2 8.308933e-08 2.053773e-02
3 1.152756e-06 3.468132e-03
4 3.763607e-09 1.868262e-03
5 3.140442e-08 2.636198e-03
6 4.024375e-03 8.081595e-01
7 2.130354e-06 1.445198e-02
8 4.007500e-09 4.269122e-02
9 9.051732e-12 2.383827e-03
10 2.166411e-04 1.134701e-01
11 2.958151e-09 5.170018e-03
12 8.817600e-12 1.231085e-03
13 1.158266e-06 2.349490e-01
14 2.367327e-09 7.641518e-03
15 5.660087e-09 3.083411e-03
16 3.281732e-06 3.162992e-02
17 1.528209e-10 1.937605e-03
18 2.085893e-03 4.817713e-01
19 5.297147e-07 8.456926e-03
20 2.541411e-12 1.022715e-03
21 3.189954e-03 1.527648e+00
22 1.053684e-07 5.899710e-03
23 2.016637e-04 5.455863e-02
24 8.978441e-04 6.513637e-01
25 4.589293e-04 3.495762e-01
26 5.847778e-07 4.800392e-03
27 1.890637e-05 2.613937e-02
28 2.192007e-08 3.639189e-03
29 2.311476e-03 1.194022e+00
30 2.772646e-03 1.048249e+00
31 6.810162e-04 3.972785e-01
32 9.214078e-04 8.588337e-02
33 1.244825e-08 1.234348e-03
34 7.569869e-09 1.157367e-03
35 5.141815e-09 3.144545e-03
36 1.907534e-03 7.534444e-01
37 5.227074e-06 1.190214e-01
38 1.062230e-07 8.894203e-03
39 2.711739e-10 1.949682e-03
40 2.751590e-08 3.584650e-03
41 7.431422e-05 2.925338e-02
42 1.039237e-09 5.033851e-03
43 5.857923e-04 5.086902e-01
44 2.877087e-04 1.076817e-01
45 1.288355e-04 1.618256e-01
46 6.569595e-06 1.361881e-02
47 4.539945e-04 3.154684e-01
48 3.031388e-05 1.296832e-01
49 2.310511e-06 1.097757e-02
50 2.257340e-03 1.448647e+00
51 1.503061e-05 1.263679e-02
52 1.255822e-06 2.475023e-02
53 2.282877e-05 1.482268e-02
54 8.370062e-10 9.966339e-03
55 1.806339e-07 5.180501e-03
56 1.281496e-05 1.146757e-02
57 8.214859e-09 1.460361e-02
58 1.982305e-03 3.060086e-01
59 2.447663e-04 1.596889e-01
60 1.306167e-12 1.410655e-03
61 1.634408e-03 1.467930e+00
62 1.374833e-05 3.696608e-02
63 2.122895e-09 1.924314e-03
64 4.317246e-11 4.167809e-03
65 4.795862e-05 5.553794e-02
66 1.437612e-08 4.635619e-03
67 1.474467e-09 7.372470e-03
68 2.466080e-07 8.729791e-03
69 9.357826e-09 1.440822e-03
70 3.235865e-10 1.343210e-03
71 3.054936e-03 5.460059e-01
72 8.721807e-07 2.095237e-02
73 1.716989e-08 4.155870e-03
74 4.962312e-05 2.186119e-01
75 4.719729e-05 1.783415e-02
76 2.948863e-06 2.956212e-03
77 1.980755e-06 4.054182e-02
78 2.176786e-04 5.994793e-01
79 2.437699e-03 4.851669e-01
80 2.559251e-06 3.004101e-03
81 2.035265e-09 1.645421e-03
82 3.519669e-05 1.238685e-02
83 2.142985e-04 4.455537e-02
84 1.854478e-08 1.879624e-03
85 9.276835e-04 3.217509e-01
86 1.799849e-05 8.791073e-03
87 1.123186e-09 2.829618e-03
88 6.614999e-08 1.713235e-03
89 5.227289e-06 2.326944e-02
90 3.804102e-04 3.265151e-01
91 1.621769e-03 5.423295e-01
92 3.620986e-03 1.719722e+00
93 2.656599e-06 1.473507e-02
94 1.540115e-07 4.203780e-03
95 2.571237e-03 1.304918e+00
96 3.876439e-04 6.988769e-02
97 4.216884e-10 3.515213e-02
98 6.587226e-09 3.506905e-03
99 1.411123e-04 6.027031e-02
100 4.926374e-03 2.438642e+00
101 2.386464e-07 5.220766e-03
102 7.467233e-08 1.511841e-02
103 4.884232e-04 5.218171e-01
104 6.413946e-07 4.397245e-02
105 9.097416e-06 6.931303e-02
106 1.280812e-09 8.997059e-03
107 2.360062e-09 2.882909e-03
108 2.136632e-07 1.936919e-02
109 9.079828e-09 5.148677e-03
110 5.754377e-08 1.188802e-02
111 4.731591e-04 8.809842e-01
112 2.134752e-04 1.408369e-01
113 2.155507e-03 1.238384e+00
114 2.497762e-03 8.620602e-01
115 3.999336e-05 2.062756e-01
116 2.462457e-04 4.417142e-01
117 1.437462e-03 5.491197e-01
118 2.382796e-03 1.115767e+00
119 7.440433e-12 4.547742e-03
120 3.559964e-12 3.640481e-03
121 2.574137e-08 1.150669e-02
122 4.373611e-09 1.887216e-03
123 1.204879e-07 6.089774e-03
124 2.775465e-06 1.423214e-02
125 3.799031e-12 3.999725e-03
126 1.182491e-08 6.174038e-03
127 8.630795e-10 9.668981e-03
128 4.088734e-08 7.921100e-03
129 1.224546e-09 4.474512e-03
130 6.014893e-10 3.978796e-03
131 1.434375e-09 5.911438e-03
132 2.569645e-09 4.688298e-03
133 6.836339e-09 7.682274e-03
134 1.497742e-05 2.552901e-02
135 2.472780e-09 4.542276e-03
136 1.129598e-08 4.114596e-03
137 2.362483e-07 1.307191e-02
138 1.555108e-09 9.367727e-03
139 2.448328e-08 8.744101e-03
140 5.239581e-10 5.190265e-03
141 4.023518e-11 3.030589e-03
142 1.843352e-09 3.134443e-03
143 9.326847e-09 6.955669e-03
144 4.405259e-11 8.570782e-03
145 1.133668e-11 4.700500e-03
146 2.672637e-10 6.133369e-03
147 3.670078e-10 6.330025e-03
148 5.091316e-11 7.990667e-03
149 1.069290e-08 4.306095e-03
150 7.608791e-12 3.988118e-03
151 1.791288e-08 1.011709e-02
152 6.224680e-08 5.988458e-03
153 1.364156e-08 2.992108e-03
154 9.215969e-10 3.767399e-03
155 1.390163e-10 3.024435e-03
156 7.854355e-09 3.885162e-03
157 5.160701e-09 4.043382e-03
158 4.941523e-08 4.822988e-03
159 1.010462e-07 5.937606e-03
160 7.580388e-09 5.190281e-03
161 4.376630e-09 3.135902e-03
162 6.992932e-11 3.003950e-03
163 1.823888e-10 3.081721e-03
164 1.386504e-12 1.642620e-03
165 7.449313e-12 1.682327e-03
166 6.602409e-13 1.657503e-03
167 8.575436e-11 2.938005e-03
168 4.781851e-10 3.318920e-03
169 1.619788e-07 6.245821e-03
170 1.673939e-13 1.639733e-03
171 3.644857e-10 3.423497e-03
172 1.303819e-10 3.219871e-03
173 2.158778e-11 1.619466e-03
174 2.243696e-11 3.088072e-03
175 1.247094e-09 3.095608e-03
176 3.861079e-10 2.999571e-03
177 5.405659e-11 1.656940e-03
178 1.889861e-08 2.309994e-03
179 3.387001e-11 1.614985e-03
180 8.166142e-11 3.096299e-03
181 5.838864e-11 2.125509e-03
182 1.217001e-10 3.398142e-03
183 1.925312e-12 1.196617e-03
184 3.856811e-13 1.614904e-03
185 1.292355e-11 1.233362e-03
186 3.128321e-10 2.180253e-03
187 3.210354e-12 1.906960e-03
188 7.631047e-13 1.592576e-03
189 1.441837e-12 1.134017e-03
190 8.986645e-12 1.208942e-03
191 4.657419e-05 2.848978e-02
192 1.908190e-06 4.586392e-03
193 1.293517e-04 9.048311e-02
194 1.200988e-04 8.155488e-02
195 1.622506e-07 7.246697e-03
196 1.872872e-05 2.224864e-02
197 1.616416e-04 1.236584e-01
198 1.086914e-07 6.716457e-03
199 9.067165e-06 1.545545e-02
200 7.412990e-08 1.093253e-02
201 6.039974e-05 2.724957e-02
202 3.692723e-06 2.466614e-02
203 1.938100e-08 3.541042e-03
204 4.809070e-06 7.300244e-03
205 8.789468e-07 8.738518e-03
206 3.847822e-08 3.924228e-03
207 5.642340e-08 9.694556e-03
208 2.456722e-09 3.469570e-03
209 1.258130e-07 8.278155e-03
210 8.784666e-08 4.849700e-03
211 1.742337e-08 2.427201e-03
212 3.254134e-04 1.050256e-01
213 7.899351e-09 2.478141e-03
214 5.119638e-11 4.267878e-03
215 9.642209e-08 5.305090e-03
216 2.326545e-07 8.327692e-03
217 1.222320e-08 2.128410e-03
218 3.956965e-07 2.740740e-02
219 5.514958e-06 2.273418e-02
220 1.698215e-09 3.566695e-03
221 6.272164e-09 4.005477e-03
222 9.589866e-10 7.096306e-03
223 7.700581e-08 9.840002e-03
224 2.125311e-10 3.045459e-03
225 1.998699e-08 5.529102e-03
226 4.145878e-09 3.701452e-03
227 5.316974e-09 4.295069e-03
228 1.272634e-08 5.071014e-03
229 1.381477e-06 1.575068e-02
230 6.476826e-07 8.270079e-03
231 5.211114e-07 6.995253e-03
232 1.374129e-07 5.154311e-03
233 5.088740e-07 6.268267e-03
234 1.551695e-06 5.309269e-03
235 1.479653e-09 4.505401e-03
236 7.935916e-07 5.251953e-03
237 6.557516e-10 3.369283e-03
238 4.957536e-08 5.758946e-03
239 1.115882e-08 3.551951e-03
240 4.644065e-08 3.172291e-03
241 3.925144e-07 4.202443e-03
242 8.703940e-08 5.101737e-03
243 7.619181e-09 3.178017e-03
244 2.735249e-08 4.719076e-03
245 1.573541e-07 5.015162e-03
246 6.918346e-09 3.848324e-03
247 4.309454e-07 5.017350e-03
248 8.236086e-08 2.689226e-03
249 2.210766e-06 8.515893e-03
250 8.688617e-08 4.242723e-03
251 2.784895e-08 2.932644e-03
252 6.990179e-07 7.290957e-03
253 5.777663e-09 3.336840e-03
254 5.507227e-08 4.836796e-03
255 7.822185e-07 6.743393e-03
256 2.317601e-08 2.748816e-03
257 1.996261e-08 3.455035e-03
258 1.294386e-06 8.748161e-03
259 6.024200e-06 2.229929e-02
260 2.271352e-06 1.853118e-02
261 7.756991e-06 1.779049e-02
262 2.550257e-07 6.752529e-03
263 9.652645e-06 1.072205e-02
264 4.968680e-07 2.117574e-02
265 6.255034e-08 7.294581e-03
266 1.037964e-05 2.334837e-02
267 7.363503e-07 4.751005e-02
268 1.497991e-08 2.091148e-02
269 4.095286e-08 3.198090e-02
270 9.571302e-09 4.411663e-03
271 5.959654e-08 7.491489e-03
272 5.330285e-09 6.862400e-03
273 1.906775e-07 4.513433e-03
274 8.077940e-07 5.923590e-03
275 1.539697e-08 8.646129e-03
276 4.222035e-06 3.907962e-02
277 5.002752e-10 3.486115e-03
278 7.281304e-09 2.712945e-03
279 3.289111e-08 1.667906e-02
280 1.431136e-07 6.156241e-03
281 1.966878e-09 8.691337e-03
282 9.053580e-08 1.289661e-02
283 4.054341e-08 3.444815e-03
284 6.400337e-07 9.619159e-03
285 1.684575e-05 4.252019e-02
286 4.171149e-06 4.623350e-02
287 5.597518e-07 7.649684e-03
288 2.227783e-06 1.583755e-02
289 1.253671e-05 5.151197e-02
290 1.922354e-05 7.714932e-02
291 1.058389e-06 8.733659e-03
292 2.660518e-05 2.685531e-02
293 1.062296e-06 1.948574e-02
294 7.974854e-06 3.075487e-02
295 5.104709e-07 1.896227e-02
296 8.822032e-04 4.527000e-01
297 1.522381e-03 1.329083e+00
298 2.753594e-04 6.829505e-02
299 1.756648e-09 4.609677e-03
300 5.953616e-10 4.601053e-03
301 1.656234e-03 5.424042e-01
302 7.167804e-08 5.137418e-03
303 1.295817e-08 3.122545e-03
304 4.206586e-10 2.281936e-03
305 7.933388e-10 2.666904e-03
306 1.477070e-11 2.689724e-03
307 3.454151e-12 2.646544e-03
308 1.201570e-11 2.581900e-03
309 2.762483e-07 6.453022e-03
310 4.098912e-12 3.223254e-03
311 1.089666e-13 2.653570e-03
312 7.002874e-09 2.255556e-03
313 2.507077e-12 2.542545e-03
314 2.774979e-11 2.549025e-03
315 1.581619e-14 2.676365e-03
316 3.161903e-11 2.822460e-03
317 7.229394e-13 1.929810e-03
318 3.583207e-12 1.947590e-03
319 2.206200e-10 2.286541e-03
320 9.091615e-14 2.507136e-03
321 3.592406e-13 1.426056e-03
322 2.772594e-05 8.789828e-02
323 3.420286e-06 1.012581e-01
324 4.235025e-11 9.486990e-03
325 1.112921e-05 1.618380e-02
326 1.355877e-11 3.487229e-03
327 5.524877e-09 2.385331e-02
328 1.555017e-09 9.804393e-03
329 3.350264e-05 1.063396e-01
330 9.207221e-05 6.968490e-01
331 1.556435e-07 3.432196e-02
332 1.222234e-04 3.221547e-01
333 4.064063e-09 5.094708e-03
334 1.392503e-07 1.459798e-02
335 1.112856e-11 8.353931e-03
336 7.295015e-09 1.557810e-02
337 4.815658e-04 1.765318e-01
338 2.704835e-06 2.696206e-02
339 8.264133e-04 6.608965e-01
340 4.291182e-07 7.047943e-03
341 5.365615e-08 6.826111e-03
342 8.720061e-07 2.059202e-02
343 7.995135e-07 4.441647e-02
344 3.055546e-08 4.017316e-03
345 6.496405e-06 1.111717e-02
346 1.846509e-08 2.566321e-03
347 8.391466e-09 2.986311e-03
348 1.748529e-06 1.224336e-02
349 4.145942e-06 1.357551e-02
350 7.233255e-09 3.258999e-03
351 2.373767e-08 2.861112e-03
352 1.629872e-06 4.051777e-03
353 3.855673e-05 1.613076e-02
354 2.036524e-06 5.368985e-03
355 1.195766e-05 6.457741e-03
356 3.138001e-08 2.376276e-03
357 2.591556e-05 1.657285e-02
358 3.729664e-05 2.952924e-02
359 9.988107e-07 7.520865e-03
360 9.231383e-07 6.409310e-03
361 1.784275e-06 4.627523e-02
362 6.612057e-08 2.485133e-03
363 7.871848e-09 3.366604e-03
364 1.629872e-06 4.051777e-03
365 4.078376e-05 4.633455e-02
366 2.031527e-05 1.555295e-02
367 2.491269e-06 1.155951e-02
368 4.145942e-06 1.357551e-02
369 4.624173e-06 9.225729e-02
370 6.534553e-08 1.407549e-02
371 1.325650e-07 1.976644e-02
372 1.660027e-03 1.460584e+00
373 9.005570e-05 2.024416e-01
374 5.322304e-03 1.593524e+00
375 2.758313e-06 2.696731e-02
376 4.726357e-04 4.748538e-01
377 1.203488e-07 9.531303e-03
378 7.953491e-05 6.081171e-02
379 1.136642e-07 9.087292e-03
380 9.339108e-06 1.574104e-02
381 8.401429e-10 1.913244e-03
382 7.538712e-08 1.014289e-02
383 1.490977e-09 1.824594e-03
384 4.547938e-07 8.158963e-03
385 1.661968e-11 4.590684e-03
386 1.433123e-08 6.547763e-03
387 1.349613e-07 1.594519e-02
388 2.718496e-10 2.770253e-03
389 1.317624e-06 6.572229e-03
390 4.144560e-07 5.027281e-03
391 9.925683e-07 3.336513e-02
392 2.102687e-04 6.371148e-02
393 5.845230e-06 1.760553e-02
394 8.272018e-09 3.020422e-03
395 3.167647e-08 8.366928e-03
396 1.580373e-06 4.034270e-02
397 1.354056e-05 2.197343e-02
398 2.729429e-05 4.600216e-02
399 1.984020e-06 1.227870e-02
400 5.834383e-05 5.729591e-02
401 2.522230e-07 9.282935e-03
402 1.585364e-07 7.167193e-03
403 3.007736e-07 9.550200e-03
404 3.328028e-06 1.930550e-02
405 2.282799e-06 1.230988e-02
406 2.035895e-07 9.004059e-03
407 1.544958e-08 4.585345e-03
408 1.310558e-06 1.073583e-02
409 4.604080e-03 1.263962e+00
410 2.855331e-06 2.518848e-02
411 6.554881e-07 1.993284e-02
412 1.776337e-04 9.791489e-02
413 8.369385e-07 8.421856e-03
414 5.633380e-07 1.012142e-02
415 3.558595e-07 6.260764e-03
416 2.920743e-07 6.928194e-03
417 3.017847e-07 1.013372e-02
418 2.819267e-04 1.872762e-01
419 1.577085e-04 1.906556e-01
420 7.324715e-05 9.998692e-02
421 6.345155e-06 2.323815e-02
422 1.778076e-06 3.268634e-02
423 7.636688e-05 1.392428e-01
424 5.041655e-04 3.953992e-01
425 2.121551e-05 1.471874e-01
426 8.125875e-06 4.973099e-02
427 3.596788e-04 3.548598e-01
428 3.503634e-05 5.098654e-02
429 7.314670e-06 3.653997e-02
430 4.500375e-06 5.681377e-02
431 8.461535e-05 9.157431e-02
432 1.704238e-05 3.388929e-02
433 3.449605e-06 2.574219e-02
434 1.215636e-05 5.858530e-02
435 4.127210e-06 5.350307e-02
436 3.669769e-06 4.798234e-02
437 8.016608e-06 4.815241e-02
438 1.992068e-06 2.951799e-02
439 4.865939e-04 4.749273e-01
440 4.026693e-06 3.420906e-02
441 2.254225e-06 2.335989e-02
442 8.057933e-05 1.098328e-01
443 1.284804e-06 2.663193e-02
444 1.736758e-03 7.863852e-01
445 1.826005e-04 2.723662e-01
446 4.862224e-14 9.154252e-04
447 2.661049e-14 1.224538e-03
448 2.805779e-14 9.088609e-04
449 6.472829e-15 9.125942e-04
450 4.408592e-14 9.935044e-04
451 2.648494e-11 1.782298e-03
452 2.272589e-12 1.227391e-03
453 5.728924e-12 1.122177e-03
454 9.691464e-13 1.245292e-03
455 1.398481e-12 1.251107e-03
456 1.883363e-14 1.031946e-03
457 6.181457e-17 9.244453e-04
458 6.679311e-13 1.233128e-03
459 2.002840e-07 1.456849e-02
460 1.529995e-12 2.593579e-03
461 3.576040e-14 1.054475e-03
462 1.204835e-11 2.965568e-03
463 2.762365e-12 1.127622e-03
464 1.327892e-12 1.328802e-03
465 4.827474e-14 1.151013e-03
466 6.731938e-14 1.381003e-03
467 1.147122e-13 1.082767e-03
468 7.418828e-14 1.091935e-03
469 9.690305e-13 1.325869e-03
470 1.069538e-12 1.754955e-03
471 6.587586e-13 1.218722e-03
472 5.305803e-14 1.118995e-03
473 6.677758e-13 1.318778e-03
474 6.899295e-14 1.048071e-03
475 7.413663e-13 1.316116e-03
476 4.668721e-10 1.412770e-03
477 6.013852e-07 3.294481e-03
478 1.128256e-07 7.891086e-03
479 6.072261e-10 1.574879e-03
480 2.925227e-10 2.067448e-03
481 6.225215e-11 1.859014e-03
482 8.485897e-12 2.108263e-03
483 1.570219e-11 2.060985e-03
484 6.840069e-08 2.126305e-03
485 3.600364e-10 1.760013e-03
486 7.089693e-06 1.526229e-02
487 7.387527e-10 1.487645e-03
488 3.129822e-06 9.703285e-03
489 2.627692e-03 9.179188e-01
490 1.085548e-05 8.383397e-03
491 1.361171e-05 9.671855e-03
492 1.027073e-05 6.608449e-03
493 1.464621e-06 7.043545e-03
494 3.128039e-09 6.451652e-03
495 1.061469e-08 4.952233e-03
496 1.729298e-04 7.005742e-02
497 7.238412e-05 5.884823e-02
498 3.656321e-06 9.137494e-03
499 2.082171e-08 7.830349e-03
500 1.959398e-09 5.142124e-03
501 1.424534e-05 1.230444e-02
502 9.283073e-04 6.452318e-01
503 2.817662e-05 1.579191e-02
504 1.547220e-04 3.142639e-02
505 2.174315e-07 7.373791e-03
506 4.714215e-04 7.944928e-02
507 7.730079e-05 5.023392e-02
508 3.319587e-06 1.453086e-02
509 1.117742e-09 8.606788e-03
510 2.046636e-06 1.372384e-02
511 5.338696e-07 6.632390e-03
512 1.398127e-07 8.297569e-03
513 8.227585e-06 9.566019e-03
514 4.913613e-03 1.359476e+00
515 3.425504e-08 6.985663e-03
516 6.497273e-09 6.856836e-03
517 2.086700e-06 1.408979e-02
518 1.150708e-08 6.912152e-03
519 4.140130e-06 2.364981e-02
520 1.513383e-06 1.876785e-02
521 6.468165e-05 3.589264e-02
522 6.369465e-05 3.337442e-02
523 2.632393e-05 3.022384e-02
524 8.164316e-08 1.311075e-02
525 1.572400e-06 8.350641e-03
526 1.436300e-05 2.495625e-02
527 5.547647e-07 9.896578e-03
528 2.567324e-08 5.990260e-03
529 9.887276e-07 1.777598e-02
530 2.115743e-07 5.176362e-03
531 2.852822e-07 7.326206e-03
532 8.394307e-07 1.912491e-02
533 3.681622e-07 1.259660e-02
534 1.242867e-07 1.146657e-02
535 1.436104e-06 1.252081e-02
536 4.086639e-05 4.490089e-02
537 9.362710e-07 2.506087e-02
538 5.419639e-07 1.265900e-02
539 2.135749e-05 2.813831e-02
540 8.678061e-06 2.359947e-02
541 8.584511e-06 2.631589e-02
542 1.292662e-03 3.999561e-01
543 2.253916e-07 1.911946e-02
544 9.208116e-07 7.587211e-03
545 1.305281e-07 7.461266e-03
546 2.071412e-07 6.099884e-03
547 1.156396e-11 2.494632e-03
548 2.652019e-10 3.022966e-03
549 3.947315e-10 1.591291e-03
550 4.147604e-08 5.621725e-03
551 6.318153e-10 2.645795e-03
552 1.943667e-08 1.890127e-02
553 4.874398e-06 3.319052e-02
554 2.125033e-06 9.561390e-03
555 4.249602e-08 1.193985e-02
556 1.410440e-08 3.019378e-03
557 1.444232e-08 3.781547e-03
558 3.596468e-07 1.206078e-02
559 7.114164e-10 2.470698e-03
560 2.609757e-08 3.993727e-03
561 1.005282e-08 3.163527e-03
562 1.100685e-08 3.412268e-03
563 2.533624e-09 4.790561e-03
564 4.155369e-09 3.258787e-03
565 1.760684e-07 1.440821e-02
566 1.126548e-06 6.018027e-03
567 2.588731e-05 8.795726e-02
568 1.393048e-04 4.320393e-02
569 7.641656e-05 1.038905e-01
570 7.724250e-06 1.634050e-02
571 4.187712e-05 1.370886e-02
572 9.068619e-05 6.080602e-02
573 2.601947e-06 8.975271e-03
574 1.603853e-04 5.550596e-02
575 4.984226e-05 1.551606e-02
576 3.732170e-05 2.308332e-02
577 6.709798e-06 1.363498e-02
578 1.299956e-06 1.024996e-02
579 1.269726e-03 1.021174e+00
580 1.889962e-05 4.216192e-02
581 2.268417e-06 5.955588e-03
582 1.055314e-04 8.440963e-02
583 2.676474e-06 1.224233e-02
584 2.906428e-05 2.071016e-02
585 1.484803e-05 8.453229e-02
586 1.169445e-07 1.280516e-02
587 1.203653e-06 1.366162e-02
588 1.204497e-07 1.024315e-02
589 1.354131e-07 2.697371e-03
590 4.046410e-04 6.905051e-01
591 7.196010e-05 1.754750e-01
592 4.641917e-08 6.361539e-03
593 2.567857e-05 2.193917e-02
594 2.374847e-04 6.559446e-02
595 4.396039e-09 6.664391e-03
596 1.803725e-03 1.651615e+00
597 1.234796e-13 1.912640e-03
598 2.378808e-11 1.969121e-03
599 1.779153e-11 1.938514e-03
600 3.303352e-11 2.062527e-03
601 7.294398e-11 3.034077e-03
602 1.024596e-11 2.563984e-03
603 9.021395e-12 3.254323e-03
604 3.690315e-13 1.931493e-03
605 4.274705e-11 2.078774e-03
606 5.217808e-13 1.932134e-03
607 3.467946e-13 1.777694e-03
608 4.306037e-13 2.031260e-03
609 5.075941e-07 1.327487e-02
610 7.830886e-08 4.352300e-03
611 3.557997e-04 4.304552e-01
612 3.104954e-07 2.584796e-02
613 8.394779e-07 1.980600e-02
614 1.658674e-07 2.658794e-02
615 8.382997e-09 1.035864e-02
616 2.534603e-11 3.281145e-03
617 2.530741e-07 1.411778e-02
618 7.495687e-10 4.233536e-03
619 5.155658e-10 5.034743e-03
620 2.743092e-10 5.448652e-03
621 4.088086e-05 8.488222e-02
622 1.432762e-09 5.945097e-03
623 1.424919e-10 7.249844e-03
624 1.095144e-08 6.042707e-03
625 1.802826e-08 4.566388e-03
626 1.279399e-03 1.253045e+00
627 1.147753e-08 5.046026e-03
628 2.147051e-07 1.269230e-02
629 2.902929e-04 8.363403e-02
630 1.465977e-03 1.115772e-01
631 3.126018e-05 3.379028e-02
632 1.453390e-05 3.963313e-02
633 4.442626e-10 6.070488e-03
634 3.835380e-07 5.322005e-03
635 3.642454e-07 5.199196e-03
636 1.192881e-07 7.275265e-03
637 3.018761e-06 1.387666e-02
638 4.171213e-09 8.795057e-03
639 1.120261e-07 1.533982e-02
640 2.893349e-08 4.773870e-03
641 4.639781e-09 5.579348e-03
642 1.198053e-08 6.949838e-03
643 4.380375e-06 3.521345e-02
644 2.508215e-05 7.670126e-03
645 2.218038e-06 1.263473e-02
646 2.144443e-07 1.909250e-02
647 6.503711e-07 7.657387e-03
648 1.488471e-06 2.683070e-02
649 9.589639e-08 1.061158e-02
650 4.817153e-08 5.745034e-03
651 7.645988e-09 6.390181e-03
652 5.641531e-08 7.587618e-03
653 1.921426e-03 6.520544e-01
654 8.762377e-05 1.076562e-01
655 9.414033e-09 2.906310e-03
656 1.892146e-05 3.591588e-02
657 2.643276e-03 1.218269e+00
658 7.085956e-06 2.680599e-02
659 2.764814e-08 1.342845e-02
660 3.396281e-06 1.417896e-02
661 6.674496e-07 3.516929e-02
662 1.635756e-05 2.341410e-01
663 3.034429e-07 1.407664e-02
664 2.530198e-07 1.468849e-02
665 2.606799e-06 1.688394e-02
666 1.492035e-05 3.424397e-02
667 7.854379e-06 2.190042e-02
668 4.954495e-08 7.055177e-03
669 1.283720e-06 3.011792e-02
670 1.126896e-05 5.354599e-02
671 5.311617e-05 4.574508e-02
672 1.179580e-08 6.964121e-03
673 1.335955e-05 1.735114e-01
674 4.745047e-07 7.579375e-03
675 4.537775e-04 3.649121e-01
676 2.921073e-08 1.670619e-02
677 9.964395e-05 4.843020e-02
678 7.550869e-09 8.055867e-03
679 9.141147e-05 1.541508e-01
680 1.475297e-09 3.444797e-03
681 3.472500e-08 1.338087e-02
682 1.845583e-03 1.407160e+00
683 3.182672e-07 1.586708e-02
684 1.021591e-03 5.790548e-01
685 2.177035e-08 8.816682e-03
686 7.000816e-04 4.300964e-01
687 1.199763e-06 8.119639e-03
688 7.084636e-08 8.283534e-03
689 2.588592e-08 9.037503e-03
690 1.146074e-06 1.478630e-02
691 2.943589e-08 1.521572e-02
692 4.213342e-08 1.189048e-02
693 5.372976e-07 9.455797e-03
694 3.264681e-07 6.158287e-03
695 4.330483e-07 9.978536e-03
696 2.349531e-05 1.580934e-01
697 3.474604e-06 8.199734e-02
698 7.371830e-05 1.996671e-01
699 4.773256e-07 1.679329e-02
700 1.261201e-04 6.070565e-02
701 4.845903e-07 9.649437e-03
702 9.058823e-07 1.716876e-02
703 2.055802e-08 7.306209e-03
704 5.681091e-05 8.464620e-02
705 3.562016e-05 2.420205e-02
706 1.068372e-06 1.702004e-02
707 2.579018e-06 1.164495e-02
708 1.078795e-03 7.525541e-01
709 1.066007e-06 2.503720e-02
710 1.862448e-03 4.677994e-01
711 2.287835e-04 1.265251e-01
712 1.863628e-05 5.115329e-02
713 5.863793e-06 3.892707e-02
714 1.709971e-06 2.077920e-02
715 2.829948e-08 6.494840e-03
716 6.100497e-07 1.828526e-02
717 1.999557e-05 3.670563e-02
718 1.103547e-05 1.581193e-02
719 3.190436e-06 1.398431e-02
720 2.026674e-05 2.483154e-02
721 6.889557e-04 1.514719e-01
722 1.155526e-04 6.167377e-02
723 5.948958e-04 1.623197e-01
724 4.583247e-08 6.904024e-03
725 4.095680e-06 8.101026e-03
726 2.428585e-06 1.270051e-02
727 1.428610e-03 7.223180e-01
728 3.985555e-08 1.274637e-02
729 5.850129e-07 1.448834e-02
730 3.275315e-06 1.933335e-02
731 8.300076e-07 7.167182e-03
732 7.500642e-05 1.931602e-02
733 1.091009e-06 1.061273e-02
734 5.279025e-06 1.614098e-02
735 4.094787e-05 3.040660e-02
736 1.526816e-08 1.996950e-02
737 9.470253e-04 5.999270e-01
738 1.610536e-06 5.330006e-02
739 2.270867e-06 1.243687e-02
740 3.152621e-06 1.639728e-02
741 1.192376e-06 1.077652e-02
742 8.636137e-06 7.029402e-02
743 9.748280e-05 5.899602e-02
744 1.126151e-04 7.775730e-02
745 4.451291e-05 6.457346e-02
746 2.289025e-06 1.132096e-02
747 4.003621e-05 2.495482e-02
748 1.925321e-09 6.041019e-03
749 7.227148e-08 2.879229e-02
750 6.142401e-06 7.132418e-02
751 2.931328e-08 8.242885e-03
752 6.031713e-08 1.142328e-02
753 5.227233e-04 4.437743e-01
754 9.322777e-06 2.380995e-02
755 1.112181e-05 8.222822e-02
756 3.752126e-08 1.086572e-02
757 2.088926e-05 1.082361e-01
758 9.448085e-08 5.497115e-03
759 1.384163e-06 3.316192e-02
760 1.774710e-04 3.126126e-01
761 6.234558e-05 2.540993e-01
762 4.344161e-08 9.903220e-03
763 2.234536e-07 1.179706e-02
764 5.810817e-08 1.094107e-02
765 6.982343e-04 5.190802e-01
766 1.821624e-03 7.473484e-01
767 1.476386e-03 4.964239e-01
768 4.681294e-03 8.158216e-01
769 7.954821e-09 1.125512e-02
770 1.225784e-08 5.047126e-03
771 3.932140e-08 4.911329e-03
772 2.300367e-08 4.767767e-03
773 7.244931e-05 1.460875e-01
774 2.350699e-07 6.650904e-03
775 9.732570e-07 1.194175e-02
776 6.734336e-08 5.745823e-03
777 5.973263e-09 1.023404e-02
778 1.215082e-03 2.781597e-01
779 1.655848e-08 8.942603e-03
780 3.509386e-07 6.437987e-03
781 4.431212e-09 5.346779e-03
782 3.309435e-09 2.406575e-03
783 1.040932e-09 3.592815e-03
784 2.916500e-07 1.871315e-02
785 2.312030e-06 1.454763e-02
786 7.152979e-08 8.121344e-03
787 3.929933e-07 9.583148e-03
788 4.177191e-09 1.147186e-02
789 1.824713e-09 8.426248e-03
790 6.076430e-06 1.052857e-01
791 8.610944e-09 4.334607e-03
792 2.413194e-09 1.031763e-02
793 4.759418e-06 1.436095e-02
794 1.080307e-03 3.745123e-01
795 1.542115e-06 1.805242e-02
796 3.572739e-08 6.033057e-03
797 9.735516e-06 9.437749e-02
798 1.526397e-08 7.393313e-03
799 4.492946e-04 1.523358e-01
800 3.244693e-07 1.895473e-02
801 3.361052e-07 1.090838e-02
802 1.345388e-03 2.553578e-01
803 1.372639e-04 5.501461e-01
804 1.325201e-08 1.072197e-02
805 2.509837e-04 8.815570e-02
806 8.016812e-06 1.349498e-01
807 1.017637e-05 5.524083e-02
808 2.037691e-08 5.948365e-03
809 9.223579e-08 2.382032e-02
810 1.324871e-09 2.327281e-03
811 1.380775e-05 1.828690e-02
812 5.192046e-08 4.296130e-03
813 2.382228e-05 4.376747e-02
814 1.121476e-07 1.375132e-02
815 1.192546e-08 1.597774e-02
816 1.464295e-03 5.437020e-01
817 4.650598e-05 1.149658e-01
818 1.127134e-09 9.983205e-03
819 1.487349e-07 1.307534e-02
820 2.216516e-06 3.750079e-02
821 1.660002e-05 4.263616e-02
822 5.446473e-07 3.392765e-02
823 2.162932e-05 1.218972e-01
824 1.072525e-03 1.010983e+00
825 1.853156e-03 1.043592e+00
826 7.630400e-04 4.446872e-01
827 8.075899e-04 2.858418e-01
828 5.226293e-05 7.753374e-01
829 4.317414e-03 1.219174e+00
830 3.456574e-05 1.685026e-02
831 8.144054e-08 4.764100e-03
832 7.276620e-07 5.258030e-03
833 1.653566e-06 1.125897e-02
834 5.231656e-06 7.385410e-03
835 4.159047e-06 7.313666e-03
836 2.199541e-06 5.483770e-03
837 1.920743e-06 9.785948e-03
838 6.330935e-06 9.784540e-03
839 2.364818e-07 5.052593e-03
840 3.323960e-05 2.198117e-02
841 3.228178e-07 7.328730e-03
842 6.755413e-07 8.723644e-03
843 1.347399e-07 9.855281e-03
844 8.923671e-07 1.992401e-02
845 2.427234e-04 6.314710e-02
846 4.856858e-05 7.896736e-02
847 1.875606e-06 8.559684e-03
848 3.956430e-06 1.426251e-02
849 7.608036e-05 8.220711e-02
850 9.694213e-08 6.237231e-03
851 4.878965e-06 6.997455e-02
852 1.868294e-07 6.415027e-03
853 7.875152e-05 3.351901e-02
854 1.269018e-07 5.937454e-03
855 2.258187e-06 1.871911e-02
856 1.867960e-11 1.482539e-03
857 1.136379e-10 1.302724e-03
858 2.236975e-10 2.050067e-03
859 5.058599e-11 1.499275e-03
860 2.575852e-05 1.342673e-01
861 3.461272e-09 6.859002e-03
862 6.843746e-10 1.595297e-03
863 2.725158e-10 1.540007e-03
864 1.500508e-10 1.394180e-03
865 1.908102e-10 1.574331e-03
866 4.687979e-10 2.067127e-03
867 2.024236e-09 1.726273e-03
868 9.307568e-11 1.363050e-03
869 8.111586e-11 1.627175e-03
870 4.199616e-10 1.533354e-03
871 1.607947e-11 1.394078e-03
872 4.939077e-10 1.881490e-03
873 3.270210e-10 1.419114e-03
874 2.675224e-09 1.405464e-03
875 1.396190e-03 3.596977e-01
876 1.315516e-11 1.443979e-03
877 1.345346e-09 1.457983e-03
878 2.213869e-10 1.901000e-03
879 8.979846e-11 1.352848e-03
880 4.815970e-10 1.371984e-03
881 2.409917e-11 1.397988e-03
882 4.805826e-10 1.821914e-03
883 1.304943e-09 1.761000e-03
884 8.442102e-10 1.479588e-03
885 3.238308e-10 1.568053e-03
886 6.868009e-08 6.654072e-03
887 1.845948e-07 9.729312e-03
888 1.327365e-07 1.157886e-02
889 3.540621e-05 1.065526e-01
890 3.668276e-08 1.987849e-02
891 8.229542e-06 9.328592e-02
892 2.276349e-05 1.740720e-01
893 1.561278e-07 5.713264e-03
894 4.787037e-07 3.882276e-03
895 8.547419e-07 8.671422e-03
896 5.599568e-07 1.500766e-02
897 9.452792e-04 9.500482e-01
898 5.201829e-07 1.925471e-02
899 5.750204e-06 8.235141e-02
900 6.296295e-07 9.228401e-03
901 3.079400e-06 9.553345e-03
902 3.563605e-07 9.224256e-03
903 1.899715e-07 6.150615e-03
904 1.043319e-04 1.277620e-01
905 1.284536e-06 2.018109e-02
906 1.940294e-04 6.635094e-02
907 6.728284e-03 1.440422e+00
908 6.756434e-09 2.765941e-03
909 9.327882e-08 3.244663e-03
910 2.356381e-10 1.579550e-03
911 3.560887e-06 1.073390e-02
912 1.691599e-08 5.082504e-03
913 2.589786e-09 1.725249e-03
914 2.013757e-08 4.925425e-03
915 8.576668e-07 4.031729e-03
916 2.231959e-05 1.540330e-01
917 2.877697e-09 2.135374e-03
918 1.970640e-10 1.783644e-03
919 1.231081e-10 1.394679e-03
920 3.941472e-09 2.533209e-03
921 2.261413e-11 1.059969e-03
922 1.551723e-08 1.431308e-03
923 1.055012e-04 1.106494e-01
924 2.433483e-06 1.843238e-02
925 5.561428e-09 1.070993e-03
926 2.117351e-07 1.517306e-02
927 1.441991e-10 1.326015e-03
928 2.497141e-08 4.153616e-03
929 1.615553e-07 1.067291e-02
930 1.433781e-09 3.659811e-03
931 2.215114e-08 3.852645e-03
932 5.416526e-11 1.484696e-03
933 1.148515e-09 1.826039e-03
934 2.610080e-08 1.200365e-02
935 5.617579e-09 1.869532e-03
936 1.812362e-10 1.195059e-03
937 2.639361e-09 2.948987e-03
938 1.256082e-09 1.798117e-03
939 9.632038e-08 3.672970e-03
940 2.001487e-08 6.545309e-03
941 2.637683e-09 5.580560e-03
942 5.483488e-09 1.634318e-03
943 2.281243e-08 2.280423e-03
944 1.590002e-06 1.263677e-02
945 1.783206e-09 2.267242e-03
946 1.021852e-07 6.661733e-03
947 1.392246e-06 3.192387e-02
948 1.515868e-07 6.946028e-03
949 7.017290e-07 1.069009e-02
950 1.481928e-07 7.930052e-03
951 2.745830e-08 1.593635e-02
952 1.900206e-05 2.338169e-02
953 4.979884e-09 8.946131e-03
954 9.490791e-09 3.087673e-03
955 7.923577e-06 3.769849e-02
956 8.621964e-10 3.053972e-03
957 1.232131e-08 8.412816e-03
958 5.706019e-08 6.823399e-03
959 3.610946e-05 5.364075e-02
960 7.052220e-08 1.915013e-02
961 9.345517e-07 9.932189e-03
962 1.344594e-07 1.273310e-02
963 1.632301e-08 3.843604e-03
964 5.765757e-06 4.155440e-02
965 1.996866e-09 5.412573e-03
966 9.895684e-05 1.294864e-01
967 3.780947e-05 6.092686e-02
968 1.779997e-07 4.789564e-03
969 3.006013e-08 8.098234e-03
970 3.219609e-07 1.677345e-02
971 5.676983e-07 3.139657e-03
972 2.485059e-07 7.570498e-03
973 8.367345e-09 9.423872e-03
974 4.632156e-08 3.283622e-03
975 3.606068e-06 7.552287e-03
976 1.262956e-03 3.434705e-01
977 1.339027e-06 8.068121e-03
978 5.746501e-05 2.288407e-02
979 4.918499e-08 2.844565e-03
980 2.870218e-09 1.234595e-03
981 1.010641e-08 4.102159e-03
982 1.011298e-07 8.077738e-03
983 2.258737e-07 3.836725e-03
984 3.160266e-06 1.046589e-02
985 2.289778e-07 4.164494e-03
986 9.240840e-08 4.161915e-03
987 2.570396e-09 1.272948e-03
988 5.865662e-08 2.528105e-03
989 1.948696e-06 9.748978e-03
990 2.710905e-07 3.839808e-03
991 1.100468e-06 7.476402e-03
992 4.430939e-08 2.360051e-03
993 2.577615e-08 2.450883e-03
994 4.344800e-09 2.151868e-03
995 7.394003e-07 3.966097e-03
996 3.428972e-07 3.282836e-03
997 6.755123e-04 2.358667e-01
998 4.527370e-07 6.180227e-03
999 2.642097e-07 5.030256e-03
1000 3.913655e-08 1.912934e-03
1001 3.133936e-09 1.575657e-03
1002 1.188467e-07 5.912363e-03
1003 1.700673e-09 1.780367e-03
1004 2.533438e-06 5.900832e-03
1005 4.837085e-08 2.928487e-03
1006 7.284312e-06 1.407019e-02
1007 1.361942e-08 2.929338e-03
1008 4.215052e-06 8.912968e-03
1009 5.156513e-09 4.061487e-03
1010 1.390651e-08 2.862237e-03
1011 2.001410e-07 3.741401e-03
1012 5.598958e-07 3.922920e-03
1013 2.750446e-09 2.067663e-03
1014 1.241424e-08 3.443389e-03
1015 6.777951e-10 2.131144e-03
1016 1.894298e-07 3.093669e-03
1017 1.067350e-08 1.795155e-03
1018 2.199413e-08 2.896940e-03
1019 1.825289e-09 4.401963e-03
1020 7.218019e-10 1.749701e-03
1021 1.176276e-06 7.819469e-03
1022 2.213643e-10 1.166026e-03
1023 8.222568e-07 2.168304e-03
1024 2.982733e-10 1.399313e-03
1025 4.669548e-08 2.441587e-03
1026 3.155603e-04 9.735555e-01
1027 1.942698e-04 1.592081e-01
1028 2.830915e-04 1.102771e-01
1029 3.240468e-05 1.041636e-01
1030 2.273078e-04 3.586766e-01
1031 8.106584e-04 8.942709e-01
1032 2.001348e-07 7.906534e-03
1033 2.767351e-06 1.998943e-02
1034 9.327351e-04 3.240217e-01
1035 5.613043e-07 4.640764e-03
1036 1.013417e-07 9.708530e-03
1037 2.356286e-05 3.480303e-02
1038 4.456485e-08 3.128205e-03
1039 1.331449e-05 1.755624e-02
1040 2.382144e-07 9.544973e-03
1041 4.091193e-06 2.694684e-02
1042 5.386101e-08 1.085573e-02
1043 9.156236e-07 1.659978e-02
1044 2.073447e-08 1.707002e-02
1045 4.989144e-07 7.705263e-03
1046 4.882213e-05 9.330378e-02
1047 3.520198e-04 2.819276e-01
1048 2.165122e-04 1.788253e-01
1049 8.713306e-08 9.023948e-03
1050 3.569087e-04 5.298886e-01
1051 6.680936e-04 4.584727e-01
1052 5.753784e-11 1.227359e-03
1053 1.169146e-10 1.821580e-03
1054 6.124433e-05 8.343644e-02
1055 2.453351e-12 1.556032e-03
1056 5.000589e-11 4.673066e-03
1057 9.601626e-10 2.140395e-03
1058 8.350790e-09 2.029008e-03
1059 4.452659e-12 1.031699e-03
1060 5.377639e-13 9.550879e-04
1061 4.194118e-06 3.715833e-03
1062 6.072607e-11 1.812622e-03
1063 2.514603e-09 3.813734e-03
1064 2.971192e-04 3.170592e-01
1065 6.595448e-07 1.726419e-02
1066 7.045817e-13 1.577868e-03
1067 3.930077e-12 1.439763e-03
1068 7.948089e-14 1.465211e-03
1069 6.839261e-13 1.614064e-03
1070 1.322254e-08 1.409172e-02
1071 7.973867e-09 5.312302e-03
1072 2.078460e-08 3.328840e-03
1073 5.588210e-08 1.940122e-02
1074 8.582455e-12 1.055253e-03
1075 1.385310e-06 2.632463e-02
1076 2.863610e-07 6.150152e-03
1077 4.665609e-07 1.661150e-02
1078 1.243356e-10 1.632490e-03
1079 1.936937e-08 5.832164e-03
1080 1.845650e-10 1.585319e-03
1081 2.654212e-13 1.460188e-03
1082 9.621981e-12 1.485789e-03
1083 1.246397e-09 1.831137e-03
1084 2.926990e-12 1.228492e-03
1085 2.313542e-09 4.320113e-03
1086 1.364475e-11 1.240032e-03
1087 1.235862e-11 1.369660e-03
1088 6.761961e-11 4.681311e-03
1089 5.348370e-11 1.234740e-03
1090 2.705273e-12 1.195626e-03
1091 1.647543e-11 1.229230e-03
1092 1.446972e-03 8.421390e-01
1093 9.536638e-10 1.877163e-02
1094 3.332255e-09 1.384976e-02
1095 9.540813e-11 1.692955e-03
1096 1.048377e-12 1.481497e-03
1097 1.320815e-10 4.826539e-03
1098 1.017287e-08 7.875475e-03
1099 4.330820e-09 3.262358e-03
1100 1.837590e-09 2.809610e-03
1101 3.566195e-07 5.199640e-03
1102 1.515486e-09 3.181903e-03
1103 3.203827e-09 2.755480e-03
1104 6.567918e-06 7.101044e-02
1105 3.070736e-11 1.530167e-03
1106 3.800228e-12 2.235593e-03
1107 1.860041e-11 3.128542e-03
1108 1.610209e-10 1.737862e-03
1109 7.233061e-12 2.022656e-03
1110 1.432257e-09 4.735914e-03
1111 3.658132e-11 3.955485e-03
1112 9.547723e-06 4.163495e-02
1113 3.920848e-07 1.753685e-02
1114 2.586872e-10 2.057556e-03
1115 1.000306e-05 3.861691e-02
1116 1.867270e-12 1.479022e-03
1117 2.287276e-10 1.611757e-03
1118 4.383885e-07 6.759361e-03
1119 1.546714e-06 2.399701e-02
1120 2.044969e-09 4.052563e-03
1121 1.425617e-08 6.866146e-03
1122 6.063358e-09 4.112705e-03
1123 2.098957e-09 2.488913e-03
1124 1.622252e-08 3.801962e-03
1125 2.842249e-08 4.752623e-03
1126 2.594354e-08 5.143253e-03
1127 2.150187e-08 3.885090e-03
1128 7.472978e-08 4.659570e-03
1129 2.809622e-08 3.324072e-03
1130 8.612753e-08 5.243348e-03
1131 1.424022e-04 9.413554e-02
1132 3.011343e-04 2.885099e-01
1133 2.524980e-05 5.021876e-02
1134 1.025349e-07 9.213034e-03
1135 1.126841e-07 2.521913e-03
1136 2.079328e-07 4.939184e-03
1137 4.273735e-07 5.730278e-03
1138 6.396655e-06 1.644669e-02
1139 7.850869e-09 5.261894e-03
1140 3.904896e-04 3.614779e-01
1141 3.351146e-05 4.631355e-02
1142 7.702562e-07 9.863652e-03
1143 9.207080e-08 6.842017e-03
1144 1.639414e-06 3.804630e-02
1145 3.040750e-08 9.221305e-03
1146 7.549196e-05 1.082227e-01
1147 8.632400e-06 4.665558e-02
1148 3.586983e-05 3.409030e-02
1149 3.931140e-06 1.345877e-02
1150 3.153365e-07 1.197504e-02
1151 8.678123e-05 4.161963e-02
1152 3.452156e-07 6.772299e-03
1153 8.867193e-07 5.001099e-03
1154 3.402220e-06 1.503319e-02
1155 7.114099e-06 3.041114e-02
1156 9.630264e-05 7.227967e-02
1157 3.464439e-04 1.213038e-01
1158 1.512711e-06 1.556948e-02
1159 1.140747e-03 3.310550e-01
1160 1.597861e-05 1.455149e-02
1161 2.279621e-07 7.590741e-03
1162 1.429859e-04 6.371038e-02
1163 4.453681e-04 3.632069e-01
1164 9.285587e-05 4.127971e-02
1165 2.619574e-04 5.860990e-02
1166 3.582537e-05 5.566181e-02
1167 9.265782e-05 5.286485e-02
1168 2.878079e-04 5.887693e-02
1169 4.181036e-04 9.820863e-02
1170 1.863604e-04 6.616146e-02
1171 1.705106e-05 1.201850e-02
1172 4.309949e-07 2.630338e-02
1173 9.547299e-04 4.704894e-01
1174 1.595657e-03 3.118186e-01
1175 3.893306e-05 4.369101e-02
1176 3.119549e-03 2.788305e+00
1177 1.251099e-08 3.124185e-03
1178 2.573368e-04 5.300279e-02
1179 4.789775e-06 2.519494e-02
1180 8.081455e-04 1.840393e-01
1181 6.157857e-05 3.356521e-02
1182 1.765519e-04 1.049972e-01
1183 4.279085e-06 4.822307e-02
1184 3.842038e-04 3.611594e-01
1185 3.517983e-04 2.992423e-01
1186 7.655607e-06 3.633202e-02
1187 7.969713e-08 9.519232e-03
1188 2.791848e-06 1.139362e-02
1189 2.465977e-05 5.395421e-02
1190 2.930687e-04 3.566272e-01
1191 1.271208e-04 7.316392e-02
1192 9.785290e-05 1.295954e-01
1193 2.231433e-05 5.283210e-02
1194 3.380841e-04 2.916916e-01
1195 8.334085e-05 1.280465e-01
1196 3.458465e-04 2.844801e-01
1197 3.257240e-04 1.456727e-01
1198 1.554084e-06 3.043598e-02
1199 2.559506e-04 1.376811e-01
1200 3.688317e-04 2.520412e-01
1201 1.086241e-06 2.902550e-02
1202 6.687326e-07 1.681222e-02
1203 2.446816e-04 1.251717e-01
1204 1.440520e-04 1.095535e-01
1205 1.388339e-09 4.862701e-03
1206 1.210189e-07 1.826889e-02
1207 3.877193e-10 3.649021e-03
1208 8.014613e-04 2.546299e-01
1209 4.643732e-08 9.082568e-03
1210 8.080631e-11 8.345968e-03
1211 7.258966e-10 3.600895e-03
1212 4.776906e-07 6.270833e-03
1213 9.400808e-09 7.584055e-03
1214 3.064653e-07 9.492249e-03
1215 8.441577e-08 3.475202e-02
1216 7.336497e-12 4.242222e-03
1217 1.537326e-05 2.747156e-01
1218 3.724999e-08 6.874965e-03
1219 2.340498e-09 1.288319e-03
1220 2.788847e-09 3.410878e-03
1221 2.692296e-07 8.604844e-03
1222 3.322219e-03 7.014920e-01
1223 2.895215e-09 2.079538e-03
1224 1.489621e-07 2.399414e-03
1225 1.587226e-04 1.096674e-01
1226 1.408314e-10 2.310176e-03
1227 3.991624e-04 6.254022e-01
1228 9.440579e-06 1.285944e-02
1229 1.349201e-08 1.272786e-03
1230 2.197099e-07 2.786154e-03
1231 4.320487e-07 1.970163e-03
1232 1.771106e-09 2.023889e-03
1233 4.187354e-09 2.257294e-03
1234 7.719894e-06 9.728387e-03
1235 1.715903e-09 2.561319e-03
1236 4.888283e-08 3.006848e-03
1237 1.846599e-06 5.036990e-03
1238 3.015619e-07 4.771233e-03
1239 1.337351e-08 2.340068e-03
1240 2.142520e-03 1.217612e+00
1241 7.133158e-06 8.626659e-03
1242 1.618789e-06 5.951993e-03
1243 8.236924e-08 4.319043e-03
1244 2.432618e-06 4.682489e-03
1245 7.420518e-08 2.976514e-03
1246 1.112252e-07 2.963152e-03
1247 2.633930e-05 4.443761e-02
1248 1.190201e-05 4.803877e-02
1249 6.211783e-07 1.113950e-02
1250 7.566935e-06 3.083848e-02
1251 1.402718e-06 2.066257e-02
1252 5.246565e-07 1.760239e-02
1253 4.059677e-07 1.521070e-02
1254 5.436428e-07 8.905565e-03
1255 4.119605e-03 7.637656e-01
1256 3.870667e-06 9.910688e-03
1257 3.285784e-03 1.718066e+00
1258 2.102805e-04 1.199941e-01
1259 1.979182e-03 4.741623e-01
1260 9.526837e-04 1.585247e-01
1261 8.501617e-10 1.848093e-03
1262 3.279241e-03 8.026303e-01
1263 6.636701e-08 5.548113e-03
1264 5.140324e-05 9.862829e-02
1265 3.908554e-07 3.467844e-03
1266 2.648604e-07 6.931491e-03
1267 2.521957e-08 1.943987e-03
1268 9.484796e-07 7.608334e-03
1269 5.512151e-06 7.289254e-02
1270 6.074520e-05 1.261322e-01
1271 3.146635e-06 1.171623e-02
1272 4.086108e-08 3.343213e-03
1273 9.885035e-07 6.809189e-03
1274 3.349228e-06 2.319678e-02
1275 6.397437e-04 1.160516e-01
1276 2.394040e-04 1.462045e-01
1277 9.166652e-06 1.258628e-01
1278 6.650282e-04 2.931241e-01
1279 6.227205e-08 5.993891e-03
1280 1.523646e-07 7.402021e-03
1281 3.871128e-08 8.547166e-03
1282 3.193216e-07 1.557872e-02
1283 1.732135e-06 1.324587e-02
1284 7.071099e-04 3.780207e-01
1285 4.517489e-06 3.649548e-02
1286 5.937863e-05 1.576920e-01
1287 1.184718e-10 7.191382e-03
1288 2.269391e-05 1.272686e-01
1289 2.736828e-04 1.692570e-01
1290 3.099754e-11 1.825328e-03
1291 1.336980e-05 8.383370e-02
1292 7.721029e-08 1.594916e-02
1293 3.967027e-05 2.274380e-01
1294 9.157274e-09 2.445936e-03
1295 3.536911e-06 1.863087e-02
1296 4.178582e-05 2.961962e-02
1297 2.296400e-03 5.841008e-01
1298 3.625920e-04 2.312584e-01
1299 1.822538e-05 2.376986e-02
1300 1.178163e-03 6.457220e-01
1301 2.867661e-06 5.432366e-03
1302 5.008705e-08 3.802541e-03
1303 4.795897e-05 4.347630e-02
1304 1.115758e-04 6.544590e-02
1305 9.810709e-05 1.532155e-01
1306 8.694533e-05 8.968283e-02
1307 1.052580e-03 5.923213e-01
1308 3.668940e-07 1.057070e-02
1309 9.425695e-04 4.747714e-01
1310 4.721933e-04 6.378479e-01
1311 2.908998e-04 2.847006e-01
1312 3.592045e-03 1.630173e+00
1313 3.605850e-08 4.966121e-03
1314 1.970240e-05 5.335894e-02
1315 1.349777e-08 6.039109e-03
1316 2.007976e-10 4.991641e-03
1317 1.117603e-09 3.432765e-03
1318 1.425243e-08 2.021098e-03
1319 2.215987e-10 2.521214e-03
1320 2.937970e-09 4.483212e-03
1321 1.301296e-09 4.119012e-03
1322 1.849715e-10 1.540519e-03
1323 1.502129e-07 1.502530e-02
1324 6.296592e-06 4.708057e-03
1325 2.167814e-07 6.842052e-03
1326 1.232085e-06 8.533618e-03
1327 2.502669e-07 1.031226e-02
1328 1.921310e-07 7.638277e-03
1329 1.548799e-12 2.764880e-03
1330 1.180699e-07 9.905870e-03
1331 1.312034e-04 1.990280e-01
1332 1.197728e-04 2.700155e-01
1333 3.958246e-06 3.385228e-02
1334 3.235529e-08 2.103428e-02
1335 5.172859e-06 3.553540e-02
1336 1.857872e-07 1.072990e-02
1337 1.048240e-06 6.706361e-03
1338 4.046593e-05 4.340806e-02
1339 5.939554e-05 3.268372e-02
1340 6.355465e-06 1.115867e-02
1341 8.841478e-07 9.410107e-03
1342 2.831805e-09 1.658767e-03
1343 5.001343e-03 1.143512e+00
1344 4.789316e-09 5.172500e-03
1345 2.546444e-04 4.793576e-01
1346 1.719927e-05 1.006879e-01
1347 8.770585e-05 1.082054e-01
1348 3.587553e-05 3.359280e-02
1349 7.632946e-07 1.365315e-02
1350 2.196676e-03 1.107021e+00
1351 9.873825e-04 4.841487e-01
1352 7.220206e-04 6.443902e-01
1353 6.142678e-11 3.320927e-03
1354 6.632638e-08 3.143733e-03
1355 1.015013e-04 7.913468e-02
1356 2.563876e-07 4.663951e-03
1357 3.808926e-07 5.515937e-03
1358 2.527583e-03 6.785453e-01
1359 1.221189e-06 2.586714e-02
1360 1.989337e-04 1.257874e-02
1361 1.043307e-05 1.539810e-02
1362 1.177293e-06 3.873669e-03
1363 4.511208e-11 1.349393e-03
1364 1.277213e-09 1.293037e-03
1365 5.449285e-10 1.908722e-03
1366 1.837258e-07 7.177863e-03
1367 7.024661e-07 3.819747e-02
1368 1.245362e-07 3.372091e-03
1369 7.557329e-10 2.318363e-03
1370 1.772947e-10 1.156487e-03
1371 7.182090e-07 3.007711e-03
1372 7.156973e-09 1.250227e-03
1373 4.381400e-08 2.066760e-03
1374 3.512384e-08 9.170276e-03
1375 5.249611e-04 4.839729e-01
1376 6.930898e-05 3.785582e-02
1377 1.867457e-03 1.594527e-01
1378 1.924087e-08 1.159885e-02
1379 1.913203e-03 3.046071e-01
1380 2.315766e-04 7.964362e-02
1381 7.688519e-07 2.264750e-02
1382 4.032726e-08 2.299716e-03
1383 8.214054e-07 8.562865e-03
1384 1.900800e-03 7.385507e-01
1385 1.391406e-05 4.355895e-02
1386 6.166125e-04 2.390517e-01
1387 1.893794e-03 9.890785e-01
1388 3.041960e-03 9.078062e-01
1389 9.458825e-07 8.200223e-03
1390 3.372407e-04 2.850213e-01
1391 2.046108e-06 1.934285e-02
1392 4.670184e-08 1.610016e-02
1393 8.408174e-08 3.110673e-03
1394 3.627938e-08 1.089693e-02
1395 5.375214e-06 4.670192e-02
1396 5.439412e-07 5.332699e-03
1397 2.495319e-08 4.623681e-03
1398 7.244214e-04 6.571788e-01
1399 2.268665e-05 2.243238e-02
1400 5.605355e-07 9.317224e-03
1401 1.155714e-04 7.856882e-02
1402 4.865049e-07 4.099419e-03
1403 7.702839e-05 1.408994e-02
1404 2.394870e-05 4.563326e-02
1405 4.825812e-08 2.201128e-03
1406 3.619938e-05 2.592188e-02
1407 1.017409e-07 2.712561e-03
1408 2.562750e-09 2.399757e-03
1409 1.736357e-05 6.095938e-02
1410 2.388340e-04 2.460273e-01
1411 5.242144e-06 1.618608e-01
1412 2.233772e-03 6.999088e-01
1413 2.066563e-06 2.585231e-03
1414 2.673387e-03 1.059915e+00
1415 7.148463e-09 3.235933e-03
1416 2.683717e-05 7.165581e-03
1417 8.571104e-05 1.835917e-02
1418 4.006521e-07 4.076165e-03
1419 5.076271e-05 1.350219e-01
1420 4.960099e-04 4.913138e-01
1421 1.565670e-04 1.787273e-01
1422 2.469007e-04 1.347663e-01
1423 2.008265e-03 8.387944e-01
1424 8.944546e-09 9.907862e-03
1425 3.301522e-03 1.161960e+00
1426 5.027621e-04 6.105654e-01
1427 4.292557e-06 4.645732e-02
1428 5.169255e-05 2.812904e-02
1429 6.995152e-07 1.188009e-02
1430 2.999158e-06 4.898663e-02
1431 2.887665e-05 5.892795e-02
1432 7.304860e-04 1.330256e-01
1433 2.120157e-08 7.807364e-03
1434 1.958853e-08 3.261014e-02
1435 1.775511e-06 6.414252e-02
1436 1.061322e-03 5.942603e-01
1437 1.393138e-06 5.057800e-03
1438 1.160994e-05 1.496041e-02
1439 5.993984e-04 1.120042e+00
1440 1.331585e-04 9.503323e-02
1441 2.349132e-03 1.239552e+00
1442 6.008177e-12 2.166492e-03
1443 6.870421e-08 5.639438e-02
1444 1.116328e-07 3.611581e-02
1445 5.531332e-07 4.738909e-02
1446 9.522880e-08 6.456069e-03
1447 6.471663e-04 1.545435e-01
1448 6.913709e-07 9.929039e-03
1449 4.107789e-04 1.826812e-01
1450 1.609147e-04 1.502687e-01
1451 3.299452e-09 1.815252e-03
1452 6.897060e-08 1.413372e-02
1453 4.274341e-07 2.105493e-03
1454 2.518095e-08 1.287851e-02
1455 8.350235e-10 4.418808e-03
1456 4.845896e-06 1.103351e-02
1457 2.453371e-09 5.412094e-03
1458 5.063250e-10 2.875346e-03
1459 2.990479e-06 1.082937e-02
1460 7.572283e-10 4.512231e-03
1461 1.424168e-09 7.683576e-03
1462 9.103678e-09 8.574986e-03
1463 1.655720e-06 3.641109e-02
1464 7.905192e-04 9.004566e-01
1465 1.562124e-03 5.585678e-01
1466 1.101720e-03 5.880765e-01
1467 2.956623e-05 6.862043e-02
1468 1.215369e-03 1.036398e+00
1469 1.056290e-03 7.040129e-01
1470 3.938286e-05 5.150008e-02
1471 1.670551e-05 3.515435e-02
1472 9.680192e-06 1.320780e-01
1473 1.907410e-09 2.959287e-03
1474 3.334652e-10 1.252714e-02
1475 1.410200e-08 4.542999e-03
1476 1.701539e-05 1.021618e-02
1477 1.761579e-04 4.199736e-01
1478 1.580194e-06 2.865853e-02
1479 5.147495e-04 2.598230e-01
1480 3.556932e-04 2.332909e-01
1481 3.978251e-06 3.492484e-02
1482 1.045766e-04 7.024057e-02
1483 8.531759e-07 1.225428e-02
1484 3.986057e-06 8.613020e-03
1485 7.413683e-06 9.975006e-03
1486 1.207204e-03 6.485388e-01
1487 2.018339e-04 2.449727e-02
1488 5.991926e-05 5.673835e-02
1489 1.233568e-04 3.442690e-02
1490 7.450427e-05 1.486766e-02
1491 4.776322e-03 5.713400e-01
1492 1.006239e-06 2.300193e-02
1493 1.838146e-06 5.707959e-03
1494 7.004377e-07 2.304826e-02
1495 3.729513e-04 3.941908e-01
1496 2.419906e-05 1.516413e-02
1497 7.578812e-05 1.367299e-01
1498 2.841296e-03 1.147602e+00
1499 8.095813e-05 7.566631e-02
1500 1.815558e-07 1.036807e-02
1501 4.228881e-04 2.412510e-01
1502 4.255005e-04 2.795480e-01
1503 2.551182e-04 7.599640e-02
1504 3.512173e-03 1.100374e+00
1505 1.922612e-06 7.153210e-02
1506 1.187782e-06 1.945074e-03
1507 6.376279e-04 3.886591e-01
1508 1.510458e-03 1.292314e+00
1509 2.997593e-07 4.477345e-03
1510 2.757892e-07 3.780389e-03
1511 1.166348e-03 4.496907e-01
1512 2.995667e-08 1.085038e-03
1513 2.439023e-07 1.738190e-02
1514 4.325166e-08 5.224354e-03
1515 6.256897e-06 1.127852e-02
1516 1.371989e-04 1.191591e-01
1517 2.948566e-05 1.911660e-02
1518 6.580834e-06 8.825846e-02
1519 8.412794e-11 1.807431e-03
1520 1.232231e-04 1.439860e-01
1521 7.037471e-09 2.455139e-03
1522 5.003761e-08 4.730936e-03
1523 3.938281e-08 7.682316e-03
1524 1.130752e-03 5.721672e-01
1525 2.021476e-04 6.471968e-02
1526 2.862714e-06 2.466679e-02
1527 1.289078e-04 1.114992e-01
1528 5.271741e-05 1.302600e-02
1529 1.122727e-06 3.003287e-02
1530 8.251297e-07 7.485382e-03
1531 1.328672e-04 2.376857e-01
1532 5.238632e-06 2.113231e-02
1533 2.811036e-05 1.288175e-01
1534 1.209726e-03 7.003660e-01
1535 1.477826e-03 8.144861e-01
1536 4.230922e-04 4.526682e-01
1537 1.156950e-08 8.428507e-03
1538 3.131264e-05 3.969738e-01
1539 7.998796e-07 2.715223e-02
1540 9.373763e-09 4.668613e-02
1541 2.908138e-04 3.509523e-01
1542 2.984177e-03 1.721064e+00
1543 3.950807e-09 5.590144e-03
1544 4.332577e-07 1.689001e-02
1545 2.573181e-10 3.642940e-03
1546 8.342373e-05 1.698418e-01
1547 2.615892e-06 3.998995e-02
1548 6.158497e-09 3.962934e-02
1549 4.035870e-11 2.624719e-03
1550 2.269908e-05 8.622625e-02
1551 1.144367e-07 1.658133e-02
1552 1.263222e-08 1.277831e-03
1553 3.418097e-08 3.212105e-03
1554 2.943914e-03 7.430533e-01
1555 1.331213e-03 5.348511e-01
1556 5.208964e-06 4.265535e-02
1557 4.694520e-04 3.446355e-01
1558 1.105708e-03 4.923086e-01
1559 1.810872e-03 6.991916e-01
1560 1.296127e-07 5.887117e-03
1561 7.632800e-04 1.442895e-01
1562 1.437740e-07 1.431909e-02
1563 2.777856e-04 2.719504e-01
1564 9.561719e-08 8.096982e-03
1565 1.084880e-04 1.214370e-01
1566 5.654737e-05 5.049202e-02
1567 1.634025e-05 9.286029e-03
1568 1.413852e-04 7.306428e-02
1569 4.053510e-04 1.208511e-01
1570 1.372307e-04 1.109269e-01
1571 7.080888e-04 1.239257e-01
1572 1.822141e-10 1.951248e-03
1573 1.320737e-03 4.776602e-01
1574 1.047611e-06 5.861996e-03
1575 1.642512e-05 2.666282e-02
1576 4.157862e-05 2.208452e-02
1577 2.820692e-03 4.656063e-01
1578 3.499509e-08 6.686044e-03
1579 3.474926e-04 5.985394e-02
1580 1.012708e-09 2.504979e-03
1581 6.374533e-06 6.717175e-03
1582 9.681921e-07 7.969121e-03
1583 2.873939e-04 2.828216e-01
1584 3.587902e-06 1.013576e-02
1585 1.583147e-03 9.240318e-01
1586 4.432487e-04 6.819214e-01
1587 9.637869e-04 2.379560e-01
1588 6.506280e-04 3.231641e-01
1589 8.395330e-04 2.911884e-01
1590 1.533136e-03 4.969726e-01
1591 1.525821e-05 6.603517e-02
1592 3.285428e-05 4.325246e-02
1593 1.315174e-03 2.123280e-01
1594 2.410980e-05 5.617809e-02
1595 8.627857e-04 1.536732e-01
1596 5.461294e-05 5.153316e-02
1597 1.545896e-04 6.061588e-02
1598 2.421849e-05 1.501221e-01
1599 1.047443e-06 5.082922e-03
1600 1.628987e-03 3.090940e-01
1601 9.179062e-07 1.852029e-03
1602 1.019250e-03 1.357927e+00
1603 1.826512e-08 2.592724e-03
1604 9.094136e-09 2.527030e-03
1605 1.981494e-04 1.573845e-01
1606 5.317466e-12 2.940811e-03
1607 1.558186e-08 1.980480e-03
1608 4.272336e-08 2.101886e-03
1609 4.076182e-04 2.398029e-01
1610 3.714213e-04 1.588466e-01
1611 2.178862e-13 1.884622e-03
1612 3.254223e-08 2.245926e-03
1613 4.551131e-06 6.665408e-03
1614 1.860254e-07 5.554556e-03
1615 9.120730e-04 3.539571e-01
1616 4.529519e-05 1.793615e-01
1617 8.455795e-04 2.938434e-01
1618 2.631249e-04 1.013661e-01
1619 1.106223e-03 7.783158e-01
1620 2.773040e-06 1.150615e-02
1621 5.303497e-04 1.923042e-01
1622 3.234546e-07 5.973628e-03
1623 4.360769e-06 5.456453e-02
1624 7.222871e-09 5.302960e-03
1625 9.988166e-10 1.697869e-03
1626 6.664042e-09 9.856281e-03
1627 6.494780e-08 6.904983e-03
1628 1.352405e-10 1.990347e-03
1629 3.635910e-05 1.049594e-01
1630 1.386213e-10 1.722803e-03
1631 3.988737e-06 1.239144e-02
1632 3.697082e-09 1.017371e-02
1633 2.740426e-05 5.818853e-02
1634 9.461567e-04 9.444361e-01
1635 8.425879e-04 7.277755e-01
1636 1.191407e-03 1.540345e+00
1637 5.118280e-04 2.250825e-01
1638 1.000703e-03 2.851057e-01
1639 4.970435e-03 1.599127e+00
1640 2.946386e-03 5.826588e-01
1641 4.331847e-04 4.618913e-01
1642 7.470664e-04 1.820243e-01
1643 1.360604e-05 6.050650e-02
1644 6.429832e-04 2.603132e-01
1645 8.394076e-10 1.659900e-03
1646 2.900529e-04 2.368381e-01
1647 2.017992e-03 4.672705e-01
1648 2.610533e-07 6.725236e-03
1649 1.274060e-04 4.121619e-02
1650 2.182696e-03 6.425209e-01
1651 1.677417e-04 2.364492e-02
1652 1.309275e-03 1.086214e+00
1653 9.872793e-04 9.414625e-01
1654 2.683340e-09 2.858392e-03
1655 1.012895e-06 8.888754e-03
1656 2.563533e-11 3.791162e-03
1657 5.689910e-10 1.275154e-03
1658 4.187080e-09 3.474336e-03
1659 3.145961e-08 1.107271e-02
1660 1.223434e-12 2.013571e-03
1661 1.362162e-05 1.780778e-01
1662 7.342394e-10 8.360335e-03
1663 1.874684e-04 8.634752e-02
1664 2.218290e-10 7.017881e-03
1665 2.011362e-03 2.963420e-01
1666 2.094821e-05 1.064432e-01
1667 1.044672e-04 7.929983e-02
1668 3.875719e-08 3.254625e-03
1669 6.996129e-09 6.691119e-03
1670 2.914131e-07 1.156488e-02
1671 2.542230e-08 4.718156e-03
1672 8.612136e-07 3.302057e-02
1673 1.671517e-04 9.607134e-02
1674 3.964804e-05 7.155269e-03
1675 4.119373e-04 8.509839e-02
1676 1.094431e-10 1.488940e-03
1677 1.776495e-06 2.222951e-02
1678 3.080214e-04 3.789358e-01
1679 2.844501e-05 1.761188e-02
1680 1.111862e-06 1.910512e-02
1681 3.968666e-05 1.295421e-01
1682 1.352958e-06 8.816520e-03
1683 1.841906e-10 1.427052e-02
1684 7.577209e-10 7.037944e-03
1685 2.212254e-12 2.228348e-03
1686 9.336294e-06 5.083790e-02
1687 7.280045e-06 2.379161e-02
1688 1.151875e-11 1.181110e-03
1689 4.828300e-07 4.625464e-02
1690 9.268967e-07 1.159344e-02
1691 7.098668e-05 9.343141e-02
1692 5.882816e-04 9.413762e-01
1693 1.237074e-03 7.371143e-01
1694 1.011063e-03 3.418890e-01
1695 1.076934e-06 9.422316e-03
1696 1.812164e-09 3.060209e-03
1697 9.134747e-10 6.228564e-03
1698 5.546070e-05 1.709357e-01
1699 1.381663e-07 1.734647e-02
1700 1.926056e-04 8.287454e-02
1701 3.342860e-07 1.074792e-02
1702 5.004709e-07 6.404580e-03
1703 1.352501e-06 1.699901e-02
1704 1.881917e-06 7.581200e-03
1705 5.462703e-04 5.121919e-01
1706 1.584919e-04 6.762819e-02
1707 6.179089e-08 3.572190e-03
1708 3.719603e-15 2.066073e-03
1709 2.620306e-13 5.400189e-03
1710 2.950764e-11 1.420095e-03
1711 7.569596e-09 1.075751e-02
1712 1.317234e-08 5.687058e-03
1713 1.484078e-09 4.481748e-03
1714 2.010467e-09 6.157058e-03
1715 1.883739e-07 4.614034e-03
1716 5.958620e-11 6.170941e-03
1717 4.326216e-10 2.196941e-03
1718 4.768046e-09 1.830292e-02
1719 1.782975e-13 1.983144e-03
1720 7.844942e-08 4.914194e-03
1721 3.477998e-11 1.543082e-03
1722 6.550941e-07 1.308505e-02
1723 5.141025e-13 1.305811e-03
1724 4.505452e-14 1.416024e-03
1725 4.014151e-11 1.943380e-03
1726 1.352826e-07 3.798112e-02
1727 2.522667e-11 1.036306e-02
1728 2.044976e-11 2.571068e-03
1729 1.502857e-07 1.454212e-02
1730 4.041187e-09 4.535298e-03
1731 1.687880e-09 4.026656e-03
1732 1.033022e-03 3.400870e-01
1733 1.888225e-03 5.505079e-01
1734 5.279474e-04 5.777471e-01
1735 2.284609e-06 7.600765e-02
1736 2.485566e-09 7.942178e-03
1737 4.009023e-06 9.692795e-03
1738 1.705921e-04 2.750342e-01
1739 1.527831e-03 5.881643e-01
1740 9.546206e-07 2.553684e-02
1741 4.255322e-12 1.330466e-03
1742 4.172214e-09 1.712478e-03
1743 1.953374e-09 4.126763e-03
1744 9.530206e-09 2.081458e-03
1745 3.995880e-11 2.243360e-03
1746 2.321367e-08 8.591817e-03
1747 6.365443e-08 2.372328e-02
1748 2.016419e-04 2.869348e-02
1749 2.864710e-06 7.229531e-03
1750 1.224796e-07 8.922443e-03
1751 2.784752e-10 4.101750e-03
1752 1.040859e-09 7.636229e-03
1753 2.642516e-05 1.151727e-01
1754 9.693574e-04 6.931203e-01
1755 4.088342e-03 8.169902e-01
1756 6.553962e-07 2.018037e-02
1757 2.059485e-04 1.003797e-01
1758 8.881739e-04 9.754447e-01
1759 7.591102e-04 2.587479e-01
1760 4.581011e-04 4.228224e-01
1761 1.873635e-03 1.185300e+00
1762 2.388056e-03 1.107257e+00
1763 6.144411e-05 2.275998e-01
1764 1.053598e-05 3.482542e-02
1765 3.421678e-05 5.489096e-02
1766 1.365863e-03 4.583228e-01
1767 4.962396e-04 1.008833e-01
1768 4.240169e-05 4.105797e-02
1769 1.219665e-04 1.832895e-01
1770 5.507678e-04 3.499462e-01
1771 5.829841e-05 1.284946e-01
1772 1.508204e-09 4.459538e-03
1773 2.848023e-03 2.625862e+00
1774 9.689193e-04 6.191687e-01
1775 2.547177e-03 1.783113e+00
1776 4.152575e-04 3.670203e-01
1777 1.163617e-04 6.895891e-02
1778 2.184716e-03 8.693805e-01
1779 3.515741e-03 3.392834e-01
1780 1.187430e-04 8.040083e-02
1781 4.223254e-04 6.189750e-02
1782 7.902053e-06 4.132339e-02
1783 3.840533e-03 1.415660e+00
1784 7.247822e-06 8.860336e-02
1785 1.947660e-05 1.122889e-01
1786 5.616691e-04 1.407224e-01
1787 7.794469e-04 2.066309e-01
1788 1.048885e-03 6.083671e-01
1789 8.743740e-05 2.076498e-01
1790 4.140614e-06 2.131831e-02
1791 4.458923e-06 1.719315e-01
1792 3.303122e-04 4.103204e-01
1793 7.055082e-05 1.271205e-01
1794 1.278368e-05 5.122262e-02
1795 2.172842e-05 5.155046e-02
1796 7.295774e-05 1.372981e-01
1797 2.218648e-04 1.409849e-01
1798 2.304183e-05 5.384156e-02
1799 6.839888e-06 1.678251e-02
1800 3.018156e-04 2.319640e-01
1801 3.503055e-05 5.398873e-02
1802 1.039413e-03 1.033291e+00
1803 1.741470e-03 5.201643e-01
1804 5.472894e-04 4.284598e-01
1805 9.409828e-04 1.393812e-01
1806 7.797787e-05 8.398767e-02
1807 2.674584e-05 4.273956e-02
1808 2.283983e-03 4.618455e-01
1809 1.673659e-06 2.406222e-02
1810 1.030019e-07 9.343448e-03
1811 1.848734e-07 1.309959e-02
1812 6.194592e-05 3.365532e-02
1813 1.606282e-05 1.223638e-02
1814 1.046800e-08 2.086983e-02
1815 1.252669e-06 7.489793e-02
1816 1.185647e-05 3.211295e-02
1817 2.033913e-04 1.221381e-01
1818 1.671619e-06 4.678924e-02
1819 9.324305e-04 9.614963e-01
1820 3.139053e-05 1.881594e-01
1821 9.173995e-06 3.444734e-02
1822 1.444249e-07 2.109904e-02
1823 1.155544e-06 4.886863e-02
1824 1.953455e-04 1.979631e-01
1825 8.003252e-04 6.913897e-01
1826 3.049077e-04 1.771859e-01
1827 5.235156e-06 1.284023e-02
1828 2.168297e-07 1.846302e-02
1829 1.542123e-07 1.717476e-02
1830 2.025193e-03 1.554255e+00
1831 1.915727e-06 1.003851e-02
1832 4.437386e-04 1.212055e-01
1833 1.405784e-09 1.114277e-02
1834 7.832780e-06 2.571236e-02
1835 6.947756e-10 8.520819e-03
1836 3.358099e-07 6.991204e-03
1837 1.034600e-03 4.762320e-01
1838 8.711033e-05 4.819088e-02
1839 2.258628e-06 4.746413e-02
1840 1.402329e-04 9.440319e-02
1841 4.566012e-05 5.700309e-02
1842 2.351207e-06 2.283013e-02
1843 5.939286e-06 1.984578e-02
1844 9.286584e-06 2.236396e-02
1845 1.295536e-04 5.255708e-02
1846 3.987334e-08 7.481708e-03
1847 1.184350e-05 2.171818e-02
1848 1.235068e-07 1.296797e-02
1849 1.821666e-08 1.540616e-02
1850 1.000464e-07 1.009394e-02
1851 4.480314e-07 6.322454e-03
1852 3.701322e-08 4.865724e-03
1853 2.590477e-05 7.000926e-03
1854 1.600744e-04 1.605213e-01
1855 3.984492e-06 3.045249e-02
1856 2.670454e-04 1.504885e-01
1857 3.781325e-04 2.985225e-01
1858 1.351133e-04 1.249211e-01
1859 4.126135e-06 6.400031e-03
1860 1.333377e-03 3.945969e-01
1861 6.105185e-10 7.877002e-03
1862 2.660013e-06 1.030051e-02
1863 6.156638e-07 2.659141e-02
1864 1.289606e-03 3.449257e-01
1865 4.784629e-05 1.350038e-01
1866 6.972186e-07 5.067765e-02
1867 1.864232e-08 1.208057e-02
1868 9.434067e-10 9.840349e-03
1869 1.421616e-08 6.763858e-03
1870 3.067534e-07 1.608847e-02
1871 7.691550e-05 4.363198e-01
1872 4.784736e-04 3.534218e-01
1873 6.235622e-05 4.962748e-02
1874 2.180876e-05 1.030241e-01
1875 1.791912e-04 3.299100e-01
1876 5.458456e-05 2.226399e-02
1877 9.421088e-06 4.439061e-02
1878 3.238946e-06 1.378583e-02
1879 7.570585e-06 4.042223e-02
1880 4.879056e-06 2.478793e-02
1881 7.230074e-04 4.236899e-01
1882 5.584354e-07 6.512564e-02
1883 5.193616e-06 4.483377e-02
1884 4.838111e-05 9.418742e-02
1885 1.423595e-07 3.909785e-02
1886 1.357662e-06 1.170387e-01
1887 2.810837e-06 8.853304e-03
1888 3.853336e-07 1.635372e-02
1889 3.244691e-08 7.999770e-03
1890 3.048625e-11 5.479541e-03
1891 1.438855e-08 5.630854e-03
1892 6.545238e-08 6.103064e-03
1893 4.124271e-10 2.192675e-02
1894 1.279695e-06 6.430696e-02
1895 2.671459e-05 4.651453e-02
1896 2.692151e-08 5.075856e-03
1897 1.791767e-10 3.676988e-03
1898 1.610769e-06 4.558475e-03
1899 1.324346e-06 2.623297e-02
1900 4.055365e-06 2.617158e-02
1901 7.874614e-11 1.743954e-03
1902 5.577331e-04 6.100052e-01
1903 7.740352e-04 5.024529e-01
1904 1.273157e-04 7.368608e-02
1905 1.136080e-03 3.715799e-01
1906 1.860337e-03 1.194784e+00
1907 2.263728e-09 7.413637e-03
1908 1.125699e-07 8.275377e-03
1909 5.218162e-08 5.531528e-03
1910 8.648741e-05 6.627878e-02
1911 1.138606e-06 1.212420e-02
1912 8.108551e-06 8.475790e-02
1913 1.457145e-05 8.818035e-02
1914 6.610787e-05 2.431324e-01
1915 1.443530e-03 1.139313e+00
1916 1.375694e-04 3.656256e-01
1917 1.531660e-04 2.625831e-01
1918 8.211669e-05 2.418886e-01
1919 1.916290e-03 5.903445e-01
1920 2.737497e-05 7.489382e-02
1921 5.904263e-06 4.802011e-02
1922 4.373407e-04 3.367692e-01
1923 4.045999e-04 2.372806e-01
1924 9.129420e-04 5.486752e-01
1925 1.763758e-05 7.748717e-02
1926 1.917731e-06 2.558038e-02
1927 3.558814e-04 1.971555e-01
1928 8.299012e-04 4.348939e-01
1929 4.169736e-05 7.470042e-02
1930 1.597509e-07 6.116209e-03
1931 3.462820e-09 3.885074e-02
1932 1.269913e-08 2.591038e-02
1933 2.194381e-05 8.847988e-02
1934 3.483065e-08 7.652626e-03
1935 2.624770e-05 7.029738e-02
1936 3.533298e-06 2.345712e-02
1937 1.091814e-04 1.934985e-01
1938 2.083857e-03 4.142035e-01
1939 1.100529e-04 9.979166e-02
1940 2.328065e-05 1.104039e-01
1941 4.377112e-07 8.032378e-03
1942 1.046216e-03 2.501619e-01
1943 1.524092e-04 1.787865e-01
1944 3.141663e-05 3.996641e-02
1945 4.815025e-06 1.434934e-02
1946 7.413304e-06 1.464078e-01
1947 2.051890e-06 2.885561e-02
1948 6.770651e-05 2.239340e-01
1949 8.639330e-04 9.554714e-01
1950 1.574671e-03 3.961344e-01
1951 3.612814e-04 4.849720e-01
1952 2.844944e-05 1.554349e-01
1953 1.123718e-04 3.336813e-02
1954 3.431861e-06 2.176197e-02
1955 7.374298e-04 8.379770e-01
1956 5.756937e-04 7.005313e-01
1957 2.341389e-03 1.312176e+00
1958 5.021890e-04 6.237478e-01
1959 1.684878e-09 7.319967e-03
1960 2.996570e-05 2.321484e-02
1961 1.426392e-12 2.938944e-03
1962 4.173765e-09 7.226022e-03
1963 5.915067e-12 2.056929e-03
1964 8.024643e-11 3.510123e-03
1965 2.094522e-05 5.653835e-02
1966 4.632791e-07 1.220478e-02
1967 4.486313e-04 4.197260e-01
1968 1.436869e-05 2.816065e-02
1969 7.093903e-07 2.202458e-02
1970 4.971478e-08 9.856781e-03
1971 2.531190e-06 2.702501e-02
1972 5.585767e-09 7.144311e-03
1973 3.289806e-04 4.040879e-01
1974 1.150984e-06 4.147056e-02
1975 1.312209e-07 1.719599e-02
1976 8.458423e-06 3.542241e-02
1977 4.440248e-04 3.699290e-01
1978 1.840082e-04 9.443085e-02
1979 3.195451e-04 1.511675e-01
1980 1.556282e-04 2.442013e-01
1981 6.148039e-04 2.299089e-01
1982 1.788873e-04 1.905048e-01
1983 1.545661e-03 9.961875e-01
1984 1.066852e-04 1.128072e-01
1985 1.332310e-05 2.382631e-01
1986 2.275698e-05 9.439434e-02
1987 6.293804e-04 1.040890e+00
1988 1.745606e-05 5.585396e-02
1989 1.683683e-05 5.752062e-02
1990 7.435677e-04 3.475896e-01
1991 1.074446e-07 1.453594e-02
1992 1.525831e-04 7.445979e-02
1993 9.823551e-04 4.720832e-01
1994 3.430131e-04 1.571923e-01
1995 1.798797e-05 8.077234e-02
1996 2.678187e-05 1.071897e-01
1997 4.751545e-03 1.416173e+00
1998 1.948728e-04 2.891377e-01
1999 9.134143e-04 7.355565e-01
2000 2.210856e-03 6.100218e-01
