2 3.408839e-04 1.445598e-01
3 2.028176e-03 7.247892e-01
4 9.655997e-04 3.277986e-01
5 6.752486e-04 1.152790e-01
6 3.823531e-03 8.694771e-01
7 1.423966e-03 2.408127e-01
8 1.146409e-05 5.366872e-02
9 1.261681e-05 1.027613e-02
10 4.910931e-04 7.773121e-02
11 1.636645e-03 4.329214e-01
12 6.591434e-05 3.669012e-02
13 7.286284e-04 5.066694e-01
14 2.967293e-04 1.221557e-01
15 1.537177e-04 5.805885e-02
16 8.491907e-05 5.736813e-02
17 5.845131e-05 1.621880e-02
18 7.646120e-04 1.266588e-01
19 1.739153e-04 3.248250e-01
20 1.245037e-03 4.292770e-01
21 4.080612e-04 2.052680e-01
22 4.533248e-05 3.086580e-02
23 3.108393e-03 6.961063e-01
24 1.235786e-03 3.259243e-01
25 1.901420e-04 4.980594e-02
26 2.083585e-03 6.657577e-01
27 2.272925e-04 7.185251e-02
28 2.515548e-04 4.484455e-02
29 1.865335e-03 6.241839e-01
30 1.530029e-06 7.725553e-03
31 1.092059e-03 1.251523e-01
32 1.320979e-03 2.400870e-01
33 2.479929e-04 2.748230e-02
34 2.755744e-05 9.138979e-03
35 2.115037e-04 2.131546e-01
36 2.451055e-04 7.421392e-02
37 2.495136e-03 8.031083e-01
38 3.249996e-03 1.066278e+00
39 3.141106e-03 5.937795e-01
40 1.004018e-03 2.244366e-01
41 1.453346e-06 7.143440e-03
42 4.532400e-03 7.809553e-01
43 3.820903e-05 1.734960e-02
44 1.228696e-06 3.002038e-03
45 1.481284e-07 2.708866e-03
46 2.052761e-07 1.435490e-03
47 3.748904e-07 6.317707e-03
48 6.838431e-07 7.207202e-03
49 3.370560e-07 9.089124e-03
50 4.782150e-06 3.218048e-02
51 2.945590e-07 3.150770e-03
52 3.389426e-07 5.660076e-03
53 1.020280e-07 5.677230e-03
54 7.059910e-08 4.296950e-03
55 3.518112e-08 3.395910e-03
56 7.846543e-06 2.148064e-02
57 2.373859e-05 4.118881e-02
58 5.194233e-08 1.715179e-03
59 3.464039e-05 1.171173e-02
60 1.948802e-06 2.384854e-03
61 6.637180e-07 4.223423e-03
62 2.223088e-06 1.323468e-03
63 4.884471e-06 5.608676e-03
64 1.823161e-07 1.183886e-02
65 1.007042e-06 2.785257e-03
66 9.323492e-07 4.860579e-03
67 3.221874e-07 4.805186e-03
68 3.031601e-06 1.115120e-02
69 1.557331e-05 1.013908e-02
70 2.913630e-03 4.543246e-01
71 1.083645e-09 4.412559e-03
72 3.173157e-04 5.952909e-02
73 1.823456e-06 4.466277e-03
74 6.006151e-07 5.771583e-03
75 2.217975e-06 5.736365e-03
76 3.864200e-06 6.593178e-03
77 3.369806e-06 4.581353e-03
78 2.851997e-05 4.763899e-02
79 4.523312e-07 1.137575e-02
80 5.719720e-05 9.173573e-02
81 3.384816e-07 3.167789e-03
82 1.119139e-05 4.089863e-02
83 3.316675e-08 2.527622e-03
84 1.952058e-05 1.504627e-02
85 1.094837e-06 7.782362e-03
86 1.071474e-04 2.392007e-02
87 9.758203e-04 2.155199e-01
88 4.812678e-09 2.774651e-03
89 1.196919e-04 3.968836e-02
90 4.710898e-05 1.227973e-01
91 2.815106e-05 1.765766e-02
92 3.550107e-05 8.274549e-02
93 4.672891e-05 4.645484e-02
94 3.680832e-07 8.999208e-03
95 6.610350e-08 5.390008e-03
96 4.223880e-05 1.240529e-02
97 9.104612e-05 2.046114e-02
98 1.920087e-04 2.669735e-02
99 3.007439e-04 3.173547e-01
100 5.451816e-03 7.022655e-01
101 6.101588e-04 1.333094e-01
102 1.950782e-06 6.560528e-03
103 1.151443e-04 2.203572e-01
104 2.748894e-07 2.471685e-02
105 1.324679e-04 9.461679e-02
106 5.900106e-05 6.284904e-02
107 7.815395e-07 1.213593e-02
108 7.522806e-05 1.126782e-01
109 8.486570e-07 1.214737e-02
110 1.839453e-06 4.347176e-03
111 8.756374e-07 1.083973e-02
112 2.364694e-07 1.959337e-02
113 4.330052e-04 9.213613e-02
114 2.667223e-05 1.027380e-02
115 1.074427e-04 2.233024e-02
116 3.072625e-04 7.964762e-02
117 8.518703e-07 7.271489e-03
118 2.206154e-07 3.711500e-03
119 6.345309e-03 5.340925e-01
120 2.096662e-04 2.455181e-02
121 4.119658e-07 9.031670e-03
122 6.115492e-07 5.175264e-03
123 5.833901e-04 7.978810e-02
124 8.988415e-06 1.413512e-02
125 5.626664e-05 1.515961e-01
126 7.886132e-06 1.432333e-02
127 4.971796e-07 1.163475e-02
128 3.153371e-04 3.997194e-01
129 9.453832e-04 4.671165e-01
130 3.079381e-05 7.713934e-02
131 1.194665e-04 1.583221e-01
132 3.017900e-06 2.836529e-02
133 9.951087e-04 8.211496e-01
134 3.016370e-04 4.354170e-02
135 7.652403e-04 2.403217e-01
136 1.596187e-09 2.287215e-03
137 3.312270e-07 1.299477e-02
138 1.113838e-06 4.052365e-03
139 3.401404e-06 9.679422e-03
140 6.706826e-05 4.696429e-02
141 2.484157e-06 7.764922e-03
142 1.736817e-04 1.537103e-01
143 9.271458e-05 8.846044e-02
144 5.184030e-04 2.377875e-01
145 4.418735e-05 5.060022e-02
146 1.602117e-05 1.421548e-02
147 1.540113e-04 7.029795e-02
148 9.347965e-06 6.335882e-03
149 2.149183e-05 7.126043e-02
150 4.423089e-04 8.446536e-02
151 1.972270e-04 4.266154e-02
152 2.014397e-05 3.745212e-02
153 6.875278e-06 1.040068e-02
154 2.814129e-05 1.512262e-02
155 2.956012e-06 3.103878e-03
156 8.333106e-05 1.725219e-02
157 1.222857e-06 1.315995e-02
158 3.141421e-09 3.780302e-03
159 9.335201e-07 1.785055e-02
160 4.101156e-06 1.002596e-02
161 7.891941e-06 5.111027e-03
162 9.650126e-06 1.705813e-02
163 1.057845e-05 1.703692e-02
164 5.385938e-05 1.055025e-02
165 8.379677e-07 1.766052e-03
166 3.343737e-06 2.332342e-03
167 2.101694e-05 8.421567e-03
168 1.090191e-05 5.132388e-03
169 1.334782e-04 2.699108e-02
170 1.468568e-05 7.010485e-03
171 3.859046e-05 4.377669e-02
172 3.255963e-03 3.475037e-01
173 3.991201e-05 7.722323e-02
174 6.303717e-04 1.682293e-01
175 9.860479e-09 1.263575e-03
176 4.624132e-05 1.384981e-02
177 3.746387e-08 3.189087e-03
178 6.237698e-07 7.823468e-03
179 9.092449e-06 1.237049e-02
180 9.134518e-09 1.277000e-03
181 5.492452e-05 1.116658e-01
182 3.299610e-04 4.423058e-02
183 1.373762e-04 3.511423e-02
184 6.989940e-06 8.798479e-03
185 7.061061e-09 1.523105e-03
186 1.127141e-05 4.897704e-02
187 9.342202e-04 6.159936e-01
188 1.657025e-04 4.687444e-02
189 1.498069e-05 1.504439e-02
190 2.948612e-06 5.557209e-03
191 1.366348e-06 6.950610e-03
192 3.138586e-07 5.837354e-03
193 8.949227e-08 6.281544e-03
194 3.381527e-07 6.100305e-03
195 7.740256e-05 2.502082e-02
196 3.830538e-06 8.036295e-03
197 9.204215e-07 2.122712e-02
198 8.070059e-06 1.415389e-02
199 4.111736e-05 1.938488e-02
200 3.096016e-04 1.065407e-01
201 3.227122e-05 9.085166e-02
202 1.109731e-05 1.381847e-02
203 2.422584e-04 1.891825e-01
204 1.657836e-06 4.084906e-03
205 1.803280e-05 4.011662e-02
206 1.962657e-04 2.945655e-02
207 3.518414e-06 3.239904e-02
208 4.945154e-05 9.175948e-02
209 9.236723e-04 1.217284e-01
210 1.348586e-05 5.722565e-02
211 7.065835e-04 1.814032e-01
212 8.575099e-07 4.996694e-03
213 1.285880e-05 1.591047e-02
214 7.671817e-06 1.372656e-02
215 8.681303e-07 1.237494e-02
216 2.329805e-05 3.865035e-02
217 9.363542e-07 2.775928e-03
218 6.930631e-07 4.701108e-03
219 8.029569e-07 2.532592e-03
220 4.151318e-04 2.396895e-01
221 3.845562e-07 5.664951e-03
222 6.064830e-05 4.292768e-02
223 1.616402e-03 1.090862e-01
224 2.877370e-08 2.298650e-03
225 1.247947e-07 3.229779e-03
226 2.892455e-06 1.189216e-02
227 5.977250e-07 4.248976e-03
228 3.252049e-06 6.117550e-03
229 1.537065e-06 1.807812e-02
230 2.000556e-04 3.129238e-01
231 9.927843e-09 2.043009e-03
232 7.908866e-04 6.490366e-01
233 5.927096e-07 9.425763e-03
234 3.990950e-06 5.133293e-03
235 1.573210e-08 7.404965e-03
236 5.106506e-04 6.242655e-02
237 7.486817e-04 2.440498e-01
238 3.628893e-07 5.074607e-03
239 7.185917e-05 1.186824e-02
240 7.701683e-06 6.818301e-02
241 3.760169e-04 4.583630e-01
242 8.570115e-05 3.482561e-02
243 6.845496e-07 4.503506e-03
244 7.972266e-08 1.877215e-03
245 7.188256e-08 1.281832e-03
246 7.818941e-04 1.498797e-01
247 2.784760e-04 8.759344e-02
248 1.043465e-03 2.632532e-01
249 4.681107e-04 3.158696e-01
250 2.333234e-03 2.206983e-01
251 1.585967e-08 1.293512e-03
252 6.070962e-07 8.758120e-03
253 4.908011e-07 4.230965e-03
254 3.996813e-05 2.176523e-02
255 4.455356e-06 8.857241e-03
256 8.797474e-09 2.437468e-03
257 1.140630e-06 5.224675e-03
258 1.035556e-03 8.641727e-02
259 8.795741e-08 1.449406e-03
260 4.246678e-06 9.934397e-03
261 2.060549e-05 9.068201e-03
262 1.776428e-06 1.731927e-03
263 1.709155e-05 5.818187e-03
264 4.990843e-06 2.949539e-02
265 7.346178e-05 7.776096e-02
266 7.642776e-06 1.211974e-02
267 4.344828e-06 1.977424e-02
268 3.295561e-05 8.965386e-03
269 6.221513e-04 1.572260e-01
270 1.509425e-08 3.604916e-03
271 1.294778e-05 1.819408e-02
272 6.046246e-05 1.189556e-02
273 1.912591e-04 1.109053e-01
274 5.076030e-09 1.879150e-03
275 1.097224e-03 9.115184e-02
276 3.832822e-06 1.838220e-02
277 2.691959e-08 4.010289e-03
278 1.350851e-04 1.045373e-01
279 4.935606e-07 5.078851e-03
280 2.967198e-04 6.769879e-02
281 8.866597e-04 1.186850e-01
282 1.533774e-07 2.081147e-03
283 2.578709e-06 6.833380e-03
284 1.229333e-07 4.744855e-03
285 2.076839e-06 9.215408e-03
286 1.026792e-06 6.112281e-03
287 1.519470e-07 5.075678e-03
288 3.769146e-07 2.212988e-03
289 5.877442e-04 2.810836e-01
290 6.832241e-09 1.421503e-03
291 2.781874e-05 1.820898e-02
292 1.460229e-03 3.839643e-01
293 2.796211e-06 5.668909e-03
294 3.950266e-08 4.360805e-03
295 6.737742e-08 1.780432e-02
296 2.560910e-05 1.221245e-01
297 2.176522e-05 1.786326e-02
298 1.713085e-06 5.577460e-03
299 1.136494e-07 4.254680e-03
300 3.522328e-06 1.541876e-02
301 8.988379e-04 3.406261e-01
302 2.228331e-07 3.566592e-03
303 4.095224e-06 2.045713e-02
304 1.183887e-03 1.236987e-01
305 9.396718e-05 2.074484e-02
306 5.441184e-05 1.970645e-02
307 1.043904e-03 2.547693e-01
308 8.380841e-07 1.086061e-02
309 2.750888e-03 2.645314e-01
310 4.371162e-05 2.100087e-02
311 1.111587e-05 1.321661e-02
312 6.914147e-06 5.306608e-03
313 3.038858e-03 7.528811e-01
314 4.519413e-06 3.490889e-03
315 6.056080e-08 4.745979e-03
316 8.120142e-04 5.024967e-01
317 1.475751e-03 2.884293e-01
318 5.367141e-04 2.042705e-01
319 1.458421e-04 8.528477e-02
320 1.012117e-04 3.976569e-02
321 4.616159e-04 3.602917e-01
322 2.765402e-09 6.874385e-03
323 1.715779e-05 2.694394e-02
324 1.020743e-06 5.399723e-03
325 1.368419e-07 5.307000e-03
326 1.748622e-05 4.584659e-02
327 1.695398e-03 6.606133e-01
328 6.116604e-04 1.636786e-01
329 1.890289e-03 3.566897e-01
330 4.122796e-05 1.052422e-02
331 2.835321e-05 2.816724e-02
332 1.202393e-03 2.998771e-01
333 2.873048e-07 1.668817e-02
334 1.906711e-05 4.896194e-02
335 7.044451e-08 2.170100e-03
336 5.719318e-06 1.065361e-02
337 1.225962e-06 1.343451e-02
338 2.245782e-04 7.665740e-02
339 1.714164e-03 2.417393e-01
340 1.982047e-05 1.429557e-02
341 2.269045e-06 1.036213e-02
342 1.211026e-05 7.310254e-03
343 2.201962e-06 3.912873e-02
344 5.368615e-05 1.473056e-02
345 3.558350e-03 6.980319e-01
346 1.776850e-03 3.410794e-01
347 3.335487e-07 4.221489e-03
348 9.157381e-05 4.674191e-02
349 6.882843e-06 7.550235e-03
350 2.838706e-06 3.144407e-03
351 1.277519e-03 7.355536e-01
352 5.350216e-05 2.146800e-01
353 8.150855e-08 1.285833e-03
354 1.726495e-04 1.348224e-01
355 4.305563e-05 2.457504e-02
356 2.171476e-03 3.667558e-01
357 9.068245e-04 1.431182e-01
358 1.055395e-05 5.117480e-03
359 2.572921e-06 1.199459e-02
360 8.750683e-04 1.349030e-01
361 6.490824e-04 1.793845e-01
362 7.901053e-04 6.485149e-02
363 6.017287e-05 3.672961e-02
364 1.902415e-05 5.165342e-02
365 1.667348e-05 4.055963e-02
366 5.461048e-06 2.071877e-02
367 1.458838e-06 1.702180e-02
368 3.894570e-06 1.197758e-02
369 2.107324e-06 1.172239e-02
370 1.814784e-05 1.831871e-02
371 2.597359e-06 8.654170e-02
372 4.328579e-07 3.668112e-02
373 2.056346e-04 6.550607e-02
374 7.678290e-08 6.331634e-03
375 3.548724e-07 1.451370e-03
376 6.378703e-07 3.645496e-03
377 2.286965e-03 4.597221e-01
378 4.685403e-05 2.212775e-02
379 1.320895e-05 5.793375e-03
380 2.858205e-05 1.992949e-02
381 1.019908e-03 5.488511e-01
382 1.598392e-04 1.601304e-02
383 5.298767e-04 1.518843e-01
384 2.601177e-05 1.916150e-02
385 3.313895e-03 5.334885e-01
386 6.676925e-05 1.471804e-02
387 6.784732e-06 2.011095e-02
388 3.092494e-07 4.037832e-03
389 8.140554e-07 1.064503e-02
390 7.940197e-09 4.437432e-03
391 1.324027e-04 3.006746e-02
392 9.119112e-06 2.801326e-02
393 7.358085e-09 2.653165e-03
394 1.197515e-03 6.755968e-01
395 7.777832e-07 1.783801e-03
396 3.889297e-05 3.821131e-02
397 1.499029e-05 2.207306e-02
398 2.724349e-08 2.559216e-03
399 1.851433e-06 9.027472e-03
400 2.646741e-03 1.390170e+00
401 1.563852e-05 2.704568e-02
402 1.286744e-03 5.571123e-01
403 9.269846e-06 3.042684e-02
404 4.778553e-05 2.624011e-02
405 1.273762e-06 5.074243e-03
406 5.299751e-05 2.579474e-01
407 3.520972e-04 1.083380e-01
408 2.420706e-03 6.241326e-01
409 4.832083e-05 8.264661e-02
410 9.089032e-06 1.490821e-02
411 4.140775e-04 3.456333e-02
412 1.207941e-05 1.194499e-02
413 6.794804e-04 4.532415e-01
414 2.282795e-04 1.849217e-02
415 3.393837e-07 1.960559e-03
416 2.486261e-05 1.201287e-01
417 4.822129e-06 2.652467e-03
418 3.581694e-03 3.856890e-01
419 2.706395e-03 6.297851e-01
420 1.915864e-06 9.366136e-03
421 1.077634e-04 1.827678e-02
422 3.349076e-05 2.827106e-02
423 1.369227e-05 1.181909e-02
424 9.181073e-05 5.842977e-02
425 6.799470e-05 1.244120e-02
426 9.350706e-08 3.756386e-03
427 3.085781e-05 1.488729e-01
428 1.748572e-04 3.167311e-02
429 1.415975e-03 2.787234e-01
430 9.274694e-07 1.687386e-03
431 1.307421e-07 4.156469e-03
432 1.429401e-04 1.318568e-01
433 3.022359e-08 1.256205e-03
434 1.187926e-06 5.183009e-03
435 8.138641e-06 5.508019e-03
436 3.886851e-08 2.355493e-03
437 3.430978e-04 1.275121e-01
438 8.175332e-08 5.832056e-03
439 8.613459e-07 4.578602e-03
440 3.540094e-07 4.305334e-03
441 1.525818e-05 3.975612e-02
442 3.129387e-07 6.765966e-03
443 3.569451e-06 5.216416e-03
444 7.431418e-05 4.556136e-02
445 1.689410e-04 8.842626e-02
446 1.380146e-05 1.699888e-02
447 3.192396e-07 2.486787e-03
448 1.524820e-06 2.600794e-03
449 2.637798e-07 2.382321e-03
450 1.184339e-06 3.636957e-03
451 4.115772e-07 1.323949e-03
452 2.578227e-05 1.186764e-02
453 8.062178e-06 4.997994e-03
454 1.596191e-04 3.458397e-02
455 1.139457e-03 1.106776e-01
456 2.906736e-07 5.603177e-03
457 2.126201e-04 3.842854e-02
458 1.427565e-04 6.325513e-02
459 3.676405e-04 6.260119e-02
460 3.454300e-06 3.831477e-03
461 3.770492e-05 3.646792e-02
462 9.603391e-04 2.690528e-01
463 7.811897e-05 6.779723e-02
464 2.909149e-05 8.083772e-03
465 1.772258e-07 1.834507e-03
466 1.791615e-07 2.727569e-03
467 2.583620e-03 3.581914e-01
468 1.271331e-08 5.933975e-03
469 2.594619e-04 9.634883e-02
470 2.893030e-05 1.758609e-02
471 9.850563e-05 3.461398e-02
472 2.784948e-05 6.204340e-03
473 2.733951e-05 1.442381e-02
474 2.848500e-06 4.518220e-03
475 7.832562e-05 3.512568e-02
476 3.713907e-08 2.275556e-03
477 3.286253e-04 6.952609e-02
478 1.046617e-08 3.581403e-03
479 1.671439e-08 1.839888e-03
480 8.415328e-06 1.331070e-02
481 5.101732e-07 8.161939e-03
482 1.234397e-03 2.448582e-01
483 1.249749e-08 1.191475e-03
484 2.064803e-07 1.946153e-03
485 1.171649e-04 9.337838e-02
486 7.635231e-07 5.247300e-03
487 4.117776e-05 8.669151e-02
488 1.950969e-06 6.497865e-03
489 1.237469e-05 1.187952e-02
490 1.059141e-05 4.717434e-02
491 9.039868e-07 1.077699e-02
492 1.841811e-04 7.434091e-03
493 3.334688e-07 2.360373e-03
494 8.108923e-04 8.285826e-02
495 4.336842e-04 1.482078e-01
496 1.427754e-04 1.906330e-01
497 3.569517e-04 1.359674e-01
498 9.990880e-06 4.129292e-02
499 6.131287e-05 9.812478e-03
500 5.807390e-08 9.720754e-03
501 3.122711e-03 5.733510e-01
502 1.418922e-05 1.940744e-02
503 3.690454e-04 6.515826e-02
504 7.351999e-03 8.417118e-01
505 4.208612e-06 6.332435e-03
506 2.405290e-06 1.306325e-02
507 1.058299e-06 9.609829e-03
508 1.002079e-05 1.395792e-02
509 3.180312e-04 3.331181e-01
510 5.408361e-07 9.884015e-03
511 2.293389e-06 4.907433e-03
512 1.538072e-07 2.035855e-03
513 3.342215e-05 3.354711e-02
514 1.902263e-07 1.968305e-02
515 5.223219e-06 5.758015e-02
516 1.478894e-04 6.455217e-02
517 5.129458e-06 7.448314e-03
518 1.016542e-07 4.535342e-03
519 1.295689e-06 1.076473e-02
520 6.631092e-08 1.503615e-03
521 1.591728e-05 2.892423e-02
522 1.283071e-06 3.308881e-03
523 7.045803e-06 8.020445e-03
524 2.113736e-04 7.133743e-02
525 1.676662e-04 8.614328e-02
526 7.883792e-06 1.692326e-02
527 2.370238e-04 1.588252e-01
528 1.227319e-03 1.013106e-01
529 3.608222e-04 1.551088e-01
530 2.524778e-04 4.050963e-02
531 1.958274e-09 1.574169e-03
532 1.436338e-06 9.649180e-03
533 1.572841e-06 2.770006e-03
534 1.383566e-05 8.876882e-02
535 4.818026e-04 2.514584e-01
536 5.148706e-04 5.686941e-02
537 4.140381e-04 2.792749e-01
538 2.129982e-05 9.590618e-02
539 1.055944e-04 5.485308e-02
540 5.026328e-06 2.830689e-02
541 2.681048e-03 6.254501e-01
542 1.680090e-05 1.172679e-02
543 6.408618e-05 5.321214e-03
544 1.628243e-04 7.066970e-02
545 5.174068e-07 9.522432e-03
546 3.196565e-05 1.504617e-02
547 1.484592e-04 4.957442e-02
548 1.810331e-04 2.234578e-02
549 7.069460e-06 2.896018e-02
550 1.452767e-08 5.838133e-03
551 4.395551e-05 1.415547e-02
552 4.794196e-07 2.660583e-03
553 3.074339e-06 7.439303e-03
554 1.656995e-08 3.020432e-03
555 1.499367e-05 7.020490e-02
556 3.451182e-06 7.506619e-03
557 2.657656e-04 7.994667e-02
558 1.353868e-06 8.182081e-03
559 5.744534e-05 4.662870e-02
560 1.455397e-07 3.355813e-03
561 4.387926e-06 3.310402e-02
562 8.458712e-07 1.762414e-03
563 6.708049e-03 1.403201e+00
564 3.693269e-03 7.118798e-01
565 6.490750e-06 3.664908e-03
566 3.359308e-05 1.980554e-02
567 1.330802e-04 5.055912e-02
568 2.894530e-05 8.934780e-02
569 1.368306e-05 1.027032e-02
570 4.432680e-05 4.911365e-02
571 1.724263e-04 5.863645e-02
572 2.249776e-04 6.314387e-02
573 1.992003e-04 8.093334e-02
574 3.920231e-06 5.435838e-03
575 2.842223e-07 4.054595e-03
576 1.113845e-05 9.354949e-03
577 1.400584e-08 2.687847e-03
578 4.225233e-06 3.946511e-03
579 9.354596e-05 2.022135e-02
580 8.085865e-07 5.971958e-03
581 2.510945e-04 8.087405e-02
582 5.724669e-07 1.508119e-02
583 5.735343e-04 4.501398e-01
584 1.268650e-04 7.327527e-02
585 1.799236e-05 4.453675e-02
586 9.040276e-04 8.449188e-02
587 8.352899e-06 1.275208e-02
588 3.245379e-05 5.756212e-02
589 2.517696e-04 3.133371e-02
590 1.031167e-06 1.227937e-02
591 6.903083e-06 2.664335e-02
592 1.773588e-03 5.285597e-01
593 1.526382e-06 9.194986e-03
594 1.103910e-04 8.574980e-02
595 5.158031e-07 5.533880e-03
596 1.086034e-07 1.372045e-03
597 5.169002e-07 2.245380e-03
598 8.464315e-05 4.129185e-02
599 8.395492e-06 1.646820e-02
600 9.903422e-06 4.905386e-03
601 1.305430e-06 4.238666e-03
602 7.358332e-05 2.472322e-02
603 4.158269e-05 2.994236e-02
604 1.257919e-07 2.065126e-03
605 2.392494e-04 1.343463e-01
606 1.138437e-03 6.488783e-02
607 8.482266e-07 5.217711e-03
608 9.335996e-05 1.837365e-02
609 6.037707e-06 1.437166e-02
610 1.749605e-05 1.583478e-02
611 2.028765e-07 2.528635e-03
612 1.819219e-05 3.533695e-02
613 1.056589e-07 5.334443e-03
614 3.299757e-06 5.536021e-03
615 8.601628e-08 5.941399e-03
616 2.390092e-04 3.463850e-02
617 2.061489e-06 1.377386e-02
618 1.714688e-07 8.386025e-03
619 5.592771e-06 6.629633e-03
620 4.268411e-07 3.850322e-03
621 3.606804e-07 3.398588e-03
622 9.498723e-04 2.038316e-01
623 9.315632e-06 1.551408e-02
624 3.396562e-06 4.343297e-03
625 1.705610e-06 1.175796e-02
626 1.507158e-06 6.285748e-03
627 8.127803e-07 3.624783e-03
628 2.759005e-05 2.833671e-02
629 1.027902e-06 2.025526e-03
630 1.894945e-05 1.278400e-02
631 7.182404e-06 1.099470e-02
632 1.041076e-07 1.257237e-03
633 1.879741e-04 2.863266e-01
634 1.391560e-05 2.165598e-02
635 1.070739e-06 8.691289e-03
636 5.186659e-07 2.101775e-02
637 9.728485e-07 1.156167e-02
638 2.060565e-07 2.178802e-03
639 2.690444e-08 1.580597e-03
640 2.123155e-07 2.440021e-03
641 1.348856e-07 1.526187e-03
642 1.676940e-06 5.394138e-03
643 8.018782e-05 7.916460e-02
644 1.616920e-03 1.202995e-01
645 3.829726e-04 4.455558e-02
646 1.108757e-06 1.411040e-02
647 9.022626e-06 5.876810e-03
648 4.744971e-05 3.393796e-02
649 1.887913e-03 4.202773e-01
650 5.507084e-06 4.779087e-03
651 2.075821e-06 8.463569e-03
652 2.442280e-04 5.120282e-02
653 1.326827e-07 4.778833e-03
654 1.715374e-06 4.866668e-03
655 3.307165e-06 9.068054e-03
656 2.378862e-07 2.800235e-03
657 1.249787e-04 2.855789e-02
658 7.749397e-04 1.155192e-01
659 1.046684e-05 1.596782e-02
660 1.897950e-04 1.071991e-01
661 6.018847e-07 5.512805e-03
662 9.797947e-04 1.815267e-01
663 1.159877e-03 7.067387e-01
664 3.786770e-05 4.816312e-02
665 5.193058e-06 9.202368e-03
666 1.070351e-05 1.252324e-02
667 1.894531e-04 1.596053e-02
668 1.849494e-03 2.105934e-01
669 1.665553e-03 1.365730e-01
670 1.298672e-07 9.333758e-03
671 1.715800e-05 1.935010e-02
672 2.952063e-06 2.489549e-02
673 9.513939e-06 1.057251e-02
674 1.264345e-07 2.084484e-03
675 1.058083e-04 1.346677e-01
676 1.358310e-06 5.582616e-03
677 1.131779e-09 1.338892e-03
678 1.310567e-05 6.340193e-03
679 3.272526e-04 1.356999e-01
680 5.616382e-05 4.382848e-02
681 1.013052e-04 6.495718e-02
682 2.981266e-05 1.129443e-02
683 5.895805e-06 3.013280e-02
684 1.576041e-05 1.845788e-02
685 1.233673e-08 2.170380e-03
686 6.955879e-06 1.842160e-02
687 2.413020e-03 4.354798e-01
688 1.966988e-05 2.423900e-02
689 1.491770e-06 1.022338e-02
690 5.072595e-08 2.012381e-03
691 1.639405e-03 1.212450e-01
692 7.701062e-07 2.891010e-03
693 2.438207e-05 2.011926e-02
694 1.460468e-04 7.284132e-02
695 2.803185e-04 2.223326e-01
696 1.742893e-03 5.495948e-01
697 1.165262e-05 7.978480e-03
698 1.171078e-04 1.320660e-01
699 8.660971e-08 1.531706e-03
700 6.236073e-05 4.350115e-02
701 3.004555e-05 1.894901e-02
702 4.331306e-08 1.234542e-03
703 6.261644e-08 4.005776e-03
704 3.789150e-10 1.311522e-03
705 1.322605e-03 1.581440e-01
706 2.015255e-07 1.724743e-03
707 4.163711e-04 5.626516e-02
708 6.595663e-10 4.995831e-03
709 3.993759e-09 2.939308e-03
710 7.211546e-07 6.209582e-03
711 5.515687e-09 1.204670e-03
712 1.862243e-06 4.741137e-03
713 8.924548e-07 6.423033e-03
714 9.411391e-09 2.450722e-03
715 3.495289e-05 1.455151e-02
716 1.108802e-04 2.057994e-02
717 4.429139e-07 5.307259e-03
718 4.777034e-10 2.642246e-03
719 1.644628e-03 3.739494e-01
720 7.405125e-10 1.188271e-03
721 2.096481e-05 6.379270e-03
722 4.798011e-09 2.732596e-03
723 1.815414e-06 1.620345e-02
724 1.699176e-06 3.436838e-03
725 5.606955e-09 1.464465e-03
726 4.316370e-05 3.976824e-02
727 3.857880e-08 4.370004e-03
728 1.751971e-06 7.861177e-03
729 6.051306e-08 7.306671e-03
730 1.697643e-07 2.746676e-03
731 2.013722e-04 8.330480e-02
732 2.007961e-10 1.364467e-03
733 3.653486e-12 9.157499e-04
734 2.367968e-07 2.966431e-03
735 1.991652e-07 3.393593e-03
736 1.282770e-05 1.570589e-02
737 3.445570e-09 1.363443e-03
738 1.424601e-04 8.449961e-02
739 1.255128e-07 3.508414e-03
740 2.325772e-04 2.949323e-02
741 1.643043e-06 8.442393e-03
742 2.766593e-05 2.092273e-02
743 3.833930e-03 5.592903e-01
744 3.718731e-09 2.638333e-03
745 1.394412e-07 2.528238e-03
746 7.786007e-06 1.265777e-02
747 8.375773e-05 2.993554e-02
748 8.252542e-04 8.879709e-02
749 9.272925e-05 1.746694e-01
750 1.196570e-06 6.795573e-03
751 9.503175e-06 1.195207e-02
752 4.542505e-07 1.963300e-03
753 8.418592e-08 2.984613e-03
754 1.673552e-04 9.669919e-02
755 1.779915e-05 2.038042e-02
756 6.035128e-05 2.938963e-02
757 1.240322e-08 1.517246e-03
758 8.960808e-05 1.886350e-02
759 3.666019e-05 1.925979e-02
760 2.012959e-07 2.269017e-03
761 1.264972e-04 2.043041e-02
762 3.008185e-05 1.549460e-02
763 1.643447e-08 1.965418e-03
764 8.548417e-07 9.841400e-03
765 3.812940e-09 1.044136e-02
766 7.269244e-07 5.457132e-03
767 1.113917e-06 5.880531e-03
768 9.068158e-05 1.984266e-02
769 5.346627e-06 7.287820e-03
770 1.943841e-04 5.728197e-02
771 6.943377e-06 3.886524e-03
772 4.560639e-10 1.550037e-03
773 9.915325e-08 1.603672e-02
774 1.480047e-07 1.952879e-03
775 6.326519e-05 7.478175e-02
776 4.153138e-04 6.433937e-02
777 8.939393e-05 2.997613e-02
778 9.430159e-06 2.200302e-02
779 9.882889e-04 1.300461e-01
780 6.182785e-05 1.287650e-02
781 3.014019e-04 4.788643e-02
782 8.282589e-06 4.160660e-03
783 1.830406e-05 9.052171e-03
784 3.869579e-06 6.174466e-03
785 8.586590e-05 3.180104e-02
786 5.649662e-05 2.223538e-02
787 2.568957e-04 2.284312e-02
788 1.068592e-04 2.150015e-02
789 1.361260e-08 1.348365e-03
790 4.156998e-04 1.404613e-01
791 4.477407e-05 1.464438e-02
792 3.769939e-06 4.783571e-03
793 1.402660e-05 9.307865e-03
794 2.366874e-06 4.983305e-03
795 9.059498e-04 5.380846e-01
796 5.143921e-08 3.132573e-03
797 1.976038e-03 2.351603e-01
798 1.100240e-03 3.551448e-01
799 1.808881e-05 4.434927e-03
800 4.024761e-04 4.393732e-02
801 6.808289e-07 4.136902e-03
802 6.648736e-05 4.103804e-02
803 4.267478e-04 9.844266e-02
804 5.386809e-06 1.588779e-02
805 2.526301e-07 4.023138e-03
806 6.633275e-04 1.792525e-01
807 5.026835e-05 5.476446e-02
808 4.639079e-06 3.718551e-03
809 8.809657e-04 2.464504e-01
810 6.983985e-05 1.154015e-02
811 1.202029e-05 2.678852e-02
812 9.311023e-07 6.872846e-03
813 8.902536e-07 5.814860e-03
814 6.038018e-06 1.013357e-02
815 9.472366e-06 2.559013e-02
816 4.546667e-04 1.254343e-01
817 5.481114e-03 5.322270e-01
818 4.118926e-07 3.581596e-03
819 9.339182e-05 9.750000e-02
820 1.933585e-04 4.893043e-02
821 2.712869e-05 2.692278e-02
822 5.159290e-08 3.561967e-03
823 4.762753e-06 9.470787e-03
824 4.429413e-06 2.600010e-02
825 5.491014e-06 2.630525e-02
826 1.625900e-05 8.366962e-03
827 6.422893e-06 5.266106e-03
828 6.741935e-05 3.339931e-02
829 3.362683e-06 1.419340e-02
830 1.219444e-03 2.580322e-01
831 4.436036e-05 1.115911e-02
832 1.937490e-05 7.743696e-03
833 5.197306e-06 2.157102e-02
834 4.001402e-06 2.144205e-02
835 3.300777e-07 2.264000e-03
836 1.807176e-08 1.026630e-03
837 1.212694e-06 1.482970e-02
838 5.509257e-05 6.457742e-03
839 4.578138e-06 1.511175e-02
840 1.691288e-05 3.613964e-02
841 6.623160e-05 2.990860e-02
842 1.354573e-03 3.389988e-01
843 5.506790e-05 2.603742e-02
844 5.942034e-06 3.562370e-02
845 4.006292e-06 3.265302e-02
846 7.345043e-04 4.759250e-02
847 8.618863e-05 1.790672e-02
848 1.460779e-04 1.008603e-01
849 2.660072e-07 5.744756e-03
850 5.306533e-03 8.534244e-01
851 5.145568e-05 1.433861e-02
852 1.210625e-04 1.878363e-01
853 8.172594e-04 2.402259e-01
854 8.736452e-05 7.887453e-02
855 1.539585e-04 1.554854e-01
856 2.006485e-04 4.220333e-02
857 5.776475e-04 2.348066e-01
858 1.177696e-05 2.015007e-02
859 2.842299e-08 3.865147e-03
860 4.388963e-05 3.977849e-02
861 2.994546e-08 1.640539e-03
862 3.062904e-05 2.023747e-02
863 1.857480e-04 7.397349e-02
864 2.190713e-06 7.682636e-03
865 6.523633e-04 8.576539e-02
866 8.978023e-05 1.416768e-01
867 4.648446e-03 5.830743e-01
868 3.432567e-06 6.503730e-03
869 1.139965e-06 3.245582e-02
870 6.020162e-05 4.383628e-02
871 1.603025e-05 2.694936e-02
872 1.294745e-03 2.548917e-01
873 3.403718e-05 6.988761e-02
874 5.092064e-04 2.013827e-01
875 7.768088e-06 6.094882e-03
876 4.345284e-10 1.062638e-03
877 1.795088e-07 9.357970e-03
878 3.588036e-03 3.149100e-01
879 3.415271e-04 8.029211e-02
880 6.252071e-06 1.045469e-02
881 1.522566e-08 2.291223e-03
882 1.648118e-04 6.274185e-02
883 1.013491e-03 4.740135e-01
884 1.310467e-04 7.979512e-02
885 7.861231e-05 6.864694e-02
886 3.673514e-07 7.851709e-03
887 1.457714e-06 1.333179e-02
888 2.770916e-06 1.252757e-02
889 2.329871e-06 2.294181e-02
890 1.122419e-05 2.328087e-02
891 1.268330e-03 2.603177e-01
892 5.751544e-08 2.857469e-03
893 2.234170e-04 4.254810e-02
894 1.027899e-05 6.547506e-03
895 6.580989e-05 7.564204e-02
896 3.537318e-06 5.457091e-02
897 1.677106e-04 6.964012e-02
898 9.852316e-06 8.830890e-03
899 2.940793e-06 1.410065e-02
900 1.627675e-06 1.618492e-02
901 1.135006e-04 7.950632e-02
902 1.608472e-07 2.121124e-03
903 2.065449e-05 3.369475e-02
904 2.608801e-07 2.107772e-02
905 1.483441e-08 6.662436e-03
906 3.463158e-07 8.196966e-03
907 3.541723e-08 2.063957e-03
908 2.366275e-08 8.979339e-03
909 2.440338e-05 2.621067e-02
910 8.873641e-06 2.677513e-02
911 1.615938e-07 2.115287e-02
912 2.075573e-06 1.041574e-02
913 2.979051e-07 3.403514e-03
914 4.228064e-07 7.522529e-03
915 9.145194e-04 8.243506e-02
916 4.820129e-09 2.827196e-03
917 3.191180e-08 2.392848e-03
918 2.596534e-08 2.638956e-03
919 1.128646e-04 1.633682e-01
920 6.195594e-08 6.485423e-03
921 3.129952e-06 3.860112e-03
922 1.781487e-06 1.630770e-02
923 3.991883e-08 5.133192e-03
924 2.334471e-03 2.540202e-01
925 1.014249e-04 6.201680e-02
926 4.367488e-05 3.897604e-02
927 3.611821e-05 1.202619e-01
928 4.077652e-06 4.350508e-02
929 2.651987e-04 1.305431e-01
930 1.380341e-04 3.927019e-02
931 7.061505e-05 1.315233e-02
932 7.686712e-05 4.390611e-02
933 1.119178e-08 2.972530e-03
934 6.680369e-06 8.897141e-03
935 5.550085e-07 3.573556e-03
936 5.758391e-06 2.753503e-02
937 4.496000e-09 5.815670e-03
938 1.141516e-08 2.375374e-03
939 2.843347e-06 1.002645e-02
940 2.251991e-04 9.762484e-02
941 4.370099e-08 3.330533e-03
942 1.861198e-04 1.321642e-01
943 5.297025e-05 2.328521e-02
944 4.358934e-10 1.972726e-03
945 6.803592e-05 2.532798e-02
946 1.966825e-08 2.223504e-03
947 9.059112e-06 1.928279e-02
948 3.759704e-08 1.519883e-03
949 8.909039e-06 1.740133e-02
950 7.844510e-05 8.651178e-02
951 1.746346e-07 3.013621e-02
952 3.691871e-05 4.009165e-02
953 3.118371e-09 2.418444e-03
954 5.211979e-06 3.567127e-02
955 4.274711e-06 4.376504e-03
956 2.572047e-05 1.812256e-02
957 1.225070e-04 3.017484e-02
958 2.206322e-04 3.115960e-02
959 3.234098e-05 2.102872e-02
960 3.820952e-09 2.434559e-03
961 4.926954e-08 9.516373e-03
962 3.978538e-07 1.076213e-02
963 2.274936e-07 3.529186e-03
964 4.900634e-07 1.949152e-03
965 4.375006e-04 8.601601e-02
966 4.229783e-05 1.270960e-02
967 8.762595e-06 7.976695e-03
968 2.743015e-04 4.260874e-02
969 2.596237e-04 9.491974e-02
970 6.354361e-05 1.887456e-02
971 7.829930e-06 7.491153e-03
972 1.107606e-04 3.943339e-02
973 5.912854e-06 8.337767e-03
974 8.388071e-06 7.780098e-03
975 5.080241e-05 8.711118e-02
976 6.866956e-04 2.685907e-01
977 1.040369e-04 1.319753e-02
978 1.253463e-05 2.387265e-02
979 4.481724e-07 2.925551e-03
980 6.117972e-06 2.080563e-02
981 4.939193e-05 2.050431e-02
982 5.798052e-07 1.393639e-03
983 7.028503e-07 3.814913e-03
984 6.900444e-06 1.988560e-02
985 3.107968e-05 6.036032e-02
986 1.251468e-03 3.249989e-01
987 2.079783e-07 6.195135e-03
988 4.592783e-08 2.066268e-03
989 2.019747e-04 5.148736e-02
990 1.382488e-07 2.261207e-03
991 3.614755e-03 5.354497e-01
992 3.836203e-06 6.736888e-03
993 1.218176e-06 9.389384e-03
994 1.323499e-10 1.343349e-03
995 1.863689e-06 1.510295e-02
996 3.913237e-03 5.258580e-01
997 4.688303e-06 7.857450e-03
998 1.469749e-06 3.777262e-03
999 2.609882e-05 2.396002e-02
1000 2.202396e-10 1.344520e-03
1001 2.664495e-06 9.021053e-03
1002 7.736818e-05 9.495722e-02
1003 7.380167e-05 2.260906e-02
1004 1.792616e-05 3.576037e-02
1005 1.492076e-06 2.210771e-03
1006 4.739508e-04 1.371891e-01
1007 1.084703e-07 3.010386e-03
1008 1.276486e-04 2.536649e-02
1009 4.371541e-07 2.006092e-03
1010 3.165740e-05 2.026116e-02
1011 2.216279e-07 1.729273e-02
1012 7.544231e-05 2.501436e-01
1013 5.638286e-06 1.225617e-02
1014 6.928534e-06 8.373490e-03
1015 3.484279e-05 3.282457e-02
1016 3.542448e-05 1.476471e-02
1017 1.798758e-03 3.463339e-01
1018 1.065874e-04 9.782566e-02
1019 8.391743e-09 1.929760e-03
1020 1.049876e-07 1.103519e-02
1021 8.362139e-06 1.393370e-02
1022 4.595575e-09 1.414781e-03
1023 7.415313e-06 1.764536e-02
1024 3.768860e-05 1.195150e-02
1025 4.449809e-09 1.527227e-03
1026 1.635740e-09 1.937796e-03
1027 1.985087e-05 1.034150e-02
1028 2.137683e-04 9.608533e-02
1029 1.039651e-06 6.053960e-03
1030 1.014984e-07 3.057198e-03
1031 2.775132e-05 1.028903e-02
1032 2.664540e-04 3.103935e-01
1033 5.330161e-08 1.552948e-03
1034 7.813432e-05 2.900830e-02
1035 3.083536e-05 1.469631e-02
1036 3.166038e-04 1.429987e-01
1037 6.077332e-09 3.022059e-03
1038 1.666892e-06 3.064601e-03
1039 5.233647e-06 9.309362e-03
1040 8.193308e-08 3.096565e-03
1041 7.858000e-04 2.589128e-01
1042 1.026352e-06 7.707607e-03
1043 6.417707e-09 1.239233e-03
1044 8.259650e-07 3.546101e-03
1045 1.063688e-08 2.384979e-03
1046 7.041235e-11 1.277348e-03
1047 7.327508e-09 1.279533e-03
1048 3.758096e-07 4.695143e-03
1049 6.041467e-08 1.164586e-03
1050 4.074903e-03 7.191937e-01
1051 9.510634e-05 4.802497e-02
1052 1.816762e-06 2.867612e-03
1053 1.005102e-05 9.115191e-03
1054 2.311139e-08 1.868150e-03
1055 4.194678e-09 1.156761e-03
1056 3.244133e-06 8.800770e-03
1057 5.407101e-06 1.288194e-02
1058 1.705103e-07 1.565362e-03
1059 2.793350e-04 5.783707e-02
1060 1.772748e-08 1.476141e-03
1061 2.970978e-06 2.940445e-03
1062 3.333272e-09 1.140483e-03
1063 6.041566e-06 2.521777e-02
1064 1.888700e-04 5.297226e-02
1065 3.071730e-09 1.808133e-03
1066 7.156051e-09 1.188052e-03
1067 9.583946e-06 1.349137e-02
1068 6.663186e-07 1.807159e-03
1069 2.089452e-06 2.930972e-03
1070 2.411801e-08 1.192758e-03
1071 1.513266e-06 1.952136e-03
1072 2.520715e-07 2.549640e-03
1073 6.525001e-08 1.343585e-03
1074 3.644101e-08 1.906122e-03
1075 7.990557e-07 3.745421e-03
1076 9.141519e-07 4.111423e-03
1077 1.838089e-06 5.318222e-03
1078 1.407157e-05 1.332496e-02
1079 7.121152e-07 4.502630e-03
1080 1.301724e-04 5.731494e-02
1081 8.449147e-06 5.048352e-02
1082 1.713315e-06 3.664356e-03
1083 2.343113e-06 4.856265e-03
1084 1.056993e-08 1.204979e-03
1085 2.868834e-07 1.814314e-03
1086 4.585405e-07 3.001814e-03
1087 1.386505e-07 1.391034e-03
1088 1.211775e-05 7.635876e-03
1089 8.094642e-08 1.360847e-03
1090 2.817351e-09 1.204026e-03
1091 3.922631e-08 1.662327e-03
1092 1.918598e-06 2.270719e-03
1093 8.120715e-06 2.355026e-02
1094 1.437030e-05 1.462456e-02
1095 2.695592e-07 2.983417e-03
1096 5.974761e-05 3.348797e-02
1097 1.683209e-05 5.213767e-02
1098 6.647553e-07 8.043345e-03
1099 5.219598e-09 3.597449e-03
1100 1.189879e-09 1.118689e-03
1101 3.972900e-06 2.436293e-02
1102 9.907126e-07 1.195799e-02
1103 5.582125e-07 3.873809e-03
1104 3.113235e-05 2.926611e-02
1105 2.573960e-08 2.109279e-03
1106 1.790662e-03 3.803681e-01
1107 2.468082e-07 2.618068e-03
1108 7.951174e-07 8.197410e-03
1109 7.685370e-10 1.817743e-03
1110 1.809397e-06 1.042770e-02
1111 7.876005e-08 2.192625e-03
1112 3.066984e-10 1.790186e-03
1113 8.465204e-06 1.454998e-02
1114 7.508778e-05 1.926153e-02
1115 1.509826e-03 1.832621e-01
1116 5.893027e-10 1.968503e-03
1117 4.996086e-04 2.279698e-01
1118 1.642542e-06 5.053937e-03
1119 5.507593e-06 2.973270e-02
1120 1.565021e-04 7.052804e-02
1121 1.910840e-05 9.508646e-03
1122 9.213223e-06 2.031886e-02
1123 2.797604e-06 3.753772e-03
1124 2.844592e-06 1.445486e-02
1125 2.122677e-06 4.562174e-03
1126 2.739122e-07 6.916439e-03
1127 4.225380e-07 4.358121e-03
1128 1.786530e-04 4.429633e-02
1129 1.823936e-06 8.470118e-03
1130 1.592647e-06 1.230400e-02
1131 8.660446e-05 7.535515e-02
1132 1.525381e-05 1.255134e-02
1133 9.239630e-08 2.191727e-03
1134 2.046856e-04 7.996863e-02
1135 4.909211e-05 1.610682e-02
1136 6.979720e-04 1.109542e-01
1137 1.335018e-06 2.231006e-02
1138 3.747971e-09 1.865673e-03
1139 1.292287e-05 6.895442e-03
1140 3.937816e-10 2.155812e-03
1141 5.655773e-06 5.602811e-03
1142 3.369398e-04 7.172491e-02
1143 6.588363e-07 7.789737e-02
1144 1.445043e-08 6.471966e-03
1145 5.779160e-06 2.439203e-02
1146 1.483383e-03 4.974694e-01
1147 2.031053e-04 6.471802e-02
1148 1.346593e-07 2.421599e-03
1149 2.638698e-04 1.372403e-01
1150 1.423516e-09 2.359886e-03
1151 5.358361e-04 1.597917e-01
1152 3.902430e-04 1.008319e-01
1153 1.459512e-05 6.218188e-03
1154 5.901596e-09 1.933535e-03
1155 4.393144e-04 3.312313e-01
1156 5.303338e-07 2.759092e-03
1157 1.447271e-04 5.018624e-02
1158 3.950830e-06 5.750694e-03
1159 7.529714e-09 1.511617e-03
1160 1.217146e-06 2.963732e-03
1161 1.348175e-05 2.014678e-02
1162 1.095712e-04 2.294809e-01
1163 4.863040e-05 1.391474e-02
1164 3.414600e-05 5.607789e-02
1165 4.544267e-03 5.499666e-01
1166 2.130755e-03 7.453415e-02
1167 7.861681e-05 1.107584e-01
1168 5.907701e-05 4.294872e-02
1169 8.167747e-08 8.011357e-03
1170 7.260705e-07 6.113583e-03
1171 2.740305e-06 1.002730e-02
1172 4.819647e-05 8.385031e-02
1173 1.246140e-09 1.101199e-03
1174 9.152696e-04 2.937614e-01
1175 9.590081e-06 2.550497e-02
1176 1.101832e-09 1.778806e-03
1177 2.367468e-04 1.182440e-01
1178 7.521975e-04 3.078492e-01
1179 2.291577e-04 3.548244e-02
1180 9.397274e-06 8.506374e-03
1181 1.291875e-06 1.962256e-03
1182 1.367873e-05 8.914531e-03
1183 1.075709e-04 1.555322e-01
1184 2.449399e-04 4.737868e-02
1185 4.630331e-07 1.083523e-02
1186 9.375067e-04 1.207557e-01
1187 1.618649e-03 9.262361e-02
1188 1.596590e-06 2.168624e-03
1189 8.676182e-08 2.574201e-03
1190 2.957766e-10 1.991180e-03
1191 2.581175e-06 2.901332e-03
1192 1.139838e-04 1.210819e-01
1193 1.893729e-08 3.228613e-03
1194 1.816147e-05 2.652254e-02
1195 8.992068e-04 2.251850e-01
1196 2.540970e-07 5.328477e-03
1197 5.505079e-07 3.518945e-03
1198 1.905146e-06 2.441977e-03
1199 6.122609e-04 2.016381e-01
1200 1.422211e-03 1.989545e-01
1201 2.298467e-09 1.124706e-03
1202 3.694399e-05 2.237879e-02
1203 6.097245e-05 3.815635e-02
1204 2.314235e-06 6.943790e-03
1205 2.048379e-09 1.941508e-03
1206 1.287347e-03 1.129657e-01
1207 4.963857e-06 5.399307e-03
1208 7.187253e-06 6.045606e-03
1209 6.802785e-04 1.008910e-01
1210 9.703344e-05 5.381172e-02
1211 4.137331e-04 5.064600e-02
1212 1.832150e-07 3.740083e-03
1213 9.229971e-08 4.986176e-03
1214 8.352933e-05 1.353627e-02
1215 3.779694e-08 2.614603e-03
1216 2.728683e-08 2.219944e-03
1217 3.444870e-06 2.781098e-02
1218 4.638255e-06 5.449518e-03
1219 6.529008e-05 1.332592e-02
1220 1.406134e-05 2.378785e-02
1221 4.596622e-05 3.117909e-02
1222 2.696728e-06 2.342264e-02
1223 2.777167e-05 4.033876e-02
1224 7.415429e-06 9.239682e-03
1225 1.105684e-06 2.916949e-03
1226 1.244382e-07 1.832683e-03
1227 1.965746e-05 6.757902e-03
1228 1.641745e-04 2.106073e-02
1229 1.433698e-04 4.060406e-02
1230 8.872663e-07 7.488833e-03
1231 1.980481e-05 3.866669e-02
1232 2.887771e-09 5.677224e-03
1233 2.320743e-05 2.391395e-02
1234 3.822595e-08 7.615031e-03
1235 1.586720e-05 5.245996e-02
1236 2.716040e-07 4.702313e-03
1237 6.632158e-04 1.680919e-01
1238 9.118061e-06 1.394747e-02
1239 1.650704e-06 6.860550e-03
1240 1.871389e-06 4.106636e-03
1241 1.240661e-05 8.014633e-03
1242 9.230599e-04 3.006860e-01
1243 7.446383e-04 9.924743e-02
1244 9.795406e-08 3.595114e-03
1245 1.359080e-06 6.831096e-03
1246 6.395840e-09 2.013665e-03
1247 2.355839e-04 2.200653e-02
1248 6.361916e-05 5.692030e-02
1249 7.357868e-08 9.776975e-03
1250 2.693874e-07 6.201921e-03
1251 1.614242e-06 1.425345e-02
1252 1.034448e-05 6.034048e-03
1253 4.169711e-04 2.734297e-01
1254 4.102315e-07 5.354868e-03
1255 5.611912e-06 2.157641e-02
1256 2.705471e-05 6.266612e-03
1257 2.032916e-04 9.062162e-02
1258 1.590366e-07 4.837921e-03
1259 1.780988e-04 7.658026e-02
1260 7.181147e-05 2.699418e-01
1261 9.371056e-07 5.585073e-03
1262 6.090043e-06 2.140022e-02
1263 2.617889e-05 5.010215e-02
1264 7.530241e-07 3.170283e-02
1265 6.632105e-06 1.071856e-02
1266 1.622594e-06 3.484796e-02
1267 2.062671e-06 1.762063e-02
1268 1.050477e-06 9.122613e-03
1269 1.367868e-04 1.938051e-02
1270 4.521529e-03 8.616674e-01
1271 4.215899e-03 3.176849e-01
1272 2.996842e-08 1.267681e-03
1273 4.564878e-04 5.334088e-02
1274 2.832037e-05 1.919923e-02
1275 7.321622e-05 5.265566e-02
1276 2.988326e-03 2.966043e-01
1277 6.671860e-04 1.906641e-01
1278 1.282174e-03 2.922979e-01
1279 4.330290e-06 2.528870e-03
1280 2.125468e-04 1.574653e-01
1281 6.306975e-06 6.845828e-03
1282 3.227270e-04 5.196914e-02
1283 1.688511e-06 2.083531e-02
1284 2.524537e-06 4.699337e-03
1285 4.518803e-04 1.215206e-01
1286 1.340289e-08 3.201291e-03
1287 4.230246e-05 3.463219e-02
1288 1.648206e-04 3.768907e-02
1289 2.528866e-05 1.412834e-02
1290 7.529006e-06 2.945192e-02
1291 6.904612e-05 1.940451e-02
1292 2.642946e-04 3.647499e-01
1293 1.414574e-07 3.333126e-03
1294 5.127967e-07 5.780197e-03
1295 5.960315e-07 3.350562e-03
1296 3.570320e-06 1.297694e-02
1297 1.865684e-05 5.730627e-02
1298 7.384816e-06 1.403431e-02
1299 1.109520e-04 9.376115e-03
1300 8.546156e-08 2.821115e-03
1301 2.179489e-07 3.113443e-03
1302 7.467913e-04 7.063255e-02
1303 3.283532e-06 8.479050e-03
1304 3.638966e-06 8.399415e-03
1305 1.455101e-04 5.253915e-02
1306 1.826703e-04 2.968421e-02
1307 3.449936e-06 6.763899e-03
1308 2.729056e-08 2.542667e-03
1309 2.589105e-04 5.544533e-02
1310 5.889025e-10 1.448139e-03
1311 1.736132e-03 5.117302e-01
1312 4.820410e-04 1.496707e-01
1313 2.332036e-08 1.733680e-03
1314 2.415612e-06 8.519029e-03
1315 4.291124e-07 3.209302e-03
1316 1.232695e-07 2.193354e-03
1317 3.466646e-10 1.374749e-03
1318 2.380769e-04 5.742158e-02
1319 1.965658e-03 3.716555e-01
1320 3.444966e-06 3.942809e-03
1321 7.545758e-06 1.345180e-02
1322 7.410394e-10 1.135280e-03
1323 1.579454e-07 2.227178e-03
1324 6.729086e-04 1.343747e-01
1325 9.838392e-07 9.753335e-03
1326 1.073550e-04 8.410429e-03
1327 3.296330e-05 2.558621e-02
1328 3.200910e-07 2.674782e-03
1329 3.787049e-05 2.331435e-02
1330 1.278480e-06 8.207021e-03
1331 4.450375e-08 2.119639e-03
1332 1.277676e-07 1.447445e-03
1333 4.924921e-05 2.107124e-02
1334 1.633890e-05 1.315555e-02
1335 4.099726e-07 1.170109e-02
1336 1.284495e-05 7.035770e-03
1337 6.077846e-04 8.427951e-02
1338 1.388170e-06 7.284481e-03
1339 3.882299e-04 1.737842e-01
1340 2.267131e-05 1.393285e-02
1341 5.860875e-04 3.093892e-01
1342 3.395900e-08 2.468201e-03
1343 4.622849e-07 2.162936e-03
1344 8.416565e-07 3.411904e-03
1345 1.403484e-05 1.492514e-02
1346 6.605107e-06 2.840355e-02
1347 3.100775e-08 1.353791e-03
1348 3.696264e-04 4.724358e-02
1349 1.180931e-04 1.231439e-01
1350 2.671484e-05 1.182772e-02
1351 9.488966e-05 2.713265e-02
1352 4.556611e-05 1.199209e-02
1353 7.350659e-06 1.081923e-02
1354 2.262057e-07 4.945788e-03
1355 2.125715e-06 9.251185e-03
1356 5.985503e-06 2.683451e-02
1357 1.835649e-07 6.051820e-03
1358 8.357785e-06 6.749052e-03
1359 5.603353e-08 2.050212e-03
1360 3.143360e-07 4.125792e-03
1361 9.902002e-05 1.434288e-02
1362 4.813079e-04 1.116950e-01
1363 1.444504e-06 6.039337e-03
1364 1.494989e-04 4.064511e-02
1365 3.370941e-07 4.509830e-03
1366 2.296434e-06 4.495428e-03
1367 9.374372e-08 1.742745e-03
1368 2.535284e-04 5.626407e-02
1369 1.640867e-09 2.457514e-03
1370 1.546994e-08 1.643796e-03
1371 2.494377e-04 4.184595e-02
1372 1.587479e-07 4.188512e-03
1373 1.577011e-05 7.440277e-03
1374 1.930194e-07 3.369703e-03
1375 2.467590e-05 1.064247e-02
1376 1.615186e-03 5.558005e-01
1377 2.510036e-06 9.614000e-03
1378 4.423298e-08 1.430956e-03
1379 1.422826e-05 4.742101e-03
1380 3.044648e-03 3.596878e-01
1381 1.723611e-06 3.301981e-03
1382 1.501732e-07 1.278455e-03
1383 1.668815e-05 2.099689e-02
1384 3.793506e-07 4.612606e-03
1385 3.572853e-07 4.472190e-03
1386 2.136729e-06 5.727378e-03
1387 1.064448e-04 2.181228e-02
1388 8.783091e-06 7.263224e-03
1389 7.281784e-07 3.240390e-03
1390 3.293266e-07 3.084597e-03
1391 2.853474e-06 9.028901e-03
1392 1.124825e-07 1.997322e-03
1393 4.978476e-08 7.647171e-03
1394 5.289734e-07 6.390336e-03
1395 1.140135e-04 4.376079e-02
1396 1.599340e-04 3.793746e-02
1397 1.124608e-06 3.151443e-03
1398 5.841316e-05 2.010984e-02
1399 1.357686e-04 2.854213e-02
1400 3.208343e-07 4.666942e-03
1401 1.127208e-04 8.611990e-02
1402 1.832254e-06 4.543871e-03
1403 3.435442e-06 5.415418e-03
1404 3.893505e-08 2.381174e-03
1405 1.705937e-06 4.116912e-03
1406 8.284224e-05 1.660315e-02
1407 7.435769e-08 2.743501e-03
1408 3.575409e-03 4.568859e-01
1409 3.153198e-06 4.957172e-02
1410 1.635064e-06 1.102112e-02
1411 1.564339e-05 1.215437e-02
1412 7.050694e-09 4.384059e-03
1413 1.261128e-11 1.143511e-03
1414 3.495008e-08 2.433825e-03
1415 9.641787e-07 5.958366e-03
1416 3.021301e-08 2.990577e-03
1417 1.082277e-05 4.342079e-03
1418 2.698291e-06 4.977768e-03
1419 2.505522e-07 4.491042e-03
1420 1.552414e-05 2.365591e-02
1421 1.030132e-05 1.276055e-02
1422 3.502534e-05 2.811591e-02
1423 1.296889e-06 3.870180e-03
1424 7.302609e-06 6.800944e-03
1425 1.096029e-05 7.248632e-03
1426 2.373883e-05 7.944891e-03
1427 9.385423e-06 5.556865e-03
1428 8.471317e-06 7.229399e-03
1429 5.788598e-05 1.649766e-02
1430 1.055271e-03 1.472784e-01
1431 1.729880e-05 3.153779e-02
1432 1.027063e-05 1.745036e-02
1433 7.389492e-07 7.809621e-03
1434 2.002920e-06 3.599271e-03
1435 1.133680e-06 3.287982e-03
1436 2.919311e-05 8.404825e-03
1437 2.380125e-06 2.534126e-03
1438 1.834867e-05 1.017987e-02
1439 1.290783e-03 2.760999e-01
1440 1.884661e-07 2.799355e-03
1441 4.652294e-09 1.740145e-03
1442 5.933224e-07 7.256339e-03
1443 9.033161e-06 5.254035e-03
1444 1.470884e-05 6.786408e-03
1445 6.392816e-06 1.006301e-02
1446 2.553516e-05 1.266520e-02
1447 3.546460e-03 7.766726e-01
1448 8.215803e-06 3.603383e-03
1449 6.536249e-07 3.067144e-03
1450 1.027761e-05 1.329230e-02
1451 9.043224e-05 4.516276e-02
1452 6.072261e-04 1.208040e-01
1453 2.507394e-08 2.967345e-03
1454 4.807000e-07 3.931541e-03
1455 3.652596e-05 1.088299e-02
1456 9.642719e-07 1.828717e-03
1457 3.853704e-07 2.460962e-03
1458 8.001169e-07 2.752220e-03
1459 2.980365e-05 7.656972e-03
1460 1.820101e-05 1.725470e-02
1461 5.233815e-06 2.348741e-03
1462 2.124341e-06 2.125803e-03
1463 1.570558e-07 1.499133e-03
1464 5.597418e-08 2.047919e-03
1465 3.424963e-08 1.407195e-03
1466 7.993863e-06 2.241764e-02
1467 8.226405e-04 8.411667e-02
1468 4.678199e-06 8.143956e-03
1469 2.570907e-05 1.687459e-02
1470 8.215528e-09 3.689641e-03
1471 2.237756e-05 1.238560e-02
1472 1.914731e-07 6.283818e-03
1473 8.545999e-07 4.013360e-03
1474 2.563812e-06 1.690977e-02
1475 1.224019e-08 1.748842e-03
1476 7.465768e-06 2.026747e-02
1477 1.295863e-10 1.745330e-03
1478 1.017696e-05 1.612182e-02
1479 7.040066e-06 1.109430e-02
1480 1.696238e-05 4.557521e-02
1481 7.327413e-05 3.176241e-02
1482 2.140031e-05 1.490288e-02
1483 6.448266e-05 1.183228e-02
1484 1.028652e-03 1.905714e-01
1485 1.284216e-04 4.442156e-02
1486 6.492614e-04 1.666422e-01
1487 1.416603e-07 2.025953e-03
1488 1.855150e-05 2.703159e-02
1489 3.126839e-06 1.827905e-03
1490 2.106821e-06 3.444341e-03
1491 4.353978e-05 5.361586e-02
1492 3.480983e-07 6.742520e-03
1493 9.929640e-07 1.167114e-02
1494 5.183392e-07 2.937125e-03
1495 7.187189e-05 1.496956e-02
1496 1.808557e-06 4.425902e-03
1497 1.486893e-03 2.717358e-01
1498 1.320732e-06 5.275320e-03
1499 8.204675e-09 2.924967e-03
1500 4.523958e-05 7.639516e-03
1501 2.491984e-06 5.394408e-03
1502 5.440596e-04 1.099142e-01
1503 2.438588e-04 1.422746e-01
1504 7.107559e-05 1.896888e-02
1505 9.794524e-07 5.663890e-03
1506 1.902374e-05 6.967767e-03
1507 3.464435e-04 4.743773e-02
1508 1.248800e-03 2.592401e-01
1509 6.441988e-07 4.532495e-03
1510 9.748577e-07 8.437481e-03
1511 2.128244e-05 1.110036e-02
1512 2.996715e-06 7.510973e-03
1513 4.410375e-06 9.924462e-03
1514 1.142349e-07 6.423053e-03
1515 9.482913e-04 3.571868e-01
1516 6.263149e-06 1.208357e-02
1517 1.400613e-03 2.513611e-01
1518 1.591470e-05 8.110610e-03
1519 1.913211e-05 1.197952e-02
1520 1.267934e-06 1.860729e-03
1521 6.930100e-08 7.188327e-03
1522 1.620630e-04 5.104420e-02
1523 7.845500e-06 9.635685e-03
1524 1.033700e-05 1.812977e-02
1525 6.471841e-05 3.608560e-02
1526 8.741342e-07 1.208746e-02
1527 6.020950e-05 3.229333e-02
1528 1.478049e-05 1.176900e-02
1529 4.900241e-06 7.688662e-03
1530 6.532702e-07 1.485166e-02
1531 8.363440e-05 2.254022e-02
1532 6.650070e-07 5.034019e-03
1533 5.048969e-07 6.672623e-03
1534 1.632594e-05 1.159836e-02
1535 2.277512e-08 1.589712e-03
1536 7.473626e-07 2.714001e-03
1537 2.132243e-06 4.015685e-03
1538 5.487914e-07 4.075421e-03
1539 2.067954e-06 2.504591e-03
1540 4.234811e-05 2.869734e-02
1541 9.912048e-04 3.026508e-01
1542 8.371204e-05 8.886283e-02
1543 9.690085e-04 2.485924e-01
1544 5.590946e-06 9.531233e-03
1545 1.414847e-05 5.305731e-02
1546 9.317426e-06 8.413018e-03
1547 3.939261e-04 2.041454e-01
1548 1.408571e-05 1.877283e-02
1549 1.519023e-06 4.493233e-03
1550 2.372825e-08 4.406818e-03
1551 9.356533e-06 5.938982e-03
1552 5.088352e-05 1.818393e-01
1553 3.639616e-04 3.944296e-01
1554 2.704966e-06 9.960177e-03
1555 3.437026e-03 2.825264e-01
1556 7.172883e-06 1.672895e-02
1557 5.040652e-04 1.933076e-01
1558 3.381913e-03 1.564252e-01
1559 2.065033e-06 1.090133e-02
1560 5.477332e-04 1.039691e-01
1561 6.005214e-05 2.083990e-01
1562 3.625928e-08 6.922474e-03
1563 3.043940e-05 1.435217e-02
1564 9.564826e-04 2.708350e-01
1565 2.987518e-05 1.691074e-02
1566 2.321395e-07 5.324420e-03
1567 8.839849e-03 1.701759e+00
1568 2.736200e-07 1.439873e-02
1569 1.599925e-05 1.604916e-02
1570 1.003712e-03 5.181943e-01
1571 1.708671e-07 2.448895e-03
1572 1.804940e-04 3.544611e-02
1573 1.560090e-03 2.750634e-01
1574 2.976688e-05 1.900116e-02
1575 2.443044e-07 1.798126e-02
1576 1.330180e-04 7.343731e-02
1577 3.983483e-04 2.490212e-01
1578 1.643125e-04 4.380248e-02
1579 3.041119e-07 5.063836e-03
1580 8.034831e-04 4.673923e-01
1581 1.001812e-05 1.724644e-02
1582 2.432635e-06 3.936074e-03
1583 2.861125e-04 7.378763e-02
1584 7.414698e-07 1.469017e-02
1585 5.402968e-04 2.413498e-01
1586 4.531218e-06 1.188848e-02
1587 2.673530e-05 7.335378e-03
1588 1.994595e-05 2.163102e-02
1589 8.516236e-09 2.917331e-03
1590 7.046238e-06 4.182700e-03
1591 3.532310e-06 4.559361e-03
1592 1.193727e-05 6.317102e-03
1593 2.813367e-06 3.503166e-03
1594 2.152998e-05 1.493250e-02
1595 1.692831e-07 4.142646e-03
1596 3.852169e-07 3.062584e-02
1597 2.822234e-06 8.269604e-03
1598 2.542501e-05 1.200435e-02
1599 3.959568e-05 1.216532e-01
1600 2.731555e-06 1.041322e-02
1601 1.636226e-08 3.283849e-03
1602 7.321807e-04 6.723744e-01
1603 4.255780e-06 8.562060e-03
1604 7.707501e-05 1.651330e-02
1605 1.906088e-04 2.734464e-02
1606 2.781371e-04 2.302423e-01
1607 1.246737e-03 1.261958e-01
1608 6.940935e-07 4.872365e-03
1609 4.812066e-04 1.490238e-01
1610 4.935266e-04 3.877403e-01
1611 6.582539e-06 1.574917e-02
1612 2.455754e-05 5.733327e-03
1613 4.044288e-09 1.208005e-03
1614 3.358845e-05 3.216135e-02
1615 4.055872e-04 1.743345e-01
1616 2.870778e-07 2.641639e-03
1617 3.712691e-08 3.408791e-03
1618 4.220242e-07 2.656610e-03
1619 3.020340e-05 7.946849e-02
1620 1.092023e-05 5.499823e-02
1621 4.561816e-06 9.979218e-02
1622 1.343080e-05 1.899243e-02
1623 3.078627e-05 5.461101e-02
1624 2.123813e-03 3.258473e-01
1625 6.851775e-07 4.448560e-03
1626 3.303498e-04 6.091373e-02
1627 4.277279e-06 1.721268e-02
1628 9.374749e-04 8.899927e-02
1629 1.393349e-03 2.288560e-01
1630 2.466343e-04 3.294075e-01
1631 1.673651e-04 8.481176e-02
1632 3.140817e-05 6.806140e-02
1633 7.272841e-09 3.099423e-03
1634 6.575269e-07 6.759653e-03
1635 6.534017e-09 1.156616e-03
1636 6.887724e-09 2.940277e-03
1637 1.610896e-08 1.704799e-03
1638 6.769384e-08 3.089737e-03
1639 3.518045e-09 1.852018e-03
1640 7.958308e-05 4.608461e-02
1641 5.748492e-04 8.917370e-02
1642 1.222013e-03 4.261806e-01
1643 3.017943e-05 2.446916e-02
1644 6.660599e-06 9.647157e-03
1645 7.102692e-05 1.058373e-02
1646 4.654665e-03 9.048367e-01
1647 8.416362e-06 1.446998e-02
1648 1.352709e-06 4.023612e-03
1649 1.033635e-03 4.286972e-01
1650 2.356649e-04 5.976158e-02
1651 1.138440e-07 4.396648e-03
1652 2.697347e-04 9.339479e-02
1653 1.016097e-03 4.349117e-01
1654 7.039600e-06 2.289179e-02
1655 1.228549e-03 1.912267e-01
1656 9.127322e-06 1.762581e-02
1657 2.262877e-06 1.124357e-02
1658 2.853514e-06 5.007821e-03
1659 2.167023e-05 2.000674e-02
1660 5.160182e-04 6.797431e-02
1661 4.780306e-04 4.364973e-02
1662 2.611900e-05 1.178596e-02
1663 2.717302e-03 1.708137e-01
1664 1.079736e-05 1.244950e-02
1665 1.937077e-05 1.092191e-02
1666 2.003034e-04 7.907369e-02
1667 1.024563e-04 4.082152e-02
1668 1.151329e-08 8.892136e-04
1669 3.561631e-06 1.180008e-02
1670 2.103224e-06 3.579969e-03
1671 5.934683e-06 2.273547e-02
1672 1.027614e-04 1.632019e-01
1673 1.160870e-04 2.695384e-02
1674 9.855908e-06 1.003196e-02
1675 8.520208e-06 1.519265e-02
1676 6.865432e-07 2.826206e-03
1677 2.732955e-07 7.107117e-03
1678 2.308847e-07 3.653275e-03
1679 6.398325e-11 1.409524e-03
1680 9.283248e-05 7.178191e-02
1681 2.709302e-05 2.418189e-02
1682 1.349522e-04 2.204593e-02
1683 3.358064e-08 1.748574e-03
1684 2.570588e-07 3.665583e-03
1685 2.634421e-04 3.235904e-02
1686 3.667131e-04 1.026352e-01
1687 1.064261e-05 3.210685e-02
1688 1.586372e-03 1.179002e-01
1689 1.007148e-04 8.903707e-02
1690 4.542054e-08 1.772310e-03
1691 1.323215e-07 1.760291e-03
1692 5.984148e-06 5.695543e-03
1693 3.473092e-04 6.463851e-02
1694 2.911834e-05 4.635744e-02
1695 7.813060e-06 3.137743e-03
1696 9.385238e-04 2.770557e-01
1697 8.393127e-07 8.713784e-03
1698 2.067844e-03 2.039836e-01
1699 2.256045e-03 5.019273e-01
1700 5.102882e-07 4.241222e-03
1701 1.002424e-04 5.793287e-02
1702 2.431183e-05 8.632820e-02
1703 1.204407e-05 5.701643e-02
1704 3.013456e-07 1.622900e-03
1705 1.182871e-07 1.975507e-03
1706 9.725298e-07 2.548753e-03
1707 4.573273e-04 5.328797e-02
1708 2.685261e-08 8.066359e-03
1709 3.206340e-06 1.626022e-02
1710 1.215753e-06 1.152413e-02
1711 6.409154e-04 1.340350e-01
1712 2.342252e-04 7.228251e-02
1713 1.774035e-06 1.130804e-02
1714 1.645304e-04 5.290069e-02
1715 1.666417e-05 7.611981e-03
1716 1.142739e-07 4.411599e-03
1717 5.142803e-06 2.638185e-02
1718 1.332274e-05 1.289485e-02
1719 2.593808e-07 7.625520e-03
1720 1.967237e-06 9.381107e-03
1721 1.070216e-06 3.147908e-02
1722 5.857916e-07 8.427895e-03
1723 9.710181e-04 3.713538e-01
1724 2.196831e-06 3.194473e-03
1725 1.743861e-05 1.622560e-02
1726 7.790532e-04 1.084661e-01
1727 3.519225e-05 2.993669e-02
1728 1.217611e-03 2.005784e-01
1729 1.521405e-06 4.415754e-03
1730 1.513985e-03 1.377089e-01
1731 5.395197e-06 7.092026e-03
1732 1.085265e-07 1.904252e-03
1733 3.634052e-12 1.011506e-03
1734 3.342633e-04 3.735179e-02
1735 2.424438e-04 3.044106e-02
1736 7.835631e-11 1.148582e-03
1737 2.915819e-05 1.575279e-02
1738 2.400271e-06 3.460855e-03
1739 7.861041e-05 1.861510e-02
1740 1.615075e-04 7.775670e-02
1741 4.376291e-09 4.426954e-03
1742 5.719442e-05 1.083833e-01
1743 4.680351e-04 1.109325e-01
1744 4.625811e-05 3.667318e-02
1745 2.834222e-04 1.784672e-02
1746 2.120479e-07 2.704292e-03
1747 5.690972e-07 6.641215e-03
1748 1.332649e-03 5.401260e-01
1749 5.592945e-06 9.508806e-03
1750 6.470235e-06 8.939299e-03
1751 1.164432e-06 6.461296e-03
1752 3.844774e-08 2.140390e-03
1753 5.418855e-05 4.866609e-02
1754 1.698081e-06 5.365657e-03
1755 2.116515e-06 6.198840e-03
1756 2.828622e-06 1.966973e-02
1757 1.593136e-06 1.480282e-02
1758 1.621114e-03 1.873570e-01
1759 3.418500e-07 5.092627e-03
1760 4.451621e-04 3.367708e-01
1761 1.444746e-08 7.058291e-03
1762 1.179264e-06 4.131758e-03
1763 4.657739e-07 1.151632e-02
1764 2.011478e-06 6.875078e-03
1765 3.035556e-05 1.975280e-02
1766 8.272041e-07 4.346735e-03
1767 7.934385e-06 7.085352e-03
1768 1.383649e-04 4.784602e-02
1769 2.512742e-04 2.829240e-02
1770 9.592994e-07 8.499488e-03
1771 3.565215e-06 1.013102e-02
1772 1.107016e-03 3.092826e-01
1773 5.096601e-04 2.502040e-01
1774 1.229215e-08 2.933363e-03
1775 1.712122e-08 2.829120e-03
1776 6.301480e-07 1.935512e-02
1777 2.081908e-06 1.196946e-02
1778 7.499849e-07 7.152306e-03
1779 2.705099e-06 1.710241e-02
1780 4.542013e-08 2.811176e-03
1781 1.082829e-08 1.305021e-03
1782 3.086826e-08 3.172431e-03
1783 4.902684e-06 7.233019e-03
1784 6.244350e-05 2.760228e-02
1785 1.759646e-06 4.335804e-03
1786 2.890391e-05 3.246193e-02
1787 1.174806e-03 3.181095e-01
1788 3.205867e-08 4.439918e-03
1789 2.494651e-05 3.338307e-02
1790 6.976320e-07 2.219838e-03
1791 2.591280e-06 5.688189e-03
1792 5.360039e-06 6.404225e-03
1793 4.843965e-07 9.497226e-03
1794 2.211031e-04 8.019546e-02
1795 4.632437e-06 4.494332e-03
1796 1.336997e-03 3.843514e-01
1797 1.743842e-07 1.739205e-02
1798 8.030929e-07 6.437595e-03
1799 2.997922e-08 2.881032e-03
1800 1.552578e-05 5.516281e-02
1801 8.744354e-06 4.473943e-03
1802 1.617539e-05 3.859037e-02
1803 1.147822e-07 2.043295e-03
1804 3.561505e-06 2.579780e-03
1805 6.605068e-08 1.103178e-02
1806 4.682059e-06 5.557441e-03
1807 2.044037e-07 1.559929e-03
1808 5.239589e-04 6.583074e-01
1809 5.710901e-06 1.079053e-02
1810 3.982928e-04 1.769857e-01
1811 8.446484e-07 7.826680e-03
1812 8.650112e-08 5.930182e-03
1813 2.840174e-06 1.407976e-02
1814 5.826432e-08 2.829300e-03
1815 2.077707e-05 2.490994e-02
1816 1.865473e-05 2.279188e-02
1817 6.582192e-07 4.753741e-03
1818 7.566763e-07 4.810710e-03
1819 1.797440e-11 2.082380e-03
1820 8.502964e-08 1.593972e-03
1821 3.883482e-08 3.409865e-03
1822 5.342815e-04 1.431899e-01
1823 1.077113e-05 3.849451e-02
1824 7.802711e-06 4.574606e-02
1825 2.899826e-03 4.176098e-01
1826 2.864482e-04 1.515598e-01
1827 6.498408e-05 4.117543e-02
1828 1.486669e-04 2.253635e-02
1829 1.786786e-05 1.055321e-02
1830 3.843196e-07 3.018309e-03
1831 2.194391e-08 1.701935e-03
1832 5.361843e-06 1.453358e-02
1833 2.492786e-05 6.964755e-03
1834 9.650385e-07 3.531170e-03
1835 4.599634e-07 3.564586e-03
1836 1.611183e-03 2.838824e-01
1837 4.999671e-04 2.204733e-01
1838 4.226773e-05 9.662432e-03
1839 4.417381e-06 3.692628e-02
1840 6.261956e-05 3.525525e-02
1841 2.205017e-04 6.133061e-02
1842 1.821062e-06 6.811595e-03
1843 3.833435e-06 8.497488e-03
1844 1.160373e-07 2.754777e-03
1845 1.242392e-04 2.353960e-02
1846 2.861871e-09 3.506830e-03
1847 1.476186e-05 5.923673e-02
1848 2.328064e-08 2.205568e-03
1849 1.087109e-07 1.367055e-02
1850 1.010766e-07 1.478704e-02
1851 4.518469e-06 3.609903e-02
1852 1.161106e-05 1.596788e-02
1853 1.697548e-04 4.690872e-02
1854 4.650581e-05 1.131277e-01
1855 1.156646e-04 3.474888e-02
1856 7.650966e-09 2.267268e-03
1857 2.488611e-08 4.626201e-03
1858 6.836702e-07 3.515148e-03
1859 2.538210e-07 3.260692e-03
1860 2.205292e-06 2.211128e-02
1861 2.235471e-06 7.569309e-03
1862 1.421691e-03 3.284060e-01
1863 1.735444e-08 3.006423e-03
1864 1.117215e-06 2.633830e-03
1865 1.873861e-07 1.140341e-02
1866 1.400499e-04 7.233705e-02
1867 6.467038e-09 2.610854e-03
1868 3.382250e-05 8.391461e-03
1869 3.074112e-03 3.638882e-01
1870 1.016133e-06 5.944201e-03
1871 1.316970e-06 1.124379e-02
1872 7.822315e-09 7.173686e-03
1873 2.089823e-08 1.839402e-03
1874 1.331953e-06 2.143507e-03
1875 5.972046e-03 4.965771e-01
1876 3.614366e-08 2.420409e-03
1877 4.023052e-06 3.017840e-03
1878 5.452579e-07 6.520291e-03
1879 5.749717e-07 1.157901e-02
1880 2.674012e-05 2.824293e-02
1881 4.481067e-06 4.482673e-02
1882 4.999031e-08 3.946024e-03
1883 3.433172e-06 1.310166e-02
1884 4.388914e-04 1.448324e-01
1885 1.236512e-05 6.333703e-03
1886 2.689762e-04 1.601977e-02
1887 6.678357e-05 2.314371e-02
1888 3.240794e-06 3.143365e-03
1889 8.056214e-08 1.310498e-03
1890 6.864833e-06 1.160394e-02
1891 1.577414e-04 1.186346e-01
1892 3.368734e-06 1.448652e-02
1893 2.562721e-04 4.603295e-02
1894 3.066842e-03 7.329061e-01
1895 9.778896e-05 4.589154e-02
1896 4.806344e-04 8.969857e-02
1897 3.444402e-07 3.968990e-03
1898 1.728123e-05 4.758859e-02
1899 3.031941e-06 9.169710e-03
1900 7.320181e-04 9.615976e-02
1901 1.399679e-06 4.839441e-03
1902 5.288199e-08 1.849699e-03
1903 1.101012e-06 1.087364e-02
1904 3.043294e-06 7.879756e-03
1905 1.119432e-06 5.139427e-03
1906 2.200458e-06 5.352938e-03
1907 2.698533e-08 3.759932e-03
1908 5.894509e-07 1.680735e-03
1909 7.383183e-05 9.637220e-03
1910 1.910463e-04 7.399830e-02
1911 5.527692e-04 6.057099e-02
1912 4.363283e-05 6.863271e-02
1913 9.374767e-05 5.974924e-02
1914 2.978548e-06 4.682444e-03
1915 6.485665e-08 7.894157e-03
1916 1.255714e-03 6.604716e-01
1917 1.501105e-03 2.970424e-01
1918 2.805025e-05 3.082084e-02
1919 4.075428e-05 1.502278e-02
1920 5.524915e-05 2.277406e-02
1921 6.925653e-09 1.366761e-03
1922 4.428270e-06 4.098896e-03
1923 3.684355e-06 2.917508e-03
1924 1.428645e-06 2.349936e-03
1925 6.794303e-07 2.114540e-03
1926 4.918261e-04 1.248724e-01
1927 2.641414e-06 1.131281e-02
1928 5.387676e-08 1.790288e-03
1929 3.209902e-05 1.138164e-02
1930 4.283054e-06 1.729493e-02
1931 3.307951e-05 2.033590e-02
1932 2.007148e-06 3.350963e-02
1933 5.346540e-06 1.581773e-02
1934 9.720907e-05 6.310632e-02
1935 3.779015e-06 1.400085e-02
1936 2.747595e-06 1.245052e-02
1937 2.898600e-06 5.093227e-03
1938 6.626222e-09 2.010052e-03
1939 5.766773e-04 2.301966e-01
1940 9.251923e-07 2.249545e-02
1941 1.212529e-05 1.480963e-02
1942 1.354431e-04 7.464876e-02
1943 3.016885e-06 3.203939e-02
1944 1.120592e-03 1.675781e-01
1945 1.320109e-04 3.631155e-02
1946 1.546740e-05 5.729660e-03
1947 9.428251e-06 4.391850e-03
1948 5.654272e-09 1.707379e-03
1949 1.139691e-04 9.082901e-02
1950 1.416450e-04 2.563198e-02
1951 8.840117e-06 3.861966e-02
1952 8.665239e-06 6.952382e-03
1953 1.324574e-04 3.671760e-02
1954 9.145150e-05 7.391605e-02
1955 1.083087e-05 8.981523e-03
1956 3.182917e-05 5.026552e-02
1957 2.537204e-06 7.713980e-03
1958 2.168276e-05 1.952769e-02
1959 8.475957e-06 2.631806e-02
1960 2.876266e-05 2.847227e-02
1961 1.871350e-04 9.177082e-02
1962 2.200254e-04 4.255699e-02
1963 2.557693e-04 5.956855e-02
1964 1.561972e-06 3.932064e-03
1965 2.663603e-06 1.465412e-02
1966 1.538833e-06 6.628085e-03
1967 1.241477e-05 5.382234e-02
1968 1.586755e-08 2.102312e-03
1969 1.119993e-03 1.736949e-01
1970 8.075409e-05 6.453898e-02
1971 1.534527e-03 2.853213e-01
1972 7.628615e-05 1.075850e-02
1973 4.841407e-04 1.719197e-01
1974 1.486345e-07 4.235545e-03
1975 6.677087e-04 1.714285e-01
1976 4.067779e-04 7.908399e-02
1977 1.306093e-05 6.933207e-03
1978 6.561781e-08 4.043516e-03
1979 9.887767e-05 4.580302e-02
1980 5.222120e-05 6.017987e-03
1981 5.248352e-05 5.269811e-02
1982 4.711125e-07 2.781201e-03
1983 4.181988e-06 2.243560e-03
1984 3.769413e-06 2.753618e-02
1985 3.973587e-05 1.132613e-02
1986 1.060114e-05 5.349975e-03
1987 2.463050e-06 3.486231e-02
1988 2.928920e-04 1.712400e-01
1989 4.339462e-07 1.423469e-03
1990 4.308325e-06 4.790803e-03
1991 1.189827e-05 7.749210e-03
1992 3.058733e-03 3.235201e-01
1993 1.561949e-07 1.184297e-03
1994 1.697636e-07 1.251942e-03
1995 2.723282e-04 7.891693e-02
1996 7.184812e-06 5.412782e-03
1997 8.578959e-07 2.074684e-03
1998 1.216322e-04 1.215872e-02
1999 8.224120e-04 9.685172e-02
2000 1.411123e-06 2.560916e-03
2001 5.390096e-07 3.104376e-03
