2 6.702871e-04 9.209357e-02
3 4.236922e-03 3.114379e-01
4 9.228915e-04 1.460930e-01
5 2.103197e-04 7.187238e-02
6 3.585064e-03 5.216759e-01
7 8.697148e-04 8.487866e-02
8 2.986268e-04 4.715198e-02
9 1.854753e-05 7.689763e-03
10 4.547233e-04 2.452194e-02
11 2.939280e-03 1.982686e-01
12 1.121549e-04 9.919935e-03
13 3.676317e-03 2.099643e-01
14 2.321200e-04 5.338336e-02
15 2.910051e-04 4.024076e-02
16 1.918122e-04 4.834957e-02
17 4.343413e-05 9.471541e-03
18 1.550403e-04 7.988317e-02
19 3.893203e-03 1.780249e-01
20 2.312013e-03 2.121745e-01
21 6.054823e-04 6.308976e-02
22 8.959293e-05 2.314526e-02
23 5.136659e-03 1.924450e-01
24 1.300246e-03 1.310748e-01
25 2.699638e-04 2.104078e-02
26 2.979010e-03 3.138920e-01
27 2.874977e-04 3.414898e-02
28 2.010396e-04 1.836966e-02
29 2.214096e-03 3.122804e-01
30 1.228929e-05 7.180759e-03
31 9.313875e-05 2.426005e-02
32 8.474148e-04 1.435842e-01
33 1.300367e-04 9.032186e-03
34 1.387659e-05 5.126403e-03
35 8.600386e-04 1.268842e-01
36 1.673566e-04 2.259047e-02
37 2.038305e-03 2.783891e-01
38 4.465684e-03 3.524506e-01
39 1.478417e-03 3.449907e-01
40 1.176793e-03 1.260287e-01
41 6.832416e-06 6.560543e-03
42 2.576888e-03 3.041743e-01
43 5.165169e-05 9.748676e-03
44 3.417445e-06 2.693943e-03
45 1.963732e-06 2.594291e-03
46 2.137835e-07 1.414513e-03
47 6.546081e-06 5.957006e-03
48 1.162590e-05 6.598697e-03
49 1.239676e-05 8.703381e-03
50 5.740062e-05 2.654169e-02
51 6.190376e-07 3.052945e-03
52 4.722003e-06 5.405704e-03
53 4.358101e-06 5.420807e-03
54 1.689587e-06 4.170558e-03
55 2.175024e-06 3.248074e-03
56 5.014914e-05 1.339738e-02
57 1.482358e-04 1.495788e-02
58 2.643407e-07 1.700740e-03
59 9.576632e-06 8.744210e-03
60 3.229317e-07 2.268190e-03
61 1.087410e-06 4.102780e-03
62 8.623329e-08 1.234568e-03
63 4.325600e-06 5.267331e-03
64 4.959261e-05 1.077972e-02
65 1.767451e-06 2.305457e-03
66 1.139348e-05 4.551846e-03
67 4.030143e-06 4.657214e-03
68 3.325419e-05 8.841332e-03
69 2.356856e-05 6.101299e-03
70 2.003855e-03 1.434231e-01
71 2.564907e-07 4.405076e-03
72 1.336376e-04 9.020071e-03
73 3.135591e-06 3.332320e-03
74 1.962114e-06 5.534231e-03
75 6.577073e-06 5.316460e-03
76 4.972706e-06 5.701621e-03
77 3.706527e-06 3.920303e-03
78 1.451253e-04 2.107193e-02
79 8.543795e-05 9.602822e-03
80 1.647903e-04 5.261377e-02
81 2.600357e-06 2.982229e-03
82 4.298646e-05 3.213160e-02
83 8.643124e-07 2.485959e-03
84 1.405856e-05 1.208323e-02
85 1.447733e-06 7.554321e-03
86 2.533182e-05 8.782649e-03
87 6.278205e-04 6.864350e-02
88 4.600669e-07 2.760712e-03
89 2.014958e-04 1.338185e-02
90 1.152855e-04 9.775123e-02
91 1.342618e-04 1.022747e-02
92 2.521910e-04 5.254791e-02
93 1.538374e-04 1.814783e-02
94 1.847693e-05 8.207639e-03
95 1.259505e-06 5.293825e-03
96 3.541197e-05 6.331307e-03
97 2.381953e-05 1.074326e-02
98 2.343925e-05 5.309242e-03
99 1.234678e-03 2.118215e-01
100 4.367102e-03 2.457734e-01
101 2.782898e-04 8.206483e-02
102 4.191597e-05 4.837810e-03
103 9.132536e-04 9.433855e-02
104 5.245516e-06 2.434716e-02
105 2.285330e-04 2.474323e-02
106 2.113474e-04 3.912174e-02
107 7.104255e-06 1.165603e-02
108 1.379234e-03 8.273390e-02
109 2.231399e-05 1.124488e-02
110 5.942147e-06 3.773615e-03
111 4.225750e-05 9.861081e-03
112 6.966360e-05 1.818119e-02
113 6.094212e-04 4.491894e-02
114 7.941666e-06 8.322298e-03
115 3.712382e-05 1.329272e-02
116 2.698409e-04 4.733765e-02
117 1.543643e-05 5.035095e-03
118 7.302942e-07 3.626270e-03
119 2.072262e-03 1.737623e-01
120 4.323613e-05 1.374507e-02
121 2.033220e-05 7.417594e-03
122 7.788446e-06 4.850531e-03
123 1.504830e-04 2.198435e-02
124 4.680933e-05 7.709368e-03
125 7.794089e-04 9.956183e-02
126 1.782877e-05 4.995090e-03
127 8.555852e-06 1.096141e-02
128 1.598050e-03 3.014140e-01
129 6.338692e-04 2.283679e-01
130 9.910970e-05 5.335033e-02
131 5.939785e-04 1.061996e-01
132 8.435206e-05 2.330730e-02
133 4.883448e-03 4.662434e-01
134 8.753801e-05 1.311349e-02
135 1.189605e-03 5.316013e-02
136 3.120931e-07 2.270908e-03
137 7.485736e-06 1.264779e-02
138 7.934831e-06 3.586758e-03
139 4.050054e-05 7.366372e-03
140 7.681329e-05 2.092463e-02
141 6.567797e-06 6.846529e-03
142 5.080640e-04 4.520858e-02
143 1.228354e-04 7.803664e-02
144 2.027389e-03 9.788433e-02
145 1.758856e-04 3.950304e-02
146 2.037650e-05 1.013061e-02
147 5.898029e-04 3.801502e-02
148 1.123332e-05 5.163516e-03
149 6.118741e-05 6.531372e-02
150 1.951117e-04 5.026832e-02
151 7.865672e-05 2.007661e-02
152 2.657723e-05 3.240776e-02
153 8.637160e-06 8.251029e-03
154 5.453032e-05 1.084924e-02
155 2.227846e-06 2.713829e-03
156 2.844471e-05 1.146498e-02
157 1.403946e-05 1.219129e-02
158 3.534316e-08 3.778532e-03
159 5.120661e-05 1.611363e-02
160 1.255427e-05 9.197878e-03
161 6.412512e-06 4.492375e-03
162 3.224351e-05 1.413459e-02
163 6.037848e-05 1.454269e-02
164 1.649160e-05 4.491270e-03
165 9.956937e-07 1.579555e-03
166 1.633913e-06 1.981378e-03
167 9.296060e-06 6.751041e-03
168 9.588225e-06 4.109150e-03
169 1.440434e-04 1.257806e-02
170 1.352324e-05 5.108917e-03
171 2.508918e-04 2.885382e-02
172 1.674164e-03 1.099123e-01
173 4.637863e-04 5.603621e-02
174 9.424589e-04 1.276440e-01
175 3.258071e-07 1.255411e-03
176 4.726484e-05 1.000593e-02
177 1.576370e-07 3.172810e-03
178 2.825062e-06 7.544649e-03
179 1.429702e-05 8.985155e-03
180 1.362059e-07 1.271065e-03
181 3.835651e-04 8.361412e-02
182 6.940411e-05 1.705949e-02
183 1.734196e-04 1.836288e-02
184 1.136198e-05 7.601116e-03
185 3.952965e-07 1.510179e-03
186 2.392277e-04 3.943867e-02
187 2.905941e-03 3.511947e-01
188 7.172629e-05 2.459046e-02
189 4.031408e-05 7.629305e-03
190 4.498245e-06 4.704191e-03
191 4.305777e-06 6.579423e-03
192 5.348250e-06 5.314606e-03
193 8.497791e-06 5.985673e-03
194 8.509589e-06 5.363839e-03
195 1.239536e-04 1.499027e-02
196 3.436984e-06 7.617200e-03
197 2.262406e-05 1.987076e-02
198 1.525260e-05 1.189534e-02
199 2.333434e-05 1.457104e-02
200 4.046812e-04 5.362555e-02
201 1.846184e-04 7.329083e-02
202 2.891184e-05 1.092903e-02
203 1.171706e-03 1.154080e-01
204 1.175768e-06 3.885571e-03
205 9.109948e-05 1.581063e-02
206 6.899650e-05 1.714553e-02
207 3.977203e-05 3.024744e-02
208 2.297475e-04 8.020889e-02
209 2.747996e-04 2.865369e-02
210 5.888728e-05 5.179409e-02
211 2.818353e-04 3.083002e-02
212 6.506251e-06 4.480286e-03
213 3.014277e-05 1.328734e-02
214 2.014263e-05 1.180695e-02
215 6.781543e-06 1.200671e-02
216 4.620733e-05 3.529357e-02
217 4.133823e-06 2.515013e-03
218 6.233000e-06 4.307446e-03
219 4.592645e-06 2.281270e-03
220 8.560951e-04 1.203774e-01
221 3.144693e-06 5.313756e-03
222 1.305502e-04 2.272157e-02
223 6.325252e-04 4.190365e-02
224 9.508750e-08 2.277121e-03
225 5.750840e-07 3.189406e-03
226 2.288608e-05 1.095154e-02
227 1.693037e-06 4.119379e-03
228 7.257484e-06 5.180556e-03
229 2.883104e-05 1.682999e-02
230 7.267007e-04 1.819690e-01
231 9.659249e-08 2.036530e-03
232 3.454632e-03 2.733205e-01
233 1.014855e-05 8.915162e-03
234 2.920199e-05 3.594177e-03
235 8.497060e-07 7.350957e-03
236 1.281085e-04 1.116324e-02
237 8.544388e-04 9.791859e-02
238 1.686093e-06 4.977774e-03
239 3.841789e-05 5.167178e-03
240 1.640514e-04 4.750507e-02
241 1.484030e-03 2.902850e-01
242 1.796556e-04 2.267040e-02
243 3.713024e-06 4.293884e-03
244 1.629793e-06 1.825390e-03
245 3.244301e-07 1.266072e-03
246 7.528620e-05 8.131565e-02
247 1.874407e-04 1.911478e-02
248 2.708906e-04 1.493191e-01
249 1.496585e-03 1.207683e-01
250 8.169452e-04 8.745658e-02
251 1.512867e-07 1.285577e-03
252 4.984067e-06 8.580407e-03
253 6.139956e-06 3.978198e-03
254 4.380833e-05 1.569813e-02
255 5.779835e-06 8.082561e-03
256 6.126665e-07 2.419015e-03
257 7.226138e-06 4.321163e-03
258 4.754859e-05 4.187912e-02
259 8.001172e-07 1.402137e-03
260 4.384088e-06 8.613260e-03
261 3.703499e-05 6.342931e-03
262 6.417921e-07 1.578151e-03
263 9.553007e-06 2.587911e-03
264 2.203008e-05 2.730921e-02
265 6.417278e-05 6.610867e-02
266 2.008910e-05 1.059672e-02
267 1.522719e-05 1.915517e-02
268 9.207433e-06 5.593411e-03
269 9.168930e-04 7.869069e-02
270 1.435215e-06 3.551648e-03
271 2.804711e-05 1.421831e-02
272 3.791459e-05 8.116668e-03
273 1.132782e-04 9.076135e-02
274 1.804192e-07 1.874178e-03
275 1.437969e-04 3.530805e-02
276 3.388648e-05 1.628974e-02
277 6.206227e-07 3.987083e-03
278 3.345703e-04 5.261190e-02
279 1.183496e-05 4.177951e-03
280 8.493002e-05 2.430866e-02
281 1.791078e-04 3.397361e-02
282 1.757489e-06 1.924505e-03
283 4.483677e-06 6.246577e-03
284 1.145063e-06 4.698746e-03
285 8.093329e-06 8.182334e-03
286 1.469858e-06 5.735363e-03
287 2.507687e-06 4.989787e-03
288 1.817304e-06 2.122550e-03
289 8.892729e-04 1.340976e-01
290 1.143426e-08 1.419575e-03
291 1.956874e-05 1.634281e-02
292 1.556225e-03 2.005791e-01
293 1.481833e-06 5.151374e-03
294 2.829741e-06 4.262757e-03
295 6.172519e-06 1.767017e-02
296 1.435621e-04 1.023767e-01
297 2.152668e-05 1.647572e-02
298 1.837939e-06 5.167730e-03
299 7.134102e-06 3.758706e-03
300 1.503163e-05 1.452020e-02
301 1.445487e-03 1.587496e-01
302 7.996417e-06 3.398395e-03
303 5.651074e-06 1.970800e-02
304 2.292265e-04 2.337212e-02
305 5.011320e-05 9.291904e-03
306 2.503057e-04 1.000900e-02
307 9.912013e-04 6.505193e-02
308 1.082767e-06 1.073836e-02
309 2.989424e-04 6.754691e-02
310 4.296426e-05 1.180894e-02
311 3.726853e-05 8.258756e-03
312 7.652403e-06 3.573929e-03
313 4.176874e-03 3.278837e-01
314 6.429570e-06 2.520384e-03
315 5.774451e-07 4.712658e-03
316 3.123549e-03 1.239083e-01
317 7.899107e-04 1.499770e-01
318 1.454474e-03 1.146189e-01
319 2.558912e-04 4.490643e-02
320 7.290390e-05 2.674709e-02
321 1.106534e-03 1.801006e-01
322 4.189782e-07 6.867334e-03
323 9.499395e-05 2.053313e-02
324 7.674695e-07 5.237707e-03
325 4.559985e-06 5.160852e-03
326 1.446114e-04 4.125673e-02
327 2.277087e-03 3.649914e-01
328 3.576205e-04 9.402065e-02
329 9.589255e-04 8.201369e-02
330 1.516714e-05 7.507902e-03
331 2.984456e-05 2.341258e-02
332 8.128205e-04 1.759119e-01
333 1.375295e-05 1.599768e-02
334 7.754441e-05 4.163522e-02
335 1.146914e-07 2.156980e-03
336 3.036719e-05 7.756953e-03
337 4.870822e-05 1.119872e-02
338 4.492342e-04 2.697772e-02
339 1.072573e-03 1.087001e-01
340 3.598747e-05 1.308933e-02
341 1.724077e-05 9.563713e-03
342 1.207761e-05 4.730381e-03
343 1.007601e-04 3.600600e-02
344 2.264171e-05 6.669277e-03
345 2.622292e-03 1.728836e-01
346 5.942497e-04 1.142704e-01
347 2.347278e-06 4.045975e-03
348 1.828509e-04 2.217277e-02
349 7.900049e-06 6.564216e-03
350 3.482430e-06 2.813745e-03
351 4.022883e-03 4.143590e-01
352 1.032363e-03 1.507270e-01
353 8.030196e-07 1.254960e-03
354 1.214398e-04 8.395026e-02
355 1.438518e-05 2.028078e-02
356 6.892706e-04 5.101855e-02
357 1.255382e-04 4.897543e-02
358 1.362081e-05 3.500398e-03
359 1.671450e-05 1.099516e-02
360 8.176225e-04 3.592881e-02
361 5.890039e-04 7.238877e-02
362 1.739198e-04 2.986598e-02
363 1.164962e-04 2.222889e-02
364 8.201155e-05 4.701414e-02
365 1.613511e-04 3.436823e-02
366 1.191634e-04 1.691455e-02
367 2.220465e-05 1.634492e-02
368 1.088752e-05 1.098188e-02
369 3.356768e-05 9.399442e-03
370 2.111985e-05 1.529223e-02
371 4.486008e-04 7.258043e-02
372 2.062193e-05 3.605806e-02
373 1.555455e-04 3.347790e-02
374 9.057489e-07 6.292034e-03
375 6.017642e-07 1.344939e-03
376 4.456936e-06 3.294011e-03
377 1.105953e-03 1.062776e-01
378 9.835920e-05 1.182064e-02
379 1.418403e-05 2.498283e-03
380 3.828123e-05 1.658727e-02
381 3.205152e-03 2.027284e-01
382 2.534631e-05 8.491189e-03
383 2.428436e-04 9.621887e-02
384 6.089173e-05 1.068759e-02
385 1.731080e-03 2.318079e-01
386 4.262119e-05 7.552553e-03
387 5.642578e-05 1.886842e-02
388 5.362977e-06 3.794292e-03
389 2.163630e-05 9.470658e-03
390 4.108711e-07 4.422813e-03
391 9.807501e-05 9.918287e-03
392 4.620848e-05 2.533487e-02
393 5.938286e-07 2.629145e-03
394 2.123667e-03 3.176577e-01
395 1.501207e-06 1.641072e-03
396 1.179607e-04 2.995433e-02
397 2.025972e-05 1.879259e-02
398 6.804609e-07 2.534986e-03
399 1.464190e-05 7.868470e-03
400 7.154409e-03 7.909352e-01
401 1.552238e-04 1.662941e-02
402 2.443467e-03 2.836012e-01
403 9.172007e-05 2.386488e-02
404 7.567529e-05 2.091964e-02
405 1.433333e-05 4.150848e-03
406 1.599961e-03 2.237834e-01
407 2.204692e-04 7.263012e-02
408 1.104260e-03 1.958270e-01
409 2.298161e-04 5.973672e-02
410 1.196294e-05 1.400510e-02
411 5.544284e-05 1.118914e-02
412 8.432294e-06 1.096738e-02
413 1.792742e-03 1.515380e-01
414 2.426577e-05 7.502299e-03
415 1.210109e-06 1.892869e-03
416 4.897573e-04 9.734197e-02
417 4.206104e-06 2.201175e-03
418 1.917078e-03 8.031012e-02
419 1.888329e-03 3.245094e-01
420 9.147845e-06 7.176043e-03
421 6.624173e-05 1.047351e-02
422 5.997177e-05 2.400968e-02
423 5.971177e-05 5.956187e-03
424 1.887925e-04 2.245143e-02
425 1.535211e-05 8.564826e-03
426 8.162452e-06 3.556220e-03
427 2.428404e-04 1.154496e-01
428 9.342074e-05 1.631452e-02
429 7.404333e-04 8.043167e-02
430 1.575265e-06 1.586049e-03
431 1.411534e-06 4.124287e-03
432 3.759379e-04 8.847052e-02
433 2.961395e-07 1.244344e-03
434 9.837080e-06 4.680970e-03
435 3.207483e-06 5.142233e-03
436 5.906600e-07 2.319426e-03
437 3.165507e-04 8.075463e-02
438 2.181226e-06 5.666061e-03
439 2.707864e-06 4.264055e-03
440 1.686945e-06 4.182902e-03
441 1.160974e-04 3.569469e-02
442 1.325152e-05 6.154575e-03
443 6.655597e-06 4.625897e-03
444 1.269014e-04 3.697148e-02
445 1.199425e-04 6.515847e-02
446 2.713004e-05 1.449956e-02
447 9.243476e-07 2.420199e-03
448 2.900836e-06 2.387528e-03
449 7.495441e-07 2.304574e-03
450 4.133815e-06 3.346399e-03
451 1.748684e-06 1.261020e-03
452 3.124812e-05 7.249787e-03
453 1.052267e-05 3.822361e-03
454 3.340707e-05 2.825854e-02
455 2.698873e-04 4.971139e-02
456 3.375299e-06 5.458271e-03
457 7.652923e-05 1.876746e-02
458 5.303835e-04 2.327796e-02
459 2.478354e-04 2.591090e-02
460 3.396504e-06 3.384647e-03
461 7.350325e-05 3.139650e-02
462 1.037472e-03 7.639053e-02
463 4.741245e-05 5.530564e-02
464 9.652755e-06 4.583847e-03
465 5.110934e-07 1.786168e-03
466 2.189537e-07 2.705029e-03
467 9.357196e-04 6.844500e-02
468 2.313545e-07 5.902329e-03
469 1.549474e-04 3.705819e-02
470 1.882754e-05 1.350669e-02
471 1.188503e-04 1.709617e-02
472 1.306676e-05 3.764477e-03
473 4.515329e-05 9.428107e-03
474 1.087106e-06 4.029058e-03
475 1.273089e-04 1.874604e-02
476 5.500841e-07 2.248930e-03
477 1.815418e-04 2.309532e-02
478 1.749068e-07 3.573029e-03
479 4.974526e-07 1.824066e-03
480 2.485497e-05 9.957410e-03
481 5.114325e-06 7.952490e-03
482 4.765980e-04 9.906977e-02
483 1.163168e-07 1.183772e-03
484 1.256282e-06 1.889517e-03
485 2.744151e-04 7.278386e-02
486 1.339878e-05 4.575998e-03
487 3.048399e-04 5.874894e-02
488 3.455924e-05 5.067773e-03
489 3.027458e-05 8.930893e-03
490 1.058644e-04 3.779336e-02
491 1.933065e-05 9.519825e-03
492 5.362702e-06 3.728567e-03
493 4.561961e-06 2.205617e-03
494 5.562737e-05 2.544710e-02
495 6.766130e-04 5.748327e-02
496 1.115214e-03 1.261492e-01
497 2.208281e-04 1.018454e-01
498 9.150853e-05 3.533492e-02
499 7.411815e-06 7.192700e-03
500 3.195347e-06 9.589281e-03
501 2.063166e-03 1.954087e-01
502 5.630981e-05 1.463508e-02
503 2.268102e-04 3.119866e-02
504 2.080760e-03 1.744617e-01
505 1.780463e-05 5.710311e-03
506 3.498074e-05 1.159834e-02
507 7.219108e-06 8.849712e-03
508 6.408444e-05 9.916729e-03
509 1.091414e-03 2.466261e-01
510 4.939010e-06 9.591513e-03
511 4.528369e-06 4.567354e-03
512 1.582885e-06 1.950575e-03
513 8.461778e-05 2.435950e-02
514 2.896555e-05 1.883072e-02
515 1.727422e-04 5.086221e-02
516 1.919490e-04 4.889974e-02
517 2.756284e-05 5.788846e-03
518 4.188847e-06 4.364448e-03
519 2.236400e-05 9.449992e-03
520 1.365073e-07 1.492175e-03
521 2.804653e-05 2.506985e-02
522 2.549851e-06 3.003337e-03
523 2.766594e-06 7.375992e-03
524 1.540350e-04 3.959315e-02
525 3.991673e-04 4.012615e-02
526 1.902069e-05 1.520484e-02
527 1.293789e-03 1.064355e-01
528 1.673642e-04 9.636932e-03
529 4.392722e-04 5.098358e-02
530 1.116839e-04 1.153892e-02
531 1.926893e-08 1.573131e-03
532 4.175272e-06 9.095390e-03
533 2.161234e-06 2.586426e-03
534 2.924671e-04 6.717120e-02
535 8.485450e-04 1.313330e-01
536 3.882501e-05 3.060179e-02
537 1.446394e-03 1.633070e-01
538 1.658512e-04 8.657213e-02
539 1.154983e-04 4.665919e-02
540 1.440769e-05 2.598155e-02
541 4.241042e-03 1.965304e-01
542 1.420737e-05 9.373074e-03
543 4.440369e-06 2.293935e-03
544 1.882284e-04 3.281261e-02
545 4.831847e-06 9.184072e-03
546 4.486234e-05 1.304309e-02
547 1.200426e-04 3.810127e-02
548 1.678963e-05 1.097024e-02
549 1.944382e-05 2.738119e-02
550 8.075558e-07 5.826793e-03
551 2.846319e-05 6.187707e-03
552 1.279699e-06 2.573679e-03
553 1.256426e-05 6.659958e-03
554 3.883800e-07 3.011255e-03
555 8.012659e-05 5.894856e-02
556 1.760539e-05 6.001989e-03
557 3.260730e-04 4.659510e-02
558 5.354579e-06 7.958363e-03
559 1.766398e-04 2.666145e-02
560 2.519396e-06 3.243422e-03
561 3.163940e-05 3.164292e-02
562 2.071486e-06 1.543463e-03
563 6.038726e-03 5.496536e-01
564 1.591391e-03 3.992906e-01
565 7.835128e-06 2.817762e-03
566 6.345645e-05 1.314012e-02
567 2.061209e-04 3.508014e-02
568 3.546187e-04 6.363465e-02
569 4.540793e-05 7.856567e-03
570 1.582454e-04 3.815371e-02
571 1.812762e-04 1.779417e-02
572 4.494964e-04 3.403963e-02
573 3.104809e-04 4.836308e-02
574 1.711958e-05 4.429658e-03
575 4.224497e-06 3.865651e-03
576 1.362528e-05 8.127848e-03
577 3.938027e-07 2.668926e-03
578 1.454059e-06 3.628245e-03
579 7.522211e-05 1.010918e-02
580 2.290035e-06 5.773579e-03
581 2.473510e-04 4.677034e-02
582 2.550975e-05 1.404663e-02
583 4.644220e-03 2.323818e-01
584 2.531260e-04 2.890268e-02
585 5.895395e-05 3.337551e-02
586 1.064726e-04 2.785889e-02
587 1.335599e-05 8.866550e-03
588 4.264147e-05 5.152620e-02
589 6.550427e-05 9.982730e-03
590 9.265306e-06 1.136679e-02
591 6.517036e-05 2.406922e-02
592 2.176328e-03 2.577810e-01
593 1.365657e-05 8.442250e-03
594 1.769185e-04 6.886067e-02
595 1.133558e-05 4.889644e-03
596 3.457233e-07 1.340320e-03
597 3.990016e-06 2.007299e-03
598 3.097645e-04 2.814330e-02
599 7.262965e-05 1.436811e-02
600 1.670646e-05 3.756240e-03
601 5.837954e-06 3.856034e-03
602 8.783784e-05 1.422765e-02
603 9.370935e-05 1.914896e-02
604 1.243472e-06 2.009895e-03
605 3.571994e-04 3.012997e-02
606 6.473043e-05 1.238585e-02
607 3.387956e-06 4.860439e-03
608 1.562521e-05 8.973798e-03
609 3.717257e-05 1.146156e-02
610 1.254356e-04 9.851526e-03
611 2.244697e-06 2.415187e-03
612 4.025406e-05 3.176819e-02
613 1.958507e-06 5.245578e-03
614 2.180436e-06 5.162250e-03
615 6.760817e-07 5.919260e-03
616 6.698268e-05 8.626956e-03
617 2.874034e-05 1.278972e-02
618 2.879680e-06 8.273928e-03
619 7.488193e-06 5.701203e-03
620 1.252263e-06 3.757304e-03
621 3.263356e-06 3.170596e-03
622 6.818360e-04 6.162094e-02
623 7.088313e-05 1.116309e-02
624 1.406811e-05 3.880509e-03
625 2.289888e-05 1.044425e-02
626 1.107457e-05 5.750107e-03
627 2.382583e-06 3.448057e-03
628 1.646202e-04 1.478330e-02
629 5.025744e-06 1.721496e-03
630 4.194479e-05 7.658787e-03
631 3.536888e-05 8.730203e-03
632 3.439631e-07 1.235862e-03
633 1.071754e-03 2.140355e-01
634 6.606973e-05 1.767383e-02
635 5.986745e-06 8.270593e-03
636 4.223399e-06 2.027401e-02
637 1.555993e-05 1.104849e-02
638 1.223495e-06 2.081835e-03
639 2.279141e-07 1.544589e-03
640 5.182589e-07 2.372801e-03
641 5.139815e-07 1.493292e-03
642 2.948562e-06 5.065814e-03
643 1.655166e-04 6.610563e-02
644 4.087964e-04 3.506203e-02
645 3.072743e-04 2.887554e-02
646 1.419441e-05 1.377196e-02
647 1.139747e-05 4.714308e-03
648 6.047016e-05 2.538995e-02
649 1.993608e-03 1.420301e-01
650 9.630773e-06 3.977457e-03
651 4.052986e-06 8.247812e-03
652 1.496743e-04 3.010124e-02
653 2.061071e-07 4.727269e-03
654 2.392010e-05 4.237811e-03
655 3.288514e-05 7.678010e-03
656 1.283437e-06 2.700731e-03
657 5.985899e-05 1.277010e-02
658 7.803486e-05 1.784863e-02
659 6.679702e-05 1.113230e-02
660 3.231688e-04 6.450401e-02
661 3.716533e-06 5.335711e-03
662 1.301110e-04 2.469520e-02
663 1.381566e-03 2.883903e-01
664 1.712371e-04 2.507134e-02
665 1.257810e-06 8.550820e-03
666 2.976332e-05 8.854636e-03
667 3.002505e-05 3.809650e-03
668 4.936389e-04 4.117348e-02
669 1.504177e-04 4.000892e-02
670 4.362248e-06 9.171989e-03
671 2.513840e-05 1.759174e-02
672 3.869135e-05 2.264188e-02
673 2.709991e-05 8.709510e-03
674 2.570960e-06 1.903628e-03
675 6.213190e-04 1.080563e-01
676 1.434985e-05 4.846495e-03
677 3.236914e-08 1.337788e-03
678 7.265458e-06 4.765214e-03
679 3.750753e-04 7.455682e-02
680 3.155156e-05 1.839058e-02
681 2.390550e-04 2.491367e-02
682 2.416587e-05 5.781821e-03
683 4.357371e-05 2.781776e-02
684 5.878323e-05 1.473206e-02
685 3.114328e-07 2.154595e-03
686 1.939833e-05 1.663535e-02
687 2.067684e-03 2.813156e-01
688 4.875674e-05 1.869486e-02
689 2.977793e-06 9.728694e-03
690 1.141554e-06 1.966973e-03
691 3.913649e-04 3.394674e-02
692 2.983183e-06 2.712406e-03
693 2.012601e-05 1.659340e-02
694 2.122814e-04 3.619843e-02
695 1.539780e-03 8.004173e-02
696 2.325586e-03 3.143412e-01
697 9.528360e-06 7.021901e-03
698 2.417473e-04 1.106777e-01
699 3.809290e-07 1.512599e-03
700 5.223625e-05 3.653009e-02
701 7.547765e-05 1.255666e-02
702 2.072283e-07 1.220676e-03
703 3.804862e-06 3.912547e-03
704 6.036837e-08 1.310360e-03
705 1.373535e-04 2.655872e-02
706 9.867713e-07 1.630510e-03
707 3.135831e-04 2.486401e-02
708 1.518808e-07 4.992105e-03
709 2.741552e-07 2.933352e-03
710 1.341376e-05 5.741015e-03
711 1.248373e-07 1.196217e-03
712 2.026296e-06 4.345606e-03
713 1.030237e-05 6.070218e-03
714 2.077628e-07 2.439571e-03
715 3.151681e-05 9.170357e-03
716 6.098221e-05 8.418376e-03
717 7.775652e-06 4.904042e-03
718 6.861691e-08 2.640839e-03
719 2.263686e-03 1.637381e-01
720 2.606331e-08 1.187519e-03
721 5.768110e-06 2.245491e-03
722 8.097687e-08 2.729263e-03
723 1.764643e-05 1.527229e-02
724 4.398676e-06 3.073805e-03
725 2.820445e-07 1.451800e-03
726 1.116207e-04 1.777651e-02
727 5.595954e-07 4.336621e-03
728 1.166045e-05 5.921516e-03
729 6.160433e-06 7.106854e-03
730 3.678412e-06 2.489422e-03
731 2.212088e-04 5.271345e-02
732 3.423692e-08 1.362953e-03
733 3.790754e-09 9.156637e-04
734 9.013524e-07 2.838632e-03
735 1.395330e-06 3.296429e-03
736 3.034954e-05 7.085870e-03
737 6.751099e-08 1.360075e-03
738 3.209129e-04 5.571395e-02
739 1.856663e-06 3.382691e-03
740 4.732300e-05 1.315348e-02
741 7.488048e-06 7.797342e-03
742 7.692816e-05 1.065321e-02
743 3.491856e-03 2.295077e-01
744 7.624202e-07 2.621280e-03
745 9.681127e-07 2.463538e-03
746 3.750143e-05 9.817466e-03
747 4.676544e-05 7.111671e-03
748 4.438578e-04 3.167759e-02
749 5.714226e-04 1.470327e-01
750 4.303704e-05 5.559494e-03
751 2.100375e-05 9.977981e-03
752 8.711585e-07 1.911383e-03
753 1.865240e-06 2.920743e-03
754 4.837432e-04 6.254416e-02
755 1.155778e-04 1.212153e-02
756 1.255520e-04 1.089432e-02
757 6.444104e-07 1.500215e-03
758 3.705447e-05 9.834973e-03
759 1.612255e-04 9.206533e-03
760 2.517063e-06 2.145043e-03
761 1.061995e-04 9.389462e-03
762 2.121823e-05 1.121596e-02
763 1.251323e-07 1.955782e-03
764 8.237075e-06 9.468491e-03
765 6.211160e-08 1.043843e-02
766 1.325327e-06 5.299259e-03
767 2.847513e-06 5.301024e-03
768 6.796755e-05 8.863528e-03
769 3.802468e-06 6.762287e-03
770 8.625804e-05 2.760620e-02
771 1.500436e-06 3.301850e-03
772 3.131608e-08 1.548314e-03
773 9.284707e-06 1.569069e-02
774 1.585999e-06 1.890783e-03
775 4.145523e-04 6.224720e-02
776 2.295287e-04 3.100221e-02
777 1.162762e-04 1.278290e-02
778 1.793152e-05 2.046554e-02
779 1.745891e-04 3.501472e-02
780 2.839180e-05 9.041433e-03
781 7.918775e-05 2.538447e-02
782 1.548873e-05 2.838937e-03
783 3.666270e-05 6.587027e-03
784 5.560644e-07 5.889854e-03
785 4.996993e-05 7.746730e-03
786 5.996117e-05 1.702542e-02
787 5.220301e-05 1.139552e-02
788 1.248821e-04 1.253165e-02
789 7.619142e-07 1.333053e-03
790 9.640385e-04 3.608156e-02
791 1.696193e-05 5.957905e-03
792 6.615715e-06 4.385535e-03
793 1.326983e-05 7.145551e-03
794 7.037312e-06 4.256342e-03
795 2.350689e-03 3.590431e-01
796 3.777485e-07 3.108395e-03
797 1.477992e-03 1.043823e-01
798 2.365708e-03 1.620122e-01
799 5.715359e-06 3.490724e-03
800 9.649409e-05 9.508178e-03
801 5.535195e-06 3.936291e-03
802 3.776034e-05 3.102247e-02
803 5.563532e-04 2.974271e-02
804 1.237570e-04 1.013251e-02
805 5.016632e-06 3.891658e-03
806 1.069559e-03 4.278223e-02
807 1.399198e-04 4.319921e-02
808 1.346236e-05 3.106974e-03
809 1.470765e-03 1.710544e-01
810 2.229897e-05 5.972784e-03
811 1.358547e-04 2.245497e-02
812 3.855376e-06 6.654918e-03
813 5.493047e-06 5.477100e-03
814 1.631231e-05 7.615033e-03
815 6.919374e-05 2.024269e-02
816 5.456796e-04 4.383976e-02
817 2.129253e-03 2.050590e-01
818 5.778334e-06 3.266231e-03
819 2.597628e-04 7.908739e-02
820 2.355170e-04 2.162088e-02
821 5.656211e-05 2.268439e-02
822 3.976656e-07 3.537297e-03
823 7.288961e-06 8.954163e-03
824 1.717763e-04 1.638550e-02
825 1.144153e-04 2.034554e-02
826 1.494656e-05 5.774455e-03
827 3.888839e-06 3.418715e-03
828 2.232382e-04 2.289478e-02
829 6.876649e-05 9.483332e-03
830 4.802071e-04 6.750912e-02
831 1.662445e-05 6.258091e-03
832 2.307884e-05 5.347066e-03
833 1.183563e-05 2.036234e-02
834 2.202316e-05 1.894423e-02
835 8.904347e-07 2.222477e-03
836 1.155609e-07 1.022354e-03
837 1.639729e-05 1.397310e-02
838 9.526905e-06 2.866724e-03
839 6.950272e-06 1.379071e-02
840 7.716831e-05 3.195724e-02
841 8.488090e-05 1.558684e-02
842 1.496753e-03 2.049924e-01
843 8.459344e-05 1.562130e-02
844 5.588728e-05 3.249233e-02
845 2.951410e-05 3.123519e-02
846 6.086930e-05 6.607843e-03
847 2.365965e-05 7.065036e-03
848 1.975741e-04 5.711573e-02
849 3.707326e-06 5.387852e-03
850 7.014676e-03 2.691693e-01
851 1.270993e-05 7.837677e-03
852 1.691252e-03 1.167844e-01
853 2.417287e-04 7.272099e-02
854 2.331446e-04 5.882462e-02
855 9.418716e-05 9.945419e-02
856 8.569822e-05 2.279870e-02
857 2.105650e-03 1.180189e-01
858 2.427687e-05 1.851470e-02
859 2.810006e-07 3.840846e-03
860 8.565683e-05 3.288491e-02
861 2.711514e-07 1.631302e-03
862 8.201818e-06 1.549764e-02
863 1.857973e-04 1.559743e-02
864 6.085953e-06 6.657752e-03
865 1.931703e-04 3.879256e-02
866 1.277825e-03 7.638427e-02
867 1.733692e-03 1.784763e-01
868 4.536572e-06 6.010417e-03
869 2.423140e-05 3.158695e-02
870 5.308165e-05 3.640775e-02
871 1.536502e-04 2.224748e-02
872 2.455754e-04 1.391127e-01
873 1.457514e-04 6.234957e-02
874 4.924546e-04 7.315355e-02
875 7.128657e-06 4.861749e-03
876 3.899911e-09 1.062299e-03
877 4.072958e-06 9.200696e-03
878 9.226899e-04 1.335517e-01
879 2.810575e-04 4.125533e-02
880 1.136938e-05 9.180074e-03
881 1.023471e-07 2.282451e-03
882 2.276697e-04 4.303005e-02
883 2.374508e-03 1.839482e-01
884 1.887409e-04 4.800277e-02
885 4.319447e-04 4.360067e-02
886 2.013795e-06 7.791394e-03
887 2.902346e-05 1.210975e-02
888 1.187475e-05 1.167623e-02
889 2.821239e-05 2.211328e-02
890 5.172188e-05 2.209760e-02
891 8.224987e-04 1.273324e-01
892 8.121063e-07 2.825091e-03
893 1.960127e-04 2.966955e-02
894 3.577416e-06 5.772937e-03
895 2.476855e-04 4.201802e-02
896 2.015955e-05 5.365206e-02
897 1.464105e-04 4.105504e-02
898 1.956311e-05 6.918892e-03
899 7.465349e-06 1.353777e-02
900 3.730782e-05 1.370492e-02
901 3.048811e-04 4.638312e-02
902 1.664780e-06 2.001848e-03
903 1.011667e-04 2.705681e-02
904 1.469639e-06 2.090820e-02
905 2.410616e-06 6.579517e-03
906 8.164241e-06 7.842699e-03
907 9.897173e-07 2.006749e-03
908 1.673000e-06 8.908070e-03
909 7.906013e-05 1.963394e-02
910 1.394908e-04 1.727883e-02
911 1.142957e-05 2.087984e-02
912 6.095791e-06 9.681294e-03
913 6.381271e-07 3.331159e-03
914 1.128248e-06 7.437019e-03
915 1.424306e-04 2.894677e-02
916 2.976950e-07 2.817019e-03
917 6.312703e-08 2.381047e-03
918 1.511202e-07 2.619032e-03
919 5.715578e-04 1.356844e-01
920 3.688810e-07 6.459090e-03
921 7.417759e-06 3.204693e-03
922 1.365372e-05 1.566502e-02
923 2.078818e-07 5.125804e-03
924 4.987544e-04 1.091383e-01
925 1.211777e-04 3.910485e-02
926 6.477615e-05 3.134946e-02
927 5.451468e-04 8.245407e-02
928 5.283150e-05 3.978500e-02
929 2.091560e-03 5.753561e-02
930 1.334748e-04 3.120743e-02
931 1.113697e-05 1.128165e-02
932 2.463986e-04 3.003516e-02
933 6.293892e-07 2.960143e-03
934 3.287402e-05 6.395597e-03
935 1.324506e-06 3.485598e-03
936 6.963984e-05 1.868181e-02
937 6.635866e-07 5.799082e-03
938 1.815797e-06 2.341115e-03
939 1.005207e-05 9.258005e-03
940 1.699420e-04 8.444064e-02
941 8.042485e-06 3.175354e-03
942 3.876721e-04 9.797059e-02
943 2.875062e-05 1.764541e-02
944 3.142111e-08 1.972113e-03
945 1.418645e-04 1.477252e-02
946 8.639821e-07 2.200834e-03
947 2.806570e-05 1.623693e-02
948 2.461141e-07 1.499506e-03
949 1.897430e-05 1.513616e-02
950 1.231706e-04 6.052362e-02
951 1.512907e-05 2.983612e-02
952 9.522324e-05 3.345716e-02
953 8.274538e-08 2.416838e-03
954 4.887972e-05 3.206544e-02
955 4.135135e-06 3.647113e-03
956 6.371805e-05 1.267886e-02
957 7.690362e-05 1.945082e-02
958 1.003538e-04 1.357729e-02
959 4.555146e-05 1.811181e-02
960 7.399457e-07 2.414988e-03
961 3.091286e-06 9.406107e-03
962 3.946382e-06 1.062001e-02
963 1.923727e-06 3.423530e-03
964 2.526035e-06 1.786481e-03
965 2.046031e-04 1.540022e-02
966 2.900448e-05 5.442079e-03
967 1.954476e-05 7.425444e-03
968 1.479421e-04 2.100752e-02
969 2.978612e-04 4.505838e-02
970 8.010258e-05 1.301104e-02
971 1.053996e-05 6.644675e-03
972 4.195077e-05 2.992891e-02
973 1.454760e-05 6.824375e-03
974 2.215801e-05 4.484045e-03
975 5.887256e-04 6.423685e-02
976 2.656700e-03 1.651958e-01
977 6.361010e-05 7.904325e-03
978 5.704608e-05 2.040489e-02
979 4.713554e-06 2.769663e-03
980 5.971413e-05 1.849709e-02
981 5.069043e-05 1.055360e-02
982 7.672586e-07 1.322348e-03
983 2.110039e-06 3.714260e-03
984 2.153329e-05 1.814432e-02
985 1.168063e-04 5.120915e-02
986 7.344986e-04 1.898450e-01
987 3.627920e-06 6.036992e-03
988 1.183923e-06 2.008269e-03
989 1.488196e-04 1.530102e-02
990 3.019491e-06 2.098562e-03
991 2.461887e-03 2.238943e-01
992 2.690403e-05 5.801589e-03
993 2.073179e-05 8.630866e-03
994 2.004533e-08 1.342858e-03
995 8.097518e-06 1.453888e-02
996 2.227087e-03 2.477028e-01
997 2.137017e-05 7.040107e-03
998 3.541230e-06 3.316407e-03
999 4.716754e-05 1.450178e-02
1000 2.032082e-08 1.343871e-03
1001 2.740587e-06 8.605428e-03
1002 3.776570e-04 7.004222e-02
1003 1.207690e-04 1.126418e-02
1004 3.851965e-05 3.287079e-02
1005 2.257921e-06 1.883398e-03
1006 3.828804e-04 1.142170e-01
1007 2.339653e-06 2.912562e-03
1008 5.312022e-05 6.523257e-03
1009 1.178382e-06 1.919295e-03
1010 2.151586e-05 1.032195e-02
1011 9.533248e-06 1.714007e-02
1012 2.270830e-03 1.663311e-01
1013 1.486717e-05 1.051962e-02
1014 8.341996e-06 7.246811e-03
1015 1.018869e-04 2.716315e-02
1016 4.365906e-05 8.074569e-03
1017 2.598143e-03 4.927933e-02
1018 4.334056e-04 8.150137e-02
1019 2.862155e-07 1.920617e-03
1020 1.369756e-06 1.094770e-02
1021 5.259795e-06 1.300773e-02
1022 5.579484e-08 1.409437e-03
1023 2.454777e-05 1.623187e-02
1024 1.599652e-05 8.836350e-03
1025 2.141248e-07 1.519005e-03
1026 7.380524e-08 1.935396e-03
1027 2.834552e-05 7.766223e-03
1028 8.691278e-05 8.167718e-02
1029 4.482958e-05 4.451435e-03
1030 1.910575e-06 2.945098e-03
1031 2.344741e-05 8.777282e-03
1032 7.337289e-04 1.357864e-01
1033 1.778890e-07 1.540033e-03
1034 5.425348e-05 1.491887e-02
1035 2.094456e-05 1.137220e-02
1036 3.722874e-04 6.733120e-02
1037 3.627346e-07 3.008250e-03
1038 1.696285e-06 2.923004e-03
1039 2.714219e-05 6.866829e-03
1040 2.882984e-06 2.984366e-03
1041 1.002806e-03 7.783001e-02
1042 1.073341e-05 6.097331e-03
1043 1.216505e-07 1.232914e-03
1044 1.084837e-05 2.907462e-03
1045 1.303412e-06 2.354843e-03
1046 1.489274e-08 1.276819e-03
1047 1.565913e-07 1.272008e-03
1048 1.537066e-06 4.500648e-03
1049 1.238696e-07 1.149976e-03
1050 4.273599e-03 3.247073e-01
1051 6.130936e-05 3.445153e-02
1052 8.646311e-06 2.428384e-03
1053 2.183905e-05 6.211874e-03
1054 4.768874e-07 1.851198e-03
1055 2.011936e-07 1.150696e-03
1056 6.283024e-06 8.408926e-03
1057 3.199934e-05 1.036910e-02
1058 6.907241e-07 1.520307e-03
1059 1.324488e-04 2.371837e-02
1060 8.309018e-07 1.449857e-03
1061 8.383789e-06 2.380279e-03
1062 3.369261e-08 1.138547e-03
1063 3.212454e-05 2.340199e-02
1064 1.195115e-04 4.048987e-02
1065 5.262146e-08 1.804767e-03
1066 8.122868e-08 1.177609e-03
1067 9.343619e-06 1.192359e-02
1068 1.689313e-06 1.687957e-03
1069 3.204007e-06 2.578837e-03
1070 2.382975e-07 1.184906e-03
1071 1.054786e-06 1.646436e-03
1072 1.084692e-06 2.485422e-03
1073 4.514561e-07 1.316703e-03
1074 5.076205e-07 1.884428e-03
1075 2.474583e-06 3.619089e-03
1076 5.181122e-06 3.744704e-03
1077 1.441072e-05 4.845023e-03
1078 1.046265e-05 1.207182e-02
1079 3.924260e-06 4.320799e-03
1080 1.610589e-04 4.073412e-02
1081 9.043917e-05 4.076168e-02
1082 8.258585e-06 3.250348e-03
1083 2.164116e-05 3.744955e-03
1084 2.141174e-07 1.198341e-03
1085 3.061593e-06 1.671488e-03
1086 3.092798e-06 2.819752e-03
1087 5.938772e-07 1.347091e-03
1088 3.341414e-05 4.669889e-03
1089 8.262595e-07 1.272695e-03
1090 8.530155e-08 1.201123e-03
1091 2.207930e-06 1.578220e-03
1092 5.373319e-06 1.804497e-03
1093 9.507716e-05 1.930045e-02
1094 2.466120e-05 1.094977e-02
1095 4.133423e-06 2.706746e-03
1096 7.152632e-05 1.912059e-02
1097 1.234389e-04 4.515554e-02
1098 3.310068e-06 7.772521e-03
1099 4.032253e-07 3.589239e-03
1100 7.346577e-08 1.116178e-03
1101 1.369220e-05 2.342297e-02
1102 1.055837e-05 1.117294e-02
1103 5.822714e-06 3.678829e-03
1104 5.373533e-05 2.418898e-02
1105 5.102902e-07 2.098020e-03
1106 1.478963e-03 8.138052e-02
1107 6.156379e-07 2.565235e-03
1108 1.713506e-05 7.418783e-03
1109 4.098323e-08 1.814888e-03
1110 2.953528e-05 9.308704e-03
1111 1.798606e-06 2.117106e-03
1112 4.888701e-08 1.789349e-03
1113 1.710287e-05 1.318626e-02
1114 4.744430e-05 1.374717e-02
1115 8.587813e-04 1.105369e-01
1116 2.363080e-08 1.966715e-03
1117 5.516322e-04 1.198890e-01
1118 3.192100e-06 4.777896e-03
1119 6.077634e-05 2.607305e-02
1120 1.578790e-04 5.980734e-02
1121 9.111635e-06 5.537655e-03
1122 6.275301e-05 1.772544e-02
1123 3.067729e-06 3.472555e-03
1124 1.070937e-05 1.325704e-02
1125 6.151401e-06 3.725064e-03
1126 2.682419e-06 6.812823e-03
1127 8.628401e-07 4.308977e-03
1128 1.128758e-05 3.841984e-02
1129 2.870141e-05 5.048210e-03
1130 1.002664e-05 1.116372e-02
1131 2.728170e-04 6.120537e-02
1132 4.883228e-05 8.081897e-03
1133 2.171066e-06 2.075807e-03
1134 2.478450e-04 2.174571e-02
1135 4.145751e-05 8.630298e-03
1136 4.622931e-04 3.268819e-02
1137 3.039283e-05 2.147824e-02
1138 9.700076e-08 1.861705e-03
1139 1.437470e-05 5.517318e-03
1140 5.544661e-08 2.153844e-03
1141 1.565065e-05 4.714897e-03
1142 1.772318e-04 4.176523e-02
1143 4.752218e-04 6.909744e-02
1144 9.805315e-07 6.449143e-03
1145 4.835654e-05 2.263397e-02
1146 2.031271e-03 1.273932e-01
1147 2.046873e-04 4.210007e-02
1148 1.982239e-07 2.401781e-03
1149 8.837074e-04 6.136620e-02
1150 9.840338e-08 2.356339e-03
1151 7.864952e-04 4.872609e-02
1152 1.849160e-04 5.015262e-02
1153 3.792344e-06 5.244121e-03
1154 2.946056e-07 1.926482e-03
1155 1.416132e-03 9.294286e-02
1156 2.905592e-06 2.526723e-03
1157 1.271245e-04 1.953969e-02
1158 1.167680e-05 4.372691e-03
1159 1.400199e-07 1.508353e-03
1160 2.329045e-06 2.683688e-03
1161 1.763775e-05 1.854015e-02
1162 8.866965e-04 1.226735e-01
1163 5.725252e-05 6.615317e-03
1164 7.701572e-05 4.817668e-02
1165 1.204866e-03 2.493718e-01
1166 1.366854e-04 9.116056e-03
1167 6.346035e-04 9.879629e-02
1168 3.491116e-04 2.007221e-02
1169 2.964284e-06 7.843827e-03
1170 3.576266e-06 5.838295e-03
1171 5.389570e-06 9.618356e-03
1172 3.475083e-04 7.232445e-02
1173 1.998898e-08 1.100171e-03
1174 1.027283e-03 1.636010e-01
1175 1.771917e-04 1.849734e-02
1176 3.001903e-07 1.773304e-03
1177 1.142806e-03 4.434127e-02
1178 2.069466e-03 1.401223e-01
1179 4.196043e-05 1.453417e-02
1180 8.694040e-06 6.583701e-03
1181 3.600038e-06 1.718728e-03
1182 2.115638e-05 7.712967e-03
1183 4.025284e-04 6.136096e-02
1184 5.590484e-05 1.672429e-02
1185 5.893861e-06 1.041731e-02
1186 5.149471e-04 4.451616e-02
1187 2.122779e-04 1.862922e-02
1188 1.484836e-06 1.923178e-03
1189 7.314005e-07 2.529683e-03
1190 5.454786e-08 1.989088e-03
1191 5.239654e-06 2.377185e-03
1192 4.386800e-04 9.012956e-02
1193 6.498040e-07 3.196026e-03
1194 4.028164e-05 2.265761e-02
1195 8.527730e-04 7.961641e-02
1196 4.447821e-06 4.956959e-03
1197 3.002854e-06 3.356521e-03
1198 2.377676e-06 2.008477e-03
1199 8.106898e-04 6.756834e-02
1200 9.480168e-04 9.523945e-02
1201 2.096269e-08 1.123913e-03
1202 8.101729e-05 1.017161e-02
1203 5.142768e-05 3.174821e-02
1204 1.687034e-05 5.337722e-03
1205 5.493472e-09 1.940612e-03
1206 3.535546e-04 6.644193e-02
1207 1.173277e-05 4.179632e-03
1208 5.460596e-06 4.038729e-03
1209 3.521545e-04 4.228738e-02
1210 2.866693e-04 2.417689e-02
1211 1.057724e-04 1.947524e-02
1212 1.042510e-05 3.453363e-03
1213 2.583849e-06 4.879604e-03
1214 1.184310e-05 5.748830e-03
1215 1.381602e-06 2.543290e-03
1216 2.176109e-07 2.208829e-03
1217 1.086202e-05 2.681718e-02
1218 3.392393e-06 5.247059e-03
1219 5.756253e-05 1.099876e-02
1220 3.662703e-05 2.052638e-02
1221 3.530676e-05 1.771059e-02
1222 1.445369e-05 2.238396e-02
1223 2.835430e-04 2.587495e-02
1224 2.014673e-06 8.440290e-03
1225 7.276646e-06 2.388365e-03
1226 3.370175e-06 1.608852e-03
1227 1.476162e-05 4.646582e-03
1228 4.477351e-05 9.884506e-03
1229 9.784700e-05 1.918010e-02
1230 9.707636e-06 7.323853e-03
1231 1.390061e-04 3.205109e-02
1232 1.673928e-06 5.644543e-03
1233 7.144407e-05 1.916577e-02
1234 3.801037e-07 7.604430e-03
1235 1.024319e-04 4.806443e-02
1236 1.040244e-06 4.588719e-03
1237 3.379314e-04 1.155230e-01
1238 2.602488e-05 1.259334e-02
1239 5.518754e-06 6.268908e-03
1240 8.049987e-06 3.376758e-03
1241 3.263839e-05 4.450606e-03
1242 8.531636e-04 1.652917e-01
1243 1.916913e-04 3.471727e-02
1244 3.225149e-06 3.241444e-03
1245 4.627248e-06 5.959508e-03
1246 2.123896e-07 2.008183e-03
1247 9.371064e-06 3.903116e-03
1248 1.028030e-04 4.183661e-02
1249 2.165524e-06 9.726582e-03
1250 4.648492e-07 6.145355e-03
1251 9.472369e-06 1.377720e-02
1252 6.925514e-06 5.014093e-03
1253 1.384318e-03 1.737745e-01
1254 2.182558e-06 5.268494e-03
1255 1.122372e-04 1.903034e-02
1256 1.768499e-05 3.091293e-03
1257 1.652405e-04 6.677770e-02
1258 2.107568e-06 4.763573e-03
1259 4.447183e-04 3.943478e-02
1260 6.063957e-04 1.589590e-01
1261 1.562162e-05 4.388991e-03
1262 9.861310e-05 1.417590e-02
1263 1.140001e-04 4.125657e-02
1264 2.176112e-05 3.004734e-02
1265 1.289705e-05 8.326594e-03
1266 5.944090e-05 3.231074e-02
1267 1.820677e-05 1.706454e-02
1268 5.829779e-07 8.892267e-03
1269 5.348677e-05 9.853100e-03
1270 3.542135e-03 2.201805e-01
1271 1.015781e-03 6.259163e-02
1272 5.606911e-08 1.260780e-03
1273 1.864438e-04 2.782449e-02
1274 1.826608e-05 1.720118e-02
1275 3.394311e-04 3.263360e-02
1276 1.080153e-03 6.282922e-02
1277 6.489509e-04 7.952531e-02
1278 1.156243e-03 1.010395e-01
1279 2.030410e-06 2.172842e-03
1280 1.100937e-03 9.478854e-02
1281 2.192127e-05 4.906344e-03
1282 1.869167e-04 2.538944e-02
1283 1.555145e-05 1.951175e-02
1284 4.710315e-06 4.172839e-03
1285 3.847652e-04 4.676858e-02
1286 2.813651e-07 3.188390e-03
1287 9.279136e-05 1.461954e-02
1288 8.492153e-05 1.583505e-02
1289 2.756002e-05 1.057052e-02
1290 3.247222e-05 2.701595e-02
1291 6.588089e-05 7.145968e-03
1292 2.547118e-03 1.915190e-01
1293 2.799539e-07 3.292502e-03
1294 6.902689e-06 5.500326e-03
1295 3.079031e-06 3.132918e-03
1296 2.704313e-06 1.259887e-02
1297 5.053400e-05 4.853494e-02
1298 4.469024e-05 1.051554e-02
1299 2.660787e-05 4.183312e-03
1300 2.058724e-06 2.755463e-03
1301 9.199263e-07 3.014648e-03
1302 1.807576e-04 3.656070e-02
1303 1.008833e-05 6.885083e-03
1304 1.280667e-05 6.412947e-03
1305 2.300293e-04 2.375955e-02
1306 1.008118e-04 7.640317e-03
1307 6.405755e-06 4.594861e-03
1308 9.532260e-07 2.476550e-03
1309 9.726502e-05 3.624505e-02
1310 9.679323e-08 1.445032e-03
1311 2.833188e-03 2.094119e-01
1312 4.985846e-04 7.953504e-02
1313 3.638373e-07 1.690928e-03
1314 2.748370e-05 6.507981e-03
1315 4.833304e-06 2.779104e-03
1316 1.830737e-06 2.135017e-03
1317 2.338726e-07 1.370556e-03
1318 1.033022e-04 3.054639e-02
1319 6.828490e-04 1.259062e-01
1320 4.646216e-06 3.699247e-03
1321 7.572857e-06 1.258892e-02
1322 4.608424e-08 1.133290e-03
1323 4.542039e-06 2.029428e-03
1324 3.043539e-04 4.437130e-02
1325 4.328727e-06 9.325259e-03
1326 5.116881e-06 4.698177e-03
1327 5.765827e-05 2.046181e-02
1328 4.226856e-06 2.565221e-03
1329 1.602878e-04 1.364498e-02
1330 5.959565e-06 7.361574e-03
1331 5.253588e-07 2.076981e-03
1332 2.293286e-07 1.421547e-03
1333 5.505886e-05 1.092893e-02
1334 2.655971e-05 1.016950e-02
1335 1.552301e-06 1.158313e-02
1336 1.497436e-05 3.921200e-03
1337 2.457951e-04 9.895895e-03
1338 1.812320e-05 6.242587e-03
1339 3.311401e-04 2.580522e-02
1340 4.823556e-05 7.327423e-03
1341 2.151067e-03 1.523921e-01
1342 2.722624e-06 2.399436e-03
1343 1.802712e-06 2.057819e-03
1344 2.262615e-06 3.237699e-03
1345 1.130870e-05 1.285944e-02
1346 1.800680e-04 1.756650e-02
1347 1.154469e-07 1.341386e-03
1348 3.494399e-05 7.703696e-03
1349 3.976674e-04 9.218825e-02
1350 3.566771e-05 8.686646e-03
1351 6.051881e-05 8.280789e-03
1352 3.088911e-05 8.156683e-03
1353 6.268031e-06 9.753726e-03
1354 3.125058e-06 4.717298e-03
1355 3.500392e-05 7.632579e-03
1356 1.060937e-04 2.105296e-02
1357 1.188089e-06 5.941114e-03
1358 1.550960e-05 4.823097e-03
1359 3.145178e-07 2.025008e-03
1360 1.589845e-06 3.988163e-03
1361 3.674039e-05 8.345463e-03
1362 4.140625e-04 2.471210e-02
1363 1.582157e-05 5.479906e-03
1364 3.085463e-05 2.988474e-02
1365 2.863391e-06 4.244376e-03
1366 2.437001e-06 3.912142e-03
1367 6.549297e-07 1.706877e-03
1368 8.458014e-05 3.372334e-02
1369 1.687906e-08 2.456368e-03
1370 4.534113e-07 1.627066e-03
1371 1.961287e-04 2.103400e-02
1372 2.399048e-06 4.030485e-03
1373 1.944444e-05 4.323033e-03
1374 4.177787e-07 3.325557e-03
1375 1.312335e-05 7.153463e-03
1376 2.503176e-03 4.154382e-01
1377 1.503596e-05 8.264727e-03
1378 9.389278e-07 1.390200e-03
1379 1.666152e-05 3.238170e-03
1380 1.218512e-03 1.662008e-01
1381 2.315744e-06 3.094503e-03
1382 6.039358e-07 1.219370e-03
1383 2.202450e-05 1.782065e-02
1384 2.089330e-06 4.454932e-03
1385 1.360314e-06 4.355081e-03
1386 5.413923e-06 5.098841e-03
1387 3.633806e-05 5.648809e-03
1388 2.837150e-05 5.233903e-03
1389 1.156633e-06 3.067302e-03
1390 1.256947e-06 2.863488e-03
1391 1.947792e-05 7.482362e-03
1392 1.686591e-06 1.902421e-03
1393 1.257147e-06 7.586205e-03
1394 1.535178e-06 6.172065e-03
1395 1.038188e-04 3.423677e-02
1396 7.625434e-05 2.366865e-02
1397 3.179803e-06 2.804780e-03
1398 2.298598e-05 1.650254e-02
1399 2.962408e-05 1.908268e-02
1400 4.498124e-06 4.444476e-03
1401 5.013804e-04 5.725385e-02
1402 3.343141e-06 4.364855e-03
1403 6.843061e-06 4.487967e-03
1404 1.662811e-06 2.244604e-03
1405 9.486880e-07 3.806612e-03
1406 5.823143e-05 1.056361e-02
1407 1.342976e-06 2.687215e-03
1408 1.511102e-03 1.840208e-01
1409 6.982238e-05 4.641593e-02
1410 6.016872e-06 1.057288e-02
1411 4.054583e-05 9.680651e-03
1412 1.163372e-06 4.349182e-03
1413 1.203750e-08 1.143204e-03
1414 7.928275e-07 2.398495e-03
1415 8.397147e-06 5.483004e-03
1416 6.500069e-07 2.955183e-03
1417 1.482199e-05 2.810230e-03
1418 4.471187e-06 4.486306e-03
1419 3.520333e-06 4.301408e-03
1420 1.150268e-04 1.365046e-02
1421 2.583319e-05 1.078293e-02
1422 1.541375e-04 2.298013e-02
1423 1.027067e-06 3.786503e-03
1424 1.565697e-05 5.696915e-03
1425 1.565697e-05 5.696915e-03
1426 1.565697e-05 5.696915e-03
1427 9.409291e-06 4.257564e-03
1428 1.219710e-05 6.032546e-03
1429 4.727101e-05 1.001137e-02
1430 4.167205e-04 6.660855e-02
1431 5.252338e-05 2.883720e-02
1432 5.866940e-06 1.684272e-02
1433 4.283320e-06 7.125320e-03
1434 7.239070e-06 3.058919e-03
1435 2.072328e-06 3.053457e-03
1436 1.326041e-05 4.251524e-03
1437 1.856570e-06 2.231316e-03
1438 1.027662e-05 7.920005e-03
1439 6.150035e-04 1.230420e-01
1440 1.206556e-06 2.761993e-03
1441 4.322320e-07 1.722289e-03
1442 1.813492e-05 5.405231e-03
1443 1.634497e-05 4.171964e-03
1444 1.292291e-05 4.146255e-03
1445 2.684513e-05 7.415020e-03
1446 5.098469e-05 5.647273e-03
1447 3.242742e-03 2.988554e-01
1448 6.479828e-06 2.052404e-03
1449 5.586772e-07 2.966733e-03
1450 2.938803e-05 1.032966e-02
1451 1.835846e-04 2.127728e-02
1452 5.184661e-05 3.740675e-02
1453 1.166266e-07 2.950967e-03
1454 5.607432e-06 3.582554e-03
1455 3.738484e-05 5.910559e-03
1456 1.516642e-06 1.690485e-03
1457 1.978368e-06 2.066767e-03
1458 1.852493e-06 2.321881e-03
1459 6.174541e-06 5.021054e-03
1460 2.779134e-05 1.340728e-02
1461 2.586069e-06 1.901898e-03
1462 2.626334e-06 1.717024e-03
1463 5.904538e-07 1.452656e-03
1464 4.941364e-07 2.012185e-03
1465 3.617527e-07 1.389061e-03
1466 5.421529e-05 2.001751e-02
1467 1.978727e-04 9.456517e-03
1468 1.202092e-05 6.429710e-03
1469 4.482670e-05 1.016611e-02
1470 5.217169e-08 3.687524e-03
1471 2.786562e-05 8.306897e-03
1472 3.507218e-06 6.145895e-03
1473 2.650203e-06 3.626359e-03
1474 5.157165e-06 1.634712e-02
1475 1.097842e-07 1.744446e-03
1476 3.048093e-05 1.767137e-02
1477 7.360579e-09 1.744862e-03
1478 2.665717e-05 1.421658e-02
1479 2.665445e-05 9.764690e-03
1480 2.913641e-05 4.308845e-02
1481 1.807850e-05 2.682594e-02
1482 1.590342e-05 1.148388e-02
1483 1.426728e-05 4.771310e-03
1484 5.780772e-04 6.700825e-02
1485 5.832351e-05 2.550925e-02
1486 1.193141e-03 8.141595e-02
1487 7.489576e-07 1.967725e-03
1488 6.954585e-05 2.209358e-02
1489 1.527188e-06 1.469536e-03
1490 2.509986e-06 3.172845e-03
1491 6.431232e-05 4.049000e-02
1492 2.536776e-06 6.620690e-03
1493 4.110425e-06 1.145962e-02
1494 2.303973e-07 2.887705e-03
1495 7.919835e-05 7.870727e-03
1496 4.158538e-06 4.026756e-03
1497 3.822123e-04 8.929600e-02
1498 1.548777e-06 5.028806e-03
1499 1.739856e-07 2.920471e-03
1500 9.331609e-06 4.669528e-03
1501 3.778454e-06 4.909883e-03
1502 5.899378e-04 5.408418e-02
1503 4.041890e-04 8.571713e-02
1504 4.028276e-05 1.137727e-02
1505 5.659318e-06 5.497024e-03
1506 2.366104e-05 5.428562e-03
1507 9.588360e-05 1.284526e-02
1508 9.448002e-04 8.277915e-02
1509 1.663992e-06 4.341674e-03
1510 1.743383e-05 7.574649e-03
1511 2.955535e-05 6.376656e-03
1512 1.232615e-05 6.970738e-03
1513 2.791965e-05 6.843863e-03
1514 5.011554e-06 6.195688e-03
1515 2.360456e-03 2.019258e-01
1516 1.832839e-05 1.106898e-02
1517 1.617977e-03 8.787409e-02
1518 1.179731e-05 5.284607e-03
1519 6.405384e-06 9.400689e-03
1520 5.835065e-07 1.729287e-03
1521 3.464915e-06 7.051024e-03
1522 1.755092e-04 2.356592e-02
1523 1.235261e-05 8.678014e-03
1524 6.091252e-05 1.594147e-02
1525 1.684570e-04 2.458030e-02
1526 7.471349e-06 1.177789e-02
1527 4.350657e-05 1.321602e-02
1528 6.292015e-06 1.009546e-02
1529 1.868460e-05 5.679156e-03
1530 9.740418e-06 1.447180e-02
1531 6.445384e-05 1.145610e-02
1532 4.729821e-06 4.776695e-03
1533 6.547462e-06 6.353899e-03
1534 9.753376e-06 7.538747e-03
1535 3.880794e-07 1.562866e-03
1536 2.050152e-06 2.585672e-03
1537 6.112311e-06 3.588703e-03
1538 2.810933e-06 3.899334e-03
1539 2.571024e-06 2.130540e-03
1540 3.159806e-04 1.471051e-02
1541 1.057130e-03 1.595107e-01
1542 1.570420e-04 7.097082e-02
1543 2.140325e-04 1.313182e-01
1544 2.444916e-05 8.300576e-03
1545 6.640432e-04 3.924523e-02
1546 2.469407e-05 6.882579e-03
1547 9.825824e-04 1.166100e-01
1548 1.796535e-05 1.630938e-02
1549 9.139197e-06 4.055989e-03
1550 1.688371e-07 4.396454e-03
1551 6.339209e-06 5.150856e-03
1552 5.822584e-04 9.121835e-02
1553 2.508067e-03 2.672713e-01
1554 2.153248e-05 8.567214e-03
1555 2.145518e-03 1.033163e-01
1556 2.128826e-05 1.180225e-02
1557 4.481080e-04 6.310490e-02
1558 6.538744e-04 3.472612e-02
1559 1.477330e-05 1.025343e-02
1560 1.656740e-04 4.024794e-02
1561 9.085813e-04 8.598824e-02
1562 4.962207e-06 6.822072e-03
1563 1.877420e-05 9.853481e-03
1564 7.920848e-04 7.875857e-02
1565 2.261170e-05 1.386685e-02
1566 2.540704e-06 5.248966e-03
1567 7.162159e-03 5.564783e-01
1568 8.121373e-06 1.404597e-02
1569 6.652728e-05 6.394388e-03
1570 2.854739e-03 2.264635e-01
1571 5.634055e-06 2.074976e-03
1572 6.135250e-05 8.314259e-03
1573 9.817658e-04 1.383256e-01
1574 3.015560e-05 9.835462e-03
1575 9.887497e-06 1.768479e-02
1576 4.080400e-04 4.728967e-02
1577 5.351781e-04 1.673343e-01
1578 1.426842e-04 3.099366e-02
1579 9.647191e-06 4.587715e-03
1580 3.897560e-03 2.863331e-01
1581 6.686045e-05 1.357786e-02
1582 3.368627e-06 3.044083e-03
1583 2.340839e-04 4.372265e-02
1584 1.890522e-05 1.376482e-02
1585 1.152725e-03 1.309535e-01
1586 3.679555e-05 9.484322e-03
1587 2.352417e-05 2.663516e-03
1588 1.361117e-04 1.460089e-02
1589 5.756770e-08 2.907676e-03
1590 9.756413e-06 3.637988e-03
1591 1.433760e-06 4.342933e-03
1592 1.967994e-05 4.091073e-03
1593 4.766172e-06 2.960314e-03
1594 1.595275e-05 9.500393e-03
1595 1.380603e-06 4.105251e-03
1596 7.029979e-05 2.751694e-02
1597 1.091516e-05 7.589567e-03
1598 2.724987e-05 5.293817e-03
1599 2.121908e-04 1.083049e-01
1600 6.615019e-06 9.457361e-03
1601 7.317579e-07 3.276567e-03
1602 1.496569e-03 3.622207e-01
1603 4.653637e-06 7.470673e-03
1604 6.919126e-05 5.540054e-03
1605 5.716546e-05 5.882358e-03
1606 6.238713e-04 1.512530e-01
1607 1.871376e-03 7.009694e-02
1608 4.620636e-06 4.596946e-03
1609 4.373556e-04 4.568857e-02
1610 1.184419e-03 3.011632e-01
1611 4.199176e-05 1.195927e-02
1612 1.543618e-06 3.587250e-03
1613 7.385538e-08 1.206192e-03
1614 1.259671e-04 1.730899e-02
1615 4.095063e-04 1.198973e-01
1616 2.834761e-07 2.583321e-03
1617 1.908563e-07 3.389931e-03
1618 1.550143e-05 2.108714e-03
1619 5.062352e-04 6.484404e-02
1620 1.520567e-05 5.221417e-02
1621 3.614063e-05 9.868432e-02
1622 4.877125e-05 1.583442e-02
1623 1.676301e-04 4.677022e-02
1624 8.204049e-04 1.459254e-01
1625 5.448024e-07 4.341980e-03
1626 1.673967e-04 4.389416e-02
1627 4.183110e-05 1.503731e-02
1628 2.311004e-04 3.993991e-02
1629 1.945506e-03 1.139331e-01
1630 4.998309e-03 1.200966e-01
1631 1.357238e-04 6.981435e-02
1632 2.751405e-04 5.017354e-02
1633 3.833819e-07 3.076751e-03
1634 5.248083e-06 6.394082e-03
1635 1.348048e-07 1.146638e-03
1636 3.434527e-07 2.913115e-03
1637 7.457446e-07 1.660213e-03
1638 7.489434e-07 3.053668e-03
1639 2.552887e-07 1.846519e-03
1640 1.359698e-04 3.476264e-02
1641 3.755061e-04 4.016437e-02
1642 1.390073e-03 2.114672e-01
1643 6.287195e-06 2.292452e-02
1644 1.098180e-05 8.103820e-03
1645 1.319972e-05 5.060132e-03
1646 4.097415e-03 4.821846e-01
1647 3.034925e-05 1.232219e-02
1648 1.011859e-05 3.405809e-03
1649 1.428038e-03 1.736891e-01
1650 1.322949e-04 3.992510e-02
1651 4.340023e-06 4.021726e-03
1652 1.584055e-04 5.263049e-02
1653 1.147770e-03 1.227565e-01
1654 4.584459e-05 2.168838e-02
1655 8.441798e-04 8.590512e-02
1656 1.086924e-05 1.633451e-02
1657 8.332364e-06 1.049928e-02
1658 9.526095e-06 4.667913e-03
1659 6.642968e-05 1.271666e-02
1660 1.126960e-04 1.157217e-02
1661 1.476883e-04 2.094311e-02
1662 1.194431e-05 6.586130e-03
1663 4.338939e-04 6.588187e-02
1664 5.422527e-05 8.623691e-03
1665 5.344029e-05 8.014827e-03
1666 2.132656e-04 4.016791e-02
1667 1.681320e-05 3.017211e-02
1668 1.143724e-08 8.862289e-04
1669 8.004209e-06 1.114397e-02
1670 3.212025e-06 2.831898e-03
1671 9.545538e-05 1.835798e-02
1672 1.683022e-03 1.209996e-01
1673 1.109881e-04 1.495392e-02
1674 2.592762e-06 9.147209e-03
1675 5.575853e-05 1.085116e-02
1676 9.438050e-07 2.666908e-03
1677 2.337048e-06 6.993180e-03
1678 1.445580e-06 3.518333e-03
1679 6.490293e-08 1.408327e-03
1680 1.260408e-04 2.260578e-02
1681 9.329235e-05 2.036348e-02
1682 2.403774e-05 1.337397e-02
1683 1.316510e-06 1.710458e-03
1684 9.937313e-06 3.357516e-03
1685 4.265588e-05 1.319848e-02
1686 2.351091e-04 3.302552e-02
1687 7.332442e-05 2.856174e-02
1688 3.370271e-04 1.969183e-02
1689 3.186509e-04 4.788515e-02
1690 1.046913e-06 1.638648e-03
1691 1.318972e-06 1.708928e-03
1692 3.420542e-06 5.269135e-03
1693 2.762645e-04 2.261622e-02
1694 5.258168e-05 3.743464e-02
1695 1.636376e-05 2.267990e-03
1696 2.663830e-04 1.367097e-01
1697 4.702636e-06 8.112544e-03
1698 3.335999e-04 6.967211e-02
1699 3.317792e-03 2.423859e-01
1700 9.984421e-07 4.074368e-03
1701 6.421816e-05 3.753387e-02
1702 4.704569e-05 8.003015e-02
1703 6.041450e-05 5.374837e-02
1704 1.243551e-06 1.499357e-03
1705 1.628839e-06 1.924836e-03
1706 2.448483e-06 2.307448e-03
1707 3.616385e-05 3.823367e-02
1708 9.489536e-07 8.016864e-03
1709 9.396941e-05 1.272358e-02
1710 9.682042e-06 1.108744e-02
1711 8.332877e-04 4.800352e-02
1712 1.641624e-04 3.892236e-02
1713 2.218881e-05 7.731032e-03
1714 2.386913e-04 2.452929e-02
1715 3.492854e-06 5.821539e-03
1716 1.443967e-06 4.371192e-03
1717 1.003663e-04 2.138480e-02
1718 2.026295e-05 1.118718e-02
1719 3.355414e-06 7.484702e-03
1720 3.712148e-06 8.884573e-03
1721 3.204795e-05 3.037937e-02
1722 3.665328e-06 8.196600e-03
1723 2.403258e-03 1.845609e-01
1724 6.161204e-06 2.744178e-03
1725 3.213418e-05 1.338489e-02
1726 4.569814e-04 6.200275e-02
1727 1.450534e-04 2.248791e-02
1728 2.695566e-04 2.924469e-02
1729 9.569599e-06 3.703103e-03
1730 7.968709e-04 6.176483e-02
1731 1.209418e-05 6.040295e-03
1732 7.404953e-07 1.871859e-03
1733 7.247729e-09 1.011378e-03
1734 5.813022e-05 2.450047e-02
1735 1.262422e-04 2.023530e-02
1736 4.962527e-08 1.147354e-03
1737 6.662248e-05 1.278534e-02
1738 6.604514e-06 2.885986e-03
1739 3.187313e-05 1.126919e-02
1740 1.805218e-04 5.776898e-02
1741 4.455246e-07 4.416446e-03
1742 8.603898e-04 7.383225e-02
1743 2.465349e-04 3.459583e-02
1744 1.113369e-04 2.528059e-02
1745 3.317114e-05 8.527626e-03
1746 2.500438e-06 2.566005e-03
1747 2.444682e-06 6.491014e-03
1748 3.111351e-03 2.833665e-01
1749 4.244590e-06 8.393661e-03
1750 1.773381e-05 8.189997e-03
1751 9.139081e-06 6.158347e-03
1752 1.249670e-06 2.040170e-03
1753 1.843754e-04 3.517633e-02
1754 5.256956e-06 5.119763e-03
1755 2.609256e-06 5.930730e-03
1756 1.089513e-05 1.850337e-02
1757 8.263415e-06 1.412914e-02
1758 4.589227e-04 2.745358e-02
1759 6.120158e-06 4.689605e-03
1760 1.715062e-03 1.846033e-01
1761 1.393251e-06 7.003129e-03
1762 3.956249e-06 3.715172e-03
1763 2.668909e-06 1.114011e-02
1764 3.570511e-06 6.556699e-03
1765 1.961271e-05 1.689717e-02
1766 6.125703e-06 3.968603e-03
1767 1.499238e-05 5.495546e-03
1768 8.648753e-05 2.490579e-02
1769 2.277864e-05 1.563472e-02
1770 9.818047e-06 8.111777e-03
1771 1.814708e-05 9.111352e-03
1772 8.610594e-04 1.770963e-01
1773 8.901193e-04 1.313536e-01
1774 6.980301e-07 2.904841e-03
1775 1.594844e-06 2.763628e-03
1776 6.574751e-06 1.914412e-02
1777 5.568150e-05 1.018306e-02
1778 8.648811e-06 6.754339e-03
1779 4.256521e-05 1.615332e-02
1780 9.165891e-07 2.774271e-03
1781 3.942912e-08 1.302661e-03
1782 5.967637e-07 3.153053e-03
1783 3.308481e-06 6.621726e-03
1784 5.355077e-05 2.045641e-02
1785 8.700272e-06 3.546789e-03
1786 3.584445e-05 2.926004e-02
1787 1.281409e-03 8.457482e-02
1788 4.935868e-07 4.413340e-03
1789 3.988447e-05 3.040853e-02
1790 3.092467e-06 2.071403e-03
1791 9.191911e-06 4.520137e-03
1792 3.150195e-05 5.006111e-03
1793 1.706990e-06 9.404753e-03
1794 1.208883e-04 1.734126e-02
1795 1.184594e-05 3.107433e-03
1796 8.843646e-04 1.392540e-01
1797 1.245335e-05 1.709136e-02
1798 2.686287e-06 6.352104e-03
1799 9.380086e-06 2.444516e-03
1800 9.454134e-05 4.409811e-02
1801 5.671938e-06 3.437310e-03
1802 1.086667e-04 1.867754e-02
1803 4.180892e-07 1.986509e-03
1804 3.030014e-06 2.078456e-03
1805 2.202848e-07 1.100602e-02
1806 2.923669e-06 5.040068e-03
1807 1.008316e-06 1.494485e-03
1808 3.891052e-03 3.813732e-01
1809 1.137046e-05 9.020879e-03
1810 6.736063e-04 4.477105e-02
1811 7.223914e-06 7.484727e-03
1812 4.227421e-06 5.825505e-03
1813 8.837096e-05 1.064421e-02
1814 9.315291e-07 2.758007e-03
1815 2.749749e-05 2.147594e-02
1816 4.042960e-05 2.008003e-02
1817 1.721294e-05 3.819992e-03
1818 1.817918e-06 4.597598e-03
1819 2.930300e-08 2.081687e-03
1820 4.234675e-07 1.574400e-03
1821 4.318436e-07 3.378316e-03
1822 4.757297e-04 4.535090e-02
1823 2.030499e-05 3.726487e-02
1824 8.599278e-05 4.345998e-02
1825 1.503409e-03 1.012724e-01
1826 6.710556e-04 9.187654e-02
1827 1.522145e-04 2.360983e-02
1828 3.009651e-05 1.241073e-02
1829 7.891617e-06 8.260512e-03
1830 8.744970e-07 2.869017e-03
1831 4.704687e-07 1.680292e-03
1832 7.591712e-06 1.399575e-02
1833 5.924587e-06 5.830173e-03
1834 9.263825e-07 3.428760e-03
1835 6.495885e-07 3.490264e-03
1836 1.024447e-03 5.880244e-02
1837 1.048926e-03 1.269182e-01
1838 1.940654e-05 4.810753e-03
1839 9.415658e-05 3.116937e-02
1840 7.083204e-05 2.639539e-02
1841 1.518584e-04 3.517723e-02
1842 1.321272e-06 6.624647e-03
1843 1.296432e-05 7.726611e-03
1844 1.292278e-06 2.699503e-03
1845 2.816561e-05 1.606581e-02
1846 7.709364e-07 3.492424e-03
1847 1.568658e-04 5.031944e-02
1848 2.625447e-07 2.196739e-03
1849 3.517716e-06 1.353456e-02
1850 5.167820e-06 1.457706e-02
1851 1.559941e-05 3.496895e-02
1852 2.246739e-05 1.475113e-02
1853 1.505165e-04 2.658612e-02
1854 3.499744e-04 9.179004e-02
1855 2.455655e-05 2.806941e-02
1856 1.336271e-07 2.255927e-03
1857 1.824052e-06 4.521887e-03
1858 2.841555e-06 3.210468e-03
1859 1.436760e-06 3.121806e-03
1860 7.955375e-05 1.826173e-02
1861 2.596225e-06 7.261712e-03
1862 1.290366e-03 1.418926e-01
1863 1.899779e-06 2.943012e-03
1864 6.314282e-06 2.409942e-03
1865 1.956541e-05 1.105251e-02
1866 1.875929e-04 2.646089e-02
1867 1.009545e-07 2.605151e-03
1868 9.563986e-06 3.815320e-03
1869 5.549916e-04 1.353284e-01
1870 1.063074e-05 5.150077e-03
1871 4.219834e-06 1.058640e-02
1872 6.858928e-07 7.147139e-03
1873 4.517725e-07 1.815667e-03
1874 7.261739e-07 1.991396e-03
1875 1.886546e-03 8.329267e-02
1876 5.714769e-07 2.380807e-03
1877 2.102098e-06 2.732158e-03
1878 1.488935e-06 6.454538e-03
1879 7.813844e-06 1.119084e-02
1880 1.380307e-04 1.411933e-02
1881 2.857053e-05 4.372273e-02
1882 5.399444e-06 3.631148e-03
1883 2.891839e-05 1.114686e-02
1884 4.119864e-04 2.201293e-02
1885 2.869259e-06 5.654143e-03
1886 2.543393e-05 6.023210e-03
1887 1.166827e-04 1.512912e-02
1888 1.383306e-06 2.758027e-03
1889 1.138602e-06 1.260204e-03
1890 2.402034e-05 1.050637e-02
1891 2.611952e-04 8.941491e-02
1892 3.764028e-05 1.167868e-02
1893 1.457208e-04 2.690453e-02
1894 1.585675e-03 3.009589e-01
1895 8.457256e-05 3.693086e-02
1896 8.553844e-04 4.230783e-02
1897 1.949452e-06 3.858329e-03
1898 9.468958e-05 4.274525e-02
1899 1.772000e-05 7.642414e-03
1900 2.627323e-04 2.429931e-02
1901 1.647155e-05 3.234431e-03
1902 1.575746e-06 1.805291e-03
1903 3.572399e-05 9.373176e-03
1904 2.062360e-05 7.159276e-03
1905 1.842685e-05 4.434813e-03
1906 3.121449e-06 4.875283e-03
1907 2.992055e-07 3.746138e-03
1908 1.021607e-06 1.602003e-03
1909 2.343784e-05 4.501577e-03
1910 2.131017e-04 3.452628e-02
1911 1.216260e-04 1.526005e-02
1912 2.331811e-04 3.190933e-02
1913 7.280495e-04 3.249534e-02
1914 8.802652e-06 4.045029e-03
1915 2.216266e-06 7.847833e-03
1916 3.648432e-03 2.807835e-01
1917 3.233369e-04 2.023101e-01
1918 7.927514e-05 2.626041e-02
1919 2.453544e-05 1.020936e-02
1920 4.644834e-05 5.574896e-03
1921 3.769855e-07 1.347913e-03
1922 7.750274e-06 3.376704e-03
1923 2.754120e-06 2.081566e-03
1924 7.973335e-07 2.220647e-03
1925 2.790708e-06 1.946670e-03
1926 5.316546e-04 5.605866e-02
1927 3.484017e-05 1.021673e-02
1928 1.401573e-06 1.728444e-03
1929 4.006103e-05 6.634112e-03
1930 2.919310e-05 1.581895e-02
1931 3.950629e-05 1.236496e-02
1932 7.628340e-05 3.092132e-02
1933 3.107342e-05 1.325337e-02
1934 9.003591e-05 5.418799e-02
1935 6.744319e-06 1.295764e-02
1936 2.402446e-05 1.125302e-02
1937 6.971036e-06 4.172161e-03
1938 1.187723e-06 1.985394e-03
1939 1.388378e-03 1.380073e-01
1940 1.900397e-05 2.137048e-02
1941 2.319080e-05 1.280295e-02
1942 1.120813e-04 5.360273e-02
1943 7.516914e-05 2.876310e-02
1944 9.195343e-04 5.780363e-02
1945 2.084372e-04 1.770743e-02
1946 6.500412e-06 4.369464e-03
1947 1.125562e-05 2.629224e-03
1948 6.671737e-07 1.694622e-03
1949 1.022709e-04 7.922019e-02
1950 3.102701e-05 1.430867e-02
1951 3.485911e-05 3.697909e-02
1952 2.661284e-06 6.355030e-03
1953 5.626037e-05 1.910081e-02
1954 1.845139e-04 5.135263e-02
1955 1.968525e-05 7.061634e-03
1956 1.286699e-04 1.961133e-02
1957 1.321444e-05 6.764995e-03
1958 3.922836e-05 1.430386e-02
1959 2.433625e-05 2.481405e-02
1960 1.007006e-04 1.755659e-02
1961 2.261970e-04 5.075186e-02
1962 7.890364e-05 2.279257e-02
1963 2.145293e-04 3.867815e-02
1964 2.479681e-06 3.653617e-03
1965 6.858152e-06 1.368754e-02
1966 2.803453e-06 6.426989e-03
1967 1.225869e-04 4.831724e-02
1968 1.926496e-06 2.067887e-03
1969 9.528210e-05 2.755985e-02
1970 2.294112e-04 3.576253e-02
1971 1.199675e-03 1.413553e-01
1972 2.169590e-05 4.374642e-03
1973 3.425962e-04 7.897741e-02
1974 1.850617e-06 4.168256e-03
1975 5.038556e-04 7.641613e-02
1976 2.223000e-04 4.184255e-02
1977 7.545566e-06 5.403159e-03
1978 8.293325e-07 3.970195e-03
1979 6.237536e-05 3.356174e-02
1980 8.951688e-06 3.219477e-03
1981 1.636634e-04 3.375522e-02
1982 3.135519e-06 2.596662e-03
1983 7.462361e-07 2.048968e-03
1984 6.251326e-05 2.495883e-02
1985 7.227490e-05 7.740540e-03
1986 8.940400e-06 4.089105e-03
1987 8.976329e-06 3.444201e-02
1988 1.148371e-03 4.680709e-02
1989 1.469912e-06 1.352918e-03
1990 7.287689e-06 3.303513e-03
1991 7.365307e-06 5.267008e-03
1992 2.729753e-04 9.323117e-02
1993 3.306183e-07 1.170863e-03
1994 2.157477e-07 1.237460e-03
1995 2.022297e-04 3.537187e-02
1996 1.143990e-05 3.906408e-03
1997 2.672279e-06 1.885378e-03
1998 1.703461e-05 5.067523e-03
1999 1.830985e-04 1.169926e-02
2000 5.488024e-07 2.438583e-03
2001 3.126928e-06 2.851656e-03
