2 7.578895e-05 1.708492e-01
3 1.354812e-03 1.079194e+00
4 2.163137e-03 5.611782e-01
5 1.275716e-04 1.528393e-01
6 2.276686e-03 1.639135e+00
7 1.135446e-03 5.494631e-01
8 2.586810e-06 5.504474e-02
9 7.783676e-07 1.147111e-02
10 1.547733e-03 3.340130e-01
11 1.140586e-03 6.756312e-01
12 5.030240e-05 4.891992e-02
13 2.143759e-03 9.046246e-01
14 1.267207e-03 2.212733e-01
15 3.204708e-04 1.115908e-01
16 1.625353e-04 7.144948e-02
17 1.510179e-05 2.521695e-02
18 2.622479e-03 3.391609e-01
19 7.308295e-05 3.406768e-01
20 1.462821e-03 6.711936e-01
21 1.385251e-03 4.403351e-01
22 2.495470e-05 3.388801e-02
23 3.213993e-03 1.142802e+00
24 2.655798e-03 7.473402e-01
25 6.869804e-05 6.317535e-02
26 2.223668e-03 9.565074e-01
27 1.054721e-03 1.473302e-01
28 7.946664e-04 9.006574e-02
29 3.934753e-03 1.259980e+00
30 1.091124e-06 7.912551e-03
31 3.538107e-03 6.216991e-01
32 2.163855e-03 8.257444e-01
33 4.889614e-04 5.226433e-02
34 1.331559e-05 1.067455e-02
35 8.289030e-05 2.903281e-01
36 3.133771e-04 1.434789e-01
37 1.133397e-03 1.397438e+00
38 8.020981e-03 2.009743e+00
39 2.326700e-03 9.343201e-01
40 8.538654e-05 3.022431e-01
41 5.611182e-07 7.237077e-03
42 3.593920e-03 1.370925e+00
43 1.424821e-05 1.976295e-02
44 7.396748e-09 3.026591e-03
45 3.645891e-07 2.819956e-03
46 1.600434e-09 1.441470e-03
47 8.911785e-09 6.340260e-03
48 8.294708e-08 7.273533e-03
49 8.218205e-08 9.178040e-03
50 2.308934e-07 3.352791e-02
51 1.261795e-08 3.201536e-03
52 7.716400e-08 5.696027e-03
53 3.718209e-08 5.716130e-03
54 2.044499e-08 4.309217e-03
55 2.861299e-09 3.403727e-03
56 1.577611e-06 2.307202e-02
57 1.350536e-06 4.341054e-02
58 4.972606e-09 1.718186e-03
59 1.447425e-06 1.320125e-02
60 3.563405e-08 2.459546e-03
61 4.667307e-09 4.242527e-03
62 4.192876e-08 1.364257e-03
63 4.151139e-07 5.822226e-03
64 2.159010e-08 1.184502e-02
65 2.172288e-08 2.830586e-03
66 1.075941e-07 4.911159e-03
67 3.009051e-09 4.816428e-03
68 3.379082e-06 1.225515e-02
69 9.910656e-06 1.234650e-02
70 1.486645e-03 8.880894e-01
71 1.450644e-11 4.412656e-03
72 2.241049e-04 1.009565e-01
73 2.574035e-07 4.655393e-03
74 3.248849e-08 5.806566e-03
75 6.765015e-08 5.868530e-03
76 1.471028e-05 9.815136e-03
77 4.971587e-07 4.925140e-03
78 1.589120e-05 5.468747e-02
79 2.027262e-06 1.156148e-02
80 1.640425e-05 1.048896e-01
81 2.464020e-07 3.221283e-03
82 2.114331e-05 4.800236e-02
83 5.727350e-09 2.531142e-03
84 6.157352e-05 3.652311e-02
85 2.236054e-07 8.039897e-03
86 5.853095e-04 8.488556e-02
87 4.739876e-04 3.012886e-01
88 1.231223e-09 2.775851e-03
89 2.190926e-04 7.488863e-02
90 1.095582e-04 1.442625e-01
91 1.157621e-05 2.060743e-02
92 2.448507e-04 1.209970e-01
93 1.362331e-05 5.621529e-02
94 4.006347e-07 9.071142e-03
95 6.738620e-10 5.393079e-03
96 3.012302e-06 1.520986e-02
97 4.147466e-05 2.658781e-02
98 3.445791e-04 9.435594e-02
99 1.532485e-04 3.576619e-01
100 2.747559e-03 1.286199e+00
101 1.476229e-03 2.476579e-01
102 2.407898e-07 6.800939e-03
103 7.258712e-04 3.374594e-01
104 9.519780e-09 2.473663e-02
105 1.102170e-03 1.544393e-01
106 6.363587e-05 8.108552e-02
107 1.688665e-07 1.227053e-02
108 1.098793e-05 1.172539e-01
109 1.439495e-07 1.221724e-02
110 8.645665e-07 4.859639e-03
111 3.861334e-07 1.091048e-02
112 2.747197e-08 1.961440e-02
113 1.620403e-04 2.040845e-01
114 2.376935e-05 2.272903e-02
115 1.645751e-04 4.578512e-02
116 2.374027e-04 1.291100e-01
117 1.589993e-06 7.666388e-03
118 2.368785e-08 3.735372e-03
119 2.222213e-03 8.638447e-01
120 8.247727e-05 4.941932e-02
121 4.405467e-07 9.116207e-03
122 8.928408e-07 5.357086e-03
123 4.029044e-04 1.873471e-01
124 2.394298e-06 1.481795e-02
125 4.140058e-05 1.794894e-01
126 3.097032e-05 1.660403e-02
127 1.136061e-07 1.172994e-02
128 2.951855e-03 5.694407e-01
129 5.183355e-04 6.915727e-01
130 9.920927e-06 8.087778e-02
131 2.264552e-04 2.768275e-01
132 2.261205e-05 3.271979e-02
133 1.035290e-03 1.319671e+00
134 2.481004e-04 7.608629e-02
135 1.888664e-03 5.429768e-01
136 5.258262e-10 2.287607e-03
137 1.759636e-07 1.306775e-02
138 2.007069e-06 4.213649e-03
139 3.281098e-06 1.080003e-02
140 4.324006e-04 9.712472e-02
141 9.439649e-07 8.822719e-03
142 5.389903e-05 3.000915e-01
143 2.216014e-04 1.508292e-01
144 1.043104e-03 3.431525e-01
145 2.847209e-05 6.447035e-02
146 6.279923e-07 1.470695e-02
147 2.827899e-04 9.156237e-02
148 1.690248e-06 6.718096e-03
149 2.100723e-04 1.055593e-01
150 8.461888e-05 1.113106e-01
151 5.391461e-04 1.141158e-01
152 6.176118e-05 4.393859e-02
153 9.891070e-07 1.082510e-02
154 3.266001e-06 1.755930e-02
155 9.537910e-08 3.191129e-03
156 3.662744e-05 3.342964e-02
157 1.247845e-07 1.321441e-02
158 5.847187e-11 3.780425e-03
159 1.010447e-06 1.794750e-02
160 1.157320e-06 1.044344e-02
161 2.551716e-06 5.436792e-03
162 1.032231e-07 1.729366e-02
163 8.545884e-07 1.769848e-02
164 7.009039e-06 1.711667e-02
165 2.868969e-08 1.801856e-03
166 4.183436e-07 2.635155e-03
167 2.229625e-05 1.063964e-02
168 1.591812e-06 5.928057e-03
169 4.413748e-05 4.173953e-02
170 1.196861e-06 8.122679e-03
171 9.031125e-05 7.012320e-02
172 4.027290e-04 6.565920e-01
173 4.830336e-04 1.232321e-01
174 1.028086e-03 3.406345e-01
175 1.067488e-10 1.263870e-03
176 3.317791e-06 1.527743e-02
177 5.502588e-09 3.191311e-03
178 4.229538e-08 7.887302e-03
179 1.712952e-06 1.330572e-02
180 5.666955e-10 1.277307e-03
181 1.737872e-04 1.264039e-01
182 1.293555e-03 2.681862e-01
183 1.258878e-05 4.640153e-02
184 1.451262e-06 9.712711e-03
185 5.692801e-10 1.523803e-03
186 4.037575e-06 4.950627e-02
187 3.677424e-03 1.132473e+00
188 2.188955e-04 6.960683e-02
189 7.760561e-06 1.595067e-02
190 1.193860e-06 5.787306e-03
191 1.786724e-06 7.171369e-03
192 2.450482e-08 5.864814e-03
193 8.492903e-09 6.284572e-03
194 2.484472e-08 6.120367e-03
195 8.110577e-04 5.936624e-02
196 5.875719e-07 8.443692e-03
197 6.523622e-08 2.127975e-02
198 5.366908e-05 1.937192e-02
199 1.061559e-06 2.063503e-02
200 2.939825e-04 1.517728e-01
201 2.310240e-06 9.345085e-02
202 3.022208e-06 1.707845e-02
203 9.977939e-05 2.178768e-01
204 3.186987e-07 4.851820e-03
205 5.407391e-05 5.564956e-02
206 1.731172e-04 7.893229e-02
207 5.016846e-06 3.440261e-02
208 2.427999e-05 1.025648e-01
209 1.536541e-03 2.762709e-01
210 1.015872e-05 6.009385e-02
211 1.047012e-04 2.240431e-01
212 1.294601e-08 5.027717e-03
213 1.019124e-05 1.687493e-02
214 1.468078e-06 1.435898e-02
215 4.210668e-07 1.247912e-02
216 3.120784e-06 4.068934e-02
217 2.705505e-07 3.041190e-03
218 3.423423e-07 4.764163e-03
219 3.193114e-08 2.564469e-03
220 3.267906e-05 2.626073e-01
221 4.492247e-09 5.697211e-03
222 2.674392e-06 4.383011e-02
223 4.603634e-04 3.182060e-01
224 1.044043e-09 2.300628e-03
225 2.179347e-09 3.232992e-03
226 7.049278e-07 1.236140e-02
227 3.682851e-08 4.285606e-03
228 1.073002e-07 6.431514e-03
229 1.020479e-06 1.847549e-02
230 8.047411e-04 4.160326e-01
231 7.482762e-11 2.043748e-03
232 1.489035e-03 9.340069e-01
233 1.086812e-07 9.452324e-03
234 8.232447e-07 5.407934e-03
235 1.175790e-10 7.405348e-03
236 6.319074e-04 2.520400e-01
237 8.127443e-04 4.922353e-01
238 5.598845e-08 5.108043e-03
239 1.023684e-05 1.761095e-02
240 5.295376e-06 6.968181e-02
241 1.633565e-04 5.598836e-01
242 3.299728e-06 3.917533e-02
243 3.664762e-08 4.579458e-03
244 3.354046e-09 1.879530e-03
245 1.046916e-09 1.284319e-03
246 1.585485e-03 3.089831e-01
247 1.073578e-03 2.096808e-01
248 1.229044e-04 3.820871e-01
249 1.024984e-03 6.378641e-01
250 8.745651e-04 3.743831e-01
251 5.929702e-10 1.293964e-03
252 5.647760e-08 8.793373e-03
253 2.151932e-08 4.245028e-03
254 1.011085e-06 2.337345e-02
255 1.727390e-07 9.054538e-03
256 1.807082e-10 2.437829e-03
257 4.926669e-08 5.317273e-03
258 1.506153e-03 2.628792e-01
259 3.308212e-09 1.457312e-03
260 4.195977e-07 1.012316e-02
261 2.097097e-04 2.131311e-02
262 2.722625e-07 1.892579e-03
263 1.411401e-05 9.138245e-03
264 1.750033e-06 3.005011e-02
265 1.093170e-05 8.264079e-02
266 3.525919e-06 1.274067e-02
267 6.076001e-07 1.991495e-02
268 7.261219e-07 1.033160e-02
269 3.371351e-04 2.045060e-01
270 1.810799e-10 3.605464e-03
271 4.227865e-06 2.016409e-02
272 3.701115e-06 1.421713e-02
273 2.001905e-04 1.495233e-01
274 7.047684e-10 1.879400e-03
275 1.561480e-03 3.368109e-01
276 9.527970e-07 1.871795e-02
277 4.996594e-10 4.011118e-03
278 3.529758e-05 1.203388e-01
279 3.310355e-08 5.221718e-03
280 1.054439e-05 8.535767e-02
281 5.474574e-04 2.349899e-01
282 1.905940e-08 2.092328e-03
283 8.354221e-08 7.078386e-03
284 8.812085e-09 4.751060e-03
285 5.904606e-09 9.256926e-03
286 4.043050e-08 6.186637e-03
287 7.325930e-09 5.092468e-03
288 2.177549e-08 2.227662e-03
289 1.268736e-03 5.341375e-01
290 1.207162e-09 1.422063e-03
291 3.416177e-05 2.265858e-02
292 1.137210e-03 5.820727e-01
293 3.936883e-06 6.094508e-03
294 2.073173e-08 4.366905e-03
295 8.284432e-09 1.781062e-02
296 1.635606e-06 1.262779e-01
297 1.756612e-06 1.914319e-02
298 1.221828e-06 5.987683e-03
299 4.746504e-08 4.272924e-03
300 2.940412e-06 1.665541e-02
301 2.553963e-04 4.578929e-01
302 1.879685e-07 3.623972e-03
303 2.131793e-07 2.064676e-02
304 9.346020e-04 1.918264e-01
305 6.124428e-05 3.469688e-02
306 1.219985e-04 3.903130e-02
307 1.673067e-03 6.154943e-01
308 1.931587e-06 1.110278e-02
309 4.570096e-04 3.332147e-01
310 1.232640e-04 3.333314e-02
311 2.412696e-06 1.370560e-02
312 1.932705e-05 8.011263e-03
313 9.465668e-03 1.486142e+00
314 4.756222e-06 5.274823e-03
315 7.951477e-11 4.747138e-03
316 2.709001e-03 1.014806e+00
317 2.431696e-03 7.800421e-01
318 9.033552e-04 3.080910e-01
319 4.473650e-04 1.180121e-01
320 1.189608e-05 4.435882e-02
321 5.302632e-04 4.211916e-01
322 1.412751e-11 6.874495e-03
323 1.652759e-06 2.769696e-02
324 9.757767e-09 5.424588e-03
325 7.385162e-09 5.312494e-03
326 2.777529e-06 4.702730e-02
327 2.579983e-03 1.158581e+00
328 6.269654e-04 2.992145e-01
329 7.105783e-04 6.852362e-01
330 2.865686e-06 1.197575e-02
331 2.313884e-04 7.953208e-02
332 1.287318e-03 4.733774e-01
333 1.846421e-08 1.670738e-02
334 1.951176e-06 5.029545e-02
335 3.173365e-09 2.172341e-03
336 4.993694e-06 1.152274e-02
337 2.274995e-06 1.370231e-02
338 2.808380e-03 4.070227e-01
339 1.415071e-03 4.366948e-01
340 3.146527e-06 1.574180e-02
341 5.996997e-08 1.049240e-02
342 2.410203e-06 9.452417e-03
343 5.567493e-08 3.918709e-02
344 2.790276e-04 3.205309e-02
345 2.926010e-03 1.157962e+00
346 1.123656e-03 7.893509e-01
347 4.655041e-09 4.232755e-03
348 7.258671e-05 6.568188e-02
349 5.208600e-05 1.354267e-02
350 8.147995e-07 3.425681e-03
351 1.087103e-03 9.691238e-01
352 9.264486e-05 2.369865e-01
353 2.332639e-08 1.291014e-03
354 1.133304e-04 1.706201e-01
355 3.776349e-06 2.737037e-02
356 3.053014e-04 6.323185e-01
357 6.837002e-04 2.472097e-01
358 3.125033e-06 6.509335e-03
359 1.571141e-06 1.332500e-02
360 1.550069e-04 1.627484e-01
361 1.224599e-04 3.098157e-01
362 1.396711e-03 3.218681e-01
363 6.300530e-06 4.823860e-02
364 6.876485e-06 5.439500e-02
365 2.497461e-06 4.199918e-02
366 3.822203e-07 2.119646e-02
367 9.640431e-08 1.712993e-02
368 5.886596e-06 1.338789e-02
369 5.076617e-07 1.184322e-02
370 6.027206e-07 2.086302e-02
371 9.612820e-06 8.846997e-02
372 1.033714e-07 3.672539e-02
373 4.795219e-05 7.796753e-02
374 3.350662e-10 6.334646e-03
375 2.459652e-08 1.472858e-03
376 6.006931e-08 3.688572e-03
377 1.351416e-03 8.327895e-01
378 4.398705e-05 3.384476e-02
379 1.010857e-06 6.286763e-03
380 3.733732e-06 2.114463e-02
381 8.641915e-04 8.133314e-01
382 3.432731e-04 5.788219e-02
383 1.485711e-03 2.598763e-01
384 5.744335e-06 2.384488e-02
385 2.797972e-03 8.236359e-01
386 2.085222e-05 1.999887e-02
387 2.043563e-06 2.136389e-02
388 4.650689e-08 4.091598e-03
389 1.762461e-07 1.073649e-02
390 3.298012e-10 4.438221e-03
391 8.423686e-05 5.458652e-02
392 1.189011e-05 2.957901e-02
393 7.827423e-10 2.653965e-03
394 5.079831e-04 9.272716e-01
395 1.723396e-07 1.883432e-03
396 1.831619e-06 4.047584e-02
397 4.476150e-06 2.333974e-02
398 5.483697e-11 2.559562e-03
399 3.913692e-08 9.129728e-03
400 6.251323e-03 2.290748e+00
401 2.307448e-06 2.808442e-02
402 9.432404e-04 6.691527e-01
403 1.834976e-05 3.861683e-02
404 4.991335e-06 3.022450e-02
405 1.001822e-07 5.192764e-03
406 1.872569e-03 3.417476e-01
407 7.470357e-05 1.280379e-01
408 3.987012e-04 7.906219e-01
409 2.144073e-05 8.961772e-02
410 6.151001e-06 1.594217e-02
411 5.765249e-05 5.025860e-02
412 2.874440e-05 1.702088e-02
413 2.241282e-03 6.498254e-01
414 1.764827e-04 7.764854e-02
415 2.804009e-08 1.972527e-03
416 5.711772e-05 1.505369e-01
417 3.218457e-06 3.352890e-03
418 2.633484e-03 7.178431e-01
419 1.565935e-03 9.295641e-01
420 7.321962e-06 1.201271e-02
421 5.267874e-04 5.298611e-02
422 3.019206e-06 3.109421e-02
423 2.727688e-06 1.324217e-02
424 9.118974e-05 8.864472e-02
425 1.849351e-06 1.680148e-02
426 1.280969e-08 3.760872e-03
427 9.141600e-05 1.632811e-01
428 1.781245e-05 5.441425e-02
429 1.953260e-03 5.472180e-01
430 2.908347e-07 1.761866e-03
431 5.901262e-10 4.157862e-03
432 3.609349e-05 1.636166e-01
433 4.485809e-10 1.257334e-03
434 5.502287e-08 5.227300e-03
435 2.149982e-06 6.321066e-03
436 1.022883e-09 2.358011e-03
437 8.385571e-04 1.868824e-01
438 3.437803e-08 5.847746e-03
439 2.561012e-08 4.608971e-03
440 9.310130e-08 4.344435e-03
441 4.733665e-05 4.846717e-02
442 3.880333e-09 6.772832e-03
443 6.532203e-07 5.507864e-03
444 7.303481e-05 5.622153e-02
445 1.358489e-04 1.172204e-01
446 1.664355e-07 1.750796e-02
447 1.584950e-08 2.497564e-03
448 4.534456e-06 2.947718e-03
449 3.402039e-07 2.399520e-03
450 7.313864e-07 3.767960e-03
451 7.025930e-08 1.357532e-03
452 4.340088e-05 1.821459e-02
453 1.421701e-07 5.183874e-03
454 1.582367e-04 4.730451e-02
455 6.957800e-04 2.197649e-01
456 3.955991e-08 5.642198e-03
457 1.756422e-05 4.666110e-02
458 1.719680e-05 7.257377e-02
459 1.044133e-05 7.390592e-02
460 2.668532e-07 4.086715e-03
461 6.461062e-06 4.024402e-02
462 1.277814e-03 4.220311e-01
463 5.388850e-05 7.817050e-02
464 1.651571e-04 1.916634e-02
465 4.556545e-08 1.849308e-03
466 4.527071e-09 2.733524e-03
467 5.359402e-04 7.122107e-01
468 1.294120e-10 5.934420e-03
469 2.627577e-04 1.829089e-01
470 3.718733e-05 2.692629e-02
471 1.414399e-05 3.989568e-02
472 9.188364e-06 8.653452e-03
473 1.066950e-05 1.797055e-02
474 4.286991e-07 5.407286e-03
475 1.335924e-05 4.579655e-02
476 7.812680e-10 2.276609e-03
477 6.704558e-04 1.228663e-01
478 1.857197e-10 3.581743e-03
479 1.552626e-09 1.841106e-03
480 3.532116e-06 1.403979e-02
481 1.523836e-07 8.208978e-03
482 2.043887e-03 4.641473e-01
483 8.448822e-09 1.196519e-03
484 2.824753e-09 1.956085e-03
485 1.929009e-04 1.172791e-01
486 6.052778e-07 5.357409e-03
487 1.656942e-05 9.477145e-02
488 1.567144e-07 6.604758e-03
489 5.249174e-05 1.706935e-02
490 1.522613e-05 4.922966e-02
491 1.878700e-07 1.099269e-02
492 9.554845e-05 3.311209e-02
493 1.338584e-08 2.368896e-03
494 3.286181e-04 2.053159e-01
495 9.675639e-04 3.491262e-01
496 1.995438e-04 2.127871e-01
497 8.136554e-05 1.600728e-01
498 7.577624e-06 4.388428e-02
499 1.113069e-05 1.502613e-02
500 9.822072e-10 9.724499e-03
501 4.346698e-03 1.279453e+00
502 2.835814e-07 1.989940e-02
503 6.478943e-05 8.031372e-02
504 3.127921e-03 1.411907e+00
505 1.079679e-08 6.450831e-03
506 3.671391e-08 1.315149e-02
507 3.250241e-07 9.751822e-03
508 8.480459e-05 2.544696e-02
509 7.123783e-05 4.264159e-01
510 3.419856e-08 9.926967e-03
511 7.183991e-07 5.065794e-03
512 1.179153e-08 2.040530e-03
513 1.814382e-04 4.537631e-02
514 4.115247e-08 1.969555e-02
515 3.481702e-07 5.786777e-02
516 5.961290e-05 1.074577e-01
517 9.181090e-06 8.331388e-03
518 1.037785e-08 4.543710e-03
519 2.522979e-07 1.094519e-02
520 3.574022e-10 1.504656e-03
521 4.409982e-07 3.019734e-02
522 5.522170e-08 3.528932e-03
523 1.755633e-07 8.574825e-03
524 1.090679e-04 9.293686e-02
525 4.701881e-04 1.870120e-01
526 2.665118e-06 1.781565e-02
527 7.766032e-05 2.220601e-01
528 5.356733e-04 2.285001e-01
529 1.893938e-04 3.575994e-01
530 1.434215e-04 8.856615e-02
531 2.626506e-11 1.574198e-03
532 5.562227e-07 9.758372e-03
533 6.703279e-07 3.017496e-03
534 3.505879e-06 8.978074e-02
535 1.127860e-03 4.954152e-01
536 3.433285e-04 1.430735e-01
537 6.301855e-04 4.603665e-01
538 6.612891e-06 9.662530e-02
539 4.787626e-05 6.655627e-02
540 6.512754e-06 2.892699e-02
541 4.071843e-03 1.194331e+00
542 1.403482e-06 1.371929e-02
543 1.515525e-04 2.554065e-02
544 2.627200e-04 9.522429e-02
545 1.331676e-07 9.559073e-03
546 1.327470e-06 1.595270e-02
547 6.930955e-06 5.600343e-02
548 2.800060e-04 7.256308e-02
549 2.234029e-06 2.946148e-02
550 1.806725e-09 5.839050e-03
551 8.393134e-05 5.589003e-02
552 1.548405e-07 2.725241e-03
553 7.997462e-08 7.556755e-03
554 1.048388e-09 3.020850e-03
555 1.685495e-06 7.092562e-02
556 4.018876e-07 7.741619e-03
557 6.333472e-05 1.076057e-01
558 1.148648e-07 8.208894e-03
559 6.999447e-04 1.601918e-01
560 1.406623e-08 3.366646e-03
561 4.043160e-06 3.420432e-02
562 1.824775e-07 1.860712e-03
563 1.418332e-03 2.071230e+00
564 5.710272e-04 1.011959e+00
565 4.689233e-07 3.992167e-03
566 5.171152e-04 1.506821e-01
567 7.000648e-05 8.475401e-02
568 1.136487e-04 1.252801e-01
569 5.979473e-07 1.243881e-02
570 9.045606e-07 5.213061e-02
571 3.943812e-04 8.676914e-02
572 2.535829e-04 1.714004e-01
573 3.568781e-04 2.537517e-01
574 2.544465e-07 5.971478e-03
575 1.225669e-08 4.064564e-03
576 1.186412e-05 1.017766e-02
577 4.446918e-10 2.689604e-03
578 1.246583e-06 4.279587e-03
579 6.055401e-05 3.486029e-02
580 3.966579e-08 6.039111e-03
581 3.979959e-04 1.360772e-01
582 4.403236e-07 1.530717e-02
583 3.745229e-03 5.805103e-01
584 8.975740e-07 7.951000e-02
585 2.909741e-05 4.811938e-02
586 1.145740e-03 2.545456e-01
587 1.397649e-06 1.427007e-02
588 1.727176e-05 6.015730e-02
589 1.810237e-04 6.775855e-02
590 2.507415e-08 1.236335e-02
591 6.662251e-06 2.727129e-02
592 3.228665e-03 1.116899e+00
593 1.130821e-06 9.477456e-03
594 2.630320e-04 1.283753e-01
595 8.966107e-08 5.626082e-03
596 1.228119e-09 1.380140e-03
597 3.634650e-09 2.289348e-03
598 1.106472e-04 5.176116e-02
599 2.272116e-04 3.235531e-02
600 6.072651e-07 5.219076e-03
601 1.228000e-07 4.355195e-03
602 1.033158e-04 3.299244e-02
603 1.113927e-05 3.649169e-02
604 4.194913e-09 2.069365e-03
605 1.171615e-04 1.908619e-01
606 1.840821e-04 1.271302e-01
607 2.050072e-07 5.266433e-03
608 3.343478e-04 6.147736e-02
609 3.054315e-05 1.943776e-02
610 8.427937e-07 1.660030e-02
611 1.082723e-09 2.536813e-03
612 8.759370e-06 3.711232e-02
613 2.140928e-08 5.341286e-03
614 5.571690e-07 5.760229e-03
615 2.385625e-09 5.945885e-03
616 4.855829e-04 9.388718e-02
617 4.987215e-07 1.417057e-02
618 1.949096e-08 8.411122e-03
619 1.413835e-05 9.062204e-03
620 6.002714e-08 3.893440e-03
621 1.133569e-07 3.450793e-03
622 8.948995e-04 4.388069e-01
623 8.792281e-06 1.854869e-02
624 5.201028e-07 4.513923e-03
625 4.751990e-07 1.189687e-02
626 6.122227e-07 6.456386e-03
627 3.702871e-07 3.728388e-03
628 2.205225e-04 4.154619e-02
629 5.573233e-07 2.270524e-03
630 7.440143e-06 1.585369e-02
631 3.649078e-06 1.273180e-02
632 1.315690e-08 1.266536e-03
633 1.072835e-03 3.770290e-01
634 7.802225e-05 4.018207e-02
635 2.340913e-07 8.820973e-03
636 1.873353e-07 2.106276e-02
637 1.343073e-07 1.160972e-02
638 1.600431e-09 2.183139e-03
639 6.449556e-11 1.581201e-03
640 5.113598e-10 2.443874e-03
641 2.002277e-10 1.528585e-03
642 1.216826e-07 5.438875e-03
643 1.872841e-04 9.163565e-02
644 3.618395e-03 3.618689e-01
645 2.418016e-04 1.132474e-01
646 1.400610e-06 1.466843e-02
647 1.492090e-06 6.139312e-03
648 6.648828e-05 4.341546e-02
649 1.888577e-03 8.202533e-01
650 5.535030e-06 5.328876e-03
651 8.338323e-07 8.568635e-03
652 1.077634e-04 8.283956e-02
653 8.083241e-09 4.785997e-03
654 2.452400e-07 4.979563e-03
655 2.512441e-06 9.292960e-03
656 2.854223e-08 2.817975e-03
657 5.182749e-04 1.025748e-01
658 1.233470e-04 1.593543e-01
659 2.028721e-04 4.671267e-02
660 2.424204e-05 1.243135e-01
661 9.420622e-08 5.599000e-03
662 7.673448e-04 3.119748e-01
663 3.021904e-03 9.200868e-01
664 8.333164e-06 5.393527e-02
665 8.810239e-08 9.409136e-03
666 9.483482e-04 5.279997e-02
667 1.575667e-04 8.967600e-02
668 2.406007e-03 4.612148e-01
669 6.747408e-04 3.300812e-01
670 1.551417e-08 9.349760e-03
671 3.068058e-04 3.943903e-02
672 2.084351e-07 2.509198e-02
673 2.064069e-05 1.340872e-02
674 2.412783e-07 2.139466e-03
675 8.019496e-05 1.430244e-01
676 6.445090e-07 5.766013e-03
677 4.433931e-11 1.338960e-03
678 1.666810e-06 7.737758e-03
679 1.839308e-03 3.550086e-01
680 1.500373e-05 4.760791e-02
681 1.365875e-04 7.763696e-02
682 3.073177e-05 1.459854e-02
683 5.676370e-07 3.068876e-02
684 1.122345e-05 2.004608e-02
685 4.414452e-10 2.171252e-03
686 7.690030e-06 1.965271e-02
687 3.461553e-03 9.431330e-01
688 4.575967e-06 2.540686e-02
689 5.515583e-08 1.035279e-02
690 1.068240e-08 2.017735e-03
691 1.009978e-03 2.717352e-01
692 2.128323e-08 2.933617e-03
693 3.170552e-05 2.376891e-02
694 5.980963e-04 1.802468e-01
695 1.022928e-03 3.607932e-01
696 1.285941e-03 8.312070e-01
697 1.011804e-06 9.752454e-03
698 5.469869e-04 1.844764e-01
699 1.599596e-08 1.542092e-03
700 6.232424e-05 5.975821e-02
701 1.237444e-05 2.070679e-02
702 5.254893e-09 1.237858e-03
703 3.797819e-09 4.012249e-03
704 2.598692e-11 1.311538e-03
705 1.793035e-04 4.332576e-01
706 2.840375e-08 1.734446e-03
707 1.722855e-04 1.204702e-01
708 5.163438e-13 4.995843e-03
709 3.609269e-11 2.939372e-03
710 2.529198e-07 6.345734e-03
711 1.098024e-10 1.204912e-03
712 1.601782e-07 4.835370e-03
713 5.255144e-08 6.470516e-03
714 5.152937e-10 2.451319e-03
715 1.086746e-05 1.745347e-02
716 7.349130e-05 3.989507e-02
717 1.587067e-08 5.330456e-03
718 1.709402e-11 2.642275e-03
719 3.202671e-03 9.101211e-01
720 2.028206e-12 1.188325e-03
721 1.335083e-06 8.992757e-03
722 9.703209e-11 2.732729e-03
723 1.020121e-05 1.721122e-02
724 1.803561e-07 3.502901e-03
725 1.752903e-11 1.464603e-03
726 8.011348e-05 5.664535e-02
727 2.425225e-10 4.371455e-03
728 8.840685e-09 7.909256e-03
729 2.808680e-10 7.307719e-03
730 2.540007e-09 2.754075e-03
731 2.811147e-05 1.138979e-01
732 1.241739e-13 1.364472e-03
733 3.973924e-14 9.157500e-04
734 3.121122e-08 2.995542e-03
735 1.311473e-08 3.408807e-03
736 2.471980e-06 1.693113e-02
737 1.977436e-12 1.363522e-03
738 3.064719e-05 1.002234e-01
739 1.049059e-09 3.515914e-03
740 7.441548e-06 3.833214e-02
741 1.739677e-08 8.489383e-03
742 2.667771e-05 2.389475e-02
743 3.141772e-03 9.272511e-01
744 7.493684e-13 2.638483e-03
745 4.434420e-09 2.532925e-03
746 3.616619e-07 1.286312e-02
747 1.904364e-04 7.045875e-02
748 5.166610e-04 2.864128e-01
749 1.156821e-04 1.895763e-01
750 5.414166e-08 6.866177e-03
751 5.868724e-07 1.240408e-02
752 3.015976e-07 2.005863e-03
753 3.919216e-09 2.988022e-03
754 4.037704e-05 1.113278e-01
755 2.064357e-06 2.186068e-02
756 1.117908e-05 3.855728e-02
757 3.702050e-10 1.517616e-03
758 3.233955e-07 2.126818e-02
759 2.513085e-04 4.896473e-02
760 8.729843e-09 2.277829e-03
761 4.300160e-05 3.795981e-02
762 3.958499e-04 4.627189e-02
763 3.769107e-10 1.966564e-03
764 3.675621e-09 9.889817e-03
765 1.362819e-10 1.044243e-02
766 4.511415e-07 5.542990e-03
767 9.278249e-09 5.909527e-03
768 8.939249e-05 3.472944e-02
769 5.355674e-06 8.420494e-03
770 3.138691e-04 8.487535e-02
771 3.839052e-05 7.244519e-03
772 5.193233e-13 1.550058e-03
773 1.045171e-08 1.604564e-02
774 5.097398e-09 1.958046e-03
775 5.439820e-04 1.219571e-01
776 1.721409e-04 1.034340e-01
777 2.102325e-05 3.885169e-02
778 1.365116e-04 3.291153e-02
779 9.933875e-04 3.656690e-01
780 3.589684e-05 1.697336e-02
781 5.825581e-04 9.725009e-02
782 3.675137e-06 4.700184e-03
783 2.874819e-06 1.015080e-02
784 3.769187e-06 7.259765e-03
785 7.088904e-04 7.564016e-02
786 1.880021e-05 2.951614e-02
787 7.603958e-04 7.673377e-02
788 4.874987e-07 2.322155e-02
789 3.221440e-10 1.348913e-03
790 1.850993e-04 1.702980e-01
791 2.986040e-05 1.963742e-02
792 1.101445e-06 4.994750e-03
793 2.510714e-06 1.015659e-02
794 5.107102e-07 5.180844e-03
795 5.043348e-04 6.129513e-01
796 5.339621e-09 3.135069e-03
797 4.924232e-04 3.562540e-01
798 7.386763e-04 5.418409e-01
799 6.725514e-08 5.441976e-03
800 1.988496e-04 9.998236e-02
801 7.770230e-09 4.164968e-03
802 5.927542e-06 4.717180e-02
803 1.478673e-03 2.990150e-01
804 1.637844e-07 1.609259e-02
805 1.142851e-08 4.030329e-03
806 1.230848e-03 2.897025e-01
807 5.133421e-07 5.550728e-02
808 2.911659e-06 4.486914e-03
809 1.575093e-03 4.340174e-01
810 1.289827e-05 1.945870e-02
811 1.873007e-06 2.773214e-02
812 1.016138e-07 6.946991e-03
813 4.286722e-08 5.876033e-03
814 1.662538e-06 1.088392e-02
815 4.619841e-06 2.671262e-02
816 5.881591e-04 1.933618e-01
817 2.872909e-03 1.107227e+00
818 9.594544e-09 3.591742e-03
819 3.463202e-05 1.062005e-01
820 5.845106e-06 5.329515e-02
821 5.835723e-06 2.822542e-02
822 2.329678e-08 3.575099e-03
823 6.236885e-07 9.802243e-03
824 1.334456e-07 2.608093e-02
825 2.223052e-06 2.676187e-02
826 1.264982e-04 1.705378e-02
827 8.701791e-07 5.783768e-03
828 2.271076e-05 4.222610e-02
829 4.804369e-07 1.442600e-02
830 2.131116e-03 6.784270e-01
831 5.907453e-06 2.243382e-02
832 1.821571e-06 9.013629e-03
833 5.611636e-06 2.275861e-02
834 2.961554e-06 2.210137e-02
835 4.039380e-08 2.284781e-03
836 1.660799e-09 1.027474e-03
837 3.801531e-07 1.494964e-02
838 1.294250e-05 1.009767e-02
839 1.737775e-07 1.527347e-02
840 5.559776e-06 3.824296e-02
841 3.657080e-06 3.685741e-02
842 3.044359e-03 6.145007e-01
843 7.095069e-05 3.322000e-02
844 2.718755e-07 3.632690e-02
845 3.566628e-06 3.294148e-02
846 2.635831e-04 1.702479e-01
847 8.506853e-05 3.107491e-02
848 8.272101e-04 1.504643e-01
849 9.617085e-08 5.803253e-03
850 1.048640e-03 1.084323e+00
851 3.563898e-06 2.162715e-02
852 7.931249e-05 1.949942e-01
853 7.421710e-04 3.538520e-01
854 1.129659e-04 9.588775e-02
855 6.431858e-04 1.754955e-01
856 1.011481e-04 6.464784e-02
857 5.872255e-04 3.574834e-01
858 6.523798e-07 2.072324e-02
859 2.745255e-09 3.867154e-03
860 2.086140e-03 1.664119e-01
861 3.445682e-09 1.642282e-03
862 2.777684e-06 2.378481e-02
863 2.064786e-04 1.256120e-01
864 2.615282e-07 8.003948e-03
865 1.149605e-04 1.271341e-01
866 6.271465e-05 1.851059e-01
867 2.112048e-03 7.591829e-01
868 8.791259e-07 7.497034e-03
869 4.632826e-05 3.433133e-02
870 1.945296e-04 5.533537e-02
871 5.922072e-07 2.818613e-02
872 1.703454e-03 4.647460e-01
873 7.922141e-05 8.004122e-02
874 7.473358e-04 2.948364e-01
875 3.629525e-07 6.429082e-03
876 2.695444e-13 1.062645e-03
877 5.069368e-08 9.389472e-03
878 2.160861e-03 4.821153e-01
879 1.765460e-04 1.240576e-01
880 6.065738e-06 1.201455e-02
881 1.220825e-10 2.291715e-03
882 1.593169e-05 7.527587e-02
883 1.084044e-03 7.293961e-01
884 4.823644e-04 1.468517e-01
885 6.484282e-05 8.225958e-02
886 2.123927e-06 8.023638e-03
887 7.942828e-08 1.345691e-02
888 3.787197e-06 1.316314e-02
889 2.651215e-07 2.302748e-02
890 2.029477e-07 2.359533e-02
891 1.270356e-04 3.844592e-01
892 4.737709e-11 2.858965e-03
893 3.634955e-04 7.355471e-02
894 2.541405e-06 7.146854e-03
895 3.592691e-05 8.235252e-02
896 3.252125e-07 5.491333e-02
897 9.561248e-05 9.075181e-02
898 6.264028e-06 9.589213e-03
899 5.230050e-08 1.433211e-02
900 8.068336e-08 1.626061e-02
901 1.236441e-04 9.761854e-02
902 1.921617e-08 2.128731e-03
903 3.822531e-07 3.497316e-02
904 7.537735e-09 2.108530e-02
905 6.894343e-09 6.664790e-03
906 1.856535e-06 8.418667e-03
907 2.530206e-08 2.067930e-03
908 3.363792e-08 8.981849e-03
909 1.941985e-04 4.425661e-02
910 2.454093e-05 2.880344e-02
911 1.243375e-07 2.119777e-02
912 1.347399e-07 1.048029e-02
913 4.562456e-09 3.415742e-03
914 7.030307e-08 7.560316e-03
915 6.663135e-04 2.359169e-01
916 6.859528e-12 2.827314e-03
917 6.246074e-10 2.394978e-03
918 8.646309e-11 2.639591e-03
919 2.836426e-04 2.417536e-01
920 2.340770e-09 6.486845e-03
921 9.990890e-08 3.987778e-03
922 2.510225e-07 1.638658e-02
923 4.708535e-09 5.135953e-03
924 4.055059e-04 3.966486e-01
925 8.172690e-05 7.932923e-02
926 9.459556e-06 4.470972e-02
927 6.461622e-05 1.277670e-01
928 1.202535e-07 4.360590e-02
929 2.878372e-04 1.827117e-01
930 1.271736e-04 6.648366e-02
931 5.125023e-04 3.924329e-02
932 8.388376e-05 5.616522e-02
933 1.485448e-09 2.973349e-03
934 2.108444e-06 1.024079e-02
935 3.960760e-08 3.626109e-03
936 1.570357e-07 2.787710e-02
937 9.492746e-11 5.815871e-03
938 7.971809e-09 2.378256e-03
939 2.361690e-06 1.046794e-02
940 4.796359e-04 1.743268e-01
941 4.501017e-09 3.332399e-03
942 2.054276e-05 1.429238e-01
943 1.885457e-06 2.442938e-02
944 1.614222e-12 1.972736e-03
945 2.256761e-04 3.936014e-02
946 1.950469e-10 2.224292e-03
947 1.146390e-05 2.274009e-02
948 6.662496e-08 1.537643e-03
949 3.307426e-07 1.802353e-02
950 1.128126e-04 1.481041e-01
951 7.105588e-09 3.014898e-02
952 6.034420e-06 4.232620e-02
953 1.004649e-11 2.418496e-03
954 1.398118e-05 3.865591e-02
955 1.037862e-07 4.502901e-03
956 1.916750e-06 1.958264e-02
957 7.059491e-05 6.707036e-02
958 1.638149e-04 6.106741e-02
959 2.951093e-04 5.739555e-02
960 5.550642e-10 2.435071e-03
961 3.692220e-10 9.517460e-03
962 1.247942e-08 1.077931e-02
963 1.542502e-08 3.552284e-03
964 9.930574e-08 1.998698e-03
965 1.354299e-03 2.526642e-01
966 3.411300e-05 2.200930e-02
967 1.378325e-06 8.280502e-03
968 6.316220e-04 1.743653e-01
969 1.839123e-04 1.383916e-01
970 2.788043e-05 2.489117e-02
971 2.027443e-06 8.321583e-03
972 1.969465e-04 5.741363e-02
973 3.046517e-06 9.276876e-03
974 3.315105e-06 8.392330e-03
975 3.998222e-05 9.355660e-02
976 3.030397e-04 3.430211e-01
977 1.687205e-05 2.125611e-02
978 1.052089e-06 2.466630e-02
979 9.793935e-09 2.953821e-03
980 3.777858e-06 2.215987e-02
981 1.961608e-06 2.221185e-02
982 4.488755e-08 1.419364e-03
983 1.889946e-07 3.880827e-03
984 1.685663e-05 2.169417e-02
985 9.089820e-06 6.179991e-02
986 3.503130e-04 4.345321e-01
987 1.584792e-08 6.226677e-03
988 2.422594e-09 2.068698e-03
989 3.458727e-04 1.158405e-01
990 3.529622e-09 2.265621e-03
991 5.154445e-03 1.172532e+00
992 5.568211e-07 7.093965e-03
993 5.932976e-07 9.666152e-03
994 6.072362e-14 1.343352e-03
995 7.216543e-08 1.517086e-02
996 2.002321e-03 9.986824e-01
997 1.985163e-07 8.043820e-03
998 1.679854e-06 4.021231e-03
999 2.783896e-06 2.599605e-02
1000 2.976555e-13 1.344524e-03
1001 4.047882e-06 1.015420e-02
1002 1.682955e-04 1.193728e-01
1003 5.272580e-05 4.836810e-02
1004 1.283145e-05 4.089612e-02
1005 5.144858e-08 2.313318e-03
1006 9.517734e-04 2.476762e-01
1007 6.832191e-09 3.017382e-03
1008 2.880702e-04 4.816224e-02
1009 6.472461e-08 2.051911e-03
1010 1.170047e-06 2.209146e-02
1011 5.164696e-08 1.733089e-02
1012 3.744618e-04 2.655250e-01
1013 9.701081e-09 1.236016e-02
1014 2.045974e-07 8.489116e-03
1015 1.847324e-05 3.573534e-02
1016 6.927274e-05 2.731861e-02
1017 1.922192e-03 6.865634e-01
1018 1.976301e-05 1.060233e-01
1019 2.141659e-10 1.929922e-03
1020 1.855482e-09 1.104054e-02
1021 1.437625e-07 1.427640e-02
1022 2.622845e-11 1.414997e-03
1023 6.044713e-06 1.984309e-02
1024 2.204110e-05 2.234025e-02
1025 3.142024e-11 1.527451e-03
1026 1.248341e-12 1.937813e-03
1027 6.549546e-07 1.124558e-02
1028 1.672973e-04 1.159843e-01
1029 5.682771e-08 6.119476e-03
1030 1.288124e-09 3.061518e-03
1031 1.545542e-05 1.337950e-02
1032 1.305070e-03 5.461981e-01
1033 3.872432e-10 1.554786e-03
1034 5.817418e-06 3.173947e-02
1035 7.836592e-07 1.620617e-02
1036 2.319532e-05 1.623573e-01
1037 9.874168e-11 3.022626e-03
1038 3.596542e-08 3.139054e-03
1039 2.417703e-06 1.012421e-02
1040 2.656730e-09 3.102354e-03
1041 2.047383e-03 6.384704e-01
1042 7.419763e-07 7.842526e-03
1043 3.592448e-11 1.239527e-03
1044 5.702193e-08 3.631328e-03
1045 4.608455e-10 2.386102e-03
1046 1.739960e-13 1.277349e-03
1047 2.202404e-10 1.279854e-03
1048 1.261258e-08 4.746263e-03
1049 2.520068e-09 1.166501e-03
1050 2.084278e-03 1.173089e+00
1051 2.048930e-04 1.329841e-01
1052 1.313174e-07 2.949822e-03
1053 8.662639e-08 9.359152e-03
1054 2.209116e-10 1.868705e-03
1055 2.561924e-11 1.156858e-03
1056 6.494630e-07 9.010849e-03
1057 6.923080e-07 1.331861e-02
1058 1.264689e-09 1.572322e-03
1059 3.788039e-05 9.969700e-02
1060 1.222810e-09 1.477625e-03
1061 2.393643e-06 3.533575e-03
1062 4.495111e-11 1.140561e-03
1063 1.948101e-04 3.472392e-02
1064 1.700700e-05 6.166992e-02
1065 2.830801e-11 1.808278e-03
1066 2.128079e-11 1.188392e-03
1067 9.385997e-06 1.506560e-02
1068 8.731275e-09 1.818536e-03
1069 1.854335e-07 2.981133e-03
1070 4.643074e-10 1.193427e-03
1071 7.345065e-07 2.140339e-03
1072 3.530854e-09 2.556659e-03
1073 2.018813e-09 1.345473e-03
1074 5.626611e-10 1.907034e-03
1075 7.198660e-07 3.859990e-03
1076 5.362393e-07 4.191616e-03
1077 2.992023e-07 5.523924e-03
1078 5.656536e-06 1.537906e-02
1079 5.847772e-08 4.526353e-03
1080 9.004958e-05 7.991226e-02
1081 2.086363e-06 5.188064e-02
1082 3.552455e-07 3.780707e-03
1083 2.580288e-06 5.250245e-03
1084 1.670086e-10 1.205205e-03
1085 1.387850e-08 1.823674e-03
1086 2.709528e-08 3.022611e-03
1087 3.846982e-08 1.408844e-03
1088 9.872095e-07 8.576271e-03
1089 5.027446e-09 1.366223e-03
1090 1.223388e-11 1.204079e-03
1091 2.070953e-09 1.664289e-03
1092 1.050061e-06 2.453280e-03
1093 1.583935e-06 2.401320e-02
1094 1.323367e-04 2.531781e-02
1095 5.078001e-08 2.999524e-03
1096 1.918054e-05 4.153293e-02
1097 2.273742e-06 5.310494e-02
1098 9.486581e-08 8.095792e-03
1099 2.624704e-09 3.598476e-03
1100 2.929435e-11 1.118769e-03
1101 4.697469e-06 2.530443e-02
1102 1.968201e-07 1.199800e-02
1103 2.410621e-07 4.093873e-03
1104 4.679660e-05 3.478229e-02
1105 4.190470e-09 2.112002e-03
1106 8.354672e-03 8.446638e-01
1107 2.194478e-09 2.632478e-03
1108 3.701324e-07 8.295752e-03
1109 5.502440e-12 1.817780e-03
1110 2.738221e-07 1.049104e-02
1111 1.603506e-08 2.200191e-03
1112 2.968567e-12 1.790197e-03
1113 1.341987e-06 1.491285e-02
1114 2.992848e-05 3.401331e-02
1115 3.265170e-03 4.736290e-01
1116 1.357191e-12 1.968540e-03
1117 2.055406e-03 4.905996e-01
1118 1.911017e-07 5.121601e-03
1119 3.106830e-05 3.205740e-02
1120 7.554808e-06 7.744191e-02
1121 1.248511e-05 1.232879e-02
1122 3.332198e-07 2.089676e-02
1123 5.766220e-06 4.501788e-03
1124 1.821611e-07 1.464746e-02
1125 1.142247e-05 5.758630e-03
1126 8.979837e-08 6.942691e-03
1127 5.358204e-07 4.450192e-03
1128 7.824066e-06 5.120102e-02
1129 4.118885e-07 8.643073e-03
1130 5.587520e-08 1.234544e-02
1131 9.717260e-05 1.152763e-01
1132 2.761105e-05 1.543837e-02
1133 6.790957e-08 2.207187e-03
1134 5.244359e-04 1.255603e-01
1135 8.378693e-06 1.846156e-02
1136 8.362495e-04 2.957405e-01
1137 5.564515e-06 2.272000e-02
1138 8.981561e-11 1.865764e-03
1139 3.761988e-06 7.592835e-03
1140 5.646829e-12 2.155836e-03
1141 6.178065e-07 6.667826e-03
1142 9.900583e-05 9.689148e-02
1143 3.949867e-07 7.797247e-02
1144 2.573984e-09 6.472582e-03
1145 1.378374e-06 2.515163e-02
1146 9.841773e-04 7.866130e-01
1147 6.055884e-04 1.108714e-01
1148 1.781068e-09 2.426300e-03
1149 2.169729e-03 3.247094e-01
1150 1.278109e-11 2.359942e-03
1151 5.333790e-04 3.184758e-01
1152 3.916221e-04 1.681352e-01
1153 3.629955e-07 6.640977e-03
1154 1.230872e-09 1.933864e-03
1155 5.340573e-04 4.505879e-01
1156 1.149173e-09 2.780817e-03
1157 9.381134e-04 9.600730e-02
1158 4.392593e-07 5.896486e-03
1159 1.177304e-10 1.511906e-03
1160 1.544883e-06 3.175899e-03
1161 3.457421e-06 2.079508e-02
1162 2.673198e-05 2.337529e-01
1163 9.178947e-06 2.316203e-02
1164 1.193973e-05 6.065659e-02
1165 5.092196e-04 9.183418e-01
1166 8.050905e-04 2.508138e-01
1167 4.171951e-04 1.566859e-01
1168 8.234208e-06 4.747737e-02
1169 6.824825e-09 8.022392e-03
1170 4.599897e-07 6.223972e-03
1171 3.142729e-07 1.018431e-02
1172 4.256037e-05 9.225347e-02
1173 7.928201e-11 1.101249e-03
1174 5.250240e-04 4.598732e-01
1175 2.206751e-06 2.616728e-02
1176 5.589762e-12 1.778835e-03
1177 3.282389e-04 1.438471e-01
1178 1.069107e-03 5.685041e-01
1179 1.155037e-04 5.491619e-02
1180 7.988449e-07 9.819117e-03
1181 3.885463e-08 1.994462e-03
1182 3.016551e-05 1.324296e-02
1183 6.547036e-04 2.070330e-01
1184 7.255311e-05 6.909458e-02
1185 5.003602e-09 1.085113e-02
1186 4.659673e-04 2.377830e-01
1187 7.430821e-04 2.806069e-01
1188 4.050675e-07 2.523898e-03
1189 3.194392e-08 2.579879e-03
1190 2.101089e-13 1.991191e-03
1191 1.360297e-07 2.991891e-03
1192 8.652667e-05 1.498647e-01
1193 1.217674e-10 3.228919e-03
1194 1.198425e-06 2.916972e-02
1195 5.413039e-04 3.375355e-01
1196 2.587517e-09 5.335081e-03
1197 3.464206e-07 3.557552e-03
1198 2.333450e-05 3.679751e-03
1199 2.672014e-03 4.877842e-01
1200 9.863475e-04 5.274994e-01
1201 1.149475e-10 1.124807e-03
1202 3.500891e-05 2.725232e-02
1203 5.677777e-05 5.105979e-02
1204 2.159120e-06 7.575926e-03
1205 2.400618e-10 1.941570e-03
1206 9.659062e-04 5.572858e-01
1207 1.546409e-06 5.956037e-03
1208 4.642124e-07 6.403233e-03
1209 3.141226e-04 1.479254e-01
1210 8.551389e-05 8.198680e-02
1211 1.112584e-03 2.258087e-01
1212 1.649245e-08 3.749600e-03
1213 3.492460e-09 4.993679e-03
1214 2.749762e-05 2.733823e-02
1215 1.414679e-09 2.616426e-03
1216 1.522776e-10 2.222687e-03
1217 2.104988e-06 2.925084e-02
1218 7.951345e-07 5.923419e-03
1219 1.565801e-05 1.687993e-02
1220 4.159956e-06 2.588005e-02
1221 3.576626e-05 3.895106e-02
1222 2.459514e-07 2.364259e-02
1223 3.212976e-04 5.396432e-02
1224 6.018778e-07 9.810048e-03
1225 4.767243e-08 2.939405e-03
1226 1.012425e-08 1.837628e-03
1227 3.097423e-05 1.104681e-02
1228 1.292958e-04 3.733723e-02
1229 8.171611e-05 6.306521e-02
1230 6.896889e-08 7.520772e-03
1231 2.314991e-07 4.034789e-02
1232 1.403901e-11 5.677332e-03
1233 9.724734e-07 2.458529e-02
1234 7.883906e-10 7.617769e-03
1235 3.650591e-05 6.039650e-02
1236 1.762713e-08 4.716865e-03
1237 5.956577e-04 2.734450e-01
1238 4.766743e-07 1.435286e-02
1239 9.356344e-07 7.048362e-03
1240 1.199793e-07 4.239026e-03
1241 3.622032e-05 1.109818e-02
1242 3.087822e-03 6.005075e-01
1243 6.206795e-05 1.422392e-01
1244 1.238524e-08 3.620044e-03
1245 3.254664e-07 6.921536e-03
1246 2.282862e-10 2.014005e-03
1247 3.966108e-04 1.269736e-01
1248 1.357531e-05 6.329049e-02
1249 3.533694e-09 9.786556e-03
1250 1.394273e-09 6.206637e-03
1251 1.301375e-09 1.430297e-02
1252 2.656559e-05 8.870367e-03
1253 1.103751e-03 4.546436e-01
1254 1.201409e-09 5.368604e-03
1255 2.051621e-06 2.203406e-02
1256 1.693650e-05 1.328689e-02
1257 1.158831e-03 1.896045e-01
1258 1.292824e-09 4.848415e-03
1259 1.052992e-04 9.284485e-02
1260 8.707866e-04 3.047924e-01
1261 1.085742e-08 5.602941e-03
1262 9.856691e-06 2.282736e-02
1263 3.628451e-05 5.527983e-02
1264 8.067284e-08 3.172637e-02
1265 1.985659e-06 1.107500e-02
1266 3.516482e-07 3.504102e-02
1267 7.803618e-07 1.789979e-02
1268 4.515166e-06 9.411981e-03
1269 1.393739e-04 3.061693e-02
1270 2.756441e-03 1.483175e+00
1271 2.309862e-03 5.869680e-01
1272 3.613109e-10 1.268534e-03
1273 7.131481e-04 1.498135e-01
1274 2.559758e-06 2.094481e-02
1275 3.508956e-05 6.370638e-02
1276 1.953609e-03 7.615319e-01
1277 3.311171e-04 2.640153e-01
1278 3.159042e-03 7.284784e-01
1279 1.161339e-06 2.920980e-03
1280 2.741502e-03 3.850218e-01
1281 1.281695e-06 7.590432e-03
1282 4.258258e-05 7.421033e-02
1283 2.472521e-07 2.106391e-02
1284 1.417781e-07 4.783340e-03
1285 6.149648e-04 2.264446e-01
1286 3.252376e-11 3.201499e-03
1287 2.450254e-05 4.401866e-02
1288 1.640635e-04 7.224665e-02
1289 8.223946e-05 2.718047e-02
1290 5.481782e-06 3.207899e-02
1291 2.087403e-05 2.585324e-02
1292 4.024702e-04 4.534372e-01
1293 5.672640e-08 3.346702e-03
1294 7.920999e-08 5.889746e-03
1295 5.900852e-07 3.465260e-03
1296 4.460132e-08 1.307843e-02
1297 4.983806e-06 5.991051e-02
1298 4.418877e-06 1.579790e-02
1299 7.583144e-05 3.454429e-02
1300 2.509555e-08 2.830132e-03
1301 2.292970e-07 3.161461e-03
1302 2.408358e-03 2.325109e-01
1303 5.633010e-06 9.396746e-03
1304 1.574974e-06 8.726357e-03
1305 3.514043e-04 8.094548e-02
1306 1.384116e-04 6.039196e-02
1307 1.482088e-06 7.069611e-03
1308 1.261451e-09 2.544944e-03
1309 1.203296e-04 1.181094e-01
1310 2.865732e-12 1.448175e-03
1311 1.718897e-03 8.610127e-01
1312 1.296454e-03 4.069874e-01
1313 2.827915e-10 1.734621e-03
1314 3.087687e-07 8.613286e-03
1315 1.771347e-08 3.227918e-03
1316 3.426380e-09 2.199560e-03
1317 9.318686e-13 1.374760e-03
1318 1.242325e-04 8.103364e-02
1319 4.049621e-03 1.155351e+00
1320 3.607143e-08 3.999557e-03
1321 4.758848e-05 1.665588e-02
1322 3.681515e-11 1.135353e-03
1323 1.639781e-08 2.233840e-03
1324 2.420195e-04 2.237506e-01
1325 8.878474e-09 9.791647e-03
1326 1.931496e-05 1.307279e-02
1327 1.526509e-05 3.158573e-02
1328 2.158593e-08 2.689224e-03
1329 1.572102e-05 2.616567e-02
1330 1.054524e-07 8.253304e-03
1331 2.352399e-08 2.124865e-03
1332 6.200305e-10 1.452890e-03
1333 1.033777e-05 2.373965e-02
1334 9.974136e-07 1.377726e-02
1335 2.514769e-08 1.172236e-02
1336 3.384480e-06 9.182251e-03
1337 4.499161e-04 1.658167e-01
1338 2.799943e-08 7.357491e-03
1339 2.808135e-03 5.407460e-01
1340 3.241062e-05 1.862865e-02
1341 1.010387e-03 4.919443e-01
1342 2.095264e-09 2.470490e-03
1343 8.457856e-09 2.175573e-03
1344 8.882995e-07 3.598776e-03
1345 3.191596e-06 1.532495e-02
1346 6.922837e-08 2.861526e-02
1347 2.331693e-09 1.355855e-03
1348 1.986476e-04 8.460839e-02
1349 1.335633e-03 2.132283e-01
1350 7.689169e-06 1.336296e-02
1351 1.831973e-04 3.658533e-02
1352 5.434786e-06 1.609205e-02
1353 1.511414e-06 1.167738e-02
1354 3.934352e-09 4.958310e-03
1355 2.226091e-07 9.439459e-03
1356 3.656934e-04 3.467583e-02
1357 1.220224e-09 6.053728e-03
1358 5.091250e-06 7.960048e-03
1359 9.247607e-10 2.051839e-03
1360 2.982188e-08 4.145825e-03
1361 1.482641e-04 2.333287e-02
1362 2.259171e-04 1.758674e-01
1363 4.571848e-06 6.366016e-03
1364 9.359149e-04 8.687205e-02
1365 3.962831e-09 4.523290e-03
1366 1.634805e-07 4.610798e-03
1367 3.552806e-09 1.745223e-03
1368 2.425068e-05 6.884449e-02
1369 5.841349e-12 2.457531e-03
1370 4.743916e-08 1.648129e-03
1371 1.201377e-04 7.840297e-02
1372 8.030629e-10 4.192693e-03
1373 6.069780e-08 7.749821e-03
1374 8.674846e-08 3.413268e-03
1375 1.666109e-05 1.667667e-02
1376 5.418157e-03 1.151589e+00
1377 3.266252e-07 9.842824e-03
1378 1.860955e-09 1.432325e-03
1379 1.612203e-05 6.214211e-03
1380 1.676464e-03 7.299915e-01
1381 1.140774e-06 3.530379e-03
1382 4.803326e-09 1.284077e-03
1383 5.837507e-07 2.177657e-02
1384 3.436196e-08 4.633433e-03
1385 1.041480e-08 4.490490e-03
1386 1.378442e-07 5.860664e-03
1387 1.832228e-04 5.362438e-02
1388 5.082780e-07 7.821909e-03
1389 1.144814e-08 3.265486e-03
1390 9.856659e-09 3.100311e-03
1391 1.147396e-07 9.240252e-03
1392 1.289483e-08 2.003479e-03
1393 8.638311e-09 7.649768e-03
1394 1.408672e-07 6.515461e-03
1395 8.757702e-05 5.202830e-02
1396 1.651477e-04 5.578059e-02
1397 2.208709e-08 3.232488e-03
1398 2.350230e-05 3.252088e-02
1399 2.300318e-05 4.327093e-02
1400 1.457165e-08 4.682291e-03
1401 3.233091e-04 1.205568e-01
1402 2.436448e-07 4.637540e-03
1403 1.552593e-07 5.532614e-03
1404 3.742342e-09 2.382929e-03
1405 2.534418e-07 4.182253e-03
1406 6.634100e-05 2.341698e-02
1407 2.565126e-08 2.753349e-03
1408 2.603489e-03 9.326219e-01
1409 4.176138e-06 5.167433e-02
1410 4.949926e-08 1.108855e-02
1411 3.920873e-05 1.610853e-02
1412 4.534695e-10 4.384728e-03
1413 7.418928e-15 1.143512e-03
1414 3.165665e-10 2.434509e-03
1415 5.889598e-08 5.996301e-03
1416 2.799474e-09 2.992365e-03
1417 8.180273e-07 5.179885e-03
1418 7.643454e-08 5.031700e-03
1419 1.883204e-08 4.512854e-03
1420 1.059063e-05 2.566228e-02
1421 8.471147e-07 1.365882e-02
1422 1.499212e-04 3.801053e-02
1423 1.240828e-06 4.075529e-03
1424 1.584231e-06 7.471527e-03
1425 2.297415e-06 8.371961e-03
1426 3.306406e-06 1.018726e-02
1427 1.854131e-06 6.388631e-03
1428 1.624749e-06 8.261892e-03
1429 5.728932e-05 2.615168e-02
1430 2.686504e-04 3.440848e-01
1431 4.519416e-06 3.378870e-02
1432 1.572969e-06 1.820252e-02
1433 4.839660e-09 7.839381e-03
1434 1.197594e-06 3.731505e-03
1435 2.396583e-09 3.320846e-03
1436 2.698067e-05 1.156858e-02
1437 4.209507e-07 2.896164e-03
1438 2.020046e-05 1.589026e-02
1439 2.312087e-03 6.456122e-01
1440 2.491432e-09 2.807465e-03
1441 1.965006e-10 1.740390e-03
1442 6.341936e-09 7.298930e-03
1443 4.000763e-06 6.525318e-03
1444 1.464825e-06 8.634379e-03
1445 1.425550e-06 1.072229e-02
1446 2.393965e-06 1.677888e-02
1447 4.681550e-03 1.238188e+00
1448 1.111095e-05 4.633995e-03
1449 1.780894e-08 3.108245e-03
1450 1.047470e-06 1.371341e-02
1451 9.492370e-05 6.416410e-02
1452 1.247324e-03 2.311304e-01
1453 1.572294e-09 2.968200e-03
1454 1.797722e-08 3.940787e-03
1455 7.325506e-05 2.171103e-02
1456 9.736683e-08 1.890452e-03
1457 2.007824e-06 2.646563e-03
1458 1.068394e-06 2.922985e-03
1459 8.406057e-06 1.168916e-02
1460 2.187381e-06 1.916797e-02
1461 1.279410e-06 2.610409e-03
1462 6.002301e-08 2.175772e-03
1463 9.300575e-09 1.507183e-03
1464 3.300783e-09 2.055707e-03
1465 2.426612e-08 1.411169e-03
1466 9.510839e-06 2.467317e-02
1467 3.213590e-04 1.750690e-01
1468 3.169811e-06 9.467290e-03
1469 6.367375e-07 1.775606e-02
1470 9.789423e-11 3.690371e-03
1471 7.115127e-05 2.056706e-02
1472 2.710624e-08 6.297291e-03
1473 5.486884e-08 4.044991e-03
1474 1.961036e-08 1.696534e-02
1475 4.687228e-09 1.749806e-03
1476 1.074722e-06 2.093599e-02
1477 6.925437e-12 1.745339e-03
1478 2.811209e-07 1.659155e-02
1479 9.189503e-07 1.149070e-02
1480 1.578381e-06 4.684566e-02
1481 1.957199e-05 3.762098e-02
1482 2.691580e-06 1.730743e-02
1483 6.240995e-05 2.294165e-02
1484 5.613200e-04 3.301340e-01
1485 6.907290e-05 8.848691e-02
1486 4.169974e-05 1.975802e-01
1487 7.996616e-10 2.030046e-03
1488 1.413596e-06 2.742456e-02
1489 1.037709e-06 2.143487e-03
1490 3.050907e-05 5.387042e-03
1491 5.567400e-06 5.971699e-02
1492 9.555082e-09 6.755125e-03
1493 3.478883e-07 1.175344e-02
1494 7.712195e-08 3.027230e-03
1495 9.278113e-06 2.265700e-02
1496 1.217109e-07 4.501014e-03
1497 7.216459e-04 4.697906e-01
1498 1.705295e-08 5.334600e-03
1499 5.750868e-10 2.925371e-03
1500 5.903134e-05 1.209913e-02
1501 7.922641e-08 5.469830e-03
1502 8.849850e-05 1.618931e-01
1503 3.412209e-04 2.228625e-01
1504 4.062503e-05 3.155729e-02
1505 2.698069e-07 5.716484e-03
1506 3.210793e-06 8.188225e-03
1507 2.528054e-04 9.354764e-02
1508 8.309594e-05 3.589877e-01
1509 3.927713e-08 4.600317e-03
1510 2.657726e-08 8.563907e-03
1511 4.127474e-07 1.214519e-02
1512 1.855998e-07 7.624505e-03
1513 2.330975e-06 1.137259e-02
1514 5.991360e-09 6.428169e-03
1515 1.183125e-03 6.257523e-01
1516 5.415776e-06 1.464350e-02
1517 1.328234e-03 7.033223e-01
1518 2.737498e-06 9.356054e-03
1519 2.359072e-06 1.275422e-02
1520 8.688308e-08 1.936692e-03
1521 3.271904e-08 7.192025e-03
1522 6.226754e-05 6.914024e-02
1523 1.080778e-05 1.048929e-02
1524 2.073360e-06 1.889937e-02
1525 1.405848e-05 3.926524e-02
1526 1.080974e-06 1.225317e-02
1527 5.962346e-05 4.014863e-02
1528 1.363766e-05 1.303417e-02
1529 3.284661e-06 9.651911e-03
1530 5.473098e-08 1.488238e-02
1531 1.081414e-05 2.872544e-02
1532 1.174630e-08 5.077480e-03
1533 1.270514e-08 6.696551e-03
1534 2.158820e-05 1.447031e-02
1535 6.688440e-09 1.591033e-03
1536 7.570178e-08 2.744160e-03
1537 3.252536e-07 4.096166e-03
1538 5.246539e-08 4.118660e-03
1539 5.378894e-08 2.607598e-03
1540 6.914475e-06 3.224223e-02
1541 3.369756e-03 4.689011e-01
1542 6.027247e-04 1.588659e-01
1543 8.551321e-04 3.433586e-01
1544 2.603472e-06 1.027586e-02
1545 1.740981e-06 5.443499e-02
1546 3.555258e-06 9.395768e-03
1547 3.160694e-03 5.076091e-01
1548 9.067193e-06 2.204753e-02
1549 1.579457e-06 4.885977e-03
1550 1.897239e-09 4.407841e-03
1551 1.890608e-07 6.501236e-03
1552 1.450962e-04 2.192273e-01
1553 2.023710e-03 4.735230e-01
1554 2.542046e-07 1.026383e-02
1555 1.945559e-03 6.724579e-01
1556 1.248774e-04 2.415448e-02
1557 2.567903e-05 2.199251e-01
1558 1.311485e-03 4.928210e-01
1559 5.981708e-06 1.182046e-02
1560 8.167401e-04 2.004606e-01
1561 3.462709e-05 2.207682e-01
1562 5.131501e-10 6.923895e-03
1563 1.360569e-05 2.275215e-02
1564 8.264729e-04 4.321412e-01
1565 1.821485e-05 2.181838e-02
1566 5.813963e-08 5.372489e-03
1567 2.780077e-03 2.306109e+00
1568 1.689187e-08 1.442417e-02
1569 1.772552e-04 2.974408e-02
1570 1.310319e-03 7.355600e-01
1571 6.910592e-09 2.462409e-03
1572 3.131790e-05 5.108253e-02
1573 1.262298e-03 4.403307e-01
1574 4.554266e-05 2.203706e-02
1575 3.602588e-09 1.799242e-02
1576 3.199862e-05 9.867265e-02
1577 1.322534e-04 3.140789e-01
1578 1.141462e-03 1.542148e-01
1579 8.273454e-09 5.081694e-03
1580 1.324051e-03 8.950706e-01
1581 3.580673e-05 1.981775e-02
1582 5.421493e-07 4.827839e-03
1583 6.012224e-04 1.811506e-01
1584 2.094163e-07 1.485311e-02
1585 2.484332e-04 2.803099e-01
1586 4.789230e-06 1.270641e-02
1587 8.397985e-05 1.770932e-02
1588 1.139239e-05 2.482904e-02
1589 5.060099e-09 2.919225e-03
1590 1.257091e-05 6.476957e-03
1591 8.841286e-06 5.269489e-03
1592 1.189222e-04 1.457079e-02
1593 1.155855e-06 3.767245e-03
1594 2.466368e-06 1.694379e-02
1595 3.590221e-07 4.219593e-03
1596 9.134911e-08 3.066496e-02
1597 1.428337e-06 8.601864e-03
1598 2.157648e-05 1.808650e-02
1599 4.377379e-05 1.262796e-01
1600 1.812758e-06 1.072398e-02
1601 8.384291e-08 3.292170e-03
1602 1.476599e-03 9.734788e-01
1603 7.853691e-08 8.699778e-03
1604 7.699576e-05 4.238977e-02
1605 2.644280e-05 5.372784e-02
1606 6.517362e-04 3.782239e-01
1607 4.017357e-03 4.534094e-01
1608 8.078498e-09 4.893119e-03
1609 4.269199e-04 2.286889e-01
1610 1.136072e-03 5.060410e-01
1611 9.210804e-07 1.674444e-02
1612 4.884830e-04 2.731087e-02
1613 1.929607e-11 1.208080e-03
1614 1.677296e-03 1.142403e-01
1615 1.034275e-03 2.925070e-01
1616 1.434161e-08 2.651460e-03
1617 1.502211e-09 3.410264e-03
1618 1.402675e-07 2.706292e-03
1619 1.684410e-06 8.080769e-02
1620 1.370516e-05 6.051874e-02
1621 6.346997e-08 1.002153e-01
1622 2.083710e-05 2.453308e-02
1623 6.335002e-06 5.726774e-02
1624 7.489840e-04 5.897082e-01
1625 9.559050e-09 4.478360e-03
1626 8.569260e-04 1.329470e-01
1627 1.199414e-06 1.759481e-02
1628 3.053314e-04 1.375183e-01
1629 4.415917e-04 3.577480e-01
1630 1.066799e-03 5.441489e-01
1631 4.386667e-04 1.457025e-01
1632 1.183377e-06 6.989924e-02
1633 4.863476e-10 3.099613e-03
1634 1.835695e-09 6.778045e-03
1635 7.603265e-11 1.156793e-03
1636 2.184412e-09 2.940680e-03
1637 2.082336e-10 1.705860e-03
1638 4.812678e-09 3.093128e-03
1639 7.007726e-11 1.852138e-03
1640 3.242829e-04 6.799789e-02
1641 4.029653e-04 2.059868e-01
1642 3.229347e-03 8.200815e-01
1643 2.318461e-04 4.483669e-02
1644 2.407141e-05 1.253608e-02
1645 6.533472e-04 3.217588e-02
1646 3.042382e-03 1.264375e+00
1647 3.563126e-05 1.684222e-02
1648 4.245728e-07 4.202294e-03
1649 7.316136e-04 6.388623e-01
1650 4.922306e-04 1.280668e-01
1651 1.066266e-08 4.405644e-03
1652 1.379300e-04 1.290660e-01
1653 2.421719e-03 8.275072e-01
1654 9.355884e-07 2.350753e-02
1655 1.493840e-03 4.208980e-01
1656 8.367185e-08 1.783913e-02
1657 4.886403e-06 1.281978e-02
1658 1.263399e-06 5.277262e-03
1659 5.872049e-06 2.243097e-02
1660 2.304561e-05 9.496489e-02
1661 2.128989e-04 1.435039e-01
1662 1.013676e-03 6.569639e-02
1663 2.366677e-05 2.301206e-01
1664 1.514630e-06 1.393408e-02
1665 4.296340e-06 1.224803e-02
1666 7.872008e-05 9.599735e-02
1667 2.540997e-05 5.321958e-02
1668 8.100005e-11 8.895973e-04
1669 9.895027e-06 1.310581e-02
1670 4.361580e-08 3.679114e-03
1671 4.540049e-06 2.423513e-02
1672 1.037015e-03 2.669161e-01
1673 4.730971e-05 4.025436e-02
1674 4.080046e-07 1.099000e-02
1675 4.032203e-06 1.602302e-02
1676 3.686259e-08 2.856402e-03
1677 1.135687e-09 7.112935e-03
1678 1.047020e-07 3.677909e-03
1679 1.371398e-13 1.409525e-03
1680 1.384138e-04 9.454518e-02
1681 6.245483e-05 3.265412e-02
1682 2.329507e-06 2.613055e-02
1683 2.670186e-09 1.750281e-03
1684 1.099254e-08 3.672801e-03
1685 9.313826e-04 8.265971e-02
1686 1.018408e-03 3.214505e-01
1687 4.894431e-06 3.297083e-02
1688 1.544952e-03 3.688821e-01
1689 6.307118e-06 9.911593e-02
1690 1.193222e-09 1.776291e-03
1691 2.263363e-08 1.767558e-03
1692 1.300751e-07 6.008808e-03
1693 6.413369e-04 2.123387e-01
1694 5.502388e-05 5.166096e-02
1695 3.646039e-06 4.382238e-03
1696 1.599465e-03 4.207721e-01
1697 1.045370e-07 8.759748e-03
1698 2.609329e-03 6.144743e-01
1699 5.430939e-03 8.360579e-01
1700 7.200023e-08 4.276182e-03
1701 2.177823e-05 7.947147e-02
1702 3.616731e-05 8.933706e-02
1703 1.930174e-06 5.802836e-02
1704 3.726339e-08 1.635976e-03
1705 4.226884e-09 1.979546e-03
1706 1.763988e-06 2.662720e-03
1707 1.328857e-03 1.673410e-01
1708 9.092411e-10 8.068240e-03
1709 1.167743e-06 1.656318e-02
1710 6.757649e-08 1.163131e-02
1711 1.443549e-03 3.841145e-01
1712 1.539932e-04 9.398919e-02
1713 5.762351e-07 1.143796e-02
1714 2.376103e-04 9.960508e-02
1715 6.656694e-07 8.794965e-03
1716 8.205523e-10 4.416091e-03
1717 2.224377e-06 2.687524e-02
1718 3.889662e-06 1.355959e-02
1719 1.619419e-09 7.630481e-03
1720 1.299702e-07 9.476211e-03
1721 2.975089e-08 3.152234e-02
1722 7.077747e-09 8.443291e-03
1723 1.578232e-03 6.030495e-01
1724 3.383507e-06 3.490880e-03
1725 1.806286e-06 1.821578e-02
1726 5.961781e-04 2.357619e-01
1727 7.976567e-06 3.237890e-02
1728 1.472989e-03 4.875637e-01
1729 5.801268e-07 4.651022e-03
1730 3.984372e-04 2.758960e-01
1731 9.667862e-08 7.371819e-03
1732 6.211877e-09 1.912530e-03
1733 1.068091e-14 1.011506e-03
1734 2.399868e-04 8.679921e-02
1735 3.730734e-05 4.178392e-02
1736 1.524403e-13 1.148585e-03
1737 3.695954e-05 2.205605e-02
1738 6.143303e-07 3.645715e-03
1739 3.902912e-06 2.608923e-02
1740 7.944188e-04 1.265403e-01
1741 1.692903e-10 4.427050e-03
1742 1.246518e-04 1.202837e-01
1743 7.096255e-04 2.174089e-01
1744 2.324068e-05 4.746297e-02
1745 4.306021e-04 4.463771e-02
1746 2.941773e-08 2.725821e-03
1747 2.510716e-08 6.705487e-03
1748 1.646027e-03 6.905449e-01
1749 1.148641e-05 1.239649e-02
1750 6.959275e-06 9.728770e-03
1751 1.293526e-07 6.519188e-03
1752 3.065654e-09 2.143600e-03
1753 1.060218e-04 5.861674e-02
1754 1.732381e-07 5.576496e-03
1755 3.867248e-06 6.689394e-03
1756 1.135472e-07 1.983565e-02
1757 4.559056e-07 1.515914e-02
1758 1.048901e-04 2.416388e-01
1759 3.016621e-07 5.165594e-03
1760 1.904136e-03 6.362280e-01
1761 1.421443e-08 7.060856e-03
1762 4.018629e-07 4.337607e-03
1763 1.273553e-07 1.170476e-02
1764 3.078523e-08 6.939233e-03
1765 4.498369e-05 3.487604e-02
1766 1.029481e-07 4.499843e-03
1767 9.289937e-05 1.009917e-02
1768 5.054954e-05 5.806467e-02
1769 5.732760e-04 1.284031e-01
1770 5.281837e-08 8.551026e-03
1771 6.544072e-06 1.151294e-02
1772 2.710632e-04 5.100752e-01
1773 2.104346e-03 4.578256e-01
1774 2.759438e-09 2.935276e-03
1775 4.794505e-11 2.829930e-03
1776 7.704960e-08 1.939634e-02
1777 7.682720e-07 1.265925e-02
1778 1.542505e-07 7.270835e-03
1779 4.115844e-06 1.747855e-02
1780 3.596186e-09 2.812087e-03
1781 3.057110e-11 1.305323e-03
1782 2.737059e-10 3.173231e-03
1783 2.050856e-07 7.432896e-03
1784 9.205540e-06 3.440157e-02
1785 2.352440e-07 4.459315e-03
1786 2.359033e-06 3.388178e-02
1787 2.118473e-03 6.277501e-01
1788 7.105764e-10 4.441666e-03
1789 1.416670e-04 4.387595e-02
1790 7.455264e-09 2.235108e-03
1791 9.262582e-08 5.837598e-03
1792 2.461770e-06 7.194697e-03
1793 7.690768e-08 9.524073e-03
1794 2.099514e-04 1.063874e-01
1795 4.052974e-05 8.792696e-03
1796 9.706138e-04 7.071919e-01
1797 1.698632e-08 1.740248e-02
1798 4.837138e-07 6.666268e-03
1799 3.361661e-09 2.885591e-03
1800 3.846873e-06 5.604594e-02
1801 5.583812e-05 6.827682e-03
1802 1.680986e-05 4.026799e-02
1803 2.212757e-08 2.049719e-03
1804 3.581656e-07 3.025624e-03
1805 2.233002e-08 1.103896e-02
1806 3.460474e-07 6.005473e-03
1807 4.414505e-09 1.571587e-03
1808 7.771191e-04 8.518592e-01
1809 9.046475e-07 1.175385e-02
1810 4.304342e-04 2.748681e-01
1811 1.252203e-08 7.842641e-03
1812 4.642223e-08 5.934180e-03
1813 1.711325e-06 1.455007e-02
1814 3.349086e-10 2.832742e-03
1815 9.950533e-08 2.575629e-02
1816 1.507291e-04 3.499995e-02
1817 6.653218e-07 4.865673e-03
1818 6.114971e-08 4.833417e-03
1819 9.812736e-14 2.082381e-03
1820 2.822484e-09 1.597630e-03
1821 5.063905e-09 3.413013e-03
1822 9.495890e-04 2.201950e-01
1823 2.138461e-05 4.185451e-02
1824 1.298385e-05 4.752281e-02
1825 2.147886e-03 8.124466e-01
1826 1.540635e-04 1.857925e-01
1827 1.536966e-04 6.755298e-02
1828 1.294294e-04 4.663022e-02
1829 1.790222e-06 1.220355e-02
1830 2.824458e-08 3.102556e-03
1831 7.318301e-10 1.703528e-03
1832 3.765426e-07 1.495598e-02
1833 3.366942e-05 2.195974e-02
1834 1.320634e-06 3.673113e-03
1835 8.142211e-09 3.577541e-03
1836 4.311896e-04 5.288003e-01
1837 1.682600e-03 3.560734e-01
1838 9.047545e-05 2.205048e-02
1839 5.637694e-07 3.747557e-02
1840 2.185051e-06 3.914020e-02
1841 8.507261e-05 1.014007e-01
1842 2.024624e-07 6.897818e-03
1843 3.276748e-08 8.683084e-03
1844 1.851512e-08 2.765474e-03
1845 5.390331e-05 4.441134e-02
1846 3.258240e-10 3.506988e-03
1847 2.762100e-07 6.009357e-02
1848 3.201756e-10 2.206609e-03
1849 1.826899e-08 1.367670e-02
1850 1.352178e-08 1.479166e-02
1851 2.907167e-06 3.669240e-02
1852 1.016715e-05 2.270201e-02
1853 3.221690e-05 5.536381e-02
1854 9.432935e-06 1.196568e-01
1855 9.794553e-06 4.691655e-02
1856 4.206084e-11 2.267660e-03
1857 4.443149e-09 4.628123e-03
1858 1.693271e-07 3.962260e-03
1859 2.320617e-09 3.269154e-03
1860 4.271769e-06 2.335754e-02
1861 9.667160e-08 7.735305e-03
1862 1.009343e-03 4.037066e-01
1863 8.716284e-11 3.006961e-03
1864 2.107119e-08 2.669031e-03
1865 1.651034e-08 1.142273e-02
1866 1.615154e-04 9.987985e-02
1867 1.149818e-10 2.611332e-03
1868 4.859613e-06 1.075657e-02
1869 4.365857e-04 4.932614e-01
1870 1.227381e-06 6.070281e-03
1871 6.361938e-08 1.130513e-02
1872 7.991137e-09 7.174918e-03
1873 7.722050e-09 1.843168e-03
1874 3.847908e-07 2.198731e-03
1875 1.838102e-03 1.112139e+00
1876 2.560291e-08 2.424457e-03
1877 1.706595e-07 3.193522e-03
1878 1.200749e-08 6.553670e-03
1879 2.345915e-06 1.170222e-02
1880 2.610038e-04 7.612136e-02
1881 8.333931e-07 4.513478e-02
1882 1.384820e-09 3.948314e-03
1883 6.331686e-07 1.345054e-02
1884 2.406470e-03 2.912278e-01
1885 2.094525e-06 7.037632e-03
1886 1.057941e-03 1.002641e-01
1887 1.367782e-04 4.839224e-02
1888 6.783198e-08 3.275661e-03
1889 1.274605e-08 1.317220e-03
1890 5.818841e-07 1.208027e-02
1891 9.439524e-04 2.086260e-01
1892 6.738206e-08 1.486089e-02
1893 6.960706e-05 6.736273e-02
1894 3.369165e-03 1.512311e+00
1895 2.342908e-04 8.121259e-02
1896 5.040369e-05 1.275501e-01
1897 1.282594e-08 4.002120e-03
1898 3.660448e-05 5.415028e-02
1899 7.496965e-06 1.172749e-02
1900 2.901299e-04 1.750761e-01
1901 2.320146e-08 4.904386e-03
1902 1.636869e-08 1.854743e-03
1903 4.982907e-07 1.103625e-02
1904 2.237894e-06 8.281868e-03
1905 5.447329e-07 5.243548e-03
1906 7.897528e-06 6.550010e-03
1907 2.192689e-10 3.760349e-03
1908 3.457822e-08 1.714297e-03
1909 2.280780e-05 1.701745e-02
1910 8.978913e-05 1.045508e-01
1911 3.523195e-04 1.733043e-01
1912 8.358336e-06 7.683477e-02
1913 4.655687e-06 6.321884e-02
1914 1.086551e-07 4.779275e-03
1915 3.812252e-10 7.895659e-03
1916 1.010399e-03 9.376189e-01
1917 1.806167e-03 5.750237e-01
1918 4.843328e-05 3.547272e-02
1919 1.552226e-04 3.619761e-02
1920 5.089822e-05 3.261309e-02
1921 1.296689e-10 1.367047e-03
1922 4.345740e-06 4.805745e-03
1923 1.659732e-07 3.149807e-03
1924 1.086015e-07 2.428644e-03
1925 2.328275e-08 2.132959e-03
1926 6.008293e-05 1.640514e-01
1927 1.721634e-06 1.158652e-02
1928 3.755597e-10 1.791339e-03
1929 1.124068e-05 1.615836e-02
1930 7.744143e-06 1.786805e-02
1931 3.438788e-05 2.757095e-02
1932 1.619400e-08 3.379170e-02
1933 3.049037e-07 1.611584e-02
1934 1.324469e-05 7.027285e-02
1935 1.325597e-05 1.779448e-02
1936 1.128955e-07 1.255277e-02
1937 4.245051e-06 5.576509e-03
1938 3.248363e-11 2.010178e-03
1939 1.323876e-04 2.877910e-01
1940 7.726639e-08 2.261683e-02
1941 1.318095e-04 1.825479e-02
1942 2.696684e-05 8.386222e-02
1943 5.879806e-07 3.241697e-02
1944 3.303327e-04 2.906350e-01
1945 1.606905e-05 4.129224e-02
1946 8.746714e-07 7.081842e-03
1947 1.081778e-05 6.206366e-03
1948 4.003714e-09 1.708325e-03
1949 7.001721e-04 2.090114e-01
1950 3.235910e-05 3.479682e-02
1951 8.592236e-06 4.265331e-02
1952 4.922236e-07 7.187851e-03
1953 1.168067e-04 6.768890e-02
1954 3.569513e-06 7.619071e-02
1955 2.117494e-06 1.016013e-02
1956 1.497974e-05 5.838418e-02
1957 1.229128e-05 8.584598e-03
1958 2.650896e-05 2.201724e-02
1959 1.005830e-05 2.749065e-02
1960 8.639118e-06 3.112363e-02
1961 3.252443e-06 1.062081e-01
1962 3.954466e-04 1.427671e-01
1963 2.323163e-04 1.074531e-01
1964 3.780288e-07 4.038321e-03
1965 1.698262e-06 1.518666e-02
1966 5.713119e-08 6.703776e-03
1967 5.721356e-06 5.698209e-02
1968 1.114146e-09 2.103129e-03
1969 2.165459e-03 3.915164e-01
1970 6.249621e-04 1.132792e-01
1971 1.323093e-03 3.993155e-01
1972 7.593694e-05 2.270683e-02
1973 1.353976e-04 2.107932e-01
1974 3.031777e-08 4.243595e-03
1975 5.601201e-04 3.294903e-01
1976 1.087806e-04 1.315697e-01
1977 1.159633e-06 7.741295e-03
1978 1.581325e-08 4.048490e-03
1979 9.107729e-04 1.219522e-01
1980 4.054980e-04 2.395828e-02
1981 3.710418e-06 5.529965e-02
1982 7.730621e-09 2.801734e-03
1983 1.253623e-06 2.418162e-03
1984 2.972619e-07 2.762280e-02
1985 3.415021e-05 1.876382e-02
1986 2.195834e-05 1.295092e-02
1987 7.419510e-07 3.499910e-02
1988 2.435971e-04 2.339267e-01
1989 1.350991e-07 1.453251e-03
1990 2.587810e-06 5.594296e-03
1991 1.897367e-06 9.438637e-03
1992 1.514190e-03 6.174529e-01
1993 1.583131e-09 1.188422e-03
1994 8.382648e-09 1.259164e-03
1995 7.061914e-04 1.897436e-01
1996 3.935766e-08 5.553109e-03
1997 4.976537e-08 2.108359e-03
1998 1.460439e-05 1.891243e-02
1999 1.863269e-05 1.312015e-01
2000 1.489029e-07 2.652924e-03
2001 3.135282e-08 3.122208e-03
