1 2.573515e-03 1.257741e+00
2 1.419667e-07 2.053110e-02
3 4.050191e-07 3.444376e-03
4 1.347954e-08 1.868042e-03
5 5.206202e-08 2.635047e-03
6 1.811381e-03 6.912696e-01
7 1.641404e-06 1.438807e-02
8 1.528334e-08 4.269074e-02
9 1.524250e-11 2.383826e-03
10 1.121697e-04 1.064748e-01
11 4.749687e-09 5.169895e-03
12 3.126401e-11 1.231085e-03
13 1.839353e-06 2.348829e-01
14 2.323498e-09 7.641401e-03
15 8.005893e-09 3.083005e-03
16 9.048402e-06 3.142561e-02
17 1.190910e-09 1.937586e-03
18 1.034693e-03 4.447965e-01
19 3.656724e-07 8.438058e-03
20 1.709272e-12 1.022715e-03
21 2.324887e-03 1.447888e+00
22 3.996757e-07 5.895273e-03
23 1.373228e-04 4.882568e-02
24 1.018350e-03 6.174771e-01
25 3.668066e-04 3.283428e-01
26 4.018236e-07 4.787903e-03
27 5.839677e-06 2.591401e-02
28 1.446601e-08 3.638516e-03
29 1.162641e-03 1.090284e+00
30 1.301294e-03 9.622988e-01
31 8.451800e-04 3.574907e-01
32 2.064422e-04 6.212031e-02
33 1.330342e-08 1.233760e-03
34 8.134719e-09 1.157028e-03
35 2.611467e-08 3.144095e-03
36 9.686660e-04 7.034076e-01
37 5.884044e-06 1.186153e-01
38 8.453185e-08 8.890763e-03
39 4.707562e-10 1.949669e-03
40 2.764633e-08 3.583772e-03
41 2.572671e-05 2.758744e-02
42 2.112851e-09 5.033773e-03
43 2.184734e-03 4.803589e-01
44 2.157999e-04 1.005810e-01
45 6.528644e-05 1.573859e-01
46 2.211490e-05 1.323456e-02
47 4.673353e-04 2.983028e-01
48 6.703087e-05 1.283271e-01
49 1.815951e-06 1.093322e-02
50 3.465418e-03 1.318425e+00
51 3.426106e-06 1.223281e-02
52 2.401216e-06 2.469825e-02
53 1.759779e-05 1.433935e-02
54 4.622884e-09 9.966251e-03
55 1.557717e-07 5.174494e-03
56 1.561284e-05 1.092019e-02
57 1.393963e-08 1.460330e-02
58 2.008617e-04 2.752235e-01
59 6.608217e-04 1.454345e-01
60 2.924439e-12 1.410655e-03
61 1.188290e-03 1.413911e+00
62 1.388898e-05 3.611315e-02
63 3.386349e-09 1.924213e-03
64 5.223367e-10 4.167802e-03
65 4.389672e-05 5.375100e-02
66 2.215742e-08 4.635002e-03
67 3.847774e-09 7.372405e-03
68 1.318808e-06 8.705548e-03
69 4.686169e-08 1.440128e-03
70 2.519888e-10 1.343203e-03
71 3.776341e-03 4.727294e-01
72 7.434827e-06 2.085849e-02
73 5.283300e-08 4.155101e-03
74 1.158268e-04 2.148269e-01
75 7.908014e-05 1.587313e-02
76 9.654547e-07 2.916772e-03
77 1.150615e-05 4.038971e-02
78 4.976610e-04 5.891367e-01
79 8.252795e-04 4.235118e-01
80 1.280253e-06 2.939107e-03
81 1.111140e-08 1.645233e-03
82 2.661253e-05 1.152406e-02
83 2.161287e-04 4.001025e-02
84 1.336769e-08 1.878979e-03
85 1.477378e-03 2.718318e-01
86 2.654315e-05 8.043474e-03
87 1.794807e-09 2.829559e-03
88 3.135906e-08 1.711789e-03
89 2.420991e-06 2.318320e-02
90 2.093799e-04 3.070198e-01
91 8.749199e-04 4.886391e-01
92 5.812248e-03 1.606922e+00
93 2.797781e-06 1.466703e-02
94 1.764611e-07 4.198726e-03
95 1.299890e-03 1.238268e+00
96 4.392373e-04 5.669754e-02
97 7.110553e-10 3.515212e-02
98 3.594815e-08 3.506223e-03
99 1.607620e-04 5.500315e-02
100 3.160275e-03 2.263621e+00
101 8.120173e-07 5.204248e-03
102 2.569849e-07 1.511310e-02
103 3.662671e-04 4.948360e-01
104 1.459565e-06 4.392423e-02
105 9.686167e-06 6.883098e-02
106 3.111182e-09 8.996996e-03
107 1.163436e-08 2.882705e-03
108 1.115536e-06 1.934848e-02
109 6.515729e-08 5.147482e-03
110 1.921681e-07 1.188202e-02
111 3.505699e-04 8.672120e-01
112 1.606716e-04 1.306349e-01
113 3.453307e-03 1.125920e+00
114 4.018016e-03 7.505564e-01
115 1.399957e-04 2.038291e-01
116 3.922454e-04 4.258011e-01
117 1.540690e-03 4.274450e-01
118 2.715909e-03 9.959544e-01
119 1.940543e-11 4.547742e-03
120 9.099485e-12 3.640481e-03
121 2.849878e-08 1.150568e-02
122 5.011470e-09 1.887049e-03
123 3.071886e-07 6.083297e-03
124 1.396604e-06 1.417627e-02
125 2.142999e-11 3.999725e-03
126 1.382655e-08 6.173725e-03
127 2.208149e-09 9.668939e-03
128 1.053294e-07 7.919197e-03
129 1.406801e-09 4.474475e-03
130 1.026563e-09 3.978763e-03
131 2.386308e-09 5.911368e-03
132 2.868571e-09 4.688198e-03
133 5.054158e-09 7.682092e-03
134 1.625074e-05 2.502391e-02
135 2.896545e-09 4.542166e-03
136 1.323179e-08 4.114094e-03
137 2.782897e-07 1.306206e-02
138 2.613477e-09 9.367662e-03
139 2.838532e-08 8.743287e-03
140 8.834405e-10 5.190238e-03
141 7.023098e-11 3.030588e-03
142 3.097892e-09 3.134366e-03
143 2.275956e-08 6.955144e-03
144 1.103031e-10 8.570780e-03
145 2.775476e-11 4.700500e-03
146 9.716889e-10 6.133350e-03
147 9.138147e-10 6.330004e-03
148 8.590063e-11 7.990665e-03
149 1.190617e-08 4.305690e-03
150 1.867146e-11 3.988117e-03
151 6.512574e-08 1.011578e-02
152 7.055077e-08 5.986753e-03
153 1.065007e-08 2.991668e-03
154 1.560162e-09 3.767360e-03
155 3.602919e-10 3.024427e-03
156 6.097691e-09 3.884887e-03
157 5.818407e-09 4.043197e-03
158 7.999324e-08 4.820214e-03
159 5.088207e-08 5.934692e-03
160 8.372383e-09 5.189987e-03
161 7.149156e-09 3.135723e-03
162 1.181666e-10 3.003947e-03
163 3.082006e-10 3.081713e-03
164 3.500126e-12 1.642620e-03
165 1.880524e-11 1.682326e-03
166 1.115675e-12 1.657503e-03
167 1.449077e-10 2.938001e-03
168 1.805515e-09 3.318886e-03
169 1.183953e-06 6.232035e-03
170 1.414780e-12 1.639733e-03
171 9.585938e-10 3.423476e-03
172 3.176141e-10 3.219863e-03
173 1.168069e-10 1.619464e-03
174 1.214016e-10 3.088070e-03
175 2.077350e-09 3.095553e-03
176 1.465095e-09 2.999534e-03
177 1.344167e-10 1.656937e-03
178 2.263903e-08 2.309278e-03
179 5.581875e-11 1.614984e-03
180 4.444959e-10 3.096289e-03
181 1.454536e-10 2.125505e-03
182 4.529112e-10 3.398131e-03
183 1.064042e-11 1.196617e-03
184 1.383086e-12 1.614904e-03
185 4.662221e-11 1.233361e-03
186 5.151750e-10 2.180234e-03
187 1.703607e-11 1.906960e-03
188 2.817892e-12 1.592576e-03
189 5.614695e-12 1.134017e-03
190 1.510056e-11 1.208942e-03
191 7.981580e-05 2.623261e-02
192 1.484606e-06 4.534539e-03
193 2.195372e-04 8.280302e-02
194 2.058175e-04 7.573441e-02
195 4.122363e-07 7.238229e-03
196 4.555116e-05 2.103299e-02
197 2.770108e-04 1.158246e-01
198 3.925746e-07 6.709062e-03
199 6.955192e-06 1.518137e-02
200 1.716958e-07 1.092894e-02
201 4.633110e-05 2.542380e-02
202 4.384185e-06 2.451992e-02
203 7.036995e-08 3.539034e-03
204 5.629259e-06 7.090558e-03
205 6.916158e-07 8.712468e-03
206 1.315218e-07 3.921530e-03
207 9.298780e-08 9.691356e-03
208 3.896886e-09 3.469480e-03
209 3.128471e-07 8.268396e-03
210 1.028290e-07 4.845870e-03
211 2.763720e-08 2.426562e-03
212 2.554712e-04 9.163949e-02
213 8.715724e-09 2.477830e-03
214 3.920509e-10 4.267873e-03
215 1.577443e-07 5.300422e-03
216 3.690398e-07 8.319165e-03
217 1.366622e-08 2.127952e-03
218 7.087436e-07 2.738698e-02
219 6.113683e-06 2.254677e-02
220 1.263070e-09 3.566631e-03
221 6.909696e-09 4.005182e-03
222 3.339478e-09 7.096231e-03
223 5.519514e-08 9.836382e-03
224 3.495469e-10 3.045440e-03
225 3.317930e-08 5.527593e-03
226 1.475143e-08 3.701020e-03
227 8.459807e-09 4.294707e-03
228 2.024880e-08 5.070146e-03
229 2.198060e-06 1.565647e-02
230 6.977765e-07 8.237731e-03
231 5.700220e-07 6.974807e-03
232 2.198453e-07 5.147216e-03
233 3.748311e-07 6.248887e-03
234 1.142962e-06 5.250175e-03
235 2.367281e-09 4.505324e-03
236 8.743087e-07 5.215174e-03
237 6.948036e-10 3.369260e-03
238 5.340968e-08 5.756470e-03
239 1.202188e-08 3.551394e-03
240 3.414540e-08 3.170272e-03
241 2.863889e-07 4.190156e-03
242 1.384879e-07 5.095801e-03
243 5.267857e-09 3.177770e-03
244 1.967005e-08 4.717997e-03
245 1.122704e-07 5.009861e-03
246 7.330355e-09 3.848083e-03
247 3.121880e-07 5.005890e-03
248 6.009266e-08 2.686648e-03
249 1.577356e-06 8.441421e-03
250 9.272141e-08 4.239101e-03
251 2.971927e-08 2.931483e-03
252 7.406466e-07 7.266629e-03
253 6.121740e-09 3.336639e-03
254 5.835200e-08 4.834880e-03
255 5.581039e-07 6.717043e-03
256 2.442123e-08 2.747755e-03
257 2.115144e-08 3.454340e-03
258 1.396900e-06 8.696178e-03
259 9.859385e-06 2.203584e-02
260 5.599502e-06 1.840746e-02
261 8.664101e-06 1.749012e-02
262 2.735154e-07 6.744798e-03
263 3.140507e-06 1.047992e-02
264 5.355708e-07 2.115296e-02
265 7.154221e-08 7.292588e-03
266 7.637406e-06 2.292796e-02
267 1.181096e-06 4.746994e-02
268 2.507852e-08 2.091094e-02
269 4.548590e-08 3.197937e-02
270 7.132876e-09 4.411192e-03
271 6.369371e-08 7.489305e-03
272 1.255486e-08 6.862124e-03
273 1.366363e-07 4.507884e-03
274 5.972726e-07 5.889118e-03
275 8.121344e-09 8.645740e-03
276 2.055891e-06 3.896059e-02
277 8.251584e-10 3.486096e-03
278 1.725373e-08 2.712426e-03
279 3.707964e-08 1.667794e-02
280 1.065773e-07 6.152002e-03
281 3.292836e-09 8.691267e-03
282 1.536750e-07 1.289272e-02
283 6.603028e-08 3.441884e-03
284 1.021943e-06 9.586002e-03
285 1.205753e-05 4.204625e-02
286 6.676285e-06 4.604105e-02
287 9.310900e-07 7.623321e-03
288 2.531681e-06 1.574248e-02
289 2.050570e-05 5.068669e-02
290 4.607279e-05 7.573434e-02
291 1.202767e-06 8.688493e-03
292 4.465235e-05 2.540135e-02
293 1.130505e-06 1.941581e-02
294 8.480852e-06 3.044637e-02
295 2.734714e-07 1.894760e-02
296 2.113871e-03 3.797633e-01
297 7.878778e-03 1.158961e+00
298 2.981341e-04 5.533756e-02
299 1.298113e-08 4.609478e-03
300 6.733250e-10 4.601028e-03
301 4.196014e-03 4.317656e-01
302 5.467434e-08 5.134903e-03
303 4.675591e-08 3.121363e-03
304 1.602336e-09 2.281897e-03
305 9.007763e-10 2.666872e-03
306 1.686094e-11 2.689724e-03
307 1.273630e-11 2.646544e-03
308 2.098226e-11 2.581899e-03
309 9.974197e-07 6.434020e-03
310 4.651621e-12 3.223254e-03
311 2.823883e-13 2.653570e-03
312 5.721109e-08 2.254630e-03
313 6.322722e-12 2.542545e-03
314 3.133520e-11 2.549024e-03
315 2.697180e-14 2.676365e-03
316 7.974160e-11 2.822459e-03
317 1.800174e-12 1.929810e-03
318 8.939772e-12 1.947590e-03
319 1.214503e-09 2.286521e-03
320 1.540182e-13 2.507136e-03
321 5.891020e-13 1.426056e-03
322 6.650629e-05 8.671924e-02
323 1.184392e-05 1.010150e-01
324 3.265538e-10 9.486986e-03
325 1.261391e-05 1.571452e-02
326 5.294122e-11 3.487228e-03
327 2.774063e-08 2.385254e-02
328 2.591742e-09 9.804292e-03
329 5.409506e-05 1.045553e-01
330 7.051226e-04 6.839415e-01
331 5.824283e-07 3.430734e-02
332 6.664760e-04 3.009759e-01
333 1.410873e-08 5.094345e-03
334 4.951286e-07 1.458379e-02
335 8.458772e-11 8.353930e-03
336 5.988611e-08 1.557682e-02
337 5.523031e-04 1.472029e-01
338 7.113327e-06 2.669806e-02
339 1.388294e-03 5.990360e-01
340 1.583907e-06 7.014032e-03
341 2.836263e-07 6.820361e-03
342 2.202691e-06 2.053749e-02
343 2.969716e-06 4.430593e-02
344 1.084573e-07 4.014513e-03
345 2.304845e-05 1.059896e-02
346 4.559734e-08 2.564484e-03
347 3.045997e-08 2.985583e-03
348 4.081439e-06 1.212172e-02
349 1.517065e-05 1.329270e-02
350 1.780967e-08 3.258533e-03
351 2.638861e-08 2.860100e-03
352 4.074499e-06 3.956457e-03
353 9.638757e-05 1.387584e-02
354 5.091085e-06 5.249883e-03
355 2.989283e-05 5.758419e-03
356 7.788740e-08 2.374693e-03
357 2.966434e-05 1.559338e-02
358 6.385370e-05 2.785983e-02
359 1.108517e-06 7.477258e-03
360 2.347031e-06 6.365955e-03
361 2.035157e-06 4.620600e-02
362 1.637906e-07 2.480074e-03
363 1.297393e-08 3.366247e-03
364 4.074499e-06 3.956457e-03
365 6.616261e-05 4.417877e-02
366 3.295702e-05 1.447911e-02
367 2.663181e-06 1.146336e-02
368 1.517065e-05 1.329270e-02
369 7.202796e-06 9.202328e-02
370 2.264578e-07 1.406949e-02
371 3.049389e-07 1.975805e-02
372 3.947859e-03 1.317711e+00
373 4.464053e-04 1.920195e-01
374 1.604110e-03 1.474359e+00
375 9.762739e-06 2.668719e-02
376 7.671180e-04 4.408324e-01
377 8.523386e-07 9.515260e-03
378 3.857659e-04 5.261960e-02
379 1.717515e-07 9.081566e-03
380 1.425910e-05 1.533803e-02
381 6.392843e-10 1.913215e-03
382 5.809613e-08 1.014007e-02
383 1.126188e-09 1.824550e-03
384 1.555142e-07 8.149507e-03
385 1.458449e-10 4.590682e-03
386 1.292220e-07 6.546042e-03
387 1.636193e-07 1.593809e-02
388 4.782448e-10 2.770234e-03
389 2.214239e-06 6.457259e-03
390 9.882172e-07 5.006568e-03
391 2.510758e-06 3.329362e-02
392 2.361365e-04 5.341936e-02
393 6.733992e-06 1.728971e-02
394 2.998652e-08 3.019683e-03
395 1.163826e-07 8.362314e-03
396 5.791815e-06 4.014098e-02
397 2.229895e-05 2.130097e-02
398 6.337490e-05 4.432192e-02
399 1.059823e-05 1.204914e-02
400 1.402145e-04 5.308487e-02
401 1.347323e-06 9.253751e-03
402 8.468685e-07 7.148850e-03
403 1.606671e-06 9.515399e-03
404 1.777764e-05 1.892043e-02
405 7.991019e-06 1.213301e-02
406 7.207799e-07 8.986505e-03
407 8.252848e-08 4.583558e-03
408 2.954433e-06 1.066613e-02
409 2.208377e-03 1.133440e+00
410 1.525259e-05 2.485810e-02
411 3.483144e-06 1.984947e-02
412 2.092499e-04 9.093896e-02
413 1.899278e-06 8.375798e-03
414 2.120354e-06 1.007384e-02
415 1.245699e-06 6.233193e-03
416 1.099342e-06 6.903528e-03
417 1.612072e-06 1.009881e-02
418 6.622185e-04 1.710383e-01
419 1.781036e-04 1.815916e-01
420 1.886872e-04 9.203698e-02
421 6.639867e-06 2.304141e-02
422 9.233987e-06 3.250229e-02
423 2.691889e-04 1.309842e-01
424 1.266991e-03 3.584642e-01
425 1.160139e-04 1.452935e-01
426 2.876851e-05 4.903035e-02
427 8.924530e-04 3.327834e-01
428 5.641873e-05 4.867696e-02
429 2.601801e-05 3.589816e-02
430 3.704128e-05 5.623393e-02
431 9.308801e-05 8.643962e-02
432 6.007342e-05 3.204625e-02
433 1.288742e-05 2.547318e-02
434 6.680392e-05 5.729618e-02
435 9.928611e-06 5.311271e-02
436 2.013343e-05 4.758109e-02
437 3.004760e-05 4.739283e-02
438 7.276737e-06 2.931223e-02
439 8.354244e-04 4.425308e-01
440 1.033628e-05 3.393930e-02
441 5.821091e-06 2.315056e-02
442 1.976168e-04 1.061684e-01
443 1.970392e-06 2.655018e-02
444 1.846152e-03 7.223860e-01
445 1.813073e-04 2.672708e-01
446 3.693013e-13 9.154252e-04
447 4.312223e-14 1.224538e-03
448 3.229661e-14 9.088609e-04
449 1.603694e-14 9.125942e-04
450 1.043164e-13 9.935044e-04
451 6.791611e-11 1.782296e-03
452 1.633812e-12 1.227391e-03
453 2.186372e-11 1.122177e-03
454 6.967395e-13 1.245292e-03
455 5.090953e-12 1.251107e-03
456 4.456426e-14 1.031946e-03
457 4.736452e-16 9.244453e-04
458 7.553086e-13 1.233128e-03
459 1.596033e-07 1.456173e-02
460 5.602015e-12 2.593579e-03
461 5.752406e-14 1.054475e-03
462 1.294005e-11 2.965567e-03
463 4.753717e-12 1.127622e-03
464 1.527266e-12 1.328802e-03
465 1.220397e-13 1.151013e-03
466 1.133060e-13 1.381003e-03
467 3.002153e-13 1.082767e-03
468 8.389345e-14 1.091935e-03
469 7.492063e-13 1.325869e-03
470 2.723206e-12 1.754955e-03
471 1.123796e-12 1.218722e-03
472 1.309776e-13 1.118995e-03
473 5.264168e-13 1.318778e-03
474 8.285174e-14 1.048071e-03
475 1.853160e-12 1.316116e-03
476 1.153195e-09 1.412746e-03
477 3.160652e-07 3.279964e-03
478 2.837870e-07 7.880763e-03
479 4.808295e-10 1.574853e-03
480 3.114335e-10 2.067437e-03
481 3.155955e-11 1.859013e-03
482 2.273474e-11 2.108262e-03
483 1.266049e-11 2.060984e-03
484 5.254378e-08 2.123918e-03
485 2.922227e-10 1.760001e-03
486 7.988299e-06 1.500106e-02
487 8.663803e-10 1.487621e-03
488 1.571655e-06 9.607180e-03
489 2.067171e-03 7.829079e-01
490 8.017464e-06 7.904376e-03
491 7.182059e-06 9.359431e-03
492 5.039606e-06 6.345059e-03
493 1.079844e-06 6.998684e-03
494 7.724672e-09 6.451292e-03
495 2.652567e-08 4.951309e-03
496 1.913162e-04 6.112761e-02
497 3.659436e-05 5.626493e-02
498 2.738952e-06 8.994368e-03
499 2.307797e-08 7.828881e-03
500 1.447141e-09 5.142038e-03
501 1.074234e-05 1.138900e-02
502 1.046302e-03 5.901364e-01
503 1.421730e-05 1.462405e-02
504 7.732830e-05 2.358973e-02
505 2.422983e-07 7.361236e-03
506 2.413580e-04 6.158035e-02
507 1.277805e-04 4.405975e-02
508 7.731155e-06 1.422598e-02
509 4.309763e-09 8.606691e-03
510 6.991856e-06 1.349706e-02
511 2.118154e-06 6.581848e-03
512 1.689966e-07 8.289660e-03
513 9.350965e-06 9.162413e-03
514 3.146884e-03 1.176712e+00
515 1.191105e-07 6.983481e-03
516 1.547255e-08 6.856460e-03
517 1.407191e-06 1.399595e-02
518 5.877628e-08 6.911199e-03
519 2.975171e-06 2.348778e-02
520 1.020568e-06 1.869979e-02
521 4.631839e-05 3.349408e-02
522 4.266264e-05 3.108982e-02
523 2.799361e-05 2.921820e-02
524 2.988236e-07 1.310603e-02
525 1.543221e-06 8.288620e-03
526 9.492364e-06 2.440457e-02
527 3.715811e-07 9.876679e-03
528 5.918509e-08 5.988915e-03
529 1.540653e-06 1.773360e-02
530 2.249940e-07 5.168279e-03
531 4.171555e-07 7.312378e-03
532 1.935159e-06 1.908093e-02
533 5.383473e-07 1.257875e-02
534 1.906303e-07 1.146121e-02
535 2.210441e-06 1.245472e-02
536 5.975711e-05 4.292014e-02
537 1.399405e-06 2.501563e-02
538 5.408459e-07 1.263562e-02
539 2.096116e-05 2.729590e-02
540 8.660158e-06 2.322508e-02
541 8.566801e-06 2.594554e-02
542 1.374653e-03 3.505730e-01
543 5.367456e-07 1.910642e-02
544 9.826627e-07 7.550140e-03
545 1.492246e-07 7.455302e-03
546 2.446519e-07 6.091056e-03
547 2.937149e-11 2.494631e-03
548 3.196044e-10 3.022955e-03
549 1.468397e-09 1.591254e-03
550 7.256989e-08 5.619822e-03
551 3.278506e-09 2.645722e-03
552 2.329552e-08 1.890040e-02
553 5.504799e-06 3.296399e-02
554 2.397343e-06 9.484214e-03
555 7.435452e-08 1.193790e-02
556 1.611700e-08 3.018769e-03
557 1.735851e-08 3.780877e-03
558 4.246596e-07 1.204456e-02
559 1.199559e-09 2.470655e-03
560 4.400459e-08 3.992141e-03
561 1.148729e-08 3.163093e-03
562 1.322935e-08 3.411757e-03
563 3.090350e-09 4.790468e-03
564 7.006602e-09 3.258534e-03
565 2.793219e-07 1.439788e-02
566 1.281201e-06 5.969236e-03
567 2.920460e-05 8.701710e-02
568 1.086528e-04 3.907613e-02
569 5.960221e-05 1.016262e-01
570 1.284588e-05 1.595407e-02
571 3.153441e-05 1.231395e-02
572 1.006955e-04 5.690217e-02
573 6.678191e-06 8.835823e-03
574 1.267056e-04 5.102119e-02
575 3.887520e-05 1.403916e-02
576 2.910960e-05 2.197742e-02
577 7.771772e-06 1.342942e-02
578 9.942026e-07 1.020662e-02
579 2.292127e-03 9.593028e-01
580 4.667631e-05 4.117593e-02
581 3.977621e-06 5.849835e-03
582 8.145477e-05 8.138553e-02
583 4.419646e-06 1.213226e-02
584 3.384809e-05 1.961838e-02
585 2.567905e-05 8.395227e-02
586 1.320620e-07 1.279967e-02
587 2.073924e-06 1.359747e-02
588 2.010395e-07 1.023643e-02
589 4.942874e-07 2.685730e-03
590 7.450320e-04 6.689635e-01
591 7.889617e-05 1.734702e-01
592 3.561087e-08 6.360130e-03
593 4.134193e-05 2.083094e-02
594 1.807106e-04 5.736307e-02
595 7.433699e-09 6.664207e-03
596 6.521843e-03 1.438827e+00
597 1.373618e-13 1.912640e-03
598 3.960543e-11 1.969120e-03
599 4.332488e-11 1.938513e-03
600 8.068973e-11 2.062525e-03
601 1.189012e-10 3.034074e-03
602 2.495036e-11 2.563983e-03
603 3.283185e-11 3.254323e-03
604 9.147155e-13 1.931493e-03
605 1.555707e-10 2.078770e-03
606 1.239956e-12 1.932134e-03
607 1.244754e-12 1.777694e-03
608 1.567110e-12 2.031260e-03
609 2.715395e-06 1.324456e-02
610 1.799725e-07 4.347118e-03
611 8.618496e-04 4.032048e-01
612 1.626189e-06 2.583054e-02
613 6.941546e-06 1.970568e-02
614 1.383217e-06 2.656778e-02
615 6.431945e-08 1.035787e-02
616 1.944702e-10 3.281142e-03
617 2.092641e-06 1.408754e-02
618 3.839862e-09 4.233480e-03
619 4.124010e-09 5.034684e-03
620 1.467201e-09 5.448633e-03
621 1.021482e-04 8.201120e-02
622 7.663434e-09 5.944996e-03
623 7.642428e-10 7.249834e-03
624 8.698741e-08 6.041876e-03
625 6.472094e-08 4.565414e-03
626 3.361517e-03 1.158322e+00
627 8.777456e-08 5.045174e-03
628 1.169996e-07 1.268415e-02
629 2.256766e-04 7.772406e-02
630 7.482050e-04 8.094262e-02
631 4.996675e-05 3.259788e-02
632 7.145449e-06 3.938389e-02
633 2.391571e-10 6.070477e-03
634 1.992180e-07 5.311869e-03
635 2.766893e-07 5.190089e-03
636 1.990293e-07 7.269168e-03
637 1.584234e-06 1.378660e-02
638 2.127695e-09 8.794961e-03
639 1.216486e-07 1.533506e-02
640 2.215813e-08 4.773101e-03
641 7.584794e-09 5.579152e-03
642 1.302135e-08 6.949425e-03
643 2.212200e-06 3.509887e-02
644 1.859798e-05 6.826589e-03
645 8.112459e-07 1.256522e-02
646 7.630972e-08 1.908806e-02
647 2.386425e-07 7.639293e-03
648 1.687773e-06 2.677997e-02
649 5.253209e-08 1.060834e-02
650 1.823963e-08 5.743722e-03
651 4.143908e-09 6.389897e-03
652 3.209845e-08 7.585699e-03
653 2.078006e-03 5.818655e-01
654 9.746852e-05 1.044795e-01
655 6.170689e-09 2.906121e-03
656 4.219351e-05 3.446784e-02
657 3.905042e-03 1.095315e+00
658 8.415743e-06 2.646821e-02
659 6.565931e-08 1.342557e-02
660 1.632581e-06 1.407340e-02
661 7.241046e-07 3.512640e-02
662 1.942590e-05 2.333673e-01
663 4.828645e-07 1.405405e-02
664 3.103417e-07 1.466961e-02
665 1.334123e-06 1.679664e-02
666 1.690235e-05 3.337904e-02
667 1.278077e-05 2.127574e-02
668 8.152615e-08 7.051165e-03
669 9.912843e-07 3.006261e-02
670 2.966798e-05 5.256351e-02
671 1.821067e-05 4.388505e-02
672 2.761584e-08 6.963214e-03
673 2.152326e-05 1.727048e-01
674 5.263734e-07 7.546604e-03
675 1.083768e-03 3.319974e-01
676 3.172273e-08 1.670424e-02
677 7.359645e-05 4.535851e-02
678 1.174599e-08 8.055534e-03
679 1.519307e-04 1.472935e-01
680 1.617362e-09 3.444740e-03
681 5.555806e-08 1.337930e-02
682 2.700769e-03 1.315814e+00
683 1.067655e-06 1.584363e-02
684 6.822806e-04 5.562183e-01
685 3.266340e-08 8.815639e-03
686 7.268670e-04 4.011876e-01
687 1.825527e-06 8.069254e-03
688 1.609217e-07 8.279607e-03
689 5.797807e-08 9.035854e-03
690 1.201310e-06 1.474847e-02
691 6.673417e-08 1.521417e-02
692 9.481931e-08 1.188855e-02
693 5.631931e-07 9.438063e-03
694 5.164994e-07 6.146205e-03
695 7.132005e-07 9.962897e-03
696 3.869514e-05 1.572448e-01
697 1.761213e-06 8.190655e-02
698 1.713581e-04 1.951804e-01
699 3.455051e-07 1.677681e-02
700 1.353306e-04 5.736608e-02
701 7.416885e-07 9.629760e-03
702 2.070762e-06 1.712751e-02
703 7.196863e-08 7.305040e-03
704 6.300446e-05 8.267561e-02
705 3.809692e-05 2.302127e-02
706 2.497155e-06 1.696873e-02
707 4.098731e-06 1.154738e-02
708 1.695173e-03 7.065522e-01
709 1.868975e-06 2.498796e-02
710 2.230913e-03 3.993331e-01
711 1.884096e-04 1.201374e-01
712 6.543947e-05 4.909944e-02
713 2.229673e-05 3.850760e-02
714 2.098096e-06 2.072020e-02
715 5.070133e-08 6.493579e-03
716 7.297386e-07 1.826182e-02
717 7.364170e-05 3.539599e-02
718 2.836127e-05 1.517653e-02
719 1.210951e-05 1.372973e-02
720 3.630989e-05 2.392845e-02
721 5.531401e-04 1.302414e-01
722 1.982784e-04 5.603987e-02
723 6.912762e-04 1.412372e-01
724 1.719118e-07 6.900676e-03
725 7.050839e-06 7.900075e-03
726 4.167246e-06 1.258210e-02
727 2.399085e-03 6.538236e-01
728 6.651869e-08 1.274401e-02
729 2.253226e-06 1.445218e-02
730 8.266903e-06 1.914750e-02
731 2.181731e-06 7.124235e-03
732 1.327645e-04 1.560591e-02
733 2.740390e-06 1.055163e-02
734 9.154595e-06 1.583344e-02
735 7.101023e-05 2.751031e-02
736 1.932822e-07 1.996558e-02
737 1.704313e-03 5.378261e-01
738 2.700944e-06 5.322374e-02
739 3.807797e-06 1.231259e-02
740 1.237841e-05 1.618339e-02
741 4.669719e-06 1.069661e-02
742 2.248953e-05 6.959443e-02
743 1.715237e-04 5.454273e-02
744 2.918018e-04 6.963371e-02
745 7.483140e-05 6.210190e-02
746 8.681639e-06 1.112948e-02
747 1.008067e-04 2.238582e-02
748 1.492579e-08 6.040639e-03
749 2.619126e-07 2.878332e-02
750 1.044994e-05 7.092728e-02
751 1.005096e-07 8.239394e-03
752 1.390565e-07 1.141754e-02
753 2.489151e-04 4.253238e-01
754 1.015264e-05 2.340262e-02
755 1.878473e-05 8.157125e-02
756 1.867232e-07 1.086059e-02
757 2.151409e-05 1.074092e-01
758 1.027460e-07 5.490091e-03
759 2.297485e-06 3.309379e-02
760 1.955591e-04 3.057427e-01
761 1.019545e-04 2.507504e-01
762 5.106035e-08 9.901104e-03
763 2.626427e-07 1.178618e-02
764 3.157891e-07 1.093523e-02
765 8.759353e-04 4.862134e-01
766 9.960804e-04 6.822570e-01
767 1.114364e-03 4.306067e-01
768 5.444103e-03 6.530417e-01
769 2.965547e-08 1.125431e-02
770 3.163863e-08 5.046234e-03
771 6.950698e-08 4.909071e-03
772 2.737833e-08 4.766328e-03
773 7.713925e-05 1.414778e-01
774 1.909354e-07 6.637501e-03
775 1.723048e-06 1.187868e-02
776 7.948599e-08 5.742729e-03
777 1.541755e-08 1.023361e-02
778 5.965394e-04 2.344724e-01
779 1.351511e-08 8.942106e-03
780 4.176774e-07 6.416039e-03
781 2.168191e-09 5.346562e-03
782 8.748666e-09 2.406325e-03
783 1.814512e-09 3.592752e-03
784 4.933024e-07 1.869878e-02
785 6.449613e-06 1.443076e-02
786 6.368993e-07 8.112645e-03
787 4.907899e-07 9.566363e-03
788 1.720544e-08 1.147156e-02
789 1.099271e-08 8.426073e-03
790 2.500914e-05 1.047896e-01
791 5.174943e-08 4.333674e-03
792 1.453793e-08 1.031740e-02
793 4.002475e-06 1.416282e-02
794 4.810487e-04 3.420669e-01
795 5.622773e-06 1.792732e-02
796 6.180178e-08 6.031019e-03
797 1.640723e-05 9.390261e-02
798 2.568144e-08 7.392576e-03
799 7.347474e-04 1.268898e-01
800 1.782059e-06 1.892033e-02
801 8.182203e-07 1.088518e-02
802 9.951497e-04 2.108164e-01
803 3.480876e-04 5.370598e-01
804 3.352819e-08 1.072099e-02
805 6.698847e-04 7.486936e-02
806 4.311803e-06 1.347327e-01
807 1.782326e-05 5.467287e-02
808 3.529408e-08 5.946814e-03
809 2.317030e-07 2.381479e-02
810 2.121687e-09 2.327165e-03
811 6.732867e-06 1.788806e-02
812 8.377383e-08 4.293255e-03
813 9.182975e-05 4.195986e-02
814 4.097643e-07 1.374170e-02
815 6.494940e-08 1.597645e-02
816 2.407813e-03 4.592396e-01
817 1.722574e-04 1.109267e-01
818 2.664133e-09 9.983150e-03
819 2.485129e-07 1.306744e-02
820 1.777415e-06 3.742333e-02
821 8.948265e-06 4.224074e-02
822 6.133021e-07 3.390677e-02
823 2.371200e-05 1.210834e-01
824 1.669452e-03 9.623672e-01
825 1.390671e-03 9.614403e-01
826 4.296809e-04 4.299412e-01
827 9.193278e-04 2.468024e-01
828 8.662802e-05 7.722810e-01
829 4.245357e-03 1.053926e+00
830 2.423315e-05 1.574803e-02
831 8.339082e-08 4.759484e-03
832 4.993937e-07 5.228032e-03
833 1.134840e-06 1.119080e-02
834 3.662588e-06 7.153550e-03
835 2.843365e-06 7.099123e-03
836 2.303156e-06 5.371147e-03
837 1.310940e-06 9.697882e-03
838 6.676229e-06 9.448518e-03
839 2.493797e-07 5.040041e-03
840 3.475690e-05 2.047602e-02
841 3.404246e-07 7.311596e-03
842 7.086550e-07 8.683510e-03
843 1.387553e-07 9.846952e-03
844 6.283016e-07 1.988134e-02
845 1.724062e-04 5.213710e-02
846 5.121754e-05 7.638953e-02
847 1.977903e-06 8.460134e-03
848 2.785660e-06 1.407329e-02
849 1.182089e-04 7.855214e-02
850 1.522752e-07 6.230937e-03
851 4.984934e-06 6.971905e-02
852 1.923972e-07 6.403478e-03
853 5.623160e-05 3.028457e-02
854 1.306836e-07 5.929610e-03
855 3.519288e-06 1.859032e-02
856 1.436640e-10 1.482537e-03
857 3.959757e-10 1.302716e-03
858 7.978019e-10 2.050053e-03
859 1.748856e-10 1.499271e-03
860 1.241017e-04 1.320721e-01
861 1.123814e-08 6.858757e-03
862 5.263495e-09 1.595227e-03
863 9.421404e-10 1.539990e-03
864 7.814061e-10 1.394169e-03
865 6.672104e-10 1.574319e-03
866 1.620726e-09 2.067098e-03
867 1.054143e-08 1.726120e-03
868 3.217808e-10 1.363045e-03
869 2.804333e-10 1.627170e-03
870 1.496304e-09 1.533323e-03
871 8.629718e-11 1.394076e-03
872 1.715619e-09 1.881453e-03
873 1.151987e-09 1.419092e-03
874 2.420985e-09 1.405361e-03
875 1.596328e-03 3.270589e-01
876 4.547995e-11 1.443979e-03
877 4.651123e-09 1.457901e-03
878 7.653778e-10 1.900987e-03
879 4.610293e-10 1.352843e-03
880 1.664975e-09 1.371955e-03
881 5.813939e-11 1.397986e-03
882 1.672311e-09 1.821880e-03
883 3.074673e-09 1.760929e-03
884 4.396317e-09 1.479524e-03
885 1.653423e-09 1.568027e-03
886 1.629710e-07 6.650174e-03
887 9.456700e-07 9.716415e-03
888 2.038040e-07 1.157426e-02
889 8.427829e-05 1.048675e-01
890 3.890150e-08 1.987762e-02
891 1.376675e-05 9.301303e-02
892 8.109873e-05 1.730308e-01
893 3.843854e-07 5.706844e-03
894 7.862605e-07 3.865378e-03
895 2.020785e-06 8.640827e-03
896 4.286531e-07 1.499723e-02
897 3.778484e-03 8.693352e-01
898 1.888263e-06 1.922095e-02
899 1.441218e-05 8.207046e-02
900 1.488573e-06 9.205863e-03
901 1.553640e-06 9.497818e-03
902 6.147574e-07 9.209319e-03
903 1.443465e-07 6.145096e-03
904 1.163375e-04 1.238863e-01
905 1.508146e-06 2.013797e-02
906 2.278058e-04 5.983770e-02
907 1.511722e-03 1.306768e+00
908 1.488027e-08 2.765686e-03
909 3.000092e-07 3.239329e-03
910 2.632920e-09 1.579525e-03
911 1.145275e-05 1.053029e-02
912 1.257328e-07 5.080887e-03
913 8.464382e-09 1.725085e-03
914 6.385379e-08 4.924313e-03
915 2.783286e-06 3.977083e-03
916 8.145110e-05 1.523035e-01
917 9.428141e-09 2.135213e-03
918 9.528070e-10 1.783628e-03
919 9.477646e-10 1.394669e-03
920 2.017803e-08 2.532901e-03
921 2.545308e-10 1.059967e-03
922 3.861523e-08 1.430560e-03
923 4.320577e-04 1.004582e-01
924 8.631710e-06 1.798994e-02
925 1.883847e-08 1.070734e-03
926 1.150117e-06 1.514021e-02
927 1.093450e-09 1.325998e-03
928 1.178939e-07 4.151101e-03
929 5.165167e-07 1.066139e-02
930 7.101478e-09 3.659689e-03
931 1.123114e-07 3.851275e-03
932 4.079812e-10 1.484691e-03
933 5.825325e-09 1.825936e-03
934 4.564755e-07 1.199582e-02
935 4.390343e-08 1.868763e-03
936 9.162329e-10 1.195046e-03
937 2.081094e-08 2.948682e-03
938 9.578329e-09 1.798004e-03
939 4.942917e-07 3.664979e-03
940 3.446239e-07 6.540439e-03
941 4.541667e-08 5.579918e-03
942 2.751647e-08 1.634020e-03
943 1.849304e-07 2.277845e-03
944 5.449981e-06 1.253414e-02
945 1.367011e-08 2.267019e-03
946 1.185414e-06 6.646517e-03
947 3.484380e-06 3.186493e-02
948 2.739159e-07 6.940044e-03
949 8.077154e-07 1.067070e-02
950 1.705753e-07 7.925956e-03
951 4.633539e-08 1.593520e-02
952 3.222708e-05 2.294766e-02
953 5.193091e-09 8.945923e-03
954 1.074938e-08 3.087363e-03
955 9.053543e-06 3.744800e-02
956 1.516930e-09 3.053943e-03
957 1.410432e-08 8.412394e-03
958 1.511907e-07 6.821536e-03
959 3.955139e-05 5.216961e-02
960 1.800788e-07 1.914735e-02
961 6.738063e-07 9.903014e-03
962 1.539168e-07 1.272849e-02
963 1.273807e-08 3.843128e-03
964 4.117612e-06 4.138057e-02
965 7.597034e-09 5.412469e-03
966 1.118488e-04 1.262765e-01
967 2.678970e-05 5.991357e-02
968 1.862639e-07 4.783362e-03
969 7.572065e-08 8.096886e-03
970 1.716511e-07 1.676489e-02
971 2.771452e-07 3.125835e-03
972 1.208749e-07 7.563719e-03
973 8.988304e-09 9.423538e-03
974 3.369235e-08 3.282223e-03
975 3.896866e-06 7.443114e-03
976 5.659426e-04 3.078746e-01
977 1.920496e-06 8.024129e-03
978 4.041363e-05 2.138701e-02
979 5.661368e-08 2.843231e-03
980 3.073651e-09 1.234516e-03
981 1.698597e-08 4.101824e-03
982 1.662736e-07 8.074594e-03
983 2.534485e-07 3.830452e-03
984 5.257316e-06 1.037305e-02
985 3.809200e-07 4.157767e-03
986 3.386852e-07 4.157529e-03
987 6.618703e-09 1.272815e-03
988 9.577984e-08 2.526669e-03
989 3.202141e-06 9.686276e-03
990 6.804475e-07 3.829624e-03
991 2.742123e-06 7.437347e-03
992 7.371166e-08 2.358750e-03
993 2.892292e-08 2.450167e-03
994 1.090561e-08 2.151705e-03
995 1.230042e-06 3.944375e-03
996 5.704326e-07 3.272763e-03
997 5.267610e-04 2.169814e-01
998 1.167732e-06 6.156605e-03
999 6.707209e-07 5.019078e-03
1000 6.901618e-08 1.911284e-03
1001 5.526606e-09 1.575525e-03
1002 1.977096e-07 5.908871e-03
1003 2.999088e-09 1.780296e-03
1004 4.214546e-06 5.826406e-03
1005 1.214127e-07 2.926670e-03
1006 8.173586e-06 1.386791e-02
1007 3.418527e-08 2.928826e-03
1008 7.012023e-06 8.789140e-03
1009 8.478136e-09 4.061326e-03
1010 3.411465e-08 2.861685e-03
1011 3.100370e-07 3.734530e-03
1012 9.205586e-07 3.905508e-03
1013 4.529734e-09 2.067572e-03
1014 4.322059e-08 3.442733e-03
1015 1.716747e-09 2.131110e-03
1016 3.250872e-07 3.087898e-03
1017 3.908054e-08 1.794530e-03
1018 2.435091e-08 2.896280e-03
1019 4.575783e-09 4.401889e-03
1020 2.622552e-09 1.749657e-03
1021 4.397872e-06 7.765653e-03
1022 5.636624e-10 1.166015e-03
1023 1.300721e-06 2.138764e-03
1024 1.059129e-09 1.399290e-03
1025 2.483409e-07 2.437483e-03
1026 1.472017e-03 9.492295e-01
1027 4.572795e-04 1.426748e-01
1028 3.026374e-04 9.812153e-02
1029 4.988856e-05 1.024384e-01
1030 5.086605e-04 3.472739e-01
1031 2.796576e-03 8.299101e-01
1032 4.478538e-07 7.896494e-03
1033 4.294168e-06 1.982082e-02
1034 9.800116e-04 2.798881e-01
1035 1.291307e-06 4.604668e-03
1036 3.416772e-07 9.699402e-03
1037 3.656308e-05 3.336737e-02
1038 1.472814e-07 3.125302e-03
1039 2.074025e-05 1.689580e-02
1040 1.165655e-06 9.520910e-03
1041 9.338120e-06 2.671531e-02
1042 2.669877e-07 1.085048e-02
1043 4.522135e-06 1.649668e-02
1044 1.037479e-07 1.706825e-02
1045 1.663092e-06 7.661549e-03
1046 2.411256e-04 8.780652e-02
1047 8.242580e-04 2.490272e-01
1048 1.069323e-03 1.544466e-01
1049 4.147318e-07 9.017323e-03
1050 7.502945e-04 5.057674e-01
1051 4.561570e-04 4.304376e-01
1052 2.006797e-10 1.227355e-03
1053 2.929459e-10 1.821572e-03
1054 6.875515e-05 8.039900e-02
1055 1.343180e-11 1.556032e-03
1056 2.685703e-10 4.673060e-03
1057 3.538229e-09 2.140328e-03
1058 1.365043e-08 2.028731e-03
1059 7.368385e-12 1.031699e-03
1060 1.861381e-12 9.550878e-04
1061 4.435435e-06 3.591122e-03
1062 1.537966e-10 1.812619e-03
1063 1.382028e-08 3.813443e-03
1064 7.436955e-04 2.926570e-01
1065 3.667193e-06 1.715806e-02
1066 2.440567e-12 1.577868e-03
1067 9.172975e-12 1.439763e-03
1068 2.865682e-13 1.465211e-03
1069 1.634311e-12 1.614064e-03
1070 4.886832e-08 1.409036e-02
1071 1.952625e-08 5.311699e-03
1072 8.283141e-08 3.327669e-03
1073 4.426233e-07 1.939169e-02
1074 4.698792e-11 1.055252e-03
1075 1.618560e-06 2.626457e-02
1076 6.599390e-07 6.126372e-03
1077 1.097322e-06 1.656400e-02
1078 2.005419e-10 1.632484e-03
1079 4.890039e-08 5.830877e-03
1080 1.383050e-09 1.585298e-03
1081 4.094600e-13 1.460188e-03
1082 5.037333e-11 1.485788e-03
1083 4.324669e-09 1.831055e-03
1084 1.528638e-11 1.228492e-03
1085 2.639718e-09 4.320006e-03
1086 7.164875e-11 1.240031e-03
1087 1.547334e-10 1.369659e-03
1088 1.612761e-10 4.681307e-03
1089 2.823221e-10 1.234735e-03
1090 1.388026e-11 1.195626e-03
1091 1.299234e-10 1.229228e-03
1092 3.303070e-03 7.574787e-01
1093 1.001828e-08 1.877150e-02
1094 1.572399e-08 1.384948e-02
1095 2.213099e-10 1.692950e-03
1096 8.131666e-12 1.481497e-03
1097 6.870058e-10 4.826527e-03
1098 3.606750e-08 7.874591e-03
1099 7.178380e-09 3.262128e-03
1100 9.946157e-09 2.809394e-03
1101 1.241325e-06 5.173743e-03
1102 2.407536e-09 3.181825e-03
1103 7.580481e-09 2.755291e-03
1104 1.589464e-05 7.056643e-02
1105 2.409910e-10 1.530163e-03
1106 2.843560e-11 2.235592e-03
1107 1.381574e-10 3.128539e-03
1108 1.184461e-09 1.737843e-03
1109 8.106131e-11 2.022655e-03
1110 1.019658e-08 4.735725e-03
1111 1.868940e-10 3.955482e-03
1112 1.490607e-05 4.113120e-02
1113 4.099622e-07 1.752007e-02
1114 1.268767e-09 2.057534e-03
1115 2.413405e-05 3.777036e-02
1116 2.102128e-11 1.479022e-03
1117 1.114163e-09 1.611736e-03
1118 3.308095e-07 6.742333e-03
1119 2.414757e-06 2.391540e-02
1120 3.292842e-09 4.052477e-03
1121 3.387691e-08 6.865292e-03
1122 2.149036e-08 4.112223e-03
1123 7.282976e-09 2.488753e-03
1124 4.039441e-08 3.800810e-03
1125 7.095528e-08 4.751214e-03
1126 8.746972e-08 5.141405e-03
1127 3.518895e-08 3.884211e-03
1128 2.592979e-07 4.653856e-03
1129 6.008300e-08 3.323087e-03
1130 2.987509e-07 5.236242e-03
1131 2.215032e-04 8.435833e-02
1132 6.605394e-04 2.663832e-01
1133 3.815452e-05 4.883444e-02
1134 2.434345e-07 9.206129e-03
1135 4.039615e-07 2.510581e-03
1136 4.936660e-07 4.925182e-03
1137 1.530938e-06 5.690048e-03
1138 1.129088e-05 1.614495e-02
1139 4.084816e-08 5.260982e-03
1140 6.234183e-04 3.443586e-01
1141 5.011183e-05 4.427017e-02
1142 2.682484e-06 9.799863e-03
1143 3.298162e-07 6.833350e-03
1144 3.892233e-06 3.793590e-02
1145 1.058967e-07 9.218787e-03
1146 1.792301e-04 1.031391e-01
1147 2.974536e-05 4.598462e-02
1148 7.868065e-05 3.145465e-02
1149 9.333159e-06 1.319404e-02
1150 1.130451e-06 1.194333e-02
1151 2.060326e-04 3.577571e-02
1152 1.142533e-06 6.736606e-03
1153 1.325968e-06 4.947031e-03
1154 8.077418e-06 1.480408e-02
1155 1.605117e-05 2.980978e-02
1156 1.483526e-04 6.652958e-02
1157 1.714410e-04 1.090459e-01
1158 1.160889e-06 1.551265e-02
1159 5.709637e-04 2.897572e-01
1160 8.066608e-06 1.412015e-02
1161 1.619308e-07 7.579807e-03
1162 7.075789e-05 5.865122e-02
1163 2.340771e-04 3.471540e-01
1164 7.244186e-05 3.831991e-02
1165 1.311142e-04 4.912641e-02
1166 1.793121e-05 5.436485e-02
1167 6.984475e-05 4.983779e-02
1168 1.440528e-04 4.845759e-02
1169 2.099143e-04 8.460261e-02
1170 1.336682e-04 5.903427e-02
1171 8.655003e-06 1.147499e-02
1172 6.837068e-07 2.627666e-02
1173 1.039831e-03 4.228419e-01
1174 5.350987e-04 2.789547e-01
1175 3.712435e-05 4.234851e-02
1176 8.215549e-03 2.581189e+00
1177 2.788868e-08 3.123466e-03
1178 1.304926e-04 4.400804e-02
1179 5.149030e-06 2.497139e-02
1180 6.365304e-04 1.471657e-01
1181 4.359525e-05 3.151473e-02
1182 1.390599e-04 9.694161e-02
1183 3.249380e-05 4.786781e-02
1184 8.666736e-04 3.415536e-01
1185 5.035080e-04 2.801670e-01
1186 2.502754e-05 3.563354e-02
1187 4.135002e-07 9.512001e-03
1188 4.262287e-06 1.125983e-02
1189 2.460413e-05 5.287309e-02
1190 4.540010e-04 3.390694e-01
1191 1.969264e-04 6.554807e-02
1192 1.434820e-04 1.239605e-01
1193 5.067523e-05 5.165655e-02
1194 7.485409e-04 2.626731e-01
1195 2.835245e-04 1.203738e-01
1196 3.535195e-04 2.687719e-01
1197 7.493295e-04 1.253692e-01
1198 7.563128e-06 3.026928e-02
1199 3.950510e-04 1.204142e-01
1200 5.640329e-04 2.334929e-01
1201 3.732035e-06 2.894592e-02
1202 3.403155e-06 1.673827e-02
1203 7.680610e-04 1.009050e-01
1204 2.194257e-04 1.017784e-01
1205 4.967862e-09 4.862596e-03
1206 4.523704e-07 1.825881e-02
1207 3.192623e-09 3.648962e-03
1208 2.079090e-03 2.144573e-01
1209 2.539602e-07 9.078360e-03
1210 9.811260e-10 8.345950e-03
1211 2.460950e-09 3.600854e-03
1212 7.458308e-07 6.252935e-03
1213 1.037830e-07 7.582755e-03
1214 7.348933e-07 9.475335e-03
1215 2.904727e-07 3.474457e-02
1216 5.719130e-11 4.242222e-03
1217 3.948894e-05 2.732022e-01
1218 1.279912e-07 6.872036e-03
1219 5.405293e-09 1.288200e-03
1220 6.481192e-09 3.410775e-03
1221 6.437605e-07 8.590919e-03
1222 1.439282e-03 5.963932e-01
1223 6.723319e-09 2.079441e-03
1224 3.461831e-07 2.393895e-03
1225 1.635809e-04 1.056127e-01
1226 7.611784e-10 2.310158e-03
1227 4.572878e-04 6.079674e-01
1228 2.290365e-05 1.231555e-02
1229 7.309729e-08 1.271577e-03
1230 8.015269e-07 2.775318e-03
1231 1.055808e-06 1.948030e-03
1232 6.461197e-09 2.023801e-03
1233 1.012438e-08 2.257137e-03
1234 2.736088e-05 9.421051e-03
1235 6.259813e-09 2.561235e-03
1236 1.190655e-07 3.004736e-03
1237 2.947473e-06 4.982452e-03
1238 7.345244e-07 4.758206e-03
1239 2.180459e-08 2.339656e-03
1240 3.029523e-03 1.114362e+00
1241 4.856368e-06 8.339626e-03
1242 3.869956e-06 5.897691e-03
1243 2.943985e-07 4.314202e-03
1244 2.566506e-06 4.633345e-03
1245 1.197910e-07 2.974027e-03
1246 1.795532e-07 2.959425e-03
1247 4.180308e-05 4.294269e-02
1248 5.826533e-06 4.753531e-02
1249 4.455806e-07 1.111089e-02
1250 1.200948e-05 3.040901e-02
1251 1.530685e-06 2.058703e-02
1252 8.564997e-07 1.756852e-02
1253 1.260883e-07 1.520328e-02
1254 1.758800e-06 8.867116e-03
1255 1.946863e-03 6.306464e-01
1256 4.142556e-06 9.773578e-03
1257 5.124295e-03 1.519591e+00
1258 2.300704e-04 1.145063e-01
1259 1.421429e-03 4.110397e-01
1260 1.044464e-03 1.054885e-01
1261 1.252712e-09 1.848072e-03
1262 3.488376e-03 6.955913e-01
1263 2.113099e-07 5.544839e-03
1264 6.870335e-05 9.657036e-02
1265 5.845351e-07 3.455848e-03
1266 1.172498e-07 6.928028e-03
1267 1.257669e-08 1.943408e-03
1268 9.507422e-07 7.580007e-03
1269 5.382566e-06 7.274025e-02
1270 6.463151e-04 1.177627e-01
1271 4.684476e-06 1.163500e-02
1272 3.247984e-08 3.341807e-03
1273 7.402703e-07 6.783971e-03
1274 1.888707e-05 2.284493e-02
1275 9.097850e-05 1.048286e-01
1276 1.560584e-04 1.387404e-01
1277 6.954329e-06 1.254779e-01
1278 3.106602e-04 2.626085e-01
1279 3.297502e-08 5.991886e-03
1280 3.716488e-08 7.398591e-03
1281 4.658202e-08 8.545729e-03
1282 3.067050e-07 1.556623e-02
1283 4.775924e-07 1.317344e-02
1284 7.537521e-04 3.507178e-01
1285 9.565081e-06 3.612879e-02
1286 3.838374e-05 1.547846e-01
1287 6.697364e-10 7.191371e-03
1288 3.483441e-05 1.262141e-01
1289 8.023416e-05 1.587318e-01
1290 4.896208e-11 1.825327e-03
1291 6.127008e-06 8.299843e-02
1292 1.334518e-07 1.594383e-02
1293 2.991040e-05 2.261756e-01
1294 6.909965e-08 2.444970e-03
1295 4.350016e-06 1.852705e-02
1296 6.794488e-05 2.808098e-02
1297 7.616426e-04 5.303944e-01
1298 1.133782e-04 2.226104e-01
1299 3.954860e-06 2.339713e-02
1300 3.831293e-04 6.186928e-01
1301 1.428887e-06 5.350264e-03
1302 3.844285e-08 3.800560e-03
1303 3.794736e-05 4.099205e-02
1304 5.939184e-05 6.233289e-02
1305 1.208737e-04 1.490186e-01
1306 2.147181e-04 8.534336e-02
1307 1.287374e-03 5.555383e-01
1308 8.416742e-07 1.055033e-02
1309 4.688519e-04 4.215696e-01
1310 1.208539e-03 6.084813e-01
1311 5.144169e-04 2.652240e-01
1312 2.839568e-03 1.491214e+00
1313 8.563922e-08 4.964504e-03
1314 2.996736e-05 5.195405e-02
1315 2.141292e-08 6.038476e-03
1316 4.808620e-10 4.991624e-03
1317 1.639603e-09 3.432731e-03
1318 7.833506e-08 2.019767e-03
1319 3.437128e-10 2.521200e-03
1320 7.080402e-09 4.483072e-03
1321 9.165674e-10 4.118986e-03
1322 8.759572e-11 1.540514e-03
1323 2.152034e-07 1.501140e-02
1324 9.428698e-06 4.461116e-03
1325 1.866811e-07 6.833335e-03
1326 1.232302e-06 8.487265e-03
1327 3.472464e-07 1.030386e-02
1328 6.275990e-07 7.624915e-03
1329 7.991813e-12 2.764880e-03
1330 1.752438e-07 9.898881e-03
1331 1.374500e-04 1.937721e-01
1332 1.302212e-04 2.637809e-01
1333 4.005409e-06 3.366335e-02
1334 1.053082e-07 2.103157e-02
1335 8.741983e-06 3.516983e-02
1336 3.324315e-07 1.072066e-02
1337 1.862603e-06 6.673768e-03
1338 4.207579e-05 4.242312e-02
1339 1.836596e-05 3.111990e-02
1340 7.095590e-06 1.077436e-02
1341 1.554791e-06 9.353458e-03
1342 1.329766e-09 1.658707e-03
1343 3.605535e-03 9.703497e-01
1344 5.433427e-08 5.171849e-03
1345 3.898083e-04 4.688471e-01
1346 1.251223e-05 1.002507e-01
1347 4.581481e-05 1.060690e-01
1348 1.829258e-05 3.247256e-02
1349 5.720559e-06 1.355381e-02
1350 5.030556e-03 9.750114e-01
1351 6.887764e-04 4.445940e-01
1352 2.696424e-03 5.911086e-01
1353 1.385631e-10 3.320923e-03
1354 4.997421e-08 3.140540e-03
1355 3.414428e-04 7.000860e-02
1356 2.585193e-07 4.653062e-03
1357 6.088653e-07 5.503008e-03
1358 1.316304e-03 5.950957e-01
1359 1.338761e-06 2.580240e-02
1360 3.409362e-05 6.677765e-03
1361 3.940599e-06 1.512266e-02
1362 7.634725e-07 3.837374e-03
1363 3.658499e-10 1.349388e-03
1364 3.232383e-09 1.292984e-03
1365 9.463609e-10 1.908692e-03
1366 2.984462e-07 7.168422e-03
1367 1.161994e-06 3.817602e-02
1368 2.066985e-07 3.367310e-03
1369 5.460440e-09 2.318256e-03
1370 1.968633e-10 1.156481e-03
1371 5.313684e-07 2.990238e-03
1372 5.328738e-09 1.249997e-03
1373 7.594492e-08 2.064062e-03
1374 8.222167e-08 9.167347e-03
1375 2.951040e-03 4.273737e-01
1376 7.248553e-05 3.443659e-02
1377 2.460817e-04 1.231580e-01
1378 7.921018e-08 1.159651e-02
1379 1.839801e-03 2.265424e-01
1380 7.199038e-05 7.489801e-02
1381 5.326876e-07 2.262857e-02
1382 1.898661e-08 2.298626e-03
1383 3.880835e-06 8.523048e-03
1384 1.343034e-03 6.886165e-01
1385 1.031702e-05 4.304057e-02
1386 7.091219e-04 2.057767e-01
1387 1.944893e-03 8.985439e-01
1388 3.074904e-03 8.467731e-01
1389 4.339506e-07 8.161400e-03
1390 5.526492e-04 2.543796e-01
1391 4.731173e-06 1.919887e-02
1392 3.418163e-08 1.609861e-02
1393 6.496920e-08 3.108306e-03
1394 2.014279e-08 1.089557e-02
1395 9.079387e-06 4.641970e-02
1396 3.827472e-07 5.315329e-03
1397 2.817776e-08 4.622390e-03
1398 1.828189e-03 6.103960e-01
1399 1.036057e-05 2.175862e-02
1400 2.043537e-06 9.278898e-03
1401 1.827978e-04 6.858607e-02
1402 3.349691e-07 4.083415e-03
1403 8.980128e-05 1.133591e-02
1404 1.359904e-05 4.519885e-02
1405 3.663432e-08 2.199920e-03
1406 2.674217e-05 2.482060e-02
1407 2.172856e-08 2.710946e-03
1408 3.057066e-09 2.399645e-03
1409 5.888649e-05 5.996835e-02
1410 1.616137e-04 2.366828e-01
1411 7.848093e-06 1.614656e-01
1412 3.742129e-03 5.333136e-01
1413 4.723131e-07 2.532703e-03
1414 1.723483e-03 9.815933e-01
1415 5.008394e-09 3.235611e-03
1416 1.202753e-05 6.572915e-03
1417 4.395892e-05 1.646043e-02
1418 6.311340e-07 4.063348e-03
1419 8.718659e-05 1.319916e-01
1420 7.130777e-04 4.637861e-01
1421 1.197540e-04 1.741299e-01
1422 1.995511e-04 1.265760e-01
1423 1.888383e-03 7.739755e-01
1424 4.980559e-08 9.906545e-03
1425 2.202092e-03 1.045302e+00
1426 8.296270e-04 5.826816e-01
1427 1.571905e-05 4.609293e-02
1428 9.031247e-05 2.621012e-02
1429 3.408544e-06 1.181848e-02
1430 2.210833e-05 4.877492e-02
1431 1.497078e-04 5.438089e-02
1432 5.514286e-04 1.187163e-01
1433 6.955455e-08 7.805732e-03
1434 4.259118e-08 3.260903e-02
1435 2.668751e-06 6.404613e-02
1436 2.594246e-03 5.275078e-01
1437 1.509807e-06 4.979052e-03
1438 2.760628e-05 1.413450e-02
1439 4.593532e-04 1.098998e+00
1440 1.364905e-04 8.810385e-02
1441 5.637677e-03 1.067685e+00
1442 2.758646e-11 2.166491e-03
1443 1.703416e-07 5.638826e-02
1444 1.752891e-07 3.610977e-02
1445 5.788248e-07 4.737212e-02
1446 4.776762e-08 6.454338e-03
1447 2.214424e-03 1.046108e-01
1448 4.537312e-07 9.910566e-03
1449 9.908853e-04 1.537950e-01
1450 1.569107e-04 1.467940e-01
1451 5.460173e-09 1.815083e-03
1452 7.598629e-08 1.413086e-02
1453 1.879744e-07 2.095372e-03
1454 2.610468e-08 1.287734e-02
1455 6.291926e-10 4.418788e-03
1456 3.584871e-06 1.089779e-02
1457 2.457741e-09 5.412005e-03
1458 7.821566e-10 2.875318e-03
1459 1.042524e-05 1.065878e-02
1460 1.114781e-09 4.512189e-03
1461 2.256862e-09 7.683512e-03
1462 1.995381e-08 8.574520e-03
1463 5.012987e-06 3.631012e-02
1464 1.335274e-03 8.558538e-01
1465 1.620178e-03 4.966422e-01
1466 1.768077e-03 5.382532e-01
1467 1.032955e-04 6.612989e-02
1468 2.937912e-03 9.486255e-01
1469 2.381306e-03 6.251971e-01
1470 2.708752e-05 5.072733e-02
1471 4.006500e-05 3.459585e-02
1472 3.342934e-05 1.312981e-01
1473 3.182886e-09 2.959192e-03
1474 3.251641e-10 1.252712e-02
1475 3.373820e-08 4.541988e-03
1476 8.893215e-06 9.665845e-03
1477 1.839507e-04 4.094937e-01
1478 1.206488e-06 2.859062e-02
1479 5.600552e-04 2.360181e-01
1480 4.005394e-04 2.162157e-01
1481 4.095041e-06 3.475772e-02
1482 3.270546e-05 6.778282e-02
1483 1.899287e-06 1.222054e-02
1484 1.896278e-06 8.505591e-03
1485 5.497602e-06 9.854655e-03
1486 1.943059e-03 5.830750e-01
1487 7.041218e-05 1.954938e-02
1488 2.045865e-04 5.377695e-02
1489 1.297181e-04 3.227907e-02
1490 3.876906e-05 1.311367e-02
1491 2.387310e-03 4.683788e-01
1492 7.044859e-07 2.297439e-02
1493 1.530489e-06 5.643069e-03
1494 8.636872e-07 2.302384e-02
1495 1.185173e-04 3.848803e-01
1496 1.848934e-05 1.461149e-02
1497 9.017590e-05 1.327638e-01
1498 3.278227e-03 1.041073e+00
1499 6.660366e-05 7.266919e-02
1500 3.279231e-07 1.036014e-02
1501 4.719307e-04 2.162202e-01
1502 7.081903e-04 2.600179e-01
1503 1.928113e-04 6.814458e-02
1504 2.741043e-03 8.900163e-01
1505 6.238519e-07 7.149469e-02
1506 2.067407e-06 1.890733e-03
1507 1.146897e-03 3.488608e-01
1508 1.235445e-03 1.246765e+00
1509 5.138162e-07 4.467520e-03
1510 2.003213e-07 3.764470e-03
1511 1.242616e-03 3.906724e-01
1512 5.062430e-08 1.083605e-03
1513 2.664698e-07 1.736281e-02
1514 2.954795e-08 5.222447e-03
1515 4.513116e-06 1.113804e-02
1516 4.305800e-05 1.144614e-01
1517 9.461427e-06 1.822688e-02
1518 4.960556e-06 8.794171e-02
1519 2.171208e-10 1.807426e-03
1520 4.746241e-04 1.305812e-01
1521 1.121965e-08 2.454774e-03
1522 1.532144e-08 4.728733e-03
1523 2.883350e-07 7.677769e-03
1524 1.719894e-03 5.129134e-01
1525 4.719396e-05 6.056812e-02
1526 2.807964e-06 2.452451e-02
1527 8.549406e-05 1.033621e-01
1528 1.466703e-05 1.211640e-02
1529 5.756874e-06 2.995079e-02
1530 8.434403e-07 7.463924e-03
1531 4.251861e-04 2.272673e-01
1532 3.884504e-06 2.086222e-02
1533 6.983315e-05 1.267696e-01
1534 1.234517e-03 6.517798e-01
1535 1.156355e-03 7.356564e-01
1536 6.748154e-04 4.200156e-01
1537 2.081186e-08 8.427897e-03
1538 4.994244e-05 3.946978e-01
1539 1.927095e-06 2.710781e-02
1540 1.004926e-08 4.668576e-02
1541 2.693643e-04 3.398053e-01
1542 5.032739e-03 1.606599e+00
1543 4.838649e-09 5.590039e-03
1544 3.613349e-07 1.688079e-02
1545 2.975590e-10 3.642929e-03
1546 6.379861e-05 1.669304e-01
1547 6.466994e-06 3.984856e-02
1548 3.263024e-08 3.962881e-02
1549 9.861858e-11 2.624716e-03
1550 1.658931e-05 8.536085e-02
1551 1.227218e-07 1.657711e-02
1552 1.536394e-08 1.277315e-03
1553 3.763588e-08 3.210973e-03
1554 3.343736e-03 6.719001e-01
1555 1.311976e-03 4.920066e-01
1556 1.819629e-05 4.223505e-02
1557 1.092068e-03 3.241621e-01
1558 1.183551e-03 4.617844e-01
1559 2.009887e-03 6.291629e-01
1560 1.516071e-07 5.881155e-03
1561 4.039215e-04 1.250482e-01
1562 1.748171e-07 1.431320e-02
1563 2.967451e-04 2.597329e-01
1564 4.349566e-07 8.087270e-03
1565 3.937573e-04 1.136742e-01
1566 1.321659e-04 4.653755e-02
1567 8.560712e-06 8.796056e-03
1568 2.329011e-04 6.530203e-02
1569 6.651763e-04 9.896214e-02
1570 1.296977e-04 1.047348e-01
1571 5.553510e-04 1.029285e-01
1572 9.104278e-10 1.951235e-03
1573 1.435710e-03 4.241310e-01
1574 2.398842e-06 5.773983e-03
1575 2.731888e-05 2.605173e-02
1576 3.313192e-05 2.018248e-02
1577 5.917893e-04 3.920952e-01
1578 6.063609e-08 6.684841e-03
1579 2.263732e-04 4.901124e-02
1580 1.713772e-09 2.504935e-03
1581 7.296520e-06 6.461258e-03
1582 4.563112e-06 7.886240e-03
1583 1.021162e-03 2.572169e-01
1584 1.820556e-06 1.002201e-02
1585 2.625295e-03 8.220145e-01
1586 7.189176e-04 6.564685e-01
1587 1.541633e-03 2.056803e-01
1588 7.228243e-04 2.968719e-01
1589 4.023059e-04 2.712666e-01
1590 1.213358e-03 4.476420e-01
1591 7.793708e-06 6.552819e-02
1592 2.326837e-05 4.243157e-02
1593 4.237999e-04 1.764335e-01
1594 3.512930e-05 5.514698e-02
1595 9.667388e-04 1.317481e-01
1596 7.870805e-05 4.934919e-02
1597 1.291738e-04 5.639212e-02
1598 3.314858e-05 1.486230e-01
1599 5.743074e-07 5.055980e-03
1600 3.637177e-04 2.748791e-01
1601 4.540646e-07 1.835905e-03
1602 3.297346e-03 1.251975e+00
1603 2.736109e-08 2.591868e-03
1604 4.842677e-09 2.526770e-03
1605 2.220249e-04 1.513522e-01
1606 2.943751e-11 2.940811e-03
1607 2.325019e-08 1.979912e-03
1608 2.713645e-08 2.100761e-03
1609 9.401235e-04 2.141910e-01
1610 1.665367e-04 1.488720e-01
1611 4.060817e-12 1.884622e-03
1612 2.248096e-08 2.245356e-03
1613 2.261750e-05 5.661057e-03
1614 9.237418e-07 5.534068e-03
1615 6.497950e-04 3.267538e-01
1616 1.438752e-04 1.737796e-01
1617 9.089040e-04 2.484264e-01
1618 1.315359e-04 9.305394e-02
1619 1.140769e-03 7.362135e-01
1620 2.226376e-06 1.142692e-02
1621 2.468071e-04 1.834455e-01
1622 4.749144e-07 5.956014e-03
1623 6.829400e-06 5.426929e-02
1624 8.007635e-09 5.302728e-03
1625 7.411765e-10 1.697831e-03
1626 1.448880e-08 9.855409e-03
1627 6.908868e-08 6.902138e-03
1628 1.489336e-10 1.990340e-03
1629 9.071234e-05 1.016939e-01
1630 1.017493e-10 1.722797e-03
1631 1.336580e-06 1.232109e-02
1632 8.312337e-09 1.017340e-02
1633 4.422352e-05 5.636130e-02
1634 6.472926e-04 8.926999e-01
1635 2.889886e-03 6.622371e-01
1636 2.673975e-03 1.466963e+00
1637 3.690694e-04 2.044580e-01
1638 6.920963e-04 2.044717e-01
1639 2.323867e-03 1.396717e+00
1640 2.065362e-03 5.081724e-01
1641 2.005886e-04 4.519962e-01
1642 3.595572e-04 1.484637e-01
1643 1.335551e-05 6.000211e-02
1644 7.190184e-04 2.338333e-01
1645 2.624971e-09 1.659807e-03
1646 1.620686e-03 2.035376e-01
1647 6.868009e-04 4.280228e-01
1648 8.940914e-07 6.705915e-03
1649 2.008993e-05 3.885430e-02
1650 2.092818e-03 5.239487e-01
1651 8.251955e-05 1.765761e-02
1652 1.330487e-03 1.010455e+00
1653 1.183421e-03 9.001392e-01
1654 2.290574e-08 2.857938e-03
1655 1.678941e-06 8.820029e-03
1656 9.233471e-11 3.791160e-03
1657 3.927366e-10 1.275136e-03
1658 8.950467e-09 3.473993e-03
1659 1.094371e-07 1.106991e-02
1660 2.106569e-11 2.013571e-03
1661 4.575613e-05 1.769943e-01
1662 1.839458e-09 8.360274e-03
1663 9.328974e-05 7.925240e-02
1664 1.497708e-10 7.017873e-03
1665 9.729428e-04 2.367760e-01
1666 7.447288e-06 1.058430e-01
1667 8.133711e-05 7.297431e-02
1668 4.660287e-07 3.243949e-03
1669 1.845093e-07 6.687787e-03
1670 7.286576e-07 1.154253e-02
1671 5.528085e-08 4.717269e-03
1672 1.933618e-06 3.297081e-02
1673 1.662071e-04 9.024397e-02
1674 1.859384e-05 6.125583e-03
1675 4.558033e-04 6.546274e-02
1676 8.710953e-10 1.488928e-03
1677 2.707614e-06 2.215308e-02
1678 7.178751e-04 3.532645e-01
1679 3.039101e-05 1.653192e-02
1680 2.552119e-06 1.899236e-02
1681 1.319708e-04 1.256979e-01
1682 3.212730e-06 8.723611e-03
1683 5.723973e-10 1.427050e-02
1684 4.889014e-09 7.037824e-03
1685 2.174223e-11 2.228348e-03
1686 1.535160e-05 5.036110e-02
1687 1.179813e-05 2.343267e-02
1688 1.939110e-10 1.181108e-03
1689 2.338233e-06 4.618825e-02
1690 1.188150e-06 1.151235e-02
1691 5.043873e-05 9.047287e-02
1692 1.810002e-03 9.051162e-01
1693 1.385804e-03 6.839919e-01
1694 2.281762e-03 2.883030e-01
1695 1.673096e-06 9.357515e-03
1696 1.814159e-09 3.060103e-03
1697 1.196998e-09 6.228533e-03
1698 8.269802e-05 1.687140e-01
1699 1.299241e-07 1.734092e-02
1700 9.469416e-05 7.410017e-02
1701 5.052891e-07 1.073382e-02
1702 5.333085e-07 6.392853e-03
1703 1.570929e-06 1.694313e-02
1704 8.763896e-07 7.506865e-03
1705 3.917803e-04 4.989882e-01
1706 1.105756e-04 6.089859e-02
1707 9.514553e-08 3.568079e-03
1708 6.037313e-14 2.066073e-03
1709 8.984287e-13 5.400189e-03
1710 3.323317e-11 1.420094e-03
1711 5.048669e-09 1.075712e-02
1712 1.947730e-08 5.686423e-03
1713 1.419876e-09 4.481695e-03
1714 9.152673e-09 6.156878e-03
1715 9.822263e-07 4.595072e-03
1716 4.591338e-10 6.170929e-03
1717 2.254255e-10 2.196925e-03
1718 2.256538e-08 1.830222e-02
1719 6.276798e-13 1.983144e-03
1720 8.427536e-08 4.911774e-03
1721 5.047757e-11 1.543081e-03
1722 3.111731e-07 1.305755e-02
1723 1.686958e-12 1.305811e-03
1724 4.866875e-13 1.416024e-03
1725 2.158735e-10 1.943377e-03
1726 1.019063e-07 3.797552e-02
1727 1.164892e-10 1.036306e-02
1728 1.619710e-10 2.571065e-03
1729 9.788686e-08 1.453512e-02
1730 5.610480e-09 4.535003e-03
1731 3.972256e-09 4.026540e-03
1732 1.503432e-03 2.730625e-01
1733 1.988344e-03 4.920530e-01
1734 8.942880e-04 5.468779e-01
1735 2.472171e-06 7.593625e-02
1736 1.747093e-08 7.941795e-03
1737 1.819579e-06 9.568719e-03
1738 1.932247e-04 2.677025e-01
1739 1.135551e-03 5.151713e-01
1740 1.630714e-06 2.547673e-02
1741 9.088147e-12 1.330465e-03
1742 4.620680e-09 1.712293e-03
1743 6.070999e-09 4.126575e-03
1744 1.413106e-08 2.081122e-03
1745 9.273022e-11 2.243358e-03
1746 5.469941e-08 8.590421e-03
1747 1.059237e-07 2.372027e-02
1748 1.380013e-04 2.393025e-02
1749 1.865554e-06 7.141777e-03
1750 1.909818e-07 8.913997e-03
1751 1.938962e-09 4.101692e-03
1752 1.081491e-09 7.636183e-03
1753 2.838763e-05 1.141539e-01
1754 2.356105e-03 6.412542e-01
1755 8.215190e-04 7.211418e-01
1756 1.091012e-06 2.014520e-02
1757 1.534096e-04 9.302922e-02
1758 6.615948e-04 9.437450e-01
1759 8.665642e-04 2.293786e-01
1760 7.899841e-04 3.881701e-01
1761 2.067300e-03 1.105933e+00
1762 2.836872e-03 9.972488e-01
1763 1.004718e-04 2.222837e-01
1764 5.459083e-05 3.335422e-02
1765 5.627659e-05 5.295027e-02
1766 9.429158e-04 4.057056e-01
1767 3.524067e-04 8.410108e-02
1768 9.503594e-05 3.907857e-02
1769 2.014224e-04 1.777144e-01
1770 9.080562e-04 3.227011e-01
1771 4.241846e-05 1.266998e-01
1772 5.311541e-09 4.459452e-03
1773 4.463464e-03 2.483783e+00
1774 3.441157e-03 5.448715e-01
1775 5.701255e-03 1.615316e+00
1776 6.484001e-04 3.469050e-01
1777 8.476912e-05 6.442589e-02
1778 1.471441e-03 8.084593e-01
1779 1.683792e-03 2.481837e-01
1780 8.807321e-05 7.644003e-02
1781 3.102201e-04 4.799589e-02
1782 8.695464e-06 4.096857e-02
1783 1.838390e-03 1.266216e+00
1784 3.673115e-05 8.775855e-02
1785 3.100802e-05 1.113437e-01
1786 6.113382e-04 1.108448e-01
1787 5.845344e-04 1.685113e-01
1788 2.619720e-03 5.449480e-01
1789 2.223702e-04 2.031523e-01
1790 1.047765e-05 2.111349e-02
1791 2.469277e-05 1.714738e-01
1792 8.435763e-04 3.860196e-01
1793 2.404568e-04 1.212067e-01
1794 4.276688e-05 5.026839e-02
1795 1.043200e-04 4.990101e-02
1796 2.672823e-04 1.304524e-01
1797 2.582057e-04 1.251797e-01
1798 3.892645e-05 5.164402e-02
1799 7.744097e-06 1.638746e-02
1800 1.533873e-04 2.253145e-01
1801 8.786670e-05 5.161561e-02
1802 2.252592e-03 9.619669e-01
1803 2.767137e-03 4.560669e-01
1804 1.252574e-03 3.940687e-01
1805 3.104222e-04 1.120756e-01
1806 4.949620e-05 8.097904e-02
1807 3.963729e-05 4.067391e-02
1808 2.525612e-03 3.759670e-01
1809 5.826893e-06 2.391513e-02
1810 3.843330e-07 9.330894e-03
1811 6.551677e-07 1.308195e-02
1812 1.008530e-04 3.139553e-02
1813 3.743272e-05 1.139012e-02
1814 2.538421e-08 2.086906e-02
1815 3.053753e-06 7.479482e-02
1816 2.902618e-05 3.132165e-02
1817 1.526487e-04 1.156660e-01
1818 2.743607e-06 4.669621e-02
1819 2.268410e-03 9.188505e-01
1820 5.066572e-05 1.866814e-01
1821 3.128908e-05 3.373485e-02
1822 8.070408e-07 2.108507e-02
1823 8.633368e-07 4.883107e-02
1824 6.998678e-04 1.853627e-01
1825 1.981735e-03 6.432057e-01
1826 3.189609e-04 1.613865e-01
1827 2.555883e-06 1.269705e-02
1828 5.429852e-07 1.845315e-02
1829 6.111318e-07 1.716277e-02
1830 1.649221e-03 1.465779e+00
1831 7.136588e-06 9.909667e-03
1832 7.258172e-04 1.006078e-01
1833 3.709509e-09 1.114265e-02
1834 1.406327e-05 2.528326e-02
1835 1.280248e-09 8.520775e-03
1836 3.926998e-07 6.978633e-03
1837 1.122815e-03 4.252710e-01
1838 9.783921e-05 4.382278e-02
1839 3.699775e-06 4.729529e-02
1840 7.045961e-05 8.963418e-02
1841 5.151074e-05 5.481303e-02
1842 3.783743e-06 2.271557e-02
1843 2.950931e-06 1.971162e-02
1844 7.320984e-06 2.198275e-02
1845 1.602676e-04 4.603665e-02
1846 2.089650e-07 7.478694e-03
1847 2.729130e-05 2.092441e-02
1848 2.070687e-07 1.296143e-02
1849 9.438694e-08 1.540434e-02
1850 5.512820e-07 1.008446e-02
1851 2.250205e-06 6.286428e-03
1852 1.241758e-07 4.863440e-03
1853 1.963878e-05 6.053789e-03
1854 1.785337e-04 1.513370e-01
1855 6.471795e-06 3.027140e-02
1856 1.345804e-04 1.417141e-01
1857 1.879221e-04 2.838674e-01
1858 7.026011e-05 1.206713e-01
1859 4.343937e-06 6.240344e-03
1860 1.556079e-03 3.312200e-01
1861 1.113646e-09 7.876973e-03
1862 2.896995e-06 1.017334e-02
1863 7.069965e-07 2.655927e-02
1864 6.695181e-04 2.855305e-01
1865 1.905084e-04 1.311608e-01
1866 7.576275e-07 5.065047e-02
1867 1.559276e-07 1.207824e-02
1868 5.549368e-09 9.840255e-03
1869 1.722833e-08 6.763274e-03
1870 3.975924e-07 1.607137e-02
1871 1.348650e-04 4.325538e-01
1872 1.240150e-03 3.327673e-01
1873 7.046625e-05 4.698487e-02
1874 2.473726e-05 1.021570e-01
1875 4.625932e-04 3.174907e-01
1876 4.118437e-05 2.014287e-02
1877 2.510036e-05 4.381171e-02
1878 5.522616e-06 1.360791e-02
1879 2.841850e-05 3.981082e-02
1880 5.342886e-06 2.458566e-02
1881 1.195888e-03 3.674544e-01
1882 6.187433e-07 6.509753e-02
1883 2.550182e-06 4.463214e-02
1884 7.448338e-05 9.209237e-02
1885 6.997444e-07 3.908340e-02
1886 2.372672e-06 1.169908e-01
1887 1.488923e-06 8.776206e-03
1888 2.086957e-07 1.634217e-02
1889 2.541214e-08 7.998894e-03
1890 7.090897e-11 5.479538e-03
1891 2.297060e-08 5.629954e-03
1892 1.550619e-07 6.099430e-03
1893 6.725687e-10 2.192673e-02
1894 7.404889e-06 6.416180e-02
1895 9.605178e-05 4.372424e-02
1896 1.052236e-07 5.073712e-03
1897 9.933797e-10 3.676975e-03
1898 8.435375e-06 4.398754e-03
1899 3.550431e-06 2.617270e-02
1900 2.332626e-05 2.588470e-02
1901 8.549764e-11 1.743951e-03
1902 9.031274e-04 5.718237e-01
1903 8.396029e-04 4.558972e-01
1904 2.103453e-04 6.786977e-02
1905 1.860480e-03 3.009088e-01
1906 3.046544e-03 1.079060e+00
1907 8.881759e-09 7.413390e-03
1908 2.992818e-07 8.266927e-03
1909 4.571317e-07 5.525701e-03
1910 6.689472e-05 6.303397e-02
1911 9.663475e-07 1.209261e-02
1912 1.397341e-05 8.438296e-02
1913 5.227220e-05 8.702420e-02
1914 1.134641e-04 2.406987e-01
1915 3.750410e-03 1.039445e+00
1916 3.228912e-04 3.593224e-01
1917 5.881882e-04 2.477690e-01
1918 1.930889e-04 2.383862e-01
1919 9.576156e-04 5.211425e-01
1920 2.370062e-05 7.403097e-02
1921 1.055410e-05 4.775302e-02
1922 7.817635e-04 3.169854e-01
1923 5.084004e-04 2.232670e-01
1924 1.033253e-03 5.127780e-01
1925 1.950711e-05 7.685116e-02
1926 2.100529e-06 2.551232e-02
1927 3.854892e-04 1.841251e-01
1928 1.346394e-03 4.002811e-01
1929 4.541474e-05 7.341783e-02
1930 1.802064e-07 6.110751e-03
1931 1.911516e-08 3.885051e-02
1932 2.165620e-08 2.590993e-02
1933 1.259316e-04 8.646778e-02
1934 1.293577e-07 7.649938e-03
1935 4.513747e-05 6.865306e-02
1936 8.974942e-06 2.324231e-02
1937 5.554056e-05 1.899085e-01
1938 2.290120e-03 3.252050e-01
1939 5.370140e-05 9.664192e-02
1940 6.058834e-05 1.086774e-01
1941 5.368693e-07 8.009755e-03
1942 1.247833e-03 2.126648e-01
1943 5.804748e-04 1.682577e-01
1944 1.815661e-05 3.914303e-02
1945 2.651663e-06 1.421250e-02
1946 1.393215e-05 1.459652e-01
1947 8.110701e-06 2.872349e-02
1948 4.937263e-05 2.219404e-01
1949 1.329310e-03 8.883135e-01
1950 7.595570e-04 3.556730e-01
1951 9.523517e-04 4.621388e-01
1952 3.347240e-05 1.541771e-01
1953 1.351861e-04 3.025956e-02
1954 2.899480e-05 2.137493e-02
1955 1.232873e-03 7.726737e-01
1956 1.394436e-03 6.492439e-01
1957 3.852023e-03 1.118313e+00
1958 8.075318e-04 5.871313e-01
1959 2.719067e-09 7.319888e-03
1960 4.847804e-05 2.145847e-02
1961 4.903653e-12 2.938944e-03
1962 1.551793e-08 7.225691e-03
1963 6.717598e-11 2.056928e-03
1964 4.089997e-10 3.510118e-03
1965 3.736805e-05 5.558623e-02
1966 7.908151e-07 1.218472e-02
1967 1.683168e-03 3.780527e-01
1968 4.911351e-06 2.788987e-02
1969 1.190580e-06 2.199754e-02
1970 2.754662e-07 9.854052e-03
1971 4.496849e-06 2.688077e-02
1972 1.437895e-08 7.144070e-03
1973 5.763111e-04 3.824802e-01
1974 4.129753e-06 4.138192e-02
1975 4.673910e-07 1.718783e-02
1976 1.503985e-05 3.503398e-02
1977 2.282815e-04 3.533427e-01
1978 1.941566e-04 8.575922e-02
1979 3.424324e-04 1.396095e-01
1980 3.959298e-04 2.339631e-01
1981 9.586206e-04 2.093857e-01
1982 2.921203e-04 1.786846e-01
1983 3.545155e-03 8.891409e-01
1984 1.742153e-04 1.057578e-01
1985 1.444255e-05 2.373272e-01
1986 3.660545e-05 9.255130e-02
1987 6.814498e-04 1.004687e+00
1988 1.244580e-05 5.512881e-02
1989 2.866158e-05 5.663957e-02
1990 5.735976e-04 3.178287e-01
1991 2.628410e-07 1.453055e-02
1992 1.717607e-04 6.849453e-02
1993 7.620596e-04 4.352379e-01
1994 6.112576e-04 1.426013e-01
1995 2.118671e-05 7.996634e-02
1996 6.664132e-05 1.054328e-01
1997 3.605497e-03 1.250051e+00
1998 2.004045e-04 2.826004e-01
1999 9.706429e-04 7.035147e-01
2000 5.037467e-03 4.206515e-01
