2 1.307670e-04 1.626133e-01
3 1.320945e-03 9.619564e-01
4 7.343999e-04 4.248751e-01
5 1.397131e-04 1.441093e-01
6 3.241872e-03 1.382423e+00
7 2.218033e-03 3.947662e-01
8 2.703504e-06 5.465893e-02
9 9.511955e-06 1.121916e-02
10 1.720162e-03 2.163977e-01
11 9.561306e-04 5.150767e-01
12 6.448842e-05 4.446676e-02
13 3.726570e-03 6.882569e-01
14 3.018157e-04 1.820321e-01
15 3.771438e-04 8.949845e-02
16 4.986275e-05 6.234432e-02
17 5.737323e-05 2.240282e-02
18 4.911240e-04 2.106510e-01
19 4.287619e-05 3.345282e-01
20 8.182637e-04 5.790579e-01
21 1.847343e-03 3.085147e-01
22 6.255252e-06 3.283327e-02
23 3.044836e-03 8.566413e-01
24 3.702495e-03 5.045440e-01
25 2.049364e-05 5.814888e-02
26 1.340474e-03 7.762850e-01
27 4.853197e-04 1.143941e-01
28 1.886444e-04 6.395463e-02
29 1.389252e-03 9.506108e-01
30 5.876208e-07 7.852754e-03
31 2.519206e-03 3.900916e-01
32 2.731694e-03 4.502549e-01
33 1.683494e-04 4.222096e-02
34 7.602971e-06 1.005003e-02
35 2.703225e-04 2.736900e-01
36 5.486528e-04 1.013820e-01
37 3.386591e-03 1.230328e+00
38 7.344241e-03 1.678147e+00
39 1.791922e-03 8.400624e-01
40 4.025751e-04 2.862303e-01
41 4.656426e-07 7.201342e-03
42 4.634733e-03 1.044211e+00
43 1.069251e-05 1.913631e-02
44 3.175763e-08 3.024599e-03
45 9.908501e-07 2.775263e-03
46 6.048451e-09 1.441106e-03
47 7.600377e-08 6.337582e-03
48 4.938320e-07 7.256451e-03
49 4.898776e-07 9.162583e-03
50 7.371154e-06 3.333357e-02
51 5.973175e-07 3.188513e-03
52 1.470277e-07 5.684207e-03
53 3.592610e-07 5.700120e-03
54 6.175602e-08 4.306139e-03
55 3.437876e-08 3.401464e-03
56 2.338649e-05 2.258311e-02
57 9.962054e-06 4.290643e-02
58 6.981322e-09 1.717778e-03
59 2.969640e-06 1.296038e-02
60 1.548551e-07 2.448321e-03
61 5.811075e-08 4.240084e-03
62 5.711871e-08 1.358499e-03
63 6.268400e-07 5.777970e-03
64 1.365793e-08 1.184307e-02
65 2.161694e-07 2.826262e-03
66 9.528272e-08 4.903302e-03
67 2.616857e-08 4.815236e-03
68 8.994955e-06 1.148250e-02
69 5.889990e-06 1.093538e-02
70 5.870800e-04 7.601712e-01
71 2.934645e-10 4.412640e-03
72 1.355367e-04 7.808835e-02
73 7.606764e-07 4.601233e-03
74 1.825061e-07 5.797283e-03
75 5.783608e-07 5.850069e-03
76 1.765843e-05 7.577869e-03
77 1.510009e-06 4.799809e-03
78 4.165917e-05 5.170628e-02
79 9.810250e-07 1.148199e-02
80 1.750458e-04 9.922657e-02
81 4.628416e-07 3.197468e-03
82 8.558641e-05 4.439836e-02
83 1.131280e-08 2.529937e-03
84 2.063068e-04 2.422367e-02
85 1.461000e-06 7.978274e-03
86 1.589172e-04 3.650846e-02
87 2.770974e-04 2.654173e-01
88 5.566931e-09 2.775512e-03
89 1.403927e-04 6.405701e-02
90 9.317277e-05 1.334138e-01
91 9.963108e-06 1.978297e-02
92 2.283065e-04 9.684646e-02
93 6.084326e-05 5.275751e-02
94 2.197577e-07 9.028062e-03
95 5.878378e-09 5.392698e-03
96 8.496641e-06 1.477526e-02
97 2.344004e-05 2.347058e-02
98 2.956463e-04 4.561548e-02
99 1.146942e-04 3.499293e-01
100 1.189242e-03 1.091934e+00
101 3.827518e-04 1.864455e-01
102 1.705604e-06 6.763131e-03
103 4.928336e-04 2.702782e-01
104 7.426699e-08 2.473188e-02
105 2.087688e-04 1.066901e-01
106 8.314320e-05 7.428067e-02
107 5.930928e-07 1.220866e-02
108 1.411739e-05 1.163222e-01
109 3.375010e-07 1.218383e-02
110 4.107682e-06 4.609882e-03
111 2.397753e-07 1.087036e-02
112 4.241159e-08 1.961063e-02
113 5.582319e-04 1.613252e-01
114 5.203354e-05 1.669146e-02
115 2.129418e-04 3.085801e-02
116 1.858805e-04 1.114581e-01
117 1.724206e-06 7.484793e-03
118 1.377130e-07 3.730243e-03
119 2.580823e-04 7.844453e-01
120 2.700010e-04 4.373471e-02
121 3.476776e-07 9.066703e-03
122 7.811381e-07 5.265570e-03
123 5.611955e-04 1.365315e-01
124 1.570886e-06 1.450487e-02
125 1.316500e-04 1.680477e-01
126 1.500053e-05 1.549517e-02
127 6.817046e-07 1.168606e-02
128 5.606938e-04 4.470325e-01
129 5.524724e-04 6.302243e-01
130 1.800291e-05 7.890874e-02
131 4.405585e-04 2.425324e-01
132 3.154406e-05 2.964320e-02
133 2.920538e-03 1.118482e+00
134 3.986512e-05 5.182588e-02
135 1.124616e-03 4.262910e-01
136 1.535683e-09 2.287502e-03
137 5.363802e-07 1.304237e-02
138 4.929677e-07 4.126410e-03
139 6.313067e-06 1.038377e-02
140 2.535372e-04 6.860641e-02
141 4.987774e-06 8.315532e-03
142 1.355742e-03 2.812854e-01
143 8.757827e-04 1.147577e-01
144 4.822507e-04 2.669842e-01
145 3.157430e-05 6.222471e-02
146 1.042879e-06 1.464205e-02
147 6.926654e-05 8.306434e-02
148 1.757955e-06 6.625665e-03
149 1.488546e-04 8.190111e-02
150 4.596435e-05 1.053900e-01
151 1.852807e-04 8.334524e-02
152 1.749915e-05 4.045575e-02
153 2.155117e-06 1.073259e-02
154 1.233887e-05 1.701524e-02
155 2.497714e-07 3.180379e-03
156 6.072817e-05 3.004477e-02
157 1.678369e-07 1.320671e-02
158 3.162974e-10 3.780412e-03
159 7.669072e-07 1.789977e-02
160 1.902755e-06 1.029491e-02
161 8.049199e-07 5.324007e-03
162 5.234078e-07 1.727235e-02
163 4.195049e-06 1.753745e-02
164 5.264547e-05 1.611466e-02
165 1.526580e-07 1.796048e-03
166 1.498643e-06 2.576672e-03
167 7.098205e-06 9.540665e-03
168 2.429605e-06 5.748492e-03
169 4.796632e-05 3.922058e-02
170 4.104555e-06 7.938037e-03
171 3.796873e-04 5.623009e-02
172 5.804418e-04 6.323189e-01
173 2.630311e-04 9.450584e-02
174 8.955330e-04 2.735246e-01
175 2.073048e-09 1.263826e-03
176 1.828063e-06 1.515942e-02
177 1.073097e-08 3.190767e-03
178 1.947954e-07 7.877396e-03
179 3.345233e-06 1.303209e-02
180 9.509550e-10 1.277251e-03
181 6.753303e-05 1.179482e-01
182 2.427995e-03 1.215222e-01
183 3.302498e-05 4.331433e-02
184 4.581005e-06 9.367692e-03
185 5.069944e-09 1.523636e-03
186 2.799787e-06 4.931734e-02
187 3.957210e-03 8.579613e-01
188 1.495546e-04 5.823074e-02
189 2.609076e-06 1.562992e-02
190 1.119255e-06 5.687659e-03
191 1.501134e-06 7.069622e-03
192 7.417787e-08 5.861507e-03
193 6.217090e-09 6.283972e-03
194 5.145845e-08 6.117720e-03
195 1.190428e-04 3.546407e-02
196 2.318842e-06 8.370249e-03
197 2.347967e-07 2.126853e-02
198 4.178380e-05 1.592412e-02
199 1.781242e-06 2.055226e-02
200 3.436657e-04 1.295511e-01
201 1.236952e-05 9.293594e-02
202 1.023061e-05 1.666394e-02
203 1.589880e-04 2.100650e-01
204 5.218067e-06 4.690396e-03
205 2.284229e-04 4.730471e-02
206 1.870933e-04 6.326696e-02
207 1.771715e-05 3.328819e-02
208 3.471363e-05 9.934320e-02
209 1.193123e-03 2.125452e-01
210 3.051426e-05 5.877062e-02
211 3.145725e-04 2.137354e-01
212 8.130787e-08 5.025298e-03
213 2.878142e-06 1.645058e-02
214 5.404431e-06 1.418955e-02
215 7.588339e-07 1.244315e-02
216 1.522794e-05 4.030546e-02
217 2.122639e-06 2.924683e-03
218 4.837349e-07 4.736196e-03
219 1.175511e-07 2.559221e-03
220 6.013711e-05 2.594351e-01
221 1.572467e-07 5.693322e-03
222 1.501835e-06 4.371535e-02
223 1.771996e-03 2.035405e-01
224 3.809446e-09 2.300447e-03
225 1.495335e-08 3.232603e-03
226 3.601271e-06 1.218373e-02
227 2.507082e-07 4.279325e-03
228 2.408068e-06 6.390302e-03
229 3.763586e-06 1.833736e-02
230 6.700535e-04 3.637470e-01
231 6.261415e-10 2.043709e-03
232 2.486371e-03 7.905598e-01
233 4.051429e-08 9.447633e-03
234 2.149008e-06 5.315263e-03
235 7.560108e-10 7.405324e-03
236 7.382122e-04 1.597502e-01
237 9.217313e-04 3.939247e-01
238 9.776330e-08 5.104020e-03
239 6.652557e-05 1.542749e-02
240 1.120887e-05 6.903081e-02
241 5.739862e-04 5.213437e-01
242 2.402238e-06 3.894890e-02
243 7.046398e-07 4.563063e-03
244 7.840881e-09 1.879085e-03
245 9.562891e-09 1.284078e-03
246 9.114341e-04 2.322778e-01
247 5.333997e-04 1.515360e-01
248 2.978348e-04 3.688677e-01
249 2.979053e-03 4.583631e-01
250 3.468316e-04 3.322752e-01
251 1.495971e-09 1.293862e-03
252 1.268885e-07 8.788312e-03
253 5.941906e-08 4.242632e-03
254 8.690487e-06 2.309690e-02
255 7.398575e-07 9.034504e-03
256 4.763385e-10 2.437799e-03
257 6.629412e-07 5.296299e-03
258 1.032493e-03 1.332321e-01
259 1.637188e-08 1.456386e-03
260 1.143636e-06 1.006340e-02
261 6.665585e-05 1.144844e-02
262 1.383387e-06 1.811561e-03
263 3.677876e-05 7.832583e-03
264 2.301708e-06 2.992273e-02
265 4.398247e-05 8.062857e-02
266 3.680825e-06 1.255339e-02
267 3.413793e-07 1.988308e-02
268 2.108593e-06 1.022766e-02
269 1.117086e-04 1.887594e-01
270 1.096658e-09 3.605437e-03
271 8.164262e-06 1.978426e-02
272 1.375505e-05 1.370022e-02
273 3.436094e-04 1.380973e-01
274 9.759639e-10 1.879333e-03
275 1.891158e-03 2.343913e-01
276 1.966477e-06 1.862462e-02
277 1.456778e-09 4.011054e-03
278 5.867819e-05 1.135704e-01
279 3.024392e-07 5.208177e-03
280 7.000921e-05 8.000186e-02
281 3.684472e-04 1.827894e-01
282 6.477325e-08 2.088743e-03
283 2.191415e-06 7.037571e-03
284 3.113749e-08 4.749645e-03
285 3.487517e-08 9.255860e-03
286 5.202428e-07 6.154717e-03
287 7.907789e-08 5.091303e-03
288 8.326278e-08 2.224467e-03
289 1.291533e-03 3.778894e-01
290 4.050071e-09 1.421899e-03
291 2.709204e-05 2.087605e-02
292 1.137300e-03 4.915609e-01
293 2.173856e-06 5.853115e-03
294 2.439197e-08 4.364689e-03
295 2.918912e-08 1.780821e-02
296 4.495003e-05 1.254214e-01
297 8.388995e-06 1.891180e-02
298 2.250944e-06 5.891763e-03
299 1.405939e-07 4.263279e-03
300 1.040465e-05 1.594265e-02
301 5.933250e-04 3.985912e-01
302 4.283239e-07 3.605008e-03
303 1.795550e-06 2.058840e-02
304 3.537730e-04 1.619453e-01
305 1.479629e-04 3.011544e-02
306 1.587174e-04 3.080315e-02
307 3.919100e-03 4.148297e-01
308 1.436152e-06 1.100063e-02
309 1.874975e-04 3.172423e-01
310 2.809993e-05 2.716711e-02
311 9.319342e-07 1.358558e-02
312 2.837790e-05 6.076636e-03
313 2.007291e-03 1.079831e+00
314 2.282890e-05 4.654913e-03
315 2.580171e-09 4.747081e-03
316 4.146850e-03 7.585841e-01
317 1.833843e-03 5.400100e-01
318 4.992330e-04 2.484485e-01
319 1.099596e-04 9.717192e-02
320 1.598355e-05 4.341623e-02
321 3.986777e-04 3.900752e-01
322 2.358469e-10 6.874491e-03
323 3.056235e-06 2.751980e-02
324 2.073957e-08 5.423152e-03
325 3.977317e-08 5.311458e-03
326 1.605126e-06 4.685578e-02
327 2.846112e-03 9.465536e-01
328 1.267911e-03 2.324576e-01
329 3.788363e-03 5.262353e-01
330 5.193376e-06 1.180302e-02
331 3.333076e-04 4.018170e-02
332 9.684349e-04 3.381032e-01
333 1.015747e-07 1.670445e-02
334 5.258549e-06 4.989611e-02
335 3.439622e-09 2.172112e-03
336 5.805880e-06 1.107190e-02
337 1.674471e-06 1.355587e-02
338 3.494129e-03 2.365282e-01
339 1.071974e-03 3.515829e-01
340 7.885933e-06 1.546072e-02
341 2.827214e-07 1.047592e-02
342 1.507190e-05 8.799653e-03
343 7.545980e-08 3.918270e-02
344 4.535805e-05 2.036006e-02
345 2.196263e-03 9.703174e-01
346 4.011568e-03 5.873549e-01
347 4.273270e-08 4.231679e-03
348 1.916973e-04 5.659728e-02
349 2.892077e-05 8.322141e-03
350 2.020070e-06 3.336553e-03
351 9.240844e-04 9.205247e-01
352 1.048939e-04 2.193640e-01
353 2.537406e-08 1.289085e-03
354 2.679658e-04 1.531796e-01
355 8.878035e-06 2.697324e-02
356 2.132301e-03 5.770652e-01
357 7.866237e-04 2.095025e-01
358 3.937894e-06 6.279347e-03
359 1.167663e-05 1.259058e-02
360 1.367322e-04 1.535068e-01
361 1.357843e-03 2.656886e-01
362 1.558397e-03 1.710335e-01
363 2.661413e-05 4.681976e-02
364 1.790366e-05 5.357405e-02
365 9.013865e-06 4.156403e-02
366 2.255195e-06 2.108147e-02
367 5.430311e-07 1.710180e-02
368 1.434660e-05 1.264724e-02
369 6.483160e-07 1.180177e-02
370 6.092262e-06 2.059309e-02
371 1.722998e-05 8.719186e-02
372 4.521497e-07 3.670324e-02
373 6.525345e-05 7.168873e-02
374 7.969749e-09 6.334417e-03
375 1.475886e-07 1.469156e-03
376 1.982839e-07 3.682302e-03
377 2.429940e-03 6.800539e-01
378 4.402018e-05 2.863373e-02
379 1.117051e-06 6.183614e-03
380 4.067298e-06 2.065563e-02
381 1.040232e-03 7.191932e-01
382 2.655937e-04 3.859030e-02
383 5.203258e-04 2.178572e-01
384 2.430697e-05 2.197050e-02
385 9.183084e-04 6.875208e-01
386 2.352718e-05 1.788571e-02
387 8.570978e-06 2.091772e-02
388 2.384279e-07 4.079156e-03
389 2.623312e-07 1.072061e-02
390 3.750521e-09 4.438121e-03
391 2.327258e-04 3.990189e-02
392 5.955719e-06 2.883396e-02
393 4.815280e-09 2.653719e-03
394 7.752784e-04 8.198018e-01
395 7.509284e-07 1.852585e-03
396 6.256396e-06 4.012378e-02
397 3.159719e-06 2.297627e-02
398 4.759576e-10 2.559550e-03
399 8.944277e-08 9.124863e-03
400 3.622622e-03 1.680632e+00
401 4.387202e-06 2.795357e-02
402 1.124131e-03 5.997223e-01
403 7.040470e-05 3.471744e-02
404 1.530344e-05 2.953189e-02
405 4.211189e-07 5.181722e-03
406 2.329313e-04 2.714491e-01
407 1.384670e-04 1.237992e-01
408 7.716828e-04 7.446493e-01
409 2.902319e-05 8.802704e-02
410 5.404751e-06 1.559148e-02
411 8.626214e-05 4.532739e-02
412 5.265934e-05 1.412870e-02
413 7.877456e-04 5.155745e-01
414 6.737207e-04 5.279118e-02
415 7.205123e-08 1.968063e-03
416 1.598058e-04 1.294238e-01
417 3.348323e-06 3.022912e-03
418 1.808915e-03 5.811923e-01
419 1.200220e-03 8.558645e-01
420 1.959535e-05 9.911635e-03
421 2.005640e-04 3.141640e-02
422 1.739133e-05 3.050304e-02
423 9.760852e-06 1.288666e-02
424 1.793193e-04 7.131755e-02
425 3.169460e-05 1.620636e-02
426 1.325166e-08 3.760046e-03
427 1.170502e-04 1.551357e-01
428 2.096697e-04 4.801803e-02
429 1.473237e-03 3.844009e-01
430 7.825689e-07 1.735271e-03
431 3.076501e-09 4.157804e-03
432 4.084258e-04 1.501744e-01
433 5.728291e-09 1.257167e-03
434 1.250053e-07 5.219275e-03
435 1.192165e-05 6.063753e-03
436 7.702435e-09 2.357793e-03
437 2.088336e-04 1.478679e-01
438 1.176902e-07 5.841435e-03
439 2.332158e-07 4.603412e-03
440 1.292227e-07 4.338270e-03
441 7.152532e-05 4.493741e-02
442 1.163662e-08 6.772314e-03
443 1.701676e-06 5.434296e-03
444 4.865380e-05 5.212773e-02
445 3.825612e-04 1.010333e-01
446 1.957836e-06 1.746191e-02
447 2.832188e-08 2.496116e-03
448 2.251126e-06 2.788813e-03
449 5.768074e-08 2.388132e-03
450 1.479979e-06 3.718719e-03
451 1.617731e-07 1.342219e-03
452 5.270078e-05 1.418161e-02
453 5.675810e-07 5.162307e-03
454 1.541127e-05 4.222790e-02
455 6.271665e-04 1.820312e-01
456 1.333928e-07 5.637528e-03
457 1.902798e-05 4.479168e-02
458 3.029464e-05 7.102680e-02
459 2.550114e-05 7.300466e-02
460 3.071990e-07 4.072883e-03
461 1.957969e-05 3.931107e-02
462 4.002513e-04 3.148510e-01
463 5.129150e-05 7.568954e-02
464 6.620040e-05 1.162430e-02
465 1.217573e-07 1.844942e-03
466 4.722247e-08 2.732832e-03
467 2.053976e-03 5.954202e-01
468 1.513176e-09 5.934384e-03
469 3.493216e-04 1.481826e-01
470 7.625175e-05 2.238809e-02
471 1.504635e-05 3.856989e-02
472 1.414011e-05 7.670371e-03
473 1.966389e-05 1.644103e-02
474 8.586071e-06 5.199604e-03
475 4.877849e-05 4.246173e-02
476 4.345110e-09 2.276478e-03
477 9.031945e-05 1.072619e-01
478 3.098946e-09 3.581678e-03
479 6.411393e-09 1.840811e-03
480 1.349917e-06 1.387801e-02
481 2.092851e-07 8.193203e-03
482 9.012812e-04 3.137690e-01
483 4.170604e-08 1.195058e-03
484 6.136083e-08 1.954445e-03
485 5.913619e-05 1.044512e-01
486 6.680805e-07 5.304018e-03
487 5.915993e-05 9.175169e-02
488 2.530184e-07 6.585078e-03
489 2.531446e-05 1.397151e-02
490 1.731287e-05 4.783728e-02
491 9.607873e-07 1.096506e-02
492 2.388551e-04 2.101795e-02
493 2.218058e-08 2.367509e-03
494 8.320668e-04 1.505790e-01
495 1.860789e-03 2.195364e-01
496 1.253586e-04 1.976054e-01
497 1.944239e-04 1.491422e-01
498 1.587550e-05 4.307324e-02
499 6.094953e-05 1.334333e-02
500 9.319206e-09 9.724177e-03
501 8.382714e-03 1.017344e+00
502 1.316537e-06 1.983095e-02
503 7.351464e-05 7.750532e-02
504 3.450579e-03 1.204301e+00
505 7.514335e-08 6.449461e-03
506 1.574599e-07 1.314335e-02
507 9.390644e-07 9.716789e-03
508 4.783444e-05 1.647751e-02
509 1.420041e-03 3.819005e-01
510 2.017951e-07 9.917249e-03
511 7.771811e-07 5.004701e-03
512 1.243108e-08 2.039602e-03
513 5.480297e-05 3.654575e-02
514 2.359729e-08 1.969312e-02
515 1.031424e-06 5.778525e-02
516 2.089316e-04 8.730621e-02
517 2.649424e-06 7.864453e-03
518 3.608259e-08 4.542100e-03
519 6.387554e-07 1.091083e-02
520 1.650512e-09 1.504619e-03
521 3.074856e-06 3.011086e-02
522 2.791816e-06 3.472926e-03
523 1.447231e-06 8.501015e-03
524 1.433499e-04 8.546679e-02
525 9.141474e-04 1.210833e-01
526 4.489139e-06 1.763353e-02
527 3.381050e-04 2.055127e-01
528 6.010819e-04 1.716072e-01
529 1.027294e-03 2.905119e-01
530 1.551981e-04 7.345154e-02
531 7.373364e-11 1.574194e-03
532 1.168942e-06 9.719514e-03
533 3.408123e-06 2.917459e-03
534 3.937345e-06 8.949664e-02
535 2.402909e-03 3.390781e-01
536 4.649747e-04 1.096490e-01
537 1.228023e-03 3.787760e-01
538 2.282724e-06 9.631857e-02
539 4.386767e-05 6.267686e-02
540 5.464736e-06 2.850534e-02
541 1.937527e-03 8.856085e-01
542 1.023828e-05 1.343829e-02
543 1.960209e-04 1.185659e-02
544 8.901741e-05 8.063151e-02
545 1.580461e-07 9.547205e-03
546 3.292509e-06 1.581945e-02
547 1.089915e-05 5.548123e-02
548 2.452565e-04 4.109855e-02
549 1.399971e-06 2.929067e-02
550 1.078960e-08 5.838737e-03
551 3.456991e-04 3.436749e-02
552 1.704566e-07 2.691622e-03
553 2.972505e-07 7.550161e-03
554 3.242495e-09 3.020735e-03
555 3.145511e-06 7.077330e-02
556 2.399053e-06 7.672233e-03
557 4.585162e-05 9.676956e-02
558 1.081653e-07 8.199308e-03
559 7.133157e-04 7.296461e-02
560 8.902316e-08 3.363212e-03
561 1.334802e-05 3.363543e-02
562 3.617296e-07 1.842113e-03
563 2.503652e-03 1.845233e+00
564 1.555105e-03 9.476895e-01
565 2.747321e-06 3.919190e-03
566 2.243999e-03 7.741436e-02
567 3.391094e-04 7.083732e-02
568 2.396384e-04 1.119924e-01
569 5.607423e-06 1.234952e-02
570 1.187331e-05 5.176269e-02
571 3.243429e-04 6.901545e-02
572 1.001357e-03 1.198086e-01
573 5.835632e-04 2.131036e-01
574 2.167647e-06 5.926031e-03
575 4.868100e-08 4.062624e-03
576 3.585639e-06 9.687213e-03
577 7.689056e-09 2.689432e-03
578 2.526967e-06 4.147600e-03
579 1.759352e-04 2.848668e-02
580 5.860763e-08 6.034974e-03
581 2.238457e-04 1.152794e-01
582 2.820388e-06 1.523411e-02
583 2.818286e-04 4.747475e-01
584 2.649738e-05 7.881206e-02
585 2.317602e-05 4.605228e-02
586 1.282835e-03 1.504618e-01
587 1.211689e-05 1.342198e-02
588 1.480734e-05 5.933017e-02
589 1.924020e-04 5.635164e-02
590 3.744015e-07 1.235279e-02
591 2.504588e-06 2.688356e-02
592 3.107233e-03 7.584301e-01
593 7.669171e-07 9.352126e-03
594 2.359251e-04 9.937064e-02
595 2.589826e-07 5.614667e-03
596 1.007388e-08 1.379817e-03
597 1.002852e-07 2.287063e-03
598 2.169191e-05 4.685989e-02
599 3.190573e-05 2.023681e-02
600 5.729883e-07 5.172168e-03
601 6.736445e-07 4.335539e-03
602 3.467475e-05 2.840724e-02
603 8.753570e-05 3.425719e-02
604 1.949827e-08 2.068494e-03
605 6.165917e-04 1.685153e-01
606 4.859519e-04 1.078795e-01
607 2.343690e-07 5.247942e-03
608 5.590871e-04 3.817022e-02
609 3.228580e-05 1.695740e-02
610 7.929833e-06 1.638561e-02
611 1.648095e-08 2.536453e-03
612 1.114010e-05 3.643672e-02
613 5.239297e-08 5.338975e-03
614 2.038933e-06 5.681914e-03
615 2.034975e-08 5.945257e-03
616 3.454301e-04 4.775474e-02
617 1.034579e-06 1.410415e-02
618 1.820938e-07 8.405704e-03
619 1.643229e-05 7.664124e-03
620 2.996447e-07 3.884962e-03
621 4.468951e-07 3.427933e-03
622 1.348131e-03 2.846772e-01
623 1.363984e-05 1.759200e-02
624 1.421602e-06 4.449273e-03
625 5.491553e-07 1.185900e-02
626 5.246197e-07 6.382628e-03
627 2.970209e-07 3.679972e-03
628 2.509055e-05 3.276213e-02
629 9.640706e-07 2.141715e-03
630 2.000452e-05 1.479031e-02
631 9.975240e-06 1.231833e-02
632 5.742452e-08 1.265271e-03
633 5.902983e-04 3.102614e-01
634 1.170734e-04 2.903928e-02
635 2.364220e-07 8.791571e-03
636 2.032760e-07 2.104672e-02
637 2.632221e-07 1.160024e-02
638 6.426184e-09 2.182761e-03
639 2.603852e-10 1.581190e-03
640 1.367460e-09 2.443793e-03
641 1.816131e-09 1.528527e-03
642 9.773193e-08 5.432725e-03
643 6.898711e-05 8.666249e-02
644 1.043770e-03 2.148121e-01
645 3.843061e-04 7.636181e-02
646 1.077356e-05 1.437261e-02
647 1.246520e-06 6.037024e-03
648 5.740285e-05 3.821247e-02
649 3.193805e-03 6.656725e-01
650 2.486792e-06 5.044139e-03
651 4.353278e-07 8.529026e-03
652 8.862569e-05 7.466686e-02
653 5.037531e-08 4.783353e-03
654 1.040552e-06 4.948272e-03
655 8.569618e-07 9.195708e-03
656 1.600989e-07 2.811445e-03
657 5.540316e-04 4.243150e-02
658 1.329008e-04 1.472116e-01
659 1.493888e-04 2.289241e-02
660 1.242502e-04 1.201192e-01
661 1.659427e-06 5.563336e-03
662 8.020553e-04 2.540632e-01
663 7.016316e-04 7.871342e-01
664 5.128136e-05 5.235482e-02
665 7.904522e-07 9.385203e-03
666 1.769207e-04 1.851456e-02
667 1.081773e-03 5.957515e-02
668 1.187743e-03 3.769360e-01
669 1.038912e-03 2.533532e-01
670 9.631464e-08 9.346763e-03
671 4.874559e-05 2.230104e-02
672 3.848046e-07 2.506979e-02
673 1.437251e-05 1.182511e-02
674 5.443353e-07 2.110947e-03
675 1.048619e-04 1.386942e-01
676 1.672417e-06 5.707613e-03
677 4.540142e-10 1.338948e-03
678 1.110614e-05 7.466217e-03
679 1.574704e-03 2.202019e-01
680 2.679563e-05 4.622251e-02
681 5.524065e-05 7.083721e-02
682 8.071268e-06 1.296335e-02
683 1.563980e-06 3.061427e-02
684 2.138033e-05 1.927143e-02
685 5.535812e-09 2.171125e-03
686 5.452273e-06 1.920286e-02
687 3.420643e-03 7.075215e-01
688 5.352356e-06 2.495942e-02
689 4.199612e-07 1.032734e-02
690 2.864220e-08 2.015513e-03
691 8.805987e-04 1.795609e-01
692 7.953301e-08 2.930146e-03
693 2.468693e-05 2.223903e-02
694 6.690929e-04 9.420190e-02
695 5.868501e-04 2.570313e-01
696 2.466157e-03 7.321813e-01
697 1.281337e-05 9.409331e-03
698 4.804161e-04 1.438383e-01
699 9.552211e-08 1.539164e-03
700 2.213006e-04 5.208174e-02
701 3.984875e-06 1.969652e-02
702 1.389104e-08 1.237317e-03
703 3.038637e-08 4.011338e-03
704 4.896694e-11 1.311534e-03
705 3.081919e-03 3.262414e-01
706 2.774464e-08 1.732307e-03
707 2.806536e-04 1.030979e-01
708 1.010719e-11 4.995842e-03
709 1.392271e-10 2.939367e-03
710 4.505540e-07 6.302124e-03
711 3.180689e-10 1.204896e-03
712 2.394514e-07 4.814699e-03
713 1.481018e-07 6.465019e-03
714 1.231732e-09 2.451251e-03
715 8.410977e-06 1.659606e-02
716 2.763116e-04 3.130694e-02
717 2.004926e-08 5.329364e-03
718 6.687281e-11 2.642273e-03
719 1.028965e-03 6.958190e-01
720 7.894936e-11 1.188323e-03
721 1.248811e-05 8.587219e-03
722 8.340509e-10 2.732710e-03
723 4.349754e-06 1.666758e-02
724 2.430499e-07 3.488426e-03
725 1.085285e-10 1.464600e-03
726 9.776839e-05 4.902351e-02
727 2.194712e-09 4.371409e-03
728 4.536667e-08 7.907705e-03
729 8.141324e-10 7.307670e-03
730 4.929516e-08 2.752896e-03
731 1.707027e-04 1.042376e-01
732 3.379513e-12 1.364472e-03
733 1.040099e-13 9.157500e-04
734 1.299400e-07 2.992183e-03
735 7.554125e-08 3.406197e-03
736 4.883080e-06 1.673614e-02
737 5.510581e-11 1.363521e-03
738 7.805479e-05 9.706764e-02
739 1.355718e-08 3.515598e-03
740 1.439082e-05 3.726434e-02
741 6.911147e-08 8.486063e-03
742 1.347348e-05 2.212262e-02
743 7.744735e-04 7.367207e-01
744 1.216789e-10 2.638481e-03
745 2.416290e-08 2.531539e-03
746 9.789430e-07 1.281919e-02
747 2.579866e-04 6.078503e-02
748 2.144957e-03 1.971830e-01
749 8.882811e-05 1.839708e-01
750 3.222508e-07 6.855337e-03
751 1.073518e-06 1.235161e-02
752 2.347208e-07 1.986264e-03
753 1.598057e-08 2.987349e-03
754 4.215474e-05 1.081953e-01
755 3.834824e-06 2.165008e-02
756 2.777062e-05 3.605626e-02
757 4.998388e-10 1.517581e-03
758 5.241094e-06 2.118055e-02
759 2.535518e-04 2.739738e-02
760 3.636205e-08 2.276501e-03
761 5.755985e-05 3.472545e-02
762 3.045918e-04 2.620081e-02
763 4.925979e-09 1.966400e-03
764 4.721129e-08 9.888628e-03
765 5.248362e-09 1.044233e-02
766 7.592002e-07 5.513134e-03
767 7.497389e-08 5.906648e-03
768 4.109464e-05 2.965648e-02
769 5.324305e-06 7.873248e-03
770 1.557273e-04 6.675803e-02
771 1.351318e-05 5.381291e-03
772 1.258730e-11 1.550057e-03
773 5.870761e-08 1.604346e-02
774 1.860919e-08 1.957100e-03
775 2.843830e-04 9.991810e-02
776 1.934205e-04 9.090436e-02
777 5.936929e-05 3.652240e-02
778 6.806482e-05 2.479335e-02
779 1.587748e-03 2.649381e-01
780 1.629396e-05 1.583253e-02
781 2.844391e-04 8.148010e-02
782 1.286843e-06 4.579621e-03
783 8.514726e-06 9.915568e-03
784 3.455284e-06 6.881616e-03
785 3.508568e-04 4.701472e-02
786 4.119104e-05 2.613895e-02
787 2.543890e-04 4.304121e-02
788 1.955759e-06 2.313037e-02
789 3.147353e-09 1.348842e-03
790 1.013458e-04 1.631578e-01
791 2.421600e-05 1.764954e-02
792 5.305417e-07 4.945786e-03
793 3.822782e-06 9.961648e-03
794 1.188677e-06 5.136568e-03
795 2.885899e-04 5.781752e-01
796 9.582873e-09 3.134636e-03
797 5.712544e-04 2.942372e-01
798 9.358424e-04 4.709504e-01
799 2.748457e-06 5.310334e-03
800 1.205040e-04 8.754278e-02
801 1.000173e-07 4.159807e-03
802 4.037559e-05 4.567076e-02
803 1.322203e-03 1.809314e-01
804 9.569232e-07 1.605904e-02
805 1.471185e-08 4.029196e-03
806 4.324430e-04 2.357364e-01
807 6.516604e-07 5.545165e-02
808 5.878894e-06 4.307595e-03
809 4.904880e-04 3.687367e-01
810 2.725746e-05 1.734174e-02
811 3.351563e-06 2.758810e-02
812 2.923739e-07 6.935391e-03
813 6.027853e-07 5.864556e-03
814 2.255148e-06 1.067483e-02
815 5.644167e-06 2.629706e-02
816 1.513068e-04 1.606006e-01
817 2.520676e-03 8.382142e-01
818 1.744925e-08 3.590893e-03
819 4.431873e-05 1.027000e-01
820 1.024710e-05 5.280427e-02
821 2.171470e-06 2.791475e-02
822 1.489777e-07 3.572204e-03
823 2.741391e-06 9.630241e-03
824 1.171065e-07 2.607210e-02
825 6.753463e-07 2.667365e-02
826 7.254104e-05 1.051962e-02
827 2.343533e-06 5.710984e-03
828 6.653207e-05 3.892984e-02
829 6.356790e-07 1.438077e-02
830 4.432550e-03 5.062784e-01
831 3.951732e-05 2.095838e-02
832 4.264786e-06 8.803172e-03
833 5.999830e-06 2.221079e-02
834 4.456229e-06 2.180730e-02
835 9.176574e-08 2.279786e-03
836 6.081922e-09 1.027286e-03
837 7.432357e-07 1.490215e-02
838 9.662090e-06 9.045294e-03
839 2.443731e-07 1.525076e-02
840 1.090040e-05 3.777937e-02
841 2.490861e-05 3.476885e-02
842 9.246239e-04 4.183037e-01
843 8.328369e-05 2.924768e-02
844 3.765531e-06 3.619943e-02
845 2.073573e-06 3.281988e-02
846 9.045770e-04 1.192990e-01
847 2.911592e-05 2.528435e-02
848 2.077088e-04 1.253196e-01
849 4.315812e-07 5.782329e-03
850 3.026692e-04 1.037487e+00
851 9.536761e-06 2.095993e-02
852 1.542043e-05 1.916326e-01
853 6.079194e-04 2.909504e-01
854 8.079213e-05 8.641336e-02
855 5.472038e-05 1.628037e-01
856 8.841617e-05 5.511574e-02
857 2.152695e-03 2.940419e-01
858 2.761545e-06 2.066112e-02
859 1.016645e-08 3.866911e-03
860 8.448354e-04 5.813057e-02
861 1.049383e-08 1.641872e-03
862 3.551618e-05 2.296672e-02
863 3.384044e-04 1.017155e-01
864 1.179593e-06 7.948387e-03
865 3.259003e-04 1.129623e-01
866 4.094658e-04 1.725513e-01
867 1.166102e-03 7.026095e-01
868 6.898624e-06 7.178583e-03
869 8.556221e-06 3.278098e-02
870 7.454858e-05 4.759830e-02
871 2.606163e-06 2.794455e-02
872 1.578934e-03 3.316731e-01
873 1.189213e-04 7.414405e-02
874 7.453017e-04 2.528610e-01
875 2.077747e-06 6.373123e-03
876 5.722148e-12 1.062645e-03
877 2.569029e-07 9.373585e-03
878 3.511449e-04 4.175830e-01
879 2.972741e-04 1.010130e-01
880 1.888795e-05 1.122441e-02
881 4.878927e-10 2.291690e-03
882 6.481090e-05 7.189560e-02
883 1.584384e-03 5.874568e-01
884 4.081299e-04 1.041062e-01
885 6.793028e-05 7.896111e-02
886 6.594301e-07 7.922325e-03
887 3.084819e-07 1.343924e-02
888 4.863941e-06 1.285087e-02
889 3.007557e-07 2.300354e-02
890 1.638204e-06 2.353742e-02
891 4.819541e-04 3.529013e-01
892 4.356791e-09 2.858869e-03
893 9.501753e-05 6.157515e-02
894 9.348149e-07 7.068501e-03
895 5.283239e-05 7.990945e-02
896 6.569407e-07 5.489168e-02
897 1.803978e-04 8.251349e-02
898 1.370978e-06 9.332646e-03
899 9.240904e-07 1.431849e-02
900 6.039385e-08 1.625635e-02
901 1.281510e-04 8.873266e-02
902 1.004477e-08 2.127066e-03
903 1.760327e-06 3.485551e-02
904 3.373859e-08 2.108421e-02
905 9.112609e-09 6.663845e-03
906 1.783705e-06 8.284916e-03
907 1.354384e-08 2.066484e-03
908 4.343138e-09 8.980374e-03
909 4.704217e-05 3.038550e-02
910 4.949483e-06 2.809474e-02
911 1.339886e-07 2.118178e-02
912 1.118101e-07 1.047091e-02
913 2.146019e-08 3.415204e-03
914 1.392171e-07 7.551018e-03
915 4.275515e-04 1.991266e-01
916 1.372381e-10 2.827311e-03
917 2.071708e-08 2.394539e-03
918 1.460759e-09 2.639560e-03
919 5.542921e-04 2.065092e-01
920 4.867410e-09 6.486719e-03
921 4.090326e-07 3.967657e-03
922 4.434020e-07 1.636739e-02
923 5.309124e-09 5.135669e-03
924 6.354730e-04 3.255379e-01
925 9.414243e-05 7.007508e-02
926 2.704401e-05 4.322763e-02
927 3.746217e-05 1.229277e-01
928 2.216382e-07 4.358955e-02
929 1.739614e-04 1.686397e-01
930 1.637252e-04 5.586749e-02
931 1.428967e-04 2.197372e-02
932 4.247416e-05 5.032318e-02
933 6.459581e-09 2.973106e-03
934 9.138146e-06 9.828733e-03
935 4.657373e-07 3.612610e-03
936 5.541501e-07 2.784627e-02
937 5.436474e-10 5.815838e-03
938 2.265036e-08 2.377553e-03
939 2.872190e-06 1.033920e-02
940 6.803375e-04 1.332190e-01
941 5.668551e-09 3.332109e-03
942 5.347708e-05 1.406335e-01
943 4.834994e-06 2.423865e-02
944 1.538230e-11 1.972736e-03
945 9.354645e-05 3.307758e-02
946 7.912357e-10 2.224265e-03
947 2.548789e-05 2.112978e-02
948 1.046626e-07 1.524699e-03
949 1.729747e-06 1.794481e-02
950 5.137792e-04 1.267443e-01
951 7.229127e-08 3.014595e-02
952 5.228321e-06 4.155698e-02
953 6.989957e-11 2.418494e-03
954 1.165999e-05 3.700580e-02
955 4.312579e-07 4.488612e-03
956 5.096771e-06 1.937874e-02
957 1.159160e-04 5.575559e-02
958 1.250921e-04 4.192099e-02
959 3.370305e-04 3.385874e-02
960 4.922429e-09 2.434950e-03
961 2.187761e-09 9.517379e-03
962 3.392708e-08 1.077759e-02
963 9.285553e-08 3.549216e-03
964 1.949294e-07 1.987100e-03
965 4.061625e-04 1.335856e-01
966 3.990271e-05 1.826404e-02
967 1.036192e-06 8.200843e-03
968 7.046271e-04 1.007758e-01
969 9.416348e-05 1.254967e-01
970 2.672970e-05 2.364177e-02
971 3.183440e-06 8.126792e-03
972 9.090999e-05 4.716355e-02
973 2.981159e-06 8.960773e-03
974 2.124245e-06 8.050952e-03
975 1.366502e-05 9.080720e-02
976 2.994139e-04 3.173191e-01
977 2.670077e-05 1.919866e-02
978 1.471207e-06 2.455429e-02
979 7.936187e-08 2.951639e-03
980 1.208114e-05 2.158318e-02
981 2.655332e-06 2.201745e-02
982 9.140090e-08 1.416880e-03
983 3.228799e-07 3.863433e-03
984 2.456129e-05 2.073747e-02
985 5.214806e-06 6.144243e-02
986 5.359237e-04 3.921834e-01
987 1.247432e-07 6.222079e-03
988 5.646391e-09 2.068395e-03
989 2.095342e-04 9.781906e-02
990 1.746067e-08 2.265080e-03
991 2.312684e-03 8.352032e-01
992 3.617828e-06 6.978357e-03
993 1.108357e-06 9.615514e-03
994 1.151225e-12 1.343352e-03
995 4.642263e-07 1.515083e-02
996 3.196144e-03 7.670598e-01
997 1.998981e-07 8.028118e-03
998 1.407805e-06 3.917088e-03
999 1.546464e-05 2.535633e-02
1000 1.154151e-12 1.344524e-03
1001 6.543542e-06 9.454414e-03
1002 1.410676e-04 1.080760e-01
1003 9.939389e-05 3.986331e-02
1004 3.344402e-05 3.929488e-02
1005 1.081026e-06 2.285679e-03
1006 5.791758e-04 1.712656e-01
1007 4.230671e-08 3.016576e-03
1008 6.813746e-05 3.410593e-02
1009 1.948994e-07 2.044160e-03
1010 8.978186e-06 2.167558e-02
1011 2.115848e-07 1.732336e-02
1012 6.913331e-05 2.548649e-01
1013 1.461362e-07 1.235549e-02
1014 5.145000e-07 8.470517e-03
1015 1.328572e-05 3.404155e-02
1016 1.195627e-04 2.233011e-02
1017 1.196853e-03 5.478361e-01
1018 3.202320e-05 1.045939e-01
1019 2.740643e-10 1.929905e-03
1020 7.341875e-09 1.104014e-02
1021 7.251751e-07 1.423498e-02
1022 1.552558e-10 1.414992e-03
1023 8.282554e-06 1.909419e-02
1024 5.505162e-05 2.018736e-02
1025 6.646711e-10 1.527435e-03
1026 4.290784e-11 1.937813e-03
1027 9.796386e-07 1.117109e-02
1028 7.653373e-05 1.086188e-01
1029 3.574588e-07 6.107800e-03
1030 7.952936e-09 3.061212e-03
1031 1.571860e-05 1.209453e-02
1032 8.729545e-04 4.418922e-01
1033 4.682694e-09 1.554652e-03
1034 1.156330e-05 3.106324e-02
1035 3.409623e-06 1.611514e-02
1036 3.587394e-05 1.597941e-01
1037 1.270193e-09 3.022600e-03
1038 3.826624e-07 3.128288e-03
1039 3.945620e-06 9.949572e-03
1040 1.490020e-08 3.101574e-03
1041 2.504680e-03 4.334089e-01
1042 9.542341e-07 7.775697e-03
1043 7.671633e-10 1.239510e-03
1044 1.574712e-07 3.620985e-03
1045 4.454587e-09 2.385970e-03
1046 1.607498e-12 1.277349e-03
1047 1.363609e-09 1.279823e-03
1048 1.192164e-07 4.741781e-03
1049 4.885950e-09 1.166234e-03
1050 2.615180e-03 1.002084e+00
1051 1.435388e-03 8.839225e-02
1052 1.077082e-07 2.942863e-03
1053 8.631745e-07 9.320514e-03
1054 8.628638e-10 1.868675e-03
1055 1.695580e-10 1.156854e-03
1056 1.251038e-06 8.960169e-03
1057 1.885718e-06 1.325597e-02
1058 1.024566e-08 1.572068e-03
1059 3.045549e-04 8.940208e-02
1060 3.109955e-09 1.477521e-03
1061 2.579409e-06 3.305857e-03
1062 1.845815e-10 1.140555e-03
1063 1.280552e-05 2.600858e-02
1064 4.274470e-05 6.049534e-02
1065 4.016188e-10 1.808267e-03
1066 2.868266e-10 1.188383e-03
1067 9.441331e-06 1.436588e-02
1068 1.324359e-08 1.817294e-03
1069 1.295120e-07 2.970738e-03
1070 2.796195e-09 1.193341e-03
1071 1.144140e-06 2.067321e-03
1072 4.669216e-08 2.555420e-03
1073 1.170507e-08 1.345189e-03
1074 5.060453e-09 1.906868e-03
1075 5.323134e-07 3.827424e-03
1076 3.995521e-07 4.157540e-03
1077 6.165558e-07 5.498339e-03
1078 1.391674e-05 1.472068e-02
1079 4.246210e-08 4.523334e-03
1080 1.696302e-04 7.297045e-02
1081 8.732484e-06 5.135240e-02
1082 6.148655e-07 3.738315e-03
1083 9.294676e-07 5.161529e-03
1084 6.265697e-10 1.205186e-03
1085 3.640256e-08 1.822223e-03
1086 7.606292e-08 3.020834e-03
1087 8.241836e-08 1.405714e-03
1088 2.645168e-06 8.453388e-03
1089 1.868037e-08 1.365414e-03
1090 7.658614e-11 1.204077e-03
1091 1.139133e-08 1.663922e-03
1092 1.116958e-06 2.386168e-03
1093 1.886160e-06 2.390499e-02
1094 7.184645e-05 1.811429e-02
1095 3.668874e-08 2.996815e-03
1096 4.454106e-05 3.904756e-02
1097 2.553045e-06 5.277930e-02
1098 1.763878e-07 8.085915e-03
1099 5.111827e-09 3.598193e-03
1100 1.385884e-10 1.118762e-03
1101 7.947857e-06 2.463982e-02
1102 1.582931e-07 1.198822e-02
1103 1.539019e-06 4.032365e-03
1104 1.886591e-05 3.238626e-02
1105 1.587749e-08 2.111256e-03
1106 2.291309e-03 5.885110e-01
1107 6.928537e-08 2.631417e-03
1108 1.937760e-07 8.255058e-03
1109 4.782238e-11 1.817778e-03
1110 2.232235e-07 1.045938e-02
1111 8.064230e-08 2.196733e-03
1112 5.538435e-11 1.790196e-03
1113 1.796855e-06 1.480547e-02
1114 6.263474e-05 3.002314e-02
1115 1.283330e-03 3.326517e-01
1116 4.437528e-11 1.968539e-03
1117 1.642482e-03 3.798866e-01
1118 2.019305e-07 5.100794e-03
1119 1.187548e-05 3.068646e-02
1120 4.931357e-05 7.616341e-02
1121 1.091798e-05 1.124766e-02
1122 1.435229e-06 2.084956e-02
1123 8.872056e-06 4.074522e-03
1124 5.594752e-07 1.462873e-02
1125 9.066322e-06 4.998906e-03
1126 3.487946e-07 6.929501e-03
1127 6.296427e-07 4.405868e-03
1128 2.275120e-05 5.014356e-02
1129 1.713464e-06 8.573435e-03
1130 4.235512e-08 1.233957e-02
1131 2.713943e-04 9.394707e-02
1132 9.080681e-06 1.340396e-02
1133 4.261465e-08 2.202380e-03
1134 4.287926e-04 1.018457e-01
1135 7.259973e-06 1.771956e-02
1136 2.395298e-03 2.084740e-01
1137 2.919844e-06 2.249640e-02
1138 4.139023e-10 1.865750e-03
1139 4.352417e-06 7.343460e-03
1140 4.695252e-11 2.155834e-03
1141 3.995392e-06 6.472107e-03
1142 1.732257e-04 8.986504e-02
1143 4.830642e-07 7.794328e-02
1144 2.923972e-09 6.472372e-03
1145 7.386343e-06 2.472649e-02
1146 9.018944e-04 6.904062e-01
1147 2.935855e-04 7.493662e-02
1148 7.627864e-09 2.425891e-03
1149 1.100253e-03 1.959053e-01
1150 1.177436e-10 2.359939e-03
1151 5.702705e-04 2.785776e-01
1152 2.365474e-04 1.300389e-01
1153 1.495890e-06 6.587908e-03
1154 4.829827e-10 1.933823e-03
1155 9.986271e-04 3.789628e-01
1156 2.370513e-08 2.780033e-03
1157 1.520640e-04 6.721264e-02
1158 3.917659e-07 5.868774e-03
1159 4.480832e-10 1.511878e-03
1160 2.645516e-06 3.073101e-03
1161 2.055395e-06 2.057588e-02
1162 8.053211e-06 2.327206e-01
1163 2.313350e-05 2.198825e-02
1164 2.793878e-05 5.913326e-02
1165 2.902382e-03 7.783487e-01
1166 1.342701e-03 1.891616e-01
1167 1.115334e-04 1.186304e-01
1168 2.280346e-05 4.639855e-02
1169 6.983857e-08 8.019049e-03
1170 5.012809e-07 6.185431e-03
1171 3.849047e-07 1.015183e-02
1172 5.165105e-05 8.787892e-02
1173 3.352051e-10 1.101241e-03
1174 8.609397e-04 4.166105e-01
1175 1.848542e-06 2.604778e-02
1176 1.753798e-10 1.778833e-03
1177 1.060041e-04 1.296948e-01
1178 1.561813e-03 4.102969e-01
1179 7.091854e-05 4.888679e-02
1180 3.882582e-06 9.657066e-03
1181 1.036806e-07 1.990485e-03
1182 2.721383e-05 1.064416e-02
1183 5.162943e-04 1.708631e-01
1184 4.988732e-05 6.397114e-02
1185 3.499823e-08 1.085010e-02
1186 5.488642e-04 2.022720e-01
1187 1.409176e-03 1.760355e-01
1188 3.431371e-06 2.353080e-03
1189 1.378046e-08 2.577859e-03
1190 1.724889e-12 1.991191e-03
1191 3.496192e-07 2.982465e-03
1192 1.364432e-04 1.371459e-01
1193 6.513263e-10 3.228900e-03
1194 1.736623e-05 2.886988e-02
1195 1.349391e-03 2.819702e-01
1196 4.430284e-09 5.334714e-03
1197 1.902611e-07 3.536647e-03
1198 7.930250e-06 2.895035e-03
1199 9.350665e-04 2.832066e-01
1200 1.329610e-03 4.354634e-01
1201 4.527721e-10 1.124787e-03
1202 2.209218e-05 2.619321e-02
1203 6.493413e-05 4.439334e-02
1204 5.554389e-06 7.293776e-03
1205 2.253711e-10 1.941557e-03
1206 4.172314e-03 4.264476e-01
1207 4.271230e-06 5.790940e-03
1208 6.850298e-07 6.335621e-03
1209 1.440458e-04 1.364479e-01
1210 2.485133e-04 7.132122e-02
1211 1.311148e-03 1.572633e-01
1212 4.486084e-08 3.746566e-03
1213 2.009063e-08 4.992908e-03
1214 1.494611e-04 2.094127e-02
1215 3.417791e-09 2.616331e-03
1216 2.373124e-09 2.222620e-03
1217 1.821385e-05 2.881939e-02
1218 3.119284e-06 5.801170e-03
1219 2.701715e-05 1.583754e-02
1220 2.839882e-06 2.562758e-02
1221 1.833252e-05 3.759805e-02
1222 1.235549e-06 2.356487e-02
1223 6.061171e-05 4.553265e-02
1224 1.515237e-06 9.724781e-03
1225 2.318510e-08 2.937408e-03
1226 8.008968e-09 1.837063e-03
1227 2.251440e-05 8.930441e-03
1228 1.098163e-04 2.667767e-02
1229 7.437894e-05 5.975577e-02
1230 7.873400e-08 7.508442e-03
1231 5.045591e-06 4.016260e-02
1232 7.440312e-11 5.677330e-03
1233 1.861843e-06 2.448828e-02
1234 7.774028e-09 7.617426e-03
1235 5.596480e-05 5.504393e-02
1236 4.090856e-08 4.714419e-03
1237 2.765673e-04 2.376442e-01
1238 9.811522e-07 1.430829e-02
1239 1.178631e-06 7.005658e-03
1240 3.015073e-07 4.221977e-03
1241 7.714393e-06 9.071096e-03
1242 2.182373e-03 4.267686e-01
1243 1.149539e-04 1.316363e-01
1244 1.135432e-07 3.616730e-03
1245 3.730304e-07 6.905036e-03
1246 1.832381e-09 2.013952e-03
1247 1.007064e-03 8.521371e-02
1248 2.564292e-05 6.241754e-02
1249 9.962254e-08 9.784044e-03
1250 4.116169e-09 6.206500e-03
1251 8.917155e-08 1.430053e-02
1252 3.543331e-05 7.744539e-03
1253 5.848004e-04 3.559412e-01
1254 4.145516e-08 5.367707e-03
1255 3.149050e-06 2.181382e-02
1256 9.515209e-05 8.951547e-03
1257 6.442707e-04 1.240594e-01
1258 2.346305e-08 4.847735e-03
1259 6.626744e-05 8.432746e-02
1260 2.086463e-04 2.807151e-01
1261 3.794668e-08 5.601400e-03
1262 3.172456e-06 2.186171e-02
1263 1.964867e-05 5.254234e-02
1264 9.497765e-08 3.171645e-02
1265 1.060908e-06 1.097087e-02
1266 6.150400e-07 3.498589e-02
1267 5.669604e-07 1.784653e-02
1268 1.042681e-06 9.278941e-03
1269 2.958723e-05 2.680953e-02
1270 3.051293e-03 1.151219e+00
1271 7.635859e-04 4.592078e-01
1272 1.166091e-09 1.268485e-03
1273 5.241622e-04 1.085119e-01
1274 6.697683e-06 2.060602e-02
1275 4.226875e-05 6.061746e-02
1276 2.276867e-03 6.394036e-01
1277 3.877227e-04 2.457545e-01
1278 2.192969e-03 4.972173e-01
1279 1.792231e-06 2.770043e-03
1280 9.924208e-04 2.095383e-01
1281 2.090877e-06 7.431351e-03
1282 6.455242e-05 6.832169e-02
1283 1.026159e-06 2.102398e-02
1284 3.353055e-07 4.765613e-03
1285 4.575713e-04 1.590745e-01
1286 2.374651e-10 3.201490e-03
1287 9.698034e-05 4.044882e-02
1288 2.788378e-04 5.816268e-02
1289 1.542973e-04 2.010035e-02
1290 3.196613e-05 3.128358e-02
1291 2.182912e-05 2.428124e-02
1292 8.080277e-04 4.228110e-01
1293 4.928399e-08 3.344048e-03
1294 9.072146e-07 5.850200e-03
1295 7.868029e-07 3.423712e-03
1296 2.330832e-07 1.306774e-02
1297 2.602334e-05 5.927005e-02
1298 7.052498e-06 1.547818e-02
1299 1.085255e-04 2.301956e-02
1300 3.948508e-08 2.827253e-03
1301 3.551063e-07 3.146471e-03
1302 4.006867e-04 1.143911e-01
1303 7.931714e-06 9.054439e-03
1304 1.004365e-06 8.608355e-03
1305 7.265398e-05 6.812647e-02
1306 1.536411e-04 5.075481e-02
1307 1.188584e-06 7.001014e-03
1308 4.643744e-09 2.544807e-03
1309 1.487600e-04 9.815977e-02
1310 1.496664e-11 1.448175e-03
1311 1.666340e-03 6.395500e-01
1312 2.247670e-03 3.222954e-01
1313 2.538335e-09 1.734558e-03
1314 1.403510e-07 8.587436e-03
1315 6.270405e-08 3.225892e-03
1316 8.418177e-09 2.199269e-03
1317 1.115871e-11 1.374760e-03
1318 4.638590e-05 7.205631e-02
1319 6.498060e-03 7.456390e-01
1320 1.353650e-07 3.994092e-03
1321 1.170158e-05 1.491292e-02
1322 1.041097e-10 1.135348e-03
1323 1.736610e-08 2.232618e-03
1324 9.349594e-04 1.928439e-01
1325 9.315206e-08 9.788900e-03
1326 2.905064e-05 1.122404e-02
1327 2.588501e-05 2.926872e-02
1328 4.847287e-08 2.686908e-03
1329 8.007974e-06 2.447917e-02
1330 6.198943e-08 8.248174e-03
1331 1.534122e-08 2.122544e-03
1332 1.525502e-09 1.452842e-03
1333 4.764328e-06 2.304887e-02
1334 6.902861e-07 1.367914e-02
1335 6.040176e-08 1.171791e-02
1336 5.685394e-06 8.831087e-03
1337 8.235783e-04 1.253803e-01
1338 4.591460e-07 7.343844e-03
1339 3.149254e-03 3.331651e-01
1340 3.165854e-05 1.618779e-02
1341 9.950256e-04 4.170523e-01
1342 4.811378e-09 2.470230e-03
1343 4.083758e-08 2.173372e-03
1344 5.901569e-07 3.554269e-03
1345 6.805430e-07 1.522743e-02
1346 4.067201e-07 2.860005e-02
1347 2.723197e-09 1.355605e-03
1348 6.866850e-05 7.864224e-02
1349 4.871109e-04 1.622542e-01
1350 2.386954e-06 1.299779e-02
1351 5.567567e-05 3.122182e-02
1352 1.436659e-05 1.560562e-02
1353 2.461562e-06 1.148462e-02
1354 1.054599e-08 4.957783e-03
1355 3.248510e-07 9.424439e-03
1356 3.601553e-05 2.800435e-02
1357 4.531559e-09 6.053578e-03
1358 5.435907e-06 7.504868e-03
1359 4.955191e-09 2.051634e-03
1360 9.507390e-08 4.142145e-03
1361 1.384590e-05 1.963557e-02
1362 1.757856e-04 1.626561e-01
1363 1.144316e-06 6.174125e-03
1364 1.386104e-04 5.080895e-02
1365 6.758429e-09 4.522847e-03
1366 5.444855e-07 4.584775e-03
1367 9.458781e-09 1.744800e-03
1368 8.078890e-05 6.554293e-02
1369 2.123530e-11 2.457529e-03
1370 3.363840e-08 1.645860e-03
1371 1.915757e-04 6.847094e-02
1372 4.628411e-09 4.192546e-03
1373 9.958836e-07 7.726820e-03
1374 2.108260e-07 3.399288e-03
1375 5.588386e-05 1.464884e-02
1376 5.413431e-03 7.984443e-01
1377 1.171760e-06 9.773013e-03
1378 4.449311e-09 1.432059e-03
1379 2.115232e-06 5.583406e-03
1380 1.237871e-03 5.688074e-01
1381 1.778268e-06 3.412671e-03
1382 1.338113e-08 1.283466e-03
1383 1.677044e-06 2.167989e-02
1384 7.578946e-08 4.629523e-03
1385 7.543266e-08 4.487883e-03
1386 6.658011e-07 5.837317e-03
1387 1.229036e-04 4.311018e-02
1388 1.355100e-06 7.770063e-03
1389 5.153621e-08 3.263070e-03
1390 2.118270e-08 3.098266e-03
1391 9.145231e-07 9.199328e-03
1392 2.435157e-08 2.001972e-03
1393 1.608848e-08 7.648827e-03
1394 7.542725e-07 6.439452e-03
1395 4.396826e-05 4.653374e-02
1396 1.127656e-04 4.975249e-02
1397 1.527755e-07 3.227778e-03
1398 3.696628e-05 3.052480e-02
1399 1.900535e-05 4.231005e-02
1400 2.911715e-08 4.679549e-03
1401 2.559799e-04 1.098483e-01
1402 4.024224e-07 4.613583e-03
1403 1.732891e-07 5.507985e-03
1404 1.802286e-09 2.382612e-03
1405 5.393376e-08 4.174537e-03
1406 1.905047e-05 2.038991e-02
1407 8.670124e-08 2.749877e-03
1408 2.553631e-03 7.062835e-01
1409 1.058281e-05 5.104960e-02
1410 3.719809e-07 1.107704e-02
1411 1.955581e-05 1.458357e-02
1412 1.880952e-09 4.384649e-03
1413 4.606478e-13 1.143512e-03
1414 7.948526e-10 2.434478e-03
1415 1.372927e-07 5.990707e-03
1416 6.846970e-09 2.992038e-03
1417 2.107505e-06 5.100628e-03
1418 3.603182e-08 5.027980e-03
1419 1.076843e-07 4.509406e-03
1420 7.242807e-06 2.520001e-02
1421 3.094334e-06 1.339051e-02
1422 7.359708e-05 3.283160e-02
1423 8.617650e-07 3.968563e-03
1424 2.292059e-06 7.300978e-03
1425 5.181145e-06 8.116697e-03
1426 7.456629e-06 9.819885e-03
1427 2.839105e-06 6.227465e-03
1428 3.807882e-06 8.101876e-03
1429 2.657772e-05 2.173572e-02
1430 1.220189e-03 2.832253e-01
1431 1.181215e-05 3.320458e-02
1432 5.121164e-06 1.806743e-02
1433 5.952102e-08 7.836065e-03
1434 4.071537e-07 3.678642e-03
1435 3.510619e-08 3.319332e-03
1436 1.124627e-05 9.943224e-03
1437 2.107689e-06 2.835023e-03
1438 4.433286e-05 1.239423e-02
1439 3.108748e-03 4.449841e-01
1440 1.581220e-08 2.807063e-03
1441 3.089462e-10 1.740377e-03
1442 1.225607e-07 7.295170e-03
1443 7.348281e-06 6.002482e-03
1444 3.965549e-06 8.349766e-03
1445 8.765450e-06 1.048246e-02
1446 5.834822e-06 1.656541e-02
1447 1.730579e-03 1.071647e+00
1448 7.246017e-06 3.999533e-03
1449 4.608261e-08 3.106382e-03
1450 1.756654e-06 1.363372e-02
1451 9.603556e-05 5.721562e-02
1452 2.682246e-04 1.506371e-01
1453 6.577372e-09 2.967972e-03
1454 1.353257e-08 3.939872e-03
1455 3.692382e-05 1.751236e-02
1456 2.173663e-07 1.880814e-03
1457 6.104285e-07 2.569016e-03
1458 5.129582e-07 2.876040e-03
1459 1.988861e-05 1.094009e-02
1460 5.117077e-06 1.897764e-02
1461 1.511275e-06 2.534324e-03
1462 9.473293e-08 2.170252e-03
1463 9.799391e-09 1.506716e-03
1464 2.942205e-08 2.054547e-03
1465 1.787888e-08 1.409305e-03
1466 1.263037e-05 2.355989e-02
1467 3.580382e-04 1.385890e-01
1468 6.841160e-06 9.159392e-03
1469 2.475814e-06 1.759766e-02
1470 2.030727e-09 3.690324e-03
1471 3.537832e-05 1.475664e-02
1472 3.956843e-08 6.294438e-03
1473 8.316285e-08 4.040232e-03
1474 6.552705e-08 1.696259e-02
1475 7.991509e-09 1.749365e-03
1476 1.558468e-06 2.084748e-02
1477 4.472146e-11 1.745337e-03
1478 1.017968e-06 1.654314e-02
1479 1.341365e-06 1.136902e-02
1480 1.143462e-05 4.650866e-02
1481 2.130731e-05 3.624954e-02
1482 9.277177e-06 1.659579e-02
1483 9.999122e-05 1.852337e-02
1484 1.056153e-03 2.622093e-01
1485 1.464884e-04 7.896498e-02
1486 1.499068e-04 1.915713e-01
1487 5.419311e-09 2.029833e-03
1488 2.263213e-06 2.732656e-02
1489 6.176370e-07 2.091556e-03
1490 1.034528e-05 4.099976e-03
1491 2.182949e-05 5.906113e-02
1492 2.856668e-08 6.753407e-03
1493 3.401008e-07 1.171462e-02
1494 6.138053e-07 3.009788e-03
1495 1.075253e-05 2.161982e-02
1496 2.720950e-07 4.483785e-03
1497 7.031946e-04 4.176831e-01
1498 8.567340e-08 5.330780e-03
1499 1.053626e-09 2.925340e-03
1500 2.083832e-05 9.330073e-03
1501 3.247270e-07 5.452648e-03
1502 1.464637e-04 1.532402e-01
1503 7.982460e-04 1.900106e-01
1504 9.780353e-05 2.755414e-02
1505 1.283827e-07 5.702348e-03
1506 8.186522e-06 7.869657e-03
1507 1.639394e-04 7.438353e-02
1508 3.502233e-04 3.365052e-01
1509 3.284177e-07 4.592363e-03
1510 1.571383e-07 8.560544e-03
1511 3.097776e-06 1.205462e-02
1512 6.592681e-07 7.600252e-03
1513 6.455057e-06 1.106353e-02
1514 1.675154e-08 6.427173e-03
1515 1.440839e-03 5.015892e-01
1516 8.841379e-06 1.374036e-02
1517 3.030202e-03 4.803316e-01
1518 7.440066e-06 9.055215e-03
1519 1.470601e-06 1.252584e-02
1520 3.176113e-07 1.925699e-03
1521 1.348341e-08 7.190560e-03
1522 5.893958e-05 6.313315e-02
1523 5.792668e-06 1.007324e-02
1524 6.587148e-06 1.861226e-02
1525 1.979719e-05 3.785326e-02
1526 6.930869e-07 1.216954e-02
1527 3.974847e-05 3.714714e-02
1528 6.510286e-06 1.258585e-02
1529 1.563134e-05 8.833622e-03
1530 2.748065e-07 1.487339e-02
1531 3.681852e-05 2.696535e-02
1532 6.284690e-08 5.075923e-03
1533 6.923208e-08 6.694257e-03
1534 1.556400e-05 1.337382e-02
1535 3.018438e-09 1.590683e-03
1536 5.189279e-08 2.739395e-03
1537 2.313008e-07 4.073124e-03
1538 1.166048e-07 4.112506e-03
1539 1.313504e-07 2.601088e-03
1540 4.173264e-06 3.177116e-02
1541 6.229346e-04 4.004877e-01
1542 2.511864e-04 1.032081e-01
1543 6.353477e-04 3.005455e-01
1544 2.924059e-06 1.013600e-02
1545 5.623000e-06 5.424387e-02
1546 3.576625e-06 9.240198e-03
1547 1.437393e-03 2.763023e-01
1548 2.000531e-05 2.138111e-02
1549 2.374064e-06 4.761203e-03
1550 5.508982e-09 4.407454e-03
1551 5.686364e-06 6.388357e-03
1552 1.358274e-04 2.016145e-01
1553 2.956251e-04 4.135274e-01
1554 9.285901e-07 1.022953e-02
1555 1.748514e-03 4.446635e-01
1556 2.068772e-05 1.860892e-02
1557 8.013806e-05 2.144513e-01
1558 1.501564e-03 3.539561e-01
1559 6.150322e-06 1.129187e-02
1560 3.121132e-04 1.361567e-01
1561 8.829086e-05 2.135581e-01
1562 3.955900e-09 6.923731e-03
1563 4.166756e-05 2.070707e-02
1564 8.470014e-04 3.720052e-01
1565 4.011320e-05 1.997608e-02
1566 7.935695e-08 5.367191e-03
1567 1.798293e-03 2.037096e+00
1568 6.806935e-08 1.442228e-02
1569 9.978386e-05 2.031273e-02
1570 7.994630e-04 6.620520e-01
1571 1.961340e-08 2.461305e-03
1572 1.574603e-04 4.278534e-02
1573 4.572606e-04 3.765607e-01
1574 2.261554e-05 2.046134e-02
1575 1.010056e-08 1.799186e-02
1576 8.056804e-05 9.107397e-02
1577 8.762229e-04 2.952034e-01
1578 6.218579e-04 6.008217e-02
1579 5.484160e-08 5.080264e-03
1580 1.807895e-03 7.166557e-01
1581 9.575898e-06 1.808115e-02
1582 8.042355e-06 4.597048e-03
1583 1.016601e-03 1.294248e-01
1584 1.589529e-06 1.476962e-02
1585 1.620007e-04 2.638131e-01
1586 1.613396e-06 1.242630e-02
1587 6.271408e-05 1.466639e-02
1588 1.835792e-05 2.336418e-02
1589 1.355748e-08 2.918875e-03
1590 1.420453e-05 5.248891e-03
1591 6.315736e-06 4.809851e-03
1592 1.548548e-04 8.983962e-03
1593 1.534756e-06 3.675694e-03
1594 1.148772e-05 1.653017e-02
1595 6.085483e-07 4.173306e-03
1596 1.679516e-07 3.065199e-02
1597 1.350958e-06 8.505340e-03
1598 5.011092e-05 1.599028e-02
1599 1.914672e-05 1.241969e-01
1600 1.162552e-06 1.061841e-02
1601 6.510720e-08 3.286202e-03
1602 1.499372e-03 8.456540e-01
1603 3.608326e-07 8.690327e-03
1604 1.234851e-04 3.588757e-02
1605 1.128906e-04 4.934067e-02
1606 6.845362e-04 3.282456e-01
1607 1.697212e-03 2.853531e-01
1608 3.119039e-08 4.891662e-03
1609 2.451299e-04 1.886371e-01
1610 1.458633e-03 4.354014e-01
1611 6.255372e-06 1.660577e-02
1612 5.101570e-05 1.069424e-02
1613 3.034949e-10 1.208070e-03
1614 2.528603e-04 4.492589e-02
1615 1.084586e-03 2.205059e-01
1616 3.786885e-08 2.649342e-03
1617 4.406099e-09 3.410104e-03
1618 2.560506e-07 2.693760e-03
1619 2.048852e-06 8.060533e-02
1620 2.825783e-05 5.804431e-02
1621 2.378630e-06 1.001416e-01
1622 4.106193e-05 2.163112e-02
1623 1.828718e-05 5.621814e-02
1624 2.045652e-03 4.963956e-01
1625 4.982219e-08 4.475318e-03
1626 8.808364e-05 1.015771e-01
1627 1.520993e-06 1.754129e-02
1628 1.955849e-04 1.181575e-01
1629 4.362778e-04 3.303624e-01
1630 2.114314e-03 4.592640e-01
1631 2.369893e-04 1.103223e-01
1632 6.216037e-06 6.962358e-02
1633 2.730212e-10 3.099598e-03
1634 3.636863e-08 6.777369e-03
1635 1.079500e-10 1.156787e-03
1636 1.728805e-09 2.940603e-03
1637 3.023216e-09 1.705777e-03
1638 1.271840e-08 3.092688e-03
1639 1.047635e-10 1.852132e-03
1640 2.456005e-04 5.451359e-02
1641 6.939868e-04 1.392636e-01
1642 4.128798e-03 5.790834e-01
1643 1.321002e-04 2.960929e-02
1644 2.212122e-05 1.086569e-02
1645 7.367116e-05 1.485199e-02
1646 1.156915e-03 1.091272e+00
1647 7.627109e-06 1.569971e-02
1648 8.522832e-07 4.152812e-03
1649 1.588358e-03 5.633050e-01
1650 7.388462e-04 1.053669e-01
1651 6.384085e-08 4.403927e-03
1652 1.636552e-04 1.117537e-01
1653 2.145034e-03 6.082192e-01
1654 2.796528e-06 2.339496e-02
1655 2.486495e-03 3.381958e-01
1656 5.802742e-07 1.781616e-02
1657 7.981741e-06 1.216053e-02
1658 1.099245e-06 5.105511e-03
1659 1.038134e-05 2.163651e-02
1660 9.491322e-05 8.860727e-02
1661 6.714881e-04 1.133444e-01
1662 1.260815e-04 1.595510e-02
1663 2.384765e-04 2.238395e-01
1664 4.031786e-06 1.378054e-02
1665 6.499539e-06 1.197158e-02
1666 7.835548e-05 8.867316e-02
1667 4.103150e-05 4.928058e-02
1668 1.586586e-09 8.895553e-04
1669 7.000009e-06 1.243855e-02
1670 2.577092e-07 3.669301e-03
1671 1.265450e-05 2.350080e-02
1672 4.226440e-04 1.991703e-01
1673 4.305335e-05 3.708474e-02
1674 3.678618e-06 1.082714e-02
1675 4.137063e-06 1.577763e-02
1676 1.164795e-07 2.845063e-03
1677 2.696961e-09 7.112827e-03
1678 2.432488e-07 3.669335e-03
1679 2.090920e-12 1.409525e-03
1680 1.663410e-04 8.715978e-02
1681 6.480297e-05 2.838807e-02
1682 1.051497e-05 2.568638e-02
1683 1.097132e-08 1.749933e-03
1684 8.375417e-09 3.672260e-03
1685 1.677606e-04 4.922981e-02
1686 1.448328e-03 1.927853e-01
1687 4.381317e-06 3.268860e-02
1688 2.063473e-03 2.158768e-01
1689 1.055553e-05 9.852751e-02
1690 7.638868e-09 1.775983e-03
1691 2.497851e-08 1.765303e-03
1692 6.268218e-07 5.980063e-03
1693 1.700864e-03 1.277842e-01
1694 2.917158e-05 4.886347e-02
1695 5.696597e-06 4.049296e-03
1696 6.352707e-04 3.537322e-01
1697 1.936799e-07 8.748586e-03
1698 1.966018e-03 4.102858e-01
1699 1.875176e-03 6.267205e-01
1700 6.228937e-08 4.270156e-03
1701 1.132385e-04 7.622726e-02
1702 9.797557e-06 8.804596e-02
1703 2.103379e-06 5.793372e-02
1704 3.722946e-08 1.633217e-03
1705 1.065449e-08 1.979142e-03
1706 9.537083e-07 2.606000e-03
1707 1.060043e-03 1.084838e-01
1708 3.875956e-09 8.067953e-03
1709 5.257177e-07 1.648002e-02
1710 1.754821e-07 1.162282e-02
1711 1.757392e-03 2.583299e-01
1712 7.519622e-05 8.737969e-02
1713 6.514670e-07 1.140279e-02
1714 2.092471e-04 8.012937e-02
1715 2.505544e-06 8.595737e-03
1716 1.117309e-08 4.415825e-03
1717 1.734823e-06 2.675485e-02
1718 1.839652e-06 1.337968e-02
1719 7.779487e-09 7.630201e-03
1720 2.628924e-07 9.457960e-03
1721 2.270981e-07 3.151096e-02
1722 3.652717e-08 8.441753e-03
1723 8.163955e-04 5.103051e-01
1724 2.540110e-06 3.293456e-03
1725 1.089600e-05 1.788418e-02
1726 7.100463e-04 1.795764e-01
1727 1.463181e-05 3.149977e-02
1728 2.210312e-03 3.730679e-01
1729 1.230033e-06 4.608971e-03
1730 5.579309e-04 2.183779e-01
1731 7.515519e-07 7.345994e-03
1732 2.249283e-08 1.911505e-03
1733 5.747180e-14 1.011506e-03
1734 3.446750e-04 6.870786e-02
1735 4.754441e-05 3.843568e-02
1736 1.787209e-12 1.148585e-03
1737 1.896270e-05 1.975125e-02
1738 6.292460e-07 3.610102e-03
1739 3.794999e-05 2.474004e-02
1740 2.444189e-04 9.523391e-02
1741 4.200629e-10 4.427030e-03
1742 4.712148e-05 1.157045e-01
1743 1.767579e-04 1.569830e-01
1744 7.841542e-05 4.163713e-02
1745 2.059592e-04 2.943861e-02
1746 8.036783e-08 2.722539e-03
1747 5.444704e-07 6.695340e-03
1748 5.730448e-04 6.140088e-01
1749 3.400560e-05 1.089247e-02
1750 2.630342e-06 9.480481e-03
1751 3.169946e-07 6.502526e-03
1752 1.391681e-08 2.142554e-03
1753 9.378993e-05 5.291187e-02
1754 1.486032e-06 5.527311e-03
1755 2.688511e-06 6.538066e-03
1756 7.329568e-07 1.981243e-02
1757 2.044501e-06 1.510147e-02
1758 2.794765e-04 2.300573e-01
1759 3.610950e-07 5.128294e-03
1760 1.347960e-03 5.081923e-01
1761 1.191958e-08 7.059832e-03
1762 1.451201e-06 4.244020e-03
1763 1.267047e-06 1.165747e-02
1764 1.173589e-07 6.934975e-03
1765 6.767302e-05 2.602691e-02
1766 5.675553e-07 4.483289e-03
1767 4.846715e-06 7.850873e-03
1768 6.057039e-05 5.414934e-02
1769 7.468744e-04 9.431243e-02
1770 2.544588e-07 8.544099e-03
1771 1.174728e-05 1.106841e-02
1772 1.085747e-03 4.340389e-01
1773 7.590029e-04 3.167150e-01
1774 8.249450e-09 2.934861e-03
1775 1.810607e-09 2.829904e-03
1776 7.202139e-08 1.939199e-02
1777 2.786511e-06 1.253715e-02
1778 4.942328e-07 7.250617e-03
1779 2.278027e-06 1.728548e-02
1780 4.217993e-09 2.811806e-03
1781 2.909483e-10 1.305315e-03
1782 9.829888e-10 3.173153e-03
1783 7.656656e-07 7.408596e-03
1784 4.782024e-05 3.308190e-02
1785 9.763703e-07 4.427265e-03
1786 2.908089e-06 3.366371e-02
1787 8.560455e-04 5.020702e-01
1788 4.107682e-09 4.441420e-03
1789 6.986490e-05 3.903947e-02
1790 3.938031e-08 2.233529e-03
1791 1.467493e-06 5.807863e-03
1792 3.127290e-06 7.081073e-03
1793 9.612402e-08 9.518820e-03
1794 5.556611e-05 8.958514e-02
1795 2.396177e-05 5.571425e-03
1796 1.112685e-03 5.599401e-01
1797 5.388508e-08 1.739970e-02
1798 3.364769e-06 6.534719e-03
1799 2.933149e-08 2.885082e-03
1800 6.250397e-06 5.579165e-02
1801 8.495271e-06 5.094975e-03
1802 8.562286e-06 3.973933e-02
1803 3.758701e-08 2.047862e-03
1804 6.172850e-06 2.907595e-03
1805 4.104713e-08 1.103617e-02
1806 9.080056e-07 5.960019e-03
1807 2.623191e-08 1.570743e-03
1808 9.278413e-04 7.526369e-01
1809 7.942388e-06 1.136094e-02
1810 7.704919e-04 2.313453e-01
1811 2.144389e-08 7.841266e-03
1812 1.743713e-08 5.932526e-03
1813 1.091167e-06 1.445127e-02
1814 6.991082e-09 2.832590e-03
1815 1.449823e-06 2.571293e-02
1816 3.413335e-05 2.461121e-02
1817 3.974130e-07 4.805453e-03
1818 7.967548e-08 4.826306e-03
1819 1.459860e-12 2.082381e-03
1820 1.404495e-08 1.597228e-03
1821 3.759960e-09 3.412687e-03
1822 2.066967e-04 1.640961e-01
1823 1.832702e-05 4.058460e-02
1824 5.169683e-06 4.662331e-02
1825 2.769475e-03 6.149411e-01
1826 2.691578e-04 1.667626e-01
1827 1.285748e-04 4.737450e-02
1828 1.039055e-04 3.362085e-02
1829 1.197207e-05 1.174166e-02
1830 6.617428e-07 3.086873e-03
1831 1.133703e-09 1.703472e-03
1832 4.305470e-06 1.482739e-02
1833 5.646436e-05 1.758473e-02
1834 9.329197e-07 3.612852e-03
1835 2.986170e-08 3.576300e-03
1836 2.735587e-03 4.083590e-01
1837 8.771641e-04 2.701203e-01
1838 6.353337e-05 1.429231e-02
1839 2.138045e-06 3.731568e-02
1840 3.013654e-06 3.898673e-02
1841 1.335150e-04 9.294545e-02
1842 9.093255e-08 6.883612e-03
1843 7.842252e-07 8.666110e-03
1844 6.742564e-08 2.761189e-03
1845 1.675112e-04 3.541693e-02
1846 6.236079e-10 3.506963e-03
1847 2.504787e-06 6.002422e-02
1848 2.684703e-09 2.206537e-03
1849 3.945904e-08 1.367500e-02
1850 2.683816e-08 1.479026e-02
1851 3.965971e-06 3.638555e-02
1852 3.682485e-05 1.919802e-02
1853 9.318936e-06 5.388929e-02
1854 4.386469e-05 1.177152e-01
1855 7.449009e-05 4.491393e-02
1856 9.262670e-10 2.267636e-03
1857 1.128152e-08 4.627701e-03
1858 5.626526e-06 3.876417e-03
1859 1.258887e-08 3.268621e-03
1860 1.726973e-05 2.266544e-02
1861 6.179499e-07 7.713540e-03
1862 3.851012e-04 3.671789e-01
1863 1.235995e-09 3.006933e-03
1864 6.120772e-08 2.667185e-03
1865 7.331887e-08 1.141959e-02
1866 1.626483e-04 8.605541e-02
1867 1.831035e-09 2.611300e-03
1868 9.704895e-06 1.021538e-02
1869 2.692441e-04 4.747170e-01
1870 4.283657e-07 6.016323e-03
1871 1.779907e-07 1.129957e-02
1872 5.808051e-09 7.174561e-03
1873 1.845638e-08 1.842077e-03
1874 1.542344e-07 2.179572e-03
1875 3.696015e-03 8.519936e-01
1876 1.007460e-08 2.422389e-03
1877 4.598157e-07 3.166229e-03
1878 1.090410e-07 6.549036e-03
1879 1.739125e-07 1.162607e-02
1880 2.032509e-04 3.601611e-02
1881 1.135702e-06 4.505809e-02
1882 6.035961e-09 3.948159e-03
1883 6.143524e-07 1.339984e-02
1884 6.379088e-04 2.012014e-01
1885 2.086423e-06 6.860728e-03
1886 5.381550e-04 5.869896e-02
1887 1.916054e-04 3.559298e-02
1888 2.583638e-07 3.260617e-03
1889 2.394478e-08 1.316287e-03
1890 1.509275e-06 1.197328e-02
1891 4.516154e-04 1.553998e-01
1892 9.211593e-07 1.484065e-02
1893 6.949861e-05 6.371520e-02
1894 6.697286e-03 1.143302e+00
1895 4.639421e-04 6.303279e-02
1896 1.299417e-04 1.181232e-01
1897 1.686363e-07 3.998445e-03
1898 1.728357e-05 5.105785e-02
1899 3.071632e-05 1.037414e-02
1900 3.814624e-04 1.474644e-01
1901 1.252983e-07 4.899588e-03
1902 1.413267e-08 1.853921e-03
1903 4.193428e-07 1.101566e-02
1904 3.191013e-06 8.078858e-03
1905 7.934575e-07 5.196570e-03
1906 6.855122e-06 5.782944e-03
1907 1.091505e-09 3.760303e-03
1908 8.790323e-08 1.711724e-03
1909 2.352450e-05 1.543064e-02
1910 1.685430e-04 9.000176e-02
1911 5.268356e-04 1.106416e-01
1912 5.706825e-05 7.450993e-02
1913 5.725146e-06 6.258843e-02
1914 1.951751e-07 4.769801e-03
1915 2.956135e-09 7.895551e-03
1916 9.933818e-04 8.808815e-01
1917 1.104646e-03 4.278661e-01
1918 2.158521e-05 3.265922e-02
1919 1.596748e-04 2.378893e-02
1920 2.463226e-05 3.024217e-02
1921 1.419049e-09 1.367001e-03
1922 3.100947e-06 4.516002e-03
1923 5.399674e-07 3.122447e-03
1924 2.657352e-07 2.413908e-03
1925 3.927146e-08 2.131083e-03
1926 2.645587e-04 1.545376e-01
1927 1.550310e-06 1.150730e-02
1928 2.773748e-09 1.791263e-03
1929 4.460679e-05 1.403043e-02
1930 2.132800e-06 1.757521e-02
1931 4.518634e-05 2.420732e-02
1932 4.503432e-07 3.378414e-02
1933 7.378138e-07 1.607542e-02
1934 2.623567e-05 6.836436e-02
1935 1.751423e-05 1.601278e-02
1936 1.658094e-07 1.252962e-02
1937 1.957895e-06 5.358723e-03
1938 1.814542e-10 2.010171e-03
1939 4.036429e-04 2.624143e-01
1940 3.416516e-07 2.260249e-02
1941 2.556961e-05 1.597049e-02
1942 4.000470e-05 8.040830e-02
1943 9.623519e-07 3.232181e-02
1944 4.724859e-04 2.557215e-01
1945 1.899072e-05 4.066142e-02
1946 6.426237e-06 6.860842e-03
1947 6.858417e-06 5.500324e-03
1948 5.312636e-09 1.707933e-03
1949 7.128875e-04 1.300361e-01
1950 3.189576e-05 3.122045e-02
1951 2.977090e-05 4.034310e-02
1952 5.815373e-07 7.166398e-03
1953 1.292481e-04 5.974677e-02
1954 2.899108e-06 7.592741e-02
1955 5.096497e-06 9.821095e-03
1956 6.896965e-05 5.668937e-02
1957 3.998915e-06 8.041246e-03
1958 1.459692e-05 2.069674e-02
1959 5.770269e-06 2.698976e-02
1960 1.098715e-05 3.032019e-02
1961 8.424178e-05 1.037082e-01
1962 1.128457e-03 9.424165e-02
1963 1.872856e-04 8.550460e-02
1964 4.799059e-07 4.011334e-03
1965 2.854859e-06 1.510737e-02
1966 3.959460e-07 6.689061e-03
1967 1.583763e-05 5.637492e-02
1968 2.730990e-09 2.103028e-03
1969 1.351855e-03 2.927879e-01
1970 1.048229e-04 8.812709e-02
1971 3.129295e-04 3.484746e-01
1972 4.054480e-05 1.763729e-02
1973 1.892274e-04 2.002420e-01
1974 5.802785e-08 4.241626e-03
1975 1.148717e-03 2.350059e-01
1976 2.020239e-04 1.040533e-01
1977 2.211378e-06 7.627428e-03
1978 1.375571e-08 4.047317e-03
1979 3.112944e-04 8.065876e-02
1980 7.791673e-05 1.312980e-02
1981 8.404475e-06 5.472438e-02
1982 9.261175e-08 2.798890e-03
1983 5.908021e-07 2.357459e-03
1984 3.326667e-07 2.759304e-02
1985 4.502842e-05 1.609856e-02
1986 1.087547e-04 1.025584e-02
1987 9.992856e-07 3.493253e-02
1988 6.893178e-04 2.068148e-01
1989 6.368414e-08 1.445831e-03
1990 3.510446e-06 5.098812e-03
1991 3.939916e-06 9.101717e-03
1992 1.730755e-03 4.676706e-01
1993 7.801249e-09 1.188109e-03
1994 1.236752e-08 1.258322e-03
1995 5.785764e-04 1.082234e-01
1996 2.225775e-07 5.547795e-03
1997 7.845919e-08 2.103361e-03
1998 1.802814e-05 1.774494e-02
1999 1.321680e-04 1.256294e-01
2000 5.274534e-07 2.625138e-03
2001 7.924934e-08 3.119308e-03
