1 4.942533e-03 6.284774e-01
2 1.632638e-06 2.039383e-02
3 3.884911e-06 2.739883e-03
4 1.056828e-07 1.859785e-03
5 3.383812e-07 2.616194e-03
6 1.408325e-03 4.155608e-01
7 2.641282e-05 1.303213e-02
8 3.146046e-06 4.261534e-02
9 5.305909e-09 2.383643e-03
10 7.778964e-05 8.981638e-02
11 1.029553e-07 5.165188e-03
12 2.873878e-09 1.230974e-03
13 1.172636e-04 2.262085e-01
14 1.470123e-07 7.628129e-03
15 7.695420e-07 3.051384e-03
16 2.848284e-06 2.546732e-02
17 9.847991e-08 1.922728e-03
18 9.611656e-04 2.307858e-01
19 1.338516e-06 7.993626e-03
20 5.875719e-11 1.022710e-03
21 4.876922e-03 8.205297e-01
22 2.140708e-06 5.625075e-03
23 9.780887e-05 3.084520e-02
24 2.956290e-03 2.564448e-01
25 8.404044e-04 2.119695e-01
26 4.368718e-06 4.335599e-03
27 6.017866e-05 2.134947e-02
28 2.526278e-07 3.613351e-03
29 2.207439e-03 5.188216e-01
30 1.078725e-03 6.812564e-01
31 4.869046e-04 2.581210e-01
32 3.296406e-05 1.330559e-02
33 6.132286e-08 1.227804e-03
34 7.348411e-09 1.156009e-03
35 3.440838e-06 3.099541e-03
36 1.858073e-03 4.564327e-01
37 5.537884e-04 8.581254e-02
38 5.694346e-06 8.789906e-03
39 6.960574e-09 1.949310e-03
40 8.202147e-08 3.526407e-03
41 4.008130e-05 2.216016e-02
42 6.629785e-08 5.028734e-03
43 9.570215e-04 3.295416e-01
44 1.151068e-04 6.882795e-02
45 8.745099e-05 1.180505e-01
46 1.879050e-05 1.001694e-02
47 8.913279e-05 2.718925e-01
48 2.081826e-04 1.075030e-01
49 1.073144e-05 9.472111e-03
50 3.654351e-03 6.953052e-01
51 1.644636e-06 1.189210e-02
52 5.240786e-06 2.372600e-02
53 1.650371e-05 7.376697e-03
54 2.033548e-07 9.934202e-03
55 1.011968e-06 5.059676e-03
56 1.930534e-06 8.976808e-03
57 2.220880e-07 1.457757e-02
58 1.777439e-03 1.327923e-01
59 1.906038e-04 4.738813e-02
60 1.362674e-09 1.410555e-03
61 1.256521e-03 9.669059e-01
62 2.810404e-06 3.312932e-02
63 1.051501e-07 1.920017e-03
64 8.083059e-08 4.165585e-03
65 1.168982e-05 4.369808e-02
66 7.531383e-07 4.579779e-03
67 3.998711e-07 7.318185e-03
68 1.446094e-06 8.124591e-03
69 4.025576e-08 1.425048e-03
70 2.433046e-08 1.342580e-03
71 2.653639e-04 2.217141e-01
72 4.492372e-06 1.923944e-02
73 2.726655e-08 4.147727e-03
74 1.090442e-04 1.867470e-01
75 7.377550e-06 1.041712e-02
76 4.119337e-07 2.829409e-03
77 1.564130e-05 3.776767e-02
78 1.066595e-03 2.605882e-01
79 1.567830e-03 1.509085e-01
80 2.493922e-06 2.729783e-03
81 2.427499e-07 1.624934e-03
82 1.703351e-05 5.016629e-03
83 4.995765e-05 2.207761e-02
84 8.063873e-08 1.872242e-03
85 2.277481e-03 1.000492e-01
86 1.073648e-05 6.958889e-03
87 1.468595e-07 2.817852e-03
88 4.577715e-08 1.702378e-03
89 1.057959e-05 2.239347e-02
90 9.422398e-04 2.090846e-01
91 1.804417e-03 1.695499e-01
92 2.595477e-03 7.854185e-01
93 2.612226e-06 1.389554e-02
94 1.074746e-06 4.067499e-03
95 4.005550e-03 7.104594e-01
96 6.361393e-05 1.263147e-02
97 1.478844e-07 3.514897e-02
98 3.065684e-07 3.476823e-03
99 2.482886e-04 1.691268e-02
100 8.751121e-03 1.235122e+00
101 2.693295e-06 4.815148e-03
102 2.699995e-06 1.497996e-02
103 1.629803e-03 3.604891e-01
104 6.008304e-05 4.093613e-02
105 2.102819e-04 6.244655e-02
106 1.484980e-07 8.984325e-03
107 3.705414e-08 2.877956e-03
108 2.322416e-06 1.909079e-02
109 2.869285e-07 5.112248e-03
110 6.496662e-06 1.154382e-02
111 3.561597e-03 4.924963e-01
112 2.929161e-04 9.676830e-02
113 2.060695e-03 6.004355e-01
114 2.777192e-03 4.086839e-01
115 2.938267e-04 1.440007e-01
116 6.855417e-04 2.629828e-01
117 8.842769e-04 1.575862e-01
118 3.179376e-03 3.215869e-01
119 7.697271e-10 4.547698e-03
120 4.258423e-10 3.640459e-03
121 2.489650e-08 1.149443e-02
122 6.587717e-08 1.883796e-03
123 8.659866e-07 5.951936e-03
124 4.502652e-06 1.356073e-02
125 8.439306e-09 3.999530e-03
126 9.606122e-07 6.086522e-03
127 6.560745e-08 9.662504e-03
128 2.769764e-07 7.839911e-03
129 3.893212e-08 4.471160e-03
130 3.313281e-08 3.976383e-03
131 1.176169e-07 5.906108e-03
132 1.798257e-07 4.664511e-03
133 4.694245e-08 7.674217e-03
134 1.225394e-05 2.213523e-02
135 4.107094e-08 4.538616e-03
136 1.989304e-07 4.096795e-03
137 2.994115e-06 1.253268e-02
138 1.930843e-08 9.366128e-03
139 9.887795e-08 8.725148e-03
140 4.124627e-08 5.185932e-03
141 3.263813e-09 3.030239e-03
142 1.101404e-07 3.125206e-03
143 3.618754e-07 6.931902e-03
144 2.671018e-08 8.568818e-03
145 4.590321e-09 4.700282e-03
146 6.357818e-08 6.128068e-03
147 9.898242e-08 6.323991e-03
148 2.158358e-08 7.989784e-03
149 1.293655e-07 4.296977e-03
150 2.818129e-09 3.987883e-03
151 9.500970e-07 1.007088e-02
152 1.952134e-07 5.956699e-03
153 4.680749e-08 2.986234e-03
154 2.420481e-08 3.765014e-03
155 5.361873e-09 3.023813e-03
156 1.854129e-07 3.872516e-03
157 8.242938e-08 4.035958e-03
158 1.934643e-06 4.704027e-03
159 5.050227e-07 5.898321e-03
160 4.719197e-07 5.175649e-03
161 8.888328e-08 3.131307e-03
162 1.071117e-08 3.003479e-03
163 1.695500e-08 3.080972e-03
164 1.359392e-09 1.642562e-03
165 1.482645e-09 1.682236e-03
166 4.119040e-10 1.657490e-03
167 1.120709e-08 2.937624e-03
168 3.264508e-07 3.306265e-03
169 1.860373e-06 6.059126e-03
170 8.371394e-10 1.639715e-03
171 7.354589e-08 3.420952e-03
172 1.738872e-08 3.219156e-03
173 1.891957e-09 1.619385e-03
174 1.090314e-08 3.087807e-03
175 4.638686e-08 3.094118e-03
176 1.472749e-08 2.998890e-03
177 2.154066e-09 1.656838e-03
178 3.647075e-07 2.291330e-03
179 4.274943e-09 1.614896e-03
180 3.564937e-08 3.095370e-03
181 4.851803e-09 2.125431e-03
182 1.453686e-08 3.397821e-03
183 5.771177e-10 1.196590e-03
184 8.056222e-10 1.614891e-03
185 2.613731e-09 1.233240e-03
186 3.843364e-08 2.179097e-03
187 1.931978e-09 1.906905e-03
188 1.529031e-10 1.592569e-03
189 2.903171e-10 1.134006e-03
190 1.596770e-09 1.208890e-03
191 4.542021e-05 1.953850e-02
192 5.478053e-06 4.122214e-03
193 3.224099e-04 4.790751e-02
194 3.407748e-04 4.792277e-02
195 1.081261e-05 6.730573e-03
196 5.894627e-05 1.655332e-02
197 1.042360e-03 6.562127e-02
198 5.372302e-06 6.517512e-03
199 1.122358e-05 1.446184e-02
200 6.901012e-06 1.069055e-02
201 1.016130e-04 1.832561e-02
202 3.316547e-05 2.283838e-02
203 2.816684e-07 3.521392e-03
204 1.286497e-05 6.442262e-03
205 5.539436e-06 8.526953e-03
206 4.893855e-07 3.890203e-03
207 1.619526e-06 9.636092e-03
208 9.099103e-08 3.465775e-03
209 2.481909e-06 8.196185e-03
210 1.597168e-06 4.801623e-03
211 1.485684e-07 2.418520e-03
212 2.856259e-04 4.409815e-02
213 3.436454e-07 2.467585e-03
214 2.178462e-07 4.263401e-03
215 5.902753e-06 5.027782e-03
216 4.196218e-06 8.135077e-03
217 3.198838e-07 2.114267e-03
218 3.721952e-05 2.624124e-02
219 6.747980e-05 1.886004e-02
220 4.695034e-07 3.559111e-03
221 1.238869e-06 3.977286e-03
222 1.208532e-06 7.076565e-03
223 9.732176e-07 9.771488e-03
224 2.342616e-08 3.044258e-03
225 7.219822e-07 5.479364e-03
226 4.765753e-07 3.671001e-03
227 6.322610e-07 4.272579e-03
228 4.558918e-07 5.049215e-03
229 4.736885e-05 1.441303e-02
230 7.285164e-06 7.850278e-03
231 2.686924e-06 6.753948e-03
232 9.821444e-07 5.087959e-03
233 7.225715e-07 6.167570e-03
234 2.205534e-06 4.970573e-03
235 2.959550e-08 4.502553e-03
236 2.176852e-06 4.999375e-03
237 1.555687e-08 3.368051e-03
238 4.549806e-07 5.715535e-03
239 5.157851e-08 3.547114e-03
240 2.197993e-07 3.153244e-03
241 1.195501e-06 4.072678e-03
242 1.379558e-06 4.998174e-03
243 5.283706e-08 3.172620e-03
244 6.096129e-07 4.685919e-03
245 2.823539e-07 4.978607e-03
246 6.343693e-08 3.836959e-03
247 4.058973e-07 4.932973e-03
248 1.495258e-07 2.664650e-03
249 5.669160e-06 7.721539e-03
250 8.317515e-07 4.169813e-03
251 4.110226e-07 2.895866e-03
252 2.764382e-06 6.950637e-03
253 1.802172e-08 3.334399e-03
254 1.153337e-07 4.823115e-03
255 2.365561e-06 6.485256e-03
256 1.450066e-07 2.735718e-03
257 8.144920e-08 3.441882e-03
258 2.486893e-05 6.410133e-03
259 3.749301e-05 1.358901e-02
260 1.391977e-05 1.489452e-02
261 3.080682e-05 1.342256e-02
262 2.259052e-06 6.605884e-03
263 1.815244e-05 7.953617e-03
264 1.300429e-05 2.002949e-02
265 5.577379e-07 7.209079e-03
266 3.958068e-05 1.896626e-02
267 6.408179e-05 4.424428e-02
268 1.283643e-06 2.081850e-02
269 1.641749e-06 3.186347e-02
270 4.154507e-07 4.395959e-03
271 1.609527e-06 7.326496e-03
272 1.567254e-07 6.849975e-03
273 4.443576e-07 4.464647e-03
274 3.373580e-06 5.609082e-03
275 5.959209e-07 8.619931e-03
276 3.815535e-05 3.591575e-02
277 1.488954e-07 3.478527e-03
278 1.372587e-07 2.699097e-03
279 3.966925e-06 1.637126e-02
280 8.237754e-07 6.097916e-03
281 8.356632e-07 8.644387e-03
282 3.615869e-06 1.265837e-02
283 1.247342e-06 3.384346e-03
284 8.314693e-06 9.078385e-03
285 9.227275e-05 2.585586e-02
286 7.414702e-05 3.823871e-02
287 5.319251e-06 7.115869e-03
288 1.278694e-05 1.468236e-02
289 7.666257e-05 4.331141e-02
290 1.138258e-04 6.093101e-02
291 5.859101e-06 8.110272e-03
292 2.230218e-05 1.899853e-02
293 8.958022e-06 1.845742e-02
294 1.358968e-05 2.772362e-02
295 6.098120e-06 1.824126e-02
296 1.223252e-04 1.277463e-01
297 1.651538e-03 5.881679e-01
298 9.399652e-05 3.933453e-02
299 1.442729e-06 4.551199e-03
300 1.403397e-07 4.596140e-03
301 8.132433e-04 1.226980e-01
302 5.425963e-07 5.103091e-03
303 5.078041e-07 3.103463e-03
304 8.074642e-08 2.279857e-03
305 6.983202e-08 2.665170e-03
306 2.304554e-08 2.689331e-03
307 2.452219e-09 2.646497e-03
308 5.709640e-09 2.581787e-03
309 3.491739e-05 5.794254e-03
310 7.122578e-09 3.223112e-03
311 3.407573e-10 2.653562e-03
312 5.895226e-07 2.230595e-03
313 6.553108e-10 2.542524e-03
314 5.571936e-09 2.548936e-03
315 4.543127e-10 2.676355e-03
316 3.164608e-08 2.821641e-03
317 5.545865e-10 1.929795e-03
318 6.809300e-09 1.947470e-03
319 9.288050e-07 2.269501e-03
320 4.698289e-10 2.507127e-03
321 4.963089e-10 1.426046e-03
322 1.219436e-04 6.865501e-02
323 1.277225e-04 9.567903e-02
324 2.307271e-08 9.485511e-03
325 9.373976e-06 1.433959e-02
326 3.886398e-08 3.483581e-03
327 5.032094e-06 2.369746e-02
328 1.946861e-06 9.703162e-03
329 1.302664e-04 8.453171e-02
330 2.720500e-03 4.951915e-01
331 1.087312e-05 3.339142e-02
332 5.830306e-04 1.804204e-01
333 1.215803e-06 5.064284e-03
334 5.069987e-06 1.427676e-02
335 3.049360e-07 8.348926e-03
336 3.294711e-06 1.548683e-02
337 2.889822e-04 6.752534e-02
338 1.812064e-05 2.013181e-02
339 1.014080e-03 2.943469e-01
340 7.896821e-06 6.356940e-03
341 6.112139e-06 6.454026e-03
342 5.838213e-05 1.833985e-02
343 3.391124e-05 4.275523e-02
344 3.881989e-07 3.939287e-03
345 3.061258e-06 7.925881e-03
346 3.300928e-07 2.526105e-03
347 1.066109e-07 2.960201e-03
348 1.019288e-05 9.976163e-03
349 4.600533e-06 1.091213e-02
350 1.199998e-08 3.252874e-03
351 2.760388e-08 2.853062e-03
352 1.679337e-06 2.899452e-03
353 1.928729e-05 6.948474e-03
354 3.261770e-06 4.343159e-03
355 3.124932e-06 4.638270e-03
356 4.937648e-08 2.356223e-03
357 1.419453e-05 1.054090e-02
358 3.026354e-05 2.423265e-02
359 1.791397e-06 7.030724e-03
360 1.086809e-06 6.120391e-03
361 3.292776e-05 4.242939e-02
362 4.850634e-08 2.447246e-03
363 2.019461e-08 3.361308e-03
364 1.679337e-06 2.899452e-03
365 4.050341e-05 2.727720e-02
366 1.509887e-05 9.750769e-03
367 5.788354e-06 1.047307e-02
368 4.600533e-06 1.091213e-02
369 5.600382e-05 8.475323e-02
370 5.652280e-06 1.377052e-02
371 4.879081e-06 1.952345e-02
372 4.038742e-03 8.168302e-01
373 1.369248e-04 1.711386e-01
374 3.966381e-03 6.302761e-01
375 6.084558e-06 2.430414e-02
376 1.904351e-03 1.996008e-01
377 4.162780e-06 8.996004e-03
378 1.158642e-04 2.391588e-02
379 7.170416e-06 8.588664e-03
380 2.865327e-05 1.015149e-02
381 2.599518e-07 1.903241e-03
382 1.045909e-06 1.003667e-02
383 1.315881e-07 1.818802e-03
384 6.178648e-06 7.753461e-03
385 2.154638e-08 4.589134e-03
386 1.372857e-06 6.442773e-03
387 1.805991e-05 1.497184e-02
388 6.806622e-08 2.767157e-03
389 3.987631e-06 6.112924e-03
390 9.119013e-07 4.739240e-03
391 2.968216e-05 3.135629e-02
392 4.967424e-05 1.290713e-02
393 2.091783e-05 1.524660e-02
394 1.178139e-06 2.976862e-03
395 4.258994e-06 8.242594e-03
396 2.371984e-05 3.498349e-02
397 1.643873e-05 1.523378e-02
398 4.213665e-05 3.018141e-02
399 5.700665e-06 9.874455e-03
400 3.517356e-05 3.594136e-02
401 2.280754e-06 8.048660e-03
402 4.813814e-07 6.948905e-03
403 2.013309e-06 9.033712e-03
404 1.045231e-05 1.470315e-02
405 4.568639e-06 1.093094e-02
406 8.912840e-07 8.778045e-03
407 2.089091e-07 4.529141e-03
408 3.859132e-06 9.546793e-03
409 3.005355e-03 2.440927e-01
410 1.131814e-05 1.855780e-02
411 1.077506e-05 1.715467e-02
412 1.208753e-04 4.072096e-02
413 2.349945e-06 7.912583e-03
414 1.830076e-06 9.430840e-03
415 1.951516e-06 5.717918e-03
416 6.119501e-07 6.641329e-03
417 1.880754e-06 9.530492e-03
418 3.431113e-04 8.435706e-02
419 2.182841e-04 1.467144e-01
420 1.420053e-04 4.576858e-02
421 5.439314e-06 2.061899e-02
422 1.148048e-05 2.998467e-02
423 1.050562e-04 7.298001e-02
424 2.230369e-04 2.005373e-01
425 2.036504e-04 8.052771e-02
426 1.773258e-05 4.454626e-02
427 2.515213e-04 1.520680e-01
428 2.179387e-05 3.337644e-02
429 1.433277e-05 2.743367e-02
430 2.994285e-05 3.618616e-02
431 7.272696e-05 4.963327e-02
432 2.216365e-05 2.356340e-02
433 2.069544e-05 2.037277e-02
434 3.446925e-05 3.698984e-02
435 1.276120e-05 4.830888e-02
436 3.400346e-05 2.913342e-02
437 3.455756e-05 3.377202e-02
438 1.416400e-05 2.592242e-02
439 9.981782e-04 2.052998e-01
440 4.199846e-05 1.993561e-02
441 1.084847e-05 1.654031e-02
442 1.129216e-04 5.687977e-02
443 1.716578e-05 2.343557e-02
444 1.947948e-03 2.282816e-01
445 5.175697e-04 1.738407e-01
446 2.030780e-10 9.154190e-04
447 2.177044e-10 1.224533e-03
448 2.246059e-11 9.088601e-04
449 1.440365e-10 9.125899e-04
450 1.664473e-10 9.935000e-04
451 5.133117e-08 1.780927e-03
452 7.743018e-10 1.227361e-03
453 1.193755e-08 1.121763e-03
454 8.020024e-10 1.245262e-03
455 8.770383e-09 1.250779e-03
456 1.587905e-10 1.031942e-03
457 1.625545e-12 9.244452e-04
458 1.737028e-09 1.233056e-03
459 1.564578e-06 1.440443e-02
460 1.251559e-09 2.593513e-03
461 6.228545e-11 1.054473e-03
462 9.121607e-09 2.965151e-03
463 5.516788e-09 1.127401e-03
464 1.972373e-09 1.328723e-03
465 1.999304e-10 1.151005e-03
466 1.194587e-09 1.380970e-03
467 2.962058e-10 1.082756e-03
468 1.271365e-10 1.091930e-03
469 1.193118e-09 1.325804e-03
470 1.861780e-09 1.754896e-03
471 5.721400e-10 1.218706e-03
472 3.359755e-10 1.118983e-03
473 1.273217e-09 1.318735e-03
474 8.840250e-11 1.048067e-03
475 4.357467e-09 1.315925e-03
476 3.828118e-09 1.412191e-03
477 1.162188e-06 3.139240e-03
478 9.979529e-06 7.403045e-03
479 3.971505e-08 1.573735e-03
480 1.126514e-08 2.067036e-03
481 1.668106e-09 1.858922e-03
482 1.746125e-09 2.108155e-03
483 1.031215e-09 2.060921e-03
484 5.529791e-08 2.116198e-03
485 3.363592e-09 1.759769e-03
486 4.221708e-06 1.356043e-02
487 6.423640e-09 1.487142e-03
488 1.637009e-06 9.343605e-03
489 1.815914e-03 2.708063e-01
490 2.667638e-06 6.828661e-03
491 1.596610e-06 8.710270e-03
492 4.924225e-07 5.701029e-03
493 9.046722e-07 6.662590e-03
494 1.970687e-08 6.448975e-03
495 8.942190e-08 4.935473e-03
496 6.456588e-05 2.618548e-02
497 5.861107e-05 4.303456e-02
498 3.131658e-06 7.896093e-03
499 8.453274e-08 7.819855e-03
500 6.145907e-08 5.138114e-03
501 1.687540e-06 8.751239e-03
502 1.009461e-03 2.309903e-01
503 1.020245e-05 9.439530e-03
504 1.182550e-05 9.621149e-03
505 2.755250e-06 7.040329e-03
506 1.672621e-04 2.828017e-02
507 5.867276e-05 2.704106e-02
508 5.755045e-06 1.244960e-02
509 4.035164e-07 8.584099e-03
510 3.779742e-06 1.160861e-02
511 1.163920e-06 6.089613e-03
512 1.449189e-06 8.119139e-03
513 3.110442e-06 7.787474e-03
514 4.019390e-03 6.568052e-01
515 4.954924e-07 6.925096e-03
516 4.878317e-07 6.832070e-03
517 5.762512e-06 1.363052e-02
518 5.173169e-07 6.879518e-03
519 1.219230e-05 2.272644e-02
520 6.135535e-06 1.830280e-02
521 3.918587e-05 2.513669e-02
522 3.593696e-05 2.249295e-02
523 1.679336e-05 2.452142e-02
524 1.141962e-06 1.298478e-02
525 2.953519e-06 7.808768e-03
526 1.167142e-05 2.285998e-02
527 2.423989e-06 9.623878e-03
528 3.402928e-07 5.957856e-03
529 6.823965e-06 1.699607e-02
530 4.072596e-07 5.089808e-03
531 1.753439e-06 7.145024e-03
532 7.309868e-06 1.826859e-02
533 1.573726e-06 1.232310e-02
534 7.683950e-07 1.137291e-02
535 4.034747e-06 1.202257e-02
536 4.802749e-05 3.563815e-02
537 8.584629e-06 2.417820e-02
538 1.042639e-06 1.245947e-02
539 2.744203e-05 2.269540e-02
540 1.069757e-05 2.184818e-02
541 1.078310e-05 2.403988e-02
542 5.301655e-04 1.524399e-01
543 4.629704e-06 1.866033e-02
544 2.774004e-06 7.294247e-03
545 8.534142e-06 7.161538e-03
546 9.046950e-06 5.620003e-03
547 4.821928e-09 2.494459e-03
548 5.915449e-08 3.020049e-03
549 2.359585e-08 1.589169e-03
550 8.083218e-07 5.504125e-03
551 4.054557e-07 2.609831e-03
552 2.224494e-05 1.841124e-02
553 3.996140e-05 2.930460e-02
554 7.663070e-06 8.519358e-03
555 8.235487e-06 1.139029e-02
556 3.965897e-07 2.990275e-03
557 2.914982e-07 3.757155e-03
558 2.258965e-05 1.060274e-02
559 4.433924e-08 2.466329e-03
560 4.999355e-07 3.943046e-03
561 9.673020e-07 3.101218e-03
562 9.168089e-07 3.357636e-03
563 5.852714e-07 4.767778e-03
564 2.805459e-07 3.231106e-03
565 4.087123e-06 1.418231e-02
566 5.845910e-06 5.189255e-03
567 2.337595e-04 6.136009e-02
568 3.651316e-05 1.641796e-02
569 3.210660e-04 5.195537e-02
570 1.221725e-05 1.248847e-02
571 6.394161e-06 7.661836e-03
572 7.838376e-05 1.892753e-02
573 7.982683e-06 5.936510e-03
574 6.015869e-05 2.052769e-02
575 5.754121e-06 7.089634e-03
576 2.296397e-05 1.271735e-02
577 5.929645e-06 1.130766e-02
578 1.606792e-06 9.566839e-03
579 1.297455e-03 6.161161e-01
580 8.672091e-05 2.151914e-02
581 6.047453e-06 4.135992e-03
582 2.226139e-04 4.014947e-02
583 1.501293e-05 9.324363e-03
584 2.770328e-05 1.199664e-02
585 2.296710e-04 5.748020e-02
586 5.155015e-06 1.245381e-02
587 4.585796e-06 1.263102e-02
588 5.133945e-06 9.936913e-03
589 7.272068e-07 2.554052e-03
590 1.151972e-03 2.970724e-01
591 4.260714e-04 8.973341e-02
592 2.780421e-06 6.181086e-03
593 4.325430e-06 1.597698e-02
594 8.796821e-05 2.108202e-02
595 1.317236e-07 6.650400e-03
596 3.844838e-03 7.066594e-01
597 7.594000e-10 1.912623e-03
598 1.693025e-08 1.968384e-03
599 1.088257e-08 1.938129e-03
600 4.503132e-08 2.061267e-03
601 9.501875e-08 3.030103e-03
602 2.216193e-08 2.563428e-03
603 2.641255e-08 3.253507e-03
604 1.087466e-09 1.931460e-03
605 4.141410e-08 2.077305e-03
606 9.423440e-10 1.932104e-03
607 8.740541e-10 1.777668e-03
608 2.713792e-09 2.031183e-03
609 3.681495e-06 1.242386e-02
610 7.019706e-07 4.259642e-03
611 1.435771e-03 2.323513e-01
612 1.884037e-06 2.547639e-02
613 1.172132e-05 1.812520e-02
614 6.743615e-06 2.569069e-02
615 3.431028e-07 1.029765e-02
616 2.637236e-09 3.280885e-03
617 4.658709e-06 1.238346e-02
618 1.432668e-08 4.230212e-03
619 1.117136e-07 5.026922e-03
620 2.033946e-08 5.446343e-03
621 1.121270e-04 5.081127e-02
622 7.358484e-08 5.940796e-03
623 1.277807e-08 7.248300e-03
624 7.444128e-08 6.012268e-03
625 1.139238e-07 4.546983e-03
626 2.524186e-03 4.322158e-01
627 4.067565e-07 4.959937e-03
628 1.277912e-06 1.262807e-02
629 1.006177e-04 5.575286e-02
630 6.806436e-05 3.243809e-02
631 7.213230e-05 2.343960e-02
632 2.559951e-05 3.737925e-02
633 2.000239e-07 6.065204e-03
634 2.351184e-06 5.246710e-03
635 6.431925e-07 5.146419e-03
636 8.462719e-07 7.233439e-03
637 5.338939e-06 1.351448e-02
638 2.551763e-07 8.789539e-03
639 1.417026e-06 1.523910e-02
640 5.356544e-07 4.752340e-03
641 1.549479e-07 5.571552e-03
642 3.040604e-07 6.937085e-03
643 1.112447e-05 3.434355e-02
644 2.532838e-06 6.157831e-03
645 1.908102e-06 1.233487e-02
646 1.839548e-06 1.899909e-02
647 1.643294e-06 7.515367e-03
648 1.975432e-05 2.565553e-02
649 5.789008e-07 1.056864e-02
650 4.429732e-07 5.718218e-03
651 2.091240e-07 6.380553e-03
652 1.205431e-06 7.536829e-03
653 7.304827e-04 3.171667e-01
654 9.311216e-05 6.670346e-02
655 1.196507e-07 2.902023e-03
656 6.479265e-05 2.715934e-02
657 2.742379e-03 4.613928e-01
658 9.337524e-05 2.321553e-02
659 1.072015e-06 1.335028e-02
660 7.620319e-06 1.364466e-02
661 1.793963e-05 3.395116e-02
662 2.950393e-04 2.137739e-01
663 2.483583e-06 1.382672e-02
664 2.431422e-06 1.431660e-02
665 6.807209e-06 1.639476e-02
666 2.467042e-05 3.033283e-02
667 1.920128e-05 1.747577e-02
668 4.043082e-07 7.000677e-03
669 1.505128e-05 2.931026e-02
670 6.596541e-05 3.627056e-02
671 2.764075e-05 3.810434e-02
672 7.032187e-07 6.919707e-03
673 1.095416e-04 1.620298e-01
674 1.804311e-06 7.214186e-03
675 5.649552e-04 1.436557e-01
676 1.209054e-06 1.661125e-02
677 5.618356e-05 3.136739e-02
678 4.439179e-07 8.036493e-03
679 5.629895e-04 9.962671e-02
680 8.062366e-08 3.439638e-03
681 8.039742e-06 1.301706e-02
682 3.753272e-03 6.250540e-01
683 3.953007e-06 1.562606e-02
684 1.788124e-03 1.843927e-01
685 8.907877e-07 8.781933e-03
686 4.557751e-04 2.684656e-01
687 1.505391e-05 7.415344e-03
688 6.309890e-07 8.234782e-03
689 1.476197e-06 8.975584e-03
690 1.327305e-05 1.376042e-02
691 1.361981e-06 1.508582e-02
692 6.384591e-07 1.180689e-02
693 3.766164e-06 9.199085e-03
694 5.000795e-06 5.418811e-03
695 5.362472e-06 8.576299e-03
696 3.260897e-04 9.717158e-02
697 1.851644e-05 8.065445e-02
698 6.710579e-04 1.528376e-01
699 1.270922e-06 1.658233e-02
700 4.462612e-05 2.286360e-02
701 1.804428e-06 9.258639e-03
702 5.510174e-06 1.465524e-02
703 1.378155e-06 7.157677e-03
704 4.902404e-05 2.870625e-02
705 2.851587e-05 1.179504e-02
706 2.106712e-05 1.415839e-02
707 1.115058e-05 8.419770e-03
708 1.364722e-03 4.269095e-01
709 1.411131e-05 2.386030e-02
710 4.594877e-04 8.638181e-02
711 1.688039e-04 9.075295e-02
712 4.299137e-05 3.766688e-02
713 1.172187e-04 3.421927e-02
714 3.244233e-05 1.930630e-02
715 5.516489e-07 6.471570e-03
716 1.765518e-05 1.774744e-02
717 9.288595e-06 3.069656e-02
718 1.850839e-05 1.181024e-02
719 1.221001e-05 1.152911e-02
720 1.644552e-05 1.909264e-02
721 2.855218e-04 3.607546e-02
722 1.315962e-04 3.000480e-02
723 4.709112e-04 7.509448e-02
724 1.367166e-06 6.828908e-03
725 4.510927e-06 7.093164e-03
726 9.960749e-06 1.188852e-02
727 7.502003e-04 4.154457e-01
728 1.562986e-06 1.263559e-02
729 8.254796e-06 1.358762e-02
730 1.307920e-05 1.746768e-02
731 7.668669e-06 6.418094e-03
732 2.787709e-05 7.444349e-03
733 1.282015e-05 1.016265e-02
734 1.344874e-05 1.413322e-02
735 4.419174e-05 1.190723e-02
736 6.781850e-06 1.971116e-02
737 1.801338e-03 2.436539e-01
738 8.797143e-05 4.962681e-02
739 1.915358e-05 1.034138e-02
740 4.550515e-05 1.224100e-02
741 2.582060e-05 9.405616e-03
742 3.686654e-04 4.890186e-02
743 1.180575e-04 1.746022e-02
744 1.774015e-04 2.879229e-02
745 1.621374e-04 3.364675e-02
746 1.291702e-05 9.545813e-03
747 2.922557e-05 1.129702e-02
748 7.517799e-07 5.994897e-03
749 6.577399e-06 2.825420e-02
750 1.480022e-04 5.430731e-02
751 4.702173e-07 8.159762e-03
752 1.969042e-06 1.127630e-02
753 1.063823e-03 2.289533e-01
754 1.626976e-05 1.795511e-02
755 2.760916e-04 4.947124e-02
756 5.998966e-07 1.075568e-02
757 9.398527e-05 8.108299e-02
758 3.312753e-07 5.417315e-03
759 1.477510e-04 2.537843e-02
760 6.412611e-04 1.718152e-01
761 5.200512e-04 1.214255e-01
762 3.900105e-06 9.738371e-03
763 9.270454e-06 1.147183e-02
764 6.333219e-06 1.039760e-02
765 5.245966e-04 3.310964e-01
766 1.077833e-03 5.358969e-01
767 7.398162e-04 2.318735e-01
768 4.583447e-04 3.325604e-01
769 9.551832e-07 1.121356e-02
770 2.901184e-07 5.021600e-03
771 2.845522e-07 4.870347e-03
772 4.032282e-07 4.722838e-03
773 1.598190e-04 1.252862e-01
774 1.736295e-06 6.493983e-03
775 2.525763e-06 1.116370e-02
776 7.163612e-07 5.663475e-03
777 3.188712e-07 1.021803e-02
778 1.965801e-04 1.079308e-01
779 2.647668e-07 8.927568e-03
780 1.135688e-06 6.215600e-03
781 5.566084e-08 5.342264e-03
782 5.288011e-08 2.398969e-03
783 6.687765e-08 3.587943e-03
784 2.774114e-06 1.829945e-02
785 3.355841e-05 1.139812e-02
786 5.107806e-06 7.568230e-03
787 3.213338e-06 9.298946e-03
788 2.769857e-07 1.144900e-02
789 3.915866e-07 8.397398e-03
790 1.193781e-04 9.046453e-02
791 1.805910e-06 4.229542e-03
792 1.864173e-07 1.030082e-02
793 3.911954e-05 1.226207e-02
794 3.032207e-04 2.216189e-01
795 2.845877e-05 1.547557e-02
796 7.435540e-07 5.933526e-03
797 2.519075e-05 8.970221e-02
798 9.110539e-07 7.323203e-03
799 2.066735e-04 7.151213e-02
800 2.067308e-05 1.807166e-02
801 4.081406e-06 1.064752e-02
802 5.668023e-04 1.149379e-01
803 1.949945e-03 4.107154e-01
804 2.175959e-06 1.063762e-02
805 9.210546e-05 4.372672e-02
806 2.876506e-04 1.237440e-01
807 4.998003e-05 4.897152e-02
808 6.895064e-07 5.914432e-03
809 1.174156e-06 2.370105e-02
810 3.055092e-08 2.324772e-03
811 1.340376e-05 1.572968e-02
812 2.753716e-07 4.262839e-03
813 3.903875e-05 3.577534e-02
814 2.568203e-06 1.347986e-02
815 4.109341e-06 1.584760e-02
816 4.732842e-04 2.381601e-01
817 7.172871e-05 9.380448e-02
818 2.610137e-07 9.970750e-03
819 5.139490e-06 1.264177e-02
820 7.299295e-06 3.691024e-02
821 1.374871e-05 4.038575e-02
822 8.122818e-06 3.318208e-02
823 2.698618e-05 1.151360e-01
824 1.268143e-03 5.412236e-01
825 2.340227e-03 4.912453e-01
826 2.181582e-04 3.304307e-01
827 4.601651e-04 1.062417e-01
828 1.745111e-03 6.428074e-01
829 3.097714e-03 4.984798e-01
830 4.324666e-05 1.041287e-02
831 1.064483e-06 4.684066e-03
832 9.505819e-07 5.114257e-03
833 4.377381e-06 1.078428e-02
834 4.345975e-06 6.227621e-03
835 2.170551e-06 6.643098e-03
836 1.672422e-06 4.736215e-03
837 5.569356e-06 9.148416e-03
838 1.108829e-05 6.789262e-03
839 6.443926e-07 4.962767e-03
840 3.023247e-05 1.761561e-02
841 2.110803e-06 7.088563e-03
842 1.932139e-06 8.487276e-03
843 1.271974e-06 9.758501e-03
844 5.536572e-06 1.943224e-02
845 1.007223e-04 3.315576e-02
846 1.537953e-04 5.700908e-02
847 5.162598e-06 7.758928e-03
848 4.898946e-06 1.339083e-02
849 9.697372e-05 4.481440e-02
850 1.366823e-06 6.084495e-03
851 2.935515e-05 6.430663e-02
852 1.579145e-07 6.349481e-03
853 2.172349e-05 1.398313e-02
854 7.676325e-07 5.815199e-03
855 1.429630e-05 1.599137e-02
856 6.987252e-09 1.481930e-03
857 2.577016e-08 1.300765e-03
858 5.492346e-08 2.046780e-03
859 8.519025e-09 1.498644e-03
860 5.625426e-04 1.094131e-01
861 5.620616e-07 6.824131e-03
862 7.809805e-08 1.584873e-03
863 4.476783e-08 1.537488e-03
864 8.340368e-09 1.393236e-03
865 1.024153e-07 1.570027e-03
866 1.110952e-07 2.062385e-03
867 2.489915e-07 1.703364e-03
868 4.861146e-09 1.362713e-03
869 2.057581e-08 1.626276e-03
870 2.067790e-08 1.530917e-03
871 2.810287e-09 1.393756e-03
872 3.165831e-08 1.878202e-03
873 4.165149e-08 1.415640e-03
874 5.441239e-08 1.401677e-03
875 5.415432e-04 8.136467e-02
876 4.739037e-09 1.443773e-03
877 4.918026e-08 1.453447e-03
878 5.558297e-08 1.898218e-03
879 1.141035e-08 1.351799e-03
880 2.521022e-08 1.370055e-03
881 2.866166e-09 1.397771e-03
882 7.338691e-08 1.816450e-03
883 1.544548e-07 1.755122e-03
884 1.015912e-07 1.468725e-03
885 5.255649e-08 1.564479e-03
886 2.184158e-06 6.436289e-03
887 9.939856e-06 8.004941e-03
888 4.726888e-07 1.144287e-02
889 2.417924e-04 5.920898e-02
890 4.299597e-06 1.961088e-02
891 9.145411e-05 8.340937e-02
892 1.028232e-04 1.094558e-01
893 1.752689e-06 5.532579e-03
894 7.400357e-07 3.546920e-03
895 5.973081e-06 7.809957e-03
896 8.422067e-06 1.437350e-02
897 1.916694e-03 4.815103e-01
898 7.741343e-06 1.830780e-02
899 6.542985e-05 7.295141e-02
900 6.748142e-06 7.728157e-03
901 1.286937e-05 5.801230e-03
902 6.217942e-06 8.770185e-03
903 6.539091e-07 6.100236e-03
904 1.485807e-04 1.017319e-01
905 1.440501e-05 1.940500e-02
906 2.132244e-05 4.702565e-02
907 7.529039e-03 6.303872e-01
908 2.511075e-08 2.756772e-03
909 3.743558e-07 3.088429e-03
910 4.306906e-08 1.573734e-03
911 5.739433e-06 5.996149e-03
912 7.196994e-07 5.004424e-03
913 7.990935e-08 1.717748e-03
914 2.683600e-07 4.890316e-03
915 9.449615e-07 3.439725e-03
916 6.096660e-04 8.791218e-02
917 7.708485e-08 2.121104e-03
918 2.017930e-08 1.778957e-03
919 1.827809e-08 1.392467e-03
920 2.603186e-07 2.487448e-03
921 1.691854e-09 1.059653e-03
922 1.084915e-07 1.416295e-03
923 2.417486e-04 5.078042e-02
924 3.442852e-05 1.633567e-02
925 5.063084e-08 1.058222e-03
926 6.121186e-05 1.358365e-02
927 7.356911e-08 1.321461e-03
928 9.307658e-07 3.857019e-03
929 6.863266e-06 9.649718e-03
930 2.001323e-07 3.628235e-03
931 4.551520e-07 3.728787e-03
932 4.180154e-09 1.484275e-03
933 1.634385e-06 1.800156e-03
934 3.543354e-05 1.067241e-02
935 1.142434e-06 1.820276e-03
936 2.206234e-07 1.190290e-03
937 4.742997e-06 2.811411e-03
938 3.096324e-07 1.778558e-03
939 4.958113e-06 3.276054e-03
940 1.554313e-05 5.910618e-03
941 1.314448e-05 5.369329e-03
942 8.601330e-08 1.619742e-03
943 2.680050e-06 2.100993e-03
944 1.654356e-05 4.339341e-03
945 3.787543e-07 2.256945e-03
946 7.652504e-06 5.855218e-03
947 5.930460e-06 3.104259e-02
948 1.139213e-06 6.863738e-03
949 3.879739e-07 1.052117e-02
950 1.023583e-07 7.908061e-03
951 1.874139e-07 1.590556e-02
952 5.203654e-06 1.525976e-02
953 3.277805e-07 8.933722e-03
954 3.901956e-08 3.082658e-03
955 1.029853e-05 3.612806e-02
956 1.545340e-08 3.053246e-03
957 8.115768e-08 8.405466e-03
958 1.190108e-07 6.799129e-03
959 2.333511e-05 4.642769e-02
960 1.190719e-06 1.905182e-02
961 5.756868e-07 9.748629e-03
962 1.518124e-06 1.260119e-02
963 4.506858e-08 3.840605e-03
964 1.625756e-05 3.949656e-02
965 9.475673e-08 5.406845e-03
966 5.065771e-05 1.047214e-01
967 8.693225e-06 5.556167e-02
968 5.406624e-07 4.708234e-03
969 2.013462e-07 8.064327e-03
970 1.170734e-06 1.669841e-02
971 1.695427e-07 3.077964e-03
972 1.603285e-06 7.363266e-03
973 3.703336e-07 9.407699e-03
974 3.618524e-08 3.275851e-03
975 1.458099e-06 6.792869e-03
976 1.504386e-03 1.228666e-01
977 1.465224e-06 6.433799e-03
978 5.096329e-05 1.007820e-02
979 2.244309e-07 2.774063e-03
980 7.614310e-08 1.224530e-03
981 6.646492e-07 4.049488e-03
982 4.382808e-06 7.523447e-03
983 2.044809e-06 3.564382e-03
984 7.829863e-06 8.222083e-03
985 2.858461e-06 3.683446e-03
986 1.320504e-06 3.522666e-03
987 1.716694e-07 1.259916e-03
988 6.843084e-07 2.438065e-03
989 3.052196e-05 6.616979e-03
990 2.915969e-06 3.598114e-03
991 6.115998e-06 6.197032e-03
992 2.781712e-07 2.246637e-03
993 4.863989e-07 2.397819e-03
994 1.663839e-07 2.134110e-03
995 1.566769e-06 2.952063e-03
996 7.806485e-07 3.038167e-03
997 1.259847e-04 3.969791e-02
998 1.615400e-05 4.804671e-03
999 6.109869e-06 3.870739e-03
1000 1.245615e-06 1.799813e-03
1001 2.176506e-07 1.563726e-03
1002 1.443331e-05 4.796222e-03
1003 2.557562e-07 1.769120e-03
1004 3.479060e-06 4.438052e-03
1005 3.780533e-07 2.886983e-03
1006 1.033525e-05 9.699019e-03
1007 1.580717e-07 2.913468e-03
1008 1.360476e-05 5.093851e-03
1009 6.611978e-08 4.051131e-03
1010 2.735307e-07 2.841021e-03
1011 1.385470e-07 3.669097e-03
1012 1.287112e-06 3.527380e-03
1013 1.082095e-07 2.061394e-03
1014 3.547923e-07 3.401454e-03
1015 2.549646e-08 2.129474e-03
1016 5.539331e-06 2.330634e-03
1017 5.391607e-07 1.683604e-03
1018 1.206657e-06 2.801412e-03
1019 1.972434e-07 4.386767e-03
1020 5.632090e-08 1.742869e-03
1021 2.157469e-05 5.121097e-03
1022 1.521073e-07 1.159487e-03
1023 1.550458e-06 1.880630e-03
1024 6.716236e-08 1.392662e-03
1025 2.775114e-07 2.251272e-03
1026 1.410129e-03 7.105076e-01
1027 2.322885e-04 8.768764e-02
1028 6.950766e-05 6.684361e-02
1029 3.588162e-04 7.695866e-02
1030 5.310155e-04 2.660164e-01
1031 1.284871e-03 3.811165e-01
1032 3.643212e-06 7.672548e-03
1033 2.167235e-05 1.730856e-02
1034 1.589845e-03 1.884424e-01
1035 2.840496e-06 4.275853e-03
1036 5.802204e-06 9.370799e-03
1037 6.921573e-05 2.440539e-02
1038 1.017511e-06 2.973323e-03
1039 3.222075e-05 1.445754e-02
1040 2.097340e-06 9.007457e-03
1041 2.646764e-06 2.530581e-02
1042 1.547342e-06 1.076121e-02
1043 1.606537e-05 1.502029e-02
1044 2.760290e-07 1.704360e-02
1045 1.419510e-06 7.477823e-03
1046 3.574873e-04 4.389436e-02
1047 4.255305e-04 1.180289e-01
1048 1.100392e-04 4.330755e-02
1049 1.785494e-06 8.675912e-03
1050 7.913204e-04 2.586200e-01
1051 5.633797e-04 1.587666e-01
1052 7.844026e-09 1.226687e-03
1053 1.749862e-08 1.820394e-03
1054 2.159397e-04 3.547660e-02
1055 1.688430e-09 1.555960e-03
1056 2.146228e-08 4.672079e-03
1057 8.132742e-09 2.137295e-03
1058 4.208969e-08 2.020511e-03
1059 3.296896e-10 1.031675e-03
1060 2.431068e-10 9.550642e-04
1061 2.257808e-07 2.875342e-03
1062 1.261366e-08 1.812110e-03
1063 1.093015e-07 3.798395e-03
1064 2.664503e-04 9.300655e-02
1065 4.194758e-06 1.555000e-02
1066 1.123769e-09 1.577777e-03
1067 4.029256e-10 1.439714e-03
1068 2.265315e-10 1.465198e-03
1069 9.562821e-10 1.614003e-03
1070 2.915054e-07 1.406642e-02
1071 4.933708e-07 5.251037e-03
1072 4.072016e-07 3.240408e-03
1073 4.429155e-06 1.897814e-02
1074 9.166958e-09 1.054679e-03
1075 5.553314e-06 2.566332e-02
1076 2.239983e-06 5.615557e-03
1077 1.476027e-05 1.478976e-02
1078 3.526203e-09 1.632286e-03
1079 9.943658e-08 5.799593e-03
1080 1.066589e-08 1.573983e-03
1081 6.567607e-10 1.460151e-03
1082 1.592080e-09 1.485454e-03
1083 1.071908e-08 1.826512e-03
1084 9.183684e-10 1.228381e-03
1085 7.190684e-08 4.311963e-03
1086 2.098209e-09 1.239829e-03
1087 1.874770e-09 1.369437e-03
1088 9.500176e-10 4.681140e-03
1089 2.101926e-09 1.234331e-03
1090 3.503991e-10 1.195568e-03
1091 1.397511e-09 1.228899e-03
1092 7.494282e-04 5.191733e-01
1093 2.795640e-07 1.875786e-02
1094 2.351642e-07 1.383447e-02
1095 1.687979e-08 1.692014e-03
1096 3.291194e-09 1.481405e-03
1097 4.057986e-08 4.824879e-03
1098 6.306555e-06 7.680693e-03
1099 1.523753e-07 3.252478e-03
1100 6.664759e-08 2.803702e-03
1101 2.701072e-06 4.765553e-03
1102 5.419232e-08 3.178654e-03
1103 4.309926e-08 2.748593e-03
1104 1.496282e-04 6.587624e-02
1105 1.814848e-08 1.529479e-03
1106 8.209633e-09 2.235390e-03
1107 1.210890e-08 3.128209e-03
1108 4.488924e-08 1.735461e-03
1109 1.448419e-08 2.022224e-03
1110 2.144637e-07 4.722204e-03
1111 1.412155e-08 3.955066e-03
1112 1.773862e-05 3.877083e-02
1113 5.835152e-06 1.711346e-02
1114 9.907216e-08 2.054392e-03
1115 8.584933e-05 3.174734e-02
1116 1.678026e-09 1.478965e-03
1117 2.674508e-08 1.609571e-03
1118 7.202976e-07 6.612976e-03
1119 2.140301e-05 2.306931e-02
1120 4.660500e-07 4.013874e-03
1121 1.098068e-06 6.764659e-03
1122 4.328396e-07 4.033081e-03
1123 1.567562e-07 2.461914e-03
1124 4.867446e-07 3.744151e-03
1125 2.276760e-06 4.470397e-03
1126 5.156824e-07 4.990276e-03
1127 2.146596e-07 3.853668e-03
1128 5.146934e-07 4.505772e-03
1129 1.003692e-06 3.226019e-03
1130 1.093217e-06 4.752506e-03
1131 6.292042e-05 4.492844e-02
1132 3.959382e-04 1.801991e-01
1133 7.542464e-06 4.306779e-02
1134 7.955832e-07 9.099524e-03
1135 1.745912e-06 2.316949e-03
1136 2.045812e-06 4.601300e-03
1137 7.832855e-07 5.369967e-03
1138 2.074760e-05 1.105943e-02
1139 8.352191e-07 5.223970e-03
1140 3.779092e-04 2.073109e-01
1141 3.945844e-05 3.004524e-02
1142 1.101824e-05 8.674537e-03
1143 9.361574e-07 6.690175e-03
1144 1.099339e-05 3.669605e-02
1145 6.622786e-07 9.168540e-03
1146 1.466963e-04 6.767771e-02
1147 2.575029e-05 4.218023e-02
1148 4.743520e-05 1.704885e-02
1149 8.810871e-06 1.063224e-02
1150 2.876594e-05 1.033010e-02
1151 5.801477e-05 1.437593e-02
1152 3.108370e-06 5.900627e-03
1153 1.761771e-06 4.684826e-03
1154 1.528720e-05 8.034362e-03
1155 1.123079e-04 1.853198e-02
1156 7.325291e-05 3.469656e-02
1157 7.331921e-05 5.226774e-02
1158 4.316112e-06 1.469176e-02
1159 4.496932e-04 1.515744e-01
1160 7.830930e-06 1.048760e-02
1161 5.287877e-06 7.169981e-03
1162 5.164467e-05 4.307836e-02
1163 6.340142e-04 2.041684e-01
1164 2.993022e-05 2.130411e-02
1165 5.617828e-05 1.379377e-02
1166 6.830309e-05 4.206769e-02
1167 1.999364e-05 3.301841e-02
1168 6.972202e-05 2.125531e-02
1169 6.572505e-05 3.921555e-02
1170 4.708504e-05 3.227199e-02
1171 4.440942e-06 8.271383e-03
1172 2.680037e-05 2.427110e-02
1173 5.233302e-04 2.154593e-01
1174 1.429437e-03 1.519459e-01
1175 9.212230e-05 3.711001e-02
1176 7.152201e-03 1.603886e+00
1177 2.682958e-07 3.093906e-03
1178 9.055623e-05 2.522985e-02
1179 1.659669e-05 2.306745e-02
1180 9.711060e-04 6.945863e-02
1181 5.141857e-05 2.067157e-02
1182 2.399527e-04 4.483484e-02
1183 5.725292e-05 2.563504e-02
1184 5.369123e-04 8.965235e-02
1185 8.052912e-04 1.544316e-01
1186 1.004695e-04 2.331566e-02
1187 5.972318e-06 9.157078e-03
1188 3.017729e-06 1.016072e-02
1189 1.490930e-04 3.378528e-02
1190 2.241931e-03 2.070092e-01
1191 1.225311e-04 3.103785e-02
1192 2.991323e-04 8.658426e-02
1193 1.621997e-04 3.586105e-02
1194 3.590542e-04 1.787103e-01
1195 8.478573e-05 5.749074e-02
1196 8.060354e-04 1.363169e-01
1197 5.134324e-04 4.497448e-02
1198 3.151418e-05 2.751631e-02
1199 2.621731e-04 5.152635e-02
1200 5.260194e-04 1.637188e-01
1201 1.317516e-05 2.709248e-02
1202 1.676104e-05 1.573379e-02
1203 3.952318e-05 3.978105e-02
1204 1.590867e-04 7.039282e-02
1205 2.229759e-07 4.851918e-03
1206 2.131266e-05 1.694559e-02
1207 3.457671e-07 3.631118e-03
1208 3.223164e-04 8.971443e-02
1209 1.903676e-06 8.808844e-03
1210 1.602039e-07 8.336399e-03
1211 5.413717e-07 3.579652e-03
1212 5.513365e-06 5.009452e-03
1213 1.526089e-06 7.417431e-03
1214 7.095877e-06 8.783473e-03
1215 9.090487e-06 3.452658e-02
1216 2.902807e-08 4.241576e-03
1217 7.744817e-04 2.456224e-01
1218 2.475833e-06 6.539675e-03
1219 4.143387e-08 1.277624e-03
1220 7.141885e-08 3.390610e-03
1221 7.270256e-06 7.834390e-03
1222 1.900107e-03 2.034065e-01
1223 7.399399e-08 2.046155e-03
1224 3.984092e-07 2.145002e-03
1225 7.455265e-05 5.352363e-02
1226 8.003755e-09 2.309049e-03
1227 4.584536e-04 3.384319e-01
1228 1.805275e-05 9.757313e-03
1229 1.078694e-08 1.268219e-03
1230 6.396800e-07 2.561423e-03
1231 6.638137e-07 1.758921e-03
1232 1.962700e-08 2.019986e-03
1233 3.035879e-08 2.239610e-03
1234 2.357888e-06 3.942286e-03
1235 1.283385e-07 2.543378e-03
1236 4.954171e-07 2.875033e-03
1237 2.656518e-06 3.249760e-03
1238 2.971661e-06 3.884298e-03
1239 3.554651e-08 2.311467e-03
1240 1.294599e-03 7.494380e-01
1241 6.771661e-06 5.037137e-03
1242 3.740819e-06 3.276124e-03
1243 9.087746e-07 4.067090e-03
1244 1.108420e-06 3.800909e-03
1245 1.111712e-06 2.775899e-03
1246 1.163633e-06 2.702154e-03
1247 5.512007e-05 1.614278e-02
1248 3.439494e-05 4.429397e-02
1249 3.913125e-06 1.083621e-02
1250 7.881353e-05 1.951995e-02
1251 2.336582e-05 1.847928e-02
1252 3.773261e-06 1.684241e-02
1253 1.149382e-06 1.501868e-02
1254 5.607830e-07 8.183990e-03
1255 1.462784e-03 3.297365e-01
1256 7.005684e-06 8.017139e-03
1257 2.111500e-03 8.957296e-01
1258 3.032673e-04 7.316202e-02
1259 7.012058e-04 2.152630e-01
1260 8.050878e-05 2.366138e-02
1261 1.597172e-08 1.845879e-03
1262 1.948075e-03 1.501865e-01
1263 1.080880e-06 5.344148e-03
1264 3.584426e-04 5.672573e-02
1265 1.609867e-06 3.075506e-03
1266 5.305164e-07 6.886556e-03
1267 3.020846e-08 1.940665e-03
1268 1.258403e-05 6.110712e-03
1269 2.577017e-05 6.066249e-02
1270 3.956656e-04 6.334652e-02
1271 3.965873e-06 1.082324e-02
1272 1.326517e-06 3.254980e-03
1273 7.313988e-06 6.416008e-03
1274 7.417073e-06 2.086546e-02
1275 2.647016e-04 7.266325e-02
1276 1.791459e-04 9.880938e-02
1277 9.337706e-05 1.204405e-01
1278 9.993529e-04 1.555408e-01
1279 7.344888e-06 5.423675e-03
1280 4.479790e-07 7.368014e-03
1281 2.223579e-07 8.526294e-03
1282 8.792001e-07 1.534772e-02
1283 5.275548e-06 1.269933e-02
1284 7.740770e-04 2.339375e-01
1285 8.628442e-05 3.086483e-02
1286 3.690948e-04 1.062819e-01
1287 5.416625e-07 7.163832e-03
1288 6.635490e-05 1.194228e-01
1289 1.991786e-04 1.361942e-01
1290 3.918356e-08 1.823364e-03
1291 1.514349e-04 7.406612e-02
1292 6.563668e-06 1.549933e-02
1293 5.477511e-05 2.043972e-01
1294 7.504752e-07 2.386769e-03
1295 1.411762e-05 1.711443e-02
1296 1.419663e-05 1.732501e-02
1297 1.890010e-03 3.354362e-01
1298 1.529211e-04 1.812321e-01
1299 1.626003e-05 1.956218e-02
1300 1.387733e-03 3.579909e-01
1301 7.920810e-06 4.103001e-03
1302 1.046935e-06 3.670288e-03
1303 1.174943e-04 2.402241e-02
1304 2.778152e-04 4.042786e-02
1305 7.083164e-04 5.890723e-02
1306 8.632804e-05 2.206025e-02
1307 1.964426e-03 1.046689e-01
1308 3.676213e-06 9.975689e-03
1309 1.402935e-03 2.016315e-01
1310 6.296904e-04 3.060844e-01
1311 7.036675e-04 1.412443e-01
1312 3.944282e-03 6.902638e-01
1313 3.560912e-06 4.817655e-03
1314 1.626483e-04 3.880925e-02
1315 4.268212e-07 6.000665e-03
1316 3.372122e-08 4.990693e-03
1317 3.577621e-08 3.431034e-03
1318 1.696316e-07 1.995936e-03
1319 5.816448e-08 2.518757e-03
1320 6.618454e-07 4.443646e-03
1321 2.329512e-07 4.111334e-03
1322 5.605875e-09 1.540004e-03
1323 2.455922e-06 1.481674e-02
1324 3.449248e-06 3.066339e-03
1325 3.822022e-07 6.729319e-03
1326 1.672477e-06 8.094103e-03
1327 8.345592e-06 1.006991e-02
1328 1.518562e-05 6.871658e-03
1329 4.787627e-10 2.764854e-03
1330 4.332866e-06 9.628209e-03
1331 1.589665e-04 1.520013e-01
1332 4.213310e-04 2.115537e-01
1333 7.774162e-06 3.231658e-02
1334 2.329595e-07 2.098122e-02
1335 7.987769e-05 1.916202e-02
1336 6.934723e-06 9.720338e-03
1337 8.534183e-06 4.515662e-03
1338 6.750047e-05 2.460887e-02
1339 3.156075e-06 2.841715e-02
1340 8.723112e-07 1.005259e-02
1341 4.720131e-06 7.733245e-03
1342 6.694020e-08 1.653204e-03
1343 1.892726e-03 3.903030e-01
1344 1.959913e-07 5.148419e-03
1345 1.386595e-03 2.364243e-01
1346 3.714272e-04 4.455641e-02
1347 2.708808e-04 7.876388e-02
1348 6.194038e-05 2.239526e-02
1349 4.033517e-06 1.314677e-02
1350 3.891427e-03 5.009120e-01
1351 1.732719e-03 2.637923e-01
1352 1.487313e-03 2.673380e-01
1353 1.923374e-08 3.319811e-03
1354 4.640735e-07 3.106284e-03
1355 1.830745e-05 3.643167e-02
1356 4.686272e-07 4.505738e-03
1357 5.237406e-07 5.390455e-03
1358 1.532573e-03 2.975474e-01
1359 2.426680e-06 2.548955e-02
1360 1.358253e-05 4.368676e-03
1361 2.316961e-05 1.281527e-02
1362 5.674146e-06 3.412817e-03
1363 1.493381e-08 1.348430e-03
1364 3.974710e-08 1.286094e-03
1365 3.011767e-08 1.905544e-03
1366 5.572211e-07 7.090878e-03
1367 4.478083e-05 3.513714e-02
1368 1.109156e-06 3.303865e-03
1369 7.851932e-08 2.309966e-03
1370 6.684476e-08 1.152826e-03
1371 9.474938e-06 2.347891e-03
1372 2.004471e-07 1.225821e-03
1373 2.971529e-07 2.035980e-03
1374 8.708468e-06 8.444632e-03
1375 1.043254e-03 1.455802e-01
1376 2.330175e-04 2.328950e-02
1377 2.600488e-04 4.858577e-02
1378 5.685800e-06 1.145919e-02
1379 4.883163e-04 8.396539e-02
1380 2.685327e-04 4.676441e-02
1381 5.906326e-07 2.247618e-02
1382 3.737425e-07 2.256055e-03
1383 7.619509e-06 6.805939e-03
1384 1.156847e-03 3.317949e-01
1385 8.352596e-05 3.453908e-02
1386 3.320367e-04 1.314677e-01
1387 2.033626e-03 4.191740e-01
1388 1.455030e-03 3.713744e-01
1389 5.246547e-06 7.467479e-03
1390 8.120052e-04 1.288493e-01
1391 1.413903e-05 1.649600e-02
1392 8.901635e-07 1.598518e-02
1393 2.466028e-06 2.971006e-03
1394 3.106924e-06 1.080198e-02
1395 4.235204e-05 4.153396e-02
1396 2.486830e-06 5.053069e-03
1397 6.817505e-06 4.447201e-03
1398 1.114567e-03 3.455446e-01
1399 2.352320e-05 1.716299e-02
1400 2.819447e-06 8.401900e-03
1401 8.268283e-05 5.016773e-02
1402 2.824368e-07 3.995405e-03
1403 1.591808e-05 3.285340e-03
1404 2.938390e-05 3.623465e-02
1405 1.739615e-07 2.179957e-03
1406 3.957782e-05 1.375121e-02
1407 1.434632e-06 2.662964e-03
1408 4.891993e-08 2.396333e-03
1409 1.491700e-04 2.830726e-02
1410 5.222292e-04 1.110018e-01
1411 4.099820e-05 1.566979e-01
1412 1.109347e-03 1.795384e-01
1413 4.056465e-07 2.427634e-03
1414 1.047359e-03 4.985196e-01
1415 1.471017e-07 3.218737e-03
1416 3.165630e-06 4.279596e-03
1417 2.588574e-05 3.933741e-03
1418 1.169917e-06 3.725375e-03
1419 5.233356e-04 6.905057e-02
1420 1.142059e-03 2.727101e-01
1421 1.555338e-04 1.229982e-01
1422 2.136141e-04 5.564713e-02
1423 9.694501e-04 2.936761e-01
1424 4.769772e-07 9.862077e-03
1425 1.601343e-03 6.884650e-01
1426 9.677680e-04 3.811779e-01
1427 3.581412e-05 4.129692e-02
1428 5.801795e-05 1.070426e-02
1429 1.661918e-05 1.040923e-02
1430 1.254190e-05 4.273000e-02
1431 5.654477e-05 3.913482e-02
1432 1.835387e-04 4.651985e-02
1433 1.638768e-07 7.788544e-03
1434 5.383355e-07 3.256191e-02
1435 2.279708e-04 5.172238e-02
1436 1.920981e-03 2.930194e-01
1437 1.159630e-06 4.703480e-03
1438 1.961219e-05 7.851625e-03
1439 3.795815e-03 7.804298e-01
1440 8.377144e-05 4.014699e-02
1441 1.005726e-03 3.501085e-01
1442 2.448326e-08 2.165577e-03
1443 4.805101e-05 5.520955e-02
1444 1.026044e-05 3.576053e-02
1445 3.282586e-05 4.526805e-02
1446 1.079276e-06 6.334011e-03
1447 1.615238e-04 1.566404e-02
1448 1.103525e-06 9.788017e-03
1449 2.493921e-04 9.403066e-02
1450 1.139056e-04 1.140109e-01
1451 8.021667e-08 1.806098e-03
1452 1.313022e-06 1.401294e-02
1453 2.331765e-07 1.956731e-03
1454 4.118833e-07 1.285127e-02
1455 6.472828e-09 4.417916e-03
1456 4.053476e-06 8.231648e-03
1457 4.711534e-08 5.406409e-03
1458 3.253119e-08 2.872742e-03
1459 4.608082e-06 6.970692e-03
1460 2.984394e-08 4.500692e-03
1461 2.215621e-07 7.669455e-03
1462 6.051770e-07 8.524168e-03
1463 5.427001e-05 3.154211e-02
1464 4.160833e-03 5.853074e-01
1465 6.423010e-04 3.379332e-01
1466 1.597113e-03 3.087050e-01
1467 1.481784e-04 3.096488e-02
1468 4.243295e-03 5.138687e-01
1469 1.877011e-03 3.077460e-01
1470 5.260381e-05 2.861632e-02
1471 2.992296e-05 1.475410e-02
1472 8.912574e-04 9.432490e-02
1473 1.289934e-08 2.956985e-03
1474 4.175481e-07 1.251678e-02
1475 1.404482e-07 4.523069e-03
1476 4.055253e-05 6.143614e-03
1477 1.165276e-03 1.834860e-01
1478 3.859365e-05 2.693928e-02
1479 7.172132e-04 8.218895e-02
1480 4.851748e-04 1.266008e-01
1481 6.572453e-06 3.343189e-02
1482 3.937728e-05 6.195367e-02
1483 1.088879e-05 1.029215e-02
1484 1.023392e-05 6.786518e-03
1485 4.536598e-06 6.566926e-03
1486 1.109615e-03 1.694939e-01
1487 4.802094e-05 1.184587e-02
1488 1.056977e-04 3.000553e-02
1489 1.674229e-05 4.971914e-03
1490 1.198465e-05 5.444728e-03
1491 6.337275e-04 1.526887e-01
1492 4.600600e-05 1.919074e-02
1493 2.056147e-06 5.272682e-03
1494 2.990596e-05 2.001606e-02
1495 1.912045e-03 2.735449e-01
1496 2.307598e-05 6.697867e-03
1497 2.309226e-04 9.614808e-02
1498 2.080891e-03 4.664746e-01
1499 4.463430e-04 3.191213e-02
1500 1.482828e-06 1.010511e-02
1501 3.097629e-04 7.642475e-02
1502 2.882746e-04 1.180581e-01
1503 7.968235e-05 2.700920e-02
1504 4.096612e-04 4.928098e-01
1505 4.170000e-05 6.951831e-02
1506 2.866150e-07 1.673278e-03
1507 5.508342e-04 1.379508e-01
1508 2.466521e-03 7.695988e-01
1509 9.228163e-07 4.099320e-03
1510 1.252484e-06 3.692289e-03
1511 6.740090e-04 1.352302e-01
1512 6.105226e-08 1.054112e-03
1513 1.242211e-06 1.722936e-02
1514 7.649816e-08 5.211877e-03
1515 2.773532e-06 9.744517e-03
1516 1.895924e-04 9.676050e-02
1517 2.079567e-05 1.657293e-02
1518 3.290825e-05 8.346555e-02
1519 1.080992e-08 1.806810e-03
1520 5.719974e-05 6.668925e-02
1521 2.782995e-07 2.439523e-03
1522 1.466318e-07 4.713997e-03
1523 9.173557e-06 5.653959e-03
1524 2.614311e-03 2.825677e-01
1525 5.848361e-04 4.428571e-02
1526 1.279904e-05 2.325571e-02
1527 3.485531e-04 4.040572e-02
1528 2.754303e-05 7.363050e-03
1529 5.624302e-05 1.982442e-02
1530 1.214322e-05 6.958150e-03
1531 3.313845e-04 8.152908e-02
1532 9.861726e-05 1.738022e-02
1533 9.522546e-05 1.068140e-01
1534 9.357849e-04 2.937049e-01
1535 1.841307e-03 4.066284e-01
1536 8.777087e-04 2.967810e-01
1537 7.210849e-07 8.351019e-03
1538 4.547404e-04 3.638554e-01
1539 6.889600e-06 2.525291e-02
1540 1.481347e-06 4.660562e-02
1541 5.979080e-04 2.091449e-01
1542 5.687580e-03 8.365939e-01
1543 1.011642e-07 5.574223e-03
1544 3.637582e-06 1.660252e-02
1545 3.430966e-08 3.641661e-03
1546 1.457712e-03 1.172950e-01
1547 2.735216e-05 3.650374e-02
1548 8.565506e-07 3.958924e-02
1549 2.282748e-08 2.623394e-03
1550 1.644258e-04 2.940110e-02
1551 8.601903e-06 1.624857e-02
1552 4.641309e-08 1.270638e-03
1553 3.747277e-08 3.193919e-03
1554 1.219035e-03 2.943445e-01
1555 1.484323e-03 2.091444e-01
1556 3.205790e-05 3.997207e-02
1557 3.113306e-04 2.092517e-01
1558 8.549538e-04 2.870734e-01
1559 5.823157e-04 2.625652e-01
1560 6.088626e-06 5.037470e-03
1561 7.049898e-05 4.359721e-02
1562 7.233034e-06 1.350001e-02
1563 8.625457e-04 3.592700e-02
1564 1.034599e-06 7.975956e-03
1565 1.226470e-04 7.099201e-02
1566 1.830674e-04 2.700781e-02
1567 7.442367e-06 7.072317e-03
1568 2.442868e-04 1.227432e-02
1569 2.318295e-04 3.099120e-02
1570 6.452773e-04 4.724190e-02
1571 1.116425e-04 5.985928e-02
1572 2.693210e-08 1.949595e-03
1573 8.899628e-04 1.274949e-01
1574 2.492196e-06 5.561932e-03
1575 3.863137e-05 2.229253e-02
1576 1.702047e-05 1.494020e-02
1577 4.273968e-04 3.234324e-01
1578 1.113308e-06 6.620948e-03
1579 4.786126e-05 2.163379e-02
1580 3.579390e-08 2.503341e-03
1581 1.180797e-05 5.008224e-03
1582 1.800920e-05 6.294155e-03
1583 4.818345e-04 8.687570e-02
1584 2.446259e-05 7.379241e-03
1585 9.936770e-04 4.266090e-01
1586 1.198510e-03 3.981598e-01
1587 2.093254e-04 1.318843e-01
1588 1.341539e-03 1.333993e-01
1589 2.972990e-04 1.957040e-01
1590 1.213414e-03 2.727075e-01
1591 3.239531e-05 5.814888e-02
1592 7.297961e-05 3.261158e-02
1593 2.458703e-04 1.197661e-01
1594 8.067728e-05 4.367564e-02
1595 2.301789e-05 1.742376e-02
1596 2.511031e-05 2.549846e-02
1597 2.056842e-05 3.003109e-02
1598 3.085633e-04 1.136889e-01
1599 7.573866e-06 3.643096e-03
1600 4.311481e-04 1.406435e-01
1601 1.060110e-06 1.449387e-03
1602 2.576140e-03 4.426209e-01
1603 2.690907e-07 2.566326e-03
1604 1.545465e-08 2.524642e-03
1605 2.947525e-04 6.299699e-02
1606 1.821795e-09 2.940547e-03
1607 5.697007e-08 1.975807e-03
1608 6.628191e-07 2.017082e-03
1609 4.008476e-04 5.372193e-02
1610 3.834716e-04 8.961375e-02
1611 1.020588e-09 1.884586e-03
1612 4.345791e-08 2.240196e-03
1613 3.155877e-06 3.284430e-03
1614 8.366808e-07 5.258901e-03
1615 1.972961e-03 1.387173e-01
1616 1.749790e-04 9.188570e-02
1617 7.042723e-04 1.394758e-01
1618 5.805621e-04 4.423753e-02
1619 5.940895e-03 5.031115e-01
1620 5.187065e-06 1.078122e-02
1621 1.181606e-04 1.244561e-01
1622 2.433373e-06 5.701514e-03
1623 3.674995e-05 5.165401e-02
1624 1.577837e-07 5.279447e-03
1625 6.094194e-08 1.695844e-03
1626 3.158731e-07 9.840375e-03
1627 1.207722e-06 6.654575e-03
1628 8.222656e-09 1.989951e-03
1629 1.865170e-04 7.292167e-02
1630 7.136248e-09 1.722321e-03
1631 3.816336e-06 1.190558e-02
1632 8.791012e-07 1.013975e-02
1633 9.232740e-05 4.101372e-02
1634 2.230017e-03 5.502939e-01
1635 1.496277e-03 2.583765e-01
1636 3.430989e-03 1.055352e+00
1637 1.795790e-04 1.282674e-01
1638 3.303773e-04 3.272780e-02
1639 3.464146e-03 7.292523e-01
1640 1.451406e-04 1.238063e-01
1641 3.253456e-04 3.218169e-01
1642 3.634664e-04 4.891720e-02
1643 6.786739e-05 5.126771e-02
1644 1.712668e-04 1.185002e-01
1645 1.210348e-07 1.649875e-03
1646 2.202415e-04 1.948827e-02
1647 5.621682e-04 2.698946e-01
1648 4.034457e-06 6.263635e-03
1649 2.850089e-05 2.849543e-02
1650 1.304153e-03 3.246852e-01
1651 3.853311e-06 2.303991e-03
1652 3.546374e-03 4.621922e-01
1653 2.131673e-03 5.643965e-01
1654 3.732489e-07 2.795222e-03
1655 1.981259e-05 7.593707e-03
1656 1.469033e-07 3.788484e-03
1657 3.272447e-08 1.270976e-03
1658 1.517994e-06 3.406313e-03
1659 4.119037e-06 1.066970e-02
1660 3.309874e-09 2.013369e-03
1661 3.130802e-04 8.702036e-02
1662 1.525337e-07 8.352956e-03
1663 3.068174e-04 4.615958e-02
1664 5.545662e-08 7.013307e-03
1665 8.298411e-04 4.118161e-02
1666 5.244416e-04 8.742078e-02
1667 1.436435e-04 5.867274e-02
1668 4.014804e-06 2.882672e-03
1669 7.497296e-06 6.062787e-03
1670 3.691257e-06 1.108530e-02
1671 7.724951e-07 4.682989e-03
1672 1.976596e-05 3.180135e-02
1673 1.206364e-04 6.170814e-02
1674 9.217247e-06 3.219591e-03
1675 9.737358e-05 1.438249e-02
1676 3.673869e-07 1.480427e-03
1677 4.764696e-05 1.553838e-02
1678 4.613933e-04 2.947902e-01
1679 2.392610e-06 1.381614e-02
1680 1.823587e-05 1.714635e-02
1681 2.620618e-04 6.709004e-02
1682 1.888347e-06 8.281342e-03
1683 4.918992e-07 1.422548e-02
1684 1.280830e-06 6.967817e-03
1685 1.097041e-09 2.228270e-03
1686 1.520573e-04 4.045023e-02
1687 1.050216e-04 1.829869e-02
1688 6.784217e-08 1.176520e-03
1689 1.164826e-05 4.483632e-02
1690 5.380169e-06 1.095065e-02
1691 7.014195e-05 6.274105e-02
1692 3.385905e-03 6.295675e-01
1693 1.181765e-03 4.883959e-01
1694 1.109105e-03 9.950443e-02
1695 3.678484e-06 9.032052e-03
1696 1.224810e-06 3.022221e-03
1697 6.380958e-08 6.224671e-03
1698 3.517965e-04 6.486321e-02
1699 2.453428e-06 1.718263e-02
1700 2.153813e-04 1.555438e-02
1701 4.457070e-06 1.037773e-02
1702 6.301023e-07 6.192591e-03
1703 3.316028e-05 1.486871e-02
1704 1.231211e-06 7.038839e-03
1705 9.144521e-04 3.216877e-01
1706 8.083416e-05 5.160528e-02
1707 2.768276e-06 3.324243e-03
1708 8.261096e-10 2.066043e-03
1709 1.290188e-08 5.400000e-03
1710 6.389637e-09 1.419798e-03
1711 1.323542e-06 1.063921e-02
1712 1.264669e-06 5.539726e-03
1713 7.196905e-07 4.449491e-03
1714 1.474764e-06 6.092218e-03
1715 4.069347e-07 4.486026e-03
1716 2.903387e-07 6.157817e-03
1717 9.136889e-09 2.196306e-03
1718 5.676983e-07 1.823739e-02
1719 4.566796e-10 1.983128e-03
1720 1.244345e-06 4.663278e-03
1721 3.657718e-08 1.541947e-03
1722 1.558029e-05 1.271100e-02
1723 2.897453e-09 1.305700e-03
1724 2.058696e-09 1.415975e-03
1725 2.026187e-07 1.932438e-03
1726 4.242672e-05 3.680763e-02
1727 1.580597e-07 1.035787e-02
1728 6.360963e-08 2.569307e-03
1729 6.787270e-05 1.269933e-02
1730 7.865356e-08 4.518364e-03
1731 5.516311e-07 4.013098e-03
1732 6.806892e-05 6.416370e-02
1733 4.421016e-04 2.346936e-01
1734 8.500132e-04 2.933297e-01
1735 1.524810e-05 7.391373e-02
1736 5.496348e-07 7.906745e-03
1737 4.605875e-06 8.994052e-03
1738 1.185905e-04 2.159691e-01
1739 1.150850e-03 1.861174e-01
1740 1.155097e-05 2.369096e-02
1741 8.164022e-10 1.330440e-03
1742 1.985736e-07 1.697524e-03
1743 2.223105e-07 4.111615e-03
1744 1.632032e-07 2.073737e-03
1745 9.185728e-09 2.243003e-03
1746 4.847694e-07 8.555144e-03
1747 5.539720e-06 2.334109e-02
1748 1.006830e-05 9.506206e-03
1749 1.443088e-06 6.888173e-03
1750 1.226590e-06 8.726155e-03
1751 7.183783e-08 4.093120e-03
1752 1.739701e-07 7.623623e-03
1753 2.462491e-04 1.018028e-01
1754 2.831872e-03 4.055572e-01
1755 1.891232e-03 3.406904e-01
1756 1.072873e-05 1.965306e-02
1757 1.054192e-04 6.954275e-02
1758 1.528259e-03 5.679452e-01
1759 2.668802e-04 1.442115e-01
1760 1.235399e-03 2.099124e-01
1761 8.867842e-04 5.628283e-01
1762 3.419417e-03 6.293724e-01
1763 5.185758e-04 1.947032e-01
1764 2.137350e-05 2.309437e-02
1765 8.918297e-05 4.131244e-02
1766 6.673322e-04 2.415784e-01
1767 3.400732e-04 4.585043e-02
1768 5.771266e-05 3.405409e-02
1769 1.634651e-04 1.418403e-01
1770 7.268689e-04 1.031578e-01
1771 2.999522e-04 1.173378e-01
1772 1.367232e-06 4.431378e-03
1773 4.732450e-03 1.558588e+00
1774 6.316125e-04 2.806790e-01
1775 4.026744e-03 9.714251e-01
1776 1.263981e-03 1.923635e-01
1777 4.172313e-05 5.705847e-02
1778 2.247931e-03 5.857480e-01
1779 2.247342e-04 8.155920e-02
1780 2.138416e-04 6.284028e-02
1781 1.036714e-04 3.271213e-02
1782 1.199005e-04 3.493320e-02
1783 5.171548e-03 4.771442e-01
1784 2.045738e-04 7.278522e-02
1785 1.759769e-04 1.036641e-01
1786 1.189795e-04 1.651137e-02
1787 7.772351e-04 5.821169e-02
1788 1.401108e-03 2.795825e-01
1789 5.620955e-04 1.322452e-01
1790 4.065896e-05 1.849924e-02
1791 2.227191e-04 1.580156e-01
1792 3.233514e-03 2.196817e-01
1793 1.150986e-04 5.920281e-02
1794 4.525193e-05 2.068892e-02
1795 3.423807e-05 3.407752e-02
1796 2.972450e-04 9.851315e-02
1797 1.970908e-04 1.014659e-01
1798 2.977235e-05 4.891102e-02
1799 5.155395e-06 1.582467e-02
1800 5.708789e-04 1.824213e-01
1801 9.507880e-05 4.060562e-02
1802 3.302190e-03 3.834394e-01
1803 9.532945e-04 1.884187e-01
1804 1.821879e-03 2.063596e-01
1805 2.975292e-04 6.258273e-02
1806 1.993567e-04 6.368469e-02
1807 1.336142e-04 2.527288e-02
1808 6.607162e-04 1.790327e-01
1809 5.424880e-06 2.301910e-02
1810 1.408556e-06 9.262848e-03
1811 4.218027e-06 1.294882e-02
1812 3.216827e-05 1.986981e-02
1813 9.402269e-06 9.812632e-03
1814 2.870808e-07 2.085429e-02
1815 6.937458e-05 7.231557e-02
1816 1.955867e-05 2.858345e-02
1817 2.873049e-04 6.962839e-02
1818 5.118727e-06 4.638138e-02
1819 4.931133e-03 4.046570e-01
1820 1.001603e-03 1.354286e-01
1821 8.773097e-05 2.437126e-02
1822 5.483449e-05 1.998239e-02
1823 1.210316e-05 4.818584e-02
1824 2.084781e-04 3.554156e-02
1825 1.346426e-03 2.779037e-01
1826 6.714283e-04 6.316772e-02
1827 7.692785e-06 1.211779e-02
1828 2.568832e-05 1.707165e-02
1829 4.726093e-05 1.629479e-02
1830 6.280837e-03 8.421323e-01
1831 3.206583e-06 9.286849e-03
1832 6.599519e-05 3.764797e-02
1833 4.455052e-07 1.112226e-02
1834 6.836287e-05 1.951040e-02
1835 1.269433e-07 8.517070e-03
1836 5.550126e-06 6.338951e-03
1837 2.644148e-03 1.085373e-01
1838 7.357015e-05 3.185732e-02
1839 2.607718e-05 4.553218e-02
1840 1.870207e-04 7.839013e-02
1841 1.466284e-04 4.286054e-02
1842 9.750814e-06 2.150130e-02
1843 4.702163e-05 1.759928e-02
1844 2.255436e-05 2.069751e-02
1845 1.196010e-04 1.804591e-02
1846 9.470138e-07 7.243842e-03
1847 4.249053e-05 1.355304e-02
1848 4.570182e-06 1.267029e-02
1849 3.107526e-06 1.508512e-02
1850 6.043633e-07 9.882206e-03
1851 1.420461e-06 5.700717e-03
1852 1.169790e-06 4.773430e-03
1853 1.397905e-06 4.415049e-03
1854 5.700577e-04 7.739961e-02
1855 1.762498e-05 2.835633e-02
1856 2.284086e-04 9.114011e-02
1857 9.625658e-04 1.173720e-01
1858 4.695836e-04 7.141907e-02
1859 1.758558e-06 5.479730e-03
1860 4.833390e-04 8.802866e-02
1861 2.951971e-08 7.874734e-03
1862 1.758075e-06 9.558272e-03
1863 7.403080e-06 2.607398e-02
1864 3.362052e-04 1.333460e-01
1865 3.481866e-04 6.029905e-02
1866 5.430230e-05 4.670501e-02
1867 5.341527e-06 1.172351e-02
1868 2.424961e-07 9.831775e-03
1869 7.393058e-07 6.728573e-03
1870 3.909959e-06 1.552999e-02
1871 2.777583e-03 2.576995e-01
1872 7.756584e-04 2.325528e-01
1873 6.866551e-05 1.770936e-02
1874 2.466519e-04 7.914445e-02
1875 5.147399e-04 1.086549e-01
1876 5.111685e-05 7.784457e-03
1877 1.115907e-04 2.630340e-02
1878 2.112984e-05 7.900206e-03
1879 2.787033e-05 3.405943e-02
1880 6.568915e-05 1.810537e-02
1881 1.936666e-04 2.599297e-01
1882 9.629400e-06 6.439242e-02
1883 7.902244e-06 4.415450e-02
1884 7.948310e-05 8.001061e-02
1885 7.788242e-05 3.522159e-02
1886 3.223219e-04 9.795815e-02
1887 4.544704e-06 8.193250e-03
1888 1.946175e-06 1.615073e-02
1889 1.165300e-07 7.980875e-03
1890 3.338447e-08 5.477845e-03
1891 4.881012e-07 5.564238e-03
1892 6.160093e-07 5.954436e-03
1893 5.048324e-08 2.192392e-02
1894 5.465554e-05 5.723762e-02
1895 9.715237e-05 2.603206e-02
1896 2.049169e-07 5.009841e-03
1897 5.885377e-08 3.671945e-03
1898 1.253395e-06 3.776678e-03
1899 1.491874e-05 1.785001e-02
1900 1.569337e-05 2.155248e-02
1901 1.160157e-08 1.743424e-03
1902 1.384965e-03 2.288989e-01
1903 8.456020e-04 3.565544e-01
1904 1.823256e-04 2.757835e-02
1905 8.858970e-04 1.066090e-01
1906 1.903999e-03 6.106027e-01
1907 3.952237e-07 7.397173e-03
1908 8.849080e-07 8.129921e-03
1909 2.505785e-07 5.432388e-03
1910 6.218430e-05 3.304584e-02
1911 3.008156e-07 1.193164e-02
1912 2.167745e-04 6.222262e-02
1913 6.285952e-05 6.864757e-02
1914 6.668205e-04 1.081816e-01
1915 9.482351e-04 6.941563e-01
1916 5.902164e-04 1.900581e-01
1917 2.297856e-04 1.816252e-01
1918 5.071959e-04 1.427588e-01
1919 1.373920e-03 2.526089e-01
1920 3.577976e-05 6.853426e-02
1921 1.141958e-04 4.019763e-02
1922 9.770495e-04 1.754910e-01
1923 3.385132e-04 1.134300e-01
1924 1.038548e-03 2.318164e-01
1925 4.053650e-05 7.246711e-02
1926 4.448109e-06 2.433574e-02
1927 7.815821e-04 9.331213e-02
1928 4.154783e-04 3.050725e-01
1929 6.945756e-05 5.107322e-02
1930 8.803015e-07 5.999854e-03
1931 4.229107e-06 3.869010e-02
1932 1.641640e-07 2.588014e-02
1933 2.891244e-04 4.042944e-02
1934 8.854740e-07 7.571603e-03
1935 8.451459e-05 6.361992e-02
1936 4.889166e-05 2.061878e-02
1937 8.655558e-04 8.764505e-02
1938 9.754613e-04 9.026347e-02
1939 3.343092e-04 7.109014e-02
1940 9.364865e-05 9.454411e-02
1941 1.157590e-06 7.922732e-03
1942 6.488845e-04 1.349746e-01
1943 1.211571e-04 1.200972e-01
1944 1.871764e-05 3.528506e-02
1945 2.177754e-05 1.242419e-02
1946 2.165815e-04 1.323201e-01
1947 2.330019e-05 2.070074e-02
1948 4.564660e-04 8.307576e-02
1949 2.087735e-03 4.057555e-01
1950 5.136681e-04 1.276619e-01
1951 1.172990e-03 2.668454e-01
1952 4.564221e-04 1.379964e-01
1953 4.548499e-05 2.345449e-02
1954 6.023228e-05 1.610154e-02
1955 1.018022e-03 5.552310e-01
1956 1.375038e-03 3.501550e-01
1957 1.000007e-03 5.415621e-01
1958 1.203462e-03 3.856271e-01
1959 1.288293e-07 7.316587e-03
1960 4.190854e-05 1.652132e-02
1961 1.695557e-09 2.938917e-03
1962 1.029730e-06 7.205656e-03
1963 5.069333e-09 2.056737e-03
1964 2.404831e-08 3.509556e-03
1965 1.088632e-04 3.437993e-02
1966 1.058726e-06 1.195086e-02
1967 4.643061e-04 1.827582e-01
1968 6.729042e-05 2.137599e-02
1969 1.801117e-05 1.997116e-02
1970 1.532343e-06 9.490196e-03
1971 5.139186e-05 2.386203e-02
1972 2.021827e-07 7.132131e-03
1973 1.587468e-03 1.749265e-01
1974 2.994827e-05 3.823886e-02
1975 1.915481e-06 1.687062e-02
1976 9.143669e-06 3.151607e-02
1977 6.062004e-04 1.943937e-01
1978 1.168318e-04 5.781457e-02
1979 1.930241e-04 6.590554e-02
1980 2.786109e-04 7.001308e-02
1981 2.428921e-04 4.146224e-02
1982 7.065123e-04 1.280464e-01
1983 2.210711e-03 4.722838e-01
1984 1.284769e-04 8.863389e-02
1985 7.148427e-04 2.009992e-01
1986 3.645315e-04 7.357081e-02
1987 2.669770e-03 7.652118e-01
1988 1.276104e-04 4.921993e-02
1989 2.151644e-05 4.949673e-02
1990 6.451635e-04 1.872247e-01
1991 7.020044e-06 1.408372e-02
1992 8.069119e-04 4.461105e-02
1993 2.145061e-03 1.271068e-01
1994 1.545796e-04 4.980466e-02
1995 1.977765e-04 6.681937e-02
1996 3.919406e-04 5.140478e-02
1997 1.812715e-03 4.114432e-01
1998 4.203909e-04 1.839762e-01
1999 5.046550e-04 3.262974e-01
2000 3.736478e-04 1.735404e-01
