2 6.604701e-04 7.477663e-02
3 1.867183e-03 2.551310e-01
4 6.125894e-04 1.334327e-01
5 3.250175e-04 6.608016e-02
6 8.907623e-03 4.292524e-01
7 9.901555e-04 6.688858e-02
8 3.094435e-04 4.255117e-02
9 7.765712e-06 7.472407e-03
10 1.793083e-04 1.917641e-02
11 1.811792e-03 1.558305e-01
12 4.836889e-05 8.496941e-03
13 2.508278e-03 1.484688e-01
14 5.613508e-04 4.774157e-02
15 2.795505e-04 3.475640e-02
16 8.229501e-05 4.615604e-02
17 3.861777e-05 8.449959e-03
18 1.472098e-04 7.659659e-02
19 2.761156e-03 1.184631e-01
20 3.460225e-03 1.467546e-01
21 3.590054e-04 5.004881e-02
22 2.094018e-04 1.971826e-02
23 1.443119e-03 1.284630e-01
24 1.219159e-03 1.037186e-01
25 1.206146e-04 1.708140e-02
26 3.193710e-03 2.652740e-01
27 2.530300e-04 2.878399e-02
28 8.510590e-05 1.598933e-02
29 2.084545e-03 2.771926e-01
30 2.856358e-05 6.852129e-03
31 5.740466e-05 2.249185e-02
32 2.209728e-03 1.106947e-01
33 6.419987e-05 6.750856e-03
34 2.024267e-05 4.373413e-03
35 1.453736e-03 1.064374e-01
36 7.152790e-05 1.963503e-02
37 2.109537e-03 2.428264e-01
38 3.221338e-03 2.856034e-01
39 1.606610e-03 3.116872e-01
40 1.195622e-03 9.333108e-02
41 1.033242e-05 6.355206e-03
42 2.582961e-03 2.516372e-01
43 4.875562e-05 8.468695e-03
44 4.714528e-06 2.604331e-03
45 2.901430e-06 2.546846e-03
46 4.765479e-07 1.409348e-03
47 1.504367e-05 5.757578e-03
48 1.722718e-05 6.358810e-03
49 1.851014e-05 8.355816e-03
50 1.291908e-04 2.440167e-02
51 2.014175e-06 3.031399e-03
52 6.526995e-06 5.274080e-03
53 1.547096e-05 5.204333e-03
54 3.936159e-06 4.110537e-03
55 4.690743e-06 3.172371e-03
56 4.896707e-05 1.235809e-02
57 1.446121e-04 1.098961e-02
58 8.532736e-07 1.690516e-03
59 2.148082e-05 8.369884e-03
60 6.734421e-07 2.259189e-03
61 5.895833e-06 4.059989e-03
62 4.351511e-07 1.230084e-03
63 9.925624e-06 5.056124e-03
64 7.327347e-05 9.581548e-03
65 1.731312e-06 2.275290e-03
66 3.938888e-05 4.142427e-03
67 8.660943e-06 4.519374e-03
68 3.267086e-05 8.208717e-03
69 2.130391e-05 5.603887e-03
70 1.156953e-03 1.011714e-01
71 5.907097e-07 4.397810e-03
72 8.573297e-05 7.588265e-03
73 6.999203e-06 3.230076e-03
74 2.803277e-06 5.496143e-03
75 2.228825e-05 5.005860e-03
76 2.649034e-05 5.520157e-03
77 3.636195e-06 3.868787e-03
78 2.146251e-04 1.824210e-02
79 8.715293e-05 8.066584e-03
80 1.605913e-04 4.939103e-02
81 5.796495e-06 2.919403e-03
82 2.200029e-04 3.038514e-02
83 2.068238e-06 2.464979e-03
84 3.178453e-05 1.170218e-02
85 1.114266e-05 7.472922e-03
86 2.359978e-05 8.339828e-03
87 4.315168e-04 5.750894e-02
88 1.538804e-06 2.736793e-03
89 8.297460e-05 1.093042e-02
90 9.012500e-04 8.944566e-02
91 8.285797e-05 8.345833e-03
92 2.240453e-04 4.437829e-02
93 2.027697e-04 1.467939e-02
94 1.144216e-05 7.934665e-03
95 4.098076e-06 5.249987e-03
96 5.096434e-05 5.577787e-03
97 2.169891e-05 1.032114e-02
98 3.349819e-05 4.871096e-03
99 7.911851e-04 1.866259e-01
100 2.715727e-03 1.642885e-01
101 2.697155e-04 7.632213e-02
102 6.575758e-05 3.933065e-03
103 9.162223e-04 8.112150e-02
104 7.978791e-06 2.425476e-02
105 2.188021e-04 2.029400e-02
106 4.711175e-04 3.401553e-02
107 1.547120e-05 1.148127e-02
108 3.623332e-04 6.562110e-02
109 1.381708e-05 1.072128e-02
110 8.461407e-06 3.544159e-03
111 3.852444e-05 8.959641e-03
112 2.007461e-05 1.724343e-02
113 2.385703e-04 3.241586e-02
114 7.168063e-06 8.115874e-03
115 5.244539e-05 1.173839e-02
116 1.564124e-04 3.938578e-02
117 2.271962e-05 4.621862e-03
118 1.570323e-06 3.604515e-03
119 2.067364e-03 1.055517e-01
120 4.123995e-05 1.215037e-02
121 1.925412e-05 7.022912e-03
122 1.673218e-05 4.549780e-03
123 1.440338e-04 1.825726e-02
124 2.886260e-05 6.713724e-03
125 4.998859e-04 8.665860e-02
126 1.731472e-05 4.667717e-03
127 8.259296e-06 1.076367e-02
128 3.483338e-03 2.453360e-01
129 1.422888e-03 2.109929e-01
130 1.447626e-04 5.140814e-02
131 5.391787e-04 8.963381e-02
132 8.231573e-05 2.116299e-02
133 4.597691e-03 3.663796e-01
134 7.636329e-05 1.161443e-02
135 8.319242e-04 3.723205e-02
136 6.724695e-07 2.256400e-03
137 1.742358e-05 1.228741e-02
138 1.172377e-05 3.395050e-03
139 3.854682e-05 6.521551e-03
140 4.797734e-05 1.966301e-02
141 6.212156e-06 6.694545e-03
142 3.298705e-04 3.653688e-02
143 2.676251e-04 7.417725e-02
144 1.326347e-03 6.213663e-02
145 1.938849e-04 3.453001e-02
146 2.163673e-05 9.763315e-03
147 5.315307e-04 2.784767e-02
148 2.439633e-05 4.719230e-03
149 2.093094e-04 6.201519e-02
150 4.343660e-04 4.332314e-02
151 5.221314e-05 1.749044e-02
152 4.020971e-05 3.140822e-02
153 1.257427e-05 8.025131e-03
154 3.274349e-05 9.879884e-03
155 5.183586e-06 2.635135e-03
156 2.822361e-05 1.081418e-02
157 3.286341e-05 1.159792e-02
158 1.235786e-07 3.777485e-03
159 4.586724e-05 1.493287e-02
160 1.812914e-05 8.836285e-03
161 9.358058e-06 4.275556e-03
162 4.848054e-05 1.317128e-02
163 9.553799e-05 1.284482e-02
164 1.526364e-05 4.101152e-03
165 1.442064e-06 1.546760e-03
166 3.765171e-06 1.916100e-03
167 8.603877e-06 6.531137e-03
168 1.401302e-05 3.844998e-03
169 9.058788e-05 1.028941e-02
170 1.976398e-05 4.736356e-03
171 1.034597e-04 2.483570e-02
172 6.892187e-04 8.625207e-02
173 6.465861e-04 4.172026e-02
174 1.494718e-03 1.017803e-01
175 2.979636e-07 1.246428e-03
176 2.969555e-05 9.252184e-03
177 6.020723e-07 3.164259e-03
178 9.988587e-06 7.395962e-03
179 1.979080e-05 8.396598e-03
180 1.245657e-07 1.267310e-03
181 2.618383e-04 7.853152e-02
182 1.430103e-04 1.504264e-02
183 1.659045e-04 1.295890e-02
184 1.858881e-05 7.369703e-03
185 3.413922e-07 1.502788e-03
186 3.603773e-04 3.259450e-02
187 3.449617e-03 3.032716e-01
188 1.646464e-04 2.188267e-02
189 2.765182e-05 6.820977e-03
190 4.773635e-06 4.601797e-03
191 6.132610e-06 6.478026e-03
192 7.816372e-06 5.167263e-03
193 8.860438e-06 5.812499e-03
194 7.816372e-06 5.167263e-03
195 7.528813e-05 1.267031e-02
196 1.847284e-05 7.344811e-03
197 2.093948e-05 1.933557e-02
198 2.229140e-05 1.147513e-02
199 2.341679e-05 1.411359e-02
200 2.347218e-04 4.565425e-02
201 1.693307e-04 6.792256e-02
202 4.307449e-05 1.013440e-02
203 1.146629e-03 9.533829e-02
204 1.093306e-06 3.849581e-03
205 6.523234e-05 1.414794e-02
206 6.343644e-05 1.522253e-02
207 3.878406e-05 2.952946e-02
208 3.352805e-04 7.244070e-02
209 1.182827e-04 2.556486e-02
210 5.458097e-05 5.011419e-02
211 1.671337e-04 2.701809e-02
212 6.153513e-06 4.353871e-03
213 1.092585e-04 1.189556e-02
214 1.280117e-05 1.146592e-02
215 1.614012e-05 1.182750e-02
216 1.145569e-04 3.396607e-02
217 4.017410e-06 2.421977e-03
218 9.370105e-06 4.171030e-03
219 6.325823e-06 2.155912e-03
220 2.242532e-04 1.115641e-01
221 4.670376e-06 5.247553e-03
222 1.911652e-04 1.808980e-02
223 4.080856e-04 3.341150e-02
224 5.199939e-07 2.272730e-03
225 5.588248e-07 3.178954e-03
226 3.571897e-05 1.036661e-02
227 3.809111e-06 4.072237e-03
228 9.996321e-06 4.982461e-03
229 6.292609e-05 1.593203e-02
230 6.561950e-04 1.628997e-01
231 2.148646e-07 2.033571e-03
232 2.187101e-03 2.136030e-01
233 1.383289e-05 8.587849e-03
234 1.111539e-05 3.123470e-03
235 8.026942e-07 7.330923e-03
236 7.722588e-05 8.820316e-03
237 1.311457e-03 7.410469e-02
238 1.692050e-06 4.944719e-03
239 1.360014e-05 4.427333e-03
240 6.303465e-05 4.423389e-02
241 1.289316e-03 2.555110e-01
242 1.220484e-04 1.987384e-02
243 8.454265e-06 4.138208e-03
244 1.490511e-06 1.780454e-03
245 4.476374e-07 1.257127e-03
246 2.550142e-04 7.725935e-02
247 1.633583e-04 1.538450e-02
248 1.917612e-04 1.447666e-01
249 1.504796e-03 8.196410e-02
250 9.081152e-04 7.263471e-02
251 3.139219e-07 1.280469e-03
252 7.255972e-06 8.450053e-03
253 2.445366e-06 3.890931e-03
254 4.151735e-05 1.462685e-02
255 1.273187e-05 7.842678e-03
256 1.348914e-06 2.398299e-03
257 4.702213e-06 4.206569e-03
258 1.557907e-04 4.010471e-02
259 5.027667e-07 1.385945e-03
260 9.206459e-06 8.483591e-03
261 3.386998e-05 5.321825e-03
262 1.379238e-06 1.556200e-03
263 1.412128e-05 2.367126e-03
264 2.305731e-05 2.671961e-02
265 9.644356e-05 6.408239e-02
266 1.891395e-05 1.018864e-02
267 1.985838e-05 1.870898e-02
268 8.982351e-06 5.346928e-03
269 8.398214e-04 4.925166e-02
270 2.367889e-06 3.508629e-03
271 2.726481e-05 1.350108e-02
272 3.328535e-05 7.144791e-03
273 1.551147e-04 8.770024e-02
274 1.686994e-07 1.870833e-03
275 1.259264e-04 2.994305e-02
276 1.922294e-05 1.550817e-02
277 5.669052e-07 3.973056e-03
278 4.867369e-04 3.876894e-02
279 6.794423e-06 3.945521e-03
280 7.731213e-05 2.248413e-02
281 1.151032e-04 3.185575e-02
282 2.462767e-06 1.881935e-03
283 4.095596e-06 6.145234e-03
284 1.620450e-06 4.669584e-03
285 1.856408e-05 7.933796e-03
286 2.079597e-06 5.704886e-03
287 3.423789e-06 4.932303e-03
288 1.661997e-06 2.072444e-03
289 9.129356e-04 1.127887e-01
290 6.178388e-08 1.419025e-03
291 2.723790e-05 1.576402e-02
292 9.952149e-04 1.655993e-01
293 5.239326e-06 5.073384e-03
294 6.518009e-06 4.087241e-03
295 9.957936e-06 1.751239e-02
296 5.551433e-04 9.700530e-02
297 2.938201e-05 1.582405e-02
298 4.121798e-06 5.097492e-03
299 7.003029e-06 3.615652e-03
300 1.618790e-05 1.419138e-02
301 2.122522e-03 1.259809e-01
302 7.334256e-06 3.165878e-03
303 1.941251e-05 1.947106e-02
304 2.192747e-04 1.854012e-02
305 7.870444e-05 8.055735e-03
306 1.561870e-04 5.696933e-03
307 6.154160e-04 5.258702e-02
308 5.895511e-06 1.069130e-02
309 2.558489e-04 6.065196e-02
310 4.050232e-05 1.089544e-02
311 5.595021e-05 7.481104e-03
312 1.118385e-05 3.363108e-03
313 3.937133e-03 2.396973e-01
314 3.954683e-06 2.403600e-03
315 3.560746e-07 4.699498e-03
316 1.326227e-03 6.344544e-02
317 1.736149e-03 1.219876e-01
318 1.419615e-03 8.244349e-02
319 1.056799e-04 4.161966e-02
320 1.052814e-04 2.445650e-02
321 1.119369e-03 1.602920e-01
322 3.842501e-07 6.856147e-03
323 6.181473e-05 1.902668e-02
324 1.068247e-06 5.215007e-03
325 2.424370e-05 4.860048e-03
326 1.402425e-04 3.789331e-02
327 3.531382e-03 3.171221e-01
328 5.208777e-04 8.438913e-02
329 1.030104e-03 6.515799e-02
330 1.557072e-05 7.144466e-03
331 6.728925e-05 2.239005e-02
332 1.170684e-03 1.497786e-01
333 4.539962e-05 1.515414e-02
334 7.095213e-05 3.991192e-02
335 4.105100e-07 2.150977e-03
336 4.478707e-05 7.067976e-03
337 1.057837e-04 9.272275e-03
338 2.788285e-04 2.015872e-02
339 1.041692e-03 9.156023e-02
340 2.647050e-05 1.234127e-02
341 4.283825e-05 9.032732e-03
342 3.971163e-05 4.272247e-03
343 1.587583e-04 3.408730e-02
344 2.280204e-05 6.216377e-03
345 2.502384e-03 1.182100e-01
346 1.459701e-03 9.725414e-02
347 5.373245e-06 3.932990e-03
348 1.152315e-04 1.993958e-02
349 1.855021e-05 6.337797e-03
350 3.184821e-06 2.717730e-03
351 2.425293e-03 3.331859e-01
352 7.081125e-04 1.310388e-01
353 2.927317e-07 1.240654e-03
354 1.057049e-03 7.559154e-02
355 3.117586e-05 1.988205e-02
356 9.910498e-04 3.157515e-02
357 1.718162e-04 4.629168e-02
358 1.311325e-05 3.259978e-03
359 2.558792e-05 1.067268e-02
360 2.996816e-04 1.831846e-02
361 6.361352e-04 6.592863e-02
362 6.936057e-05 2.719930e-02
363 7.338521e-05 1.983045e-02
364 1.209381e-04 4.552929e-02
365 1.524032e-04 3.095744e-02
366 8.252951e-05 1.531933e-02
367 3.700295e-05 1.590211e-02
368 3.623043e-05 1.058948e-02
369 3.037752e-05 8.629963e-03
370 3.443121e-05 1.475520e-02
371 2.640149e-04 6.260875e-02
372 3.128860e-05 3.557684e-02
373 1.623903e-04 2.943292e-02
374 1.967090e-06 6.256211e-03
375 5.511439e-07 1.331617e-03
376 4.125073e-06 3.188580e-03
377 6.717444e-04 8.557828e-02
378 9.801623e-05 9.655576e-03
379 8.803676e-06 2.282981e-03
380 5.586546e-05 1.529292e-02
381 3.311102e-03 1.371270e-01
382 3.819578e-05 7.446831e-03
383 3.384349e-04 8.953844e-02
384 3.656329e-05 9.605145e-03
385 2.849758e-03 1.873407e-01
386 4.039229e-05 6.510304e-03
387 5.777547e-05 1.762900e-02
388 5.843105e-06 3.697117e-03
389 2.171274e-05 9.046489e-03
390 2.836389e-07 4.415921e-03
391 6.232924e-05 8.257821e-03
392 1.028713e-04 2.369003e-02
393 9.685484e-07 2.613716e-03
394 3.069444e-03 2.753143e-01
395 3.267537e-06 1.593704e-03
396 1.791218e-04 2.657155e-02
397 2.033130e-05 1.839540e-02
398 9.425546e-07 2.513249e-03
399 2.120588e-05 7.386215e-03
400 6.904296e-03 6.125142e-01
401 9.761919e-05 1.416312e-02
402 3.401083e-03 2.113300e-01
403 9.424507e-05 2.215923e-02
404 3.349190e-05 1.998302e-02
405 1.355625e-05 3.872354e-03
406 2.523975e-03 1.815010e-01
407 3.131017e-04 6.705466e-02
408 6.633202e-04 1.760649e-01
409 2.229128e-04 5.070528e-02
410 1.903101e-05 1.367797e-02
411 2.289986e-05 1.042606e-02
412 9.175987e-06 1.078975e-02
413 4.965406e-04 1.274966e-01
414 1.598519e-05 7.138493e-03
415 1.106693e-06 1.859505e-03
416 3.484698e-04 8.926167e-02
417 2.439610e-06 2.118325e-03
418 1.087510e-03 3.609367e-02
419 1.098440e-03 2.855096e-01
420 1.426095e-05 6.987444e-03
421 6.347578e-05 8.690280e-03
422 8.764766e-05 2.235748e-02
423 2.176725e-05 4.892355e-03
424 1.131827e-04 1.984425e-02
425 1.427103e-05 8.180333e-03
426 1.754144e-05 3.277048e-03
427 5.899461e-04 1.094863e-01
428 8.771141e-05 1.320765e-02
429 6.999582e-04 6.597597e-02
430 2.173496e-06 1.542617e-03
431 8.629540e-07 4.092497e-03
432 8.584305e-04 7.382777e-02
433 4.581692e-07 1.236279e-03
434 9.782802e-06 4.451731e-03
435 3.317787e-06 5.077018e-03
436 9.143605e-07 2.299122e-03
437 4.845945e-04 7.137748e-02
438 3.252784e-06 5.605324e-03
439 3.685304e-06 4.186946e-03
440 2.411912e-06 4.145631e-03
441 1.156103e-04 3.284193e-02
442 1.211905e-05 5.789212e-03
443 1.366583e-05 4.436373e-03
444 1.854641e-04 3.347539e-02
445 7.339827e-05 6.268459e-02
446 1.150385e-05 1.400908e-02
447 1.216449e-06 2.398361e-03
448 4.181283e-06 2.328478e-03
449 1.611659e-06 2.283825e-03
450 3.731137e-06 3.238951e-03
451 7.811660e-07 1.233065e-03
452 4.364832e-05 6.307197e-03
453 1.469838e-05 3.504948e-03
454 7.370369e-05 2.731513e-02
455 2.536606e-04 4.427980e-02
456 1.203392e-05 5.300113e-03
457 1.114138e-04 1.676590e-02
458 2.125981e-04 1.518931e-02
459 3.763348e-04 1.880367e-02
460 2.116773e-06 3.319289e-03
461 1.128232e-04 2.850117e-02
462 6.790665e-04 6.159536e-02
463 3.288731e-05 5.462706e-02
464 3.272574e-05 4.196185e-03
465 1.121691e-06 1.764115e-03
466 4.820725e-07 2.697626e-03
467 9.595079e-04 5.078829e-02
468 8.558943e-07 5.890529e-03
469 1.550764e-04 3.373880e-02
470 2.987139e-05 1.295901e-02
471 1.181945e-04 1.432655e-02
472 1.200230e-05 3.462628e-03
473 2.837280e-05 8.514388e-03
474 3.561974e-06 3.986062e-03
475 1.215708e-04 1.658980e-02
476 1.198485e-06 2.231647e-03
477 5.576015e-05 2.089080e-02
478 1.034428e-07 3.569668e-03
479 4.743464e-07 1.808343e-03
480 2.390414e-05 9.267495e-03
481 8.347128e-06 7.847432e-03
482 1.030931e-03 8.055182e-02
483 1.186586e-07 1.181421e-03
484 1.733375e-06 1.854880e-03
485 6.200940e-04 6.165310e-02
486 8.668961e-06 4.373230e-03
487 2.821416e-04 5.153779e-02
488 3.443874e-05 4.307061e-03
489 3.026829e-05 8.220067e-03
490 2.406034e-04 3.338119e-02
491 1.933267e-05 9.088316e-03
492 8.022788e-06 3.609185e-03
493 2.622149e-06 2.093372e-03
494 8.258792e-05 2.434178e-02
495 4.532418e-04 4.466056e-02
496 4.440457e-04 1.065068e-01
497 1.315271e-04 9.764528e-02
498 1.444202e-04 3.300327e-02
499 4.279107e-05 6.424008e-03
500 5.038665e-06 9.505624e-03
501 2.859127e-03 1.477485e-01
502 3.501429e-05 1.338557e-02
503 2.077310e-04 2.617751e-02
504 1.993877e-03 1.184476e-01
505 2.456621e-05 5.219413e-03
506 2.096501e-05 1.098671e-02
507 1.567779e-05 8.580311e-03
508 6.045066e-05 8.624314e-03
509 1.560451e-03 2.225124e-01
510 1.623965e-05 9.404165e-03
511 4.010199e-06 4.452246e-03
512 1.508438e-06 1.903428e-03
513 5.139595e-05 2.277577e-02
514 4.476015e-05 1.814096e-02
515 3.776763e-04 4.578581e-02
516 2.769830e-04 4.392884e-02
517 1.901409e-05 5.445125e-03
518 9.222627e-06 4.222815e-03
519 2.069878e-05 8.920960e-03
520 1.246920e-07 1.489089e-03
521 9.719643e-05 2.360069e-02
522 3.472223e-06 2.937060e-03
523 4.290001e-06 7.284795e-03
524 3.380590e-04 3.294670e-02
525 2.507059e-04 3.308160e-02
526 4.515956e-05 1.451625e-02
527 1.223646e-03 8.129751e-02
528 3.132977e-05 8.116133e-03
529 6.075665e-04 3.986983e-02
530 7.125874e-05 9.986933e-03
531 2.650182e-08 1.572480e-03
532 6.013534e-06 8.961149e-03
533 2.912212e-06 2.539138e-03
534 4.291108e-04 6.120796e-02
535 8.713643e-04 1.131987e-01
536 5.789834e-05 2.952070e-02
537 1.448511e-03 1.358851e-01
538 3.729887e-04 8.248349e-02
539 1.129309e-04 4.351733e-02
540 8.131534e-06 2.575549e-02
541 1.713875e-03 1.288831e-01
542 8.699948e-06 9.203530e-03
543 9.324649e-06 2.162601e-03
544 3.876210e-04 2.661252e-02
545 1.061994e-05 9.012862e-03
546 4.369710e-05 1.229682e-02
547 7.852501e-05 3.599940e-02
548 1.670967e-05 1.060515e-02
549 1.884473e-05 2.697995e-02
550 7.782655e-07 5.807468e-03
551 2.632939e-05 5.547896e-03
552 2.907178e-06 2.542211e-03
553 2.803756e-05 6.232692e-03
554 6.083413e-07 3.000668e-03
555 2.857987e-04 5.604469e-02
556 1.108777e-05 5.638373e-03
557 3.242738e-04 3.899645e-02
558 1.175164e-05 7.727318e-03
559 2.041983e-04 2.302502e-02
560 3.449872e-06 3.175340e-03
561 2.189045e-05 3.115052e-02
562 1.874002e-06 1.487165e-03
563 2.465578e-03 4.683029e-01
564 1.503194e-03 3.611131e-01
565 6.766696e-06 2.671273e-03
566 3.639758e-05 1.157370e-02
567 2.029717e-04 3.146120e-02
568 3.465129e-04 5.873273e-02
569 7.028677e-05 6.833674e-03
570 1.033750e-04 3.474320e-02
571 7.686463e-05 1.553582e-02
572 1.873440e-04 2.883220e-02
573 3.076949e-04 4.318014e-02
574 3.701543e-05 3.951398e-03
575 2.450279e-06 3.782438e-03
576 1.896515e-05 7.724849e-03
577 1.638695e-07 2.663752e-03
578 4.892225e-06 3.585320e-03
579 4.319770e-05 8.896674e-03
580 3.596021e-06 5.725719e-03
581 6.557059e-04 3.914656e-02
582 1.579820e-05 1.336153e-02
583 3.127176e-03 1.516359e-01
584 1.751136e-04 2.368844e-02
585 1.406872e-04 3.106037e-02
586 1.068488e-04 2.577155e-02
587 4.554689e-05 8.322361e-03
588 6.193275e-05 5.027418e-02
589 6.008005e-05 8.078019e-03
590 2.124937e-05 1.103812e-02
591 6.031779e-05 2.252758e-02
592 3.168371e-03 2.008609e-01
593 1.370481e-05 8.174520e-03
594 2.585632e-04 6.398663e-02
595 1.798636e-05 4.599920e-03
596 7.936019e-07 1.327268e-03
597 2.400023e-06 1.928452e-03
598 2.858367e-04 1.854159e-02
599 1.014611e-04 1.199245e-02
600 1.606560e-05 3.349110e-03
601 5.788949e-06 3.726072e-03
602 8.521743e-05 1.228626e-02
603 6.666549e-05 1.775047e-02
604 7.147299e-07 1.979300e-03
605 3.388137e-04 2.283468e-02
606 3.644080e-05 1.126578e-02
607 2.802202e-06 4.789985e-03
608 3.680386e-05 8.356027e-03
609 2.410939e-05 1.075450e-02
610 2.470340e-05 8.734981e-03
611 1.422134e-06 2.369790e-03
612 9.980365e-05 3.054177e-02
613 3.087061e-06 5.193333e-03
614 7.682217e-06 5.049537e-03
615 2.422076e-06 5.881919e-03
616 4.025995e-05 7.439990e-03
617 2.972926e-05 1.220568e-02
618 7.039621e-06 8.160516e-03
619 1.941533e-05 5.361709e-03
620 1.743035e-06 3.720265e-03
621 7.840176e-06 3.036807e-03
622 6.501940e-04 4.758996e-02
623 1.035944e-04 9.210284e-03
624 2.056028e-05 3.492938e-03
625 5.256399e-05 9.579785e-03
626 1.618529e-05 5.445006e-03
627 5.490396e-06 3.352868e-03
628 1.512098e-04 1.098049e-02
629 4.616332e-06 1.605399e-03
630 9.555499e-05 6.113264e-03
631 5.122479e-05 7.565271e-03
632 4.981621e-07 1.224533e-03
633 1.581011e-03 1.848810e-01
634 1.487414e-04 1.575950e-02
635 1.731044e-06 8.201368e-03
636 1.371511e-05 2.006965e-02
637 2.216161e-05 1.068207e-02
638 1.136397e-06 2.052199e-03
639 5.692651e-07 1.537059e-03
640 1.294464e-06 2.355680e-03
641 1.227410e-06 1.474113e-03
642 1.055683e-05 4.954068e-03
643 2.393416e-04 6.236445e-02
644 1.677044e-04 2.906777e-02
645 1.957595e-04 2.250245e-02
646 2.122901e-05 1.335448e-02
647 6.850707e-06 4.517148e-03
648 2.033638e-04 2.323259e-02
649 5.730909e-04 1.170439e-01
650 8.807726e-06 3.711923e-03
651 9.421637e-06 8.163877e-03
652 8.706543e-05 2.701001e-02
653 1.672966e-06 4.712867e-03
654 1.356926e-05 3.686106e-03
655 2.111516e-05 7.269272e-03
656 2.816746e-06 2.645352e-03
657 5.624701e-05 1.113481e-02
658 7.729052e-05 1.633202e-02
659 1.063895e-04 9.376723e-03
660 5.127725e-04 5.296713e-02
661 5.542333e-06 5.232223e-03
662 8.897388e-05 2.246545e-02
663 3.070744e-03 2.312789e-01
664 1.054214e-04 2.248711e-02
665 4.327148e-06 8.506950e-03
666 1.786307e-05 8.201968e-03
667 4.209570e-05 3.239110e-03
668 4.568826e-04 2.949619e-02
669 1.630591e-04 3.706371e-02
670 1.060857e-05 9.017495e-03
671 4.023655e-05 1.685391e-02
672 5.091813e-05 2.172779e-02
673 2.569526e-05 8.168070e-03
674 3.478518e-06 1.831568e-03
675 5.549236e-04 9.446203e-02
676 2.992519e-05 4.446499e-03
677 4.897422e-08 1.336494e-03
678 9.561402e-06 4.593566e-03
679 3.525486e-04 6.755363e-02
680 3.013074e-05 1.765201e-02
681 5.168773e-04 1.933890e-02
682 1.582639e-05 5.410452e-03
683 6.503995e-05 2.686610e-02
684 2.397055e-05 1.400391e-02
685 1.713390e-07 2.147945e-03
686 4.616084e-05 1.592428e-02
687 1.293196e-03 2.333272e-01
688 4.381252e-05 1.776752e-02
689 4.544161e-06 9.631377e-03
690 1.788401e-06 1.942631e-03
691 3.635047e-04 2.446710e-02
692 2.993723e-06 2.653922e-03
693 3.308448e-05 1.602873e-02
694 1.500426e-04 3.215196e-02
695 5.976354e-04 5.572885e-02
696 5.000615e-03 2.450617e-01
697 5.741923e-06 6.880225e-03
698 2.231248e-04 1.052973e-01
699 5.255927e-07 1.502096e-03
700 3.172775e-05 3.555242e-02
701 4.766835e-05 1.122510e-02
702 1.797039e-07 1.215577e-03
703 1.304355e-05 3.718918e-03
704 2.069503e-07 1.307288e-03
705 3.082269e-04 2.021321e-02
706 1.436575e-06 1.604702e-03
707 1.883670e-04 1.925205e-02
708 5.530376e-07 4.982442e-03
709 1.024142e-06 2.918471e-03
710 1.457258e-05 5.502880e-03
711 8.202061e-08 1.193287e-03
712 5.043281e-06 4.279969e-03
713 2.533611e-05 5.723051e-03
714 9.045936e-08 2.437096e-03
715 3.271393e-05 8.690388e-03
716 2.410367e-05 7.566205e-03
717 1.907961e-05 4.619791e-03
718 6.875857e-08 2.639199e-03
719 1.471540e-03 1.131176e-01
720 5.946480e-08 1.186736e-03
721 1.466076e-05 2.064334e-03
722 2.621636e-07 2.725910e-03
723 4.376941e-05 1.475452e-02
724 6.870854e-06 2.922730e-03
725 4.445594e-07 1.444295e-03
726 3.052006e-05 1.676015e-02
727 5.826225e-07 4.322812e-03
728 2.732831e-05 5.470955e-03
729 8.890694e-06 6.927132e-03
730 5.739217e-06 2.358356e-03
731 3.201774e-04 4.806703e-02
732 1.205476e-07 1.361213e-03
733 2.027556e-08 9.154081e-04
734 3.262960e-06 2.802133e-03
735 3.196690e-06 3.246978e-03
736 5.119112e-05 6.164622e-03
737 2.220001e-07 1.357360e-03
738 5.387464e-04 4.762243e-02
739 4.528961e-06 3.335524e-03
740 7.962814e-05 1.173688e-02
741 1.289713e-05 7.584605e-03
742 5.542531e-05 9.457087e-03
743 3.847157e-03 1.562968e-01
744 2.754040e-06 2.589464e-03
745 1.274044e-06 2.440666e-03
746 3.429656e-05 8.783500e-03
747 4.485290e-05 6.116884e-03
748 1.350891e-04 2.613519e-02
749 1.533891e-03 1.290641e-01
750 3.941677e-05 4.606736e-03
751 5.147034e-05 8.941290e-03
752 1.521758e-06 1.884990e-03
753 1.922929e-06 2.876638e-03
754 3.039260e-04 5.482981e-02
755 1.062297e-04 9.498006e-03
756 7.806191e-05 8.917535e-03
757 5.578531e-07 1.485328e-03
758 2.223900e-05 9.022420e-03
759 6.136859e-05 6.607741e-03
760 1.568687e-06 2.096608e-03
761 4.050455e-05 7.222735e-03
762 5.014208e-05 1.063754e-02
763 1.990008e-07 1.952530e-03
764 1.394131e-05 9.293290e-03
765 5.429052e-07 1.043332e-02
766 1.172828e-05 5.208459e-03
767 2.670267e-06 5.245337e-03
768 4.235881e-05 7.555642e-03
769 8.395829e-06 6.589003e-03
770 1.874335e-04 2.483288e-02
771 3.611646e-06 3.265527e-03
772 2.671977e-07 1.546397e-03
773 1.440707e-05 1.534591e-02
774 2.365144e-06 1.846620e-03
775 5.856001e-04 4.513887e-02
776 2.106554e-04 2.447384e-02
777 1.001517e-04 9.482937e-03
778 2.705038e-05 1.998877e-02
779 2.717276e-04 3.001091e-02
780 1.122804e-05 8.695450e-03
781 2.847110e-04 2.130573e-02
782 6.122034e-06 2.622497e-03
783 5.199093e-05 5.902482e-03
784 1.901303e-06 5.869339e-03
785 7.859898e-05 6.940769e-03
786 9.915695e-05 1.608115e-02
787 2.963673e-05 1.058480e-02
788 5.107570e-05 1.059628e-02
789 1.188397e-06 1.314052e-03
790 5.799927e-04 2.240352e-02
791 2.436364e-05 5.540298e-03
792 6.059202e-06 4.239076e-03
793 1.228176e-05 6.831646e-03
794 1.024516e-05 4.072286e-03
795 3.387976e-03 3.176110e-01
796 2.367198e-07 3.100619e-03
797 8.835993e-04 7.865627e-02
798 2.103377e-03 1.063701e-01
799 8.823819e-06 3.348492e-03
800 6.645048e-05 7.870232e-03
801 1.358878e-06 3.864385e-03
802 5.978109e-05 3.019743e-02
803 3.392949e-04 2.033093e-02
804 4.861029e-05 8.312818e-03
805 4.295908e-06 3.777635e-03
806 4.170013e-04 2.780385e-02
807 9.701617e-05 4.159431e-02
808 1.288353e-05 2.852874e-03
809 1.418794e-03 1.421878e-01
810 2.885990e-05 5.493290e-03
811 1.176067e-04 1.931644e-02
812 9.379467e-06 6.525112e-03
813 3.825895e-06 5.402489e-03
814 1.501209e-05 7.291730e-03
815 2.332434e-04 1.773925e-02
816 5.175604e-04 3.370308e-02
817 1.617373e-03 1.800081e-01
818 5.271808e-06 3.143363e-03
819 2.288798e-04 7.064823e-02
820 8.883827e-05 1.691487e-02
821 5.697104e-05 2.152712e-02
822 8.718610e-07 3.525812e-03
823 1.069481e-05 8.795061e-03
824 1.018666e-04 1.406216e-02
825 7.339086e-05 1.870827e-02
826 2.219062e-05 5.477466e-03
827 3.971564e-06 3.345523e-03
828 1.340465e-04 1.892639e-02
829 9.684941e-05 7.175965e-03
830 3.218192e-04 5.500627e-02
831 1.570014e-05 5.861239e-03
832 2.119877e-05 4.813934e-03
833 2.945789e-05 1.997895e-02
834 3.218646e-05 1.833749e-02
835 1.299450e-06 2.192370e-03
836 3.826365e-07 1.017368e-03
837 4.016570e-05 1.366024e-02
838 1.347092e-05 2.662142e-03
839 2.377980e-05 1.345834e-02
840 1.949779e-04 2.897761e-02
841 1.244182e-04 1.331085e-02
842 2.124360e-03 1.646769e-01
843 8.302736e-05 1.374576e-02
844 1.398086e-04 3.086098e-02
845 1.111534e-04 2.994004e-02
846 1.655257e-05 5.938426e-03
847 6.326735e-05 6.299781e-03
848 1.351920e-04 5.399369e-02
849 2.533179e-06 5.335477e-03
850 3.054889e-03 1.860272e-01
851 1.881932e-05 7.536387e-03
852 1.501090e-03 7.967976e-02
853 8.740281e-04 6.421520e-02
854 1.659745e-04 5.422826e-02
855 2.260460e-04 9.465560e-02
856 2.069658e-04 1.849240e-02
857 1.399005e-03 6.319249e-02
858 5.853979e-05 1.753752e-02
859 6.609191e-07 3.831782e-03
860 1.236230e-04 3.079261e-02
861 4.209391e-07 1.624115e-03
862 5.381358e-06 1.534883e-02
863 1.113870e-04 1.303162e-02
864 3.852088e-06 6.554674e-03
865 2.811719e-04 3.308751e-02
866 2.384238e-04 6.513676e-02
867 1.099868e-03 1.403639e-01
868 7.913346e-06 5.888569e-03
869 3.713261e-05 3.101630e-02
870 5.568940e-05 3.552068e-02
871 4.303784e-05 2.029082e-02
872 1.364798e-03 1.220789e-01
873 1.381608e-04 5.850773e-02
874 4.884238e-04 5.843072e-02
875 1.737191e-05 4.597201e-03
876 1.401064e-08 1.062183e-03
877 6.561810e-06 9.114925e-03
878 9.765068e-04 1.193643e-01
879 2.650372e-04 3.707249e-02
880 2.387536e-05 8.843799e-03
881 2.287336e-07 2.278590e-03
882 6.488453e-05 4.023528e-02
883 2.341081e-03 1.395145e-01
884 1.197138e-04 4.500495e-02
885 4.599255e-04 3.316577e-02
886 1.283023e-06 7.735594e-03
887 2.801178e-05 1.151026e-02
888 1.828598e-05 1.135647e-02
889 1.959331e-05 2.145650e-02
890 3.752418e-05 2.139071e-02
891 3.284323e-04 1.147403e-01
892 5.164083e-07 2.815191e-03
893 9.223953e-05 2.800322e-02
894 5.604845e-06 5.699668e-03
895 5.444874e-04 3.322350e-02
896 7.887231e-05 5.296876e-02
897 2.482675e-04 3.820502e-02
898 4.642395e-05 6.386380e-03
899 3.049701e-05 1.320400e-02
900 3.689632e-05 1.285564e-02
901 7.344815e-04 3.735260e-02
902 1.461025e-06 1.967465e-03
903 1.466815e-04 2.390142e-02
904 9.794102e-07 2.088930e-02
905 8.199749e-06 6.479264e-03
906 1.325382e-05 7.605154e-03
907 2.291175e-06 1.966543e-03
908 4.034379e-06 8.825203e-03
909 5.341313e-05 1.803181e-02
910 9.805554e-05 1.474998e-02
911 1.733816e-05 2.052809e-02
912 1.415715e-05 9.536306e-03
913 2.335652e-06 3.306552e-03
914 2.521630e-06 7.378917e-03
915 5.361230e-04 2.469716e-02
916 1.011664e-06 2.804411e-03
917 3.502486e-07 2.376171e-03
918 8.440852e-07 2.610681e-03
919 9.183394e-04 1.080773e-01
920 1.318917e-06 6.448986e-03
921 7.090195e-06 3.054673e-03
922 4.901886e-05 1.516452e-02
923 6.911492e-07 5.115755e-03
924 7.370076e-04 9.057155e-02
925 1.700778e-04 3.646662e-02
926 1.029166e-04 2.911109e-02
927 8.992629e-04 7.234893e-02
928 5.287980e-05 3.880090e-02
929 5.902072e-04 3.169287e-02
930 1.385559e-04 2.807482e-02
931 7.157073e-06 1.108733e-02
932 4.169880e-04 2.622183e-02
933 1.469407e-06 2.938660e-03
934 5.116387e-05 5.605696e-03
935 2.069678e-06 3.454693e-03
936 6.985950e-05 1.766428e-02
937 1.021361e-06 5.771122e-03
938 2.864987e-06 2.265794e-03
939 8.938983e-05 8.487859e-03
940 2.931007e-04 7.995489e-02
941 7.614465e-06 2.977975e-03
942 6.293463e-04 8.669096e-02
943 2.880997e-05 1.695814e-02
944 2.605565e-07 1.969541e-03
945 1.450952e-04 1.139863e-02
946 3.050980e-06 2.168818e-03
947 2.121674e-05 1.580973e-02
948 5.393921e-07 1.487240e-03
949 1.190109e-05 1.482864e-02
950 1.984520e-04 5.718240e-02
951 2.642777e-05 2.937778e-02
952 1.443675e-04 3.080597e-02
953 1.801041e-07 2.414227e-03
954 2.773950e-04 2.963516e-02
955 5.774144e-06 3.549294e-03
956 6.305973e-05 1.104572e-02
957 1.796049e-04 1.682818e-02
958 1.511195e-04 1.127122e-02
959 1.136477e-04 1.675273e-02
960 5.021268e-07 2.402298e-03
961 7.427544e-06 9.274261e-03
962 6.136361e-06 1.053842e-02
963 8.821383e-07 3.401643e-03
964 3.727346e-06 1.739707e-03
965 3.100223e-04 1.227488e-02
966 4.279819e-05 4.905014e-03
967 2.991137e-05 7.038873e-03
968 5.451856e-04 1.579586e-02
969 7.490021e-04 3.745151e-02
970 1.221676e-04 1.155707e-02
971 2.433592e-05 6.436208e-03
972 9.686093e-05 2.909918e-02
973 3.503050e-05 6.531953e-03
974 2.263548e-05 4.138644e-03
975 2.325767e-03 4.857152e-02
976 4.088858e-03 1.114997e-01
977 6.199938e-05 6.802745e-03
978 8.700325e-05 1.936942e-02
979 7.422371e-06 2.698339e-03
980 9.403104e-05 1.759351e-02
981 1.823715e-05 9.700001e-03
982 1.000612e-06 1.299865e-03
983 7.275980e-06 3.604839e-03
984 8.768846e-05 1.687227e-02
985 1.100272e-04 4.926262e-02
986 1.206048e-03 1.728020e-01
987 3.834090e-06 5.983139e-03
988 1.638274e-06 1.973844e-03
989 1.362514e-04 1.183996e-02
990 4.362806e-06 2.019983e-03
991 2.327207e-03 1.819249e-01
992 2.638230e-05 5.027621e-03
993 1.229103e-05 8.273730e-03
994 4.989116e-08 1.342208e-03
995 7.940490e-06 1.430593e-02
996 3.269806e-03 1.856316e-01
997 2.055042e-05 6.519325e-03
998 8.016679e-06 3.133220e-03
999 4.280872e-05 1.336420e-02
1000 7.630522e-08 1.343212e-03
1001 5.755154e-06 8.524368e-03
1002 5.653503e-04 6.116136e-02
1003 1.209985e-04 9.396346e-03
1004 9.467683e-05 3.131584e-02
1005 3.665505e-06 1.817702e-03
1006 9.710582e-04 1.005710e-01
1007 2.123442e-06 2.856135e-03
1008 4.498670e-05 5.514911e-03
1009 2.466660e-06 1.877284e-03
1010 4.573923e-05 9.605979e-03
1011 1.022475e-05 1.695297e-02
1012 1.003685e-03 1.214215e-01
1013 3.388983e-05 9.940410e-03
1014 4.322092e-05 6.863237e-03
1015 4.198956e-05 2.538681e-02
1016 6.794624e-05 7.148389e-03
1017 7.708010e-04 2.861285e-02
1018 6.668538e-04 6.998872e-02
1019 4.821632e-07 1.913218e-03
1020 3.010595e-06 1.089916e-02
1021 1.204094e-05 1.269149e-02
1022 1.932283e-07 1.407331e-03
1023 2.764998e-05 1.560903e-02
1024 2.410664e-05 8.351403e-03
1025 1.966816e-07 1.514059e-03
1026 1.068922e-07 1.932965e-03
1027 2.909030e-05 7.398279e-03
1028 2.120412e-04 7.908186e-02
1029 1.821494e-05 3.857628e-03
1030 4.147845e-06 2.864465e-03
1031 1.495213e-05 8.270224e-03
1032 3.163047e-04 1.230470e-01
1033 5.828653e-07 1.532998e-03
1034 5.193218e-05 1.341288e-02
1035 1.321010e-05 1.102557e-02
1036 1.327095e-03 5.251919e-02
1037 2.604298e-07 3.003851e-03
1038 1.692928e-06 2.861139e-03
1039 2.727992e-05 6.311341e-03
1040 2.764256e-06 2.935556e-03
1041 6.536591e-04 6.170051e-02
1042 1.550851e-05 5.818005e-03
1043 1.756769e-07 1.229092e-03
1044 2.976312e-06 2.798218e-03
1045 1.486575e-06 2.335003e-03
1046 2.108964e-08 1.276345e-03
1047 5.130818e-07 1.265815e-03
1048 3.692946e-06 4.444735e-03
1049 2.698785e-07 1.146084e-03
1050 2.814177e-03 2.632166e-01
1051 8.947141e-05 3.237855e-02
1052 7.907397e-06 2.189993e-03
1053 1.309996e-05 5.727500e-03
1054 1.039009e-06 1.836215e-03
1055 1.760586e-07 1.146733e-03
1056 1.637065e-05 8.199467e-03
1057 4.621063e-05 9.363705e-03
1058 9.974485e-07 1.500412e-03
1059 8.071596e-05 2.121002e-02
1060 8.127732e-07 1.429980e-03
1061 8.200871e-06 2.179718e-03
1062 7.418137e-08 1.137408e-03
1063 2.357554e-05 2.274766e-02
1064 4.331933e-04 3.497167e-02
1065 1.749517e-07 1.802224e-03
1066 6.721612e-07 1.172869e-03
1067 2.153133e-05 1.155030e-02
1068 1.563527e-06 1.647995e-03
1069 4.675746e-06 2.470503e-03
1070 3.287946e-07 1.178336e-03
1071 2.421244e-06 1.606616e-03
1072 1.617562e-06 2.455218e-03
1073 4.087830e-07 1.306803e-03
1074 7.003973e-07 1.870432e-03
1075 2.158529e-06 3.560626e-03
1076 1.176904e-05 3.561718e-03
1077 2.213313e-05 4.508388e-03
1078 3.625876e-05 1.152375e-02
1079 8.625151e-06 4.181748e-03
1080 3.496578e-04 3.393688e-02
1081 2.144823e-04 3.791549e-02
1082 7.212723e-06 3.057879e-03
1083 8.990584e-06 3.275374e-03
1084 2.954318e-07 1.192438e-03
1085 2.900620e-06 1.611421e-03
1086 4.626934e-06 2.750902e-03
1087 8.267719e-07 1.328683e-03
1088 3.124361e-05 4.050548e-03
1089 3.290751e-07 1.260951e-03
1090 1.231850e-07 1.198443e-03
1091 1.312444e-06 1.541677e-03
1092 3.085728e-06 1.717885e-03
1093 9.369008e-05 1.711943e-02
1094 2.233619e-05 1.025562e-02
1095 9.397744e-06 2.581438e-03
1096 6.620049e-05 1.742860e-02
1097 1.915712e-04 4.163800e-02
1098 3.718200e-06 7.730593e-03
1099 1.497290e-06 3.563945e-03
1100 7.004229e-08 1.114627e-03
1101 2.021633e-05 2.313348e-02
1102 1.018187e-05 1.099968e-02
1103 5.358706e-06 3.505663e-03
1104 8.338109e-05 2.219355e-02
1105 5.041163e-07 2.083947e-03
1106 1.355361e-03 4.984694e-02
1107 1.369659e-06 2.533370e-03
1108 1.718974e-05 6.996894e-03
1109 2.180906e-07 1.812541e-03
1110 2.876583e-05 8.369158e-03
1111 2.788731e-06 2.051951e-03
1112 1.168644e-07 1.786824e-03
1113 2.425337e-05 1.286693e-02
1114 7.174340e-05 1.185389e-02
1115 7.871917e-04 9.132472e-02
1116 3.629204e-08 1.966161e-03
1117 8.309896e-04 1.041071e-01
1118 2.995107e-06 4.714007e-03
1119 8.715014e-05 2.452632e-02
1120 3.432009e-04 5.368432e-02
1121 3.332913e-05 5.192838e-03
1122 1.532392e-04 1.636577e-02
1123 6.749063e-06 3.385776e-03
1124 1.535669e-05 1.298449e-02
1125 6.568367e-06 3.615486e-03
1126 1.030417e-05 6.702718e-03
1127 1.193053e-06 4.288651e-03
1128 6.446166e-05 3.772557e-02
1129 1.813743e-05 4.442371e-03
1130 1.432212e-05 1.091765e-02
1131 5.942180e-04 4.979268e-02
1132 3.018485e-05 7.068897e-03
1133 1.330787e-06 2.030236e-03
1134 2.270118e-04 1.378805e-02
1135 4.611519e-05 7.605731e-03
1136 2.063736e-04 2.654889e-02
1137 7.427664e-05 2.043564e-02
1138 6.031018e-08 1.860178e-03
1139 9.256598e-06 5.328914e-03
1140 1.301793e-07 2.151498e-03
1141 6.463527e-06 4.513874e-03
1142 1.026510e-03 3.145235e-02
1143 3.471797e-04 5.859233e-02
1144 2.440461e-06 6.417381e-03
1145 7.890861e-05 2.166200e-02
1146 1.338429e-03 9.376819e-02
1147 3.131909e-04 3.791323e-02
1148 4.656086e-07 2.394307e-03
1149 8.165608e-04 3.697779e-02
1150 3.675986e-07 2.350998e-03
1151 1.302370e-03 3.211556e-02
1152 2.896963e-04 4.620953e-02
1153 3.843231e-06 5.144034e-03
1154 6.912904e-07 1.915806e-03
1155 6.602452e-04 7.275290e-02
1156 2.752206e-06 2.475900e-03
1157 4.012428e-05 1.784794e-02
1158 6.517725e-06 4.058845e-03
1159 2.301979e-07 1.504244e-03
1160 3.213536e-06 2.619473e-03
1161 4.091105e-05 1.776636e-02
1162 1.954440e-03 9.897251e-02
1163 3.604045e-05 5.581337e-03
1164 1.731846e-04 4.569872e-02
1165 2.923164e-03 2.195103e-01
1166 8.983066e-05 6.900381e-03
1167 4.333030e-04 8.930404e-02
1168 2.145850e-04 1.479815e-02
1169 4.557549e-06 7.777234e-03
1170 5.014170e-06 5.749945e-03
1171 8.682085e-06 9.463806e-03
1172 2.458785e-04 6.482374e-02
1173 4.147739e-08 1.099497e-03
1174 2.677729e-03 1.348495e-01
1175 1.045421e-04 1.582649e-02
1176 6.515059e-07 1.764286e-03
1177 2.207354e-04 3.312739e-02
1178 2.140634e-03 9.804553e-02
1179 4.080795e-05 1.361826e-02
1180 2.118420e-05 6.270613e-03
1181 7.926239e-06 1.597004e-03
1182 5.928067e-06 7.378456e-03
1183 9.470439e-04 4.855393e-02
1184 3.218258e-05 1.515859e-02
1185 6.393001e-06 1.032502e-02
1186 5.767307e-04 3.519883e-02
1187 2.199366e-04 1.181809e-02
1188 9.263021e-07 1.900955e-03
1189 2.763952e-06 2.490110e-03
1190 1.857830e-07 1.987266e-03
1191 3.144686e-06 2.262287e-03
1192 1.206642e-04 8.534265e-02
1193 8.897931e-07 3.178466e-03
1194 1.483248e-04 2.133926e-02
1195 1.246236e-03 5.354931e-02
1196 1.681982e-06 4.849966e-03
1197 5.144022e-06 3.244747e-03
1198 3.886233e-06 1.953134e-03
1199 8.629145e-04 5.200034e-02
1200 9.910551e-04 7.513180e-02
1201 4.349786e-08 1.123205e-03
1202 7.662094e-05 8.912587e-03
1203 1.196350e-04 3.008680e-02
1204 1.722900e-05 4.980789e-03
1205 4.368168e-08 1.940169e-03
1206 5.485850e-04 5.811883e-02
1207 1.140236e-05 3.915577e-03
1208 1.898447e-05 3.820568e-03
1209 2.040930e-04 3.634634e-02
1210 1.812257e-04 1.799896e-02
1211 9.661740e-05 1.708452e-02
1212 7.397369e-06 3.282022e-03
1213 1.552560e-06 4.842880e-03
1214 6.385702e-05 5.038564e-03
1215 7.457842e-06 2.477279e-03
1216 8.128784e-07 2.202265e-03
1217 1.115820e-05 2.658686e-02
1218 1.242696e-05 5.114292e-03
1219 8.575991e-05 9.416680e-03
1220 8.935900e-05 1.943265e-02
1221 8.428580e-05 1.671774e-02
1222 5.700058e-05 2.200872e-02
1223 2.864886e-04 2.222855e-02
1224 7.628929e-06 8.368652e-03
1225 4.220575e-06 2.245031e-03
1226 5.003573e-06 1.552569e-03
1227 1.291362e-05 4.276628e-03
1228 4.366065e-05 8.597553e-03
1229 1.551584e-04 1.622024e-02
1230 9.664718e-06 7.109275e-03
1231 9.095996e-05 2.911256e-02
1232 3.978247e-06 5.569867e-03
1233 1.624340e-04 1.709624e-02
1234 6.110864e-07 7.596972e-03
1235 1.597912e-04 4.522430e-02
1236 2.449401e-06 4.551274e-03
1237 2.192780e-04 1.095298e-01
1238 2.584683e-05 1.210459e-02
1239 8.243264e-06 6.070977e-03
1240 7.986316e-06 3.229828e-03
1241 3.350536e-05 3.800306e-03
1242 7.832957e-04 1.477616e-01
1243 3.040494e-04 2.972913e-02
1244 1.999873e-06 3.192196e-03
1245 1.158197e-05 5.788285e-03
1246 5.100238e-07 2.002871e-03
1247 1.292352e-05 3.661897e-03
1248 5.946356e-04 3.663114e-02
1249 4.983782e-06 9.670546e-03
1250 1.689912e-06 6.124572e-03
1251 2.252945e-05 1.346931e-02
1252 1.677144e-05 4.793810e-03
1253 8.938622e-04 1.472249e-01
1254 1.313707e-06 5.218476e-03
1255 2.343951e-04 1.488538e-02
1256 2.540979e-05 2.667387e-03
1257 1.627946e-04 6.200873e-02
1258 1.356037e-05 4.673011e-03
1259 6.631924e-04 2.705157e-02
1260 1.413737e-03 1.445190e-01
1261 8.479297e-06 4.125933e-03
1262 1.066918e-04 1.234330e-02
1263 7.875248e-05 3.871215e-02
1264 1.183826e-04 2.911323e-02
1265 5.610417e-06 8.139761e-03
1266 6.071191e-05 3.100453e-02
1267 4.467984e-05 1.630226e-02
1268 9.073369e-07 8.875559e-03
1269 3.455946e-05 8.637702e-03
1270 2.226273e-03 1.750614e-01
1271 1.000597e-03 3.806755e-02
1272 1.856519e-07 1.258361e-03
1273 2.797355e-04 2.347970e-02
1274 3.991092e-05 1.674727e-02
1275 2.220550e-04 2.663203e-02
1276 9.479516e-04 4.052079e-02
1277 5.893145e-04 6.465323e-02
1278 1.703246e-03 7.874726e-02
1279 2.835187e-06 2.124812e-03
1280 4.919387e-04 7.682703e-02
1281 1.489214e-05 4.565113e-03
1282 2.826675e-04 1.977197e-02
1283 8.938461e-05 1.850061e-02
1284 1.754434e-05 4.003008e-03
1285 3.861246e-04 3.922546e-02
1286 6.626223e-07 3.176435e-03
1287 1.304985e-04 1.225390e-02
1288 8.405879e-05 1.432006e-02
1289 4.203887e-05 9.543921e-03
1290 1.954606e-04 2.548808e-02
1291 3.195250e-05 6.223804e-03
1292 1.047824e-03 1.596965e-01
1293 1.422625e-06 3.275886e-03
1294 2.365502e-05 5.274602e-03
1295 6.631659e-06 3.051115e-03
1296 1.572341e-05 1.251222e-02
1297 1.831706e-04 4.620164e-02
1298 4.571237e-05 9.680172e-03
1299 1.678205e-05 3.742967e-03
1300 4.532714e-06 2.685854e-03
1301 1.342488e-06 2.983544e-03
1302 2.504712e-04 3.269281e-02
1303 8.825380e-06 6.632251e-03
1304 1.223545e-05 6.152254e-03
1305 1.698751e-04 1.917477e-02
1306 6.443984e-05 5.846979e-03
1307 7.017640e-06 4.476641e-03
1308 2.320990e-06 2.452735e-03
1309 9.610327e-05 3.328598e-02
1310 3.428582e-07 1.440937e-03
1311 1.255504e-03 1.711483e-01
1312 4.780518e-04 7.109372e-02
1313 5.757065e-07 1.680697e-03
1314 2.789948e-05 5.942331e-03
1315 4.742545e-06 2.687068e-03
1316 3.923305e-06 2.075801e-03
1317 9.030212e-07 1.361785e-03
1318 4.076064e-05 2.929356e-02
1319 1.108041e-03 1.126549e-01
1320 4.644611e-06 3.612612e-03
1321 1.142897e-05 1.239946e-02
1322 4.975799e-08 1.132348e-03
1323 4.165926e-06 1.897356e-03
1324 1.220272e-03 3.659705e-02
1325 4.494963e-06 9.232955e-03
1326 1.126589e-05 4.525166e-03
1327 5.773077e-05 1.935540e-02
1328 4.121574e-06 2.481782e-03
1329 1.472302e-04 9.942257e-03
1330 9.292064e-06 7.207039e-03
1331 7.648350e-07 2.063241e-03
1332 3.419717e-07 1.416517e-03
1333 1.314389e-04 9.380640e-03
1334 6.340447e-05 9.422630e-03
1335 5.534403e-06 1.151039e-02
1336 1.475933e-05 3.554125e-03
1337 1.000970e-04 7.031489e-03
1338 6.307837e-05 5.661024e-03
1339 2.034943e-04 1.822164e-02
1340 2.929777e-05 6.424631e-03
1341 1.440863e-03 1.204676e-01
1342 3.931774e-06 2.313893e-03
1343 1.636178e-06 2.009104e-03
1344 2.144699e-06 3.201616e-03
1345 1.273726e-05 1.262855e-02
1346 2.607927e-04 1.163566e-02
1347 1.638257e-07 1.337637e-03
1348 2.183081e-05 7.096729e-03
1349 2.716022e-04 8.668521e-02
1350 2.237155e-05 8.108561e-03
1351 5.550742e-05 6.521044e-03
1352 8.503856e-06 7.835200e-03
1353 1.440924e-05 9.556313e-03
1354 3.232528e-06 4.653759e-03
1355 2.271773e-05 7.023042e-03
1356 1.532929e-04 1.829199e-02
1357 2.698773e-06 5.899154e-03
1358 9.308405e-06 4.482993e-03
1359 7.175887e-07 2.015556e-03
1360 5.469423e-06 3.932712e-03
1361 1.263575e-04 6.939409e-03
1362 2.417114e-04 1.593029e-02
1363 1.407372e-05 5.049818e-03
1364 1.140122e-04 2.866901e-02
1365 2.714166e-06 4.198713e-03
1366 1.675321e-06 3.871426e-03
1367 8.968119e-07 1.689179e-03
1368 5.762589e-05 3.234637e-02
1369 8.577033e-08 2.455425e-03
1370 1.739266e-06 1.604757e-03
1371 1.140879e-04 1.698334e-02
1372 2.200389e-06 3.960726e-03
1373 1.746336e-05 3.887857e-03
1374 9.973391e-07 3.313809e-03
1375 1.910541e-05 6.810232e-03
1376 3.711912e-03 3.570717e-01
1377 1.518236e-05 7.955006e-03
1378 5.396821e-07 1.367098e-03
1379 9.663957e-06 2.909976e-03
1380 2.572221e-03 1.301510e-01
1381 1.460580e-06 3.056179e-03
1382 3.525511e-07 1.206561e-03
1383 3.509814e-05 1.728174e-02
1384 4.803050e-06 4.389129e-03
1385 3.127154e-06 4.312238e-03
1386 7.881772e-06 4.957244e-03
1387 1.501871e-05 5.052010e-03
1388 4.415693e-05 4.420761e-03
1389 6.434000e-06 2.995994e-03
1390 1.090321e-05 2.788606e-03
1391 4.769785e-05 6.987328e-03
1392 2.323079e-06 1.856386e-03
1393 1.868027e-06 7.537570e-03
1394 1.276768e-05 6.064019e-03
1395 6.977243e-05 3.218608e-02
1396 1.737160e-04 2.085894e-02
1397 3.041938e-06 2.752245e-03
1398 1.555248e-05 1.617585e-02
1399 4.605075e-05 1.829340e-02
1400 1.004461e-05 4.287325e-03
1401 2.152944e-04 5.116620e-02
1402 1.377891e-05 4.238245e-03
1403 4.392798e-06 4.382742e-03
1404 5.972626e-06 2.176905e-03
1405 4.143027e-07 3.794806e-03
1406 3.700760e-05 9.577723e-03
1407 3.094738e-06 2.633560e-03
1408 2.103301e-03 1.412090e-01
1409 1.056868e-04 4.473319e-02
1410 1.381163e-05 1.034573e-02
1411 5.937951e-05 8.273506e-03
1412 4.175085e-06 4.309469e-03
1413 4.184994e-08 1.142723e-03
1414 7.250724e-07 2.376636e-03
1415 1.845614e-05 5.185463e-03
1416 8.872326e-07 2.933773e-03
1417 9.237381e-06 2.525013e-03
1418 4.442517e-06 4.417925e-03
1419 1.909557e-05 4.120086e-03
1420 1.068933e-04 1.146471e-02
1421 8.424443e-05 9.994367e-03
1422 2.132905e-04 1.849818e-02
1423 3.722809e-06 3.739081e-03
1424 2.288238e-05 5.265571e-03
1425 2.288238e-05 5.265571e-03
1426 2.288238e-05 5.265571e-03
1427 1.375151e-05 3.998341e-03
1428 1.782584e-05 5.696520e-03
1429 4.470032e-05 9.195327e-03
1430 2.721516e-04 5.845621e-02
1431 7.963934e-05 2.700215e-02
1432 8.440866e-06 1.661296e-02
1433 1.591556e-05 7.001688e-03
1434 1.088155e-05 2.913515e-03
1435 7.472444e-06 2.964500e-03
1436 1.320477e-05 3.925688e-03
1437 4.229477e-06 2.162908e-03
1438 1.724769e-05 7.731876e-03
1439 6.171109e-04 1.120825e-01
1440 1.887387e-06 2.730637e-03
1441 6.260021e-07 1.708052e-03
1442 1.659321e-05 5.002210e-03
1443 6.443300e-06 3.940311e-03
1444 8.437553e-06 3.909342e-03
1445 1.750432e-05 6.800936e-03
1446 7.348966e-05 4.609425e-03
1447 2.214122e-03 2.503513e-01
1448 2.702520e-06 1.964674e-03
1449 8.425846e-07 2.956316e-03
1450 4.800130e-05 9.620612e-03
1451 2.672686e-04 1.647577e-02
1452 1.194747e-04 3.533538e-02
1453 2.623945e-07 2.947719e-03
1454 8.097760e-06 3.406373e-03
1455 1.055506e-05 5.495527e-03
1456 2.190126e-06 1.646802e-03
1457 2.880175e-06 2.015025e-03
1458 2.586749e-06 2.278060e-03
1459 8.492251e-06 4.812577e-03
1460 4.194272e-05 1.271199e-02
1461 3.734574e-06 1.820646e-03
1462 2.383713e-06 1.646053e-03
1463 1.301913e-06 1.436390e-03
1464 7.818811e-07 1.998289e-03
1465 3.348167e-07 1.380504e-03
1466 8.179067e-05 1.872388e-02
1467 5.594830e-05 7.651523e-03
1468 7.639608e-06 6.226189e-03
1469 6.424273e-05 8.913814e-03
1470 1.843947e-07 3.685239e-03
1471 1.065450e-05 7.900975e-03
1472 5.067292e-06 6.056180e-03
1473 6.092410e-06 3.542890e-03
1474 8.691404e-06 1.620907e-02
1475 2.454484e-07 1.741485e-03
1476 4.454734e-05 1.683164e-02
1477 1.734216e-08 1.744480e-03
1478 6.072806e-05 1.323435e-02
1479 1.910750e-05 9.376837e-03
1480 1.681952e-04 4.146514e-02
1481 4.257536e-05 2.605784e-02
1482 2.617874e-05 1.101417e-02
1483 3.287737e-05 4.201304e-03
1484 6.305326e-04 5.724704e-02
1485 8.447000e-05 2.358827e-02
1486 1.138691e-03 5.300830e-02
1487 1.161465e-06 1.950550e-03
1488 1.573256e-04 1.941881e-02
1489 3.311618e-06 1.432447e-03
1490 1.548591e-06 3.093313e-03
1491 6.789410e-05 3.910126e-02
1492 3.743194e-06 6.573717e-03
1493 1.489906e-05 1.126982e-02
1494 8.361385e-07 2.876300e-03
1495 4.963972e-05 6.503521e-03
1496 4.131131e-06 3.946301e-03
1497 5.978857e-04 7.936296e-02
1498 3.568985e-06 4.966930e-03
1499 6.218046e-07 2.910036e-03
1500 2.219827e-05 4.336828e-03
1501 3.821144e-06 4.836457e-03
1502 6.095660e-04 3.988394e-02
1503 6.204899e-04 7.515484e-02
1504 4.042508e-05 1.058755e-02
1505 5.237926e-06 5.363150e-03
1506 2.353048e-05 4.877177e-03
1507 9.622235e-05 1.096551e-02
1508 5.925990e-04 6.746631e-02
1509 8.878156e-06 4.254973e-03
1510 2.639533e-05 7.232867e-03
1511 2.710795e-05 5.517256e-03
1512 1.236970e-05 6.729090e-03
1513 1.164436e-05 6.465858e-03
1514 4.969486e-06 6.084123e-03
1515 3.692405e-03 1.405816e-01
1516 2.678661e-05 1.056404e-02
1517 1.065555e-03 6.312907e-02
1518 8.037705e-06 5.092546e-03
1519 6.403171e-06 9.281252e-03
1520 6.044577e-07 1.719326e-03
1521 2.070296e-06 6.959232e-03
1522 2.555122e-04 1.897561e-02
1523 2.835520e-05 8.211683e-03
1524 2.442210e-05 1.500962e-02
1525 9.858553e-05 2.089611e-02
1526 7.761152e-06 1.159670e-02
1527 4.026708e-05 1.218685e-02
1528 2.240003e-05 9.739580e-03
1529 1.847305e-05 5.360844e-03
1530 1.476905e-05 1.413150e-02
1531 6.157899e-05 1.014407e-02
1532 7.449153e-06 4.673149e-03
1533 1.487220e-05 6.139790e-03
1534 9.750007e-06 7.356883e-03
1535 1.406672e-06 1.544948e-03
1536 1.192572e-06 2.543330e-03
1537 3.855141e-06 3.487547e-03
1538 2.601631e-06 3.832840e-03
1539 5.668945e-06 2.059709e-03
1540 3.456724e-05 1.196665e-02
1541 7.149471e-04 1.402227e-01
1542 3.607897e-04 6.400433e-02
1543 1.330891e-03 1.232125e-01
1544 2.245746e-05 7.735788e-03
1545 4.169078e-04 2.763012e-02
1546 2.439983e-05 6.149991e-03
1547 1.058361e-03 1.004225e-01
1548 6.245886e-05 1.559163e-02
1549 1.323631e-05 3.754974e-03
1550 5.684748e-07 4.385739e-03
1551 2.289685e-05 4.931348e-03
1552 9.355954e-04 7.986095e-02
1553 4.861828e-04 2.458578e-01
1554 1.215268e-05 8.229365e-03
1555 1.041012e-03 8.042888e-02
1556 2.191415e-05 1.139947e-02
1557 2.826295e-04 5.568896e-02
1558 1.892158e-04 2.669472e-02
1559 1.573469e-05 9.992230e-03
1560 4.147396e-04 3.543172e-02
1561 3.958434e-04 7.427503e-02
1562 1.050078e-05 6.559236e-03
1563 1.750003e-05 9.557521e-03
1564 5.254834e-04 6.746609e-02
1565 2.391625e-05 1.331783e-02
1566 5.864657e-06 5.156788e-03
1567 7.555761e-03 4.111073e-01
1568 1.249756e-05 1.377026e-02
1569 6.493877e-05 5.387607e-03
1570 4.469184e-03 1.766158e-01
1571 1.366679e-05 1.962733e-03
1572 1.314515e-04 5.807438e-03
1573 4.055875e-04 1.222128e-01
1574 1.857269e-05 9.255374e-03
1575 1.066767e-05 1.746604e-02
1576 9.261413e-04 3.678763e-02
1577 2.075498e-03 1.452873e-01
1578 9.158443e-05 2.846832e-02
1579 1.333922e-05 4.360454e-03
1580 2.820125e-03 2.250978e-01
1581 1.045086e-04 1.218019e-02
1582 9.948901e-07 3.002952e-03
1583 1.698040e-04 3.936364e-02
1584 1.012524e-04 1.282194e-02
1585 1.309310e-03 1.051923e-01
1586 3.692555e-05 8.762964e-03
1587 1.047249e-05 2.304749e-03
1588 8.405397e-05 1.223303e-02
1589 9.782392e-08 2.906501e-03
1590 1.042499e-05 3.379111e-03
1591 3.137043e-06 4.298317e-03
1592 2.883628e-05 3.715017e-03
1593 5.330030e-06 2.912832e-03
1594 1.080323e-05 9.312347e-03
1595 1.912519e-06 4.044257e-03
1596 6.171644e-05 2.571493e-02
1597 1.499817e-05 7.222661e-03
1598 2.815589e-05 4.937132e-03
1599 4.877941e-04 1.016219e-01
1600 1.079280e-05 9.354154e-03
1601 1.830270e-06 3.232195e-03
1602 2.228231e-03 3.243185e-01
1603 2.796681e-06 7.396343e-03
1604 2.953343e-05 4.384714e-03
1605 8.780875e-05 4.311170e-03
1606 6.736889e-04 1.396832e-01
1607 7.476416e-04 3.493640e-02
1608 4.705019e-06 4.497147e-03
1609 1.926045e-04 3.965910e-02
1610 1.330441e-03 2.766177e-01
1611 6.777232e-05 1.120631e-02
1612 9.971257e-07 3.569202e-03
1613 2.914916e-08 1.204893e-03
1614 1.896786e-04 1.421141e-02
1615 5.788163e-04 1.114502e-01
1616 9.287961e-07 2.572742e-03
1617 4.284226e-07 3.380553e-03
1618 6.165939e-06 1.790481e-03
1619 5.206599e-04 5.540274e-02
1620 7.975249e-05 5.125517e-02
1621 5.362315e-05 9.749848e-02
1622 7.588073e-05 1.447920e-02
1623 1.613718e-04 4.417286e-02
1624 1.896397e-03 1.122661e-01
1625 2.874529e-06 4.311980e-03
1626 2.435562e-04 4.062877e-02
1627 4.819881e-05 1.396795e-02
1628 2.194908e-04 3.506748e-02
1629 8.148096e-04 8.886484e-02
1630 6.040145e-04 8.788839e-02
1631 3.396671e-04 6.503723e-02
1632 3.852950e-04 4.429894e-02
1633 5.723511e-07 3.061053e-03
1634 3.311690e-06 6.331890e-03
1635 4.647174e-07 1.140862e-03
1636 1.273540e-06 2.892928e-03
1637 6.567863e-07 1.644397e-03
1638 7.359671e-07 3.029454e-03
1639 5.803598e-07 1.839230e-03
1640 8.929626e-05 3.224928e-02
1641 3.762639e-04 3.343263e-02
1642 5.192265e-03 1.576210e-01
1643 3.557153e-05 2.268385e-02
1644 1.810304e-05 7.892702e-03
1645 3.064250e-05 4.708978e-03
1646 2.573473e-03 4.098731e-01
1647 6.834410e-05 1.117524e-02
1648 6.099652e-06 3.220754e-03
1649 1.269684e-03 1.401013e-01
1650 4.709836e-04 3.472155e-02
1651 9.083251e-06 3.898937e-03
1652 2.339064e-04 4.785437e-02
1653 1.724975e-03 9.136796e-02
1654 4.442537e-05 2.083459e-02
1655 4.957540e-04 6.817128e-02
1656 5.461815e-05 1.569453e-02
1657 2.027952e-05 1.033144e-02
1658 6.163346e-06 4.523751e-03
1659 2.656719e-05 1.173050e-02
1660 1.203661e-04 9.321441e-03
1661 1.684218e-04 1.778777e-02
1662 2.674769e-05 6.183526e-03
1663 4.209961e-04 5.756093e-02
1664 3.427996e-05 7.455098e-03
1665 7.586881e-05 6.430699e-03
1666 2.069058e-04 3.449590e-02
1667 3.886810e-05 2.906884e-02
1668 6.416933e-08 8.856752e-04
1669 1.715318e-05 1.088507e-02
1670 7.302857e-06 2.734522e-03
1671 3.919112e-05 1.656397e-02
1672 1.120632e-03 9.487919e-02
1673 7.487691e-05 1.352514e-02
1674 9.838428e-06 9.059037e-03
1675 7.643843e-05 9.584260e-03
1676 9.249959e-07 2.637656e-03
1677 2.313660e-06 6.950812e-03
1678 8.671182e-07 3.486271e-03
1679 1.410301e-07 1.406240e-03
1680 2.778383e-04 1.792192e-02
1681 4.059655e-05 1.882471e-02
1682 3.727714e-05 1.282273e-02
1683 2.004577e-06 1.677066e-03
1684 1.528245e-05 3.031758e-03
1685 6.821155e-05 1.206144e-02
1686 3.526589e-04 2.608283e-02
1687 1.144444e-04 2.671610e-02
1688 1.327381e-04 1.533345e-02
1689 4.817290e-04 3.739201e-02
1690 3.547783e-06 1.587252e-03
1691 1.827200e-06 1.678876e-03
1692 5.334272e-06 5.196178e-03
1693 1.194941e-04 1.775049e-02
1694 1.260583e-04 3.623893e-02
1695 1.120550e-05 2.028657e-03
1696 1.496466e-03 1.261270e-01
1697 1.707362e-05 7.869390e-03
1698 2.360377e-04 6.247161e-02
1699 1.347263e-03 1.771158e-01
1700 2.381663e-06 4.040410e-03
1701 2.608668e-04 3.557204e-02
1702 3.948279e-04 7.712971e-02
1703 1.402685e-04 5.207178e-02
1704 1.233112e-06 1.471674e-03
1705 1.615167e-06 1.888575e-03
1706 7.923269e-06 2.125880e-03
1707 1.168892e-04 3.669352e-02
1708 2.216508e-06 7.982057e-03
1709 6.115673e-05 1.123575e-02
1710 4.326760e-06 1.097667e-02
1711 5.405008e-04 3.373046e-02
1712 3.696807e-04 3.271838e-02
1713 1.993874e-05 7.309007e-03
1714 1.370239e-04 2.022306e-02
1715 1.395137e-06 5.769604e-03
1716 1.352873e-06 4.335065e-03
1717 1.431340e-04 1.809413e-02
1718 8.348356e-06 1.092711e-02
1719 4.582442e-06 7.392498e-03
1720 5.320255e-06 8.749577e-03
1721 2.868040e-05 2.944854e-02
1722 5.726951e-06 8.072439e-03
1723 2.373587e-03 1.474051e-01
1724 8.834196e-06 2.622816e-03
1725 5.184108e-05 1.256345e-02
1726 3.214945e-04 5.396806e-02
1727 1.387200e-04 1.803996e-02
1728 6.553689e-04 2.330820e-02
1729 1.452360e-05 3.525103e-03
1730 5.064323e-04 4.827335e-02
1731 1.287736e-05 5.759658e-03
1732 5.155985e-07 1.859106e-03
1733 1.008999e-08 1.011153e-03
1734 1.504342e-04 2.245897e-02
1735 8.841479e-05 1.733143e-02
1736 1.135221e-07 1.145620e-03
1737 6.629453e-05 1.139518e-02
1738 9.578953e-06 2.724337e-03
1739 4.716998e-05 1.045906e-02
1740 4.272996e-04 5.216135e-02
1741 1.011922e-06 4.393352e-03
1742 5.897270e-04 6.324394e-02
1743 9.718719e-05 2.962155e-02
1744 1.763682e-04 2.275082e-02
1745 2.049530e-05 7.981516e-03
1746 5.322158e-06 2.463911e-03
1747 2.503928e-06 6.443322e-03
1748 1.789160e-03 2.298846e-01
1749 3.889907e-06 8.286028e-03
1750 1.631076e-05 7.772216e-03
1751 6.070544e-06 6.003446e-03
1752 1.276734e-06 2.008696e-03
1753 8.085219e-05 3.255900e-02
1754 3.295063e-06 5.027171e-03
1755 5.786229e-06 5.814469e-03
1756 4.092855e-05 1.812465e-02
1757 1.899965e-05 1.378181e-02
1758 2.962211e-04 1.707864e-02
1759 6.302701e-06 4.528740e-03
1760 1.211777e-03 1.522100e-01
1761 3.354452e-06 6.948626e-03
1762 8.596690e-06 3.587973e-03
1763 4.191932e-06 1.108501e-02
1764 5.289065e-06 6.484156e-03
1765 3.076552e-05 1.644625e-02
1766 1.312750e-05 3.770464e-03
1767 1.555418e-05 5.084173e-03
1768 1.407223e-04 2.269621e-02
1769 3.495196e-05 1.494376e-02
1770 5.522241e-06 7.904289e-03
1771 1.870949e-05 8.601702e-03
1772 8.692633e-04 1.592974e-01
1773 8.748020e-04 1.104900e-01
1774 3.672753e-06 2.871398e-03
1775 6.105151e-06 2.708397e-03
1776 6.829416e-06 1.898372e-02
1777 9.683198e-05 8.885366e-03
1778 1.380973e-05 6.449462e-03
1779 6.990395e-05 1.475049e-02
1780 6.133192e-07 2.755134e-03
1781 3.163764e-07 1.299898e-03
1782 1.995350e-06 3.129499e-03
1783 4.456131e-06 6.529019e-03
1784 5.489257e-05 1.974813e-02
1785 8.884854e-06 3.381443e-03
1786 3.746423e-05 2.832160e-02
1787 8.993885e-04 5.590334e-02
1788 2.706925e-06 4.380877e-03
1789 2.485598e-05 2.972060e-02
1790 4.825001e-06 1.961215e-03
1791 1.284276e-05 4.296375e-03
1792 4.551459e-05 4.200283e-03
1793 9.649113e-06 9.317621e-03
1794 3.440379e-05 1.607351e-02
1795 1.770228e-05 2.661279e-03
1796 1.374802e-03 1.257778e-01
1797 6.930639e-05 1.630128e-02
1798 5.916410e-06 6.233705e-03
1799 5.924049e-06 2.279035e-03
1800 2.222526e-04 4.165354e-02
1801 1.263802e-05 3.205389e-03
1802 9.808137e-05 1.585302e-02
1803 6.523207e-07 1.971612e-03
1804 2.833189e-06 2.022294e-03
1805 5.003649e-07 1.099882e-02
1806 1.030416e-05 4.937790e-03
1807 1.473636e-06 1.466706e-03
1808 2.337522e-03 3.130865e-01
1809 4.037879e-05 8.678388e-03
1810 4.589233e-04 3.636723e-02
1811 7.799791e-06 7.337093e-03
1812 4.235228e-06 5.752907e-03
1813 6.184754e-05 9.007398e-03
1814 3.355318e-06 2.700202e-03
1815 3.847066e-05 2.040607e-02
1816 5.989277e-05 1.885508e-02
1817 1.506759e-05 3.403584e-03
1818 2.495417e-06 4.526658e-03
1819 3.270182e-08 2.081100e-03
1820 2.766332e-07 1.565273e-03
1821 3.946349e-07 3.368793e-03
1822 3.317661e-04 3.751413e-02
1823 8.271827e-05 3.658922e-02
1824 1.548727e-04 4.199550e-02
1825 9.345058e-04 7.104584e-02
1826 9.902857e-04 7.544620e-02
1827 1.540141e-04 2.039967e-02
1828 4.915849e-05 1.168459e-02
1829 8.369375e-06 8.071002e-03
1830 8.483291e-07 2.853244e-03
1831 6.838234e-07 1.662772e-03
1832 1.125053e-05 1.381075e-02
1833 2.195627e-05 5.645673e-03
1834 3.413839e-06 3.396125e-03
1835 2.163507e-06 3.461957e-03
1836 3.872611e-04 4.347337e-02
1837 9.294038e-04 1.033905e-01
1838 2.934893e-05 4.210086e-03
1839 1.054985e-04 2.936388e-02
1840 1.059357e-04 2.431207e-02
1841 2.210806e-04 3.120549e-02
1842 3.288537e-06 6.581848e-03
1843 3.198862e-05 7.369708e-03
1844 2.173116e-06 2.676949e-03
1845 4.536160e-05 1.515049e-02
1846 7.924374e-07 3.474745e-03
1847 2.194648e-04 4.421611e-02
1848 4.256542e-07 2.190031e-03
1849 3.301470e-06 1.346361e-02
1850 7.940139e-06 1.441238e-02
1851 1.014970e-05 3.469089e-02
1852 3.200741e-05 1.395465e-02
1853 2.304907e-04 2.314688e-02
1854 5.284888e-04 8.527099e-02
1855 1.047872e-05 2.781404e-02
1856 7.193593e-07 2.250609e-03
1857 2.004493e-06 4.480375e-03
1858 4.897793e-06 3.120539e-03
1859 2.273411e-06 3.081403e-03
1860 1.099633e-04 1.604420e-02
1861 1.661460e-06 7.224651e-03
1862 8.200975e-04 1.138944e-01
1863 4.728393e-06 2.881473e-03
1864 1.440636e-05 2.220176e-03
1865 1.321686e-05 1.061067e-02
1866 1.217798e-04 2.319423e-02
1867 3.529805e-07 2.600713e-03
1868 9.219540e-06 3.596695e-03
1869 1.320172e-03 1.163832e-01
1870 1.612077e-05 4.720122e-03
1871 6.246912e-06 1.050604e-02
1872 6.648054e-07 7.133885e-03
1873 6.566487e-07 1.798842e-03
1874 1.636568e-06 1.966699e-03
1875 1.259156e-03 5.251507e-02
1876 2.102269e-06 2.344465e-03
1877 4.230312e-06 2.665462e-03
1878 2.328743e-06 6.419511e-03
1879 1.129778e-05 1.096588e-02
1880 1.290119e-04 1.100542e-02
1881 2.826548e-05 4.314997e-02
1882 7.794730e-06 3.464196e-03
1883 1.977324e-05 1.061750e-02
1884 2.444427e-04 1.336124e-02
1885 6.195032e-06 5.521915e-03
1886 3.598465e-05 5.495852e-03
1887 7.303308e-05 1.315972e-02
1888 1.356884e-06 2.727823e-03
1889 1.571003e-06 1.228811e-03
1890 4.246593e-05 9.973866e-03
1891 3.934223e-04 8.209315e-02
1892 6.574525e-05 1.106759e-02
1893 1.375302e-04 2.417020e-02
1894 3.855390e-03 2.428354e-01
1895 3.102316e-04 3.383082e-02
1896 5.494268e-04 3.223756e-02
1897 2.016493e-06 3.818692e-03
1898 1.112867e-04 4.081913e-02
1899 1.124178e-05 7.249812e-03
1900 2.687113e-04 1.718470e-02
1901 2.492986e-05 2.920791e-03
1902 2.248790e-06 1.756550e-03
1903 5.366691e-05 8.534037e-03
1904 4.603019e-05 6.662975e-03
1905 4.618230e-05 3.948078e-03
1906 1.644468e-05 4.720789e-03
1907 1.096174e-06 3.735228e-03
1908 2.223635e-06 1.569768e-03
1909 2.169266e-05 3.947142e-03
1910 2.106280e-04 2.985247e-02
1911 1.625744e-04 1.246798e-02
1912 4.914524e-04 2.428216e-02
1913 3.099807e-04 2.243156e-02
1914 1.253993e-05 3.747164e-03
1915 5.642037e-06 7.782255e-03
1916 4.025842e-03 2.013994e-01
1917 5.405480e-04 1.885156e-01
1918 5.148391e-05 2.532526e-02
1919 2.325678e-05 9.818086e-03
1920 4.912810e-05 4.447101e-03
1921 3.550231e-07 1.338925e-03
1922 1.608192e-05 3.115023e-03
1923 4.019207e-06 1.988445e-03
1924 1.755497e-06 2.193688e-03
1925 2.532902e-06 1.871257e-03
1926 8.011393e-04 4.217718e-02
1927 3.295131e-05 9.539797e-03
1928 2.000222e-06 1.685090e-03
1929 2.404345e-05 5.755629e-03
1930 4.768600e-05 1.509388e-02
1931 4.020567e-05 1.165706e-02
1932 2.760705e-04 2.852887e-02
1933 3.254258e-05 1.270862e-02
1934 7.345953e-04 4.753368e-02
1935 1.544308e-05 1.277647e-02
1936 2.223561e-05 1.068471e-02
1937 1.015739e-05 3.924642e-03
1938 2.676127e-06 1.939476e-03
1939 6.026768e-04 1.166714e-01
1940 2.983625e-05 2.082942e-02
1941 9.194725e-05 1.169513e-02
1942 6.985226e-05 5.106832e-02
1943 7.639707e-05 2.690815e-02
1944 5.965613e-04 3.919721e-02
1945 8.377172e-05 1.346877e-02
1946 4.131917e-06 4.237358e-03
1947 7.450171e-06 2.373991e-03
1948 6.878504e-07 1.675885e-03
1949 1.545697e-04 7.663718e-02
1950 4.527906e-05 1.325959e-02
1951 7.767152e-05 3.526381e-02
1952 6.614966e-06 6.260608e-03
1953 6.136614e-05 1.777733e-02
1954 4.219598e-04 4.592133e-02
1955 3.102795e-05 6.537815e-03
1956 3.874979e-05 1.851275e-02
1957 2.128662e-05 6.241321e-03
1958 6.008036e-05 1.307281e-02
1959 4.101405e-05 2.416260e-02
1960 9.796637e-05 1.596114e-02
1961 5.629855e-04 4.342482e-02
1962 5.535859e-05 2.140150e-02
1963 3.253429e-04 3.266657e-02
1964 6.163569e-06 3.565638e-03
1965 3.720112e-05 1.333430e-02
1966 2.596937e-06 6.335300e-03
1967 7.299010e-05 4.618362e-02
1968 2.738145e-06 1.995954e-03
1969 3.242006e-04 2.392142e-02
1970 5.068140e-04 2.762328e-02
1971 1.982761e-03 1.197817e-01
1972 5.867654e-06 4.068062e-03
1973 7.782157e-04 6.687764e-02
1974 3.973310e-06 4.100479e-03
1975 3.282773e-04 6.567399e-02
1976 2.222232e-04 3.769748e-02
1977 2.665724e-05 5.186864e-03
1978 1.936560e-06 3.948307e-03
1979 6.870057e-05 3.236267e-02
1980 2.315898e-05 2.989726e-03
1981 4.030791e-04 2.903129e-02
1982 2.867557e-06 2.510211e-03
1983 1.051716e-06 2.034164e-03
1984 8.301899e-05 2.338407e-02
1985 2.634699e-05 6.452881e-03
1986 6.070295e-06 3.951022e-03
1987 5.018907e-05 3.391121e-02
1988 3.108604e-04 3.545159e-02
1989 8.821981e-07 1.320685e-03
1990 7.420069e-06 3.169540e-03
1991 1.725793e-05 5.097579e-03
1992 8.743254e-04 8.268591e-02
1993 6.737167e-07 1.161718e-03
1994 2.018151e-07 1.232814e-03
1995 8.578991e-05 3.205722e-02
1996 7.129589e-06 3.686273e-03
1997 2.447488e-06 1.826219e-03
1998 1.691022e-05 4.740934e-03
1999 1.163639e-04 8.599303e-03
2000 7.572186e-07 2.423452e-03
2001 7.305645e-06 2.767517e-03
