2 1.096856e-04 1.613032e-01
3 7.538256e-04 9.515735e-01
4 9.092863e-04 4.152386e-01
5 1.134370e-04 1.424546e-01
6 6.087202e-03 1.338259e+00
7 1.772041e-03 3.748944e-01
8 3.231034e-06 5.462769e-02
9 8.281544e-06 1.112690e-02
10 2.178664e-03 1.938364e-01
11 1.200616e-03 5.037896e-01
12 5.675275e-05 4.400439e-02
13 2.125267e-03 6.421608e-01
14 2.526187e-04 1.786935e-01
15 2.010495e-04 8.633432e-02
16 4.023364e-05 6.183577e-02
17 3.261291e-05 2.192964e-02
18 6.216303e-04 2.033412e-01
19 5.584931e-05 3.341084e-01
20 1.494719e-03 5.658205e-01
21 2.233296e-03 2.823559e-01
22 1.104497e-05 3.276031e-02
23 2.528328e-03 8.296141e-01
24 2.987497e-03 4.667826e-01
25 2.401387e-05 5.788915e-02
26 1.156810e-03 7.622554e-01
27 2.707442e-04 1.090447e-01
28 1.629024e-04 6.220766e-02
29 2.554395e-03 9.333939e-01
30 1.103364e-06 7.844748e-03
31 3.188634e-03 3.525961e-01
32 2.268306e-03 4.260073e-01
33 9.600987e-05 4.013854e-02
34 6.275512e-06 9.972518e-03
35 4.937971e-04 2.693168e-01
36 3.174968e-04 9.485617e-02
37 2.834565e-03 1.192867e+00
38 6.269269e-03 1.599419e+00
39 3.143388e-03 8.128809e-01
40 4.877601e-04 2.824933e-01
41 5.628354e-07 7.196414e-03
42 2.693708e-03 1.000530e+00
43 1.315211e-05 1.898190e-02
44 3.957828e-08 3.024283e-03
45 1.793274e-06 2.762676e-03
46 7.537946e-09 1.441046e-03
47 9.472049e-08 6.336824e-03
48 6.154433e-07 7.251526e-03
49 1.300360e-06 9.153684e-03
50 9.335903e-06 3.323689e-02
51 7.444132e-07 3.182556e-03
52 1.832348e-07 5.682741e-03
53 1.410252e-07 5.698172e-03
54 7.696409e-08 4.305523e-03
55 4.354226e-08 3.401013e-03
56 2.019522e-05 2.236654e-02
57 8.602653e-06 4.281418e-02
58 1.273897e-08 1.717686e-03
59 5.212697e-06 1.292109e-02
60 1.871778e-07 2.446682e-03
61 7.024012e-08 4.239469e-03
62 1.044058e-07 1.357690e-03
63 7.576793e-07 5.771336e-03
64 1.143901e-08 1.184294e-02
65 1.866714e-07 2.824260e-03
66 2.544200e-07 4.901756e-03
67 3.163069e-08 4.814959e-03
68 5.095784e-06 1.143082e-02
69 1.065990e-05 1.086056e-02
70 1.079812e-03 7.503971e-01
71 5.364160e-10 4.412636e-03
72 1.128314e-04 7.693130e-02
73 6.268900e-07 4.595502e-03
74 3.303058e-07 5.794965e-03
75 1.057171e-06 5.841879e-03
76 1.470026e-05 7.427121e-03
77 1.881864e-06 4.784750e-03
78 5.035462e-05 5.126540e-02
79 1.722300e-06 1.146417e-02
80 1.009716e-04 9.781550e-02
81 5.768212e-07 3.192852e-03
82 1.034674e-04 4.318644e-02
83 1.409870e-08 2.529824e-03
84 1.717459e-04 2.246246e-02
85 1.820787e-06 7.963704e-03
86 1.361446e-04 3.532907e-02
87 2.237306e-04 2.628706e-01
88 4.807279e-09 2.775461e-03
89 1.157007e-04 6.299930e-02
90 1.168429e-04 1.323265e-01
91 1.241663e-05 1.968361e-02
92 2.863068e-04 9.418227e-02
93 5.254072e-05 5.219406e-02
94 2.738754e-07 9.025870e-03
95 7.445234e-09 5.392621e-03
96 1.491440e-05 1.466284e-02
97 2.861994e-05 2.318803e-02
98 2.553030e-04 4.287760e-02
99 1.386341e-04 3.487154e-01
100 2.229397e-03 1.069974e+00
101 7.139814e-04 1.806366e-01
102 2.061964e-06 6.745021e-03
103 4.160948e-04 2.665184e-01
104 4.408592e-08 2.473137e-02
105 2.564112e-04 1.045451e-01
106 1.519753e-04 7.310334e-02
107 7.391482e-07 1.220274e-02
108 1.706684e-05 1.161223e-01
109 1.962821e-07 1.218096e-02
110 3.576336e-06 4.570036e-03
111 3.036863e-07 1.086721e-02
112 5.371622e-08 1.961008e-02
113 6.967836e-04 1.537481e-01
114 6.590286e-05 1.600899e-02
115 8.042289e-05 2.935400e-02
116 2.354262e-04 1.090201e-01
117 2.148810e-06 7.467598e-03
118 1.189210e-07 3.728968e-03
119 3.119514e-04 7.817139e-01
120 3.134560e-04 4.016215e-02
121 3.002342e-07 9.063483e-03
122 1.413730e-06 5.255647e-03
123 4.700971e-04 1.291709e-01
124 1.989599e-06 1.448427e-02
125 1.667408e-04 1.663210e-01
126 1.295359e-05 1.535626e-02
127 3.924825e-07 1.168096e-02
128 1.042771e-03 4.389359e-01
129 1.475189e-03 6.212643e-01
130 1.554627e-05 7.874202e-02
131 8.052853e-04 2.362940e-01
132 1.872500e-05 2.942454e-02
133 3.565933e-03 1.083277e+00
134 7.286840e-05 5.126138e-02
135 1.373139e-03 4.127347e-01
136 1.278423e-09 2.287489e-03
137 4.420426e-07 1.303833e-02
138 5.958641e-07 4.121193e-03
139 5.451599e-06 1.032531e-02
140 3.090314e-04 6.579999e-02
141 6.089997e-06 8.255409e-03
142 1.092749e-03 2.699111e-01
143 5.011757e-04 1.091226e-01
144 4.198696e-04 2.623062e-01
145 2.623960e-05 6.197637e-02
146 1.284867e-06 1.463350e-02
147 1.298362e-04 8.218914e-02
148 2.226531e-06 6.602608e-03
149 1.865202e-04 8.044033e-02
150 8.421584e-05 1.046124e-01
151 3.350574e-04 8.137006e-02
152 3.152286e-05 4.020021e-02
153 1.833958e-06 1.071646e-02
154 1.034800e-05 1.692029e-02
155 2.113137e-07 3.177542e-03
156 1.143959e-04 2.911055e-02
157 1.477194e-07 1.320501e-02
158 5.781518e-10 3.780408e-03
159 6.488254e-07 1.789106e-02
160 2.409927e-06 1.026996e-02
161 6.809852e-07 5.314866e-03
162 4.320919e-07 1.726525e-02
163 1.613337e-06 1.750941e-02
164 4.510144e-05 1.572396e-02
165 2.785584e-07 1.794037e-03
166 1.255382e-06 2.561794e-03
167 8.633399e-06 9.453863e-03
168 2.055515e-06 5.720900e-03
169 3.953009e-05 3.885921e-02
170 7.549477e-06 7.869702e-03
171 3.278760e-04 5.271393e-02
172 7.161121e-04 6.235097e-01
173 1.469012e-04 9.242023e-02
174 1.645821e-03 2.610529e-01
175 1.804891e-09 1.263806e-03
176 2.278242e-06 1.514119e-02
177 6.135965e-09 3.190708e-03
178 1.113839e-07 7.876312e-03
179 2.777794e-06 1.300960e-02
180 1.738226e-09 1.277238e-03
181 1.273355e-04 1.171935e-01
182 1.412061e-03 1.009061e-01
183 4.081487e-05 4.291399e-02
184 3.955891e-06 9.325269e-03
185 6.421316e-09 1.523570e-03
186 2.496524e-06 4.929186e-02
187 2.240378e-03 8.327531e-01
188 1.819002e-04 5.640188e-02
189 3.243368e-06 1.560933e-02
190 1.405225e-06 5.677725e-03
191 1.306956e-06 7.055060e-03
192 8.931598e-08 5.860909e-03
193 7.509933e-09 6.283898e-03
194 6.196002e-08 6.117305e-03
195 1.036441e-04 3.430931e-02
196 2.018890e-06 8.347756e-03
197 2.968681e-07 2.126568e-02
198 4.899262e-05 1.545575e-02
199 3.250272e-06 2.052880e-02
200 2.992111e-04 1.262174e-01
201 1.044692e-05 9.280764e-02
202 1.932343e-05 1.654268e-02
203 1.426054e-04 2.088311e-01
204 4.367544e-06 4.646599e-03
205 8.865170e-05 4.589298e-02
206 2.297891e-04 6.134468e-02
207 1.529950e-05 3.312412e-02
208 4.235752e-05 9.887182e-02
209 1.070180e-03 2.032858e-01
210 2.685672e-05 5.846201e-02
211 3.984204e-04 2.096095e-01
212 1.028026e-07 5.024312e-03
213 3.685918e-06 1.641808e-02
214 6.844959e-06 1.411867e-02
215 6.602500e-07 1.243487e-02
216 1.859309e-05 4.012190e-02
217 2.565694e-06 2.902219e-03
218 6.028597e-07 4.731372e-03
219 6.977997e-08 2.558406e-03
220 7.493357e-05 2.586782e-01
221 1.881928e-07 5.691854e-03
222 1.220168e-06 4.369953e-02
223 1.475851e-03 1.912301e-01
224 4.615526e-09 2.300412e-03
225 1.255075e-08 3.232469e-03
226 2.072069e-06 1.216092e-02
227 2.147820e-07 4.277465e-03
228 4.358203e-06 6.359711e-03
229 4.719709e-06 1.829344e-02
230 8.149722e-04 3.555531e-01
231 7.899861e-10 2.043703e-03
232 3.142634e-03 7.679708e-01
233 1.118979e-07 9.446978e-03
234 1.871024e-06 5.294417e-03
235 1.419547e-09 7.405314e-03
236 1.372447e-03 1.507649e-01
237 2.533205e-03 3.813883e-01
238 8.256794e-08 5.103006e-03
239 2.558862e-05 1.486263e-02
240 9.848326e-06 6.892500e-02
241 7.476582e-04 5.157237e-01
242 3.037298e-06 3.891977e-02
243 6.036659e-07 4.557834e-03
244 6.826630e-09 1.879009e-03
245 8.325891e-09 1.283985e-03
246 5.257423e-04 2.249305e-01
247 6.689078e-04 1.453115e-01
248 3.702414e-04 3.665165e-01
249 1.766983e-03 4.405805e-01
250 4.489683e-04 3.293733e-01
251 1.894716e-09 1.293843e-03
252 1.053639e-07 8.787186e-03
253 5.173295e-08 4.242056e-03
254 1.076151e-05 2.300372e-02
255 1.360814e-06 9.022187e-03
256 1.290812e-09 2.437792e-03
257 5.771870e-07 5.289868e-03
258 8.735184e-04 1.215065e-01
259 2.073574e-08 1.456171e-03
260 1.436992e-06 1.005148e-02
261 3.876537e-05 1.088246e-02
262 7.916572e-07 1.802660e-03
263 3.202127e-05 7.475817e-03
264 2.741836e-06 2.989769e-02
265 3.829315e-05 8.020192e-02
266 3.153368e-06 1.252607e-02
267 2.972205e-07 1.987976e-02
268 2.644272e-06 1.020306e-02
269 1.402728e-04 1.874407e-01
270 2.002938e-09 3.605424e-03
271 9.973195e-06 1.970488e-02
272 1.689963e-05 1.350636e-02
273 4.288924e-04 1.334334e-01
274 1.783939e-09 1.879320e-03
275 1.630279e-03 2.181505e-01
276 2.466465e-06 1.860162e-02
277 1.249964e-09 4.011040e-03
278 1.121026e-04 1.127551e-01
279 7.757649e-07 5.202172e-03
280 6.007021e-05 7.930073e-02
281 4.562517e-04 1.788388e-01
282 2.535398e-08 2.088309e-03
283 4.055168e-06 7.006730e-03
284 8.315593e-08 4.749168e-03
285 9.661320e-08 9.255270e-03
286 9.371621e-07 6.147120e-03
287 6.690215e-08 5.090405e-03
288 7.249239e-08 2.223659e-03
289 1.095835e-03 3.659599e-01
290 7.712646e-09 1.421849e-03
291 2.232328e-05 2.062159e-02
292 9.536380e-04 4.829648e-01
293 1.837664e-06 5.832187e-03
294 2.905616e-08 4.364423e-03
295 3.420298e-08 1.780784e-02
296 2.719573e-05 1.250834e-01
297 7.244250e-06 1.883411e-02
298 1.282335e-06 5.875304e-03
299 1.184488e-07 4.262092e-03
300 8.906504e-06 1.587637e-02
301 5.165760e-04 3.928357e-01
302 5.363013e-07 3.600420e-03
303 7.119769e-07 2.057744e-02
304 4.530625e-04 1.579505e-01
305 1.859172e-04 2.857392e-02
306 1.350736e-04 2.928380e-02
307 2.260654e-03 3.832371e-01
308 8.442473e-07 1.099163e-02
309 2.370647e-04 3.149682e-01
310 3.417737e-05 2.682348e-02
311 8.161833e-07 1.357779e-02
312 1.587624e-05 5.828921e-03
313 3.739195e-03 1.057908e+00
314 2.676750e-05 4.399019e-03
315 4.676938e-09 4.747036e-03
316 4.931285e-03 7.168168e-01
317 2.355602e-03 5.183723e-01
318 4.235434e-04 2.451218e-01
319 8.986523e-05 9.618718e-02
320 1.912910e-05 4.326695e-02
321 3.420786e-04 3.860825e-01
322 2.857522e-10 6.874488e-03
323 2.596470e-06 2.749260e-02
324 3.814613e-08 5.422807e-03
325 2.221664e-08 5.311045e-03
326 2.003515e-06 4.683399e-02
327 5.344091e-03 9.077805e-01
328 7.417463e-04 2.233966e-01
329 1.428543e-03 5.003269e-01
330 6.722749e-06 1.175957e-02
331 4.071576e-04 3.694107e-02
332 5.375068e-04 3.313222e-01
333 5.637665e-08 1.670374e-02
334 6.689149e-06 4.984164e-02
335 9.379127e-09 2.172052e-03
336 2.302165e-06 1.103644e-02
337 1.416650e-06 1.353685e-02
338 2.012043e-03 2.107054e-01
339 9.333096e-04 3.411844e-01
340 1.440520e-05 1.533314e-02
341 3.446034e-07 1.047279e-02
342 1.866368e-05 8.638046e-03
343 6.516272e-08 3.918200e-02
344 3.814778e-05 2.000217e-02
345 1.860264e-03 9.515090e-01
346 3.374439e-03 5.555837e-01
347 7.960276e-08 4.231212e-03
348 1.626338e-04 5.531988e-02
349 1.691907e-05 8.115460e-03
350 1.758765e-06 3.316958e-03
351 2.443508e-03 9.077205e-01
352 4.057880e-05 2.187804e-01
353 3.098135e-08 1.288779e-03
354 7.364537e-04 1.495350e-01
355 1.599284e-05 2.684359e-02
356 2.634816e-03 5.516663e-01
357 9.604557e-04 2.000204e-01
358 7.093698e-06 6.221843e-03
359 6.931413e-06 1.250964e-02
360 1.131739e-04 1.526719e-01
361 1.172555e-03 2.531140e-01
362 1.937259e-03 1.587312e-01
363 4.852429e-05 4.652403e-02
364 1.506258e-05 5.338859e-02
365 7.544644e-06 4.148837e-02
366 1.887608e-06 2.106254e-02
367 4.545194e-07 1.709724e-02
368 7.947109e-06 1.253958e-02
369 5.588829e-07 1.179621e-02
370 5.184711e-06 2.053477e-02
371 1.500121e-05 8.702472e-02
372 3.872359e-07 3.669815e-02
373 5.316262e-05 7.114763e-02
374 6.526142e-09 6.334351e-03
375 5.852225e-08 1.468255e-03
376 2.505411e-07 3.679547e-03
377 3.027815e-03 6.494715e-01
378 5.308249e-05 2.814459e-02
379 1.960793e-06 6.168834e-03
380 3.441050e-06 2.060944e-02
381 1.912659e-03 7.063016e-01
382 2.275345e-04 3.661920e-02
383 6.629139e-04 2.119555e-01
384 6.491431e-05 2.159801e-02
385 1.196163e-03 6.785295e-01
386 1.954876e-05 1.769845e-02
387 1.034212e-05 2.083390e-02
388 6.241338e-07 4.076207e-03
389 2.220839e-07 1.071870e-02
390 4.731933e-09 4.438084e-03
391 9.135479e-05 3.864023e-02
392 7.434716e-06 2.877216e-02
393 2.761669e-09 2.653692e-03
394 2.046474e-03 8.060070e-01
395 9.537377e-07 1.846755e-03
396 1.148562e-05 4.005359e-02
397 2.603993e-06 2.295247e-02
398 9.063773e-10 2.559544e-03
399 1.611216e-07 9.123556e-03
400 3.163145e-03 1.651589e+00
401 5.467597e-06 2.790982e-02
402 1.008298e-03 5.909983e-01
403 5.956438e-05 3.391789e-02
404 1.842654e-05 2.940856e-02
405 7.697521e-07 5.175759e-03
406 1.969396e-04 2.684874e-01
407 1.205557e-04 1.224560e-01
408 6.663806e-04 7.375030e-01
409 5.544777e-05 8.762379e-02
410 4.626529e-06 1.555705e-02
411 7.341186e-05 4.450163e-02
412 6.797714e-05 1.337215e-02
413 6.626336e-04 5.093357e-01
414 2.601468e-04 4.866521e-02
415 6.047451e-08 1.967417e-03
416 1.955180e-04 1.277211e-01
417 2.915203e-06 2.990432e-03
418 1.527755e-03 5.624291e-01
419 1.517512e-03 8.413072e-01
420 1.757619e-05 9.759562e-03
421 1.683387e-04 2.961722e-02
422 1.492234e-05 3.032887e-02
423 8.498244e-06 1.279198e-02
424 1.049044e-04 7.003606e-02
425 4.128449e-05 1.589603e-02
426 1.678384e-08 3.759873e-03
427 1.004329e-04 1.539634e-01
428 1.769666e-04 4.555887e-02
429 1.871126e-03 3.729618e-01
430 4.645439e-07 1.729847e-03
431 5.683186e-09 4.157764e-03
432 2.342790e-04 1.471599e-01
433 3.331430e-09 1.257118e-03
434 1.527287e-07 5.218292e-03
435 1.027881e-05 5.959749e-03
436 6.388466e-09 2.357724e-03
437 3.808179e-04 1.446967e-01
438 9.780562e-08 5.840510e-03
439 2.030484e-07 4.601149e-03
440 1.131725e-07 4.337189e-03
441 9.043389e-05 4.406989e-02
442 1.013137e-08 6.772201e-03
443 1.481557e-06 5.417789e-03
444 1.318451e-04 5.140315e-02
445 3.236577e-04 9.668877e-02
446 1.686400e-06 1.744760e-02
447 3.587096e-08 2.495744e-03
448 1.904517e-06 2.763248e-03
449 3.354567e-08 2.387642e-03
450 1.242185e-06 3.705443e-03
451 2.054645e-07 1.340963e-03
452 4.281683e-05 1.362618e-02
453 3.267773e-07 5.158058e-03
454 2.856956e-05 4.202974e-02
455 7.990329e-04 1.749177e-01
456 2.451508e-07 5.635670e-03
457 1.628817e-05 4.467047e-02
458 1.796884e-05 7.084597e-02
459 1.481888e-05 7.281844e-02
460 5.447033e-07 4.068242e-03
461 3.698185e-05 3.907900e-02
462 3.249753e-04 3.101105e-01
463 2.982985e-05 7.525403e-02
464 5.600743e-05 1.087250e-02
465 7.227686e-08 1.844098e-03
466 5.980942e-08 2.732213e-03
467 1.218484e-03 5.794800e-01
468 2.736392e-09 5.934368e-03
469 2.792614e-04 1.454017e-01
470 9.448462e-05 2.184061e-02
471 1.875167e-05 3.841984e-02
472 1.177134e-05 7.549659e-03
473 1.132316e-05 1.629571e-02
474 1.087465e-05 5.086990e-03
475 8.841818e-05 4.161723e-02
476 3.752185e-09 2.276437e-03
477 2.443312e-04 1.060062e-01
478 1.802269e-09 3.581651e-03
479 3.781079e-09 1.840752e-03
480 2.482071e-06 1.386128e-02
481 1.754878e-07 8.191622e-03
482 1.132471e-03 3.043792e-01
483 7.594011e-08 1.194609e-03
484 7.771629e-08 1.953641e-03
485 1.101593e-04 1.038053e-01
486 8.256665e-07 5.295919e-03
487 5.005099e-05 9.107983e-02
488 3.177161e-07 6.582091e-03
489 9.972321e-06 1.376669e-02
490 9.808015e-06 4.773781e-02
491 1.207241e-06 1.095505e-02
492 1.389122e-04 1.898983e-02
493 2.809271e-08 2.367219e-03
494 7.128328e-04 1.444038e-01
495 1.039239e-03 2.047819e-01
496 1.048113e-04 1.964658e-01
497 1.119370e-04 1.476870e-01
498 1.326899e-05 4.296457e-02
499 4.950217e-05 1.287199e-02
500 1.683995e-08 9.724070e-03
501 1.038040e-02 9.274608e-01
502 1.590310e-06 1.981526e-02
503 9.237207e-05 7.673942e-02
504 4.205841e-03 1.166107e+00
505 1.390280e-07 6.448357e-03
506 1.986630e-07 1.314178e-02
507 8.057482e-07 9.707384e-03
508 5.875055e-05 1.598604e-02
509 1.218442e-03 3.676789e-01
510 2.555827e-07 9.914602e-03
511 4.475283e-07 4.998957e-03
512 1.546823e-08 2.039486e-03
513 7.073699e-05 3.599503e-02
514 4.338796e-08 1.969282e-02
515 1.924008e-06 5.776960e-02
516 1.707507e-04 8.543514e-02
517 1.549952e-06 7.845519e-03
518 4.517875e-08 4.541714e-03
519 1.199379e-06 1.090213e-02
520 9.598966e-10 1.504605e-03
521 5.655560e-06 3.005967e-02
522 2.324127e-06 3.449093e-03
523 1.706953e-06 8.487079e-03
524 1.815592e-04 8.358664e-02
525 7.678904e-04 1.139852e-01
526 3.831670e-06 1.759890e-02
527 4.248332e-04 2.019902e-01
528 4.906368e-04 1.662754e-01
529 1.909893e-03 2.780079e-01
530 1.962266e-04 7.156916e-02
531 9.338702e-11 1.574193e-03
532 1.042326e-06 9.708875e-03
533 2.023110e-06 2.893834e-03
534 3.304718e-06 8.946132e-02
535 1.992660e-03 3.182790e-01
536 2.733371e-04 1.067353e-01
537 1.530172e-03 3.633206e-01
538 2.868271e-06 9.629479e-02
539 3.674702e-05 6.224137e-02
540 2.166893e-06 2.847197e-02
541 1.636377e-03 8.655112e-01
542 8.913912e-06 1.333898e-02
543 1.130707e-04 1.027643e-02
544 7.626134e-05 7.997086e-02
545 2.967601e-07 9.545052e-03
546 2.713428e-06 1.579464e-02
547 1.339084e-05 5.532762e-02
548 2.072708e-04 3.944441e-02
549 1.780836e-06 2.927617e-02
550 9.393923e-09 5.838632e-03
551 4.179277e-04 3.069677e-02
552 2.124333e-07 2.689922e-03
553 5.518298e-07 7.545385e-03
554 6.010968e-09 3.020693e-03
555 5.781787e-06 7.071285e-02
556 1.395229e-06 7.651863e-03
557 1.212431e-04 9.613424e-02
558 1.367600e-07 8.197997e-03
559 2.826183e-04 6.918615e-02
560 7.750764e-08 3.362348e-03
561 7.679999e-06 3.352480e-02
562 4.444255e-07 1.837015e-03
563 4.560263e-03 1.808715e+00
564 1.934725e-03 9.332292e-01
565 3.479608e-06 3.883157e-03
566 1.864860e-03 5.976490e-02
567 2.852034e-04 6.816163e-02
568 2.086401e-04 1.096678e-01
569 1.036032e-05 1.229080e-02
570 6.946059e-06 5.167783e-02
571 2.823878e-04 6.586921e-02
572 5.515965e-04 1.128520e-01
573 7.260179e-04 2.076773e-01
574 4.004962e-06 5.903331e-03
575 4.238391e-08 4.062152e-03
576 3.121821e-06 9.652431e-03
577 9.826707e-09 2.689364e-03
578 1.469621e-06 4.126144e-03
579 1.531772e-04 2.678005e-02
580 1.555716e-07 6.033909e-03
581 5.937109e-04 1.118839e-01
582 2.400090e-06 1.521299e-02
583 3.707611e-04 4.716711e-01
584 3.300696e-05 7.851020e-02
585 2.799547e-05 4.577609e-02
586 7.460646e-04 1.395692e-01
587 1.054952e-05 1.330444e-02
588 1.870676e-05 5.917829e-02
589 2.417555e-04 5.434714e-02
590 4.648812e-07 1.234896e-02
591 2.180609e-06 2.685926e-02
592 5.704323e-03 7.235717e-01
593 6.192147e-07 9.345078e-03
594 1.362237e-04 9.792232e-02
595 2.193242e-07 5.612456e-03
596 2.790724e-08 1.379646e-03
597 1.873942e-07 2.285441e-03
598 4.077789e-05 4.662840e-02
599 5.997852e-05 1.989632e-02
600 7.195033e-07 5.165403e-03
601 5.699225e-07 4.327889e-03
602 1.984299e-05 2.818413e-02
603 2.295282e-05 3.383037e-02
604 1.697608e-08 2.068305e-03
605 3.394324e-04 1.644555e-01
606 4.063004e-04 1.034619e-01
607 1.363031e-07 5.245952e-03
608 6.967682e-04 3.259458e-02
609 4.020412e-05 1.668480e-02
610 4.433551e-06 1.630927e-02
611 4.371277e-08 2.536203e-03
612 6.179064e-06 3.635099e-02
613 4.385273e-08 5.338396e-03
614 1.184837e-06 5.667025e-03
615 2.575729e-08 5.944954e-03
616 1.992544e-04 4.497016e-02
617 2.744038e-06 1.408845e-02
618 1.584116e-07 8.404195e-03
619 2.046242e-05 7.525379e-03
620 3.795137e-07 3.881032e-03
621 2.577824e-07 3.424331e-03
622 5.393681e-04 2.768459e-01
623 1.168527e-05 1.749077e-02
624 1.217888e-06 4.438723e-03
625 6.974701e-07 1.185474e-02
626 4.616892e-07 6.378867e-03
627 3.772397e-07 3.677665e-03
628 3.186696e-05 3.256731e-02
629 1.224445e-06 2.134229e-03
630 1.713790e-05 1.464185e-02
631 8.778665e-06 1.224681e-02
632 7.202501e-08 1.264600e-03
633 5.139407e-04 3.045353e-01
634 9.963327e-05 2.791857e-02
635 1.966577e-07 8.789852e-03
636 8.007810e-08 2.104507e-02
637 2.291733e-07 1.159769e-02
638 5.513101e-09 2.182682e-03
639 1.044383e-09 1.581185e-03
640 2.596266e-09 2.443777e-03
641 2.244739e-09 1.528505e-03
642 1.820557e-07 5.431658e-03
643 6.187849e-05 8.612711e-02
644 1.332012e-03 2.025700e-01
645 3.287569e-04 7.264320e-02
646 4.244112e-06 1.428544e-02
647 7.399517e-07 6.028383e-03
648 5.093796e-05 3.760628e-02
649 2.778908e-03 6.391162e-01
650 2.165115e-06 5.020017e-03
651 1.674459e-07 8.525330e-03
652 1.604246e-04 7.355520e-02
653 4.228133e-08 4.782901e-03
654 8.387015e-07 4.939542e-03
655 1.085381e-06 9.184468e-03
656 1.995249e-07 2.809848e-03
657 3.170503e-04 3.886664e-02
658 1.656290e-04 1.458862e-01
659 1.881549e-04 2.151213e-02
660 1.520421e-04 1.188114e-01
661 4.351199e-07 5.555245e-03
662 4.618517e-04 2.481357e-01
663 6.020230e-04 7.801074e-01
664 4.447615e-05 5.197632e-02
665 4.523444e-07 9.380117e-03
666 1.482028e-04 1.675819e-02
667 1.348172e-03 4.878689e-02
668 2.273060e-03 3.592578e-01
669 1.877329e-03 2.413461e-01
670 1.706407e-07 9.345543e-03
671 1.858171e-05 2.196555e-02
672 3.322949e-07 2.506622e-02
673 1.820345e-05 1.163660e-02
674 4.739232e-07 2.105666e-03
675 4.032794e-05 1.379932e-01
676 2.041996e-06 5.687453e-03
677 3.976234e-10 1.338944e-03
678 1.406643e-05 7.320551e-03
679 1.919375e-03 2.027714e-01
680 1.527498e-05 4.604791e-02
681 3.186445e-05 7.039190e-02
682 9.976090e-06 1.286541e-02
683 1.909596e-06 3.059542e-02
684 1.846282e-05 1.907343e-02
685 1.008317e-08 2.171045e-03
686 6.590317e-06 1.914515e-02
687 2.782314e-03 6.711976e-01
688 4.592498e-06 2.490581e-02
689 5.229597e-07 1.032379e-02
690 2.418234e-08 2.015294e-03
691 1.079692e-03 1.711074e-01
692 9.613381e-08 2.929304e-03
693 2.100937e-05 2.200271e-02
694 5.424888e-04 8.939419e-02
695 7.210113e-04 2.487603e-01
696 3.053866e-03 7.057381e-01
697 1.586692e-05 9.271941e-03
698 4.148595e-04 1.393893e-01
699 8.316592e-08 1.538237e-03
700 1.287029e-04 5.020268e-02
701 5.007046e-06 1.965500e-02
702 1.209418e-08 1.237183e-03
703 3.818086e-08 4.011021e-03
704 6.152757e-11 1.311534e-03
705 1.808764e-03 2.936955e-01
706 2.408320e-08 1.732047e-03
707 1.125678e-03 9.717753e-02
708 1.918956e-11 4.995842e-03
709 7.940135e-11 2.939365e-03
710 8.235557e-07 6.295744e-03
711 5.690776e-10 1.204892e-03
712 1.988323e-07 4.812574e-03
713 1.270583e-07 6.463206e-03
714 1.560045e-09 2.451235e-03
715 1.064602e-05 1.647087e-02
716 1.573109e-04 2.941764e-02
717 2.423411e-08 5.329152e-03
718 8.469746e-11 2.642272e-03
719 1.876365e-03 6.801939e-01
720 9.920086e-11 1.188322e-03
721 1.524779e-05 8.436685e-03
722 7.261629e-10 2.732702e-03
723 3.647903e-06 1.662337e-02
724 2.093532e-07 3.486649e-03
725 1.362796e-10 1.464599e-03
726 1.769446e-04 4.778151e-02
727 4.009072e-09 4.371373e-03
728 8.116376e-08 7.907049e-03
729 1.484609e-09 7.307658e-03
730 4.256845e-08 2.752440e-03
731 2.156910e-04 1.018659e-01
732 4.243665e-12 1.364472e-03
733 1.901170e-13 9.157500e-04
734 1.645749e-07 2.990478e-03
735 6.572731e-08 3.405373e-03
736 8.919905e-06 1.665714e-02
737 1.006616e-10 1.363521e-03
738 6.481404e-05 9.637480e-02
739 3.596381e-08 3.515312e-03
740 2.628766e-05 3.703153e-02
741 1.212353e-07 8.485014e-03
742 1.578784e-05 2.195186e-02
743 1.358581e-03 7.249728e-01
744 3.227836e-10 2.638478e-03
745 2.044250e-08 2.531265e-03
746 1.239876e-06 1.280635e-02
747 4.745127e-04 5.648991e-02
748 1.208904e-03 1.759129e-01
749 7.020894e-05 1.828876e-01
750 3.888421e-07 6.852185e-03
751 1.257917e-06 1.233800e-02
752 2.750392e-07 1.983289e-03
753 1.289453e-08 2.987186e-03
754 1.658913e-04 1.073847e-01
755 1.017938e-05 2.158042e-02
756 3.511211e-05 3.571944e-02
757 1.362956e-09 1.517573e-03
758 6.585500e-06 2.112595e-02
759 2.059986e-04 2.472514e-02
760 4.432097e-08 2.276098e-03
761 1.527903e-04 3.367986e-02
762 1.756976e-04 2.374544e-02
763 6.184571e-09 1.966357e-03
764 3.960016e-08 9.888155e-03
765 9.587164e-09 1.044224e-02
766 6.609945e-07 5.505770e-03
767 1.343506e-07 5.905818e-03
768 5.121463e-05 2.924666e-02
769 6.690055e-06 7.817778e-03
770 1.342452e-04 6.542068e-02
771 2.470039e-05 5.189942e-03
772 1.567696e-11 1.550057e-03
773 4.874880e-08 1.604293e-02
774 2.356939e-08 1.956856e-03
775 4.991859e-04 9.615524e-02
776 1.071417e-04 8.899094e-02
777 7.222128e-05 3.553399e-02
778 8.296283e-05 2.403993e-02
779 1.282167e-03 2.457991e-01
780 3.054212e-05 1.562665e-02
781 3.591731e-04 7.789167e-02
782 1.555444e-06 4.566002e-03
783 1.062806e-05 9.799994e-03
784 6.162897e-06 6.836208e-03
785 3.029796e-04 4.376555e-02
786 5.074848e-05 2.568907e-02
787 3.216397e-04 3.995576e-02
788 5.191483e-06 2.309485e-02
789 3.986266e-09 1.348800e-03
790 8.184058e-05 1.619361e-01
791 3.042771e-05 1.739725e-02
792 6.477835e-07 4.939391e-03
793 4.667559e-06 9.915567e-03
794 9.599017e-07 5.122239e-03
795 7.616573e-04 5.744707e-01
796 1.211622e-08 3.134520e-03
797 7.222723e-04 2.873086e-01
798 7.839280e-04 4.586760e-01
799 5.023831e-06 5.271416e-03
800 1.489269e-04 8.559436e-02
801 8.376811e-08 4.158817e-03
802 7.412235e-05 4.521780e-02
803 1.647809e-03 1.677454e-01
804 1.202386e-06 1.604907e-02
805 1.848562e-08 4.029043e-03
806 3.704745e-04 2.325270e-01
807 2.564474e-06 5.543912e-02
808 1.060230e-05 4.205389e-03
809 1.301981e-03 3.598269e-01
810 4.910141e-05 1.694371e-02
811 4.092208e-06 2.754770e-02
812 5.246507e-07 6.930958e-03
813 5.253853e-07 5.859138e-03
814 6.081623e-06 1.063490e-02
815 4.743201e-06 2.621310e-02
816 1.298262e-04 1.590853e-01
817 2.194616e-03 8.137627e-01
818 2.192520e-08 3.590711e-03
819 2.412123e-05 1.022626e-01
820 1.873040e-05 5.265917e-02
821 4.070298e-06 2.788731e-02
822 2.723124e-07 3.570095e-03
823 2.300923e-06 9.605650e-03
824 2.119788e-07 2.607063e-02
825 8.320451e-07 2.666628e-02
826 4.104252e-05 9.817699e-03
827 2.956773e-06 5.687752e-03
828 5.792587e-05 3.828446e-02
829 8.051166e-07 1.437243e-02
830 2.490191e-03 4.764822e-01
831 7.210813e-05 2.043788e-02
832 5.207240e-06 8.751764e-03
833 4.985265e-06 2.216304e-02
834 3.702685e-06 2.177184e-02
835 1.162255e-07 2.278583e-03
836 5.295199e-09 1.027227e-03
837 6.136339e-07 1.489444e-02
838 1.223748e-05 8.918568e-03
839 3.045526e-07 1.524832e-02
840 6.307890e-06 3.764972e-02
841 3.104262e-05 3.452045e-02
842 5.164797e-04 4.087129e-01
843 4.718153e-05 2.876922e-02
844 3.230494e-06 3.615332e-02
845 7.974575e-07 3.280602e-02
846 7.845364e-04 1.126225e-01
847 5.353499e-05 2.492352e-02
848 3.574925e-04 1.224253e-01
849 2.393846e-07 5.779008e-03
850 3.734139e-04 1.032894e+00
851 1.188529e-05 2.086482e-02
852 1.887268e-05 1.914156e-01
853 3.404980e-04 2.857605e-01
854 6.931254e-05 8.542408e-02
855 4.725335e-05 1.622970e-01
856 1.068711e-04 5.418001e-02
857 1.205744e-03 2.800486e-01
858 3.518308e-06 2.062980e-02
859 1.287627e-08 3.866778e-03
860 4.704938e-04 4.964908e-02
861 1.318563e-08 1.641762e-03
862 2.047029e-05 2.272229e-02
863 2.817144e-04 9.882658e-02
864 3.131182e-06 7.926959e-03
865 4.035656e-04 1.094679e-01
866 5.110942e-04 1.669935e-01
867 6.513653e-04 6.905140e-01
868 1.218301e-05 7.100264e-03
869 1.018300e-05 3.270337e-02
870 8.908997e-05 4.668919e-02
871 1.010744e-05 2.789280e-02
872 1.877612e-03 3.157700e-01
873 2.069004e-05 7.350697e-02
874 5.919387e-04 2.450033e-01
875 3.705866e-06 6.336326e-03
876 1.045936e-11 1.062644e-03
877 2.204001e-07 9.370439e-03
878 2.904147e-04 4.135939e-01
879 1.728871e-04 9.848884e-02
880 1.056872e-05 1.100990e-02
881 8.564125e-10 2.291684e-03
882 7.828832e-05 7.112324e-02
883 1.331032e-03 5.702831e-01
884 4.861716e-04 9.966748e-02
885 1.152227e-04 7.798634e-02
886 8.045059e-07 7.915600e-03
887 5.394043e-07 1.343613e-02
888 2.753725e-06 1.281989e-02
889 2.422576e-07 2.300071e-02
890 1.360309e-06 2.352288e-02
891 3.882123e-04 3.483726e-01
892 3.884879e-09 2.858829e-03
893 8.167780e-05 6.076810e-02
894 2.479430e-06 7.054321e-03
895 4.474931e-05 7.931286e-02
896 1.771620e-06 5.488005e-02
897 2.262650e-04 8.040365e-02
898 1.673944e-06 9.316119e-03
899 1.768491e-06 1.430473e-02
900 7.635968e-08 1.625562e-02
901 1.032917e-04 8.765751e-02
902 1.871146e-08 2.126956e-03
903 3.089953e-06 3.483222e-02
904 3.955941e-08 2.108384e-02
905 1.112636e-08 6.663735e-03
906 1.440177e-06 8.268523e-03
907 1.179188e-08 2.066353e-03
908 1.176930e-08 8.980309e-03
909 5.686121e-05 2.988765e-02
910 5.866056e-06 2.805375e-02
911 1.635980e-07 2.118017e-02
912 3.029900e-07 1.046925e-02
913 2.593954e-08 3.414977e-03
914 1.682757e-07 7.549544e-03
915 1.156728e-03 1.905708e-01
916 1.701099e-10 2.827310e-03
917 1.707339e-08 2.394383e-03
918 2.670083e-09 2.639540e-03
919 6.828638e-04 2.001771e-01
920 8.875949e-09 6.486645e-03
921 7.644057e-07 3.962694e-03
922 5.606206e-07 1.636201e-02
923 6.712654e-09 5.135605e-03
924 5.203660e-04 3.203521e-01
925 1.146744e-04 6.888970e-02
926 3.395925e-05 4.290837e-02
927 3.161904e-05 1.224884e-01
928 2.674385e-07 4.358738e-02
929 4.617734e-04 1.654796e-01
930 3.009446e-04 5.272131e-02
931 2.506693e-04 1.980613e-02
932 4.977001e-05 4.978488e-02
933 5.533932e-09 2.973058e-03
934 1.157388e-05 9.708879e-03
935 3.900717e-07 3.608002e-03
936 1.012264e-06 2.783731e-02
937 9.930787e-10 5.815829e-03
938 4.124272e-08 2.377309e-03
939 3.637760e-06 1.030152e-02
940 5.533793e-04 1.259945e-01
941 7.122605e-09 3.332050e-03
942 4.655960e-05 1.401148e-01
943 6.064317e-06 2.418210e-02
944 1.889888e-11 1.972736e-03
945 7.914297e-05 3.201522e-02
946 3.113744e-09 2.224250e-03
947 7.039594e-05 2.071745e-02
948 5.805310e-08 1.523894e-03
949 4.525027e-06 1.791228e-02
950 1.344049e-03 1.170812e-01
951 6.140563e-08 3.014531e-02
952 6.319620e-06 4.150165e-02
953 1.894182e-10 2.418492e-03
954 9.415881e-06 3.686525e-02
955 3.612556e-07 4.484330e-03
956 9.300191e-06 1.931161e-02
957 1.464654e-04 5.414507e-02
958 1.580599e-04 4.018297e-02
959 2.932452e-04 3.017980e-02
960 4.176130e-09 2.434918e-03
961 1.237599e-09 9.517363e-03
962 4.138418e-08 1.077724e-02
963 2.464812e-07 3.547529e-03
964 1.644205e-07 1.984951e-03
965 5.192213e-04 1.284213e-01
966 7.361737e-05 1.772219e-02
967 2.767259e-06 8.184965e-03
968 4.101257e-04 9.572383e-02
969 7.909800e-05 1.247656e-01
970 3.417013e-05 2.330190e-02
971 5.873197e-06 8.083564e-03
972 7.877092e-05 4.618402e-02
973 2.583090e-06 8.928652e-03
974 2.664346e-06 8.026108e-03
975 1.635965e-05 9.063580e-02
976 3.827583e-04 3.135121e-01
977 3.413315e-05 1.885916e-02
978 2.714262e-06 2.453431e-02
979 1.464164e-07 2.950561e-03
980 1.474139e-05 2.141913e-02
981 7.240532e-06 2.197128e-02
982 2.492311e-07 1.415291e-03
983 5.701125e-07 3.859667e-03
984 9.114354e-06 2.056438e-02
985 1.413140e-05 6.136477e-02
986 1.025632e-03 3.842068e-01
987 2.368379e-07 6.220606e-03
988 7.288084e-09 2.068338e-03
989 2.696441e-04 9.578567e-02
990 2.192542e-08 2.264874e-03
991 4.253702e-03 7.967003e-01
992 3.024836e-06 6.945469e-03
993 2.998316e-06 9.600105e-03
994 1.445596e-12 1.343352e-03
995 4.008790e-07 1.514653e-02
996 1.933736e-03 7.430302e-01
997 3.645235e-07 8.025082e-03
998 1.152638e-06 3.903156e-03
999 1.333357e-05 2.522142e-02
1000 1.449271e-12 1.344524e-03
1001 7.975792e-06 9.381983e-03
1002 1.202120e-04 1.066771e-01
1003 1.828144e-04 3.820854e-02
1004 2.846015e-05 3.904448e-02
1005 1.267736e-06 2.269349e-03
1006 4.905649e-04 1.647256e-01
1007 5.306342e-08 3.016081e-03
1008 8.795761e-05 3.312701e-02
1009 3.492531e-07 2.042003e-03
1010 1.137128e-05 2.155782e-02
1011 2.651662e-07 1.732052e-02
1012 3.896373e-05 2.541793e-01
1013 1.836220e-07 1.235397e-02
1014 6.464757e-07 8.465157e-03
1015 1.653340e-05 3.386777e-02
1016 1.040297e-04 2.102499e-02
1017 3.130973e-03 5.253258e-01
1018 2.763111e-05 1.043422e-01
1019 2.328332e-10 1.929902e-03
1020 8.868617e-09 1.104005e-02
1021 6.092155e-07 1.422712e-02
1022 2.791553e-10 1.414989e-03
1023 1.512971e-05 1.896020e-02
1024 1.004539e-04 1.946225e-02
1025 8.228200e-10 1.527429e-03
1026 5.311714e-11 1.937812e-03
1027 1.789502e-06 1.115525e-02
1028 1.398039e-04 1.073806e-01
1029 3.112200e-07 6.104332e-03
1030 1.010085e-08 3.061150e-03
1031 8.975938e-06 1.198351e-02
1032 1.087929e-03 4.331864e-01
1033 5.883864e-09 1.554603e-03
1034 9.985397e-06 3.095616e-02
1035 9.297326e-06 1.605586e-02
1036 4.206316e-05 1.593920e-01
1037 3.508192e-09 3.022580e-03
1038 2.201709e-07 3.125116e-03
1039 4.957721e-06 9.908466e-03
1040 2.718873e-08 3.101378e-03
1041 3.037731e-03 3.935281e-01
1042 5.504306e-07 7.768005e-03
1043 1.402278e-09 1.239499e-03
1044 2.789919e-07 3.618990e-03
1045 7.892196e-09 2.385914e-03
1046 2.068648e-12 1.277349e-03
1047 1.727073e-09 1.279805e-03
1048 3.162003e-07 4.739972e-03
1049 8.930899e-09 1.166165e-03
1050 3.226442e-03 9.623945e-01
1051 1.200116e-03 7.534383e-02
1052 1.965376e-07 2.941445e-03
1053 2.335050e-06 9.308514e-03
1054 1.092856e-09 1.868663e-03
1055 3.099306e-10 1.156852e-03
1056 2.194569e-06 8.941192e-03
1057 2.369428e-06 1.323633e-02
1058 1.268730e-08 1.571958e-03
1059 3.689988e-04 8.657496e-02
1060 5.491281e-09 1.477484e-03
1061 3.087035e-06 3.281766e-03
1062 2.337809e-10 1.140552e-03
1063 1.141847e-05 2.589203e-02
1064 3.523252e-05 6.006905e-02
1065 5.046391e-10 1.808263e-03
1066 5.242827e-10 1.188379e-03
1067 7.884975e-06 1.424677e-02
1068 2.420761e-08 1.817107e-03
1069 1.640328e-07 2.969039e-03
1070 2.434496e-09 1.193314e-03
1071 6.351303e-07 2.057057e-03
1072 2.715499e-08 2.555024e-03
1073 6.807373e-09 1.345089e-03
1074 6.409295e-09 1.906802e-03
1075 6.688584e-07 3.821878e-03
1076 3.220452e-07 4.154187e-03
1077 5.084413e-07 5.493266e-03
1078 1.201769e-05 1.459180e-02
1079 7.761535e-08 4.522733e-03
1080 3.144621e-04 7.078929e-02
1081 7.115178e-06 5.125264e-02
1082 7.725862e-07 3.731909e-03
1083 1.708461e-06 5.143668e-03
1084 5.455203e-10 1.205180e-03
1085 4.574027e-08 1.821843e-03
1086 1.390334e-07 3.019757e-03
1087 9.802475e-08 1.404592e-03
1088 3.323687e-06 8.425830e-03
1089 3.414536e-08 1.365150e-03
1090 9.699985e-11 1.204076e-03
1091 1.442764e-08 1.663773e-03
1092 1.414679e-06 2.371519e-03
1093 2.302973e-06 2.388225e-02
1094 6.017398e-05 1.740355e-02
1095 6.748131e-08 2.996204e-03
1096 8.127506e-05 3.846089e-02
1097 4.686932e-06 5.275066e-02
1098 1.559988e-07 8.084387e-03
1099 2.725036e-09 3.598150e-03
1100 3.821125e-10 1.118760e-03
1101 3.115838e-06 2.456680e-02
1102 2.004854e-07 1.198614e-02
1103 1.905782e-06 4.015863e-03
1104 3.231374e-05 3.207232e-02
1105 9.334609e-09 2.111117e-03
1106 1.323445e-03 5.695294e-01
1107 4.066327e-08 2.630686e-03
1108 3.521670e-07 8.253108e-03
1109 5.997145e-11 1.817778e-03
1110 1.827897e-07 1.045756e-02
1111 3.101352e-08 2.196194e-03
1112 3.350872e-11 1.790196e-03
1113 2.238962e-06 1.478286e-02
1114 7.448298e-05 2.939228e-02
1115 2.423936e-03 3.174409e-01
1116 8.161912e-11 1.968538e-03
1117 8.895390e-04 3.664832e-01
1118 1.729941e-07 5.099295e-03
1119 1.499566e-05 3.053664e-02
1120 2.762072e-05 7.574241e-02
1121 6.349624e-06 1.115496e-02
1122 1.791450e-06 2.083008e-02
1123 5.292686e-06 3.999750e-03
1124 1.542571e-06 1.462023e-02
1125 7.320218e-06 4.915582e-03
1126 2.002431e-07 6.926238e-03
1127 3.636775e-07 4.400652e-03
1128 4.050250e-05 4.986774e-02
1129 9.416318e-07 8.563088e-03
1130 7.741981e-08 1.233897e-02
1131 3.227323e-04 9.121358e-02
1132 7.583776e-06 1.328940e-02
1133 7.480275e-08 2.201816e-03
1134 1.657499e-04 9.732594e-02
1135 9.000362e-06 1.762783e-02
1136 1.946063e-03 1.832294e-01
1137 1.161508e-06 2.247053e-02
1138 3.439673e-10 1.865746e-03
1139 5.175738e-06 7.299622e-03
1140 6.096244e-11 2.155834e-03
1141 7.290480e-06 6.419482e-03
1142 1.467230e-04 8.790897e-02
1143 4.007222e-07 7.793763e-02
1144 1.637728e-09 6.472347e-03
1145 5.954467e-06 2.464473e-02
1146 1.677332e-03 6.773826e-01
1147 1.644665e-04 7.242241e-02
1148 6.377594e-09 2.425821e-03
1149 9.051788e-04 1.882186e-01
1150 1.049901e-10 2.359938e-03
1151 1.067570e-03 2.710948e-01
1152 1.371569e-04 1.280847e-01
1153 2.707765e-06 6.569144e-03
1154 1.302495e-09 1.933814e-03
1155 5.408387e-04 3.708136e-01
1156 2.865307e-08 2.779783e-03
1157 1.849523e-04 6.535310e-02
1158 4.727984e-07 5.863614e-03
1159 3.758459e-10 1.511873e-03
1160 1.017580e-06 3.050638e-03
1161 1.693603e-06 2.055657e-02
1162 1.471077e-05 2.325903e-01
1163 4.246895e-05 2.172872e-02
1164 1.520204e-05 5.893807e-02
1165 1.641855e-03 7.566719e-01
1166 1.619119e-03 1.742420e-01
1167 1.386483e-04 1.177499e-01
1168 4.281763e-05 4.608789e-02
1169 8.830123e-08 8.018202e-03
1170 6.120565e-07 6.179388e-03
1171 6.756346e-07 1.014674e-02
1172 9.210987e-05 8.721105e-02
1173 2.918449e-10 1.101238e-03
1174 7.226095e-04 4.088874e-01
1175 2.253151e-06 2.602732e-02
1176 1.526937e-10 1.778831e-03
1177 9.033236e-05 1.286436e-01
1178 1.333288e-03 3.946021e-01
1179 1.882504e-04 4.759854e-02
1180 4.838709e-06 9.618346e-03
1181 1.300420e-07 1.989273e-03
1182 3.314368e-05 1.038845e-02
1183 2.851327e-04 1.659263e-01
1184 6.268404e-05 6.345139e-02
1185 9.290139e-08 1.084947e-02
1186 3.061936e-04 1.962222e-01
1187 5.695086e-04 1.667600e-01
1188 2.738417e-06 2.319522e-03
1189 7.755951e-09 2.577756e-03
1190 3.025798e-12 1.991191e-03
1191 4.428087e-07 2.977879e-03
1192 1.691422e-04 1.353134e-01
1193 5.670745e-10 3.228893e-03
1194 1.487767e-05 2.874099e-02
1195 5.190344e-04 2.705125e-01
1196 3.819779e-09 5.334675e-03
1197 1.113055e-07 3.535288e-03
1198 4.769762e-06 2.824768e-03
1199 5.305533e-04 2.760135e-01
1200 3.603060e-03 4.156623e-01
1201 3.942041e-10 1.124782e-03
1202 2.824173e-05 2.591231e-02
1203 7.908316e-05 4.378319e-02
1204 4.623909e-06 7.246359e-03
1205 5.910431e-11 1.941556e-03
1206 3.523811e-03 3.831698e-01
1207 2.435242e-06 5.761730e-03
1208 1.252148e-06 6.325921e-03
1209 1.741403e-04 1.344082e-01
1210 2.058182e-04 6.745313e-02
1211 1.644240e-03 1.419630e-01
1212 2.606893e-08 3.746239e-03
1213 3.695254e-08 4.992574e-03
1214 1.269757e-04 1.917776e-02
1215 9.261740e-09 2.616280e-03
1216 2.066150e-09 2.222597e-03
1217 1.059272e-05 2.866473e-02
1218 1.714182e-06 5.776342e-03
1219 1.493984e-05 1.559194e-02
1220 7.390263e-06 2.558801e-02
1221 4.967859e-05 3.732504e-02
1222 1.058497e-06 2.355570e-02
1223 5.277133e-05 4.494470e-02
1224 1.850081e-06 9.706516e-03
1225 4.237943e-08 2.937079e-03
1226 1.405838e-08 1.836957e-03
1227 1.855460e-05 8.760820e-03
1228 6.180703e-05 2.585545e-02
1229 9.392138e-05 5.881741e-02
1230 6.594254e-08 7.507663e-03
1231 5.970214e-06 4.008968e-02
1232 1.386130e-10 5.677329e-03
1233 2.403425e-06 2.446154e-02
1234 6.768425e-09 7.617351e-03
1235 6.828817e-05 5.428398e-02
1236 3.366113e-08 4.714124e-03
1237 5.093652e-04 2.341618e-01
1238 1.839114e-06 1.429590e-02
1239 2.133483e-06 6.990874e-03
1240 5.457693e-07 4.218195e-03
1241 6.651328e-06 9.003796e-03
1242 1.796029e-03 4.064577e-01
1243 1.389481e-04 1.304198e-01
1244 2.097833e-07 3.615541e-03
1245 4.618621e-07 6.900142e-03
1246 1.633905e-09 2.013935e-03
1247 1.814118e-03 7.050788e-02
1248 2.189084e-05 6.215985e-02
1249 8.546737e-08 9.782824e-03
1250 1.110037e-08 6.206427e-03
1251 1.128489e-07 1.429954e-02
1252 2.040375e-05 7.482675e-03
1253 1.078731e-03 3.477763e-01
1254 5.377356e-08 5.367199e-03
1255 1.807870e-06 2.178436e-02
1256 5.298222e-05 8.218049e-03
1257 3.631128e-04 1.176706e-01
1258 4.418358e-08 4.847468e-03
1259 5.451828e-05 8.386450e-02
1260 1.765207e-04 2.783456e-01
1261 6.936173e-08 5.600863e-03
1262 2.592710e-06 2.183329e-02
1263 2.351551e-05 5.235883e-02
1264 3.653252e-08 3.171565e-02
1265 1.280345e-06 1.095690e-02
1266 5.162194e-07 3.498037e-02
1267 1.034545e-06 1.783906e-02
1268 1.902603e-06 9.265207e-03
1269 5.398848e-05 2.641982e-02
1270 3.646686e-03 1.115954e+00
1271 6.532140e-04 4.518192e-01
1272 2.131467e-09 1.268468e-03
1273 6.542580e-04 1.013972e-01
1274 5.656661e-06 2.053655e-02
1275 5.323690e-05 6.009698e-02
1276 2.720991e-03 6.116374e-01
1277 4.871784e-04 2.417151e-01
1278 1.866287e-03 4.762248e-01
1279 2.233587e-06 2.752170e-03
1280 1.243539e-03 1.997992e-01
1281 1.723137e-06 7.415598e-03
1282 1.179937e-04 6.740761e-02
1283 1.331082e-06 2.101141e-02
1284 2.919324e-07 4.762360e-03
1285 3.746887e-04 1.553405e-01
1286 2.863514e-10 3.201487e-03
1287 1.228300e-04 3.917684e-02
1288 5.151830e-04 5.524270e-02
1289 1.294224e-04 1.855447e-02
1290 2.720688e-05 3.097337e-02
1291 3.867467e-05 2.400458e-02
1292 1.019467e-03 4.148006e-01
1293 4.169567e-08 3.343488e-03
1294 1.107695e-06 5.839264e-03
1295 1.012516e-06 3.416076e-03
1296 2.900300e-07 1.306557e-02
1297 1.498260e-05 5.907528e-02
1298 1.947856e-05 1.536408e-02
1299 1.389842e-04 2.179409e-02
1300 3.314087e-08 2.826899e-03
1301 1.307744e-07 3.143733e-03
1302 3.376651e-04 1.109485e-01
1303 7.014874e-06 8.985697e-03
1304 1.885877e-06 8.594672e-03
1305 8.905329e-05 6.749731e-02
1306 1.337670e-04 4.926444e-02
1307 1.019700e-06 6.986460e-03
1308 6.023631e-09 2.544751e-03
1309 2.690141e-04 9.657392e-02
1310 1.879366e-11 1.448174e-03
1311 6.414294e-04 6.268407e-01
1312 2.786041e-03 3.011101e-01
1313 1.461649e-09 1.734533e-03
1314 2.515041e-07 8.585882e-03
1315 7.878842e-08 3.225239e-03
1316 2.234571e-08 2.199116e-03
1317 1.401202e-11 1.374760e-03
1318 1.213457e-04 7.118389e-02
1319 8.213183e-03 6.866033e-01
1320 7.390464e-08 3.993019e-03
1321 2.066840e-05 1.473360e-02
1322 1.308151e-10 1.135347e-03
1323 2.099090e-08 2.232434e-03
1324 7.842308e-04 1.834767e-01
1325 1.698397e-07 9.787865e-03
1326 3.650249e-05 1.092138e-02
1327 4.731452e-05 2.890218e-02
1328 6.090677e-08 2.686403e-03
1329 4.657237e-06 2.441117e-02
1330 8.040958e-08 8.247415e-03
1331 1.927643e-08 2.122385e-03
1332 4.213340e-09 1.452817e-03
1333 8.708590e-06 2.298141e-02
1334 1.832337e-06 1.366660e-02
1335 5.015557e-08 1.171737e-02
1336 1.057363e-05 8.748988e-03
1337 6.856112e-04 1.183495e-01
1338 2.643899e-07 7.339390e-03
1339 1.733657e-03 3.124293e-01
1340 2.770002e-05 1.581123e-02
1341 8.706096e-04 4.052172e-01
1342 8.794591e-09 2.470162e-03
1343 3.555507e-08 2.172976e-03
1344 1.066423e-06 3.547448e-03
1345 8.206445e-07 1.521986e-02
1346 5.110489e-07 2.859581e-02
1347 2.252223e-09 1.355574e-03
1348 1.255974e-04 7.754877e-02
1349 6.037856e-04 1.576630e-01
1350 1.315964e-06 1.297688e-02
1351 3.221345e-05 3.071602e-02
1352 2.582745e-05 1.542986e-02
1353 2.975360e-06 1.145857e-02
1354 1.927674e-08 4.957633e-03
1355 6.051974e-07 9.419426e-03
1356 1.935262e-05 2.762478e-02
1357 3.945383e-09 6.053534e-03
1358 9.936151e-06 7.427894e-03
1359 6.226260e-09 2.051582e-03
1360 1.204154e-07 4.140898e-03
1361 1.195652e-05 1.950735e-02
1362 4.666158e-04 1.594629e-01
1363 1.380783e-06 6.162934e-03
1364 8.174461e-05 4.954737e-02
1365 1.283158e-08 4.522768e-03
1366 6.565772e-07 4.578725e-03
1367 1.197998e-08 1.744676e-03
1368 6.518756e-05 6.471897e-02
1369 1.812815e-11 2.457529e-03
1370 2.709561e-08 1.645544e-03
1371 2.465339e-04 6.661183e-02
1372 5.530652e-09 4.192506e-03
1373 1.241130e-06 7.716889e-03
1374 2.713066e-07 3.397242e-03
1375 4.667169e-05 1.394382e-02
1376 6.796566e-03 7.503926e-01
1377 9.689485e-07 9.762781e-03
1378 8.132779e-09 1.431996e-03
1379 3.866376e-06 5.553453e-03
1380 3.321353e-03 5.521847e-01
1381 9.869855e-07 3.400219e-03
1382 3.551966e-08 1.283223e-03
1383 1.384386e-06 2.166659e-02
1384 6.450561e-08 4.628788e-03
1385 6.420194e-08 4.487151e-03
1386 5.506514e-07 5.829753e-03
1387 1.495092e-04 4.106401e-02
1388 7.581217e-07 7.758234e-03
1389 6.600030e-08 3.262488e-03
1390 2.659918e-08 3.098016e-03
1391 7.670892e-07 9.190166e-03
1392 4.451159e-08 2.001628e-03
1393 1.959413e-08 7.648676e-03
1394 4.364857e-07 6.430481e-03
1395 2.454017e-05 4.614568e-02
1396 9.788403e-05 4.869738e-02
1397 1.300297e-07 3.226295e-03
1398 1.000008e-04 3.001088e-02
1399 5.044892e-05 4.196481e-02
1400 5.484903e-08 4.679101e-03
1401 4.615728e-04 1.065933e-01
1402 3.362454e-07 4.609455e-03
1403 3.041795e-07 5.505692e-03
1404 3.163605e-09 2.382588e-03
1405 9.835073e-08 4.173718e-03
1406 3.377894e-05 2.010212e-02
1407 4.812922e-08 2.749099e-03
1408 3.110062e-03 6.822886e-01
1409 1.944920e-05 5.090221e-02
1410 3.122134e-07 1.107370e-02
1411 3.432689e-05 1.432482e-02
1412 2.340505e-09 4.384632e-03
1413 8.338354e-13 1.143512e-03
1414 2.109904e-09 2.434463e-03
1415 1.656634e-07 5.989365e-03
1416 8.603304e-09 2.991966e-03
1417 5.594285e-06 5.062344e-03
1418 4.527443e-08 5.027605e-03
1419 1.353067e-07 4.508284e-03
1420 1.321611e-05 2.510462e-02
1421 3.771621e-06 1.335626e-02
1422 5.962409e-05 3.183003e-02
1423 1.082819e-06 3.959585e-03
1424 4.189595e-06 7.268522e-03
1425 9.470479e-06 8.043331e-03
1426 1.362978e-05 9.714297e-03
1427 5.189526e-06 6.187263e-03
1428 6.960327e-06 8.047955e-03
1429 7.167409e-05 2.126504e-02
1430 1.544181e-03 2.697280e-01
1431 6.551828e-06 3.311368e-02
1432 2.782475e-06 1.802100e-02
1433 7.262746e-08 7.835257e-03
1434 7.142285e-07 3.672466e-03
1435 4.075632e-08 3.318867e-03
1436 2.135222e-05 9.810461e-03
1437 2.669484e-06 2.807379e-03
1438 3.492766e-05 1.191208e-02
1439 2.667408e-03 4.138503e-01
1440 2.882964e-08 2.806887e-03
1441 5.527238e-10 1.740372e-03
1442 1.577203e-07 7.293981e-03
1443 6.143837e-06 5.935682e-03
1444 7.093876e-06 8.309067e-03
1445 7.546601e-06 1.040428e-02
1446 1.064693e-05 1.648855e-02
1447 1.381094e-03 1.054722e+00
1448 4.169112e-06 3.939476e-03
1449 8.327199e-08 3.105849e-03
1450 9.781332e-07 1.362018e-02
1451 1.192632e-04 5.590731e-02
1452 1.066991e-04 1.482605e-01
1453 3.825234e-09 2.967916e-03
1454 1.713962e-08 3.939694e-03
1455 6.749208e-05 1.698951e-02
1456 2.731235e-07 1.878550e-03
1457 1.097394e-06 2.561548e-03
1458 4.310758e-07 2.868410e-03
1459 2.518983e-05 1.067923e-02
1460 1.358307e-05 1.888469e-02
1461 1.898936e-06 2.518579e-03
1462 1.190331e-07 2.169265e-03
1463 1.791205e-08 1.506577e-03
1464 5.164539e-08 2.054158e-03
1465 1.556617e-08 1.409131e-03
1466 1.034110e-05 2.343489e-02
1467 2.993528e-04 1.353343e-01
1468 1.250478e-05 9.062520e-03
1469 3.135732e-06 1.756519e-02
1470 3.709521e-09 3.690291e-03
1471 4.067368e-05 1.434347e-02
1472 7.407375e-08 6.293919e-03
1473 1.029668e-07 4.039141e-03
1474 1.194724e-07 1.696186e-02
1475 6.957774e-09 1.749288e-03
1476 4.304390e-06 2.082227e-02
1477 5.625441e-11 1.745336e-03
1478 1.288264e-06 1.653188e-02
1479 1.080465e-06 1.135642e-02
1480 9.591201e-06 4.639410e-02
1481 2.569379e-05 3.601278e-02
1482 7.830177e-06 1.648698e-02
1483 8.054257e-05 1.758382e-02
1484 5.675145e-04 2.510782e-01
1485 2.745843e-04 7.711405e-02
1486 1.254715e-04 1.899131e-01
1487 9.998204e-09 2.029759e-03
1488 2.008323e-06 2.730266e-02
1489 7.585856e-07 2.085211e-03
1490 8.176817e-06 3.973816e-03
1491 3.867533e-05 5.878448e-02
1492 2.443753e-08 6.753131e-03
1493 2.825902e-07 1.171191e-02
1494 3.590850e-07 3.005402e-03
1495 1.351068e-05 2.150780e-02
1496 3.320100e-07 4.480091e-03
1497 1.290939e-03 4.097943e-01
1498 1.055520e-07 5.329845e-03
1499 1.921026e-09 2.925328e-03
1500 1.773582e-05 9.127851e-03
1501 8.409600e-07 5.447245e-03
1502 1.804182e-04 1.520256e-01
1503 6.875764e-04 1.841738e-01
1504 8.048947e-05 2.664390e-02
1505 1.567533e-07 5.700801e-03
1506 1.036860e-05 7.762284e-03
1507 1.981582e-04 7.264853e-02
1508 6.544315e-04 3.308425e-01
1509 2.778507e-07 4.588633e-03
1510 2.786264e-07 8.558170e-03
1511 5.662343e-06 1.201075e-02
1512 7.838674e-07 7.592186e-03
1513 1.143643e-05 1.098172e-02
1514 1.350200e-08 6.427032e-03
1515 1.689423e-03 4.854386e-01
1516 1.036675e-05 1.364126e-02
1517 3.517894e-03 4.402370e-01
1518 6.331338e-06 8.999509e-03
1519 8.156963e-07 1.251452e-02
1520 1.276886e-07 1.924063e-03
1521 1.652685e-08 7.190443e-03
1522 7.296339e-05 6.254987e-02
1523 4.734562e-06 1.002056e-02
1524 5.315089e-06 1.854508e-02
1525 1.643892e-05 3.767753e-02
1526 8.357707e-07 1.216184e-02
1527 3.404189e-05 3.669959e-02
1528 3.687023e-06 1.253041e-02
1529 1.330408e-05 8.681930e-03
1530 2.213556e-07 1.487081e-02
1531 4.557896e-05 2.660098e-02
1532 1.666902e-07 5.074970e-03
1533 1.324939e-07 6.693227e-03
1534 2.842611e-05 1.318834e-02
1535 5.517323e-09 1.590640e-03
1536 6.261614e-08 2.738887e-03
1537 4.227887e-07 4.069849e-03
1538 2.131388e-07 4.110855e-03
1539 2.400920e-07 2.599228e-03
1540 2.422988e-05 3.166729e-02
1541 5.371481e-04 3.927822e-01
1542 1.481356e-04 1.009219e-01
1543 3.526915e-04 2.948461e-01
1544 2.360908e-06 1.010913e-02
1545 6.962034e-06 5.417009e-02
1546 6.526347e-06 9.193089e-03
1547 8.090044e-04 2.680716e-01
1548 2.513692e-05 2.117269e-02
1549 2.869599e-06 4.736078e-03
1550 7.040546e-09 4.407405e-03
1551 4.862765e-06 6.341204e-03
1552 2.497438e-04 1.999312e-01
1553 1.707511e-04 4.110784e-01
1554 1.743596e-06 1.021688e-02
1555 1.506098e-03 4.318784e-01
1556 1.820613e-05 1.846060e-02
1557 1.440677e-04 2.134709e-01
1558 1.306488e-03 3.375655e-01
1559 2.363776e-06 1.124696e-02
1560 3.864384e-04 1.320612e-01
1561 3.328779e-05 2.129827e-01
1562 4.929231e-09 6.923682e-03
1563 3.535027e-05 2.042941e-02
1564 6.958156e-04 3.643251e-01
1565 3.321823e-05 1.954643e-02
1566 1.459124e-07 5.366207e-03
1567 2.239698e-03 2.016689e+00
1568 1.243220e-07 1.442147e-02
1569 5.690685e-05 1.907845e-02
1570 1.489245e-03 6.533205e-01
1571 1.707633e-08 2.461115e-03
1572 6.056606e-05 4.144835e-02
1573 1.715943e-04 3.730432e-01
1574 1.289417e-05 2.026712e-02
1575 8.607280e-09 1.799176e-02
1576 1.023383e-04 9.020066e-02
1577 4.972458e-04 2.864281e-01
1578 2.425141e-04 5.567403e-02
1579 6.756700e-08 5.079814e-03
1580 3.193269e-03 6.889510e-01
1581 5.620050e-06 1.798003e-02
1582 6.755247e-06 4.531849e-03
1583 8.325922e-04 1.185244e-01
1584 8.823727e-07 1.475536e-02
1585 1.274123e-04 2.621815e-01
1586 2.094808e-06 1.241224e-02
1587 3.492584e-05 1.403679e-02
1588 1.598324e-05 2.318610e-02
1589 1.703515e-08 2.918734e-03
1590 1.215924e-05 5.158405e-03
1591 3.683700e-06 4.766175e-03
1592 6.121906e-05 8.062438e-03
1593 8.587701e-07 3.658265e-03
1594 9.920127e-06 1.642379e-02
1595 4.983183e-07 4.168339e-03
1596 3.097737e-07 3.065035e-02
1597 1.672669e-06 8.487613e-03
1598 6.435986e-05 1.544873e-02
1599 7.358728e-06 1.240571e-01
1600 1.434783e-06 1.060810e-02
1601 3.640129e-08 3.285575e-03
1602 1.828930e-03 8.304026e-01
1603 2.906494e-07 8.686936e-03
1604 3.297800e-04 3.399525e-02
1605 1.310597e-04 4.784694e-02
1606 8.595743e-04 3.201647e-01
1607 2.046613e-03 2.664942e-01
1608 4.013812e-08 4.891360e-03
1609 1.937284e-04 1.865014e-01
1610 5.554268e-04 4.270516e-01
1611 1.121122e-05 1.651261e-02
1612 4.405420e-05 1.022180e-02
1613 3.843902e-10 1.208066e-03
1614 9.726105e-05 4.277885e-02
1615 9.470217e-04 2.118106e-01
1616 4.796263e-08 2.648845e-03
1617 5.536318e-09 3.410058e-03
1618 4.730811e-07 2.691079e-03
1619 2.614652e-06 8.058130e-02
1620 3.450238e-05 5.770368e-02
1621 1.932522e-06 1.001166e-01
1622 2.199800e-05 2.121152e-02
1623 1.548933e-05 5.601164e-02
1624 2.619782e-03 4.732961e-01
1625 8.974938e-08 4.474590e-03
1626 1.606246e-04 1.002395e-01
1627 8.853804e-07 1.752591e-02
1628 2.360015e-04 1.162447e-01
1629 3.913225e-04 3.269766e-01
1630 2.693713e-03 4.352828e-01
1631 2.062009e-04 1.077353e-01
1632 7.867824e-06 6.953106e-02
1633 2.280150e-10 3.099595e-03
1634 6.518185e-08 6.776828e-03
1635 2.911166e-10 1.156785e-03
1636 1.471414e-09 2.940586e-03
1637 8.192498e-09 1.705732e-03
1638 1.597053e-08 3.092538e-03
1639 1.348174e-10 1.852131e-03
1640 9.294059e-05 5.326294e-02
1641 9.129780e-04 1.316883e-01
1642 2.310262e-03 5.321946e-01
1643 5.039690e-05 2.854441e-02
1644 2.779559e-05 1.063523e-02
1645 5.938968e-05 1.403651e-02
1646 9.318910e-04 1.080401e+00
1647 9.767725e-06 1.561359e-02
1648 1.552386e-06 4.140381e-03
1649 8.698012e-04 5.503553e-01
1650 6.339544e-04 9.796748e-02
1651 7.953738e-08 4.402945e-03
1652 9.134149e-05 1.103093e-01
1653 1.708776e-03 5.849140e-01
1654 3.372241e-06 2.336388e-02
1655 1.511684e-03 3.219746e-01
1656 1.066941e-06 1.780897e-02
1657 6.772317e-06 1.208680e-02
1658 6.097166e-07 5.097052e-03
1659 1.262661e-05 2.150956e-02
1660 5.370032e-05 8.768887e-02
1661 3.761031e-04 1.076118e-01
1662 7.109619e-05 1.493840e-02
1663 4.527725e-04 2.210243e-01
1664 7.352150e-06 1.371932e-02
1665 1.795132e-05 1.186643e-02
1666 9.839123e-05 8.774818e-02
1667 7.495209e-05 4.861679e-02
1668 9.092232e-10 8.895382e-04
1669 1.279513e-05 1.233942e-02
1670 6.836381e-07 3.663865e-03
1671 2.275643e-05 2.332853e-02
1672 7.524061e-04 1.940465e-01
1673 5.357213e-05 3.668405e-02
1674 3.105822e-06 1.079908e-02
1675 2.367477e-06 1.575101e-02
1676 9.460269e-08 2.844162e-03
1677 4.926529e-09 7.112783e-03
1678 2.140922e-07 3.666875e-03
1679 2.643679e-12 1.409525e-03
1680 2.112880e-04 8.535675e-02
1681 5.321769e-05 2.788741e-02
1682 8.819813e-06 2.558103e-02
1683 8.843057e-09 1.749841e-03
1684 1.010615e-08 3.672178e-03
1685 1.437207e-04 4.798478e-02
1686 1.222810e-03 1.817363e-01
1687 3.783452e-06 3.264803e-02
1688 1.168990e-03 2.040222e-01
1689 1.940828e-05 9.839670e-02
1690 9.702965e-09 1.775900e-03
1691 1.419865e-08 1.765097e-03
1692 8.090709e-07 5.973764e-03
1693 6.579890e-04 1.183221e-01
1694 2.463744e-05 4.856088e-02
1695 9.999404e-06 3.973920e-03
1696 1.161195e-03 3.447366e-01
1697 1.638587e-07 8.746386e-03
1698 1.643771e-03 3.924137e-01
1699 2.229891e-03 6.078336e-01
1700 1.148879e-07 4.269545e-03
1701 3.086756e-04 7.474050e-02
1702 1.222929e-05 8.791298e-02
1703 1.866490e-06 5.791151e-02
1704 4.677929e-08 1.632829e-03
1705 1.349440e-08 1.979002e-03
1706 5.455983e-07 2.596662e-03
1707 5.787472e-04 1.000758e-01
1708 4.681960e-09 8.067907e-03
1709 9.586708e-07 1.647204e-02
1710 2.203534e-07 1.162075e-02
1711 2.232257e-03 2.392808e-01
1712 2.037714e-04 8.625983e-02
1713 8.328083e-07 1.139450e-02
1714 2.725594e-04 7.808060e-02
1715 3.148247e-06 8.569634e-03
1716 1.415123e-08 4.415678e-03
1717 1.556062e-06 2.674139e-02
1718 1.556398e-06 1.335879e-02
1719 9.693593e-09 7.630103e-03
1720 3.175609e-07 9.454827e-03
1721 1.259642e-07 3.150921e-02
1722 3.033092e-08 8.441429e-03
1723 1.488735e-03 4.979078e-01
1724 1.458278e-06 3.269689e-03
1725 1.316182e-05 1.775433e-02
1726 8.320121e-04 1.705775e-01
1727 1.234764e-05 3.137063e-02
1728 1.893578e-03 3.566642e-01
1729 1.574713e-06 4.597155e-03
1730 1.025859e-03 2.114635e-01
1731 9.435739e-07 7.339323e-03
1732 2.744129e-08 1.911275e-03
1733 1.049835e-13 1.011506e-03
1734 6.050181e-04 6.414724e-02
1735 3.776106e-05 3.793442e-02
1736 4.741018e-12 1.148585e-03
1737 2.343413e-05 1.957879e-02
1738 7.496900e-07 3.600913e-03
1739 3.313658e-05 2.443578e-02
1740 1.398712e-04 9.366122e-02
1741 2.300546e-10 4.427025e-03
1742 8.473799e-05 1.150630e-01
1743 4.888205e-04 1.541683e-01
1744 9.463478e-05 4.060429e-02
1745 1.185975e-04 2.744074e-02
1746 4.650011e-08 2.721809e-03
1747 3.211011e-07 6.691532e-03
1748 6.996791e-04 6.071012e-01
1749 2.770496e-05 1.067964e-02
1750 7.264840e-06 9.437928e-03
1751 3.824997e-07 6.499426e-03
1752 7.957622e-09 2.142477e-03
1753 5.641129e-05 5.208083e-02
1754 2.728089e-06 5.510640e-03
1755 3.279988e-06 6.510646e-03
1756 4.322567e-07 1.980576e-02
1757 2.487085e-06 1.506743e-02
1758 5.108477e-04 2.260999e-01
1759 3.143859e-07 5.124791e-03
1760 2.403831e-03 4.907626e-01
1761 2.231395e-08 7.059676e-03
1762 1.263482e-06 4.229943e-03
1763 1.115059e-06 1.164839e-02
1764 2.186170e-07 6.933693e-03
1765 8.691571e-05 2.529557e-02
1766 6.929765e-07 4.476447e-03
1767 2.690488e-06 7.807395e-03
1768 7.681728e-05 5.354249e-02
1769 1.982548e-03 8.074521e-02
1770 4.634825e-07 8.540388e-03
1771 1.396748e-05 1.092469e-02
1772 1.310111e-03 4.234204e-01
1773 1.373669e-03 3.070730e-01
1774 9.972953e-09 2.934744e-03
1775 2.275050e-09 2.829886e-03
1776 1.948315e-07 1.939099e-02
1777 3.596692e-06 1.250915e-02
1778 9.207556e-07 7.242991e-03
1779 1.948751e-06 1.726344e-02
1780 3.504735e-09 2.811773e-03
1781 5.318167e-10 1.305310e-03
1782 1.770750e-09 3.173138e-03
1783 9.256399e-07 7.400466e-03
1784 8.740936e-05 3.240476e-02
1785 5.604441e-07 4.420179e-03
1786 2.478553e-06 3.362480e-02
1787 1.625292e-03 4.919645e-01
1788 1.128919e-08 4.441365e-03
1789 1.258542e-04 3.801925e-02
1790 6.912542e-08 2.233008e-03
1791 8.534570e-07 5.795402e-03
1792 5.622975e-06 7.028981e-03
1793 1.173660e-07 9.517661e-03
1794 7.037702e-05 8.885634e-02
1795 1.991307e-05 5.321785e-03
1796 2.075592e-03 5.430532e-01
1797 3.102863e-08 1.739918e-02
1798 1.879202e-06 6.508040e-03
1799 5.352182e-08 2.884696e-03
1800 5.288015e-06 5.572067e-02
1801 1.067441e-05 5.006469e-03
1802 7.114414e-06 3.967118e-02
1803 4.581405e-08 2.047446e-03
1804 7.681794e-06 2.826850e-03
1805 2.387198e-08 1.103582e-02
1806 1.659720e-06 5.947161e-03
1807 6.963153e-08 1.570266e-03
1808 2.558221e-03 7.385473e-01
1809 3.118228e-06 1.130589e-02
1810 9.541076e-04 2.230838e-01
1811 2.592402e-08 7.840962e-03
1812 2.204685e-08 5.932314e-03
1813 1.376696e-06 1.444045e-02
1814 8.827930e-09 2.832502e-03
1815 4.004319e-06 2.568947e-02
1816 6.148760e-05 2.411277e-02
1817 1.467955e-07 4.802302e-03
1818 1.009126e-07 4.825261e-03
1819 2.741151e-12 2.082381e-03
1820 1.775790e-08 1.597058e-03
1821 6.915666e-09 3.412624e-03
1822 1.759056e-04 1.621175e-01
1823 3.349947e-05 4.032508e-02
1824 9.341696e-06 4.656356e-02
1825 2.329230e-03 5.930889e-01
1826 1.549641e-04 1.647481e-01
1827 1.528965e-04 4.607949e-02
1828 1.235607e-04 3.257431e-02
1829 1.032229e-05 1.163721e-02
1830 8.381275e-07 3.078193e-03
1831 1.433411e-09 1.703458e-03
1832 2.478818e-06 1.479516e-02
1833 4.729855e-05 1.684415e-02
1834 1.181585e-06 3.600616e-03
1835 5.448930e-08 3.575907e-03
1836 2.380194e-03 3.784981e-01
1837 1.068469e-03 2.590756e-01
1838 7.727433e-05 1.351538e-02
1839 3.752974e-06 3.728739e-02
1840 2.578048e-06 3.895757e-02
1841 1.691028e-04 9.119429e-02
1842 1.712929e-07 6.882213e-03
1843 6.662501e-07 8.659131e-03
1844 8.539766e-08 2.760305e-03
1845 2.111587e-04 3.346882e-02
1846 5.488033e-10 3.506959e-03
1847 4.793571e-06 5.998694e-02
1848 1.480118e-09 2.206513e-03
1849 1.546932e-08 1.367463e-02
1850 2.302478e-08 1.478994e-02
1851 4.878266e-06 3.632828e-02
1852 6.860468e-05 1.862976e-02
1853 8.113492e-06 5.379889e-02
1854 1.106618e-05 1.174402e-01
1855 9.447068e-05 4.416762e-02
1856 1.739234e-09 2.267624e-03
1857 2.062119e-08 4.627542e-03
1858 4.763294e-06 3.835389e-03
1859 1.624910e-08 3.268495e-03
1860 1.420782e-05 2.254479e-02
1861 1.118574e-06 7.705789e-03
1862 4.616051e-04 3.623004e-01
1863 2.240422e-09 3.006911e-03
1864 1.085292e-07 2.666260e-03
1865 1.348548e-07 1.141837e-02
1866 9.840574e-05 8.483258e-02
1867 1.611394e-09 2.611287e-03
1868 1.227050e-05 1.009768e-02
1869 3.185841e-04 4.708258e-01
1870 5.221263e-07 6.011581e-03
1871 3.253445e-07 1.129705e-02
1872 7.135844e-09 7.174479e-03
1873 2.319067e-08 1.841885e-03
1874 4.172332e-07 2.177428e-03
1875 3.155541e-03 7.988937e-01
1876 1.247371e-08 2.422256e-03
1877 5.649353e-07 3.159748e-03
1878 2.037773e-07 6.547713e-03
1879 4.690027e-07 1.162299e-02
1880 1.128278e-04 3.419284e-02
1881 2.072341e-06 4.504313e-02
1882 7.644821e-09 3.948080e-03
1883 5.005189e-07 1.339475e-02
1884 7.758753e-04 1.934006e-01
1885 1.775787e-06 6.840481e-03
1886 6.570792e-04 5.221194e-02
1887 2.405995e-04 3.333107e-02
1888 4.722564e-07 3.256958e-03
1889 2.084742e-08 1.316054e-03
1890 1.895201e-06 1.195546e-02
1891 4.050797e-04 1.518949e-01
1892 1.140336e-06 1.483154e-02
1893 1.245592e-04 6.268020e-02
1894 5.654456e-03 1.092210e+00
1895 2.714129e-04 5.971726e-02
1896 1.632733e-04 1.167694e-01
1897 3.166452e-07 3.996148e-03
1898 2.084169e-05 5.086580e-02
1899 3.857058e-05 1.001154e-02
1900 6.898278e-04 1.433978e-01
1901 3.395411e-07 4.897722e-03
1902 3.829758e-08 1.853710e-03
1903 5.217964e-07 1.101176e-02
1904 1.819356e-06 8.057035e-03
1905 9.873147e-07 5.189186e-03
1906 3.878514e-06 5.716613e-03
1907 9.161288e-10 3.760293e-03
1908 1.156416e-07 1.710765e-03
1909 2.979486e-05 1.512209e-02
1910 9.714234e-05 8.884179e-02
1911 6.615492e-04 1.044223e-01
1912 1.042464e-04 7.358671e-02
1913 4.757031e-06 6.254286e-02
1914 3.561403e-07 4.767231e-03
1915 5.185649e-09 7.895506e-03
1916 1.197886e-03 8.698433e-01
1917 1.937769e-03 4.111098e-01
1918 3.935528e-05 3.241937e-02
1919 1.405211e-04 2.264410e-02
1920 6.736133e-05 2.988005e-02
1921 1.169268e-09 1.366988e-03
1922 2.699826e-06 4.485922e-03
1923 6.838934e-07 3.115364e-03
1924 3.365658e-07 2.410423e-03
1925 4.794987e-08 2.130609e-03
1926 1.468607e-04 1.521644e-01
1927 1.277644e-06 1.149562e-02
1928 3.485249e-09 1.791234e-03
1929 3.773862e-05 1.352385e-02
1930 2.679890e-06 1.755299e-02
1931 5.804261e-05 2.367417e-02
1932 8.231705e-07 3.377776e-02
1933 1.357055e-06 1.606314e-02
1934 3.359894e-05 6.806811e-02
1935 4.837319e-05 1.572945e-02
1936 2.090135e-07 1.252769e-02
1937 1.108464e-06 5.346251e-03
1938 1.522993e-10 2.010169e-03
1939 3.351713e-04 2.588314e-01
1940 9.088998e-07 2.259706e-02
1941 1.471189e-05 1.575856e-02
1942 3.348379e-05 7.996578e-02
1943 1.208233e-06 3.231327e-02
1944 5.765267e-04 2.493055e-01
1945 7.105167e-06 4.051958e-02
1946 8.318668e-06 6.807073e-03
1947 8.767515e-06 5.413119e-03
1948 9.897441e-09 1.707851e-03
1949 1.302229e-03 1.185033e-01
1950 4.007742e-05 3.088815e-02
1951 2.472074e-05 4.007885e-02
1952 1.020132e-06 7.157577e-03
1953 1.514493e-04 5.810873e-02
1954 5.170011e-06 7.588992e-02
1955 6.342328e-06 9.754429e-03
1956 8.134704e-05 5.602523e-02
1957 3.358924e-06 8.008827e-03
1958 8.175792e-06 2.057212e-02
1959 4.752341e-06 2.694104e-02
1960 2.007039e-05 3.018693e-02
1961 1.493715e-04 1.024356e-01
1962 1.360770e-03 8.170260e-02
1963 2.366443e-04 8.290248e-02
1964 5.623401e-07 4.005252e-03
1965 2.384250e-06 1.507136e-02
1966 5.011607e-07 6.683168e-03
1967 1.911346e-05 5.616631e-02
1968 3.357507e-09 2.103004e-03
1969 1.650594e-03 2.764923e-01
1970 2.742171e-04 8.615560e-02
1971 1.736841e-04 3.462835e-01
1972 7.116948e-05 1.710081e-02
1973 1.041692e-04 1.989960e-01
1974 3.341416e-08 4.241063e-03
1975 6.270926e-04 2.232946e-01
1976 1.694548e-04 1.020293e-01
1977 4.042120e-06 7.596114e-03
1978 2.510036e-08 4.047136e-03
1979 3.762703e-04 7.736428e-02
1980 4.443139e-05 1.245006e-02
1981 3.180437e-06 5.468158e-02
1982 7.773151e-08 2.798060e-03
1983 5.143794e-07 2.351728e-03
1984 4.061810e-07 2.758903e-02
1985 8.230626e-05 1.546095e-02
1986 9.182056e-05 9.426165e-03
1987 1.254806e-06 3.492073e-02
1988 6.096384e-04 2.008407e-01
1989 1.690470e-07 1.444674e-03
1990 4.486393e-06 5.067453e-03
1991 4.950553e-06 9.060670e-03
1992 4.741025e-04 4.577620e-01
1993 1.425970e-08 1.187998e-03
1994 2.238690e-08 1.258167e-03
1995 4.894921e-04 1.016528e-01
1996 4.061420e-07 5.544863e-03
1997 1.434135e-07 2.102250e-03
1998 2.238490e-05 1.756055e-02
1999 1.660708e-04 1.242524e-01
2000 6.440127e-07 2.618780e-03
2001 6.585899e-08 3.118483e-03
