1 1.849089e-03 1.213365e+00
2 3.295992e-07 2.052766e-02
3 1.329876e-06 3.431742e-03
4 3.095565e-08 1.867665e-03
5 2.223161e-08 2.634326e-03
6 1.840586e-03 6.391963e-01
7 3.576571e-06 1.432173e-02
8 2.415602e-08 4.269041e-02
9 2.311037e-11 2.383826e-03
10 1.162674e-04 1.039479e-01
11 3.370766e-09 5.169739e-03
12 2.920586e-11 1.231084e-03
13 6.104456e-06 2.347788e-01
14 1.698971e-09 7.641348e-03
15 3.675258e-09 3.082785e-03
16 2.927257e-05 3.104203e-02
17 2.778236e-09 1.937528e-03
18 3.179424e-04 4.348471e-01
19 1.170593e-06 8.425099e-03
20 2.593739e-12 1.022715e-03
21 3.332428e-03 1.409694e+00
22 9.191513e-07 5.883046e-03
23 9.245292e-05 4.576290e-02
24 1.620850e-03 5.895619e-01
25 3.492895e-04 3.177146e-01
26 5.551054e-07 4.778558e-03
27 6.516479e-06 2.576634e-02
28 1.566786e-08 3.638259e-03
29 1.788257e-03 1.060432e+00
30 1.477135e-03 9.303572e-01
31 4.206379e-04 3.416726e-01
32 3.084815e-04 5.625154e-02
33 6.359956e-09 1.233494e-03
34 1.752587e-09 1.156917e-03
35 8.174088e-09 3.143789e-03
36 7.033564e-04 6.914243e-01
37 1.386769e-05 1.184088e-01
38 9.025772e-08 8.888723e-03
39 4.695259e-10 1.949656e-03
40 4.366826e-08 3.583014e-03
41 8.681473e-05 2.634636e-02
42 3.191747e-09 5.033692e-03
43 1.010612e-03 4.523288e-01
44 2.272543e-04 9.668077e-02
45 1.444636e-05 1.568127e-01
46 7.602445e-06 1.289253e-02
47 3.095257e-04 2.935615e-01
48 3.120461e-05 1.272793e-01
49 8.468306e-07 1.090120e-02
50 5.321191e-03 1.184998e+00
51 7.099290e-06 1.210725e-02
52 2.238083e-06 2.466154e-02
53 3.890919e-05 1.390445e-02
54 1.017330e-08 9.966131e-03
55 3.660507e-07 5.170038e-03
56 1.040995e-05 1.069396e-02
57 1.408429e-08 1.460308e-02
58 1.381095e-04 2.698805e-01
59 4.894836e-04 1.311184e-01
60 4.523590e-12 1.410655e-03
61 1.726264e-03 1.381786e+00
62 1.361678e-05 3.591327e-02
63 7.511645e-09 1.924073e-03
64 1.184223e-09 4.167784e-03
65 1.013940e-04 5.201190e-02
66 3.413226e-08 4.634314e-03
67 4.014137e-09 7.372318e-03
68 9.586367e-07 8.674446e-03
69 3.287606e-08 1.439275e-03
70 2.674024e-10 1.343195e-03
71 1.739024e-03 4.270282e-01
72 5.431119e-06 2.064564e-02
73 5.447933e-08 4.153900e-03
74 7.878334e-05 2.125255e-01
75 1.177428e-04 1.358010e-02
76 6.324481e-07 2.899172e-03
77 5.365650e-06 4.018680e-02
78 3.786076e-04 5.817938e-01
79 1.332076e-03 3.927148e-01
80 6.367977e-07 2.913021e-03
81 3.633613e-08 1.644413e-03
82 4.086777e-05 1.042153e-02
83 1.062491e-04 3.639710e-02
84 1.310970e-08 1.878729e-03
85 2.393440e-03 2.339691e-01
86 4.093868e-06 7.798711e-03
87 1.743062e-09 2.829520e-03
88 3.421971e-08 1.710840e-03
89 1.790772e-06 2.313759e-02
90 3.499366e-04 3.016209e-01
91 1.330246e-03 4.696330e-01
92 2.990927e-03 1.536522e+00
93 2.788820e-06 1.460597e-02
94 2.550645e-07 4.192738e-03
95 2.137351e-03 1.209360e+00
96 4.605107e-04 4.702011e-02
97 1.051625e-09 3.515209e-02
98 1.314178e-07 3.504492e-03
99 3.652434e-04 4.831498e-02
100 3.438146e-03 2.187494e+00
101 6.271383e-07 5.193598e-03
102 1.307398e-07 1.510841e-02
103 5.932496e-04 4.884621e-01
104 1.094699e-06 4.390608e-02
105 7.264790e-06 6.871055e-02
106 3.534500e-09 8.996937e-03
107 5.879563e-09 2.882533e-03
108 5.637231e-07 1.933318e-02
109 4.871726e-08 5.146762e-03
110 2.143818e-07 1.187950e-02
111 7.473092e-04 8.564672e-01
112 8.027329e-05 1.277273e-01
113 1.745088e-03 1.078553e+00
114 2.948133e-03 6.732583e-01
115 7.246122e-05 2.024128e-01
116 3.029253e-04 4.211968e-01
117 1.095544e-03 4.060696e-01
118 2.879910e-03 9.598032e-01
119 2.931453e-11 4.547741e-03
120 1.939618e-11 3.640480e-03
121 4.032073e-08 1.150483e-02
122 6.856597e-09 1.886906e-03
123 4.942354e-07 6.073840e-03
124 2.258225e-06 1.414203e-02
125 6.665299e-11 3.999724e-03
126 3.385680e-08 6.173216e-03
127 5.183886e-09 9.668865e-03
128 2.391211e-07 7.915895e-03
129 4.660146e-09 4.474427e-03
130 3.445277e-09 3.978725e-03
131 2.340409e-09 5.911309e-03
132 4.394830e-09 4.688127e-03
133 5.552872e-09 7.681964e-03
134 8.214987e-06 2.480713e-02
135 4.596822e-09 4.542092e-03
136 2.099888e-08 4.113757e-03
137 5.782465e-07 1.305358e-02
138 1.801095e-09 9.367600e-03
139 4.265889e-08 8.742359e-03
140 1.348051e-09 5.190205e-03
141 1.034201e-10 3.030585e-03
142 6.828481e-09 3.134239e-03
143 3.634836e-08 6.954417e-03
144 2.431340e-10 8.570775e-03
145 6.403057e-11 4.700499e-03
146 1.054979e-09 6.133328e-03
147 2.184544e-09 6.329964e-03
148 1.371884e-10 7.990662e-03
149 1.207578e-08 4.305421e-03
150 2.849230e-11 3.988117e-03
151 1.040097e-07 1.011370e-02
152 1.146568e-07 5.984623e-03
153 2.347526e-08 2.991232e-03
154 3.438963e-09 3.767296e-03
155 8.410785e-10 3.024414e-03
156 2.105702e-08 3.884589e-03
157 2.009258e-08 4.042913e-03
158 1.796524e-07 4.817797e-03
159 8.074993e-08 5.933397e-03
160 5.819611e-09 5.189808e-03
161 3.388110e-09 3.135595e-03
162 8.213712e-11 3.003944e-03
163 2.142290e-10 3.081706e-03
164 5.090490e-12 1.642620e-03
165 1.864716e-11 1.682326e-03
166 1.041497e-12 1.657503e-03
167 1.352732e-10 2.937999e-03
168 1.790337e-09 3.318851e-03
169 1.241410e-06 6.205784e-03
170 2.057619e-12 1.639733e-03
171 2.243653e-09 3.423453e-03
172 3.149442e-10 3.219857e-03
173 7.434411e-11 1.619462e-03
174 1.203811e-10 3.088068e-03
175 1.969809e-09 3.095509e-03
176 9.872868e-10 2.999514e-03
177 5.813999e-11 1.656935e-03
178 1.475343e-08 2.309014e-03
179 3.552697e-11 1.614983e-03
180 4.407594e-10 3.096280e-03
181 9.257685e-11 2.125503e-03
182 2.882645e-10 3.398124e-03
183 1.017036e-11 1.196617e-03
184 2.043240e-12 1.614904e-03
185 4.526521e-11 1.233360e-03
186 7.686530e-10 2.180221e-03
187 1.154003e-11 1.906960e-03
188 4.098268e-12 1.592576e-03
189 3.573585e-12 1.134017e-03
190 2.150338e-11 1.208942e-03
191 2.568772e-05 2.484146e-02
192 1.042378e-06 4.503249e-03
193 1.518131e-04 7.869434e-02
194 9.852680e-05 7.208690e-02
195 2.775965e-07 7.230485e-03
196 2.117703e-05 2.019974e-02
197 1.287841e-04 1.107574e-01
198 1.782784e-07 6.702176e-03
199 2.384048e-06 1.508839e-02
200 4.104520e-07 1.092139e-02
201 2.217914e-05 2.460271e-02
202 3.078245e-06 2.442752e-02
203 7.358986e-08 3.536501e-03
204 1.846822e-06 6.993996e-03
205 3.396413e-07 8.697199e-03
206 1.375398e-07 3.916796e-03
207 9.577308e-08 9.688483e-03
208 5.946298e-09 3.469332e-03
209 2.230595e-07 8.259235e-03
210 7.294574e-08 4.843486e-03
211 2.890179e-08 2.425567e-03
212 8.230764e-05 8.844994e-02
213 1.316628e-08 2.477495e-03
214 5.866940e-10 4.267861e-03
215 1.641271e-07 5.295953e-03
216 3.859259e-07 8.305880e-03
217 1.408590e-08 2.127633e-03
218 7.007457e-07 2.737530e-02
219 4.249597e-06 2.241638e-02
220 1.908037e-09 3.566583e-03
221 1.043803e-08 4.004917e-03
222 5.044733e-09 7.096103e-03
223 1.216630e-07 9.834121e-03
224 5.215253e-10 3.045434e-03
225 3.307161e-08 5.527168e-03
226 2.200919e-08 3.700769e-03
227 1.262206e-08 4.294563e-03
228 2.018309e-08 5.069887e-03
229 9.802510e-07 1.563639e-02
230 3.111817e-07 8.231359e-03
231 2.610583e-07 6.968357e-03
232 1.454427e-07 5.144556e-03
233 2.518528e-07 6.245280e-03
234 5.163064e-07 5.239572e-03
235 1.590600e-09 4.505302e-03
236 5.874568e-07 5.206761e-03
237 3.138613e-10 3.369254e-03
238 3.588650e-08 5.755956e-03
239 5.430602e-09 3.551282e-03
240 2.294264e-08 3.169944e-03
241 2.854594e-07 4.186483e-03
242 9.305142e-08 5.094469e-03
243 2.349263e-09 3.177722e-03
244 8.885486e-09 4.717814e-03
245 5.222126e-08 5.008857e-03
246 7.306564e-09 3.847989e-03
247 2.092035e-07 5.002046e-03
248 5.989763e-08 2.685877e-03
249 1.059841e-06 8.426243e-03
250 6.213449e-08 4.237959e-03
251 2.962281e-08 2.931102e-03
252 2.316103e-07 7.260182e-03
253 2.722790e-09 3.336567e-03
254 2.635915e-08 4.834338e-03
255 2.521104e-07 6.711865e-03
256 1.640887e-08 2.747520e-03
257 1.417401e-08 3.454080e-03
258 2.219406e-06 8.658850e-03
259 1.542721e-05 2.182550e-02
260 8.761674e-06 1.828801e-02
261 6.299352e-06 1.736937e-02
262 2.872652e-07 6.740632e-03
263 3.401958e-06 1.041292e-02
264 5.810269e-07 2.114328e-02
265 7.761067e-08 7.291434e-03
266 1.234417e-05 2.273288e-02
267 2.714659e-06 4.744278e-02
268 3.990278e-08 2.091044e-02
269 7.127952e-08 3.197854e-02
270 1.665287e-08 4.411009e-03
271 6.689563e-08 7.488335e-03
272 1.967432e-08 6.861897e-03
273 2.141184e-07 4.505416e-03
274 9.653582e-07 5.873862e-03
275 1.866629e-08 8.645554e-03
276 2.227046e-06 3.891674e-02
277 1.312921e-09 3.486079e-03
278 2.703777e-08 2.712114e-03
279 5.810633e-08 1.667727e-02
280 1.695765e-07 6.149854e-03
281 5.239275e-09 8.691201e-03
282 2.445144e-07 1.288963e-02
283 1.067232e-07 3.440197e-03
284 1.108627e-06 9.569524e-03
285 1.915709e-05 4.172404e-02
286 1.044654e-05 4.589862e-02
287 1.010068e-06 7.608308e-03
288 4.028192e-06 1.569144e-02
289 2.224506e-05 5.035605e-02
290 4.998084e-05 7.499145e-02
291 1.304790e-06 8.669099e-03
292 4.843992e-05 2.468137e-02
293 1.264910e-06 1.939019e-02
294 9.200227e-06 3.030962e-02
295 4.206564e-07 1.893970e-02
296 1.074251e-03 3.547324e-01
297 3.982839e-03 1.053864e+00
298 1.507112e-04 5.136067e-02
299 9.707244e-09 4.609263e-03
300 3.115427e-10 4.601019e-03
301 1.991030e-03 3.762708e-01
302 3.901134e-08 5.133712e-03
303 3.336136e-08 3.120344e-03
304 1.096337e-09 2.281872e-03
305 9.069096e-10 2.666852e-03
306 1.697575e-11 2.689723e-03
307 1.282302e-11 2.646543e-03
308 2.112513e-11 2.581899e-03
309 4.811003e-07 6.416343e-03
310 7.139674e-12 3.223253e-03
311 2.014902e-13 2.653570e-03
312 3.914452e-08 2.253733e-03
313 2.895713e-12 2.542545e-03
314 2.235835e-11 2.549023e-03
315 1.924497e-14 2.676365e-03
316 8.140713e-11 2.822457e-03
317 1.284463e-12 1.929810e-03
318 1.300177e-11 1.947590e-03
319 1.222772e-09 2.286494e-03
320 1.098953e-13 2.507136e-03
321 5.931131e-13 1.426056e-03
322 3.360817e-05 8.580701e-02
323 9.146887e-06 1.008759e-01
324 2.330457e-10 9.486981e-03
325 4.068722e-06 1.555789e-02
326 5.470670e-11 3.487227e-03
327 2.925248e-08 2.385203e-02
328 2.820828e-09 9.804240e-03
329 2.640124e-05 1.039632e-01
330 3.015089e-04 6.730636e-01
331 3.971249e-07 3.429941e-02
332 6.889239e-04 2.873580e-01
333 1.494788e-08 5.094093e-03
334 7.119998e-07 1.456910e-02
335 8.536832e-11 8.353928e-03
336 2.710175e-08 1.557604e-02
337 7.805948e-04 1.325234e-01
338 1.612305e-05 2.642797e-02
339 1.051630e-03 5.731951e-01
340 1.636261e-06 6.976194e-03
341 4.166891e-07 6.813068e-03
342 2.270334e-06 2.048594e-02
343 1.401890e-06 4.424086e-02
344 1.084978e-07 4.011904e-03
345 1.489544e-05 1.018026e-02
346 4.747504e-08 2.563335e-03
347 4.482250e-08 2.984520e-03
348 6.090786e-06 1.200197e-02
349 9.804278e-06 1.301711e-02
350 1.714762e-08 3.258083e-03
351 2.540765e-08 2.859433e-03
352 3.803596e-06 3.882438e-03
353 6.229204e-05 1.212484e-02
354 4.901831e-06 5.121109e-03
355 9.307524e-06 5.384353e-03
356 7.499206e-08 2.372723e-03
357 2.856161e-05 1.484305e-02
358 2.849623e-05 2.691608e-02
359 7.276929e-07 7.453680e-03
360 1.074956e-06 6.323859e-03
361 3.233813e-06 4.615271e-02
362 1.060233e-07 2.476048e-03
363 1.249164e-08 3.365919e-03
364 3.803596e-06 3.882438e-03
365 1.051307e-04 4.244618e-02
366 2.464630e-05 1.388185e-02
367 4.231726e-06 1.139362e-02
368 9.804278e-06 1.301711e-02
369 1.724374e-05 9.181893e-02
370 5.283572e-07 1.406214e-02
371 7.114643e-07 1.974815e-02
372 4.287713e-03 1.247976e+00
373 2.094306e-04 1.854303e-01
374 5.621141e-03 1.413896e+00
375 2.209555e-05 2.633979e-02
376 1.769899e-03 4.191264e-01
377 1.971243e-06 9.493405e-03
378 2.851158e-04 4.726035e-02
379 2.425319e-07 9.077611e-03
380 6.453453e-06 1.511435e-02
381 1.494197e-09 1.913189e-03
382 9.110425e-08 1.013829e-02
383 3.519675e-09 1.824502e-03
384 3.535294e-07 8.145337e-03
385 3.201972e-10 4.590679e-03
386 1.895314e-07 6.543713e-03
387 5.430864e-07 1.593107e-02
388 6.481916e-10 2.770223e-03
389 9.879014e-07 6.420492e-03
390 6.783924e-07 4.991570e-03
391 2.581712e-06 3.325259e-02
392 1.738345e-04 4.985900e-02
393 1.118967e-05 1.708980e-02
394 3.420767e-08 3.019098e-03
395 8.212003e-08 8.360244e-03
396 4.329587e-06 4.004283e-02
397 2.407936e-05 2.088848e-02
398 4.786805e-05 4.337671e-02
399 5.304532e-06 1.193685e-02
400 7.108615e-05 5.156745e-02
401 1.454898e-06 9.228829e-03
402 6.216873e-07 7.137929e-03
403 1.199851e-06 9.495558e-03
404 1.308858e-05 1.865174e-02
405 3.999595e-06 1.204835e-02
406 5.382739e-07 8.977604e-03
407 8.911779e-08 4.582031e-03
408 1.483335e-06 1.063099e-02
409 2.429188e-03 1.080649e+00
410 1.647040e-05 2.457596e-02
411 3.761249e-06 1.978504e-02
412 1.047320e-04 8.872202e-02
413 6.390973e-07 8.356257e-03
414 1.561086e-06 1.004180e-02
415 9.171313e-07 6.214366e-03
416 8.093775e-07 6.886913e-03
417 1.186869e-06 1.007444e-02
418 3.346443e-04 1.619550e-01
419 9.000254e-05 1.791487e-01
420 9.535084e-05 8.944887e-02
421 4.958611e-06 2.295942e-02
422 6.895883e-06 3.238826e-02
423 9.274643e-05 1.278179e-01
424 6.550062e-04 3.441768e-01
425 5.862624e-05 1.437022e-01
426 9.967871e-06 4.874624e-02
427 4.548571e-04 3.202389e-01
428 2.851054e-05 4.790310e-02
429 6.026686e-06 3.559761e-02
430 1.887885e-05 5.571327e-02
431 4.704093e-05 8.516278e-02
432 2.989863e-05 3.129672e-02
433 6.568338e-06 2.529203e-02
434 3.404799e-05 5.635718e-02
435 5.060321e-06 5.297315e-02
436 1.505045e-05 4.723989e-02
437 2.246164e-05 4.688361e-02
438 3.708739e-06 2.920995e-02
439 4.257913e-04 4.307880e-01
440 7.726731e-06 3.376413e-02
441 4.351471e-06 2.305191e-02
442 2.903150e-04 1.013538e-01
443 6.992850e-06 2.645185e-02
444 2.867286e-03 6.679551e-01
445 3.021633e-04 2.619353e-01
446 5.181045e-13 9.154251e-04
447 6.281865e-14 1.224538e-03
448 6.920682e-14 9.088609e-04
449 3.436478e-14 9.125942e-04
450 1.498159e-13 9.935044e-04
451 7.000176e-11 1.782295e-03
452 2.380068e-12 1.227391e-03
453 3.362380e-11 1.122176e-03
454 1.017936e-12 1.245292e-03
455 1.090915e-11 1.251106e-03
456 9.549458e-14 1.031946e-03
457 1.014951e-15 9.244453e-04
458 1.618514e-12 1.233128e-03
459 1.093060e-07 1.455929e-02
460 8.160781e-12 2.593579e-03
461 8.379864e-14 1.054475e-03
462 2.848388e-11 2.965567e-03
463 1.018651e-11 1.127621e-03
464 2.193411e-12 1.328802e-03
465 2.473126e-13 1.151013e-03
466 2.427979e-13 1.381003e-03
467 6.083842e-13 1.082767e-03
468 1.797712e-13 1.091935e-03
469 1.605438e-12 1.325869e-03
470 3.842613e-12 1.754955e-03
471 1.112883e-12 1.218722e-03
472 2.806656e-13 1.118995e-03
473 1.128033e-12 1.318778e-03
474 1.775390e-13 1.048071e-03
475 5.982993e-12 1.316116e-03
476 1.620756e-09 1.412718e-03
477 4.904645e-07 3.269752e-03
478 3.846322e-07 7.874064e-03
479 7.024386e-10 1.574838e-03
480 4.377037e-10 2.067430e-03
481 4.393952e-11 1.859012e-03
482 4.642549e-11 2.108262e-03
483 2.585337e-11 2.060984e-03
484 3.679037e-08 2.122798e-03
485 4.269049e-10 1.759992e-03
486 8.227574e-06 1.475427e-02
487 1.769193e-09 1.487600e-03
488 2.535996e-06 9.551706e-03
489 2.305603e-03 7.398295e-01
490 8.794754e-06 7.709427e-03
491 4.941795e-06 9.192728e-03
492 5.432579e-06 6.213261e-03
493 1.164047e-06 6.970443e-03
494 1.254594e-08 6.451079e-03
495 6.078957e-08 4.950561e-03
496 3.087046e-04 5.437482e-02
497 8.386427e-05 5.523298e-02
498 4.419526e-06 8.897693e-03
499 3.718042e-08 7.828400e-03
500 5.133502e-09 5.141978e-03
501 2.558963e-05 1.101639e-02
502 2.463466e-03 5.502804e-01
503 3.369289e-05 1.419492e-02
504 1.832567e-04 2.125572e-02
505 8.421970e-07 7.351926e-03
506 3.540025e-04 5.723111e-02
507 2.075332e-04 4.052857e-02
508 1.216052e-05 1.400935e-02
509 9.615258e-09 8.606570e-03
510 1.646198e-05 1.323073e-02
511 3.440174e-06 6.523313e-03
512 4.004969e-07 8.284559e-03
513 9.748183e-06 8.966245e-03
514 2.321994e-03 1.122953e+00
515 6.084172e-08 6.981629e-03
516 1.141675e-08 6.856196e-03
517 1.038325e-06 1.397191e-02
518 6.264567e-08 6.910195e-03
519 2.195293e-06 2.343696e-02
520 7.530473e-07 1.868236e-02
521 3.417699e-05 3.270281e-02
522 3.147953e-05 3.036100e-02
523 2.065567e-05 2.873998e-02
524 3.184959e-07 1.310092e-02
525 1.138698e-06 8.262256e-03
526 7.004140e-06 2.424240e-02
527 2.741789e-07 9.870332e-03
528 4.367096e-08 5.987904e-03
529 1.136803e-06 1.770728e-02
530 1.660165e-07 5.164435e-03
531 2.130834e-07 7.305891e-03
532 2.062555e-06 1.904788e-02
533 2.749882e-07 1.257038e-02
534 1.406606e-07 1.145795e-02
535 1.129095e-06 1.242034e-02
536 3.052398e-05 4.199076e-02
537 1.032580e-06 2.499173e-02
538 2.762645e-07 1.262721e-02
539 1.546663e-05 2.693781e-02
540 4.423615e-06 2.309040e-02
541 4.375929e-06 2.581231e-02
542 1.014317e-03 3.270895e-01
543 3.960490e-07 1.909725e-02
544 7.250783e-07 7.533353e-03
545 1.475407e-07 7.452843e-03
546 2.440758e-07 6.087136e-03
547 2.790123e-11 2.494630e-03
548 4.529985e-10 3.022949e-03
549 2.081265e-09 1.591225e-03
550 1.734390e-07 5.617926e-03
551 1.105620e-08 2.645633e-03
552 8.189687e-08 1.889952e-02
553 3.795596e-06 3.287790e-02
554 1.127007e-06 9.452945e-03
555 2.354335e-07 1.193559e-02
556 2.365366e-08 3.018495e-03
557 1.833224e-08 3.780606e-03
558 6.478246e-07 1.203569e-02
559 2.866897e-09 2.470624e-03
560 4.576911e-08 3.991409e-03
561 1.779355e-08 3.162870e-03
562 3.057526e-08 3.411441e-03
563 4.950069e-09 4.790403e-03
564 1.674549e-08 3.258351e-03
565 1.959242e-07 1.439374e-02
566 8.931097e-07 5.950948e-03
567 2.035818e-05 8.660023e-02
568 7.574061e-05 3.752521e-02
569 4.121576e-05 1.005107e-01
570 6.136962e-06 1.578134e-02
571 1.015975e-05 1.192025e-02
572 1.037403e-04 5.427282e-02
573 4.655288e-06 8.740499e-03
574 8.832499e-05 4.921259e-02
575 1.827549e-05 1.353210e-02
576 2.029196e-05 2.156191e-02
577 5.417611e-06 1.331849e-02
578 6.963183e-07 1.018865e-02
579 1.610767e-03 9.150462e-01
580 3.253751e-05 4.050967e-02
581 2.772752e-06 5.793058e-03
582 5.632711e-05 7.986109e-02
583 6.646942e-06 1.202094e-02
584 1.591221e-05 1.917689e-02
585 2.633124e-05 8.342519e-02
586 4.417955e-07 1.279537e-02
587 2.120423e-06 1.356129e-02
588 9.701984e-08 1.023356e-02
589 2.385386e-07 2.678674e-03
590 1.760491e-03 6.492640e-01
591 1.250389e-04 1.713599e-01
592 3.703881e-08 6.359538e-03
593 2.960821e-05 2.002745e-02
594 1.259712e-04 5.478360e-02
595 1.190717e-08 6.664051e-03
596 3.246003e-03 1.331951e+00
597 3.162064e-13 1.912640e-03
598 4.082168e-11 1.969119e-03
599 6.662854e-11 1.938512e-03
600 1.240912e-10 2.062522e-03
601 2.737102e-10 3.034069e-03
602 5.743564e-11 2.563982e-03
603 5.049150e-11 3.254322e-03
604 9.428056e-13 1.931493e-03
605 2.392493e-10 2.078766e-03
606 2.854374e-12 1.932133e-03
607 1.914284e-12 1.777694e-03
608 1.615235e-12 2.031260e-03
609 2.827046e-06 1.320163e-02
610 1.321181e-07 4.344797e-03
611 8.927446e-04 3.918707e-01
612 8.264151e-07 2.581129e-02
613 4.977636e-06 1.962226e-02
614 1.335253e-06 2.654982e-02
615 4.721699e-08 1.035704e-02
616 9.882802e-11 3.281140e-03
617 2.167656e-06 1.406002e-02
618 2.753484e-09 4.233434e-03
619 6.283767e-09 5.034607e-03
620 2.247739e-09 5.448600e-03
621 1.556978e-04 8.012164e-02
622 8.086240e-09 5.944867e-03
623 1.691284e-09 7.249815e-03
624 1.332639e-07 6.039927e-03
625 4.530115e-08 4.564425e-03
626 4.774903e-03 1.096956e+00
627 1.344698e-07 5.043207e-03
628 5.441248e-08 1.268269e-02
629 2.237245e-04 7.220365e-02
630 7.749658e-04 6.537386e-02
631 5.032949e-05 3.166320e-02
632 5.072397e-06 3.923722e-02
633 3.533189e-10 6.070471e-03
634 9.243409e-08 5.309682e-03
635 1.349688e-07 5.186126e-03
636 6.296201e-08 7.267311e-03
637 7.871534e-07 1.376482e-02
638 2.281719e-09 8.794925e-03
639 5.810182e-08 1.533303e-02
640 1.028543e-08 4.772811e-03
641 5.302260e-09 5.579063e-03
642 4.074445e-09 6.949295e-03
643 1.005009e-06 3.507103e-02
644 3.967676e-06 6.665796e-03
645 3.874674e-07 1.255167e-02
646 7.428667e-08 1.908677e-02
647 1.084160e-07 7.636290e-03
648 1.164408e-06 2.675177e-02
649 3.540357e-08 1.060745e-02
650 1.258367e-08 5.743418e-03
651 4.034049e-09 6.389827e-03
652 3.124748e-08 7.585155e-03
653 3.418234e-03 5.255401e-01
654 2.230826e-04 1.012302e-01
655 6.567154e-09 2.905980e-03
656 2.928566e-05 3.396007e-02
657 2.706057e-03 1.044320e+00
658 1.330589e-05 2.619460e-02
659 9.886917e-08 1.342341e-02
660 1.123338e-06 1.403551e-02
661 5.053813e-07 3.511320e-02
662 1.877543e-05 2.328952e-01
663 3.370103e-07 1.404524e-02
664 2.016571e-07 1.466225e-02
665 9.179764e-07 1.676567e-02
666 1.163008e-05 3.298672e-02
667 8.794127e-06 2.097908e-02
668 3.919059e-08 7.050027e-03
669 6.421261e-07 3.004146e-02
670 2.022892e-05 5.215949e-02
671 1.828352e-05 4.344065e-02
672 4.212839e-08 6.962636e-03
673 1.502194e-05 1.723123e-01
674 2.530340e-07 7.539256e-03
675 1.199994e-03 3.126176e-01
676 2.214055e-08 1.670366e-02
677 5.503517e-05 4.413893e-02
678 7.720841e-09 8.055324e-03
679 1.649537e-04 1.439461e-01
680 2.611664e-09 3.444695e-03
681 8.675903e-08 1.337808e-02
682 2.759748e-03 1.234810e+00
683 5.511536e-07 1.582807e-02
684 7.544053e-04 5.449416e-01
685 3.424912e-08 8.815058e-03
686 2.315291e-04 3.951688e-01
687 8.794962e-07 8.041156e-03
688 8.281175e-08 8.277278e-03
689 4.017932e-08 9.035113e-03
690 8.719955e-07 1.472907e-02
691 7.299798e-08 1.521267e-02
692 1.037192e-07 1.188642e-02
693 2.823399e-07 9.430110e-03
694 3.781403e-07 6.133998e-03
695 4.945021e-07 9.953106e-03
696 4.179927e-05 1.565436e-01
697 1.292909e-06 8.188383e-02
698 1.250880e-04 1.926503e-01
699 2.645422e-07 1.677248e-02
700 1.012045e-04 5.491354e-02
701 1.684264e-06 9.610329e-03
702 1.503858e-06 1.709135e-02
703 7.916834e-08 7.303156e-03
704 4.711672e-05 8.153380e-02
705 2.766729e-05 2.235600e-02
706 2.697478e-06 1.692348e-02
707 2.976639e-06 1.147581e-02
708 1.844248e-03 6.591932e-01
709 2.906954e-06 2.494305e-02
710 3.364913e-03 3.544562e-01
711 1.896010e-04 1.166931e-01
712 4.642869e-05 4.777954e-02
713 2.316830e-05 3.810550e-02
714 3.181095e-06 2.067894e-02
715 5.321594e-08 6.492676e-03
716 1.106416e-06 1.824747e-02
717 3.405708e-05 3.463139e-02
718 2.023687e-05 1.482439e-02
719 1.836021e-05 1.349161e-02
720 2.529495e-05 2.331715e-02
721 9.045099e-04 1.170220e-01
722 3.006261e-04 5.214085e-02
723 4.767504e-04 1.294262e-01
724 1.236602e-07 6.897811e-03
725 7.901703e-06 7.743967e-03
726 4.330142e-06 1.250695e-02
727 2.515546e-03 6.119123e-01
728 7.296765e-08 1.274239e-02
729 1.067110e-06 1.442567e-02
730 8.676914e-06 1.900041e-02
731 2.289937e-06 7.085415e-03
732 9.214543e-05 1.346695e-02
733 1.909067e-06 1.050549e-02
734 8.998866e-06 1.567710e-02
735 1.039935e-04 2.581346e-02
736 2.930510e-07 1.996178e-02
737 1.816513e-03 5.087108e-01
738 4.095122e-06 5.317063e-02
739 3.996650e-06 1.224484e-02
740 8.623308e-06 1.597499e-02
741 4.901321e-06 1.061352e-02
742 3.409821e-05 6.915218e-02
743 2.804803e-04 5.044353e-02
744 4.685872e-04 6.422115e-02
745 7.854278e-05 6.077040e-02
746 9.112219e-06 1.097501e-02
747 1.058064e-04 2.059213e-02
748 1.467770e-08 6.040367e-03
749 4.107729e-07 2.877696e-02
750 1.065646e-05 7.068503e-02
751 1.581438e-07 8.236401e-03
752 2.187943e-07 1.141340e-02
753 5.916150e-04 4.136989e-01
754 1.130753e-05 2.313853e-02
755 2.858189e-05 8.105252e-02
756 2.937939e-07 1.085503e-02
757 3.409645e-05 1.066563e-01
758 7.425480e-08 5.487746e-03
759 3.495736e-06 3.303035e-02
760 1.994240e-04 3.012093e-01
761 2.263554e-04 2.476345e-01
762 3.404582e-08 9.900339e-03
763 1.751239e-07 1.178224e-02
764 2.105606e-07 1.093049e-02
765 8.819327e-04 4.694817e-01
766 7.087835e-04 6.588151e-01
767 7.407354e-04 4.128155e-01
768 3.498775e-03 5.617717e-01
769 2.835527e-08 1.125391e-02
770 3.025149e-08 5.045811e-03
771 4.468090e-08 4.908176e-03
772 2.555801e-08 4.765831e-03
773 3.559272e-05 1.405318e-01
774 1.211719e-07 6.635082e-03
775 1.093485e-06 1.185685e-02
776 7.420116e-08 5.741285e-03
777 1.044732e-08 1.023340e-02
778 2.752355e-04 2.276272e-01
779 6.078485e-09 8.941937e-03
780 2.650675e-07 6.410747e-03
781 9.275473e-10 5.346540e-03
782 5.552101e-09 2.406214e-03
783 1.723682e-09 3.592722e-03
784 3.130609e-07 1.869253e-02
785 6.507956e-06 1.431615e-02
786 9.115522e-07 8.101560e-03
787 4.662221e-07 9.558334e-03
788 1.634418e-08 1.147128e-02
789 1.044245e-08 8.425893e-03
790 2.375725e-05 1.043805e-01
791 7.658762e-08 4.332532e-03
792 1.381019e-08 1.031716e-02
793 3.802120e-06 1.409734e-02
794 6.872536e-04 3.313337e-01
795 7.856922e-06 1.779467e-02
796 5.904837e-08 6.030147e-03
797 1.050644e-05 9.370267e-02
798 1.644522e-08 7.392263e-03
799 4.719647e-04 1.168809e-01
800 2.490141e-06 1.887829e-02
801 5.255835e-07 1.087404e-02
802 9.348777e-04 1.880525e-01
803 3.434264e-04 5.292814e-01
804 4.712178e-08 1.072031e-02
805 4.242183e-04 6.350087e-02
806 6.291967e-06 1.346181e-01
807 1.195440e-05 5.439641e-02
808 3.324502e-08 5.946198e-03
809 1.483720e-07 2.381197e-02
810 1.358631e-09 2.327139e-03
811 4.311419e-06 1.780601e-02
812 5.364492e-08 4.292234e-03
813 3.032607e-05 4.097779e-02
814 6.179397e-07 1.373155e-02
815 9.299270e-08 1.597508e-02
816 1.175751e-03 4.274264e-01
817 1.171081e-04 1.087768e-01
818 3.918330e-09 9.983101e-03
819 3.800619e-07 1.306235e-02
820 1.743990e-06 3.739215e-02
821 2.636333e-06 4.213814e-02
822 9.308890e-07 3.389602e-02
823 2.402297e-05 1.206250e-01
824 2.649759e-03 9.247020e-01
825 2.203975e-03 9.240620e-01
826 6.367378e-04 4.198639e-01
827 9.904852e-04 2.297099e-01
828 1.372905e-04 7.699526e-01
829 3.179775e-03 9.829038e-01
830 3.872890e-05 1.502022e-02
831 1.333200e-07 4.757010e-03
832 3.755493e-07 5.214010e-03
833 1.814312e-06 1.115714e-02
834 3.886437e-06 7.049759e-03
835 1.372463e-06 7.040443e-03
836 3.506079e-06 5.301541e-03
837 1.324924e-06 9.672848e-03
838 9.896496e-06 9.291403e-03
839 2.559072e-07 5.034641e-03
840 2.527683e-05 1.973213e-02
841 5.138624e-07 7.300913e-03
842 7.272039e-07 8.668164e-03
843 2.056837e-07 9.843687e-03
844 9.313617e-07 1.986655e-02
845 1.253818e-04 4.844716e-02
846 7.902109e-05 7.517285e-02
847 2.029674e-06 8.417301e-03
848 2.025861e-06 1.401367e-02
849 1.213030e-04 7.599227e-02
850 3.581055e-07 6.224365e-03
851 1.172306e-05 6.950389e-02
852 3.075925e-07 6.397771e-03
853 8.989957e-05 2.861662e-02
854 3.018055e-07 5.925351e-03
855 8.276306e-06 1.843842e-02
856 6.952305e-10 1.482529e-03
857 1.358718e-09 1.302701e-03
858 3.860788e-09 2.050009e-03
859 8.463208e-10 1.499262e-03
860 5.956833e-05 1.301108e-01
861 3.707945e-08 6.858272e-03
862 2.547153e-08 1.594935e-03
863 4.559282e-09 1.539938e-03
864 2.617754e-09 1.394130e-03
865 3.228819e-09 1.574282e-03
866 5.429521e-09 2.067017e-03
867 5.101294e-08 1.725533e-03
868 1.077983e-09 1.363029e-03
869 9.394673e-10 1.627156e-03
870 7.241036e-09 1.533240e-03
871 4.176163e-10 1.394071e-03
872 3.918598e-09 1.881386e-03
873 3.800899e-09 1.419043e-03
874 5.660973e-09 1.405258e-03
875 4.938868e-04 3.121076e-01
876 1.523604e-10 1.443976e-03
877 1.558152e-08 1.457669e-03
878 2.564058e-09 1.900949e-03
879 1.544474e-09 1.352820e-03
880 5.577758e-09 1.371872e-03
881 2.813529e-10 1.397983e-03
882 5.874449e-09 1.821812e-03
883 7.059416e-09 1.760814e-03
884 2.127502e-08 1.479279e-03
885 5.539058e-09 1.567944e-03
886 5.377111e-07 6.643146e-03
887 2.171856e-06 9.695236e-03
888 2.934209e-07 1.156982e-02
889 9.193494e-05 1.033176e-01
890 9.096312e-08 1.987597e-02
891 1.002602e-05 9.283956e-02
892 1.245666e-04 1.713564e-01
893 6.488216e-07 5.698411e-03
894 1.143067e-06 3.849670e-03
895 2.087797e-06 8.613729e-03
896 9.140148e-07 1.498670e-02
897 1.666159e-03 8.355262e-01
898 9.820598e-07 1.919613e-02
899 3.584886e-05 8.157208e-02
900 2.263052e-06 9.177760e-03
901 3.518936e-06 9.456233e-03
902 1.037677e-06 9.195832e-03
903 1.563900e-07 6.142745e-03
904 8.497271e-05 1.221536e-01
905 1.104261e-06 2.011813e-02
906 1.070625e-04 5.752558e-02
907 3.443110e-03 1.271296e+00
908 1.397903e-08 2.765346e-03
909 4.628630e-07 3.229900e-03
910 2.709853e-09 1.579432e-03
911 1.822364e-05 1.005541e-02
912 1.875963e-07 5.077793e-03
913 1.305910e-08 1.724819e-03
914 8.922541e-08 4.922807e-03
915 2.756259e-06 3.912376e-03
916 8.195609e-05 1.504974e-01
917 8.857118e-09 2.134998e-03
918 2.084909e-09 1.783587e-03
919 1.012254e-09 1.394641e-03
920 2.155102e-08 2.532315e-03
921 3.882287e-10 1.059956e-03
922 2.603857e-08 1.429708e-03
923 1.962515e-04 9.158759e-02
924 8.477712e-06 1.774366e-02
925 1.371806e-08 1.070288e-03
926 1.812117e-06 1.509716e-02
927 1.759549e-09 1.325964e-03
928 1.921435e-07 4.147565e-03
929 1.200648e-06 1.064406e-02
930 1.109800e-08 3.659461e-03
931 1.137934e-07 3.848061e-03
932 4.357417e-10 1.484679e-03
933 4.229652e-09 1.825819e-03
934 7.133676e-07 1.198115e-02
935 1.020540e-07 1.867290e-03
936 1.457980e-09 1.195004e-03
937 2.251432e-08 2.948068e-03
938 6.877701e-09 1.797733e-03
939 5.362493e-07 3.648432e-03
940 5.385690e-07 6.529366e-03
941 1.088815e-07 5.577936e-03
942 2.985358e-08 1.633031e-03
943 4.433507e-07 2.269772e-03
944 1.306574e-05 1.229623e-02
945 2.199756e-08 2.266603e-03
946 1.282440e-06 6.611541e-03
947 1.618466e-06 3.179245e-02
948 9.159878e-08 6.933974e-03
949 1.831317e-07 1.065809e-02
950 5.586634e-08 7.923144e-03
951 1.524075e-08 1.593441e-02
952 1.653594e-05 2.234246e-02
953 3.705350e-09 8.945833e-03
954 5.245101e-09 3.087114e-03
955 2.015005e-06 3.734671e-02
956 7.401779e-10 3.053908e-03
957 6.882126e-09 8.412066e-03
958 4.885803e-08 6.819197e-03
959 8.803180e-06 5.170352e-02
960 8.786851e-08 1.914318e-02
961 4.890363e-07 9.886947e-03
962 7.510291e-08 1.272492e-02
963 2.924078e-09 3.842931e-03
964 2.014533e-06 4.130911e-02
965 2.488159e-09 5.412344e-03
966 1.257709e-04 1.219499e-01
967 8.869134e-06 5.959004e-02
968 1.988563e-07 4.776917e-03
969 1.649407e-08 8.096067e-03
970 5.645989e-08 1.676199e-02
971 9.175310e-08 3.122488e-03
972 5.888516e-08 7.561674e-03
973 2.043344e-09 9.423432e-03
974 7.721751e-09 3.281839e-03
975 1.313725e-06 7.379660e-03
976 5.830929e-04 2.967714e-01
977 6.254328e-06 7.946111e-03
978 4.230351e-05 2.052778e-02
979 8.150792e-08 2.841996e-03
980 1.011186e-08 1.234399e-03
981 2.445506e-08 4.101454e-03
982 3.748535e-07 8.068479e-03
983 2.629137e-07 3.825340e-03
984 3.655114e-06 1.027983e-02
985 8.760078e-07 4.146125e-03
986 4.999362e-07 4.149938e-03
987 9.738594e-09 1.272684e-03
988 1.438259e-07 2.524637e-03
989 4.655278e-06 9.622306e-03
990 6.710135e-07 3.817977e-03
991 2.825221e-06 7.383549e-03
992 1.689722e-07 2.356783e-03
993 4.491045e-08 2.449387e-03
994 1.604624e-08 2.151489e-03
995 1.922459e-06 3.918164e-03
996 5.625240e-07 3.262999e-03
997 7.633500e-04 2.076173e-01
998 1.723699e-06 6.130431e-03
999 1.454902e-06 5.003382e-03
1000 1.520044e-07 1.909464e-03
1001 1.217205e-08 1.575380e-03
1002 3.090045e-07 5.904658e-03
1003 6.605326e-09 1.780216e-03
1004 4.414699e-06 5.748455e-03
1005 1.197293e-07 2.924592e-03
1006 8.478835e-06 1.370306e-02
1007 3.371131e-08 2.928241e-03
1008 1.095924e-05 8.639720e-03
1009 1.276900e-08 4.061099e-03
1010 7.535977e-08 2.860528e-03
1011 4.669497e-07 3.726197e-03
1012 1.386462e-06 3.880766e-03
1013 6.891890e-09 2.067458e-03
1014 6.509494e-08 3.441571e-03
1015 3.935368e-09 2.131064e-03
1016 4.783252e-07 3.081473e-03
1017 9.142802e-08 1.793409e-03
1018 3.781121e-08 2.895623e-03
1019 1.031582e-08 4.401721e-03
1020 5.793257e-09 1.749568e-03
1021 1.008142e-05 7.648289e-03
1022 1.885369e-09 1.165998e-03
1023 1.428642e-06 2.117978e-03
1024 1.706202e-09 1.399269e-03
1025 5.663482e-07 2.431715e-03
1026 1.662191e-03 9.216420e-01
1027 5.026647e-04 1.326320e-01
1028 3.326743e-04 9.147498e-02
1029 5.545932e-05 1.016119e-01
1030 8.317757e-04 3.351176e-01
1031 4.567883e-03 7.682337e-01
1032 1.114318e-06 7.883475e-03
1033 4.898421e-06 1.974579e-02
1034 7.503638e-04 2.675988e-01
1035 9.887128e-07 4.588475e-03
1036 2.616114e-07 9.695117e-03
1037 4.064587e-05 3.276163e-02
1038 1.680061e-07 3.122728e-03
1039 1.588015e-05 1.663571e-02
1040 1.930545e-06 9.493548e-03
1041 1.026493e-05 2.651023e-02
1042 2.044240e-07 1.084714e-02
1043 3.462455e-06 1.643998e-02
1044 1.172300e-07 1.706611e-02
1045 1.273377e-06 7.640694e-03
1046 2.750555e-04 8.359312e-02
1047 9.060659e-04 2.309248e-01
1048 8.316565e-04 1.392466e-01
1049 6.961467e-07 9.007013e-03
1050 8.472269e-04 4.917059e-01
1051 7.588255e-04 4.181259e-01
1052 4.374398e-10 1.227349e-03
1053 3.027414e-10 1.821567e-03
1054 4.821948e-05 7.921695e-02
1055 2.098391e-11 1.556031e-03
1056 3.022531e-10 4.673054e-03
1057 3.656540e-09 2.140263e-03
1058 3.128949e-08 2.028388e-03
1059 1.811938e-11 1.031698e-03
1060 4.278091e-12 9.550877e-04
1061 4.520814e-06 3.513445e-03
1062 2.414038e-10 1.812615e-03
1063 3.398506e-08 3.812988e-03
1064 5.400825e-04 2.788733e-01
1065 6.006119e-06 1.706088e-02
1066 1.193001e-11 1.577868e-03
1067 3.092196e-11 1.439762e-03
1068 1.400807e-12 1.465211e-03
1069 5.604490e-12 1.614063e-03
1070 3.650284e-08 1.408944e-02
1071 2.122588e-08 5.311215e-03
1072 8.560111e-08 3.326155e-03
1073 4.811506e-07 1.938073e-02
1074 7.724685e-11 1.055251e-03
1075 3.769668e-06 2.622637e-02
1076 6.955407e-07 6.114796e-03
1077 1.151139e-06 1.654184e-02
1078 1.424515e-10 1.632480e-03
1079 5.233168e-08 5.829806e-03
1080 4.472289e-09 1.585240e-03
1081 1.947637e-12 1.460188e-03
1082 1.628893e-10 1.485786e-03
1083 6.427257e-09 1.830952e-03
1084 4.943070e-11 1.228491e-03
1085 2.727984e-09 4.319958e-03
1086 1.561793e-10 1.240029e-03
1087 2.263927e-10 1.369655e-03
1088 2.441333e-10 4.681303e-03
1089 4.150194e-10 1.234728e-03
1090 3.025607e-11 1.195625e-03
1091 2.832060e-10 1.229225e-03
1092 2.496493e-03 6.785402e-01
1093 2.383696e-08 1.877104e-02
1094 2.550811e-08 1.384891e-02
1095 7.214382e-10 1.692937e-03
1096 1.203903e-11 1.481497e-03
1097 6.945780e-10 4.826504e-03
1098 8.017299e-08 7.873333e-03
1099 1.127406e-08 3.261848e-03
1100 3.242303e-08 2.808820e-03
1101 1.955249e-06 5.117537e-03
1102 7.848218e-09 3.181686e-03
1103 1.078288e-08 2.755074e-03
1104 4.765237e-06 7.038005e-02
1105 3.573580e-10 1.530153e-03
1106 6.569327e-11 2.235591e-03
1107 2.176159e-10 3.128533e-03
1108 2.695045e-09 1.737785e-03
1109 1.872717e-10 2.022650e-03
1110 2.278090e-08 4.735286e-03
1111 2.612498e-10 3.955476e-03
1112 1.016325e-05 4.066307e-02
1113 6.457437e-07 1.750151e-02
1114 2.838375e-09 2.057489e-03
1115 3.602175e-05 3.699741e-02
1116 3.117181e-11 1.479021e-03
1117 2.489229e-09 1.611688e-03
1118 4.653557e-07 6.728940e-03
1119 1.646428e-06 2.383956e-02
1120 5.160398e-09 4.052359e-03
1121 2.439843e-08 6.864621e-03
1122 2.270094e-08 4.111707e-03
1123 7.759193e-09 2.488573e-03
1124 6.312059e-08 3.799560e-03
1125 7.559489e-08 4.749458e-03
1126 9.239701e-08 5.139307e-03
1127 3.717119e-08 3.883367e-03
1128 1.846384e-07 4.649330e-03
1129 3.840202e-08 3.322219e-03
1130 3.146893e-07 5.229626e-03
1131 1.577790e-04 7.904838e-02
1132 3.317342e-04 2.546908e-01
1133 4.092371e-05 4.753354e-02
1134 2.603447e-07 9.198973e-03
1135 4.377016e-07 2.497839e-03
1136 5.252612e-07 4.914438e-03
1137 1.127694e-06 5.656728e-03
1138 1.714528e-05 1.586572e-02
1139 4.368568e-08 5.259781e-03
1140 4.605487e-04 3.284196e-01
1141 5.359284e-05 4.279700e-02
1142 2.906533e-06 9.715250e-03
1143 3.527268e-07 6.823654e-03
1144 4.217324e-06 3.781313e-02
1145 1.132528e-07 9.215674e-03
1146 9.001241e-05 9.996645e-02
1147 2.107902e-05 4.545058e-02
1148 5.795641e-05 2.974226e-02
1149 9.981486e-06 1.291967e-02
1150 2.471320e-06 1.190418e-02
1151 1.502313e-04 3.093412e-02
1152 3.694544e-06 6.688043e-03
1153 9.668464e-07 4.915872e-03
1154 1.780830e-05 1.453348e-02
1155 2.479601e-05 2.933792e-02
1156 1.081831e-04 6.324414e-02
1157 3.818331e-04 1.037429e-01
1158 1.268531e-06 1.547738e-02
1159 1.271650e-03 2.720962e-01
1160 1.796594e-05 1.387063e-02
1161 2.555928e-07 7.574887e-03
1162 1.116848e-04 5.650139e-02
1163 3.694692e-04 3.400421e-01
1164 1.077871e-04 3.666774e-02
1165 2.920174e-04 4.507080e-02
1166 2.830277e-05 5.382005e-02
1167 1.039228e-04 4.824486e-02
1168 2.273741e-04 4.408085e-02
1169 4.675210e-04 7.810957e-02
1170 2.109829e-04 5.497304e-02
1171 1.927641e-05 1.120728e-02
1172 1.079168e-06 2.625589e-02
1173 1.136249e-03 3.912488e-01
1174 3.819236e-04 2.710505e-01
1175 2.394485e-05 4.180601e-02
1176 3.645467e-03 2.476981e+00
1177 5.827967e-08 3.122803e-03
1178 1.273025e-04 4.107720e-02
1179 1.090902e-05 2.478689e-02
1180 5.983972e-04 1.289943e-01
1181 1.305390e-04 2.931665e-02
1182 4.681860e-04 9.180937e-02
1183 7.378256e-05 4.684412e-02
1184 6.138436e-04 3.211556e-01
1185 5.349973e-04 2.676195e-01
1186 1.825355e-05 3.502839e-02
1187 2.032955e-07 9.504620e-03
1188 3.061671e-06 1.116756e-02
1189 2.592064e-05 5.227817e-02
1190 4.783158e-04 3.270995e-01
1191 1.414555e-04 6.128515e-02
1192 1.030655e-04 1.208545e-01
1193 5.338923e-05 5.032048e-02
1194 5.376893e-04 2.464693e-01
1195 2.036603e-04 1.142363e-01
1196 3.724529e-04 2.594513e-01
1197 5.465148e-04 1.072507e-01
1198 5.516080e-06 3.008641e-02
1199 2.837717e-04 1.118624e-01
1200 4.051541e-04 2.212832e-01
1201 3.965620e-06 2.884469e-02
1202 3.585417e-06 1.664855e-02
1203 3.720662e-04 8.568574e-02
1204 2.311774e-04 9.599323e-02
1205 4.815511e-09 4.862499e-03
1206 4.384973e-07 1.825002e-02
1207 1.503597e-08 3.648762e-03
1208 1.334580e-03 1.706245e-01
1209 1.244312e-06 9.066114e-03
1210 2.156035e-09 8.345912e-03
1211 8.119728e-09 3.600748e-03
1212 7.607242e-07 6.236647e-03
1213 2.213164e-07 7.579121e-03
1214 1.100243e-06 9.454888e-03
1215 4.114236e-07 3.473590e-02
1216 5.759495e-11 4.242220e-03
1217 1.770044e-05 2.723904e-01
1218 1.269531e-07 6.867945e-03
1219 7.672122e-09 1.288052e-03
1220 1.349252e-08 3.410559e-03
1221 6.443799e-07 8.574008e-03
1222 1.414020e-03 5.718431e-01
1223 1.399658e-08 2.079217e-03
1224 4.913626e-07 2.384425e-03
1225 2.321821e-04 1.011380e-01
1226 7.569873e-10 2.310137e-03
1227 3.040155e-04 6.006069e-01
1228 2.258611e-05 1.192352e-02
1229 4.784366e-08 1.270378e-03
1230 7.904143e-07 2.761598e-03
1231 1.631500e-06 1.927682e-03
1232 9.506843e-09 2.023673e-03
1233 3.352559e-08 2.256833e-03
1234 4.203611e-05 8.803784e-03
1235 1.434962e-08 2.561068e-03
1236 1.839875e-07 3.002442e-03
1237 4.554618e-06 4.925648e-03
1238 1.135033e-06 4.744050e-03
1239 4.998355e-08 2.339074e-03
1240 3.008563e-03 1.068893e+00
1241 7.338097e-06 8.174236e-03
1242 5.980096e-06 5.823108e-03
1243 4.479209e-07 4.306838e-03
1244 3.965924e-06 4.583883e-03
1245 2.673961e-07 2.971449e-03
1246 4.007966e-07 2.955560e-03
1247 2.851003e-05 4.214552e-02
1248 2.751003e-06 4.742420e-02
1249 2.103813e-07 1.110239e-02
1250 8.190557e-06 3.017999e-02
1251 2.138690e-06 2.054836e-02
1252 8.481049e-07 1.754717e-02
1253 1.898334e-07 1.520065e-02
1254 1.281372e-06 8.840276e-03
1255 1.958175e-03 6.001959e-01
1256 1.857441e-06 9.717196e-03
1257 3.341827e-03 1.452968e+00
1258 1.041526e-04 1.118566e-01
1259 9.299727e-04 3.904589e-01
1260 7.189852e-04 8.437238e-02
1261 5.740805e-10 1.848052e-03
1262 2.304008e-03 6.261734e-01
1263 2.016921e-07 5.540437e-03
1264 3.178352e-05 9.530033e-02
1265 2.743599e-07 3.449477e-03
1266 7.988737e-08 6.925833e-03
1267 1.231631e-08 1.943216e-03
1268 6.330392e-07 7.565193e-03
1269 5.580285e-06 7.265879e-02
1270 1.958891e-04 1.069979e-01
1271 2.136972e-06 1.154539e-02
1272 3.119373e-08 3.341297e-03
1273 4.882263e-07 6.770334e-03
1274 5.884596e-06 2.259476e-02
1275 7.056270e-05 1.029728e-01
1276 1.603593e-04 1.347347e-01
1277 1.627026e-05 1.252546e-01
1278 3.096388e-04 2.558299e-01
1279 4.680382e-08 5.990984e-03
1280 2.451229e-08 7.397865e-03
1281 2.088646e-08 8.545095e-03
1282 2.297150e-07 1.556098e-02
1283 6.859031e-07 1.316000e-02
1284 3.671890e-04 3.397600e-01
1285 9.783823e-06 3.588990e-02
1286 5.885144e-05 1.537931e-01
1287 6.380631e-10 7.191358e-03
1288 2.588358e-05 1.257757e-01
1289 1.209030e-04 1.556892e-01
1290 7.348574e-11 1.825326e-03
1291 2.803295e-06 8.292505e-02
1292 1.408302e-07 1.594061e-02
1293 6.944554e-05 2.250927e-01
1294 4.819189e-08 2.443445e-03
1295 2.938533e-06 1.846903e-02
1296 7.311327e-05 2.682932e-02
1297 8.093134e-04 5.097351e-01
1298 5.163126e-05 2.213844e-01
1299 2.683186e-06 2.333880e-02
1300 8.558292e-04 6.035838e-01
1301 2.051026e-06 5.320833e-03
1302 3.751321e-08 3.800009e-03
1303 2.769158e-05 4.045258e-02
1304 9.019035e-05 6.104350e-02
1305 2.658123e-04 1.456470e-01
1306 1.591583e-04 8.188715e-02
1307 4.265989e-03 4.987605e-01
1308 5.860144e-07 1.053880e-02
1309 4.463093e-04 4.109024e-01
1310 1.827404e-03 5.827962e-01
1311 1.119874e-03 2.522472e-01
1312 4.312067e-03 1.429568e+00
1313 9.034324e-08 4.962906e-03
1314 3.130557e-05 5.117793e-02
1315 4.955696e-08 6.037651e-03
1316 4.911229e-10 4.991610e-03
1317 2.442048e-09 3.432680e-03
1318 8.263787e-08 2.018305e-03
1319 7.054605e-10 2.521190e-03
1320 6.857596e-09 4.482893e-03
1321 1.914523e-09 4.118961e-03
1322 1.281533e-10 1.540512e-03
1323 3.175911e-07 1.500578e-02
1324 8.944652e-06 4.275448e-03
1325 1.251219e-07 6.830756e-03
1326 8.320262e-07 8.463463e-03
1327 7.735379e-07 1.029241e-02
1328 9.419447e-07 7.605394e-03
1329 8.051041e-12 2.764880e-03
1330 3.649233e-07 9.894215e-03
1331 1.953851e-04 1.906910e-01
1332 2.800118e-04 2.599502e-01
1333 1.866947e-06 3.360873e-02
1334 1.574666e-07 2.102845e-02
1335 1.996559e-05 3.490825e-02
1336 5.075723e-07 1.071262e-02
1337 4.102473e-06 6.618651e-03
1338 9.332063e-05 4.123541e-02
1339 2.674046e-05 3.081463e-02
1340 1.048077e-05 1.064060e-02
1341 2.244151e-06 9.310239e-03
1342 8.734303e-10 1.658686e-03
1343 3.689887e-03 9.110669e-01
1344 2.508412e-08 5.171225e-03
1345 6.212763e-04 4.611232e-01
1346 4.434289e-05 9.982761e-02
1347 1.612617e-04 1.041389e-01
1348 1.933528e-05 3.211904e-02
1349 1.838748e-06 1.350242e-02
1350 3.694857e-03 9.073100e-01
1351 5.073673e-04 4.336223e-01
1352 1.856401e-03 5.645857e-01
1353 2.030908e-10 3.320921e-03
1354 2.392467e-08 3.139881e-03
1355 3.368845e-04 6.186623e-02
1356 3.750489e-07 4.645143e-03
1357 9.278029e-07 5.487329e-03
1358 5.918080e-04 5.742956e-01
1359 9.261788e-07 2.578030e-02
1360 1.043874e-05 6.162726e-03
1361 5.678998e-06 1.500083e-02
1362 3.506938e-07 3.827435e-03
1363 5.363859e-10 1.349376e-03
1364 3.280526e-09 1.292935e-03
1365 1.469543e-09 1.908664e-03
1366 1.382199e-07 7.164120e-03
1367 2.598561e-06 3.814430e-02
1368 3.160614e-07 3.363941e-03
1369 8.109239e-09 2.318079e-03
1370 2.888985e-10 1.156477e-03
1371 1.773011e-06 2.972932e-03
1372 7.459261e-09 1.249871e-03
1373 5.080562e-08 2.062968e-03
1374 1.168780e-07 9.165504e-03
1375 1.974186e-03 3.848319e-01
1376 5.007176e-05 3.299677e-02
1377 3.626341e-04 1.146669e-01
1378 8.230300e-08 1.159405e-02
1379 1.230790e-03 2.000200e-01
1380 5.085159e-05 7.335273e-02
1381 5.862170e-07 2.261308e-02
1382 2.776273e-08 2.298302e-03
1383 8.696102e-06 8.390411e-03
1384 1.367224e-03 6.622828e-01
1385 7.113727e-06 4.285088e-02
1386 3.294235e-04 1.963470e-01
1387 2.942268e-03 8.512666e-01
1388 4.651769e-03 7.720270e-01
1389 4.285753e-07 8.155247e-03
1390 2.554228e-04 2.473227e-01
1391 3.294522e-06 1.913412e-02
1392 2.335775e-08 1.609796e-02
1393 2.864586e-08 3.107232e-03
1394 6.397411e-08 1.089473e-02
1395 1.425911e-05 4.610773e-02
1396 1.124145e-07 5.311248e-03
1397 1.820949e-08 4.621909e-03
1398 1.264774e-03 5.802169e-01
1399 1.074117e-05 2.155156e-02
1400 2.020145e-06 9.238888e-03
1401 4.064180e-05 6.674735e-02
1402 3.557275e-07 4.076189e-03
1403 6.297177e-05 1.020483e-02
1404 2.042169e-05 4.488060e-02
1405 3.737892e-08 2.199133e-03
1406 5.575518e-05 2.407724e-02
1407 3.311215e-08 2.710176e-03
1408 2.894724e-09 2.399600e-03
1409 6.379503e-05 5.858357e-02
1410 2.488852e-04 2.337771e-01
1411 1.154275e-05 1.613211e-01
1412 2.599567e-03 4.811313e-01
1413 2.190199e-07 2.524691e-03
1414 2.515352e-03 9.428811e-01
1415 1.575802e-08 3.235408e-03
1416 5.570330e-06 6.399528e-03
1417 2.999691e-05 1.583777e-02
1418 8.986055e-07 4.044074e-03
1419 1.305705e-04 1.299193e-01
1420 7.098539e-04 4.503080e-01
1421 5.455803e-05 1.725593e-01
1422 1.932078e-04 1.231051e-01
1423 4.409053e-03 7.184750e-01
1424 4.745018e-08 9.905571e-03
1425 2.287083e-03 9.864130e-01
1426 5.623899e-04 5.638885e-01
1427 2.516717e-05 4.572829e-02
1428 9.553037e-05 2.422044e-02
1429 1.593237e-06 1.175264e-02
1430 2.278615e-05 4.832642e-02
1431 6.997707e-05 5.148933e-02
1432 2.621000e-04 1.122193e-01
1433 3.108688e-08 7.804887e-03
1434 2.836010e-08 3.260832e-02
1435 1.746833e-06 6.399938e-02
1436 7.904993e-04 5.020086e-01
1437 1.521766e-06 4.956177e-03
1438 2.782495e-05 1.371623e-02
1439 6.656076e-04 1.089621e+00
1440 1.449883e-04 8.534423e-02
1441 3.886114e-03 9.830442e-01
1442 1.813560e-11 2.166491e-03
1443 1.850813e-07 5.638361e-02
1444 8.135884e-08 3.610732e-02
1445 9.078047e-07 4.735806e-02
1446 2.433712e-08 6.453507e-03
1447 7.202633e-04 7.826775e-02
1448 2.040677e-07 9.904888e-03
1449 2.179356e-04 1.438025e-01
1450 1.681041e-04 1.434314e-01
1451 5.802903e-09 1.814930e-03
1452 5.635758e-08 1.412924e-02
1453 4.258578e-07 2.090971e-03
1454 1.226031e-08 1.287696e-02
1455 8.994668e-10 4.418776e-03
1456 3.456080e-06 1.083900e-02
1457 2.322681e-09 5.411970e-03
1458 1.194182e-09 2.875307e-03
1459 1.155230e-05 1.043889e-02
1460 1.098874e-09 4.512172e-03
1461 1.000739e-09 7.683469e-03
1462 1.360865e-08 8.574140e-03
1463 5.377478e-06 3.620391e-02
1464 4.460882e-04 8.381309e-01
1465 5.412688e-04 4.751378e-01
1466 2.810533e-03 4.987574e-01
1467 1.726220e-04 6.375754e-02
1468 2.115361e-03 9.041626e-01
1469 1.618937e-03 5.815900e-01
1470 1.013651e-04 4.968648e-02
1471 9.875591e-05 3.329560e-02
1472 3.540608e-05 1.305696e-01
1473 1.609993e-09 2.959145e-03
1474 1.498486e-10 1.252711e-02
1475 3.617638e-08 4.541454e-03
1476 9.191491e-06 9.548518e-03
1477 4.086863e-04 4.043128e-01
1478 1.847433e-06 2.856555e-02
1479 1.260235e-03 2.205372e-01
1480 2.819345e-04 2.082472e-01
1481 3.006228e-06 3.466764e-02
1482 1.421784e-05 6.733401e-02
1483 2.844181e-06 1.218234e-02
1484 3.077854e-06 8.443449e-03
1485 7.792150e-06 9.749006e-03
1486 1.936969e-03 5.456074e-01
1487 5.058985e-05 1.812087e-02
1488 6.479904e-05 5.147296e-02
1489 1.973156e-04 2.933077e-02
1490 4.147880e-05 1.223516e-02
1491 3.556570e-03 4.265094e-01
1492 3.397926e-07 2.296373e-02
1493 2.265746e-06 5.602120e-03
1494 2.926212e-06 2.298749e-02
1495 1.817086e-04 3.813089e-01
1496 2.661949e-05 1.420806e-02
1497 1.975932e-04 1.304138e-01
1498 3.231449e-03 9.902024e-01
1499 4.455651e-05 7.170904e-02
1500 4.793621e-07 1.035201e-02
1501 6.735337e-04 2.034071e-01
1502 7.381061e-04 2.465448e-01
1503 1.361891e-04 6.431323e-02
1504 1.215434e-03 8.377720e-01
1505 9.146520e-07 7.147496e-02
1506 2.060514e-06 1.849144e-03
1507 7.345962e-04 3.270009e-01
1508 1.759020e-03 1.209038e+00
1509 7.397521e-07 4.456309e-03
1510 9.333481e-08 3.761035e-03
1511 1.239987e-03 3.597247e-01
1512 7.288488e-08 1.082500e-03
1513 1.852949e-07 1.735820e-02
1514 4.434765e-08 5.221528e-03
1515 2.139685e-06 1.107372e-02
1516 2.994120e-05 1.137165e-01
1517 1.027993e-05 1.797013e-02
1518 7.583005e-06 8.782319e-02
1519 3.133726e-10 1.807420e-03
1520 4.670544e-04 1.207402e-01
1521 2.412546e-08 2.454371e-03
1522 1.503331e-08 4.728464e-03
1523 4.432508e-07 7.671176e-03
1524 1.121635e-03 4.905523e-01
1525 4.778562e-05 5.929470e-02
1526 2.926826e-06 2.447430e-02
1527 1.289615e-04 1.015219e-01
1528 7.133069e-06 1.193829e-02
1529 5.873884e-06 2.982722e-02
1530 5.882097e-07 7.446640e-03
1531 6.484176e-04 2.182127e-01
1532 1.832735e-06 2.078781e-02
1533 3.364514e-05 1.256570e-01
1534 1.419494e-03 6.284241e-01
1535 7.949967e-04 7.161056e-01
1536 1.019969e-03 4.068214e-01
1537 2.869078e-08 8.427393e-03
1538 5.499935e-05 3.937678e-01
1539 6.104006e-07 2.708473e-02
1540 1.068004e-08 4.668548e-02
1541 6.236684e-04 3.299562e-01
1542 2.469795e-03 1.547288e+00
1543 7.542835e-09 5.589936e-03
1544 8.279628e-07 1.687167e-02
1545 3.094963e-10 3.642923e-03
1546 4.629553e-05 1.659834e-01
1547 9.695884e-06 3.968501e-02
1548 4.678495e-08 3.962785e-02
1549 1.672398e-10 2.624714e-03
1550 5.898555e-05 8.469952e-02
1551 1.250841e-07 1.657496e-02
1552 1.564341e-08 1.277026e-03
1553 3.917094e-08 3.210210e-03
1554 2.297184e-03 6.268919e-01
1555 1.967029e-03 4.588270e-01
1556 9.066861e-06 4.199568e-02
1557 3.611687e-04 3.102930e-01
1558 1.286327e-03 4.449983e-01
1559 3.121044e-03 5.861121e-01
1560 3.288603e-07 5.877607e-03
1561 4.274948e-04 1.183177e-01
1562 8.690329e-07 1.430502e-02
1563 4.120673e-04 2.521025e-01
1564 1.354231e-07 8.082133e-03
1565 2.811867e-04 1.072083e-01
1566 6.434924e-05 4.478092e-02
1567 1.294011e-05 8.629540e-03
1568 3.345693e-04 5.900817e-02
1569 4.309738e-04 8.702493e-02
1570 1.441495e-04 1.010387e-01
1571 5.241266e-04 9.468684e-02
1572 9.166268e-10 1.951215e-03
1573 1.495637e-03 4.009521e-01
1574 1.225243e-06 5.738661e-03
1575 2.173898e-05 2.552463e-02
1576 5.577272e-05 1.929225e-02
1577 4.265082e-04 3.832293e-01
1578 6.628314e-08 6.683197e-03
1579 2.327419e-04 4.425775e-02
1580 2.753663e-09 2.504891e-03
1581 5.264291e-06 6.324017e-03
1582 3.313272e-06 7.769099e-03
1583 7.664778e-04 2.421724e-01
1584 1.303054e-06 9.977316e-03
1585 1.182429e-03 7.731478e-01
1586 7.186183e-04 6.409047e-01
1587 1.136538e-03 1.878936e-01
1588 7.820425e-04 2.857493e-01
1589 4.623467e-04 2.646097e-01
1590 9.028355e-04 4.308322e-01
1591 5.775515e-06 6.542597e-02
1592 2.413991e-05 4.194016e-02
1593 4.505532e-04 1.685367e-01
1594 3.408364e-05 5.448734e-02
1595 1.496612e-03 1.075396e-01
1596 1.660085e-04 4.703398e-02
1597 1.993940e-04 5.362425e-02
1598 4.692882e-05 1.479382e-01
1599 1.913418e-06 5.033639e-03
1600 5.683479e-04 2.636220e-01
1601 1.515072e-06 1.821116e-03
1602 3.203693e-03 1.192592e+00
1603 2.066338e-08 2.591460e-03
1604 5.018345e-09 2.526689e-03
1605 3.502709e-04 1.439203e-01
1606 3.202287e-11 2.940810e-03
1607 1.116950e-08 1.979634e-03
1608 9.553168e-08 2.099436e-03
1609 1.346042e-03 1.943372e-01
1610 3.398206e-04 1.441552e-01
1611 4.072935e-12 1.884622e-03
1612 1.037863e-08 2.245098e-03
1613 1.034821e-05 5.390179e-03
1614 4.359121e-07 5.518842e-03
1615 3.280888e-04 3.167070e-01
1616 1.022934e-04 1.712733e-01
1617 6.636664e-04 2.353728e-01
1618 9.593297e-05 9.102021e-02
1619 8.511702e-04 7.133438e-01
1620 1.534732e-06 1.139885e-02
1621 2.660020e-04 1.784976e-01
1622 3.252501e-07 5.948738e-03
1623 6.731950e-06 5.416332e-02
1624 7.930632e-09 5.302573e-03
1625 5.409105e-10 1.697817e-03
1626 9.703895e-09 9.855203e-03
1627 3.171191e-08 6.901209e-03
1628 2.408990e-10 1.990336e-03
1629 8.870294e-05 9.987906e-02
1630 1.101100e-10 1.722795e-03
1631 6.374629e-07 1.230775e-02
1632 1.767424e-08 1.017307e-02
1633 2.922161e-05 5.559620e-02
1634 1.495344e-03 8.602887e-01
1635 6.746553e-03 5.949836e-01
1636 4.093327e-03 1.417218e+00
1637 3.959227e-04 1.958173e-01
1638 6.701711e-04 1.848878e-01
1639 3.506001e-03 1.329787e+00
1640 3.375422e-03 4.524036e-01
1641 1.068369e-03 4.402730e-01
1642 5.067690e-04 1.345043e-01
1643 4.356767e-05 5.947827e-02
1644 7.077641e-04 2.184940e-01
1645 3.939741e-09 1.659726e-03
1646 1.041047e-03 1.814602e-01
1647 6.557138e-04 4.157056e-01
1648 9.394930e-07 6.684947e-03
1649 3.047375e-05 3.843800e-02
1650 1.400118e-03 4.913861e-01
1651 1.284952e-04 1.571796e-02
1652 1.883586e-03 9.829708e-01
1653 7.678886e-04 8.794361e-01
1654 3.437810e-08 2.857449e-03
1655 1.869851e-06 8.788227e-03
1656 8.581967e-11 3.791158e-03
1657 1.254630e-09 1.275121e-03
1658 3.086618e-08 3.473673e-03
1659 1.023369e-07 1.106838e-02
1660 1.964179e-11 2.013571e-03
1661 2.144805e-04 1.746668e-01
1662 3.970994e-09 8.360222e-03
1663 9.472204e-05 7.719453e-02
1664 5.226811e-10 7.017866e-03
1665 1.515464e-03 2.118897e-01
1666 7.774831e-06 1.056628e-01
1667 1.190027e-04 7.163340e-02
1668 1.020873e-06 3.229937e-03
1669 4.275526e-07 6.681467e-03
1670 1.151205e-06 1.152257e-02
1671 3.637929e-08 4.716613e-03
1672 2.732151e-06 3.293575e-02
1673 1.100485e-04 8.841584e-02
1674 1.267672e-05 5.936615e-03
1675 2.047358e-04 5.917281e-02
1676 1.884883e-09 1.488901e-03
1677 8.782498e-06 2.200865e-02
1678 9.931724e-04 3.385935e-01
1679 6.234652e-05 1.580983e-02
1680 1.621856e-06 1.896631e-02
1681 1.215092e-04 1.233974e-01
1682 4.456758e-06 8.664354e-03
1683 1.770764e-09 1.427048e-02
1684 1.013672e-08 7.037682e-03
1685 1.362653e-11 2.228347e-03
1686 1.481256e-05 5.000435e-02
1687 1.269434e-05 2.310972e-02
1688 5.998816e-10 1.181102e-03
1689 7.668098e-06 4.609258e-02
1690 1.714130e-06 1.148539e-02
1691 1.145132e-04 8.840919e-02
1692 1.990291e-03 8.653403e-01
1693 6.467232e-04 6.685343e-01
1694 7.629912e-04 2.498180e-01
1695 1.541973e-06 9.313690e-03
1696 9.062246e-09 3.059976e-03
1697 3.842995e-09 6.228485e-03
1698 1.138325e-04 1.665226e-01
1699 1.931374e-07 1.733757e-02
1700 2.149882e-04 7.022579e-02
1701 7.160934e-07 1.072500e-02
1702 5.460366e-07 6.383931e-03
1703 1.511334e-06 1.691194e-02
1704 8.693748e-07 7.491624e-03
1705 6.053639e-04 4.897692e-01
1706 7.215147e-05 5.961582e-02
1707 2.955232e-07 3.565281e-03
1708 2.093928e-13 2.066073e-03
1709 1.841402e-12 5.400189e-03
1710 4.812867e-11 1.420093e-03
1711 1.613516e-08 1.075693e-02
1712 4.037039e-08 5.685808e-03
1713 3.292214e-09 4.481649e-03
1714 3.147673e-08 6.156484e-03
1715 4.293136e-07 4.583861e-03
1716 1.390217e-09 6.170908e-03
1717 1.555097e-10 2.196922e-03
1718 6.805223e-08 1.830162e-02
1719 3.987283e-13 1.983144e-03
1720 1.282319e-07 4.909974e-03
1721 1.042554e-10 1.543079e-03
1722 3.278216e-07 1.305128e-02
1723 7.685101e-12 1.305811e-03
1724 1.534852e-12 1.416024e-03
1725 6.569961e-10 1.943371e-03
1726 2.138469e-07 3.797269e-02
1727 3.760894e-10 1.036306e-02
1728 3.640278e-10 2.571062e-03
1729 3.210142e-07 1.453111e-02
1730 2.622584e-08 4.534735e-03
1731 9.018380e-09 4.026378e-03
1732 3.053241e-03 2.410819e-01
1733 2.919276e-03 4.415673e-01
1734 8.884053e-04 5.340111e-01
1735 5.612673e-06 7.583510e-02
1736 2.504128e-08 7.941309e-03
1737 1.240610e-06 9.533218e-03
1738 9.302173e-05 2.656730e-01
1739 1.209443e-03 4.890061e-01
1740 1.736828e-06 2.543915e-02
1741 1.278699e-11 1.330465e-03
1742 6.562718e-09 1.712199e-03
1743 2.707194e-08 4.126254e-03
1744 1.311915e-08 2.080904e-03
1745 6.081325e-11 2.243357e-03
1746 5.078243e-08 8.589579e-03
1747 1.481623e-07 2.371853e-02
1748 1.914898e-04 2.066906e-02
1749 1.178255e-06 7.119982e-03
1750 2.752760e-07 8.909802e-03
1751 2.793353e-09 4.101629e-03
1752 1.078881e-09 7.636161e-03
1753 3.966307e-05 1.135003e-01
1754 1.048513e-03 6.054647e-01
1755 1.259295e-03 7.064251e-01
1756 3.584022e-07 2.013188e-02
1757 1.638269e-04 8.904531e-02
1758 1.039272e-03 9.187837e-01
1759 6.221993e-04 2.096889e-01
1760 5.734758e-04 3.757116e-01
1761 3.285422e-03 1.026706e+00
1762 1.388642e-03 9.477811e-01
1763 7.488100e-05 2.208481e-01
1764 4.126949e-05 3.271580e-02
1765 2.823734e-05 5.233096e-02
1766 1.027952e-03 3.835817e-01
1767 1.678070e-04 7.953301e-02
1768 4.459762e-05 3.787800e-02
1769 2.230022e-04 1.743076e-01
1770 9.702502e-04 3.062754e-01
1771 1.366352e-05 1.261733e-01
1772 8.287223e-09 4.459338e-03
1773 3.405365e-03 2.395282e+00
1774 2.500641e-03 4.975808e-01
1775 2.769752e-03 1.548059e+00
1776 6.695618e-04 3.347889e-01
1777 2.714324e-05 6.325549e-02
1778 6.827941e-04 7.843099e-01
1779 1.743807e-03 2.116729e-01
1780 2.678717e-05 7.532486e-02
1781 1.458999e-04 4.403535e-02
1782 8.823170e-06 4.077065e-02
1783 1.892133e-03 1.230760e+00
1784 4.025564e-05 8.709546e-02
1785 3.398336e-05 1.107839e-01
1786 4.203009e-04 1.005899e-01
1787 5.834744e-04 1.555617e-01
1788 1.987644e-03 4.976553e-01
1789 1.163368e-04 1.997702e-01
1790 3.679323e-06 2.099803e-02
1791 1.861129e-05 1.710563e-01
1792 4.322416e-04 3.760522e-01
1793 1.127129e-04 1.178985e-01
1794 1.957200e-05 4.946191e-02
1795 6.808017e-05 4.855622e-02
1796 8.992896e-05 1.266488e-01
1797 8.574790e-05 1.219226e-01
1798 1.896028e-05 5.106451e-02
1799 5.646149e-06 1.623533e-02
1800 5.025728e-05 2.229360e-01
1801 2.877943e-05 5.022001e-02
1802 1.103613e-03 9.208760e-01
1803 9.310221e-04 4.166883e-01
1804 1.876172e-03 3.530407e-01
1805 2.225309e-04 1.051968e-01
1806 1.085309e-04 7.895461e-02
1807 4.093832e-05 3.961154e-02
1808 5.617774e-04 3.501294e-01
1809 1.842701e-06 2.383812e-02
1810 8.143600e-08 9.327520e-03
1811 2.048090e-07 1.307572e-02
1812 4.490689e-05 2.972559e-02
1813 7.572563e-06 1.098532e-02
1814 1.808751e-08 2.086861e-02
1815 3.192588e-06 7.472904e-02
1816 8.515782e-06 3.097276e-02
1817 1.482005e-04 1.127797e-01
1818 1.312202e-06 4.666071e-02
1819 1.122502e-03 8.888367e-01
1820 8.174197e-05 1.853055e-01
1821 2.100112e-05 3.306664e-02
1822 5.546286e-07 2.107229e-02
1823 6.133560e-07 4.881910e-02
1824 7.785415e-04 1.739160e-01
1825 1.463181e-03 6.128052e-01
1826 2.351470e-04 1.555330e-01
1827 1.737825e-06 1.266210e-02
1828 5.791569e-07 1.844292e-02
1829 4.232860e-07 1.715206e-02
1830 1.691146e-03 1.432432e+00
1831 2.246511e-06 9.833566e-03
1832 3.313510e-04 9.165493e-02
1833 2.635537e-09 1.114260e-02
1834 6.812350e-06 2.510925e-02
1835 9.095924e-10 8.520756e-03
1836 4.229736e-07 6.970737e-03
1837 1.182440e-03 3.944794e-01
1838 7.004534e-05 4.196742e-02
1839 2.648754e-06 4.722513e-02
1840 5.042604e-05 8.827159e-02
1841 2.506154e-05 5.411934e-02
1842 4.051954e-06 2.262910e-02
1843 6.775163e-06 1.961673e-02
1844 3.463408e-06 2.186446e-02
1845 1.157755e-04 4.311085e-02
1846 3.321435e-07 7.471975e-03
1847 2.881521e-05 2.027160e-02
1848 4.644150e-07 1.295460e-02
1849 4.171302e-08 1.540279e-02
1850 3.768115e-07 1.007750e-02
1851 1.003506e-06 6.244297e-03
1852 1.135739e-07 4.861001e-03
1853 1.404685e-05 5.694113e-03
1854 2.599432e-04 1.469112e-01
1855 3.032973e-06 3.018275e-02
1856 1.988169e-04 1.378684e-01
1857 1.962479e-04 2.797535e-01
1858 7.396196e-05 1.194907e-01
1859 4.402761e-06 6.177668e-03
1860 2.279237e-03 2.897037e-01
1861 5.456717e-09 7.876911e-03
1862 4.330845e-06 1.011024e-02
1863 6.728260e-07 2.654615e-02
1864 5.012939e-04 2.749797e-01
1865 2.007909e-04 1.271600e-01
1866 7.864153e-07 5.063776e-02
1867 2.326520e-07 1.207444e-02
1868 8.455631e-09 9.840080e-03
1869 8.226909e-09 6.763030e-03
1870 4.180400e-07 1.606070e-02
1871 4.617018e-04 4.241654e-01
1872 1.300249e-03 3.021635e-01
1873 7.296715e-05 4.542339e-02
1874 1.205492e-05 1.017994e-01
1875 6.739422e-04 3.087314e-01
1876 2.856773e-05 1.918315e-02
1877 2.599118e-05 4.325550e-02
1878 8.116321e-06 1.344414e-02
1879 1.384950e-05 3.937361e-02
1880 3.579082e-06 2.446923e-02
1881 3.494662e-04 3.527512e-01
1882 6.016118e-07 6.508213e-02
1883 1.766883e-06 4.458378e-02
1884 2.351282e-05 9.120840e-02
1885 6.853024e-07 3.906779e-02
1886 3.475438e-06 1.169360e-01
1887 1.029082e-06 8.749231e-03
1888 1.014190e-07 1.633927e-02
1889 1.670635e-08 7.998552e-03
1890 1.083015e-10 5.479537e-03
1891 3.416189e-08 5.629459e-03
1892 1.532661e-07 6.096380e-03
1893 2.239141e-10 2.192672e-02
1894 5.447772e-06 6.403666e-02
1895 9.619941e-05 4.220865e-02
1896 7.001515e-08 5.072185e-03
1897 6.859220e-10 3.676963e-03
1898 4.154639e-06 4.271967e-03
1899 5.237570e-06 2.609436e-02
1900 2.338501e-05 2.552142e-02
1901 5.903555e-11 1.743950e-03
1902 1.417341e-03 5.440941e-01
1903 8.776554e-04 4.404158e-01
1904 1.558144e-04 6.269261e-02
1905 6.453007e-04 2.766271e-01
1906 3.360776e-03 1.004003e+00
1907 1.959172e-08 7.413140e-03
1908 3.000356e-07 8.262266e-03
1909 4.329631e-07 5.515092e-03
1910 6.839412e-05 6.201290e-02
1911 6.605166e-07 1.208042e-02
1912 1.968131e-05 8.406639e-02
1913 5.211995e-05 8.594410e-02
1914 7.928909e-05 2.392265e-01
1915 2.542186e-03 9.855609e-01
1916 3.047192e-04 3.527688e-01
1917 1.251577e-03 2.332207e-01
1918 1.293336e-04 2.352131e-01
1919 6.551873e-04 5.083005e-01
1920 1.584470e-05 7.370274e-02
1921 7.140333e-06 4.756785e-02
1922 8.247342e-04 2.934851e-01
1923 5.063684e-04 2.133918e-01
1924 7.192787e-04 4.890942e-01
1925 1.297992e-05 7.656797e-02
1926 3.075309e-06 2.545808e-02
1927 3.478809e-04 1.771771e-01
1928 3.898839e-04 3.860485e-01
1929 4.460948e-05 7.236097e-02
1930 1.768249e-07 6.106900e-03
1931 2.914507e-08 3.885007e-02
1932 2.175068e-08 2.590950e-02
1933 1.211086e-04 8.453923e-02
1934 1.827956e-07 7.646662e-03
1935 2.047825e-05 6.781172e-02
1936 6.075387e-06 2.304811e-02
1937 1.208462e-04 1.882576e-01
1938 1.555234e-03 2.686522e-01
1939 5.515155e-05 9.540068e-02
1940 4.245329e-05 1.075735e-01
1941 2.556434e-07 8.002796e-03
1942 4.051168e-04 1.991427e-01
1943 5.814562e-04 1.563137e-01
1944 1.219946e-05 3.890333e-02
1945 8.721954e-07 1.417992e-02
1946 1.434883e-05 1.456221e-01
1947 7.916521e-06 2.854043e-02
1948 7.427727e-05 2.204204e-01
1949 1.335044e-03 8.494448e-01
1950 3.515360e-04 3.434039e-01
1951 6.349860e-04 4.475781e-01
1952 3.368525e-05 1.535986e-01
1953 4.067492e-05 2.879364e-02
1954 2.811853e-05 2.075290e-02
1955 1.199942e-03 7.549037e-01
1956 2.146662e-03 6.211460e-01
1957 3.930434e-03 1.050302e+00
1958 1.243154e-03 5.708595e-01
1959 1.751542e-09 7.319854e-03
1960 1.557658e-05 2.073227e-02
1961 4.646491e-12 2.938944e-03
1962 1.032554e-08 7.225466e-03
1963 2.995755e-11 2.056928e-03
1964 1.901429e-10 3.510110e-03
1965 2.486448e-05 5.504374e-02
1966 1.137743e-06 1.216936e-02
1967 1.715687e-03 3.467144e-01
1968 6.837484e-06 2.778527e-02
1969 1.861079e-06 2.197464e-02
1970 6.008104e-07 9.846970e-03
1971 3.116016e-06 2.676645e-02
1972 1.395538e-08 7.143880e-03
1973 8.891306e-04 3.621481e-01
1974 2.006918e-06 4.132445e-02
1975 4.865034e-07 1.718053e-02
1976 1.084242e-05 3.474721e-02
1977 3.654199e-04 3.486278e-01
1978 1.341325e-04 8.126979e-02
1979 3.742462e-04 1.312666e-01
1980 6.140507e-04 2.220659e-01
1981 9.977970e-04 1.859044e-01
1982 6.811825e-05 1.749615e-01
1983 2.612113e-03 8.275155e-01
1984 4.062450e-05 1.035374e-01
1985 2.321550e-05 2.370000e-01
1986 3.905409e-05 9.177551e-02
1987 5.043809e-04 9.950583e-01
1988 1.967365e-05 5.479381e-02
1989 3.080051e-05 5.610594e-02
1990 9.220228e-04 3.048307e-01
1991 1.945440e-07 1.452684e-02
1992 5.935944e-05 6.621371e-02
1993 8.213139e-04 4.184496e-01
1994 6.587862e-04 1.291352e-01
1995 1.576992e-05 7.962233e-02
1996 7.539523e-05 1.035741e-01
1997 5.198243e-03 1.181184e+00
1998 1.375148e-04 2.796349e-01
1999 1.457573e-03 6.830846e-01
2000 2.359675e-03 3.331568e-01
