1 3.111694e-03 2.940392e-01
2 1.989324e-05 1.877410e-02
3 1.322840e-06 2.347167e-03
4 1.649464e-07 1.834157e-03
5 7.905419e-07 2.562274e-03
6 1.661628e-03 2.026725e-01
7 2.554562e-05 9.850132e-03
8 2.259573e-05 4.119555e-02
9 2.587939e-08 2.382516e-03
10 1.057097e-04 8.303419e-02
11 6.152384e-07 5.126418e-03
12 6.172561e-08 1.228453e-03
13 3.693287e-04 1.876655e-01
14 7.859838e-07 7.590761e-03
15 1.029694e-06 2.919233e-03
16 2.423610e-05 2.358438e-02
17 1.322211e-06 1.883999e-03
18 1.029007e-03 1.445796e-01
19 2.465956e-06 7.508243e-03
20 8.405350e-10 1.022671e-03
21 5.123631e-03 4.443445e-01
22 4.009798e-05 4.445373e-03
23 1.591603e-05 2.639730e-02
24 9.513292e-04 1.688409e-01
25 4.494570e-04 1.139120e-01
26 3.622219e-06 3.623975e-03
27 3.822305e-05 9.176320e-03
28 1.837787e-06 3.478251e-03
29 1.976195e-03 3.141621e-01
30 3.588249e-03 4.877380e-01
31 5.188735e-04 2.163318e-01
32 3.068139e-05 7.612719e-03
33 2.069678e-07 1.217076e-03
34 5.367905e-08 1.146377e-03
35 1.863235e-06 2.991308e-03
36 1.989955e-03 3.151004e-01
37 3.457369e-04 4.643877e-02
38 3.999200e-06 8.410209e-03
39 1.799512e-07 1.945676e-03
40 1.307513e-06 3.459241e-03
41 1.618092e-04 1.567551e-02
42 6.721129e-07 4.974496e-03
43 9.870586e-04 2.272458e-01
44 1.814964e-04 5.905620e-02
45 1.520027e-04 1.087007e-01
46 1.324215e-05 8.301828e-03
47 2.192583e-04 2.589578e-01
48 1.677694e-04 8.850045e-02
49 1.375385e-05 8.136907e-03
50 2.442460e-03 3.116732e-01
51 1.944733e-05 1.113608e-02
52 1.038174e-05 2.301477e-02
53 1.639954e-05 4.935459e-03
54 1.999753e-06 9.677286e-03
55 3.580183e-06 4.896410e-03
56 1.997662e-05 6.443102e-03
57 7.191875e-06 1.417450e-02
58 2.996168e-04 5.011965e-02
59 1.113710e-04 3.109829e-02
60 2.520411e-08 1.409548e-03
61 4.055499e-03 5.704127e-01
62 1.160903e-06 3.260168e-02
63 1.785518e-06 1.849645e-03
64 5.095526e-07 4.144353e-03
65 1.796649e-04 3.689593e-02
66 1.548982e-05 3.932857e-03
67 7.585435e-07 7.171718e-03
68 3.006926e-06 7.322903e-03
69 1.253556e-07 1.413404e-03
70 1.106708e-07 1.334451e-03
71 4.088356e-04 1.751421e-01
72 5.218400e-05 1.800455e-02
73 5.785983e-07 4.126965e-03
74 5.057127e-04 1.622751e-01
75 8.987538e-05 6.779471e-03
76 2.264374e-06 2.723903e-03
77 1.894849e-05 3.634741e-02
78 3.533999e-04 2.139312e-01
79 9.461385e-04 5.784843e-02
80 8.171979e-06 2.356389e-03
81 4.173395e-06 1.456756e-03
82 1.596769e-05 3.562417e-03
83 5.035300e-05 1.286503e-02
84 6.703182e-07 1.830933e-03
85 3.124535e-04 3.771015e-02
86 1.038471e-05 6.185660e-03
87 1.572098e-06 2.772565e-03
88 2.034773e-07 1.687527e-03
89 4.763125e-05 2.102721e-02
90 4.422894e-04 1.290349e-01
91 3.370324e-04 7.189757e-02
92 5.180993e-03 4.335607e-01
93 1.143246e-05 1.318874e-02
94 5.131378e-06 3.772258e-03
95 1.792328e-03 4.103130e-01
96 1.594505e-05 8.640971e-03
97 1.115109e-05 3.493739e-02
98 5.257026e-06 3.287103e-03
99 7.062130e-05 6.916716e-03
100 6.431557e-03 6.612757e-01
101 1.030952e-05 4.425917e-03
102 1.354731e-05 1.448427e-02
103 1.480946e-03 1.427020e-01
104 5.907893e-05 2.992563e-02
105 2.065055e-04 4.142042e-02
106 1.798024e-06 8.936460e-03
107 2.872031e-07 2.868029e-03
108 1.132311e-05 1.854792e-02
109 1.003705e-06 5.068449e-03
110 9.384834e-06 1.084388e-02
111 1.467010e-03 2.473191e-01
112 4.846763e-04 6.103338e-02
113 2.251992e-03 3.197212e-01
114 1.402221e-03 2.146735e-01
115 4.723837e-04 1.006939e-01
116 8.094152e-04 1.334711e-01
117 6.391125e-04 5.965854e-02
118 1.795309e-03 1.501695e-01
119 2.151903e-08 4.546809e-03
120 3.829660e-08 3.639496e-03
121 3.291958e-07 1.148409e-02
122 7.908042e-07 1.848905e-03
123 3.561184e-06 5.587839e-03
124 2.882580e-05 1.080426e-02
125 4.654569e-08 3.997104e-03
126 3.607080e-06 5.898823e-03
127 8.745413e-07 9.634368e-03
128 9.959069e-07 7.739558e-03
129 4.935777e-07 4.442378e-03
130 9.170145e-07 3.949808e-03
131 6.222133e-07 5.874703e-03
132 1.521795e-06 4.573183e-03
133 4.205779e-07 7.642964e-03
134 5.287934e-05 1.954006e-02
135 4.647412e-07 4.518194e-03
136 1.472705e-06 4.014213e-03
137 1.340202e-05 1.196085e-02
138 7.240554e-07 9.341205e-03
139 1.723136e-06 8.657081e-03
140 2.895644e-07 5.161566e-03
141 8.873736e-08 3.026813e-03
142 3.661480e-07 3.092546e-03
143 8.668875e-07 6.825148e-03
144 4.996800e-07 8.547265e-03
145 1.262831e-07 4.695418e-03
146 5.443076e-07 6.100346e-03
147 1.340159e-06 6.267768e-03
148 4.094892e-07 7.975487e-03
149 1.611211e-06 4.208131e-03
150 1.060933e-07 3.984550e-03
151 3.742081e-06 9.843181e-03
152 1.658226e-06 5.864716e-03
153 4.925887e-07 2.963285e-03
154 2.630233e-07 3.756243e-03
155 1.319275e-07 3.020442e-03
156 1.325783e-06 3.796249e-03
157 4.233753e-07 4.015273e-03
158 3.849379e-06 4.371540e-03
159 2.417092e-06 5.790400e-03
160 1.283415e-06 5.074724e-03
161 1.745579e-07 3.122919e-03
162 4.244345e-08 3.000637e-03
163 1.530271e-07 3.072846e-03
164 2.753722e-08 1.641884e-03
165 1.996872e-08 1.681504e-03
166 1.220334e-08 1.657201e-03
167 1.153799e-07 2.934200e-03
168 8.687574e-07 3.267503e-03
169 4.734515e-06 5.817423e-03
170 1.794404e-08 1.639374e-03
171 3.263314e-07 3.403735e-03
172 1.083975e-07 3.215914e-03
173 4.015817e-08 1.618185e-03
174 2.219556e-07 3.082507e-03
175 2.037941e-07 3.087957e-03
176 9.302169e-08 2.995248e-03
177 3.193089e-08 1.655847e-03
178 4.800991e-07 2.262934e-03
179 2.623825e-08 1.614006e-03
180 1.508253e-07 3.090429e-03
181 7.183964e-08 2.123231e-03
182 1.521647e-07 3.394174e-03
183 9.046144e-09 1.196240e-03
184 1.706998e-08 1.614501e-03
185 2.557000e-08 1.232383e-03
186 1.923700e-07 2.173483e-03
187 2.110086e-08 1.906258e-03
188 7.155529e-09 1.592422e-03
189 8.637750e-09 1.133800e-03
190 2.259554e-08 1.208226e-03
191 3.255319e-05 1.670248e-02
192 4.122688e-06 3.625570e-03
193 1.551677e-04 2.742549e-02
194 1.688205e-04 2.466306e-02
195 1.189053e-05 5.868727e-03
196 3.969524e-05 1.207938e-02
197 1.944547e-04 1.836533e-02
198 1.387581e-05 5.800204e-03
199 7.983307e-06 1.279605e-02
200 1.106687e-05 9.287173e-03
201 3.304692e-05 1.038281e-02
202 3.585014e-05 1.878140e-02
203 7.495717e-07 3.463785e-03
204 1.088369e-05 4.783448e-03
205 6.509922e-06 7.781856e-03
206 1.930069e-06 3.745119e-03
207 6.460659e-06 9.221647e-03
208 1.582060e-07 3.447593e-03
209 6.324762e-06 7.779011e-03
210 4.393931e-06 4.460300e-03
211 3.926501e-07 2.375097e-03
212 9.947591e-05 1.883766e-02
213 9.009066e-07 2.393184e-03
214 2.081351e-06 4.209100e-03
215 4.760276e-06 4.404428e-03
216 1.679033e-05 6.330440e-03
217 1.919120e-06 2.054682e-03
218 4.610462e-05 2.162858e-02
219 8.138039e-05 1.311830e-02
220 1.211984e-06 3.481036e-03
221 2.019950e-06 3.806670e-03
222 3.321986e-06 6.844370e-03
223 2.253791e-06 9.581349e-03
224 6.015671e-08 3.041752e-03
225 1.190840e-06 5.400668e-03
226 8.108556e-07 3.620225e-03
227 1.003881e-06 4.234338e-03
228 1.584850e-06 4.986692e-03
229 1.431452e-05 1.319832e-02
230 3.411985e-06 7.651607e-03
231 4.558639e-06 6.502977e-03
232 1.127164e-06 5.009974e-03
233 1.165178e-06 6.097291e-03
234 1.098276e-06 4.875727e-03
235 1.095189e-07 4.499506e-03
236 1.551596e-06 4.916811e-03
237 3.944326e-08 3.366267e-03
238 7.394655e-07 5.687987e-03
239 8.816029e-08 3.542329e-03
240 7.305383e-07 3.129037e-03
241 9.043661e-07 4.000422e-03
242 1.463782e-06 4.912151e-03
243 4.240510e-08 3.168888e-03
244 4.611746e-07 4.660614e-03
245 1.002071e-06 4.934071e-03
246 1.608395e-07 3.829687e-03
247 1.011178e-06 4.886320e-03
248 1.158149e-07 2.656171e-03
249 2.830245e-06 7.491714e-03
250 6.168931e-07 4.129273e-03
251 3.048470e-07 2.875833e-03
252 3.092486e-06 6.678604e-03
253 4.292087e-08 3.332301e-03
254 1.936440e-07 4.813641e-03
255 1.258522e-06 6.386615e-03
256 1.645902e-07 2.727843e-03
257 2.065082e-07 3.432544e-03
258 6.560681e-05 4.205499e-03
259 1.052181e-04 8.465106e-03
260 9.634615e-05 1.213737e-02
261 1.815634e-04 8.901628e-03
262 4.756275e-05 5.860459e-03
263 4.633633e-05 6.513974e-03
264 7.853737e-05 1.828213e-02
265 1.132304e-05 7.038897e-03
266 9.717352e-05 1.513905e-02
267 1.867147e-04 3.764325e-02
268 4.149672e-05 2.030404e-02
269 7.431672e-05 3.109216e-02
270 5.621611e-06 4.246773e-03
271 3.253749e-05 6.889632e-03
272 7.103603e-06 6.766394e-03
273 5.571956e-06 4.359460e-03
274 8.380706e-06 5.351500e-03
275 7.683963e-06 8.491896e-03
276 2.290373e-04 3.113517e-02
277 2.125894e-06 3.443570e-03
278 2.614716e-06 2.635422e-03
279 7.745495e-05 1.544235e-02
280 7.048254e-06 5.916168e-03
281 1.239934e-05 8.440381e-03
282 1.463150e-05 1.231502e-02
283 4.851048e-06 3.239409e-03
284 4.757489e-05 7.180387e-03
285 6.019964e-04 1.599882e-02
286 4.615243e-04 2.458088e-02
287 3.239924e-05 6.211806e-03
288 4.968801e-05 1.303047e-02
289 4.202893e-04 3.208831e-02
290 4.451942e-04 4.156731e-02
291 3.528880e-05 7.184117e-03
292 1.316249e-04 1.467921e-02
293 5.110727e-05 1.659570e-02
294 1.621348e-04 2.524059e-02
295 4.134428e-06 1.791252e-02
296 3.277165e-04 8.422177e-02
297 2.837432e-03 2.986604e-01
298 1.031857e-04 2.756035e-02
299 1.666280e-05 4.213856e-03
300 1.695593e-06 4.538230e-03
301 4.689059e-04 3.897273e-02
302 1.789458e-06 5.034002e-03
303 7.075879e-07 3.059110e-03
304 8.044800e-08 2.272799e-03
305 1.581203e-07 2.657714e-03
306 8.022752e-08 2.686294e-03
307 5.627339e-09 2.646266e-03
308 2.097984e-08 2.581089e-03
309 1.128653e-05 4.576006e-03
310 2.784474e-08 3.221429e-03
311 6.098721e-09 2.653392e-03
312 6.436254e-07 2.191845e-03
313 5.417529e-09 2.542371e-03
314 2.034173e-08 2.548031e-03
315 4.032865e-09 2.676203e-03
316 5.581061e-08 2.819390e-03
317 4.739731e-09 1.929658e-03
318 5.856835e-08 1.946038e-03
319 2.193535e-06 2.161863e-03
320 2.585812e-09 2.507030e-03
321 6.426948e-09 1.425897e-03
322 1.980600e-04 5.514204e-02
323 3.307839e-04 7.212962e-02
324 9.828621e-07 9.459767e-03
325 2.156162e-05 1.252298e-02
326 3.471414e-07 3.472784e-03
327 3.731271e-05 2.229219e-02
328 4.506552e-06 9.447515e-03
329 2.179086e-04 7.342430e-02
330 3.000435e-03 2.835802e-01
331 1.011469e-04 2.967124e-02
332 5.029863e-04 1.449866e-01
333 2.276922e-06 4.838391e-03
334 8.055990e-06 1.377566e-02
335 3.784332e-06 8.224473e-03
336 1.239314e-05 1.482598e-02
337 1.955420e-04 5.406114e-02
338 4.394910e-05 1.757078e-02
339 6.773606e-04 1.599413e-01
340 9.622841e-06 4.582934e-03
341 1.702788e-05 4.300157e-03
342 5.032715e-05 1.265610e-02
343 8.415250e-05 3.185933e-02
344 5.186244e-06 3.671848e-03
345 1.742124e-05 6.776432e-03
346 1.178391e-06 2.428308e-03
347 1.268949e-06 2.892278e-03
348 2.412354e-05 8.455697e-03
349 3.015592e-05 9.653560e-03
350 7.943249e-07 3.234348e-03
351 1.207039e-06 2.809640e-03
352 5.868862e-06 2.527098e-03
353 1.391279e-05 4.681034e-03
354 8.295129e-06 3.863152e-03
355 5.556872e-06 4.090321e-03
356 1.389994e-06 2.328535e-03
357 5.557043e-05 7.624319e-03
358 7.625595e-05 1.946842e-02
359 3.306714e-05 5.754204e-03
360 1.328570e-05 5.657030e-03
361 8.690393e-05 3.536159e-02
362 9.601587e-07 2.404563e-03
363 1.305433e-06 3.317492e-03
364 5.868862e-06 2.527098e-03
365 9.320239e-05 2.076710e-02
366 3.623140e-05 7.248013e-03
367 3.058374e-05 9.237496e-03
368 3.015592e-05 9.653560e-03
369 3.297117e-04 6.811951e-02
370 2.626525e-06 1.341922e-02
371 7.385256e-06 1.865923e-02
372 1.322154e-03 5.714476e-01
373 9.532430e-05 1.600750e-01
374 2.769498e-03 3.470605e-01
375 5.912080e-06 2.370652e-02
376 4.242184e-04 9.894454e-02
377 2.846145e-06 8.800106e-03
378 5.708474e-05 1.806822e-02
379 1.331253e-05 8.016608e-03
380 1.397110e-05 8.354638e-03
381 6.947779e-07 1.855786e-03
382 9.228144e-06 9.683791e-03
383 3.222084e-07 1.801086e-03
384 2.319551e-05 6.663866e-03
385 2.593469e-07 4.581824e-03
386 5.866338e-06 6.035034e-03
387 3.018197e-05 1.336258e-02
388 1.203369e-07 2.757391e-03
389 3.140008e-06 5.712487e-03
390 1.395900e-06 4.648648e-03
391 2.983907e-05 2.924223e-02
392 3.033592e-05 8.277730e-03
393 6.939583e-05 1.253686e-02
394 2.428596e-06 2.896808e-03
395 2.015906e-05 7.647768e-03
396 4.312160e-05 3.178843e-02
397 4.146149e-05 1.343779e-02
398 1.541587e-04 1.850106e-02
399 2.034283e-05 8.484260e-03
400 1.751265e-04 2.488004e-02
401 5.767137e-06 7.692167e-03
402 2.552741e-06 6.835824e-03
403 2.300554e-05 8.285036e-03
404 2.567316e-05 1.288612e-02
405 1.136385e-05 1.025828e-02
406 1.464955e-05 8.388042e-03
407 7.825891e-07 4.491325e-03
408 2.137176e-05 8.408161e-03
409 9.342654e-04 8.290924e-02
410 2.950909e-05 1.717191e-02
411 1.969951e-05 1.604177e-02
412 1.319924e-04 2.987003e-02
413 1.258428e-05 7.150364e-03
414 6.944415e-06 9.055247e-03
415 4.768740e-06 5.444217e-03
416 3.491837e-06 6.521769e-03
417 6.946567e-06 9.231982e-03
418 2.437090e-04 5.042463e-02
419 5.032575e-04 1.105785e-01
420 6.596041e-05 3.694763e-02
421 6.675076e-05 1.818045e-02
422 6.203275e-05 2.752046e-02
423 1.205039e-04 6.096858e-02
424 3.757975e-04 1.748918e-01
425 2.340356e-04 5.642545e-02
426 9.687264e-05 4.090036e-02
427 6.547140e-04 1.187816e-01
428 5.586137e-05 2.996548e-02
429 3.673732e-05 2.519045e-02
430 5.482416e-05 3.222302e-02
431 4.487782e-05 4.129565e-02
432 3.359757e-05 2.003299e-02
433 3.235690e-05 1.825371e-02
434 3.921827e-05 3.354770e-02
435 4.616725e-05 4.540684e-02
436 3.908217e-05 2.614831e-02
437 5.489379e-05 3.018419e-02
438 1.596093e-05 2.439374e-02
439 4.478901e-04 1.483829e-01
440 2.105570e-05 1.643112e-02
441 2.061026e-05 1.508407e-02
442 3.125511e-05 4.992158e-02
443 7.932508e-06 2.244150e-02
444 8.180118e-04 1.613134e-01
445 7.764265e-04 1.362463e-01
446 6.559267e-09 9.152542e-04
447 9.844236e-09 1.224369e-03
448 9.609612e-10 9.088454e-04
449 6.393424e-09 9.124712e-04
450 4.908662e-09 9.933572e-04
451 3.775021e-07 1.772542e-03
452 2.226296e-08 1.226767e-03
453 1.199462e-07 1.119906e-03
454 2.501546e-08 1.244752e-03
455 1.254653e-07 1.247522e-03
456 3.057080e-09 1.031850e-03
457 3.692963e-10 9.244419e-04
458 5.369927e-08 1.232027e-03
459 1.422397e-05 1.412711e-02
460 1.791158e-08 2.592668e-03
461 2.827614e-09 1.054420e-03
462 2.728884e-07 2.960042e-03
463 7.858439e-08 1.125848e-03
464 1.469633e-07 1.325996e-03
465 9.441704e-09 1.150865e-03
466 1.695562e-08 1.380445e-03
467 1.101867e-08 1.082577e-03
468 4.005176e-09 1.091852e-03
469 6.025141e-08 1.324685e-03
470 4.040140e-08 1.753816e-03
471 1.314303e-08 1.218355e-03
472 9.930590e-09 1.118823e-03
473 3.804583e-08 1.317957e-03
474 1.802342e-09 1.048029e-03
475 2.621290e-08 1.314324e-03
476 1.447310e-08 1.410677e-03
477 8.271140e-07 3.044083e-03
478 2.055346e-05 6.208003e-03
479 3.340565e-07 1.559559e-03
480 1.474259e-07 2.063338e-03
481 4.374152e-08 1.857423e-03
482 2.316046e-08 2.107154e-03
483 8.950971e-09 2.060494e-03
484 4.511905e-07 2.101027e-03
485 2.883378e-08 1.758558e-03
486 1.119482e-05 1.295532e-02
487 1.604249e-08 1.485907e-03
488 4.339040e-06 9.013186e-03
489 6.397470e-04 1.426359e-01
490 1.124869e-05 6.108859e-03
491 6.548033e-06 8.287728e-03
492 1.319090e-06 5.563949e-03
493 3.600471e-06 6.377757e-03
494 2.681031e-07 6.438160e-03
495 5.400234e-07 4.900375e-03
496 1.076676e-04 1.818239e-02
497 6.444439e-05 3.548464e-02
498 1.242873e-05 7.235066e-03
499 1.657298e-06 7.754239e-03
500 5.927967e-07 5.106272e-03
501 4.154249e-06 8.267917e-03
502 7.939037e-04 1.315800e-01
503 1.739291e-05 6.858832e-03
504 8.757694e-06 7.423840e-03
505 1.154487e-05 6.174850e-03
506 3.595166e-05 1.966255e-02
507 6.969663e-05 2.033216e-02
508 3.357115e-05 1.108864e-02
509 3.992172e-06 8.364489e-03
510 1.583270e-05 1.076287e-02
511 3.047374e-06 5.795365e-03
512 2.589544e-06 7.716938e-03
513 7.408591e-06 6.744105e-03
514 3.833095e-03 3.979188e-01
515 2.780913e-06 6.860804e-03
516 1.217651e-06 6.803743e-03
517 8.656876e-06 1.330837e-02
518 1.935169e-06 6.838363e-03
519 2.680982e-05 2.197701e-02
520 9.931315e-06 1.795599e-02
521 6.008761e-05 2.276568e-02
522 5.924406e-05 2.001502e-02
523 4.180650e-05 2.295194e-02
524 6.087270e-06 1.285328e-02
525 4.869040e-06 7.605116e-03
526 2.680982e-05 2.197701e-02
527 6.034438e-06 9.397336e-03
528 1.289532e-06 5.930971e-03
529 1.698803e-05 1.635831e-02
530 1.013859e-06 5.051746e-03
531 6.630482e-06 6.984073e-03
532 2.811027e-05 1.775426e-02
533 6.064483e-06 1.213058e-02
534 6.605364e-06 1.124868e-02
535 6.298915e-06 1.181739e-02
536 5.504315e-05 3.331756e-02
537 2.162533e-05 2.359089e-02
538 9.217183e-06 1.220217e-02
539 3.013744e-05 2.123550e-02
540 2.815062e-05 2.094521e-02
541 4.310656e-05 2.274397e-02
542 8.908879e-04 1.106646e-01
543 1.166257e-05 1.834359e-02
544 4.198561e-06 7.162527e-03
545 1.626414e-05 6.333776e-03
546 1.795733e-05 4.825499e-03
547 1.607770e-07 2.492402e-03
548 1.395696e-06 2.998357e-03
549 2.166056e-07 1.583773e-03
550 1.056931e-05 5.257910e-03
551 6.846324e-07 2.540255e-03
552 2.713164e-05 1.541604e-02
553 9.933324e-05 2.170291e-02
554 3.438910e-05 7.357292e-03
555 1.363544e-05 1.036886e-02
556 4.583852e-06 2.794266e-03
557 5.200004e-06 3.645316e-03
558 2.578342e-05 7.858306e-03
559 2.344922e-07 2.457044e-03
560 3.934044e-06 3.759365e-03
561 2.230612e-06 2.960998e-03
562 3.557905e-06 3.198344e-03
563 2.050441e-06 4.708312e-03
564 3.248762e-06 3.138649e-03
565 1.938484e-05 1.354922e-02
566 1.320547e-05 4.511090e-03
567 7.914233e-04 4.066206e-02
568 8.843480e-05 1.188711e-02
569 2.377964e-04 2.145238e-02
570 4.415601e-05 1.092560e-02
571 3.374271e-05 6.612105e-03
572 9.047275e-05 1.145155e-02
573 1.385185e-05 4.864062e-03
574 1.410523e-04 1.505737e-02
575 2.228455e-05 6.277198e-03
576 4.114882e-05 8.722273e-03
577 5.325458e-05 9.341067e-03
578 1.386936e-05 8.936170e-03
579 4.956781e-03 2.741124e-01
580 6.882453e-05 1.264781e-02
581 9.693441e-06 3.472233e-03
582 1.664667e-04 1.783751e-02
583 3.457592e-05 7.624477e-03
584 5.239039e-05 7.921576e-03
585 3.944116e-04 2.885379e-02
586 1.740995e-05 1.134393e-02
587 1.621668e-05 1.170480e-02
588 2.740185e-05 9.166113e-03
589 3.834733e-06 2.414569e-03
590 8.122422e-04 2.034050e-01
591 7.606330e-04 3.572201e-02
592 2.522976e-05 5.685415e-03
593 2.348562e-05 1.530249e-02
594 1.315918e-04 1.121430e-02
595 1.105143e-06 6.615878e-03
596 4.333791e-03 4.482655e-01
597 1.321114e-08 1.912405e-03
598 1.918790e-07 1.963998e-03
599 1.427301e-07 1.934258e-03
600 2.625896e-07 2.052001e-03
601 1.231771e-06 3.000755e-03
602 2.830788e-07 2.557508e-03
603 5.291018e-07 3.244897e-03
604 1.005066e-07 1.930395e-03
605 3.897005e-07 2.067468e-03
606 9.872173e-08 1.931056e-03
607 3.771971e-08 1.777198e-03
608 8.156931e-08 2.030264e-03
609 2.301559e-05 1.189648e-02
610 2.996853e-06 4.160552e-03
611 1.650214e-03 1.536573e-01
612 1.654081e-05 2.474511e-02
613 3.189237e-05 1.687094e-02
614 6.336041e-05 2.412202e-02
615 7.056319e-06 1.006142e-02
616 5.200114e-08 3.279728e-03
617 1.793009e-05 1.164722e-02
618 1.989779e-07 4.225210e-03
619 1.464077e-06 4.990185e-03
620 6.072898e-07 5.436247e-03
621 1.228533e-04 4.140333e-02
622 1.472048e-06 5.903835e-03
623 5.033004e-07 7.240214e-03
624 1.012050e-06 5.990337e-03
625 1.419307e-06 4.506419e-03
626 4.114671e-03 2.702335e-01
627 1.513441e-06 4.903542e-03
628 5.130784e-06 1.235604e-02
629 3.175355e-04 3.429348e-02
630 7.550527e-05 2.345609e-02
631 6.846144e-05 2.015775e-02
632 9.541069e-05 3.334951e-02
633 2.692503e-06 6.023915e-03
634 7.427730e-06 5.019756e-03
635 2.143931e-06 5.032038e-03
636 5.006313e-06 7.142789e-03
637 2.164207e-05 1.301655e-02
638 2.360327e-06 8.732342e-03
639 1.212262e-05 1.458857e-02
640 4.136637e-06 4.622219e-03
641 4.446076e-06 5.511519e-03
642 3.398189e-06 6.828794e-03
643 8.726700e-05 3.133802e-02
644 5.138978e-06 5.959190e-03
645 7.407155e-06 1.192867e-02
646 1.411789e-05 1.859429e-02
647 2.624741e-06 7.378756e-03
648 2.400947e-05 2.388961e-02
649 1.064950e-05 1.029249e-02
650 2.434793e-06 5.616042e-03
651 1.644997e-06 6.326653e-03
652 1.894938e-06 7.424661e-03
653 4.741221e-04 2.909337e-01
654 1.320689e-05 6.308879e-02
655 9.081469e-07 2.884813e-03
656 2.646088e-05 2.272917e-02
657 1.807302e-03 2.990031e-01
658 4.103175e-05 1.830513e-02
659 3.509008e-06 1.302570e-02
660 7.797579e-06 1.217567e-02
661 6.007533e-05 2.940484e-02
662 4.560334e-04 1.566485e-01
663 8.256291e-06 1.312984e-02
664 3.617847e-06 1.356128e-02
665 2.266728e-05 1.482798e-02
666 4.010323e-05 2.567236e-02
667 2.746399e-05 1.378291e-02
668 1.860482e-06 6.832901e-03
669 8.034081e-05 2.452858e-02
670 4.659066e-05 2.499202e-02
671 5.997843e-05 2.952867e-02
672 2.729759e-07 6.877817e-03
673 1.585876e-04 1.488755e-01
674 3.728080e-06 6.603646e-03
675 4.155764e-04 1.026847e-01
676 1.280435e-05 1.581757e-02
677 1.129383e-05 2.943661e-02
678 3.627734e-06 7.900239e-03
679 1.673430e-04 6.953510e-02
680 8.108501e-08 3.430797e-03
681 1.967933e-05 1.123595e-02
682 2.066692e-03 4.637800e-01
683 4.808380e-05 1.383008e-02
684 7.913728e-04 7.995546e-02
685 1.717346e-05 8.220451e-03
686 7.431035e-04 2.020104e-01
687 5.615605e-05 5.535341e-03
688 5.119089e-06 8.070423e-03
689 1.193858e-05 8.595597e-03
690 1.114556e-04 1.007740e-02
691 2.420905e-05 1.461093e-02
692 1.732901e-05 1.146361e-02
693 4.213909e-05 7.654193e-03
694 1.219594e-05 4.443188e-03
695 4.375502e-06 8.069304e-03
696 2.654494e-04 6.687692e-02
697 6.297712e-05 7.693915e-02
698 2.116248e-04 8.567953e-02
699 1.849008e-06 1.642348e-02
700 1.021922e-04 1.736415e-02
701 1.463500e-05 8.798566e-03
702 4.488358e-05 1.304214e-02
703 5.381539e-06 6.934103e-03
704 5.685193e-05 2.414105e-02
705 4.479533e-05 8.341677e-03
706 5.481871e-05 1.145734e-02
707 1.946775e-05 6.684828e-03
708 5.318445e-04 3.668370e-01
709 6.148810e-05 2.167036e-02
710 8.139924e-04 3.808457e-02
711 4.404477e-04 6.014594e-02
712 6.556014e-05 3.266984e-02
713 1.486757e-04 2.484414e-02
714 6.509742e-05 1.408250e-02
715 2.302805e-06 6.358046e-03
716 3.276764e-05 1.539086e-02
717 6.073718e-05 2.846168e-02
718 3.399828e-05 9.577265e-03
719 1.556297e-05 1.006339e-02
720 2.099888e-05 1.712435e-02
721 1.442303e-04 1.832491e-02
722 1.115062e-04 1.938264e-02
723 5.395936e-04 4.834447e-02
724 2.476146e-06 6.707059e-03
725 5.224252e-06 6.763425e-03
726 2.649375e-05 1.065980e-02
727 3.344306e-03 2.405204e-01
728 2.043276e-05 1.195251e-02
729 1.977390e-05 1.259570e-02
730 5.224772e-05 1.532516e-02
731 1.301156e-05 5.466167e-03
732 1.316135e-05 6.206978e-03
733 3.599120e-05 8.759943e-03
734 2.190681e-05 1.249572e-02
735 5.351637e-05 7.963544e-03
736 2.650325e-05 1.839914e-02
737 1.238471e-03 9.688727e-02
738 2.522552e-04 3.700440e-02
739 2.464642e-05 7.573596e-03
740 5.741391e-05 8.610356e-03
741 4.764637e-05 6.842285e-03
742 4.292044e-04 2.488255e-02
743 5.798671e-05 1.027591e-02
744 1.391131e-04 1.342225e-02
745 1.991223e-04 2.192565e-02
746 3.552698e-05 8.213232e-03
747 3.552698e-05 8.213232e-03
748 3.148097e-06 5.854616e-03
749 2.640015e-05 2.728830e-02
750 1.638125e-04 4.038559e-02
751 3.652773e-06 8.034286e-03
752 1.388479e-05 1.078870e-02
753 4.588011e-04 1.605735e-01
754 1.466533e-05 1.615367e-02
755 2.067507e-04 3.638010e-02
756 4.336608e-06 1.059275e-02
757 3.207075e-04 6.622265e-02
758 5.772990e-06 5.242993e-03
759 1.032951e-04 1.548399e-02
760 9.481542e-04 1.012831e-01
761 3.470149e-04 6.853202e-02
762 9.740841e-06 9.394213e-03
763 1.549721e-05 1.081647e-02
764 1.178101e-05 9.642588e-03
765 9.544495e-04 2.334196e-01
766 2.794059e-03 4.166252e-01
767 1.915908e-03 1.115306e-01
768 1.752228e-03 1.837102e-01
769 1.911440e-05 1.067019e-02
770 3.788640e-06 4.927398e-03
771 3.653680e-06 4.757532e-03
772 3.556408e-06 4.584724e-03
773 6.058484e-04 8.596881e-02
774 2.106960e-05 5.913842e-03
775 1.448190e-05 1.057912e-02
776 9.116362e-06 5.429059e-03
777 1.336865e-05 9.969018e-03
778 5.679943e-04 6.123164e-02
779 8.449189e-06 8.790490e-03
780 1.378135e-05 5.836138e-03
781 7.412313e-07 5.320362e-03
782 1.545155e-06 2.351740e-03
783 1.893536e-06 3.549294e-03
784 1.150181e-04 1.619965e-02
785 1.834290e-05 9.639542e-03
786 4.380948e-06 6.881876e-03
787 1.787925e-05 8.606212e-03
788 8.425049e-06 1.113735e-02
789 5.142963e-06 8.254895e-03
790 2.183464e-04 7.746429e-02
791 2.186018e-06 4.090985e-03
792 3.536359e-06 1.016819e-02
793 2.004756e-05 1.017336e-02
794 4.578120e-04 1.936855e-01
795 3.333511e-05 1.288187e-02
796 6.179192e-06 5.634222e-03
797 2.199196e-04 7.820358e-02
798 7.171723e-06 7.114237e-03
799 1.222073e-04 4.862516e-02
800 2.660752e-05 1.608828e-02
801 1.747688e-05 9.737207e-03
802 1.222058e-03 5.337915e-02
803 2.380058e-03 2.042725e-01
804 1.743350e-05 9.943318e-03
805 1.252775e-04 3.371368e-02
806 1.662458e-04 1.102458e-01
807 1.912504e-04 4.256633e-02
808 6.635012e-06 5.699834e-03
809 3.599993e-05 2.294235e-02
810 6.004223e-07 2.313255e-03
811 7.476534e-05 1.366566e-02
812 2.485946e-06 4.202108e-03
813 6.834269e-05 2.721054e-02
814 1.774662e-05 1.266304e-02
815 1.885121e-05 1.467738e-02
816 2.573368e-03 1.119203e-01
817 5.896166e-04 5.794220e-02
818 2.995725e-06 9.829244e-03
819 2.596141e-05 1.161029e-02
820 4.820019e-05 3.471959e-02
821 7.247261e-05 3.520948e-02
822 1.210698e-05 3.155334e-02
823 9.276996e-05 1.085122e-01
824 1.223590e-03 3.546527e-01
825 2.140969e-03 2.657502e-01
826 1.065461e-03 2.508403e-01
827 1.517795e-04 8.461266e-02
828 1.949008e-03 4.516665e-01
829 3.334985e-03 2.540707e-01
830 2.691305e-05 7.860166e-03
831 4.747435e-07 4.618671e-03
832 1.421152e-06 4.911981e-03
833 2.023115e-06 1.021921e-02
834 2.817292e-06 5.740566e-03
835 9.536166e-07 6.497901e-03
836 7.683503e-07 4.557355e-03
837 3.864423e-06 8.612890e-03
838 1.610128e-05 5.688493e-03
839 2.103928e-06 4.855556e-03
840 5.862197e-06 1.508153e-02
841 4.795785e-06 6.754232e-03
842 2.694129e-06 8.251056e-03
843 1.746571e-06 9.619923e-03
844 1.189917e-05 1.857405e-02
845 6.664773e-05 2.272879e-02
846 2.274720e-04 3.875628e-02
847 1.173228e-05 7.076022e-03
848 1.087905e-05 1.276996e-02
849 1.537797e-04 3.460352e-02
850 2.048243e-06 5.957012e-03
851 2.996510e-05 6.179929e-02
852 3.624170e-07 6.320245e-03
853 3.194197e-05 1.141779e-02
854 1.168543e-06 5.732742e-03
855 3.206363e-05 1.352938e-02
856 1.136550e-07 1.479122e-03
857 2.071528e-07 1.290913e-03
858 5.676741e-07 2.031886e-03
859 1.288123e-07 1.494978e-03
860 3.520156e-04 6.551412e-02
861 1.468883e-05 6.483454e-03
862 8.347056e-07 1.563845e-03
863 1.094238e-06 1.498349e-03
864 4.996649e-08 1.391780e-03
865 1.135221e-06 1.519670e-03
866 1.235830e-06 2.012752e-03
867 2.726110e-06 1.588273e-03
868 1.041642e-07 1.359860e-03
869 4.889780e-07 1.614044e-03
870 3.274564e-07 1.521099e-03
871 7.216920e-08 1.392594e-03
872 2.326034e-07 1.871634e-03
873 1.859021e-07 1.411092e-03
874 2.087396e-07 1.392555e-03
875 1.922320e-04 4.201167e-02
876 1.730640e-07 1.439860e-03
877 2.869169e-07 1.439431e-03
878 1.343084e-06 1.867891e-03
879 7.091391e-08 1.349690e-03
880 1.630024e-07 1.364111e-03
881 1.092033e-07 1.396226e-03
882 9.205515e-07 1.790732e-03
883 1.200596e-06 1.630399e-03
884 7.112981e-07 1.444818e-03
885 1.190283e-06 1.539630e-03
886 2.511685e-05 4.545594e-03
887 4.037964e-05 6.764500e-03
888 1.249049e-05 1.115647e-02
889 2.120062e-04 4.306195e-02
890 1.199500e-05 1.919628e-02
891 2.615422e-04 7.426592e-02
892 2.769894e-04 1.016581e-01
893 1.579416e-06 5.371153e-03
894 2.125511e-06 3.451061e-03
895 1.803094e-05 7.032481e-03
896 2.560208e-05 1.324693e-02
897 2.579758e-03 2.515867e-01
898 4.516892e-05 1.733521e-02
899 2.011751e-04 6.362859e-02
900 1.896389e-05 7.069035e-03
901 1.136584e-05 4.549542e-03
902 1.984550e-05 8.026148e-03
903 2.063250e-06 6.010764e-03
904 2.011042e-04 9.017038e-02
905 6.523471e-05 1.734233e-02
906 2.033731e-04 4.108848e-02
907 3.868409e-03 3.526133e-01
908 7.655265e-07 2.737498e-03
909 1.300025e-06 2.995104e-03
910 1.338322e-07 1.567487e-03
911 6.568381e-06 5.594622e-03
912 9.942132e-06 4.755190e-03
913 1.986651e-07 1.710870e-03
914 1.549107e-06 4.850999e-03
915 3.763354e-06 3.205445e-03
916 2.456437e-04 6.420797e-02
917 2.831260e-07 2.105118e-03
918 3.555493e-07 1.769864e-03
919 2.010019e-08 1.391399e-03
920 3.370567e-06 2.407852e-03
921 5.908976e-08 1.058877e-03
922 6.042108e-07 1.399908e-03
923 1.778344e-04 2.413015e-02
924 1.364660e-04 1.132752e-02
925 2.065493e-07 1.053146e-03
926 6.389666e-05 8.510558e-03
927 4.295104e-07 1.310939e-03
928 8.470675e-06 3.695265e-03
929 2.647466e-05 9.009014e-03
930 6.658104e-06 3.538453e-03
931 6.649071e-06 3.608568e-03
932 3.903877e-08 1.483242e-03
933 3.100269e-06 1.693690e-03
934 1.399218e-04 6.738302e-03
935 2.158918e-06 1.736806e-03
936 2.901394e-07 1.166185e-03
937 1.272168e-05 2.370624e-03
938 8.397189e-07 1.741923e-03
939 1.297377e-05 2.836079e-03
940 6.075267e-05 4.387958e-03
941 3.553343e-05 4.098764e-03
942 2.312105e-07 1.608772e-03
943 7.329259e-06 1.866036e-03
944 1.993815e-05 3.500862e-03
945 6.614150e-07 2.235354e-03
946 2.105552e-05 5.080355e-03
947 1.488707e-05 3.022334e-02
948 1.436279e-06 6.770527e-03
949 1.243067e-06 1.045629e-02
950 6.450577e-07 7.882993e-03
951 2.697927e-06 1.584954e-02
952 1.593279e-05 1.468027e-02
953 4.250477e-06 8.800337e-03
954 7.243892e-07 3.068627e-03
955 6.457557e-05 3.427121e-02
956 1.348723e-07 3.049462e-03
957 1.577712e-06 8.372117e-03
958 1.085791e-06 6.772702e-03
959 9.803051e-05 4.451397e-02
960 3.180811e-06 1.893818e-02
961 7.755003e-06 9.518879e-03
962 4.246399e-06 1.238539e-02
963 6.494953e-07 3.820843e-03
964 6.502444e-05 3.664150e-02
965 4.015099e-07 5.394302e-03
966 6.388882e-05 1.024856e-01
967 7.182632e-05 5.299259e-02
968 3.434798e-06 4.559927e-03
969 2.962386e-06 7.949645e-03
970 2.810413e-06 1.656383e-02
971 1.048020e-06 3.017172e-03
972 2.745798e-06 7.215987e-03
973 2.539042e-06 9.341449e-03
974 1.836675e-07 3.267608e-03
975 1.405389e-06 6.662291e-03
976 3.498808e-04 8.402706e-02
977 9.375812e-06 6.135696e-03
978 4.709436e-05 6.135217e-03
979 1.158956e-06 2.698995e-03
980 1.787159e-07 1.217191e-03
981 5.186322e-06 3.849804e-03
982 3.362925e-05 6.234597e-03
983 2.441744e-05 3.059190e-03
984 7.147429e-05 5.791063e-03
985 1.109423e-05 3.314231e-03
986 4.935301e-06 3.344006e-03
987 2.816338e-07 1.246013e-03
988 3.796711e-06 2.327370e-03
989 9.623622e-06 5.956080e-03
990 7.296519e-06 3.393422e-03
991 1.542377e-05 5.677970e-03
992 2.242787e-06 2.167673e-03
993 2.498828e-06 2.302771e-03
994 9.246979e-07 2.108871e-03
995 8.692818e-06 2.698619e-03
996 4.488241e-06 2.928258e-03
997 7.134541e-04 2.382118e-02
998 1.693574e-05 3.864237e-03
999 1.451973e-05 3.345527e-03
1000 2.769129e-06 1.680659e-03
1001 3.230356e-07 1.548161e-03
1002 1.680457e-05 4.171953e-03
1003 8.451892e-07 1.741255e-03
1004 1.243368e-05 3.989125e-03
1005 4.454718e-06 2.795234e-03
1006 1.361828e-04 6.662599e-03
1007 1.168938e-06 2.884501e-03
1008 5.079300e-05 3.338889e-03
1009 8.398770e-06 3.864301e-03
1010 4.350248e-06 2.737798e-03
1011 5.094192e-06 3.532828e-03
1012 6.904751e-06 3.280094e-03
1013 5.499267e-07 2.044423e-03
1014 5.149808e-06 3.250674e-03
1015 3.996137e-07 2.121578e-03
1016 1.412808e-05 1.941902e-03
1017 1.848751e-06 1.624165e-03
1018 5.916985e-06 2.656527e-03
1019 3.617118e-06 4.313750e-03
1020 1.305742e-06 1.710440e-03
1021 3.660641e-05 3.710621e-03
1022 3.948136e-07 1.137983e-03
1023 1.803923e-06 1.737288e-03
1024 5.314403e-08 1.388427e-03
1025 6.932691e-07 2.190921e-03
1026 6.218638e-03 4.349337e-01
1027 2.222257e-04 7.076586e-02
1028 8.912805e-05 6.308070e-02
1029 1.778078e-04 4.177525e-02
1030 1.287634e-03 1.673091e-01
1031 1.391636e-03 2.595278e-01
1032 9.335488e-06 7.226174e-03
1033 2.211627e-05 1.507797e-02
1034 7.153152e-04 9.608918e-02
1035 6.222360e-06 3.904144e-03
1036 4.062397e-06 8.724060e-03
1037 2.256730e-05 2.036165e-02
1038 1.568479e-06 2.848510e-03
1039 3.080720e-05 1.207539e-02
1040 4.694075e-06 8.664833e-03
1041 6.348589e-06 2.508491e-02
1042 5.656996e-06 1.047944e-02
1043 1.059251e-05 1.355315e-02
1044 7.226290e-06 1.690224e-02
1045 4.609394e-06 7.333752e-03
1046 9.554312e-05 2.546292e-02
1047 4.841809e-04 8.785866e-02
1048 4.499316e-05 3.493718e-02
1049 5.717372e-06 8.399029e-03
1050 1.554922e-03 1.597302e-01
1051 7.343532e-04 9.245896e-02
1052 1.263014e-07 1.224054e-03
1053 1.636872e-07 1.812658e-03
1054 4.769421e-05 2.197854e-02
1055 7.852998e-08 1.553894e-03
1056 4.179003e-07 4.661498e-03
1057 2.523569e-07 2.130143e-03
1058 1.441169e-07 2.011812e-03
1059 1.000389e-08 1.031313e-03
1060 6.197171e-09 9.549387e-04
1061 3.708523e-06 2.768936e-03
1062 2.431985e-07 1.803233e-03
1063 2.160845e-06 3.740023e-03
1064 6.707356e-04 6.610272e-02
1065 3.557746e-05 1.474992e-02
1066 3.801586e-08 1.576770e-03
1067 3.936001e-09 1.439633e-03
1068 5.763080e-09 1.465045e-03
1069 1.073123e-08 1.613691e-03
1070 5.142456e-06 1.390712e-02
1071 4.001603e-06 5.144259e-03
1072 4.665224e-06 3.082057e-03
1073 6.179682e-05 1.787425e-02
1074 7.652933e-08 1.051891e-03
1075 6.838375e-05 2.345476e-02
1076 1.979012e-05 5.185548e-03
1077 5.405172e-05 1.321585e-02
1078 1.001569e-07 1.629031e-03
1079 2.858294e-06 5.737041e-03
1080 2.408683e-07 1.567037e-03
1081 1.107507e-08 1.459891e-03
1082 6.261854e-08 1.483974e-03
1083 2.970086e-07 1.817338e-03
1084 1.497739e-08 1.228066e-03
1085 3.152745e-06 4.234709e-03
1086 2.338449e-08 1.239100e-03
1087 5.236435e-08 1.367801e-03
1088 2.120512e-08 4.680651e-03
1089 2.175052e-08 1.233752e-03
1090 1.251980e-08 1.195356e-03
1091 2.263986e-08 1.228396e-03
1092 1.265311e-03 3.724344e-01
1093 2.949856e-06 1.865320e-02
1094 1.780722e-06 1.375334e-02
1095 9.453116e-07 1.665001e-03
1096 1.287418e-07 1.477669e-03
1097 1.658180e-06 4.764500e-03
1098 1.033560e-05 7.141225e-03
1099 1.172696e-06 3.211007e-03
1100 1.217605e-06 2.762053e-03
1101 1.030594e-05 3.870418e-03
1102 4.764122e-06 3.052760e-03
1103 2.627441e-06 2.687131e-03
1104 8.971421e-05 5.389951e-02
1105 1.466432e-07 1.522639e-03
1106 3.009398e-07 2.227451e-03
1107 7.851162e-07 3.104401e-03
1108 4.032648e-07 1.717423e-03
1109 2.886582e-07 2.011148e-03
1110 1.238604e-06 4.658758e-03
1111 1.946682e-06 3.913350e-03
1112 1.490934e-04 3.208446e-02
1113 4.921467e-05 1.552738e-02
1114 7.034054e-07 2.016458e-03
1115 1.329011e-04 2.159921e-02
1116 6.555385e-08 1.477088e-03
1117 2.976977e-07 1.598499e-03
1118 1.272062e-05 6.183030e-03
1119 5.400480e-05 1.883404e-02
1120 4.552500e-06 3.807112e-03
1121 1.097881e-05 6.205238e-03
1122 6.648625e-06 3.677154e-03
1123 1.567217e-06 2.383070e-03
1124 7.369226e-06 3.414703e-03
1125 2.346656e-05 3.794579e-03
1126 1.182033e-05 4.553684e-03
1127 1.084289e-05 3.557463e-03
1128 7.544832e-06 4.202826e-03
1129 1.177177e-05 2.777770e-03
1130 7.215228e-06 4.245239e-03
1131 6.215827e-05 3.843629e-02
1132 4.065664e-04 1.354789e-01
1133 2.782970e-05 4.185986e-02
1134 4.462063e-06 8.912303e-03
1135 1.179242e-06 2.183340e-03
1136 7.822322e-06 4.178862e-03
1137 6.533499e-06 5.124486e-03
1138 3.034276e-05 7.797398e-03
1139 3.081738e-06 5.090209e-03
1140 3.889741e-04 1.684370e-01
1141 9.087801e-05 2.284433e-02
1142 1.162175e-05 7.343332e-03
1143 7.215193e-06 6.385365e-03
1144 2.518771e-05 3.516380e-02
1145 2.443633e-06 9.062475e-03
1146 4.541968e-05 5.886134e-02
1147 1.793198e-05 3.998572e-02
1148 2.038063e-05 1.270139e-02
1149 2.029260e-05 9.024314e-03
1150 1.037160e-05 8.756111e-03
1151 3.613148e-05 1.070268e-02
1152 2.787913e-06 5.585032e-03
1153 3.797234e-06 4.436699e-03
1154 9.687187e-06 6.711867e-03
1155 6.891041e-05 7.494738e-03
1156 3.049053e-04 2.561678e-02
1157 9.386344e-05 4.129657e-02
1158 1.891222e-05 1.376390e-02
1159 2.615731e-04 1.108260e-01
1160 1.669528e-05 9.263352e-03
1161 4.672524e-06 6.548791e-03
1162 6.420851e-05 3.704599e-02
1163 1.014817e-03 1.294534e-01
1164 6.060291e-05 1.646748e-02
1165 2.502709e-05 8.869322e-03
1166 5.935875e-05 3.489613e-02
1167 1.386862e-04 2.861103e-02
1168 4.040683e-05 1.404419e-02
1169 4.275900e-05 3.362249e-02
1170 4.160572e-05 2.674070e-02
1171 4.517618e-06 7.883566e-03
1172 6.019664e-05 2.145305e-02
1173 8.823384e-04 1.190555e-01
1174 4.194978e-04 7.328994e-02
1175 6.730436e-05 3.302598e-02
1176 6.752256e-03 1.069521e+00
1177 4.329599e-07 3.055044e-03
1178 3.841396e-05 2.012812e-02
1179 1.115010e-05 2.174339e-02
1180 1.937111e-04 2.947100e-02
1181 4.867293e-05 1.612835e-02
1182 1.088614e-04 2.890123e-02
1183 1.421233e-04 2.073334e-02
1184 3.974414e-04 5.836207e-02
1185 8.212194e-04 8.131952e-02
1186 6.610327e-05 1.588248e-02
1187 2.209076e-05 7.918851e-03
1188 9.420641e-06 9.678110e-03
1189 1.085256e-04 2.161638e-02
1190 6.488773e-04 8.497766e-02
1191 2.551244e-04 1.649695e-02
1192 4.417019e-04 5.114882e-02
1193 7.299802e-05 2.445940e-02
1194 1.054718e-03 1.160364e-01
1195 3.155939e-04 4.246169e-02
1196 1.134510e-03 6.186046e-02
1197 9.321665e-05 1.856820e-02
1198 3.203766e-05 2.438255e-02
1199 2.479267e-04 3.318793e-02
1200 1.117433e-03 7.736547e-02
1201 1.948388e-05 2.613629e-02
1202 2.616199e-05 1.283305e-02
1203 4.009948e-05 3.590929e-02
1204 1.358708e-04 4.702613e-02
1205 8.028101e-07 4.786381e-03
1206 1.427521e-05 1.551729e-02
1207 4.266610e-07 3.599709e-03
1208 3.450685e-04 5.408107e-02
1209 5.318730e-06 8.488040e-03
1210 1.342561e-06 8.272507e-03
1211 3.894697e-06 3.472960e-03
1212 2.118043e-05 4.141022e-03
1213 2.780690e-06 7.169300e-03
1214 5.628175e-06 8.338122e-03
1215 4.439657e-05 3.319752e-02
1216 3.556107e-07 4.234950e-03
1217 3.962135e-04 1.813089e-01
1218 4.971538e-06 6.200172e-03
1219 1.592110e-06 1.244103e-03
1220 1.845097e-06 3.351700e-03
1221 4.014171e-05 4.477736e-03
1222 1.126274e-03 1.166172e-01
1223 9.245269e-07 2.022635e-03
1224 3.147654e-06 2.050518e-03
1225 1.067804e-04 4.100247e-02
1226 5.194856e-07 2.292660e-03
1227 1.432130e-03 2.409962e-01
1228 6.861500e-05 6.717046e-03
1229 1.826397e-07 1.265073e-03
1230 2.453389e-06 2.460348e-03
1231 2.688360e-06 1.599777e-03
1232 5.430533e-07 2.007479e-03
1233 6.022903e-07 2.222264e-03
1234 1.131019e-05 3.371520e-03
1235 1.060599e-06 2.518069e-03
1236 2.765379e-06 2.762387e-03
1237 1.415562e-05 2.872446e-03
1238 1.583490e-05 3.462223e-03
1239 1.474987e-06 2.277777e-03
1240 2.814276e-03 5.204376e-01
1241 1.007798e-05 4.430995e-03
1242 1.366012e-05 2.795791e-03
1243 1.562821e-05 3.300056e-03
1244 2.055327e-05 3.167284e-03
1245 3.925505e-06 2.639066e-03
1246 6.084744e-06 2.462323e-03
1247 1.980539e-05 1.145533e-02
1248 5.317971e-05 3.397104e-02
1249 2.536852e-06 1.022824e-02
1250 2.409194e-05 1.527695e-02
1251 2.505319e-05 1.531477e-02
1252 3.028631e-06 1.635747e-02
1253 8.832705e-06 1.455416e-02
1254 1.278249e-06 8.089266e-03
1255 1.045123e-03 2.130302e-01
1256 1.183410e-05 6.355313e-03
1257 3.631964e-03 6.090631e-01
1258 2.539142e-04 6.234269e-02
1259 1.342101e-03 1.266064e-01
1260 5.859364e-05 1.442145e-02
1261 2.812799e-07 1.836744e-03
1262 1.119289e-03 6.097172e-02
1263 2.920341e-05 4.183589e-03
1264 8.689480e-05 3.081811e-02
1265 5.740807e-07 2.873076e-03
1266 4.127763e-06 6.692108e-03
1267 6.674862e-08 1.935921e-03
1268 9.889857e-06 5.215557e-03
1269 9.594357e-05 5.199316e-02
1270 1.836261e-04 2.423997e-02
1271 2.023428e-05 8.758949e-03
1272 2.766308e-06 3.067693e-03
1273 1.149306e-05 5.268002e-03
1274 1.373949e-05 1.861793e-02
1275 6.496042e-05 4.460141e-02
1276 1.384836e-04 5.634724e-02
1277 3.998038e-04 8.613120e-02
1278 4.635653e-04 7.929020e-02
1279 8.616200e-06 4.181183e-03
1280 1.047416e-06 7.194233e-03
1281 1.976880e-06 8.400397e-03
1282 5.623423e-06 1.506438e-02
1283 2.496390e-05 1.110592e-02
1284 1.273630e-03 1.084438e-01
1285 9.719562e-05 1.591106e-02
1286 8.658527e-04 6.412001e-02
1287 2.260185e-06 6.959740e-03
1288 2.574222e-04 9.556318e-02
1289 2.949689e-04 1.161116e-01
1290 3.687678e-07 1.794736e-03
1291 7.728443e-04 4.862151e-02
1292 3.643089e-05 9.147914e-03
1293 7.250357e-04 1.568052e-01
1294 4.776093e-07 2.324577e-03
1295 4.986477e-05 1.431955e-02
1296 2.378636e-05 1.548967e-02
1297 9.018927e-04 1.835504e-01
1298 1.316360e-03 1.349958e-01
1299 5.797006e-05 1.526644e-02
1300 1.389382e-03 1.897341e-01
1301 1.219954e-05 3.367372e-03
1302 1.100462e-06 3.611283e-03
1303 4.697305e-05 1.601476e-02
1304 1.403890e-04 2.669565e-02
1305 2.449401e-04 2.109617e-02
1306 3.417039e-05 1.355617e-02
1307 6.761973e-04 1.928540e-02
1308 6.207734e-06 9.636227e-03
1309 1.092126e-03 7.795310e-02
1310 2.151916e-03 1.760324e-01
1311 8.997874e-04 8.722212e-02
1312 4.157277e-03 4.757257e-01
1313 8.264388e-06 3.944010e-03
1314 1.978376e-04 1.971010e-02
1315 9.461713e-07 5.975600e-03
1316 1.235349e-07 4.985978e-03
1317 3.263953e-07 3.417778e-03
1318 7.819673e-07 1.938762e-03
1319 5.677422e-07 2.506435e-03
1320 7.773727e-07 4.332239e-03
1321 8.319061e-07 4.062796e-03
1322 1.235961e-07 1.537296e-03
1323 7.990306e-06 1.424580e-02
1324 8.444664e-06 2.254627e-03
1325 4.610198e-06 6.558410e-03
1326 1.440122e-05 7.599641e-03
1327 2.253191e-05 8.114199e-03
1328 5.361664e-05 4.863609e-03
1329 9.526288e-09 2.764503e-03
1330 1.173956e-05 9.068745e-03
1331 6.375121e-04 1.120186e-01
1332 3.985658e-04 1.780569e-01
1333 1.143361e-04 2.733347e-02
1334 4.485525e-06 2.078267e-02
1335 5.424812e-05 1.263964e-02
1336 2.608552e-05 8.053749e-03
1337 5.468487e-06 3.913120e-03
1338 7.089056e-05 1.004233e-02
1339 1.718848e-05 2.748790e-02
1340 4.739345e-06 9.813713e-03
1341 4.357847e-06 6.893006e-03
1342 2.453918e-07 1.640345e-03
1343 3.439091e-03 1.903207e-01
1344 1.889866e-06 5.020880e-03
1345 1.234332e-03 1.440337e-01
1346 2.984171e-04 2.845339e-02
1347 4.054931e-04 4.582935e-02
1348 4.826524e-05 1.724664e-02
1349 2.769829e-05 1.206531e-02
1350 3.142952e-03 1.835481e-01
1351 6.596765e-04 2.049161e-01
1352 1.887971e-03 1.329898e-01
1353 5.416885e-07 3.299231e-03
1354 1.677447e-06 3.019669e-03
1355 1.336264e-04 3.342445e-02
1356 1.573506e-06 4.419143e-03
1357 2.971284e-06 5.283857e-03
1358 1.119123e-03 1.201362e-01
1359 6.533538e-05 2.379744e-02
1360 3.506582e-05 2.598204e-03
1361 2.127199e-05 1.027358e-02
1362 5.130465e-06 3.107313e-03
1363 3.456547e-08 1.344968e-03
1364 5.057499e-07 1.260162e-03
1365 1.005426e-07 1.897209e-03
1366 1.173681e-06 6.952355e-03
1367 1.513873e-04 2.577199e-02
1368 5.447105e-06 3.060502e-03
1369 5.072104e-07 2.283350e-03
1370 3.582367e-07 1.131641e-03
1371 4.290813e-06 1.795730e-03
1372 2.356008e-06 1.153016e-03
1373 3.046827e-07 1.999696e-03
1374 3.251571e-05 5.004909e-03
1375 5.039864e-04 6.749620e-02
1376 7.350607e-05 6.267750e-03
1377 4.435812e-04 2.509995e-02
1378 1.369018e-05 1.053339e-02
1379 2.390397e-04 3.550717e-02
1380 7.500824e-05 3.122488e-02
1381 2.011220e-06 2.238361e-02
1382 4.081477e-07 2.216569e-03
1383 3.863846e-05 5.334025e-03
1384 8.255975e-04 1.929717e-01
1385 5.012204e-05 2.019727e-02
1386 6.456793e-04 7.432228e-02
1387 1.396702e-03 1.892756e-01
1388 1.016364e-03 2.463666e-01
1389 8.786229e-06 6.005209e-03
1390 5.400288e-04 7.569442e-02
1391 1.585395e-05 1.507345e-02
1392 2.956820e-06 1.576215e-02
1393 2.031177e-06 2.845464e-03
1394 1.826021e-05 1.016989e-02
1395 7.721730e-05 3.758002e-02
1396 2.786614e-06 4.910151e-03
1397 2.021846e-05 3.157730e-03
1398 2.390779e-03 1.869265e-01
1399 1.761344e-04 1.129149e-02
1400 2.753628e-05 6.168733e-03
1401 1.261315e-04 3.296171e-02
1402 6.259477e-06 3.454102e-03
1403 1.719389e-05 2.285302e-03
1404 4.421468e-05 3.187836e-02
1405 2.189634e-06 2.118030e-03
1406 3.128537e-05 6.922937e-03
1407 2.448713e-06 2.532759e-03
1408 8.773656e-07 2.378024e-03
1409 1.243838e-04 1.236215e-02
1410 3.663662e-04 4.689816e-02
1411 7.381261e-05 1.498916e-01
1412 1.507362e-03 1.121933e-01
1413 3.067002e-06 2.235873e-03
1414 2.143761e-03 3.145873e-01
1415 1.642792e-06 3.141611e-03
1416 1.943381e-06 3.813844e-03
1417 2.353575e-06 2.572559e-03
1418 2.770423e-06 3.476026e-03
1419 2.417115e-04 4.304929e-02
1420 8.752019e-04 1.106623e-01
1421 2.437887e-04 9.625684e-02
1422 5.094096e-04 2.636531e-02
1423 1.463591e-03 1.417595e-01
1424 2.519542e-06 9.606232e-03
1425 1.828005e-03 4.911488e-01
1426 2.409961e-03 2.005101e-01
1427 8.373743e-05 3.508075e-02
1428 4.445133e-05 5.276898e-03
1429 1.260230e-05 8.483372e-03
1430 8.389078e-05 3.916199e-02
1431 3.897609e-05 3.580700e-02
1432 1.633610e-04 2.606273e-02
1433 5.191229e-06 7.683743e-03
1434 1.233723e-05 3.201699e-02
1435 1.762155e-04 3.520025e-02
1436 9.073943e-04 1.719134e-01
1437 1.087797e-05 4.474863e-03
1438 3.873263e-05 5.563190e-03
1439 2.854052e-03 4.884102e-01
1440 6.400931e-05 2.712103e-02
1441 1.173539e-03 2.682714e-01
1442 2.106829e-07 2.158476e-03
1443 2.297715e-04 3.959607e-02
1444 1.781543e-05 3.316408e-02
1445 4.054295e-05 3.807376e-02
1446 2.997253e-06 5.897601e-03
1447 5.894386e-05 6.109697e-03
1448 2.784480e-06 9.379700e-03
1449 6.375663e-04 6.389478e-02
1450 2.942379e-04 6.408879e-02
1451 1.615221e-07 1.775613e-03
1452 1.805557e-06 1.345546e-02
1453 8.082615e-07 1.864026e-03
1454 3.458251e-06 1.273953e-02
1455 3.106049e-07 4.409816e-03
1456 3.436487e-06 7.831282e-03
1457 1.300557e-06 5.309146e-03
1458 1.324387e-07 2.861656e-03
1459 5.511744e-06 5.728280e-03
1460 1.323138e-06 4.479615e-03
1461 3.265692e-06 7.565147e-03
1462 2.839402e-06 8.315478e-03
1463 1.024225e-04 2.170940e-02
1464 7.780205e-04 3.902530e-01
1465 1.361523e-03 2.166223e-01
1466 1.174347e-03 1.934701e-01
1467 4.742644e-05 2.438801e-02
1468 1.041285e-03 3.133780e-01
1469 8.503352e-04 2.168029e-01
1470 1.870429e-04 1.873317e-02
1471 3.815344e-05 1.292875e-02
1472 1.316650e-04 5.139615e-02
1473 1.334966e-07 2.952271e-03
1474 9.837931e-07 1.248621e-02
1475 1.325724e-06 4.475418e-03
1476 1.236010e-05 4.721864e-03
1477 5.549380e-04 1.295017e-01
1478 3.009605e-05 2.222332e-02
1479 3.053413e-04 5.716514e-02
1480 6.964706e-04 7.826536e-02
1481 1.735451e-05 3.246840e-02
1482 1.466182e-04 5.536151e-02
1483 3.802913e-05 7.643636e-03
1484 3.736834e-05 5.764037e-03
1485 1.795696e-05 5.340062e-03
1486 1.042930e-03 9.168952e-02
1487 1.042654e-04 6.987350e-03
1488 2.627982e-04 1.658475e-02
1489 1.574813e-05 3.427205e-03
1490 1.127174e-05 4.183309e-03
1491 4.179510e-04 8.609700e-02
1492 6.939627e-05 1.214659e-02
1493 1.848681e-05 3.600173e-03
1494 1.081241e-04 1.655930e-02
1495 8.413519e-04 1.056916e-01
1496 2.503093e-05 3.982025e-03
1497 4.713551e-04 5.763136e-02
1498 3.099231e-03 2.601094e-01
1499 1.533528e-04 9.123278e-03
1500 1.251829e-05 9.467322e-03
1501 1.268937e-04 6.051075e-02
1502 3.924054e-04 6.950965e-02
1503 1.777365e-04 1.824785e-02
1504 3.495995e-03 2.962672e-01
1505 1.344481e-04 6.212463e-02
1506 4.321001e-07 1.640698e-03
1507 6.462711e-04 6.004486e-02
1508 2.817431e-03 5.590620e-01
1509 1.636168e-05 3.510880e-03
1510 4.058715e-06 3.452566e-03
1511 3.654246e-04 5.042819e-02
1512 1.285338e-07 1.041298e-03
1513 2.780386e-05 1.603156e-02
1514 2.110065e-06 5.156006e-03
1515 1.344805e-05 9.331494e-03
1516 4.675698e-04 7.120800e-02
1517 4.658400e-05 1.219626e-02
1518 1.663766e-04 7.255202e-02
1519 1.297780e-07 1.802632e-03
1520 4.529200e-04 3.965463e-02
1521 1.497750e-06 2.379349e-03
1522 2.146145e-06 4.618168e-03
1523 1.074107e-05 4.974403e-03
1524 5.642939e-04 1.189797e-01
1525 2.583313e-04 1.719151e-02
1526 2.519851e-05 2.178377e-02
1527 2.424847e-04 2.182368e-02
1528 1.383253e-05 6.413782e-03
1529 4.419959e-05 1.421858e-02
1530 5.681655e-06 6.272473e-03
1531 8.753174e-05 7.256228e-02
1532 8.647946e-05 1.006683e-02
1533 5.152677e-04 7.968284e-02
1534 7.992134e-04 1.661331e-01
1535 1.969862e-03 2.644570e-01
1536 1.477360e-03 2.051932e-01
1537 1.379699e-05 7.989914e-03
1538 2.396222e-03 2.475149e-01
1539 9.606185e-05 2.344058e-02
1540 3.768270e-06 4.635156e-02
1541 3.654754e-04 1.808510e-01
1542 6.657776e-03 5.169043e-01
1543 1.809765e-06 5.490559e-03
1544 4.239207e-05 1.549516e-02
1545 2.467404e-07 3.624715e-03
1546 7.142060e-04 4.127937e-02
1547 9.002427e-05 3.088698e-02
1548 1.086512e-05 3.915844e-02
1549 2.839500e-07 2.610532e-03
1550 3.589364e-05 2.020062e-02
1551 2.031225e-05 1.482502e-02
1552 2.085230e-08 1.266583e-03
1553 2.307419e-07 3.155416e-03
1554 2.113867e-03 1.538603e-01
1555 3.595195e-04 1.245065e-01
1556 8.700578e-05 3.073463e-02
1557 8.317909e-04 1.259420e-01
1558 3.747137e-04 2.301239e-01
1559 9.093711e-04 8.187234e-02
1560 3.888012e-06 4.267220e-03
1561 1.158610e-04 2.239056e-02
1562 5.718246e-06 1.246800e-02
1563 2.009916e-04 6.828707e-03
1564 1.353330e-05 7.464250e-03
1565 2.096032e-04 3.648434e-02
1566 9.071080e-05 1.340617e-02
1567 1.909084e-05 5.420636e-03
1568 3.715233e-05 4.496501e-03
1569 4.822921e-05 1.228091e-02
1570 6.961854e-05 3.336868e-02
1571 2.011333e-04 3.799785e-02
1572 5.800330e-07 1.934264e-03
1573 7.813794e-04 8.932002e-02
1574 8.829468e-06 5.078656e-03
1575 5.700969e-05 1.768446e-02
1576 3.148164e-06 1.435023e-02
1577 2.216830e-03 1.883862e-01
1578 1.793518e-06 6.510142e-03
1579 4.538092e-05 1.923639e-02
1580 6.246584e-08 2.497128e-03
1581 8.066880e-06 4.036950e-03
1582 5.651843e-06 5.723649e-03
1583 2.557547e-04 5.355134e-02
1584 5.256993e-06 6.588613e-03
1585 2.681582e-03 2.241229e-01
1586 2.159329e-03 2.152357e-01
1587 1.992162e-04 1.045643e-01
1588 4.183247e-04 5.704133e-02
1589 1.148760e-03 1.074206e-01
1590 7.901096e-04 1.630138e-01
1591 6.167723e-05 5.392870e-02
1592 8.651450e-05 2.805817e-02
1593 2.377624e-04 9.535086e-02
1594 1.347025e-04 3.368014e-02
1595 4.249473e-05 1.503262e-02
1596 1.095019e-04 1.948636e-02
1597 1.188883e-04 2.514574e-02
1598 5.496286e-04 9.072977e-02
1599 8.339397e-06 2.987646e-03
1600 3.338610e-04 8.654609e-02
1601 6.806249e-07 1.388759e-03
1602 3.306200e-03 2.112047e-01
1603 2.683284e-06 2.432902e-03
1604 1.146995e-07 2.522251e-03
1605 3.049660e-04 2.855478e-02
1606 1.072834e-08 2.939833e-03
1607 2.938764e-07 1.951824e-03
1608 8.057157e-07 1.923132e-03
1609 3.639452e-04 1.559325e-02
1610 8.990072e-04 4.640874e-02
1611 1.403419e-08 1.883957e-03
1612 3.195949e-07 2.221595e-03
1613 7.783666e-06 2.731511e-03
1614 3.049791e-06 4.860969e-03
1615 2.600762e-04 8.812619e-02
1616 5.085296e-04 4.903413e-02
1617 4.653611e-04 7.865152e-02
1618 1.216273e-04 3.205495e-02
1619 1.143095e-03 3.676027e-01
1620 4.158899e-06 1.023051e-02
1621 8.669505e-04 9.243991e-02
1622 1.310697e-05 4.956077e-03
1623 8.987338e-05 4.640101e-02
1624 5.796040e-07 5.223050e-03
1625 3.177699e-07 1.673878e-03
1626 2.072295e-05 9.477215e-03
1627 7.352230e-06 6.246628e-03
1628 9.341335e-08 1.986941e-03
1629 3.014222e-04 5.000191e-02
1630 1.272695e-07 1.716881e-03
1631 5.394724e-05 1.023539e-02
1632 3.141895e-06 9.960533e-03
1633 1.085074e-04 3.221478e-02
1634 1.486243e-03 3.891748e-01
1635 8.870445e-04 1.272301e-01
1636 5.505159e-03 7.802240e-01
1637 6.956791e-04 1.057945e-01
1638 7.026118e-05 1.690651e-02
1639 3.553248e-03 4.933235e-01
1640 5.967590e-04 1.031955e-01
1641 5.625250e-04 2.270405e-01
1642 1.432251e-04 4.164533e-02
1643 2.102436e-04 3.814427e-02
1644 4.206102e-04 9.309676e-02
1645 5.303616e-07 1.612119e-03
1646 3.339768e-05 6.555772e-03
1647 4.577839e-04 2.357622e-01
1648 3.832416e-06 5.747997e-03
1649 7.697519e-05 1.919871e-02
1650 1.091408e-03 1.814827e-01
1651 2.875198e-06 1.799279e-03
1652 1.634264e-03 2.188304e-01
1653 4.966146e-03 3.114285e-01
1654 8.127338e-07 2.758686e-03
1655 1.250538e-05 5.254815e-03
1656 8.316627e-07 3.763679e-03
1657 1.665631e-07 1.262239e-03
1658 6.109617e-06 3.191021e-03
1659 3.149907e-05 7.692302e-03
1660 1.579433e-08 2.012212e-03
1661 5.142512e-04 6.574611e-02
1662 2.366132e-06 8.270820e-03
1663 1.250835e-04 1.914123e-02
1664 9.753838e-07 6.974319e-03
1665 9.871049e-05 1.606742e-02
1666 4.471049e-04 4.159078e-02
1667 3.600627e-04 4.239815e-02
1668 4.459677e-06 2.428419e-03
1669 5.343674e-06 4.730743e-03
1670 1.122015e-05 1.004060e-02
1671 2.474163e-06 4.552503e-03
1672 1.302053e-05 2.981248e-02
1673 3.281263e-04 4.050458e-02
1674 1.078150e-06 2.715354e-03
1675 6.907299e-05 6.879918e-03
1676 5.960594e-07 1.434248e-03
1677 2.330084e-05 1.268068e-02
1678 8.720113e-04 1.717735e-01
1679 1.029953e-05 1.330452e-02
1680 6.604689e-05 1.457656e-02
1681 1.977274e-04 4.369435e-02
1682 1.614971e-05 7.870521e-03
1683 6.032081e-06 1.410221e-02
1684 2.170169e-05 6.487712e-03
1685 9.846984e-08 2.226929e-03
1686 3.411574e-04 2.190898e-02
1687 8.266044e-05 8.358419e-03
1688 2.392014e-07 1.169953e-03
1689 2.068287e-04 4.057860e-02
1690 8.187751e-06 1.051206e-02
1691 3.137523e-04 5.551221e-02
1692 2.163307e-03 3.624474e-01
1693 2.483087e-03 1.942745e-01
1694 3.897586e-04 5.624910e-02
1695 1.251236e-05 7.904921e-03
1696 1.311414e-06 2.859258e-03
1697 1.024838e-06 6.196233e-03
1698 1.535218e-04 4.664050e-02
1699 1.892326e-05 1.671746e-02
1700 3.853174e-05 7.717570e-03
1701 1.529158e-05 9.728018e-03
1702 1.206605e-06 6.102166e-03
1703 1.981926e-05 1.356462e-02
1704 4.121905e-06 6.710192e-03
1705 1.494846e-03 2.623800e-01
1706 1.985148e-04 4.050748e-02
1707 1.986052e-06 3.135730e-03
1708 2.688467e-08 2.065515e-03
1709 1.421006e-07 5.394585e-03
1710 1.523879e-08 1.418911e-03
1711 1.128695e-06 1.049594e-02
1712 4.003953e-06 5.351908e-03
1713 5.655994e-07 4.421589e-03
1714 1.140361e-06 5.973487e-03
1715 1.720890e-06 4.383757e-03
1716 9.024508e-07 6.126561e-03
1717 1.426535e-08 2.195288e-03
1718 7.743836e-06 1.763430e-02
1719 3.109879e-09 1.983062e-03
1720 2.169951e-06 4.539014e-03
1721 2.714060e-07 1.535257e-03
1722 2.001523e-05 1.090713e-02
1723 3.554660e-08 1.304843e-03
1724 5.030972e-09 1.415683e-03
1725 2.209984e-07 1.917736e-03
1726 7.325975e-06 3.593475e-02
1727 8.188599e-07 1.032768e-02
1728 1.352118e-07 2.561782e-03
1729 2.220540e-05 9.570196e-03
1730 9.302165e-07 4.481204e-03
1731 4.275529e-06 3.929742e-03
1732 4.954765e-04 4.562149e-02
1733 4.480742e-04 1.851595e-01
1734 1.373015e-03 1.916155e-01
1735 4.906636e-05 7.059236e-02
1736 1.153592e-06 7.870772e-03
1737 6.748349e-06 8.352480e-03
1738 6.783849e-04 1.947710e-01
1739 1.230528e-03 1.041376e-01
1740 4.294373e-05 2.231100e-02
1741 1.457992e-08 1.329995e-03
1742 1.200904e-06 1.653312e-03
1743 6.894808e-07 4.082280e-03
1744 1.539592e-07 2.068320e-03
1745 4.174017e-07 2.233201e-03
1746 5.496271e-06 8.388453e-03
1747 4.922266e-05 2.195377e-02
1748 1.674345e-05 8.430584e-03
1749 4.666527e-06 6.737820e-03
1750 3.050507e-06 8.616140e-03
1751 1.698331e-06 4.052636e-03
1752 1.030904e-06 7.570433e-03
1753 1.117459e-04 8.317871e-02
1754 1.160545e-03 2.488453e-01
1755 3.138921e-03 1.682247e-01
1756 1.200527e-05 1.909778e-02
1757 2.226890e-04 5.736093e-02
1758 3.105492e-03 4.000441e-01
1759 1.792527e-04 1.224733e-01
1760 6.293299e-04 1.248094e-01
1761 1.897960e-03 4.273506e-01
1762 1.594552e-03 4.290684e-01
1763 4.167843e-04 1.473206e-01
1764 1.587283e-05 2.066892e-02
1765 6.724168e-05 3.291143e-02
1766 1.667668e-03 1.750121e-01
1767 9.782848e-05 2.640452e-02
1768 4.112003e-05 3.020611e-02
1769 2.614221e-04 1.082834e-01
1770 1.423674e-04 6.544915e-02
1771 9.738737e-05 9.741831e-02
1772 5.094298e-07 4.369623e-03
1773 4.729304e-03 9.707032e-01
1774 9.170066e-04 2.020979e-01
1775 2.795687e-03 6.035530e-01
1776 8.775976e-04 9.360269e-02
1777 1.124930e-04 4.935095e-02
1778 2.278461e-03 3.249944e-01
1779 2.382478e-04 6.043126e-02
1780 5.233028e-04 4.626651e-02
1781 1.517353e-04 2.553607e-02
1782 8.582800e-05 2.826181e-02
1783 2.392734e-03 2.317406e-01
1784 2.089630e-04 5.922412e-02
1785 2.807788e-04 8.672732e-02
1786 2.371729e-05 8.099120e-03
1787 1.538127e-04 2.003002e-02
1788 1.016485e-03 1.852463e-01
1789 1.799237e-04 1.023783e-01
1790 2.807757e-05 1.544230e-02
1791 2.407221e-04 1.404523e-01
1792 6.480180e-04 1.222727e-01
1793 7.262714e-05 4.588435e-02
1794 2.270961e-05 1.679759e-02
1795 5.014800e-05 2.542269e-02
1796 1.428121e-04 8.375214e-02
1797 1.419954e-04 9.140621e-02
1798 7.142424e-05 4.480385e-02
1799 8.837383e-06 1.529475e-02
1800 5.487572e-04 1.290881e-01
1801 1.303179e-04 2.997850e-02
1802 1.556064e-03 1.152166e-01
1803 6.846475e-04 8.684556e-02
1804 5.115816e-04 1.004661e-01
1805 1.197974e-04 3.859836e-02
1806 6.557153e-05 5.516639e-02
1807 1.785041e-05 1.983059e-02
1808 4.382735e-04 1.239174e-01
1809 3.240216e-05 2.103132e-02
1810 1.995215e-06 9.122928e-03
1811 3.133104e-05 1.075236e-02
1812 9.637217e-06 1.730609e-02
1813 9.741108e-06 9.032468e-03
1814 8.998175e-07 2.079879e-02
1815 1.038049e-04 6.729356e-02
1816 5.226867e-05 2.476016e-02
1817 4.341076e-05 5.471554e-02
1818 2.371112e-05 4.546969e-02
1819 1.583840e-03 2.424553e-01
1820 3.329151e-04 8.707276e-02
1821 4.152696e-05 1.746539e-02
1822 1.661184e-05 1.790023e-02
1823 2.757625e-05 4.709211e-02
1824 9.278833e-05 2.826934e-02
1825 6.000071e-04 2.173050e-01
1826 2.838349e-04 3.946504e-02
1827 1.798639e-05 1.116032e-02
1828 6.535106e-06 1.629601e-02
1829 4.946284e-06 1.497718e-02
1830 1.490998e-03 4.529630e-01
1831 3.829618e-06 8.918355e-03
1832 2.392925e-05 3.261141e-02
1833 1.095833e-06 1.107901e-02
1834 4.792940e-05 1.494593e-02
1835 3.987020e-07 8.498017e-03
1836 9.047051e-06 5.668648e-03
1837 1.728846e-04 4.198903e-02
1838 8.029535e-05 2.701418e-02
1839 2.779398e-05 4.340636e-02
1840 1.198254e-04 6.756625e-02
1841 6.762578e-05 3.505328e-02
1842 2.203766e-05 2.041686e-02
1843 2.506269e-05 1.558458e-02
1844 1.749118e-05 1.875421e-02
1845 3.019346e-05 1.310274e-02
1846 2.882021e-06 7.132528e-03
1847 3.331711e-05 9.811268e-03
1848 5.258342e-06 1.234503e-02
1849 2.528738e-05 1.453878e-02
1850 2.264025e-06 9.773884e-03
1851 7.930599e-06 5.524706e-03
1852 5.755580e-06 4.475914e-03
1853 5.020069e-06 4.230563e-03
1854 2.010597e-04 5.346850e-02
1855 4.208900e-05 2.691519e-02
1856 2.652041e-04 7.068442e-02
1857 2.334380e-04 5.436231e-02
1858 4.868433e-05 5.251882e-02
1859 6.579366e-06 5.080603e-03
1860 3.221759e-04 6.400676e-02
1861 2.551035e-07 7.860083e-03
1862 9.426079e-06 9.336668e-03
1863 8.552211e-06 2.541079e-02
1864 2.679584e-04 9.460827e-02
1865 1.155576e-04 4.746821e-02
1866 8.147880e-05 4.239122e-02
1867 1.405206e-05 1.126406e-02
1868 1.930388e-06 9.755707e-03
1869 2.826587e-06 6.581629e-03
1870 8.621144e-06 1.512404e-02
1871 5.462708e-04 1.392184e-01
1872 8.170234e-04 1.326827e-01
1873 2.296995e-05 1.378006e-02
1874 1.311403e-04 6.421617e-02
1875 5.917689e-04 5.136481e-02
1876 8.119316e-06 5.961517e-03
1877 8.711460e-05 1.748849e-02
1878 5.592452e-06 6.883981e-03
1879 1.110160e-04 2.710768e-02
1880 2.726503e-05 1.343144e-02
1881 6.447260e-04 2.324250e-01
1882 1.156120e-04 6.180950e-02
1883 2.724468e-05 4.328948e-02
1884 2.663098e-04 6.977004e-02
1885 8.671011e-05 3.066640e-02
1886 5.749337e-04 5.977749e-02
1887 3.073415e-06 7.867983e-03
1888 3.009086e-06 1.601051e-02
1889 8.426324e-07 7.963318e-03
1890 1.647450e-07 5.473999e-03
1891 2.663116e-06 5.428684e-03
1892 2.271331e-06 5.879643e-03
1893 4.193652e-07 2.190233e-02
1894 6.126776e-05 5.175843e-02
1895 4.976203e-05 1.883955e-02
1896 4.581448e-07 4.981634e-03
1897 2.960332e-07 3.658338e-03
1898 3.285900e-06 3.644706e-03
1899 1.503769e-05 1.702520e-02
1900 5.439455e-05 1.862141e-02
1901 8.357547e-08 1.741302e-03
1902 2.220011e-03 9.154067e-02
1903 1.615289e-03 2.175012e-01
1904 8.417218e-05 1.962094e-02
1905 6.056265e-04 3.940208e-02
1906 2.909943e-03 3.769193e-01
1907 5.863535e-07 7.361129e-03
1908 3.190120e-06 8.002519e-03
1909 1.403233e-06 5.379124e-03
1910 1.423842e-04 2.666469e-02
1911 2.419402e-06 1.187304e-02
1912 2.116446e-04 4.280767e-02
1913 6.223093e-05 6.465310e-02
1914 4.782119e-04 6.370464e-02
1915 4.915327e-03 5.068816e-01
1916 6.656608e-04 1.043528e-01
1917 3.697308e-04 1.503005e-01
1918 4.964569e-04 7.284298e-02
1919 1.330439e-03 1.466883e-01
1920 1.244991e-04 6.312630e-02
1921 7.999870e-05 3.448118e-02
1922 3.002304e-04 1.414197e-01
1923 5.129216e-04 7.401913e-02
1924 7.053679e-04 1.703097e-01
1925 2.172802e-04 6.399954e-02
1926 2.073710e-05 2.335940e-02
1927 5.106408e-04 5.500108e-02
1928 1.485596e-03 2.275568e-01
1929 7.763209e-05 4.137058e-02
1930 4.301444e-06 5.835391e-03
1931 2.316206e-05 3.718844e-02
1932 5.341680e-07 2.585069e-02
1933 1.857917e-04 2.304013e-02
1934 1.737050e-06 7.513451e-03
1935 2.380016e-04 5.348855e-02
1936 8.168798e-05 1.790311e-02
1937 2.522040e-04 3.290373e-02
1938 3.194414e-04 3.691288e-02
1939 2.155693e-04 5.630309e-02
1940 4.367966e-05 8.491765e-02
1941 1.877108e-06 7.824000e-03
1942 3.218691e-04 9.835670e-02
1943 2.080253e-04 1.041710e-01
1944 2.140098e-05 3.372599e-02
1945 1.160819e-05 1.138913e-02
1946 4.826843e-04 1.098304e-01
1947 3.833031e-05 1.881543e-02
1948 3.366564e-04 4.163309e-02
1949 2.918977e-03 1.839590e-01
1950 1.209189e-03 4.973156e-02
1951 1.144330e-03 1.599345e-01
1952 2.402313e-04 9.932793e-02
1953 4.630675e-05 1.997952e-02
1954 2.100627e-05 1.322602e-02
1955 2.391429e-03 3.827490e-01
1956 4.678204e-04 2.137879e-01
1957 1.615634e-03 3.401324e-01
1958 8.716381e-04 2.024319e-01
1959 1.029289e-06 7.289082e-03
1960 9.683016e-05 1.292238e-02
1961 4.489091e-08 2.938160e-03
1962 1.288296e-05 6.817167e-03
1963 3.901757e-08 2.055483e-03
1964 4.447304e-07 3.499700e-03
1965 1.580758e-04 2.655470e-02
1966 7.347545e-06 1.175671e-02
1967 1.126763e-03 1.374688e-01
1968 1.062628e-04 1.664374e-02
1969 2.022044e-05 1.898609e-02
1970 3.740441e-06 9.354545e-03
1971 1.427366e-05 2.242308e-02
1972 7.025247e-07 7.101747e-03
1973 7.761901e-04 1.019164e-01
1974 2.991154e-05 3.574024e-02
1975 6.159582e-06 1.659979e-02
1976 1.101513e-04 2.834285e-02
1977 1.590863e-03 1.276871e-01
1978 2.024335e-04 3.728046e-02
1979 5.300813e-04 3.952026e-02
1980 1.066042e-03 3.691436e-02
1981 2.795777e-04 1.973248e-02
1982 3.921822e-04 8.461440e-02
1983 1.135878e-03 3.107230e-01
1984 1.039029e-04 8.161070e-02
1985 4.749200e-04 1.359268e-01
1986 1.609479e-04 6.010814e-02
1987 2.943705e-03 4.056530e-01
1988 8.442566e-05 3.851448e-02
1989 3.355381e-05 4.707551e-02
1990 6.542395e-04 1.428331e-01
1991 8.071663e-06 1.324425e-02
1992 7.448528e-05 2.666756e-02
1993 2.333866e-04 4.791728e-02
1994 1.236257e-04 3.386307e-02
1995 2.674625e-04 3.248766e-02
1996 7.107261e-05 1.377727e-02
1997 1.328823e-03 1.026163e-01
1998 4.655302e-04 1.161483e-01
1999 8.344381e-04 2.537705e-01
2000 8.838210e-04 1.074182e-01
