1 3.686193e-03 8.964880e-01
2 9.580002e-07 2.047320e-02
3 4.110372e-06 2.923836e-03
4 3.534946e-08 1.865395e-03
5 1.475646e-07 2.626574e-03
6 1.736758e-03 4.867538e-01
7 6.260695e-06 1.394516e-02
8 1.572331e-07 4.268278e-02
9 5.586814e-10 2.383800e-03
10 1.762409e-05 9.297874e-02
11 1.040420e-08 5.168494e-03
12 6.286852e-10 1.231070e-03
13 9.954249e-05 2.313233e-01
14 5.628697e-08 7.639464e-03
15 5.279440e-08 3.081368e-03
16 3.339632e-05 2.620926e-02
17 1.109102e-07 1.934322e-03
18 2.528593e-03 3.283089e-01
19 3.329886e-06 8.147752e-03
20 2.009702e-11 1.022714e-03
21 2.898016e-03 1.048496e+00
22 2.912086e-06 5.807170e-03
23 1.754705e-04 3.488583e-02
24 3.265897e-03 3.714622e-01
25 6.195872e-04 2.484931e-01
26 3.490317e-06 4.635452e-03
27 4.671219e-05 2.378653e-02
28 2.414586e-07 3.631855e-03
29 2.106941e-03 6.233124e-01
30 1.386652e-03 7.334422e-01
31 1.731905e-04 2.733906e-01
32 3.058797e-04 2.449134e-02
33 4.766879e-08 1.230461e-03
34 9.259150e-09 1.156412e-03
35 5.038663e-08 3.141140e-03
36 1.557926e-03 5.665944e-01
37 1.902972e-04 1.044931e-01
38 3.671391e-07 8.870566e-03
39 2.510786e-09 1.949536e-03
40 7.685451e-07 3.555680e-03
41 6.109167e-06 2.389121e-02
42 3.511399e-08 5.032349e-03
43 5.042601e-04 3.798644e-01
44 1.392271e-04 7.987447e-02
45 7.513647e-04 1.365003e-01
46 4.082322e-05 1.155508e-02
47 3.450582e-05 2.769035e-01
48 2.728756e-04 1.177626e-01
49 1.552479e-05 1.016697e-02
50 2.802114e-03 8.362159e-01
51 1.133106e-06 1.196819e-02
52 4.129768e-06 2.417514e-02
53 9.060643e-05 1.031888e-02
54 3.759606e-07 9.955195e-03
55 5.361412e-07 5.126371e-03
56 5.658393e-06 9.120588e-03
57 2.569199e-07 1.459617e-02
58 5.607351e-04 2.183722e-01
59 7.375490e-04 6.689235e-02
60 1.101009e-09 1.410634e-03
61 1.190442e-03 1.071160e+00
62 2.787960e-05 3.387327e-02
63 1.592378e-08 1.922685e-03
64 6.014458e-09 4.167314e-03
65 2.184938e-05 4.462814e-02
66 2.468333e-07 4.614656e-03
67 3.168263e-07 7.361233e-03
68 3.453652e-06 8.287288e-03
69 6.990476e-08 1.427703e-03
70 3.779754e-09 1.343078e-03
71 1.287557e-03 2.675930e-01
72 8.392280e-06 1.964403e-02
73 2.447994e-08 4.149948e-03
74 1.326150e-04 1.945461e-01
75 1.815182e-05 1.111792e-02
76 3.191560e-07 2.859578e-03
77 4.468544e-05 3.880185e-02
78 2.949969e-03 3.312566e-01
79 1.846372e-03 2.584496e-01
80 9.271520e-07 2.848885e-03
81 8.370772e-08 1.635545e-03
82 1.371825e-05 5.827665e-03
83 1.078519e-04 2.693689e-02
84 6.819219e-08 1.875618e-03
85 5.524434e-04 1.403548e-01
86 4.159188e-06 7.304544e-03
87 1.062928e-07 2.826561e-03
88 5.449165e-08 1.705133e-03
89 4.348220e-06 2.286605e-02
90 5.309835e-04 2.633265e-01
91 3.064097e-03 2.996175e-01
92 2.987429e-03 9.471396e-01
93 4.451234e-06 1.422063e-02
94 5.882653e-07 4.153365e-03
95 5.060736e-03 9.050410e-01
96 1.911392e-04 1.844002e-02
97 1.095718e-08 3.515154e-02
98 2.285193e-07 3.490591e-03
99 7.255369e-05 2.314728e-02
100 4.375942e-03 1.575686e+00
101 2.146947e-06 4.963112e-03
102 9.158875e-07 1.505872e-02
103 9.181636e-04 4.434480e-01
104 2.637132e-05 4.287769e-02
105 2.416431e-05 6.672864e-02
106 1.115160e-07 8.991957e-03
107 3.964186e-08 2.879610e-03
108 1.758036e-06 1.920726e-02
109 3.674005e-07 5.130064e-03
110 3.624898e-06 1.171619e-02
111 1.737359e-03 6.625175e-01
112 2.292088e-04 1.174418e-01
113 2.226169e-03 8.013543e-01
114 8.884480e-04 5.027389e-01
115 7.950683e-04 1.694162e-01
116 2.156962e-03 3.343364e-01
117 1.017221e-03 2.022370e-01
118 8.827388e-03 6.258043e-01
119 8.723684e-10 4.547726e-03
120 4.654786e-10 3.640472e-03
121 1.369762e-07 1.149733e-02
122 4.821617e-08 1.885984e-03
123 2.261169e-06 6.006716e-03
124 7.217571e-06 1.376704e-02
125 2.511866e-09 3.999682e-03
126 1.623106e-06 6.126471e-03
127 1.067444e-07 9.665436e-03
128 1.160534e-06 7.865508e-03
129 5.014425e-08 4.472817e-03
130 2.229197e-08 3.977592e-03
131 5.201423e-08 5.909095e-03
132 3.148365e-07 4.680107e-03
133 8.218621e-08 7.678288e-03
134 2.314278e-05 2.270298e-02
135 4.528133e-08 4.540647e-03
136 2.213856e-07 4.106006e-03
137 7.039490e-06 1.269993e-02
138 1.959875e-08 9.366858e-03
139 3.578442e-07 8.730988e-03
140 1.036614e-07 5.187973e-03
141 8.202718e-09 3.030401e-03
142 1.098774e-07 3.130197e-03
143 2.510697e-07 6.943248e-03
144 4.381285e-08 8.569870e-03
145 2.092645e-09 4.700438e-03
146 1.092164e-07 6.131149e-03
147 1.076196e-07 6.327705e-03
148 1.474491e-08 7.990356e-03
149 1.318548e-07 4.301406e-03
150 4.382785e-09 3.988016e-03
151 6.952460e-07 1.009583e-02
152 3.353430e-07 5.966159e-03
153 7.653248e-08 2.987993e-03
154 4.047174e-08 3.766081e-03
155 1.228909e-08 3.024098e-03
156 1.421662e-07 3.879179e-03
157 9.135680e-08 4.039438e-03
158 9.515460e-07 4.771970e-03
159 2.681392e-07 5.918008e-03
160 9.841372e-08 5.187113e-03
161 4.436563e-08 3.133719e-03
162 3.624051e-09 3.003829e-03
163 8.478276e-09 3.081466e-03
164 6.797580e-10 1.642602e-03
165 1.124661e-09 1.682287e-03
166 6.323727e-11 1.657500e-03
167 1.704696e-09 2.937819e-03
168 1.099528e-07 3.315153e-03
169 6.921810e-07 6.143530e-03
170 8.460377e-11 1.639728e-03
171 1.696868e-08 3.422511e-03
172 5.915921e-09 3.219589e-03
173 4.253413e-10 1.619422e-03
174 1.635277e-09 3.087981e-03
175 1.108682e-08 3.095034e-03
176 3.486298e-09 2.999243e-03
177 7.282987e-10 1.656902e-03
178 8.260617e-08 2.303058e-03
179 6.795033e-10 1.614961e-03
180 5.685263e-09 3.096038e-03
181 3.421583e-10 2.125479e-03
182 1.541767e-09 3.398036e-03
183 2.718760e-10 1.196609e-03
184 1.185927e-10 1.614901e-03
185 8.526429e-10 1.233314e-03
186 5.841863e-09 2.180051e-03
187 2.986227e-10 1.906953e-03
188 5.169717e-11 1.592573e-03
189 9.397137e-11 1.134013e-03
190 2.351750e-10 1.208929e-03
191 5.447057e-05 2.157339e-02
192 2.798532e-06 4.289393e-03
193 3.919561e-04 5.939393e-02
194 2.628220e-04 5.784353e-02
195 9.036528e-06 7.031451e-03
196 3.161468e-05 1.818601e-02
197 3.871241e-04 8.988910e-02
198 1.931357e-06 6.633611e-03
199 6.168418e-06 1.481081e-02
200 1.493864e-06 1.085487e-02
201 8.306009e-05 2.125634e-02
202 1.807390e-05 2.379307e-02
203 9.461207e-08 3.530121e-03
204 7.068542e-06 6.750691e-03
205 9.264458e-07 8.647555e-03
206 1.610909e-07 3.905291e-03
207 2.717303e-07 9.672096e-03
208 1.383794e-08 3.468622e-03
209 2.760512e-07 8.239251e-03
210 2.692834e-07 4.834449e-03
211 3.247062e-08 2.422931e-03
212 2.271498e-04 5.967942e-02
213 5.080246e-08 2.474393e-03
214 2.154395e-08 4.267262e-03
215 3.015353e-06 5.210871e-03
216 1.402126e-06 8.259006e-03
217 1.140730e-07 2.123589e-03
218 8.558231e-06 2.705385e-02
219 3.447127e-05 2.095310e-02
220 2.119529e-08 3.565982e-03
221 1.230695e-07 4.001959e-03
222 8.214117e-08 7.093984e-03
223 3.471914e-07 9.807531e-03
224 7.542350e-09 3.044935e-03
225 5.082122e-07 5.507826e-03
226 1.522253e-07 3.691640e-03
227 1.346037e-07 4.289273e-03
228 1.040494e-07 5.062963e-03
229 7.152548e-06 1.535636e-02
230 3.563728e-06 8.056583e-03
231 2.547109e-06 6.846616e-03
232 4.625528e-07 5.116816e-03
233 5.087785e-07 6.202041e-03
234 2.356187e-06 5.084447e-03
235 2.517218e-08 4.504222e-03
236 1.851501e-06 5.122200e-03
237 1.084048e-08 3.368808e-03
238 3.869795e-07 5.741207e-03
239 3.636010e-08 3.549137e-03
240 1.084075e-07 3.163446e-03
241 8.505720e-07 4.127762e-03
242 6.804135e-07 5.062202e-03
243 5.775374e-08 3.175323e-03
244 2.082030e-07 4.709607e-03
245 2.438023e-07 4.994098e-03
246 1.099784e-07 3.841179e-03
247 4.174775e-07 4.954993e-03
248 1.807049e-07 2.674230e-03
249 7.224378e-06 8.053484e-03
250 4.121763e-07 4.205788e-03
251 2.944135e-07 2.915684e-03
252 1.593146e-06 7.098311e-03
253 1.879583e-08 3.335353e-03
254 5.560065e-08 4.828139e-03
255 1.140401e-06 6.588308e-03
256 1.078976e-07 2.742590e-03
257 1.459504e-07 3.447478e-03
258 1.306910e-05 7.754765e-03
259 4.610105e-05 1.777714e-02
260 1.734945e-05 1.603107e-02
261 2.549439e-05 1.577415e-02
262 5.473116e-07 6.688099e-03
263 1.442140e-05 9.574313e-03
264 3.315397e-06 2.082469e-02
265 4.737873e-07 7.260370e-03
266 1.521546e-05 2.076824e-02
267 1.667582e-05 4.648732e-02
268 7.257410e-07 2.087241e-02
269 6.175357e-07 3.192817e-02
270 4.629120e-08 4.406572e-03
271 9.034082e-07 7.449602e-03
272 5.625063e-08 6.856414e-03
273 1.103362e-07 4.480717e-03
274 8.092914e-07 5.734667e-03
275 1.029640e-07 8.640129e-03
276 1.392538e-05 3.798542e-02
277 5.344035e-08 3.484645e-03
278 5.063932e-08 2.706237e-03
279 1.654909e-06 1.659086e-02
280 2.045475e-07 6.127709e-03
281 3.143305e-07 8.677318e-03
282 1.334266e-06 1.278666e-02
283 2.021727e-07 3.423183e-03
284 2.072609e-06 9.439943e-03
285 8.002735e-05 3.254161e-02
286 4.249044e-05 4.269205e-02
287 3.026421e-06 7.408731e-03
288 3.327508e-06 1.512994e-02
289 2.907316e-05 4.817910e-02
290 6.388905e-05 6.963704e-02
291 2.319644e-06 8.408267e-03
292 1.857523e-05 2.043364e-02
293 4.940244e-06 1.895794e-02
294 1.148817e-05 2.881204e-02
295 8.015688e-06 1.872344e-02
296 1.065637e-03 1.616317e-01
297 2.961774e-03 7.442063e-01
298 3.235674e-05 4.355980e-02
299 3.559552e-07 4.599199e-03
300 2.110654e-08 4.600241e-03
301 1.387215e-03 2.029619e-01
302 2.200116e-07 5.123930e-03
303 1.146087e-07 3.113584e-03
304 1.834892e-08 2.281381e-03
305 1.096699e-08 2.666489e-03
306 1.056236e-09 2.689696e-03
307 2.432640e-10 2.646537e-03
308 2.647084e-10 2.581889e-03
309 3.473344e-06 6.250118e-03
310 4.777191e-10 3.223230e-03
311 6.079003e-11 2.653569e-03
312 8.949419e-08 2.247968e-03
313 1.777027e-10 2.542541e-03
314 1.768399e-10 2.549018e-03
315 2.851378e-11 2.676365e-03
316 6.981880e-09 2.822346e-03
317 8.021643e-11 1.929808e-03
318 3.218625e-10 1.947582e-03
319 6.823365e-08 2.285086e-03
320 4.871281e-11 2.507136e-03
321 5.209034e-11 1.426054e-03
322 1.599941e-04 7.847684e-02
323 4.455634e-05 9.905760e-02
324 2.799824e-08 9.486377e-03
325 1.718764e-05 1.471577e-02
326 6.696145e-08 3.486211e-03
327 1.269207e-06 2.382403e-02
328 1.508087e-06 9.770833e-03
329 2.169116e-04 9.272680e-02
330 1.375116e-03 5.752894e-01
331 5.588431e-06 3.411962e-02
332 5.387739e-04 2.143324e-01
333 2.072226e-07 5.084240e-03
334 2.922636e-06 1.443609e-02
335 2.279546e-08 8.353549e-03
336 3.746182e-07 1.556125e-02
337 2.218552e-04 8.499842e-02
338 3.127812e-05 2.205452e-02
339 2.651307e-03 3.580412e-01
340 3.991111e-06 6.633240e-03
341 3.359833e-06 6.667779e-03
342 1.961615e-05 1.972785e-02
343 8.419056e-06 4.343249e-02
344 2.799431e-07 3.959542e-03
345 5.201947e-06 8.080704e-03
346 1.704244e-07 2.538964e-03
347 7.688066e-08 2.965764e-03
348 7.048311e-06 1.056971e-02
349 3.399122e-06 1.112507e-02
350 1.941532e-08 3.254112e-03
351 1.961970e-08 2.854483e-03
352 1.959020e-06 2.971801e-03
353 6.703223e-06 7.619836e-03
354 1.662691e-06 4.491889e-03
355 7.343726e-07 4.714217e-03
356 5.633691e-08 2.359626e-03
357 2.157955e-05 1.152999e-02
358 1.052622e-05 2.509283e-02
359 2.780354e-06 7.150284e-03
360 7.584216e-07 6.192295e-03
361 3.596353e-05 4.404437e-02
362 7.848064e-08 2.452250e-03
363 1.435350e-08 3.362348e-03
364 1.959020e-06 2.971801e-03
365 3.108394e-05 2.870425e-02
366 7.936080e-06 1.026049e-02
367 3.094053e-06 1.066186e-02
368 3.399122e-06 1.112507e-02
369 4.243770e-05 8.699337e-02
370 2.690843e-06 1.396393e-02
371 1.634723e-06 1.967275e-02
372 2.251753e-03 9.606684e-01
373 6.911021e-05 1.749180e-01
374 2.795335e-03 8.345692e-01
375 7.180749e-06 2.468892e-02
376 9.384021e-04 2.459107e-01
377 4.883689e-06 9.240036e-03
378 1.387381e-04 3.005509e-02
379 5.604695e-06 8.981408e-03
380 7.197540e-05 1.279005e-02
381 5.602377e-08 1.911367e-03
382 7.048930e-07 1.010362e-02
383 2.677407e-08 1.823261e-03
384 2.955984e-06 8.039651e-03
385 7.054931e-09 4.590445e-03
386 9.220072e-07 6.505323e-03
387 8.308052e-06 1.557466e-02
388 1.348620e-08 2.769750e-03
389 1.877268e-06 6.275537e-03
390 4.330527e-06 4.820636e-03
391 3.640592e-05 3.237302e-02
392 6.132532e-05 1.837572e-02
393 7.254841e-06 1.577769e-02
394 2.909007e-07 3.005330e-03
395 9.879527e-07 8.323611e-03
396 5.743212e-05 3.686138e-02
397 1.971941e-05 1.636953e-02
398 6.588559e-05 3.408469e-02
399 1.001743e-05 1.028968e-02
400 2.838388e-05 3.807397e-02
401 8.360163e-06 8.389282e-03
402 7.819023e-07 6.987655e-03
403 1.570042e-06 9.155268e-03
404 1.695123e-05 1.559734e-02
405 3.485549e-06 1.115325e-02
406 6.950516e-07 8.831857e-03
407 3.475146e-07 4.546190e-03
408 4.454201e-06 9.826808e-03
409 8.427257e-03 4.802931e-01
410 2.870178e-05 1.986547e-02
411 1.966545e-05 1.790249e-02
412 3.003499e-04 5.641958e-02
413 1.219204e-06 8.045915e-03
414 2.967959e-06 9.587402e-03
415 3.246293e-06 5.877182e-03
416 1.017962e-06 6.691271e-03
417 3.258049e-06 9.701112e-03
418 8.741533e-04 1.112009e-01
419 3.543373e-04 1.592402e-01
420 5.376034e-04 6.184116e-02
421 6.104695e-06 2.106253e-02
422 8.684064e-06 3.073909e-02
423 3.872631e-04 8.701477e-02
424 5.444753e-04 2.272447e-01
425 7.507059e-04 1.077340e-01
426 1.921350e-05 4.601085e-02
427 1.332441e-03 1.933434e-01
428 7.988597e-05 3.663127e-02
429 5.253715e-05 2.957422e-02
430 1.637609e-04 4.069637e-02
431 3.827397e-04 6.270459e-02
432 5.549702e-05 2.608595e-02
433 5.448799e-05 2.240406e-02
434 1.885163e-04 4.218185e-02
435 3.115250e-05 4.983696e-02
436 2.808170e-04 3.504346e-02
437 1.288644e-04 3.716395e-02
438 2.361998e-05 2.724808e-02
439 1.685803e-03 3.001843e-01
440 2.369331e-04 2.541742e-02
441 8.959191e-05 1.842584e-02
442 7.082648e-04 7.780076e-02
443 2.789181e-05 2.460725e-02
444 3.080428e-03 3.869204e-01
445 9.203397e-04 1.963508e-01
446 3.107406e-11 9.154240e-04
447 1.535187e-11 1.224538e-03
448 4.924923e-12 9.088608e-04
449 2.149469e-11 9.125940e-04
450 1.744330e-11 9.935040e-04
451 8.424212e-09 1.782099e-03
452 8.365763e-11 1.227389e-03
453 4.100318e-09 1.122091e-03
454 8.402965e-11 1.245290e-03
455 1.266485e-09 1.251084e-03
456 1.099656e-11 1.031946e-03
457 2.635076e-13 9.244452e-04
458 3.996047e-10 1.233121e-03
459 8.264283e-07 1.451500e-02
460 4.420448e-10 2.593571e-03
461 1.365730e-11 1.054475e-03
462 2.132735e-09 2.965528e-03
463 1.188900e-09 1.127597e-03
464 4.250578e-10 1.328794e-03
465 6.650153e-11 1.151012e-03
466 1.936476e-10 1.381000e-03
467 4.448540e-11 1.082765e-03
468 3.024510e-11 1.091934e-03
469 3.963762e-10 1.325862e-03
470 2.907750e-10 1.754949e-03
471 8.519475e-11 1.218721e-03
472 4.822050e-11 1.118994e-03
473 1.931091e-10 1.318775e-03
474 2.969960e-11 1.048070e-03
475 1.490862e-09 1.316097e-03
476 3.928710e-09 1.412461e-03
477 5.542698e-07 3.196942e-03
478 2.828292e-06 7.755519e-03
479 3.597876e-09 1.574669e-03
480 1.063153e-09 2.067288e-03
481 7.283229e-10 1.858987e-03
482 7.803369e-10 2.108229e-03
483 4.608459e-10 2.060965e-03
484 2.835856e-08 2.118731e-03
485 1.044702e-09 1.759902e-03
486 6.316324e-06 1.379521e-02
487 3.993946e-09 1.487384e-03
488 5.625114e-07 9.387390e-03
489 1.963475e-03 3.977053e-01
490 2.931669e-06 6.940935e-03
491 2.534797e-06 8.793015e-03
492 1.815351e-06 5.741148e-03
493 1.374812e-06 6.714354e-03
494 9.078546e-09 6.449818e-03
495 5.852588e-08 4.939666e-03
496 1.047198e-04 2.921986e-02
497 2.526997e-05 4.516102e-02
498 3.122191e-06 8.028105e-03
499 3.888872e-08 7.822452e-03
500 2.798287e-08 5.139860e-03
501 3.818313e-06 8.902529e-03
502 7.694667e-04 2.618630e-01
503 1.029966e-05 9.916380e-03
504 1.221290e-05 1.036526e-02
505 1.942082e-06 7.146475e-03
506 1.080461e-04 3.454947e-02
507 2.580295e-05 2.871941e-02
508 4.213416e-06 1.265350e-02
509 1.894418e-07 8.599341e-03
510 3.907661e-06 1.179567e-02
511 1.143538e-06 6.162542e-03
512 6.511585e-07 8.178107e-03
513 3.055973e-06 7.982369e-03
514 4.773422e-03 8.650859e-01
515 5.442082e-07 6.956220e-03
516 2.339152e-07 6.848583e-03
517 2.861967e-06 1.380410e-02
518 2.480534e-07 6.897030e-03
519 6.196968e-06 2.315972e-02
520 3.085271e-06 1.854369e-02
521 6.594251e-05 2.837809e-02
522 9.089911e-05 2.588084e-02
523 4.234092e-05 2.600722e-02
524 1.247606e-06 1.304322e-02
525 4.970222e-06 8.053078e-03
526 1.299796e-05 2.355282e-02
527 2.699492e-06 9.767771e-03
528 3.717737e-07 5.975272e-03
529 7.599555e-06 1.740115e-02
530 6.853419e-07 5.123496e-03
531 1.915651e-06 7.234766e-03
532 5.525006e-06 1.858082e-02
533 2.598002e-06 1.243382e-02
534 8.394801e-07 1.141224e-02
535 4.408005e-06 1.222907e-02
536 5.247057e-05 3.809621e-02
537 9.378803e-06 2.461757e-02
538 1.721252e-06 1.253282e-02
539 4.593565e-05 2.453426e-02
540 1.168721e-05 2.239568e-02
541 1.780140e-05 2.479853e-02
542 2.009168e-03 2.070082e-01
543 5.058003e-06 1.889728e-02
544 2.096671e-06 7.412736e-03
545 1.955831e-06 7.398993e-03
546 3.261013e-06 6.001849e-03
547 7.777292e-10 2.494604e-03
548 1.317790e-08 3.022607e-03
549 1.217178e-08 1.590298e-03
550 6.060869e-07 5.561515e-03
551 3.040143e-07 2.638618e-03
552 3.396251e-06 1.882029e-02
553 6.709591e-06 3.204907e-02
554 4.416175e-06 9.089422e-03
555 5.884665e-06 1.179066e-02
556 2.077185e-07 3.008388e-03
557 1.079814e-07 3.775281e-03
558 5.235153e-06 1.181092e-02
559 3.446060e-08 2.469117e-03
560 2.658881e-07 3.975787e-03
561 4.887782e-07 3.150687e-03
562 3.303936e-07 3.402109e-03
563 1.398402e-07 4.787156e-03
564 9.302351e-08 3.251852e-03
565 1.428762e-06 1.433642e-02
566 2.222522e-06 5.668155e-03
567 1.240673e-04 7.976142e-02
568 9.548442e-05 2.132646e-02
569 3.554767e-04 7.268400e-02
570 2.072485e-05 1.368232e-02
571 2.400352e-05 8.474680e-03
572 1.854021e-04 2.673955e-02
573 1.282061e-05 6.969324e-03
574 1.516829e-04 2.924815e-02
575 3.296365e-05 8.261599e-03
576 5.474077e-05 1.587073e-02
577 9.680763e-06 1.207503e-02
578 3.896748e-06 9.789369e-03
579 2.084985e-03 6.945010e-01
580 8.902584e-05 2.813831e-02
581 9.712527e-06 4.918422e-03
582 2.287662e-04 5.589784e-02
583 1.789671e-05 1.035355e-02
584 2.901950e-05 1.471930e-02
585 1.570231e-04 7.239225e-02
586 1.127147e-06 1.267897e-02
587 2.456529e-06 1.317535e-02
588 1.836159e-06 1.016906e-02
589 6.091452e-07 2.607481e-03
590 1.675122e-03 3.711550e-01
591 1.024906e-03 1.274409e-01
592 9.260487e-07 6.340235e-03
593 2.393272e-05 1.680933e-02
594 1.447647e-04 2.947365e-02
595 6.379708e-08 6.658917e-03
596 4.385130e-03 9.754157e-01
597 8.131393e-11 1.912639e-03
598 5.806446e-09 1.968989e-03
599 3.794800e-09 1.938418e-03
600 7.031791e-09 2.062335e-03
601 2.214825e-08 3.033565e-03
602 2.299489e-09 2.563924e-03
603 6.139739e-09 3.254148e-03
604 2.525552e-10 1.931489e-03
605 1.382164e-08 2.078384e-03
606 2.288733e-10 1.932128e-03
607 2.122873e-10 1.777689e-03
608 6.308353e-10 2.031249e-03
609 8.204004e-06 1.278167e-02
610 5.662498e-07 4.314588e-03
611 7.742101e-04 2.870938e-01
612 2.615051e-06 2.562106e-02
613 6.631359e-06 1.881630e-02
614 5.405659e-06 2.626081e-02
615 4.518955e-07 1.032628e-02
616 2.013797e-09 3.281046e-03
617 9.069473e-06 1.284856e-02
618 2.679430e-08 4.232037e-03
619 5.929650e-08 5.031264e-03
620 1.506611e-08 5.447394e-03
621 2.008199e-04 6.432262e-02
622 2.421985e-08 5.943212e-03
623 1.099011e-08 7.249168e-03
624 1.814605e-07 6.022473e-03
625 9.324112e-08 4.555372e-03
626 4.307032e-03 6.170127e-01
627 6.611140e-07 4.998157e-03
628 2.507510e-07 1.266365e-02
629 6.750661e-05 6.035465e-02
630 4.851178e-05 3.632540e-02
631 8.022162e-05 2.708580e-02
632 8.837158e-06 3.858654e-02
633 2.023615e-08 6.069989e-03
634 3.568483e-07 5.293857e-03
635 3.309245e-07 5.169440e-03
636 2.077473e-07 7.254914e-03
637 1.851550e-06 1.364383e-02
638 3.891164e-08 8.793949e-03
639 7.232638e-07 1.530729e-02
640 1.224818e-07 4.769004e-03
641 5.688469e-08 5.576482e-03
642 7.070631e-08 6.946185e-03
643 3.565672e-06 3.483992e-02
644 2.034974e-06 6.292326e-03
645 1.361486e-06 1.246082e-02
646 2.635618e-07 1.906969e-02
647 7.864251e-07 7.605155e-03
648 6.134893e-06 2.647069e-02
649 1.880876e-07 1.059956e-02
650 1.397478e-07 5.739145e-03
651 2.996229e-08 6.388578e-03
652 1.610041e-07 7.577156e-03
653 1.957522e-03 3.767679e-01
654 3.984515e-04 7.928831e-02
655 1.322979e-08 2.904744e-03
656 5.705387e-05 3.074151e-02
657 2.103007e-03 5.975441e-01
658 1.956682e-05 2.475717e-02
659 3.458693e-07 1.339884e-02
660 2.443994e-06 1.386672e-02
661 4.084923e-06 3.493651e-02
662 1.308994e-04 2.274518e-01
663 1.215220e-06 1.396150e-02
664 3.617545e-06 1.447904e-02
665 2.213134e-06 1.665250e-02
666 1.211992e-05 3.147113e-02
667 2.182993e-05 1.849202e-02
668 3.298035e-07 7.027128e-03
669 3.266071e-06 2.987037e-02
670 1.614928e-04 4.298000e-02
671 3.090142e-05 3.970747e-02
672 2.583016e-07 6.949409e-03
673 5.899629e-05 1.690616e-01
674 2.192232e-06 7.379481e-03
675 9.830602e-04 2.058572e-01
676 4.074674e-07 1.669015e-02
677 2.085695e-04 3.690823e-02
678 6.823691e-08 8.049440e-03
679 2.558947e-04 1.171530e-01
680 8.207861e-08 3.442810e-03
681 3.586031e-06 1.328992e-02
682 2.847247e-03 8.300308e-01
683 6.247356e-07 1.569520e-02
684 1.396343e-03 2.788884e-01
685 2.005325e-07 8.801786e-03
686 1.189727e-03 3.317977e-01
687 2.354071e-06 7.814194e-03
688 1.489306e-07 8.262188e-03
689 2.345005e-07 9.020439e-03
690 4.770207e-06 1.437704e-02
691 6.782933e-07 1.516757e-02
692 4.642614e-07 1.184675e-02
693 1.299459e-06 9.342900e-03
694 7.418255e-06 5.726756e-03
695 1.249468e-05 9.242030e-03
696 5.106933e-04 1.212642e-01
697 1.008981e-05 8.133640e-02
698 3.269945e-04 1.745151e-01
699 2.211794e-06 1.665494e-02
700 1.586002e-04 3.126796e-02
701 1.347104e-06 9.366604e-03
702 1.988275e-05 1.568278e-02
703 9.633802e-07 7.232090e-03
704 3.834701e-04 4.286518e-02
705 4.790123e-05 1.541771e-02
706 1.528032e-05 1.506670e-02
707 1.202345e-05 9.390638e-03
708 8.230714e-04 5.049788e-01
709 2.967693e-06 2.429840e-02
710 1.174625e-03 1.237753e-01
711 5.773923e-05 9.430569e-02
712 3.798393e-05 3.969068e-02
713 7.324929e-06 3.576026e-02
714 6.931778e-06 1.993096e-02
715 1.203281e-07 6.482372e-03
716 2.606232e-06 1.800812e-02
717 2.426582e-05 3.136319e-02
718 1.430886e-05 1.257930e-02
719 6.054419e-06 1.193891e-02
720 1.830137e-05 1.968189e-02
721 2.053893e-04 4.515703e-02
722 6.086729e-05 3.486581e-02
723 9.798303e-05 8.868711e-02
724 4.344886e-07 6.864846e-03
725 2.292844e-06 7.223423e-03
726 3.075311e-06 1.213426e-02
727 5.493990e-04 4.442684e-01
728 2.365327e-07 1.270814e-02
729 6.192466e-06 1.396974e-02
730 4.038061e-06 1.776768e-02
731 3.685500e-06 6.697841e-03
732 1.403691e-05 8.266650e-03
733 1.934098e-06 1.035628e-02
734 6.415441e-06 1.455506e-02
735 3.145223e-05 1.382766e-02
736 2.058160e-06 1.985362e-02
737 1.774130e-03 3.234601e-01
738 1.861557e-05 5.191362e-02
739 1.384364e-05 1.139217e-02
740 2.186940e-05 1.390099e-02
741 5.469194e-06 1.005196e-02
742 7.752788e-05 6.147670e-02
743 3.924464e-05 2.032982e-02
744 1.377759e-04 3.692490e-02
745 1.820519e-04 4.320832e-02
746 4.126214e-06 9.818514e-03
747 3.261072e-05 1.292778e-02
748 1.096342e-07 6.033866e-03
749 6.692774e-07 2.860853e-02
750 1.092663e-04 6.650418e-02
751 1.782469e-07 8.190278e-03
752 3.463842e-07 1.134821e-02
753 1.398299e-03 2.847688e-01
754 5.346891e-05 1.971474e-02
755 2.073554e-04 7.254232e-02
756 1.455201e-07 1.077929e-02
757 2.965390e-04 8.970165e-02
758 5.508322e-07 5.458965e-03
759 3.577889e-05 3.153473e-02
760 6.846376e-04 2.291610e-01
761 5.552288e-04 1.679319e-01
762 8.762282e-07 9.871700e-03
763 1.431062e-06 1.170545e-02
764 4.691443e-06 1.080034e-02
765 6.484429e-04 3.606338e-01
766 5.075546e-04 5.821343e-01
767 8.447191e-04 2.884704e-01
768 1.185687e-03 3.814795e-01
769 3.411433e-07 1.123739e-02
770 2.262469e-07 5.030709e-03
771 3.521987e-07 4.883778e-03
772 3.228249e-07 4.738415e-03
773 1.325484e-04 1.344704e-01
774 9.822132e-07 6.563297e-03
775 6.405013e-06 1.139047e-02
776 5.735195e-07 5.691149e-03
777 1.222645e-07 1.022757e-02
778 7.078684e-04 1.376109e-01
779 9.766093e-08 8.937440e-03
780 2.049864e-06 6.291253e-03
781 4.478867e-08 5.344745e-03
782 6.486489e-08 2.402036e-03
783 3.952844e-08 3.590660e-03
784 3.444553e-06 1.847024e-02
785 7.923168e-06 1.333739e-02
786 3.510588e-06 7.950287e-03
787 1.063010e-06 9.496161e-03
788 9.628483e-08 1.146503e-02
789 1.361220e-07 8.420063e-03
790 8.997070e-05 9.941038e-02
791 4.241503e-07 4.313648e-03
792 1.835438e-07 1.031096e-02
793 8.669093e-06 1.366655e-02
794 9.585307e-04 2.470897e-01
795 1.499248e-05 1.680530e-02
796 5.473167e-07 6.005086e-03
797 1.854990e-05 9.245457e-02
798 2.107362e-07 7.384157e-03
799 1.667749e-04 9.534972e-02
800 3.270070e-06 1.866439e-02
801 9.873112e-07 1.081180e-02
802 1.690182e-04 1.356671e-01
803 4.246226e-04 4.727622e-01
804 2.194359e-07 1.071018e-02
805 6.569494e-05 5.238104e-02
806 1.038219e-04 1.310026e-01
807 2.700819e-05 5.248308e-02
808 2.505084e-07 5.935265e-03
809 6.029981e-07 2.375434e-02
810 1.140345e-08 2.325894e-03
811 1.075696e-05 1.649024e-02
812 1.452252e-07 4.275766e-03
813 4.050183e-05 3.766052e-02
814 2.967062e-06 1.360928e-02
815 1.448873e-06 1.593137e-02
816 1.136304e-03 2.791446e-01
817 7.541177e-05 9.707473e-02
818 1.442907e-07 9.979251e-03
819 4.296516e-06 1.291955e-02
820 3.963274e-06 3.717631e-02
821 1.290794e-05 4.133489e-02
822 4.702941e-06 3.359763e-02
823 5.283522e-05 1.174595e-01
824 3.731921e-03 6.681212e-01
825 2.987301e-03 5.965900e-01
826 4.327924e-04 3.445826e-01
827 1.307795e-03 1.403204e-01
828 1.426458e-03 7.099608e-01
829 3.491132e-03 6.337332e-01
830 1.455760e-05 1.152233e-02
831 2.423001e-07 4.714025e-03
832 3.224019e-07 5.157401e-03
833 1.503890e-06 1.094386e-02
834 4.637643e-06 6.543142e-03
835 1.651677e-06 6.762553e-03
836 1.836193e-06 4.872076e-03
837 1.956949e-06 9.360229e-03
838 1.217411e-05 7.690025e-03
839 3.129788e-07 4.990352e-03
840 4.440358e-06 1.843433e-02
841 1.018020e-06 7.167128e-03
842 6.789109e-07 8.560758e-03
843 4.317461e-07 9.798593e-03
844 2.739108e-06 1.960761e-02
845 5.127383e-05 3.850549e-02
846 7.829242e-05 6.369372e-02
847 3.699472e-06 8.036696e-03
848 2.433082e-06 1.357063e-02
849 1.505054e-04 5.452928e-02
850 1.018105e-06 6.153024e-03
851 2.220362e-05 6.615840e-02
852 1.231686e-07 6.359808e-03
853 3.371535e-05 1.615941e-02
854 4.113843e-07 5.851004e-03
855 1.534316e-05 1.693127e-02
856 8.128357e-09 1.482276e-03
857 1.427139e-08 1.302249e-03
858 3.090636e-08 2.048977e-03
859 6.856203e-09 1.498991e-03
860 2.880842e-05 1.231370e-01
861 3.047120e-07 6.847344e-03
862 9.245200e-08 1.590165e-03
863 2.379550e-08 1.539145e-03
864 9.693468e-09 1.393678e-03
865 3.766094e-08 1.573275e-03
866 4.052486e-08 2.065743e-03
867 2.790593e-07 1.715934e-03
868 2.679473e-09 1.362901e-03
869 7.566290e-09 1.626928e-03
870 2.472652e-08 1.532138e-03
871 3.360525e-09 1.393922e-03
872 3.593181e-08 1.879778e-03
873 3.422186e-08 1.417394e-03
874 3.060313e-08 1.403799e-03
875 1.648201e-03 1.998598e-01
876 2.576787e-09 1.443929e-03
877 3.872997e-08 1.455818e-03
878 2.823489e-08 1.900230e-03
879 1.278825e-08 1.352375e-03
880 1.956539e-08 1.371039e-03
881 2.354910e-09 1.397892e-03
882 6.182126e-08 1.820249e-03
883 5.287044e-08 1.759375e-03
884 1.168879e-07 1.474970e-03
885 2.871542e-08 1.566877e-03
886 1.723349e-06 6.562632e-03
887 1.180103e-05 8.911982e-03
888 1.165457e-06 1.151766e-02
889 4.733400e-04 8.410652e-02
890 1.528935e-06 1.984139e-02
891 1.056721e-04 8.890509e-02
892 8.541445e-04 1.280611e-01
893 2.053227e-06 5.616612e-03
894 2.630622e-06 3.670627e-03
895 6.971240e-06 8.319417e-03
896 6.870192e-06 1.478727e-02
897 2.273555e-03 6.804777e-01
898 6.971396e-06 1.889508e-02
899 1.144026e-04 7.593795e-02
900 1.561377e-05 8.490257e-03
901 5.484935e-05 7.232460e-03
902 7.347718e-06 8.983061e-03
903 7.457122e-07 6.124057e-03
904 2.651054e-04 1.077144e-01
905 7.576838e-06 1.997494e-02
906 5.292331e-05 4.873572e-02
907 4.316363e-03 8.553727e-01
908 1.070396e-07 2.758961e-03
909 2.435823e-06 3.127007e-03
910 7.800895e-08 1.576145e-03
911 3.776967e-05 6.598584e-03
912 1.342949e-06 5.034525e-03
913 9.719179e-08 1.720771e-03
914 3.260253e-07 4.904168e-03
915 6.145162e-06 3.557756e-03
916 1.180178e-03 1.163939e-01
917 2.218119e-07 2.126151e-03
918 9.013240e-08 1.781257e-03
919 3.590058e-08 1.393340e-03
920 8.014413e-07 2.515402e-03
921 5.183772e-09 1.059843e-03
922 2.171421e-07 1.425570e-03
923 3.085427e-04 6.511709e-02
924 6.001412e-06 1.715668e-02
925 2.430014e-07 1.063967e-03
926 4.510378e-06 1.445966e-02
927 9.107760e-08 1.323698e-03
928 4.795285e-06 4.009896e-03
929 1.935806e-05 1.012003e-02
930 5.742590e-07 3.644458e-03
931 1.916707e-06 3.778720e-03
932 7.196834e-09 1.484474e-03
933 2.581218e-07 1.820685e-03
934 1.407196e-05 1.154715e-02
935 6.216798e-07 1.852533e-03
936 5.269778e-08 1.193899e-03
937 1.175396e-06 2.919875e-03
938 2.535872e-07 1.789347e-03
939 4.060666e-06 3.448825e-03
940 8.618480e-06 6.352134e-03
941 1.571517e-06 5.540860e-03
942 1.589849e-07 1.623964e-03
943 2.202333e-06 2.159826e-03
944 9.916969e-05 5.687867e-03
945 1.447091e-07 2.262450e-03
946 1.394859e-05 6.151638e-03
947 2.372333e-06 3.140466e-02
948 4.465896e-07 6.916313e-03
949 6.111008e-07 1.054915e-02
950 6.838992e-08 7.911705e-03
951 2.713715e-07 1.591617e-02
952 2.820197e-05 1.659634e-02
953 8.530254e-08 8.943222e-03
954 2.921164e-08 3.084404e-03
955 7.065970e-06 3.664778e-02
956 4.204599e-09 3.053589e-03
957 3.657080e-08 8.408813e-03
958 7.067309e-08 6.807461e-03
959 3.313909e-05 4.823767e-02
960 3.280925e-07 1.908523e-02
961 3.761694e-07 9.774349e-03
962 8.981532e-07 1.265931e-02
963 1.434652e-08 3.842000e-03
964 1.121569e-05 4.045846e-02
965 4.425030e-08 5.409520e-03
966 4.644577e-05 1.074929e-01
967 1.415097e-05 5.634693e-02
968 3.346760e-07 4.732047e-03
969 2.775701e-07 8.085280e-03
970 4.600011e-07 1.672964e-02
971 4.274657e-07 3.095687e-03
972 1.584357e-06 7.475066e-03
973 1.128734e-07 9.416666e-03
974 3.708448e-08 3.277533e-03
975 1.955694e-06 6.904674e-03
976 1.990388e-03 1.906843e-01
977 1.064688e-05 6.835233e-03
978 6.686682e-05 1.516722e-02
979 7.173795e-07 2.815517e-03
980 5.875718e-08 1.231794e-03
981 3.324125e-07 4.088628e-03
982 5.255316e-06 7.904156e-03
983 2.436404e-06 3.722147e-03
984 2.173204e-05 9.406808e-03
985 5.333845e-06 3.939825e-03
986 9.412317e-06 3.970859e-03
987 1.457477e-07 1.269027e-03
988 7.964024e-07 2.494122e-03
989 3.658748e-05 8.431054e-03
990 1.651376e-06 3.740387e-03
991 1.028325e-05 6.881228e-03
992 1.350310e-06 2.307718e-03
993 5.777217e-07 2.434495e-03
994 1.974870e-07 2.146566e-03
995 1.086277e-05 3.493313e-03
996 2.080320e-06 3.156098e-03
997 6.062010e-04 7.615600e-02
998 1.300833e-05 5.804741e-03
999 1.114054e-05 4.456457e-03
1000 1.038210e-06 1.876004e-03
1001 1.260254e-07 1.572270e-03
1002 1.176031e-05 5.591977e-03
1003 9.598528e-08 1.777629e-03
1004 1.160378e-05 4.969923e-03
1005 2.993614e-07 2.909149e-03
1006 3.348695e-05 1.126683e-02
1007 1.298013e-07 2.923146e-03
1008 2.897461e-05 6.743148e-03
1009 7.906978e-08 4.056678e-03
1010 9.564519e-08 2.853233e-03
1011 3.769460e-07 3.686816e-03
1012 2.424924e-06 3.652497e-03
1013 3.783751e-08 2.066226e-03
1014 1.774442e-07 3.425006e-03
1015 1.455088e-08 2.130586e-03
1016 1.122817e-05 2.854060e-03
1017 1.682688e-06 1.761842e-03
1018 7.423803e-07 2.877770e-03
1019 9.432144e-08 4.398309e-03
1020 5.074302e-08 1.747644e-03
1021 2.263539e-05 6.556947e-03
1022 6.714118e-08 1.164921e-03
1023 2.120614e-06 2.014651e-03
1024 8.728242e-08 1.397803e-03
1025 1.336156e-06 2.351834e-03
1026 7.839853e-04 7.601616e-01
1027 1.341009e-04 1.031505e-01
1028 9.172942e-05 7.122272e-02
1029 7.834537e-05 9.288368e-02
1030 2.862177e-04 2.937382e-01
1031 1.620497e-03 4.433936e-01
1032 1.266104e-06 7.772671e-03
1033 8.505597e-06 1.834889e-02
1034 1.018007e-04 2.278131e-01
1035 1.140488e-06 4.399740e-03
1036 1.344317e-06 9.609136e-03
1037 2.423002e-05 2.776275e-02
1038 8.921331e-07 3.018012e-03
1039 5.353703e-06 1.563041e-02
1040 2.652133e-06 9.124485e-03
1041 4.880403e-06 2.551085e-02
1042 3.550900e-07 1.081809e-02
1043 1.310865e-05 1.584501e-02
1044 9.721910e-08 1.705289e-02
1045 7.148739e-07 7.542845e-03
1046 1.965898e-04 5.336022e-02
1047 5.205858e-04 1.422593e-01
1048 7.150862e-04 5.562547e-02
1049 3.033630e-06 8.795588e-03
1050 2.307971e-03 3.979097e-01
1051 1.248335e-03 2.261917e-01
1052 5.140901e-09 1.227062e-03
1053 1.081781e-08 1.821132e-03
1054 3.783844e-04 6.026795e-02
1055 3.041843e-10 1.556020e-03
1056 3.388036e-09 4.672944e-03
1057 2.653954e-08 2.138725e-03
1058 5.128697e-08 2.024045e-03
1059 1.773217e-10 1.031693e-03
1060 7.165283e-11 9.550842e-04
1061 2.352304e-06 2.947398e-03
1062 1.685054e-09 1.812559e-03
1063 7.782147e-08 3.804973e-03
1064 7.392188e-04 1.324972e-01
1065 5.348049e-06 1.608054e-02
1066 9.671404e-10 1.577841e-03
1067 4.307196e-10 1.439740e-03
1068 8.376797e-11 1.465208e-03
1069 3.371239e-10 1.614054e-03
1070 1.274171e-07 1.408011e-02
1071 5.174195e-07 5.291069e-03
1072 9.672035e-07 3.287463e-03
1073 1.620390e-06 1.929399e-02
1074 3.614947e-09 1.055146e-03
1075 5.540868e-06 2.589470e-02
1076 3.340646e-06 5.945184e-03
1077 8.198577e-06 1.600075e-02
1078 1.098908e-09 1.632423e-03
1079 2.031436e-07 5.812499e-03
1080 1.103106e-07 1.577789e-03
1081 1.532974e-10 1.460184e-03
1082 1.889932e-09 1.485669e-03
1083 3.419093e-08 1.828484e-03
1084 8.492130e-10 1.228462e-03
1085 4.413566e-08 4.318773e-03
1086 1.242883e-09 1.239940e-03
1087 1.139663e-09 1.369583e-03
1088 8.363688e-10 4.681255e-03
1089 2.008006e-09 1.234532e-03
1090 4.669416e-10 1.195606e-03
1091 1.993186e-09 1.229110e-03
1092 5.835427e-04 5.535682e-01
1093 1.008582e-07 1.876575e-02
1094 8.097898e-08 1.384152e-02
1095 1.106425e-08 1.692675e-03
1096 2.990755e-10 1.481489e-03
1097 8.731826e-09 4.826063e-03
1098 1.299970e-06 7.822226e-03
1099 1.127031e-07 3.257459e-03
1100 4.559906e-08 2.806535e-03
1101 4.092776e-06 4.944030e-03
1102 2.506162e-08 3.180703e-03
1103 7.047332e-08 2.752639e-03
1104 2.432998e-05 6.830038e-02
1105 3.765659e-09 1.529985e-03
1106 4.937038e-10 2.235573e-03
1107 7.281943e-10 3.128478e-03
1108 1.249203e-08 1.737150e-03
1109 1.999546e-09 2.022579e-03
1110 9.536600e-08 4.731468e-03
1111 1.919565e-09 3.955385e-03
1112 7.788802e-06 3.960607e-02
1113 1.753462e-06 1.735549e-02
1114 2.045803e-08 2.056448e-03
1115 1.721684e-05 3.452110e-02
1116 1.490214e-10 1.479008e-03
1117 1.913211e-08 1.610682e-03
1118 7.143445e-07 6.647322e-03
1119 1.935389e-06 2.367241e-02
1120 4.315233e-07 4.041265e-03
1121 9.309918e-07 6.835371e-03
1122 1.258709e-06 4.086125e-03
1123 2.820848e-07 2.480640e-03
1124 7.195580e-07 3.779267e-03
1125 2.038095e-06 4.687340e-03
1126 2.404074e-06 5.091199e-03
1127 4.247276e-07 3.872258e-03
1128 1.496742e-06 4.568847e-03
1129 9.788628e-07 3.287554e-03
1130 7.724006e-06 5.005212e-03
1131 1.663774e-04 6.066740e-02
1132 3.267572e-04 2.107119e-01
1133 1.322020e-05 4.389255e-02
1134 6.019746e-07 9.158444e-03
1135 9.794485e-07 2.414124e-03
1136 1.801027e-06 4.794860e-03
1137 1.105457e-06 5.488181e-03
1138 3.046629e-05 1.391463e-02
1139 1.036957e-07 5.254019e-03
1140 4.584030e-04 2.518931e-01
1141 3.628514e-05 3.641846e-02
1142 3.053326e-06 9.309982e-03
1143 5.323149e-07 6.772681e-03
1144 4.370006e-06 3.726214e-02
1145 1.278292e-07 9.204727e-03
1146 1.960349e-04 8.353348e-02
1147 9.690261e-06 4.381146e-02
1148 5.870297e-05 2.181808e-02
1149 1.517810e-05 1.206397e-02
1150 7.027179e-06 1.155683e-02
1151 6.914083e-05 2.187566e-02
1152 3.997125e-06 6.316788e-03
1153 6.629834e-07 4.796430e-03
1154 4.201288e-05 1.147649e-02
1155 5.726846e-05 2.598865e-02
1156 9.204868e-05 3.931850e-02
1157 3.520162e-04 6.483724e-02
1158 3.619676e-06 1.510179e-02
1159 5.426103e-04 1.813877e-01
1160 1.595873e-05 1.137053e-02
1161 2.814473e-06 7.499691e-03
1162 1.069555e-04 4.785798e-02
1163 8.889978e-04 2.526507e-01
1164 6.736829e-05 2.538699e-02
1165 1.247257e-04 2.052853e-02
1166 1.414548e-04 4.838901e-02
1167 9.265783e-05 3.680323e-02
1168 1.443934e-04 2.770794e-02
1169 1.937154e-04 4.569982e-02
1170 9.231470e-05 3.693623e-02
1171 1.280769e-05 8.785050e-03
1172 1.137125e-05 2.586718e-02
1173 7.166722e-04 2.609953e-01
1174 5.014609e-04 2.081847e-01
1175 1.578684e-05 3.874429e-02
1176 6.632776e-03 1.930501e+00
1177 4.000512e-07 3.104034e-03
1178 9.474368e-05 3.165528e-02
1179 1.171339e-05 2.383201e-02
1180 1.507097e-04 1.015606e-01
1181 4.139728e-05 2.257420e-02
1182 1.895228e-04 6.445848e-02
1183 8.042897e-05 2.963688e-02
1184 1.631614e-03 1.427871e-01
1185 5.673932e-04 1.901201e-01
1186 6.028903e-05 2.889922e-02
1187 2.246761e-06 9.389729e-03
1188 4.850964e-06 1.038514e-02
1189 8.922030e-05 4.155133e-02
1190 3.380243e-04 2.560655e-01
1191 4.332860e-05 3.587817e-02
1192 1.528954e-04 1.001473e-01
1193 8.065299e-05 4.228305e-02
1194 1.773370e-04 1.936274e-01
1195 1.337691e-04 6.322898e-02
1196 5.872752e-04 1.721304e-01
1197 1.815565e-04 6.525649e-02
1198 1.788927e-05 2.850427e-02
1199 1.340045e-04 6.341361e-02
1200 2.693284e-04 1.831180e-01
1201 1.400910e-05 2.770655e-02
1202 5.400732e-06 1.629523e-02
1203 8.377057e-05 4.357961e-02
1204 1.687596e-04 8.022789e-02
1205 3.443100e-08 4.860892e-03
1206 4.754052e-06 1.814011e-02
1207 7.199037e-08 3.643524e-03
1208 2.408551e-04 1.046499e-01
1209 1.400506e-06 8.935961e-03
1210 5.091609e-08 8.344520e-03
1211 8.405371e-08 3.594578e-03
1212 1.730528e-05 5.446052e-03
1213 7.584331e-07 7.487111e-03
1214 5.049328e-06 9.063771e-03
1215 6.300165e-07 3.468971e-02
1216 2.169701e-09 4.242170e-03
1217 2.855611e-04 2.630296e-01
1218 1.417966e-06 6.728996e-03
1219 8.442928e-08 1.282712e-03
1220 1.458739e-07 3.399697e-03
1221 3.886374e-06 8.398954e-03
1222 1.737792e-03 3.038953e-01
1223 3.603110e-07 2.063927e-03
1224 1.153745e-06 2.215968e-03
1225 2.455435e-04 6.473903e-02
1226 9.041316e-09 2.309794e-03
1227 3.306384e-03 4.165888e-01
1228 1.539470e-05 1.067683e-02
1229 1.507329e-08 1.268741e-03
1230 1.936304e-06 2.644164e-03
1231 1.245054e-06 1.808506e-03
1232 3.608349e-08 2.021883e-03
1233 1.798462e-07 2.247641e-03
1234 3.235191e-05 5.012074e-03
1235 1.708502e-07 2.554482e-03
1236 1.460127e-06 2.941656e-03
1237 1.690552e-05 3.883681e-03
1238 1.351398e-05 4.223136e-03
1239 4.134022e-07 2.323549e-03
1240 1.598302e-03 8.282459e-01
1241 1.377927e-05 5.769254e-03
1242 2.278721e-05 4.438235e-03
1243 1.798681e-06 4.213524e-03
1244 4.675507e-06 4.053675e-03
1245 2.179021e-06 2.879400e-03
1246 3.219933e-06 2.839803e-03
1247 1.317724e-04 2.211720e-02
1248 1.697407e-05 4.606022e-02
1249 1.326880e-06 1.098311e-02
1250 5.474628e-05 2.406505e-02
1251 1.019349e-05 1.921353e-02
1252 4.015860e-06 1.710864e-02
1253 1.578394e-06 1.510604e-02
1254 3.988127e-06 8.362067e-03
1255 1.109275e-03 3.889272e-01
1256 1.447171e-05 8.905111e-03
1257 3.646988e-03 1.095853e+00
1258 2.693210e-04 8.676213e-02
1259 4.905187e-04 2.435949e-01
1260 2.448863e-04 3.270960e-02
1261 1.359952e-08 1.847351e-03
1262 2.400164e-03 2.615823e-01
1263 1.397668e-06 5.483526e-03
1264 4.619981e-04 8.215220e-02
1265 4.740794e-06 3.296368e-03
1266 1.770381e-07 6.918735e-03
1267 2.540347e-08 1.942113e-03
1268 9.686975e-06 7.153045e-03
1269 8.732543e-05 6.508245e-02
1270 1.944649e-04 7.941470e-02
1271 4.391424e-06 1.105708e-02
1272 1.139075e-06 3.303755e-03
1273 2.734479e-06 6.665989e-03
1274 2.026863e-05 2.151954e-02
1275 2.850475e-04 8.777356e-02
1276 4.527734e-04 1.116186e-01
1277 1.496618e-05 1.233003e-01
1278 4.132692e-04 1.979684e-01
1279 2.696505e-06 5.907585e-03
1280 1.674980e-07 7.383340e-03
1281 1.675694e-07 8.538609e-03
1282 1.596891e-06 1.546662e-02
1283 3.052129e-06 1.301526e-02
1284 4.066641e-04 2.602679e-01
1285 3.455175e-05 3.449571e-02
1286 3.527295e-04 1.303706e-01
1287 1.248116e-07 7.189354e-03
1288 2.492609e-05 1.222449e-01
1289 7.847666e-05 1.419773e-01
1290 9.431954e-09 1.825109e-03
1291 3.727022e-05 8.085804e-02
1292 5.259845e-06 1.583054e-02
1293 6.799013e-05 2.073008e-01
1294 2.477371e-07 2.431711e-03
1295 1.136098e-05 1.778492e-02
1296 4.378667e-05 2.046008e-02
1297 6.582091e-04 4.096163e-01
1298 1.918997e-04 1.906827e-01
1299 4.839057e-05 2.100660e-02
1300 1.611730e-03 4.202291e-01
1301 6.474586e-06 4.633420e-03
1302 8.821965e-07 3.762173e-03
1303 1.376289e-04 3.420481e-02
1304 1.372955e-04 5.079012e-02
1305 7.669008e-04 1.143166e-01
1306 5.144723e-04 4.187729e-02
1307 1.953257e-03 2.113315e-01
1308 3.225103e-06 1.033668e-02
1309 2.163750e-03 3.051870e-01
1310 1.686731e-03 4.061210e-01
1311 5.471126e-04 1.725608e-01
1312 2.148829e-03 1.032430e+00
1313 1.784432e-06 4.927715e-03
1314 1.258661e-04 4.576573e-02
1315 5.630183e-07 6.020107e-03
1316 8.482723e-09 4.991415e-03
1317 1.524041e-08 3.431825e-03
1318 3.227477e-07 2.003969e-03
1319 3.080795e-08 2.520745e-03
1320 5.428374e-07 4.473177e-03
1321 1.045605e-07 4.117468e-03
1322 5.866891e-09 1.540393e-03
1323 1.455390e-06 1.493942e-02
1324 5.455645e-06 3.204286e-03
1325 7.827194e-07 6.773123e-03
1326 4.555778e-06 8.223784e-03
1327 1.384652e-06 1.019308e-02
1328 4.320123e-06 7.290127e-03
1329 4.009963e-10 2.764872e-03
1330 2.056179e-06 9.789873e-03
1331 2.111512e-04 1.592582e-01
1332 2.532419e-04 2.294482e-01
1333 1.039900e-05 3.278098e-02
1334 3.772920e-07 2.100706e-02
1335 2.205185e-04 2.755526e-02
1336 1.440717e-05 1.024876e-02
1337 2.442975e-05 5.789468e-03
1338 9.508386e-05 3.086480e-02
1339 1.840511e-05 2.892633e-02
1340 3.343877e-06 1.020519e-02
1341 1.921938e-05 8.241165e-03
1342 6.106376e-08 1.657419e-03
1343 3.270893e-03 5.022687e-01
1344 1.038657e-07 5.161384e-03
1345 3.806642e-03 3.564305e-01
1346 7.043850e-04 7.563737e-02
1347 1.520252e-04 9.013371e-02
1348 1.116753e-04 2.736440e-02
1349 1.031535e-06 1.326137e-02
1350 1.522370e-03 6.827786e-01
1351 1.499052e-03 3.203489e-01
1352 9.175452e-04 3.908304e-01
1353 6.381435e-09 3.320779e-03
1354 2.235734e-07 3.133502e-03
1355 1.159260e-04 3.928775e-02
1356 1.238997e-06 4.576280e-03
1357 3.924910e-07 5.427360e-03
1358 1.094845e-03 3.582290e-01
1359 1.965811e-06 2.567161e-02
1360 1.285252e-05 5.341431e-03
1361 1.835776e-05 1.384690e-02
1362 3.208163e-06 3.732848e-03
1363 3.854963e-09 1.349126e-03
1364 7.259616e-08 1.291092e-03
1365 2.607985e-08 1.907579e-03
1366 4.759536e-07 7.130064e-03
1367 3.426552e-05 3.732934e-02
1368 5.730993e-07 3.335428e-03
1369 4.130007e-08 2.315275e-03
1370 2.370589e-08 1.155829e-03
1371 5.826596e-06 2.733421e-03
1372 2.549596e-07 1.244979e-03
1373 9.730839e-08 2.049886e-03
1374 2.434665e-06 9.088564e-03
1375 7.797384e-04 2.083562e-01
1376 4.030403e-05 2.839560e-02
1377 4.717746e-04 6.431680e-02
1378 6.059798e-07 1.157331e-02
1379 2.587453e-04 1.040293e-01
1380 9.578625e-05 6.282343e-02
1381 1.079829e-06 2.252173e-02
1382 2.074947e-07 2.282093e-03
1383 4.596515e-06 7.611005e-03
1384 9.452296e-04 4.311038e-01
1385 2.954146e-05 4.153846e-02
1386 1.960967e-04 1.655827e-01
1387 2.651541e-03 5.676051e-01
1388 1.990334e-03 4.635860e-01
1389 7.601174e-06 7.861641e-03
1390 7.140070e-04 1.953443e-01
1391 2.043716e-05 1.825351e-02
1392 1.563895e-06 1.607420e-02
1393 1.256270e-06 3.066188e-03
1394 6.870716e-07 1.086954e-02
1395 2.110785e-05 4.257434e-02
1396 2.246620e-06 5.206440e-03
1397 7.098537e-07 4.602335e-03
1398 9.110620e-04 4.594282e-01
1399 2.805139e-05 1.831505e-02
1400 4.474801e-06 8.616967e-03
1401 1.438354e-04 5.792082e-02
1402 7.458045e-07 4.015975e-03
1403 2.112139e-05 4.600099e-03
1404 7.606682e-05 4.029885e-02
1405 8.495069e-08 2.190240e-03
1406 6.465043e-05 1.826951e-02
1407 2.264276e-07 2.699436e-03
1408 1.263973e-08 2.397820e-03
1409 2.118600e-04 4.573620e-02
1410 6.453052e-04 1.597593e-01
1411 9.563694e-06 1.585190e-01
1412 8.218400e-04 2.767242e-01
1413 1.139344e-06 2.464382e-03
1414 4.235708e-03 6.254427e-01
1415 2.790111e-07 3.231236e-03
1416 2.891141e-05 5.222254e-03
1417 1.143793e-04 9.343711e-03
1418 4.603066e-06 3.889907e-03
1419 6.093719e-04 1.024071e-01
1420 1.036405e-03 3.518515e-01
1421 3.786917e-04 1.488491e-01
1422 2.425761e-04 7.427086e-02
1423 2.853223e-03 4.045541e-01
1424 3.700629e-07 9.888313e-03
1425 1.024865e-03 8.288622e-01
1426 1.059722e-03 4.354242e-01
1427 2.225296e-05 4.266139e-02
1428 1.911415e-04 1.488450e-02
1429 1.283187e-05 1.119279e-02
1430 3.337310e-05 4.420890e-02
1431 3.878465e-05 4.125931e-02
1432 1.104599e-03 7.155204e-02
1433 1.453830e-07 7.796424e-03
1434 4.611936e-07 3.259057e-02
1435 9.515883e-05 6.223240e-02
1436 1.638007e-03 3.944178e-01
1437 4.406089e-07 4.751988e-03
1438 1.159617e-05 8.951714e-03
1439 2.859439e-03 9.493984e-01
1440 3.371687e-04 6.662861e-02
1441 2.412818e-03 4.485883e-01
1442 2.165519e-09 2.166446e-03
1443 3.927249e-06 5.627661e-02
1444 9.235796e-07 3.603306e-02
1445 9.421719e-06 4.701033e-02
1446 9.109927e-07 6.417589e-03
1447 2.959402e-04 3.086631e-02
1448 1.332398e-06 9.859867e-03
1449 4.486290e-04 1.167723e-01
1450 1.338871e-04 1.248016e-01
1451 9.382293e-08 1.809657e-03
1452 7.634542e-07 1.408718e-02
1453 1.517551e-06 2.007728e-03
1454 1.438428e-07 1.287268e-02
1455 1.069352e-08 4.418391e-03
1456 2.530902e-05 9.004403e-03
1457 3.976978e-08 5.410652e-03
1458 4.256156e-08 2.874433e-03
1459 3.897823e-05 8.087980e-03
1460 1.817624e-07 4.505813e-03
1461 5.772301e-08 7.680340e-03
1462 2.222082e-07 8.559755e-03
1463 1.985715e-05 3.423763e-02
1464 2.110782e-03 7.539158e-01
1465 7.093439e-04 3.859360e-01
1466 6.508938e-04 3.763912e-01
1467 1.664749e-04 4.133278e-02
1468 2.394199e-03 7.344524e-01
1469 2.431747e-03 4.329229e-01
1470 1.742772e-04 3.417553e-02
1471 1.192996e-04 1.842792e-02
1472 1.822436e-04 1.183741e-01
1473 2.746525e-08 2.958318e-03
1474 4.260926e-08 1.252629e-02
1475 8.222718e-08 4.533992e-03
1476 2.075716e-05 8.113281e-03
1477 1.388457e-03 2.786420e-01
1478 7.226484e-06 2.833500e-02
1479 3.832435e-04 1.182782e-01
1480 2.418742e-04 1.428542e-01
1481 9.484303e-06 3.421442e-02
1482 3.191038e-05 6.430604e-02
1483 2.107859e-05 1.159263e-02
1484 8.239635e-06 7.461082e-03
1485 4.360301e-05 7.814611e-03
1486 2.843065e-03 2.803317e-01
1487 1.044663e-05 1.444397e-02
1488 1.853377e-04 4.046135e-02
1489 2.169009e-04 9.900129e-03
1490 4.121477e-05 6.869907e-03
1491 1.805719e-03 2.009223e-01
1492 5.410180e-05 2.184188e-02
1493 1.135594e-06 5.369649e-03
1494 2.540104e-05 2.183355e-02
1495 4.787111e-04 3.383930e-01
1496 4.555546e-05 9.834362e-03
1497 9.175135e-05 1.105169e-01
1498 1.264416e-03 6.633187e-01
1499 3.731850e-04 5.709111e-02
1500 1.848317e-06 1.027109e-02
1501 1.051130e-03 1.401550e-01
1502 3.728490e-04 1.465754e-01
1503 1.477451e-04 3.565317e-02
1504 3.701431e-03 5.645955e-01
1505 1.647171e-05 7.086682e-02
1506 8.138385e-07 1.697263e-03
1507 2.232628e-03 1.973800e-01
1508 8.414084e-04 8.650918e-01
1509 3.605491e-06 4.327708e-03
1510 4.732637e-07 3.744083e-03
1511 1.162928e-03 2.141358e-01
1512 1.350978e-07 1.061601e-03
1513 4.334265e-07 1.731634e-02
1514 4.505565e-08 5.215505e-03
1515 7.086302e-06 1.003708e-02
1516 2.057990e-04 1.077359e-01
1517 4.658174e-06 1.723651e-02
1518 2.383496e-05 8.529186e-02
1519 2.253357e-09 1.807228e-03
1520 1.302848e-04 7.111261e-02
1521 6.046894e-08 2.450219e-03
1522 1.022521e-07 4.722574e-03
1523 2.281846e-05 7.218883e-03
1524 5.045761e-04 3.476726e-01
1525 6.946960e-05 5.269759e-02
1526 8.456700e-06 2.380035e-02
1527 9.469938e-04 8.211249e-02
1528 2.427515e-05 8.912368e-03
1529 1.361846e-04 2.580797e-02
1530 2.815708e-06 7.247029e-03
1531 3.897968e-04 1.081296e-01
1532 1.284447e-05 2.042309e-02
1533 6.851566e-05 1.124070e-01
1534 3.507915e-03 4.058493e-01
1535 1.381417e-03 5.098256e-01
1536 1.314638e-04 3.165639e-01
1537 3.715414e-07 8.409678e-03
1538 1.082549e-04 3.861047e-01
1539 2.994933e-05 2.644302e-02
1540 5.248964e-07 4.667129e-02
1541 4.008907e-04 2.410257e-01
1542 3.808384e-03 1.236267e+00
1543 1.334371e-07 5.583197e-03
1544 1.354268e-06 1.678495e-02
1545 5.452551e-09 3.642623e-03
1546 2.907260e-04 1.548021e-01
1547 2.147938e-05 3.739036e-02
1548 1.088462e-07 3.961056e-02
1549 6.192295e-09 2.624430e-03
1550 3.735581e-04 3.697615e-02
1551 2.308546e-06 1.646498e-02
1552 7.980640e-08 1.273639e-03
1553 1.025336e-07 3.197205e-03
1554 1.107599e-03 4.200099e-01
1555 2.529652e-03 2.885378e-01
1556 1.218435e-05 4.102875e-02
1557 5.368194e-04 2.299310e-01
1558 3.132973e-04 3.258074e-01
1559 1.562422e-03 3.452714e-01
1560 8.121838e-06 5.575936e-03
1561 2.740139e-04 6.373178e-02
1562 2.797796e-06 1.405493e-02
1563 4.808901e-03 1.110066e-01
1564 1.134573e-06 8.037320e-03
1565 1.012843e-04 7.944201e-02
1566 6.112966e-05 3.359885e-02
1567 3.966407e-06 7.753448e-03
1568 2.111167e-04 2.448142e-02
1569 1.672119e-04 4.376259e-02
1570 4.246075e-04 7.499435e-02
1571 1.294252e-04 6.448255e-02
1572 9.028173e-09 1.950855e-03
1573 7.134765e-04 1.911887e-01
1574 3.680389e-07 5.618067e-03
1575 3.503937e-06 2.298675e-02
1576 1.250277e-05 1.617842e-02
1577 1.980940e-04 3.394265e-01
1578 4.428279e-07 6.662718e-03
1579 1.893865e-04 2.778892e-02
1580 8.412000e-09 2.504202e-03
1581 5.860257e-06 5.723141e-03
1582 6.179362e-06 7.202331e-03
1583 7.327422e-04 1.184073e-01
1584 3.097593e-05 9.002548e-03
1585 2.664477e-03 5.063172e-01
1586 3.294465e-03 4.751807e-01
1587 2.553076e-04 1.499456e-01
1588 1.639275e-03 2.149336e-01
1589 5.558754e-04 2.105318e-01
1590 6.573433e-04 3.157442e-01
1591 6.054644e-05 6.081352e-02
1592 5.974291e-05 3.643359e-02
1593 1.977750e-04 1.345659e-01
1594 1.018346e-04 4.906533e-02
1595 5.408308e-04 2.958137e-02
1596 1.195099e-04 3.110277e-02
1597 1.461306e-04 3.581093e-02
1598 2.763169e-04 1.327817e-01
1599 6.759106e-06 4.047956e-03
1600 8.221169e-04 1.605522e-01
1601 3.327726e-06 1.550757e-03
1602 4.091704e-03 6.512414e-01
1603 2.936151e-07 2.583930e-03
1604 1.791092e-08 2.525783e-03
1605 7.865784e-04 1.070848e-01
1606 2.227849e-09 2.940762e-03
1607 6.727064e-09 1.978038e-03
1608 1.750478e-06 2.077611e-03
1609 7.048749e-04 8.288478e-02
1610 4.275585e-04 1.059388e-01
1611 1.137721e-10 1.884620e-03
1612 2.167841e-08 2.242196e-03
1613 2.043215e-05 4.044772e-03
1614 3.808528e-06 5.400239e-03
1615 1.120949e-03 2.354193e-01
1616 7.464208e-04 1.406936e-01
1617 2.934867e-04 1.783660e-01
1618 2.281795e-04 6.896984e-02
1619 6.665328e-04 6.315767e-01
1620 3.028886e-06 1.112878e-02
1621 2.105824e-04 1.386736e-01
1622 6.099037e-07 5.893692e-03
1623 2.075430e-05 5.296303e-02
1624 1.871294e-07 5.290896e-03
1625 1.409733e-08 1.697370e-03
1626 1.162618e-07 9.851421e-03
1627 1.787528e-06 6.867137e-03
1628 2.992577e-09 1.990201e-03
1629 2.964324e-04 7.940948e-02
1630 5.846227e-09 1.722670e-03
1631 3.355511e-06 1.208748e-02
1632 1.825215e-07 1.016447e-02
1633 1.275742e-04 4.736148e-02
1634 1.207498e-03 6.704257e-01
1635 3.203589e-03 4.044521e-01
1636 1.299041e-03 1.158865e+00
1637 2.614973e-04 1.466598e-01
1638 7.037159e-04 5.793149e-02
1639 4.011689e-03 8.863986e-01
1640 1.142237e-03 1.471482e-01
1641 6.903730e-04 3.408809e-01
1642 7.892855e-04 8.388785e-02
1643 9.140834e-05 5.540019e-02
1644 5.126496e-04 1.364282e-01
1645 4.471001e-08 1.657429e-03
1646 9.603712e-04 5.004974e-02
1647 5.404286e-04 3.235724e-01
1648 3.047167e-06 6.503407e-03
1649 7.032552e-05 3.110879e-02
1650 5.208753e-04 3.817400e-01
1651 6.689000e-05 3.947319e-03
1652 2.125040e-03 7.095948e-01
1653 3.137565e-03 6.846775e-01
1654 4.922430e-07 2.824937e-03
1655 6.722633e-06 8.495594e-03
1656 6.322033e-09 3.791051e-03
1657 4.515342e-08 1.273539e-03
1658 6.673141e-07 3.451319e-03
1659 2.330940e-06 1.095723e-02
1660 1.365310e-09 2.013538e-03
1661 6.085199e-04 1.231496e-01
1662 3.869125e-08 8.358354e-03
1663 8.272686e-05 7.028758e-02
1664 2.290538e-08 7.017334e-03
1665 9.702287e-04 7.075112e-02
1666 7.414390e-05 1.015514e-01
1667 6.028301e-05 6.489303e-02
1668 3.170232e-06 3.075845e-03
1669 4.009981e-06 6.402941e-03
1670 2.049387e-06 1.135856e-02
1671 8.755125e-08 4.710537e-03
1672 7.818215e-06 3.234091e-02
1673 1.194305e-04 6.738370e-02
1674 1.090107e-05 3.893896e-03
1675 3.687209e-04 3.017745e-02
1676 3.893977e-08 1.485794e-03
1677 4.018592e-05 1.950776e-02
1678 7.170639e-05 3.098169e-01
1679 7.307377e-06 1.417355e-02
1680 8.538657e-06 1.856458e-02
1681 7.870071e-04 8.690314e-02
1682 2.576860e-06 8.387870e-03
1683 4.494271e-07 1.426180e-02
1684 7.691721e-07 7.027070e-03
1685 4.681171e-10 2.228330e-03
1686 3.789771e-05 4.858981e-02
1687 2.728073e-05 2.164417e-02
1688 2.438871e-08 1.180153e-03
1689 1.128676e-05 4.548941e-02
1690 4.946537e-06 1.118475e-02
1691 2.404818e-04 6.886522e-02
1692 8.011631e-04 7.347460e-01
1693 1.716104e-03 5.748706e-01
1694 1.440905e-03 1.582774e-01
1695 9.033015e-07 9.196558e-03
1696 1.213916e-07 3.055048e-03
1697 2.422630e-08 6.227512e-03
1698 1.408680e-03 9.762608e-02
1699 1.035501e-06 1.728260e-02
1700 2.906438e-04 3.547607e-02
1701 2.784596e-06 1.057682e-02
1702 1.593843e-06 6.243927e-03
1703 1.216144e-05 1.624439e-02
1704 4.207747e-06 7.193149e-03
1705 1.665463e-03 3.789360e-01
1706 2.702719e-05 5.372994e-02
1707 1.704066e-06 3.485736e-03
1708 2.545036e-10 2.066068e-03
1709 4.108892e-10 5.400180e-03
1710 2.428767e-09 1.420002e-03
1711 7.984279e-07 1.073621e-02
1712 1.244981e-06 5.646047e-03
1713 1.164601e-07 4.478579e-03
1714 4.572887e-07 6.145609e-03
1715 1.201801e-06 4.519959e-03
1716 1.001697e-07 6.167575e-03
1717 2.662831e-09 2.196751e-03
1718 1.901251e-07 1.827877e-02
1719 3.825686e-11 1.983143e-03
1720 2.736665e-06 4.822202e-03
1721 1.046719e-08 1.542881e-03
1722 1.723644e-06 1.300303e-02
1723 5.997005e-10 1.305791e-03
1724 3.869455e-10 1.416015e-03
1725 1.805818e-07 1.938301e-03
1726 9.038804e-07 3.785376e-02
1727 4.557739e-08 1.036130e-02
1728 1.198555e-08 2.570430e-03
1729 1.278175e-05 1.415154e-02
1730 1.080679e-07 4.522827e-03
1731 4.475682e-08 4.023235e-03
1732 1.419479e-03 9.683202e-02
1733 5.284415e-04 2.539298e-01
1734 1.775020e-03 4.018279e-01
1735 1.481946e-05 7.496419e-02
1736 2.959413e-07 7.930229e-03
1737 3.925749e-06 9.157887e-03
1738 6.673908e-04 2.342349e-01
1739 1.969538e-03 2.552898e-01
1740 1.907714e-05 2.465727e-02
1741 8.840298e-11 1.330460e-03
1742 1.624849e-07 1.706097e-03
1743 1.129436e-07 4.121411e-03
1744 4.095538e-08 2.077448e-03
1745 1.761718e-09 2.243315e-03
1746 1.835204e-07 8.578636e-03
1747 1.497053e-06 2.365312e-02
1748 2.752620e-05 1.140291e-02
1749 1.943243e-06 6.983766e-03
1750 1.185309e-06 8.786501e-03
1751 9.612690e-08 4.097614e-03
1752 7.122236e-08 7.633987e-03
1753 4.385331e-05 1.089947e-01
1754 6.864286e-04 4.797509e-01
1755 1.602719e-03 3.996589e-01
1756 4.231005e-06 1.998315e-02
1757 1.857101e-04 7.960748e-02
1758 1.805555e-03 7.194796e-01
1759 4.795272e-04 1.571171e-01
1760 9.985790e-04 3.001154e-01
1761 3.528568e-03 6.642926e-01
1762 1.399094e-03 7.296128e-01
1763 1.197250e-04 2.097796e-01
1764 5.180200e-05 2.574765e-02
1765 6.879402e-05 4.541345e-02
1766 7.250127e-04 2.789210e-01
1767 2.803848e-04 6.506394e-02
1768 1.012128e-05 3.604886e-02
1769 2.595052e-04 1.502109e-01
1770 1.086789e-03 1.590365e-01
1771 2.327492e-05 1.241136e-01
1772 6.694980e-08 4.455984e-03
1773 5.144375e-03 1.949335e+00
1774 7.533610e-04 3.398761e-01
1775 2.701183e-03 1.205010e+00
1776 4.860185e-04 2.343922e-01
1777 2.483420e-05 5.831485e-02
1778 9.175381e-04 6.849319e-01
1779 2.505557e-04 9.276077e-02
1780 3.209440e-05 7.167864e-02
1781 3.624141e-05 3.591622e-02
1782 2.657090e-05 3.711213e-02
1783 3.224680e-03 7.195861e-01
1784 1.040290e-04 7.798851e-02
1785 3.959453e-05 1.065321e-01
1786 1.434152e-04 2.824101e-02
1787 2.815387e-04 9.899062e-02
1788 1.073176e-03 3.467991e-01
1789 4.449375e-04 1.627362e-01
1790 1.386032e-05 1.978968e-02
1791 1.123830e-04 1.641897e-01
1792 5.105083e-04 2.816421e-01
1793 3.122504e-04 7.798938e-02
1794 1.765994e-04 2.728704e-02
1795 8.043023e-05 3.759548e-02
1796 2.313723e-04 1.153398e-01
1797 6.989269e-05 1.102793e-01
1798 6.462398e-06 4.987081e-02
1799 8.427167e-07 1.597962e-02
1800 3.805118e-04 2.055151e-01
1801 6.283210e-05 4.362345e-02
1802 5.094821e-03 5.567340e-01
1803 9.798214e-04 2.506992e-01
1804 9.560202e-04 2.812016e-01
1805 3.713074e-04 8.938524e-02
1806 5.077730e-05 7.113566e-02
1807 1.095318e-04 3.264360e-02
1808 1.393173e-03 2.609836e-01
1809 6.662479e-06 2.330626e-02
1810 3.210151e-07 9.310247e-03
1811 5.854995e-07 1.304007e-02
1812 3.569306e-05 2.362481e-02
1813 3.689730e-06 1.031942e-02
1814 4.600721e-08 2.086184e-02
1815 4.945240e-06 7.422656e-02
1816 6.472158e-06 3.034168e-02
1817 2.260482e-04 9.037382e-02
1818 9.345268e-07 4.652806e-02
1819 4.120639e-03 6.058476e-01
1820 1.469613e-04 1.569456e-01
1821 7.501575e-05 2.882469e-02
1822 1.914726e-06 2.088581e-02
1823 4.433972e-06 4.853523e-02
1824 9.177232e-04 5.581177e-02
1825 2.537457e-03 3.542609e-01
1826 5.897352e-04 9.139669e-02
1827 2.138868e-06 1.240648e-02
1828 1.033828e-05 1.798485e-02
1829 3.294445e-06 1.695259e-02
1830 3.807714e-03 1.078815e+00
1831 2.669891e-06 9.407937e-03
1832 9.068566e-05 4.093822e-02
1833 5.131228e-08 1.113962e-02
1834 2.497703e-05 2.321630e-02
1835 9.686254e-09 8.520078e-03
1836 3.120342e-06 6.644204e-03
1837 1.933595e-03 2.210651e-01
1838 5.386381e-05 3.481235e-02
1839 9.385280e-06 4.637685e-02
1840 5.985202e-05 8.415320e-02
1841 7.457852e-05 4.954391e-02
1842 7.346889e-06 2.206007e-02
1843 1.095609e-05 1.856009e-02
1844 5.253420e-06 2.135931e-02
1845 9.175951e-05 2.344667e-02
1846 7.667849e-07 7.286649e-03
1847 2.125187e-05 1.496883e-02
1848 1.607038e-06 1.278530e-02
1849 1.227131e-06 1.524017e-02
1850 6.822920e-07 9.937877e-03
1851 2.651650e-06 5.817321e-03
1852 2.860239e-07 4.814827e-03
1853 3.935713e-06 4.694097e-03
1854 1.976931e-04 1.050817e-01
1855 7.247985e-06 2.960198e-02
1856 1.192180e-04 1.042718e-01
1857 7.767966e-04 1.929174e-01
1858 1.786840e-04 1.058024e-01
1859 1.524568e-06 5.624740e-03
1860 1.612839e-04 1.046774e-01
1861 1.365604e-08 7.875704e-03
1862 1.597933e-06 9.770940e-03
1863 2.673638e-06 2.634781e-02
1864 2.900288e-04 1.588609e-01
1865 2.850268e-04 7.656331e-02
1866 1.339229e-05 4.973306e-02
1867 8.056395e-07 1.197264e-02
1868 6.151045e-08 9.836965e-03
1869 2.767521e-07 6.755435e-03
1870 6.741257e-06 1.591526e-02
1871 6.511741e-04 3.509094e-01
1872 1.090816e-04 2.503803e-01
1873 2.602311e-04 2.322564e-02
1874 1.883249e-04 9.422843e-02
1875 1.434183e-03 1.453774e-01
1876 4.115597e-05 1.043622e-02
1877 1.907764e-04 3.323763e-02
1878 3.869509e-05 8.760603e-03
1879 3.141038e-05 3.628387e-02
1880 3.447215e-05 2.049486e-02
1881 7.989670e-04 3.080473e-01
1882 2.323835e-06 6.477130e-02
1883 2.369227e-06 4.441138e-02
1884 3.944294e-05 8.740162e-02
1885 1.201963e-05 3.834380e-02
1886 1.285551e-04 1.121322e-01
1887 3.794351e-06 8.487710e-03
1888 1.718793e-06 1.627940e-02
1889 7.869258e-08 7.988819e-03
1890 6.235585e-09 5.479389e-03
1891 4.398974e-07 5.606735e-03
1892 4.986038e-07 5.996830e-03
1893 2.119354e-08 2.192611e-02
1894 4.410954e-05 6.140161e-02
1895 8.952901e-05 3.275047e-02
1896 5.643558e-07 5.029028e-03
1897 3.571126e-08 3.674936e-03
1898 1.168859e-06 3.852709e-03
1899 5.738882e-05 1.973240e-02
1900 1.800052e-05 2.244220e-02
1901 2.122802e-09 1.743878e-03
1902 1.418834e-03 2.948276e-01
1903 4.218291e-04 3.716931e-01
1904 1.869777e-04 3.627205e-02
1905 9.920370e-04 1.435946e-01
1906 9.460056e-04 6.428422e-01
1907 4.782580e-08 7.403727e-03
1908 3.483758e-07 8.154671e-03
1909 6.177672e-08 5.438435e-03
1910 5.505613e-05 3.691362e-02
1911 3.667143e-07 1.194421e-02
1912 2.033861e-04 7.231367e-02
1913 7.834142e-05 7.107376e-02
1914 8.647873e-04 1.537037e-01
1915 7.290321e-04 7.406025e-01
1916 9.698059e-04 2.351943e-01
1917 1.902364e-04 1.905248e-01
1918 6.080961e-04 1.877613e-01
1919 9.826475e-04 3.119351e-01
1920 2.895275e-05 7.030751e-02
1921 4.092059e-05 4.447414e-02
1922 6.150439e-04 2.098521e-01
1923 5.702994e-04 1.362415e-01
1924 2.546344e-03 3.393683e-01
1925 1.502391e-05 7.454062e-02
1926 5.610337e-06 2.462535e-02
1927 6.295872e-04 1.322276e-01
1928 3.390497e-04 3.385522e-01
1929 1.679330e-04 5.907725e-02
1930 7.109130e-07 6.052663e-03
1931 5.167119e-07 3.882617e-02
1932 1.981412e-07 2.588781e-02
1933 3.445504e-04 5.490235e-02
1934 2.382170e-07 7.589897e-03
1935 2.435961e-05 6.517211e-02
1936 1.727399e-05 2.198007e-02
1937 4.296573e-04 1.175616e-01
1938 9.023850e-04 1.344790e-01
1939 7.872380e-05 8.055559e-02
1940 4.541344e-05 9.893991e-02
1941 4.037453e-07 7.972852e-03
1942 1.487127e-04 1.687814e-01
1943 9.127413e-05 1.259790e-01
1944 2.184390e-05 3.672257e-02
1945 1.160278e-05 1.314947e-02
1946 8.156712e-05 1.375701e-01
1947 2.933388e-05 2.296784e-02
1948 8.275301e-04 1.283518e-01
1949 2.444880e-03 5.556074e-01
1950 1.391900e-03 1.995219e-01
1951 5.677674e-04 3.283452e-01
1952 5.243490e-05 1.467634e-01
1953 1.753934e-05 2.520037e-02
1954 9.286813e-06 1.736939e-02
1955 1.750799e-03 6.430495e-01
1956 2.104351e-03 4.250322e-01
1957 3.845896e-03 6.512714e-01
1958 1.222869e-03 4.444756e-01
1959 3.024040e-08 7.319058e-03
1960 1.031799e-05 1.796256e-02
1961 1.762084e-10 2.938939e-03
1962 4.957754e-08 7.221078e-03
1963 1.865307e-09 2.056853e-03
1964 4.199610e-09 3.509885e-03
1965 6.719495e-05 3.920266e-02
1966 9.701567e-07 1.198990e-02
1967 8.319793e-04 2.386890e-01
1968 3.907306e-05 2.371807e-02
1969 8.245032e-06 2.067006e-02
1970 2.162613e-06 9.598535e-03
1971 1.903537e-05 2.559495e-02
1972 3.359709e-08 7.139625e-03
1973 7.440726e-04 2.273383e-01
1974 1.728339e-05 4.037266e-02
1975 8.032311e-07 1.701651e-02
1976 1.620091e-05 3.251016e-02
1977 7.906341e-04 2.399455e-01
1978 2.084533e-04 6.558869e-02
1979 2.435885e-04 8.106851e-02
1980 4.609472e-04 9.552347e-02
1981 6.458454e-04 7.012737e-02
1982 2.369036e-04 1.539885e-01
1983 1.203732e-03 5.912910e-01
1984 9.695668e-05 9.317066e-02
1985 1.148276e-04 2.307065e-01
1986 5.975073e-05 8.595207e-02
1987 2.253494e-03 8.693648e-01
1988 4.117475e-05 5.271703e-02
1989 5.459901e-05 5.181394e-02
1990 4.225567e-04 2.191915e-01
1991 3.509626e-06 1.443264e-02
1992 9.642240e-05 5.666511e-02
1993 1.140358e-03 2.185246e-01
1994 2.614169e-04 6.576052e-02
1995 4.309012e-05 7.539117e-02
1996 1.931770e-04 6.429986e-02
1997 3.752624e-03 6.570527e-01
1998 7.424364e-04 2.371490e-01
1999 7.259628e-04 3.593728e-01
2000 2.363586e-04 1.967762e-01
