1 2.185954e-03 5.134940e-01
2 3.274870e-05 2.008388e-02
3 3.686760e-06 2.575746e-03
4 3.532718e-07 1.851591e-03
5 7.435678e-07 2.604114e-03
6 1.648560e-03 3.501762e-01
7 6.119200e-05 1.171322e-02
8 2.410100e-05 4.225173e-02
9 1.217640e-08 2.383382e-03
10 3.798048e-05 8.618154e-02
11 3.388099e-07 5.158960e-03
12 1.849168e-08 1.230719e-03
13 4.566125e-04 2.163144e-01
14 5.576006e-07 7.614858e-03
15 8.776340e-07 3.019908e-03
16 9.424058e-06 2.520674e-02
17 3.932294e-07 1.913030e-03
18 1.430059e-03 1.954169e-01
19 9.964072e-06 7.806298e-03
20 2.853874e-10 1.022703e-03
21 5.186516e-03 6.702650e-01
22 1.672899e-05 5.382127e-03
23 3.393082e-05 2.774478e-02
24 1.005826e-03 1.983469e-01
25 1.041497e-03 1.799546e-01
26 1.206889e-05 4.015595e-03
27 2.921647e-04 1.702208e-02
28 1.789623e-06 3.591612e-03
29 3.144990e-03 4.183546e-01
30 2.687839e-03 6.048387e-01
31 7.871461e-04 2.448199e-01
32 5.576909e-05 1.156245e-02
33 2.165876e-07 1.223684e-03
34 2.015076e-07 1.154460e-03
35 1.137261e-06 3.049296e-03
36 2.387308e-03 3.733025e-01
37 5.773956e-04 7.042646e-02
38 6.261285e-06 8.572019e-03
39 2.700271e-08 1.948742e-03
40 1.430665e-06 3.516650e-03
41 3.986881e-05 2.067237e-02
42 1.191910e-06 5.012472e-03
43 9.694868e-04 2.760997e-01
44 1.253247e-04 6.429294e-02
45 1.039995e-04 1.151828e-01
46 3.069753e-05 9.084484e-03
47 1.893061e-04 2.669424e-01
48 2.524138e-04 9.486665e-02
49 3.018764e-05 9.024622e-03
50 4.263782e-03 5.228231e-01
51 4.178176e-06 1.181445e-02
52 5.691028e-06 2.347670e-02
53 3.790512e-05 6.752185e-03
54 3.428747e-06 9.895376e-03
55 1.587325e-06 5.015189e-03
56 2.186057e-05 8.725644e-03
57 5.670927e-06 1.453393e-02
58 8.069985e-04 9.049341e-02
59 1.977802e-04 4.028810e-02
60 1.192200e-08 1.410412e-03
61 9.732177e-03 8.362934e-01
62 9.866774e-06 3.289272e-02
63 5.516838e-07 1.914278e-03
64 1.784218e-07 4.162027e-03
65 6.157187e-05 4.275612e-02
66 2.877284e-06 4.523675e-03
67 3.199359e-06 7.289676e-03
68 1.159891e-05 7.975649e-03
69 1.411623e-07 1.422819e-03
70 1.250819e-07 1.341065e-03
71 9.358406e-04 2.060450e-01
72 7.422599e-06 1.907314e-02
73 3.640681e-07 4.143381e-03
74 8.266868e-04 1.788932e-01
75 2.465480e-05 9.905753e-03
76 6.721243e-07 2.811138e-03
77 3.547482e-05 3.714416e-02
78 6.151187e-04 2.326882e-01
79 7.392660e-04 9.714971e-02
80 3.918168e-06 2.595453e-03
81 8.424960e-07 1.613152e-03
82 1.812952e-05 4.404809e-03
83 1.900120e-04 1.844167e-02
84 6.410337e-07 1.865340e-03
85 5.000368e-04 5.612340e-02
86 1.133932e-05 6.506955e-03
87 3.494928e-07 2.811421e-03
88 2.174442e-07 1.698029e-03
89 1.507616e-05 2.182296e-02
90 9.721499e-04 1.608339e-01
91 1.165085e-03 1.335155e-01
92 5.569872e-03 6.710229e-01
93 7.672055e-06 1.379118e-02
94 1.806043e-06 4.019814e-03
95 3.847672e-03 5.520578e-01
96 6.161233e-05 1.052009e-02
97 1.837159e-06 3.513682e-02
98 1.638281e-06 3.452252e-03
99 1.195363e-04 1.137154e-02
100 6.556217e-03 9.076433e-01
101 3.233299e-06 4.699618e-03
102 6.940428e-06 1.478760e-02
103 2.559124e-03 2.642293e-01
104 1.552547e-04 3.673514e-02
105 2.252575e-04 5.274202e-02
106 5.584276e-07 8.972130e-03
107 8.842906e-08 2.875283e-03
108 5.427052e-06 1.891353e-02
109 5.044261e-07 5.094589e-03
110 7.334551e-06 1.126705e-02
111 3.910331e-03 3.627501e-01
112 3.559495e-04 8.411750e-02
113 3.208876e-03 4.444751e-01
114 3.132205e-03 3.164139e-01
115 4.788769e-04 1.286122e-01
116 1.732601e-03 2.100565e-01
117 9.822486e-04 1.057381e-01
118 1.496143e-03 2.341300e-01
119 6.885948e-09 4.547562e-03
120 9.106720e-09 3.640356e-03
121 1.059237e-07 1.149202e-02
122 4.055727e-07 1.876292e-03
123 5.393395e-06 5.786446e-03
124 2.761972e-05 1.272427e-02
125 3.228014e-08 3.998593e-03
126 1.613139e-06 6.002440e-03
127 2.623211e-07 9.652631e-03
128 1.636137e-06 7.795598e-03
129 3.362513e-07 4.462399e-03
130 2.951797e-07 3.969821e-03
131 4.590516e-07 5.891791e-03
132 1.121192e-06 4.633010e-03
133 4.419738e-07 7.663704e-03
134 4.695468e-05 2.086791e-02
135 3.558489e-07 4.529875e-03
136 1.744901e-06 4.064207e-03
137 7.069995e-06 1.227885e-02
138 2.405843e-07 9.362226e-03
139 1.258733e-06 8.700172e-03
140 3.498920e-07 5.175658e-03
141 2.757196e-08 3.029635e-03
142 4.128926e-07 3.112448e-03
143 1.405091e-06 6.892465e-03
144 3.348999e-07 8.561820e-03
145 5.912024e-08 4.699385e-03
146 3.728547e-07 6.119009e-03
147 5.741172e-07 6.304578e-03
148 1.850354e-07 7.985360e-03
149 1.152208e-06 4.270568e-03
150 3.587527e-08 3.987171e-03
151 2.392213e-06 9.990634e-03
152 1.121312e-06 5.924085e-03
153 4.014515e-07 2.976812e-03
154 1.337027e-07 3.761391e-03
155 4.520101e-08 3.022781e-03
156 1.563015e-06 3.842811e-03
157 3.113248e-07 4.025556e-03
158 6.688686e-06 4.535173e-03
159 1.919042e-06 5.855373e-03
160 2.096174e-06 5.143355e-03
161 1.096718e-07 3.127577e-03
162 4.393247e-08 3.002548e-03
163 1.069175e-07 3.078722e-03
164 8.572264e-09 1.642382e-03
165 9.349496e-09 1.682039e-03
166 3.798866e-09 1.657422e-03
167 4.822462e-08 2.936723e-03
168 4.035678e-07 3.289928e-03
169 1.318873e-06 5.980997e-03
170 5.025926e-09 1.639651e-03
171 3.226560e-07 3.414966e-03
172 4.708568e-08 3.218097e-03
173 1.654802e-08 1.619153e-03
174 6.240737e-08 3.086469e-03
175 5.564695e-08 3.091960e-03
176 5.921832e-08 2.997801e-03
177 1.315780e-08 1.656616e-03
178 3.010306e-07 2.276744e-03
179 1.124882e-08 1.614580e-03
180 4.276597e-08 3.093711e-03
181 2.960304e-08 2.124962e-03
182 2.879833e-08 3.397053e-03
183 5.684301e-09 1.196513e-03
184 4.799576e-09 1.614806e-03
185 7.185943e-09 1.232971e-03
186 7.658453e-08 2.177440e-03
187 5.690638e-09 1.906752e-03
188 1.975929e-09 1.592543e-03
189 2.455145e-09 1.133957e-03
190 9.811215e-09 1.208687e-03
191 2.429890e-05 1.780444e-02
192 6.437400e-06 3.804601e-03
193 2.385716e-04 3.444510e-02
194 2.636058e-04 3.199422e-02
195 7.707891e-06 6.269859e-03
196 6.991959e-05 1.405226e-02
197 5.074268e-04 3.071477e-02
198 9.264050e-06 6.269671e-03
199 1.922209e-05 1.329955e-02
200 1.726212e-05 9.965530e-03
201 7.956990e-05 1.246705e-02
202 5.784505e-05 2.033463e-02
203 7.874999e-07 3.499681e-03
204 2.379659e-05 5.422444e-03
205 1.032032e-05 8.104233e-03
206 1.962297e-06 3.837673e-03
207 6.982549e-06 9.474945e-03
208 2.400256e-07 3.458664e-03
209 4.623952e-06 8.006788e-03
210 4.384825e-06 4.633167e-03
211 5.957173e-07 2.402573e-03
212 2.338064e-04 2.443725e-02
213 9.607777e-07 2.441097e-03
214 5.770129e-07 4.248135e-03
215 7.239113e-06 4.677434e-03
216 2.547380e-05 7.505356e-03
217 3.843961e-07 2.092755e-03
218 4.663729e-05 2.384175e-02
219 5.565954e-05 1.539147e-02
220 8.350416e-07 3.525706e-03
221 2.280032e-06 3.903127e-03
222 3.367409e-06 6.978912e-03
223 2.692633e-06 9.689724e-03
224 4.092233e-08 3.043264e-03
225 1.837420e-06 5.449334e-03
226 8.416470e-07 3.645022e-03
227 4.642819e-07 4.255290e-03
228 1.089573e-06 5.028583e-03
229 2.274148e-05 1.372613e-02
230 3.497560e-06 7.744634e-03
231 4.245379e-06 6.660404e-03
232 1.551802e-06 5.053766e-03
233 1.730398e-06 6.141579e-03
234 2.374217e-06 4.926693e-03
235 4.839818e-08 4.501803e-03
236 1.551789e-06 4.961863e-03
237 3.725525e-08 3.367491e-03
238 4.897782e-07 5.706483e-03
239 8.873076e-08 3.545564e-03
240 3.511792e-07 3.147653e-03
241 1.955029e-06 4.042390e-03
242 2.204156e-06 4.963081e-03
243 8.640561e-08 3.171282e-03
244 3.064775e-07 4.672260e-03
245 1.000312e-06 4.964605e-03
246 1.519173e-07 3.834678e-03
247 9.720337e-07 4.918373e-03
248 2.501974e-07 2.660714e-03
249 6.102746e-06 7.608750e-03
250 9.161435e-07 4.152721e-03
251 4.527262e-07 2.887421e-03
252 6.218494e-06 6.833139e-03
253 4.053995e-08 3.333633e-03
254 1.829021e-07 4.819650e-03
255 2.561738e-06 6.434894e-03
256 1.613948e-07 2.732127e-03
257 1.950527e-07 3.438952e-03
258 9.045450e-06 5.473641e-03
259 5.064161e-05 1.178647e-02
260 1.963890e-05 1.430058e-02
261 2.642281e-05 1.176452e-02
262 4.661418e-06 6.494430e-03
263 9.870653e-06 7.354842e-03
264 7.071271e-06 1.960053e-02
265 7.151546e-07 7.183133e-03
266 1.408457e-05 1.766065e-02
267 5.702637e-05 4.172672e-02
268 1.765027e-06 2.075590e-02
269 2.192466e-06 3.179837e-02
270 8.107340e-07 4.368451e-03
271 2.173400e-06 7.247087e-03
272 3.233936e-07 6.842242e-03
273 5.697737e-07 4.443975e-03
274 1.200470e-06 5.497801e-03
275 5.091826e-07 8.592419e-03
276 3.338784e-05 3.461159e-02
277 2.047333e-07 3.471266e-03
278 3.918515e-07 2.688629e-03
279 3.530166e-06 1.621541e-02
280 1.056279e-06 6.059594e-03
281 1.149048e-06 8.603633e-03
282 1.999547e-06 1.252240e-02
283 7.273335e-07 3.342012e-03
284 1.553379e-05 8.444259e-03
285 3.678871e-05 2.297807e-02
286 1.041879e-04 3.376386e-02
287 7.314044e-06 6.856456e-03
288 1.092576e-05 1.409203e-02
289 6.432838e-05 3.974506e-02
290 1.453614e-04 5.339432e-02
291 5.006289e-06 7.839774e-03
292 2.859678e-05 1.796103e-02
293 7.224227e-06 1.794506e-02
294 1.140325e-05 2.709143e-02
295 7.201505e-06 1.806614e-02
296 7.314568e-04 1.092273e-01
297 4.142952e-03 4.797176e-01
298 1.465248e-04 3.363118e-02
299 2.486485e-06 4.431029e-03
300 3.567726e-07 4.587873e-03
301 7.277290e-04 8.000746e-02
302 5.634722e-07 5.077164e-03
303 5.010048e-07 3.075467e-03
304 8.501757e-08 2.275927e-03
305 1.119564e-07 2.661369e-03
306 2.526239e-08 2.688229e-03
307 1.744604e-09 2.646367e-03
308 4.590103e-09 2.581445e-03
309 7.663316e-06 4.835786e-03
310 2.814282e-08 3.222460e-03
311 1.978537e-09 2.653519e-03
312 3.075542e-07 2.203903e-03
313 1.118275e-09 2.542485e-03
314 1.394979e-08 2.548567e-03
315 1.216376e-09 2.676321e-03
316 1.735106e-08 2.820301e-03
317 6.940198e-10 1.929766e-03
318 1.815328e-08 1.946899e-03
319 1.549534e-06 2.208678e-03
320 5.440849e-10 2.507106e-03
321 1.314376e-09 1.426012e-03
322 1.372487e-04 6.251821e-02
323 2.136459e-04 8.733889e-02
324 2.004962e-07 9.481008e-03
325 1.568017e-05 1.372748e-02
326 1.673396e-07 3.478820e-03
327 1.997850e-05 2.323801e-02
328 3.551833e-06 9.592100e-03
329 1.612309e-04 7.996688e-02
330 2.241573e-03 4.005181e-01
331 7.015543e-05 3.242291e-02
332 5.087374e-04 1.585443e-01
333 3.506917e-06 4.963715e-03
334 9.464752e-06 1.405225e-02
335 1.933176e-06 8.311660e-03
336 1.363051e-05 1.520029e-02
337 1.062726e-04 6.102954e-02
338 3.464681e-05 1.916748e-02
339 1.669197e-03 2.333701e-01
340 2.926133e-05 5.348424e-03
341 2.267315e-05 5.752651e-03
342 6.810486e-05 1.511201e-02
343 1.354207e-04 3.749098e-02
344 1.501271e-06 3.890897e-03
345 1.074303e-05 7.680154e-03
346 8.677223e-07 2.488832e-03
347 3.830500e-07 2.945492e-03
348 7.705953e-06 9.315295e-03
349 1.339756e-05 1.057760e-02
350 7.181179e-08 3.250874e-03
351 2.426326e-07 2.848248e-03
352 2.714637e-06 2.773691e-03
353 2.177381e-05 5.642470e-03
354 3.508355e-06 4.171883e-03
355 5.974413e-06 4.403619e-03
356 1.211403e-07 2.353290e-03
357 2.353685e-05 9.553407e-03
358 3.416512e-05 2.218341e-02
359 1.449222e-05 6.730106e-03
360 2.665920e-06 5.997450e-03
361 8.346625e-05 3.934006e-02
362 1.876094e-07 2.441908e-03
363 1.775066e-07 3.357786e-03
364 2.714637e-06 2.773691e-03
365 6.758395e-05 2.448208e-02
366 2.519397e-05 8.708807e-03
367 9.658442e-06 1.007362e-02
368 1.339756e-05 1.057760e-02
369 1.419601e-04 7.949887e-02
370 4.437880e-06 1.358644e-02
371 1.322850e-05 1.919036e-02
372 2.843925e-03 6.935042e-01
373 1.710838e-04 1.666426e-01
374 3.000202e-03 5.219065e-01
375 6.570746e-06 2.406963e-02
376 1.031908e-03 1.432086e-01
377 1.400483e-06 8.914206e-03
378 6.022953e-05 2.132922e-02
379 5.855697e-06 8.345374e-03
380 3.250581e-05 9.325718e-03
381 6.995249e-07 1.881914e-03
382 4.396973e-06 9.964567e-03
383 2.338863e-07 1.811017e-03
384 1.613042e-05 7.369867e-03
385 8.306636e-08 4.587679e-03
386 5.420492e-06 6.370956e-03
387 2.007658e-05 1.446022e-02
388 1.249785e-07 2.762300e-03
389 7.390047e-06 5.910976e-03
390 1.030710e-06 4.699205e-03
391 2.276723e-05 3.040716e-02
392 9.008425e-05 1.075429e-02
393 2.383547e-05 1.439798e-02
394 8.457903e-07 2.939938e-03
395 4.818284e-06 8.062401e-03
396 2.786472e-05 3.375329e-02
397 1.907209e-05 1.461958e-02
398 1.593909e-04 2.654834e-02
399 1.436959e-05 9.388875e-03
400 1.330515e-04 3.290865e-02
401 3.777532e-06 7.911939e-03
402 1.213411e-06 6.907901e-03
403 7.615774e-06 8.860122e-03
404 2.597926e-05 1.406943e-02
405 7.762088e-06 1.068679e-02
406 3.371473e-06 8.701197e-03
407 3.460087e-07 4.516618e-03
408 1.459799e-05 9.214054e-03
409 1.459348e-03 1.379664e-01
410 1.281392e-05 1.795825e-02
411 1.229366e-05 1.668834e-02
412 1.433265e-04 3.567875e-02
413 8.889173e-06 7.709967e-03
414 4.548661e-06 9.319882e-03
415 3.257291e-06 5.624038e-03
416 1.039699e-06 6.608626e-03
417 3.195388e-06 9.429983e-03
418 2.462559e-04 6.648333e-02
419 2.420692e-04 1.326884e-01
420 6.709024e-05 3.990030e-02
421 2.057537e-05 2.015001e-02
422 2.853478e-05 2.928860e-02
423 1.189401e-04 6.741488e-02
424 2.525129e-04 1.887224e-01
425 2.305643e-04 6.973976e-02
426 3.012754e-05 4.359861e-02
427 2.847617e-04 1.387442e-01
428 3.609640e-05 3.206999e-02
429 2.373886e-05 2.657448e-02
430 3.390003e-05 3.460000e-02
431 7.485192e-05 4.553335e-02
432 3.670887e-05 2.223479e-02
433 1.455994e-05 1.932700e-02
434 2.425027e-05 3.524806e-02
435 2.113592e-05 4.754390e-02
436 2.482241e-05 2.745601e-02
437 2.431240e-05 3.202578e-02
438 1.575381e-05 2.524756e-02
439 4.795468e-04 1.699881e-01
440 3.193084e-05 1.813119e-02
441 1.274417e-05 1.597766e-02
442 1.215078e-04 5.261142e-02
443 1.846882e-05 2.299419e-02
444 6.567420e-04 1.897215e-01
445 4.045865e-04 1.550357e-01
446 8.144294e-10 9.154035e-04
447 5.758380e-10 1.224519e-03
448 5.721707e-11 9.088587e-04
449 5.616674e-10 9.125792e-04
450 9.493728e-10 9.934764e-04
451 6.338282e-08 1.779047e-03
452 2.937276e-09 1.227294e-03
453 9.583883e-09 1.121387e-03
454 2.121333e-09 1.245213e-03
455 1.557836e-08 1.250377e-03
456 4.045098e-10 1.031932e-03
457 9.794261e-12 9.244450e-04
458 4.594516e-09 1.232949e-03
459 1.235166e-06 1.436414e-02
460 4.797050e-09 2.593386e-03
461 2.499997e-10 1.054467e-03
462 2.412706e-08 2.964590e-03
463 1.016613e-08 1.127200e-03
464 1.257420e-08 1.328517e-03
465 7.796247e-10 1.150990e-03
466 3.176165e-09 1.380880e-03
467 8.282906e-10 1.082740e-03
468 3.426833e-10 1.091921e-03
469 5.155118e-09 1.325719e-03
470 7.466532e-09 1.754754e-03
471 2.472051e-09 1.218665e-03
472 5.860903e-10 1.118965e-03
473 4.921829e-09 1.318612e-03
474 3.539151e-10 1.048061e-03
475 1.214209e-08 1.315628e-03
476 2.412525e-08 1.411733e-03
477 1.437324e-06 3.089812e-03
478 1.970773e-05 6.790177e-03
479 1.665410e-07 1.568553e-03
480 3.074075e-08 2.066418e-03
481 9.374328e-09 1.858702e-03
482 1.144850e-08 2.107961e-03
483 4.424576e-09 2.060806e-03
484 1.546309e-07 2.113048e-03
485 1.444784e-08 1.759423e-03
486 1.180526e-05 1.331996e-02
487 1.789122e-08 1.486734e-03
488 4.605032e-06 9.240308e-03
489 1.428161e-03 2.194283e-01
490 1.703421e-05 6.528211e-03
491 1.017860e-05 8.538033e-03
492 3.064741e-06 5.634994e-03
493 5.821394e-06 6.522211e-03
494 1.801513e-07 6.446173e-03
495 5.349498e-07 4.922762e-03
496 1.165204e-04 2.292106e-02
497 1.440004e-04 3.879271e-02
498 1.292105e-05 7.635565e-03
499 7.992406e-07 7.803651e-03
500 6.155509e-07 5.129032e-03
501 6.838138e-06 8.562680e-03
502 1.821749e-03 1.799523e-01
503 6.242968e-05 8.010165e-03
504 4.763316e-05 8.436885e-03
505 1.759366e-05 6.730012e-03
506 1.266483e-04 2.172061e-02
507 1.025225e-04 2.235939e-02
508 1.601626e-05 1.208655e-02
509 4.041468e-06 8.524470e-03
510 1.089033e-05 1.138583e-02
511 3.142474e-06 5.970130e-03
512 5.972802e-06 7.966608e-03
513 1.860764e-05 7.345352e-03
514 2.898341e-03 5.232160e-01
515 3.572945e-07 6.908628e-03
516 1.578884e-07 6.819828e-03
517 2.768139e-06 1.345327e-02
518 2.513334e-07 6.865674e-03
519 5.796017e-06 2.241467e-02
520 2.947328e-06 1.811407e-02
521 1.903808e-05 2.408800e-02
522 1.745962e-05 2.153121e-02
523 1.232066e-05 2.402186e-02
524 8.033214e-07 1.293479e-02
525 1.434939e-06 7.729726e-03
526 8.328778e-06 2.253926e-02
527 1.778389e-06 9.551770e-03
528 1.701762e-07 5.948239e-03
529 5.006486e-06 1.679307e-02
530 2.987910e-07 5.077693e-03
531 8.518911e-07 7.098099e-03
532 2.365864e-06 1.808516e-02
533 1.119655e-06 1.226343e-02
534 5.499576e-07 1.134325e-02
535 1.305860e-06 1.192133e-02
536 1.554426e-05 3.443297e-02
537 2.778445e-06 2.396278e-02
538 1.701723e-06 1.240409e-02
539 8.881706e-06 2.200678e-02
540 5.197310e-06 2.156189e-02
541 7.958549e-06 2.368828e-02
542 3.889624e-04 1.366688e-01
543 1.498420e-06 1.854415e-02
544 5.875389e-07 7.224638e-03
545 1.588613e-05 6.815573e-03
546 1.684072e-05 5.253249e-03
547 8.917169e-09 2.494286e-03
548 1.132100e-07 3.017370e-03
549 6.773415e-08 1.587984e-03
550 2.028894e-06 5.434508e-03
551 9.839788e-07 2.582221e-03
552 6.189934e-05 1.671222e-02
553 1.637050e-04 2.636889e-02
554 1.166393e-05 8.106902e-03
555 1.352206e-05 1.084500e-02
556 2.141710e-06 2.945110e-03
557 1.042443e-06 3.729939e-03
558 3.732397e-05 9.119565e-03
559 7.325996e-08 2.463418e-03
560 1.838101e-06 3.888825e-03
561 2.347493e-06 3.035348e-03
562 2.294362e-06 3.305227e-03
563 6.027487e-07 4.737203e-03
564 7.043643e-07 3.210004e-03
565 6.699812e-06 1.393442e-02
566 9.747928e-06 4.846839e-03
567 1.660836e-04 5.347055e-02
568 4.331534e-05 1.467609e-02
569 3.808786e-04 3.663884e-02
570 1.449325e-05 1.190564e-02
571 6.893831e-06 7.337664e-03
572 6.092919e-05 1.557866e-02
573 1.384995e-05 5.510457e-03
574 4.434744e-05 1.776780e-02
575 6.826080e-06 6.815132e-03
576 6.414095e-05 1.154520e-02
577 2.422279e-05 1.096224e-02
578 9.582599e-06 9.363803e-03
579 5.024932e-03 4.926791e-01
580 1.028765e-04 1.738210e-02
581 6.520030e-06 3.829398e-03
582 2.640855e-04 2.952963e-02
583 1.718700e-05 8.644834e-03
584 5.268122e-05 1.064512e-02
585 2.724574e-04 4.652368e-02
586 1.247262e-05 1.198682e-02
587 1.179451e-05 1.235146e-02
588 5.752720e-06 9.658104e-03
589 1.761950e-06 2.501829e-03
590 8.888269e-04 2.341853e-01
591 7.526701e-04 6.486950e-02
592 3.419058e-06 6.051491e-03
593 7.425714e-06 1.574880e-02
594 9.581116e-05 1.639337e-02
595 5.141008e-07 6.638283e-03
596 3.019582e-03 5.947903e-01
597 1.201092e-09 1.912569e-03
598 2.729677e-08 1.967475e-03
599 4.377637e-08 1.937143e-03
600 1.172350e-07 2.058007e-03
601 2.590489e-07 3.024212e-03
602 6.041991e-08 2.562053e-03
603 6.876269e-08 3.251595e-03
604 3.983635e-09 1.931370e-03
605 1.078179e-07 2.074307e-03
606 3.912892e-09 1.932014e-03
607 1.473101e-09 1.777613e-03
608 4.614412e-09 2.031029e-03
609 2.670692e-06 1.228573e-02
610 5.529798e-07 4.231652e-03
611 4.906282e-04 1.987401e-01
612 5.016087e-06 2.531859e-02
613 5.739016e-06 1.770810e-02
614 8.443689e-06 2.541703e-02
615 1.340562e-06 1.026613e-02
616 6.655265e-09 3.280696e-03
617 3.406366e-06 1.216739e-02
618 3.757593e-08 4.228952e-03
619 1.873771e-07 5.017433e-03
620 8.226542e-08 5.444096e-03
621 5.451759e-05 4.574875e-02
622 2.848541e-07 5.931328e-03
623 3.039917e-08 7.247066e-03
624 1.275191e-07 6.005518e-03
625 4.410102e-07 4.532324e-03
626 8.471279e-04 3.627339e-01
627 4.503590e-07 4.936487e-03
628 3.539622e-06 1.252844e-02
629 2.364783e-04 4.892717e-02
630 1.168289e-04 2.842499e-02
631 2.296562e-05 2.185854e-02
632 2.807438e-05 3.610245e-02
633 2.446472e-07 6.057205e-03
634 1.708688e-06 5.168087e-03
635 1.956084e-06 5.112413e-03
636 6.712041e-07 7.205377e-03
637 4.234476e-06 1.333744e-02
638 4.822415e-07 8.776960e-03
639 5.735189e-06 1.508372e-02
640 1.426855e-06 4.720668e-03
641 2.775273e-07 5.562676e-03
642 1.172141e-06 6.909668e-03
643 4.161799e-05 3.368572e-02
644 2.620458e-06 6.093036e-03
645 7.554271e-06 1.221142e-02
646 4.685426e-06 1.889588e-02
647 1.275891e-06 7.460242e-03
648 3.558538e-05 2.490419e-02
649 3.534343e-06 1.051998e-02
650 1.687489e-06 5.688652e-03
651 8.254536e-07 6.362072e-03
652 2.089581e-06 7.481359e-03
653 2.375020e-04 3.029883e-01
654 7.361813e-05 6.453855e-02
655 5.443310e-08 2.898753e-03
656 6.929443e-05 2.429934e-02
657 2.113236e-03 4.101393e-01
658 4.350228e-05 1.966409e-02
659 2.747158e-06 1.320915e-02
660 2.003705e-05 1.280623e-02
661 3.198173e-05 3.226367e-02
662 8.325347e-04 1.861342e-01
663 4.559452e-06 1.357525e-02
664 6.132512e-06 1.402233e-02
665 1.722114e-05 1.579006e-02
666 4.529084e-05 2.783492e-02
667 3.159132e-05 1.610974e-02
668 1.012370e-06 6.960347e-03
669 6.103775e-05 2.793853e-02
670 1.961032e-04 2.942628e-02
671 1.022976e-04 3.526767e-02
672 3.205195e-07 6.900048e-03
673 1.219349e-04 1.568479e-01
674 4.517917e-06 7.034203e-03
675 4.489834e-04 1.290008e-01
676 6.872298e-06 1.644547e-02
677 2.694761e-05 2.989352e-02
678 1.795560e-06 7.984145e-03
679 5.731967e-04 7.782618e-02
680 1.368941e-07 3.434811e-03
681 2.073884e-05 1.226606e-02
682 1.661147e-03 5.229103e-01
683 1.598913e-05 1.515992e-02
684 1.333736e-03 1.240973e-01
685 5.325499e-06 8.672754e-03
686 8.234523e-04 2.376910e-01
687 1.186260e-05 6.631921e-03
688 1.713915e-06 8.178421e-03
689 3.813169e-06 8.887385e-03
690 2.319930e-05 1.304733e-02
691 3.482556e-06 1.500258e-02
692 2.415109e-06 1.175184e-02
693 1.424633e-05 8.874362e-03
694 1.230596e-05 5.079072e-03
695 6.204847e-06 8.258118e-03
696 3.773141e-04 7.782312e-02
697 4.474812e-05 7.874399e-02
698 1.128791e-03 1.139799e-01
699 2.018121e-06 1.649111e-02
700 4.815239e-05 2.031381e-02
701 6.732513e-06 9.130686e-03
702 1.388942e-05 1.418588e-02
703 3.514898e-06 7.071713e-03
704 5.672508e-05 2.579742e-02
705 2.999530e-05 1.000393e-02
706 3.580430e-05 1.285910e-02
707 2.878883e-05 7.521342e-03
708 8.041730e-04 3.927054e-01
709 1.833585e-05 2.296374e-02
710 3.672932e-04 5.683332e-02
711 3.202647e-04 7.395586e-02
712 7.104029e-05 3.537610e-02
713 6.366954e-05 2.898578e-02
714 6.202772e-05 1.659144e-02
715 1.048992e-06 6.417765e-03
716 2.172780e-05 1.633871e-02
717 1.776697e-05 3.002096e-02
718 1.476778e-05 1.072155e-02
719 9.742325e-06 1.081090e-02
720 2.005141e-05 1.812530e-02
721 1.526604e-04 2.353630e-02
722 7.027046e-05 2.364427e-02
723 1.658352e-04 5.881544e-02
724 7.024299e-07 6.774838e-03
725 1.541111e-06 6.908852e-03
726 8.080129e-06 1.127749e-02
727 9.399781e-04 3.724326e-01
728 9.699987e-06 1.247509e-02
729 6.331820e-06 1.321234e-02
730 1.592652e-05 1.658177e-02
731 8.948981e-06 5.918392e-03
732 9.371339e-06 6.570599e-03
733 9.942717e-06 9.509804e-03
734 1.591111e-05 1.330604e-02
735 3.330798e-05 9.567458e-03
736 1.232293e-05 1.919141e-02
737 1.310364e-03 1.553083e-01
738 1.071226e-04 4.366812e-02
739 2.245431e-05 9.213045e-03
740 2.390069e-05 1.011714e-02
741 1.983459e-05 8.092727e-03
742 2.017964e-04 3.535421e-02
743 3.853198e-05 1.209616e-02
744 8.795930e-05 1.869068e-02
745 5.912224e-05 2.815429e-02
746 6.784412e-06 8.942938e-03
747 2.331898e-05 9.577936e-03
748 1.384686e-06 5.954090e-03
749 1.204278e-05 2.790931e-02
750 1.108850e-04 4.817010e-02
751 1.192505e-06 8.132746e-03
752 3.231846e-06 1.118403e-02
753 7.791431e-04 1.854614e-01
754 2.825695e-05 1.698835e-02
755 8.977228e-05 4.324816e-02
756 1.521381e-06 1.072122e-02
757 2.387322e-04 7.469972e-02
758 1.274883e-06 5.388604e-03
759 1.072990e-04 2.093562e-02
760 7.028495e-04 1.432535e-01
761 5.699983e-04 9.826245e-02
762 3.121351e-06 9.621308e-03
763 7.419374e-06 1.119358e-02
764 1.218318e-05 1.001776e-02
765 2.224525e-03 2.928756e-01
766 1.310209e-03 4.881698e-01
767 1.298129e-03 1.843345e-01
768 2.674049e-03 2.969221e-01
769 4.256267e-06 1.105491e-02
770 5.681357e-07 4.989204e-03
771 5.572356e-07 4.838572e-03
772 1.122715e-06 4.692649e-03
773 6.375074e-04 1.089789e-01
774 3.182330e-06 6.395253e-03
775 4.602148e-06 1.097461e-02
776 1.994576e-06 5.609843e-03
777 1.366323e-06 1.017841e-02
778 7.466564e-04 8.935673e-02
779 7.755073e-07 8.905552e-03
780 2.081522e-06 6.151023e-03
781 1.601037e-07 5.338568e-03
782 3.291273e-07 2.392994e-03
783 2.817050e-07 3.581539e-03
784 1.175525e-05 1.800115e-02
785 1.245283e-05 1.044581e-02
786 9.685153e-06 7.277659e-03
787 3.655011e-06 9.186938e-03
788 8.208163e-07 1.143017e-02
789 4.926600e-07 8.382386e-03
790 9.702480e-05 8.559201e-02
791 9.992873e-07 4.157576e-03
792 5.147513e-07 1.029232e-02
793 2.233834e-05 1.104455e-02
794 2.138878e-04 2.123169e-01
795 2.167924e-05 1.436858e-02
796 1.919850e-06 5.899777e-03
797 6.708815e-05 8.851465e-02
798 6.995554e-07 7.290543e-03
799 2.675664e-04 6.214651e-02
800 1.730400e-05 1.727494e-02
801 7.761051e-06 1.045214e-02
802 2.784993e-04 1.014968e-01
803 1.602041e-03 3.335848e-01
804 3.744366e-06 1.055856e-02
805 1.188241e-04 3.971155e-02
806 1.159564e-04 1.154906e-01
807 6.073107e-05 4.694380e-02
808 1.298945e-06 5.889525e-03
809 3.431672e-06 2.362788e-02
810 6.153276e-08 2.323471e-03
811 1.677348e-05 1.511120e-02
812 3.540491e-07 4.250285e-03
813 1.450054e-04 3.284422e-02
814 4.174510e-06 1.330114e-02
815 6.626395e-06 1.552154e-02
816 1.230539e-03 2.034435e-01
817 1.918834e-04 8.901114e-02
818 9.693524e-07 9.934980e-03
819 8.446733e-06 1.229282e-02
820 1.929075e-05 3.655463e-02
821 5.331634e-05 3.943384e-02
822 1.926036e-05 3.268376e-02
823 6.834848e-05 1.133142e-01
824 1.995875e-03 4.613874e-01
825 3.012919e-03 3.630932e-01
826 1.291109e-03 3.114357e-01
827 2.337669e-04 9.059441e-02
828 1.960460e-03 5.339925e-01
829 3.329073e-03 4.146278e-01
830 4.496121e-05 9.176443e-03
831 1.160815e-06 4.650537e-03
832 2.452515e-06 5.031473e-03
833 7.478833e-06 1.048541e-02
834 4.866671e-06 5.953481e-03
835 1.092290e-06 6.559164e-03
836 2.790127e-06 4.646759e-03
837 9.173876e-06 8.863086e-03
838 1.254255e-05 6.329621e-03
839 1.074103e-06 4.926372e-03
840 2.129021e-05 1.578464e-02
841 3.518383e-06 6.969348e-03
842 3.220578e-06 8.378151e-03
843 2.032373e-06 9.691649e-03
844 9.304018e-06 1.907908e-02
845 1.120863e-04 2.783304e-02
846 3.729832e-04 4.884646e-02
847 5.745068e-06 7.486108e-03
848 3.632827e-06 1.313424e-02
849 1.579320e-04 4.092220e-02
850 1.444970e-06 6.039815e-03
851 3.263000e-05 6.330774e-02
852 4.072213e-07 6.340807e-03
853 5.073432e-05 1.299405e-02
854 1.916046e-06 5.784576e-03
855 3.358843e-05 1.527351e-02
856 2.584515e-08 1.481270e-03
857 1.006435e-07 1.298289e-03
858 2.031564e-07 2.041597e-03
859 4.719881e-08 1.497749e-03
860 2.729318e-04 8.415210e-02
861 4.529072e-06 6.741565e-03
862 1.898120e-07 1.579625e-03
863 3.607376e-07 1.530912e-03
864 1.821837e-08 1.392748e-03
865 8.449601e-07 1.555881e-03
866 6.011609e-07 2.050058e-03
867 1.347348e-06 1.675737e-03
868 2.693270e-08 1.362202e-03
869 1.139982e-07 1.624114e-03
870 1.145639e-07 1.528745e-03
871 1.039497e-08 1.393491e-03
872 7.694339e-08 1.876075e-03
873 4.279449e-08 1.413870e-03
874 1.015739e-07 1.398078e-03
875 1.237876e-04 5.769051e-02
876 3.818699e-08 1.443077e-03
877 1.631969e-07 1.449664e-03
878 3.007718e-07 1.892050e-03
879 2.487889e-08 1.351174e-03
880 9.177592e-08 1.368184e-03
881 1.060166e-08 1.397501e-03
882 1.957009e-07 1.810122e-03
883 1.998122e-06 1.716754e-03
884 2.296390e-07 1.463760e-03
885 2.753232e-07 1.558406e-03
886 1.759987e-05 6.115439e-03
887 1.106230e-05 7.618069e-03
888 1.752066e-06 1.140509e-02
889 1.267296e-04 5.170108e-02
890 3.469509e-06 1.946128e-02
891 1.130310e-04 7.927245e-02
892 8.224692e-05 1.057342e-01
893 3.168999e-06 5.440608e-03
894 1.311676e-06 3.507118e-03
895 1.078934e-05 7.502918e-03
896 1.016956e-05 1.398865e-02
897 3.429279e-03 3.750643e-01
898 9.327146e-06 1.790747e-02
899 1.243296e-04 6.883736e-02
900 7.896517e-06 7.452301e-03
901 2.405592e-05 5.140396e-03
902 7.986720e-06 8.493949e-03
903 1.242556e-06 6.059120e-03
904 1.855119e-04 9.519503e-02
905 1.771519e-05 1.869949e-02
906 3.841877e-05 4.578991e-02
907 3.987809e-03 4.636816e-01
908 2.154317e-07 2.752372e-03
909 9.956465e-07 3.055357e-03
910 9.752436e-08 1.571357e-03
911 4.887408e-06 5.807521e-03
912 2.868592e-06 4.933895e-03
913 6.127531e-08 1.715385e-03
914 4.649766e-07 4.879531e-03
915 4.095766e-06 3.348489e-03
916 2.269774e-04 7.704619e-02
917 1.949861e-07 2.114637e-03
918 1.191244e-07 1.776696e-03
919 8.450194e-09 1.392001e-03
920 6.788208e-07 2.468893e-03
921 6.033246e-09 1.059476e-03
922 1.358383e-07 1.410541e-03
923 2.710265e-04 3.466163e-02
924 2.731502e-05 1.402002e-02
925 4.193179e-08 1.056349e-03
926 2.995381e-05 1.057368e-02
927 8.890014e-08 1.318468e-03
928 1.104748e-06 3.820805e-03
929 5.262823e-06 9.446742e-03
930 3.869191e-07 3.616312e-03
931 8.238194e-07 3.708474e-03
932 7.971223e-09 1.484033e-03
933 8.966425e-07 1.761920e-03
934 2.741995e-05 9.408123e-03
935 9.177874e-07 1.784143e-03
936 2.756712e-07 1.179980e-03
937 2.431113e-06 2.659977e-03
938 3.781440e-07 1.764477e-03
939 3.925820e-06 3.108946e-03
940 7.938640e-06 5.370141e-03
941 6.737454e-06 4.949653e-03
942 1.536326e-07 1.615118e-03
943 2.095964e-06 2.013108e-03
944 8.645876e-06 3.949706e-03
945 1.928669e-07 2.246811e-03
946 8.388816e-06 5.574845e-03
947 7.121062e-06 3.068285e-02
948 1.373716e-06 6.829066e-03
949 7.720933e-07 1.049824e-02
950 1.969960e-07 7.903350e-03
951 5.276658e-07 1.589568e-02
952 4.354358e-06 1.511580e-02
953 1.905375e-06 8.900595e-03
954 1.064545e-07 3.079381e-03
955 1.268563e-05 3.556966e-02
956 4.210667e-08 3.052179e-03
957 2.214172e-07 8.398650e-03
958 3.325246e-07 6.794388e-03
959 1.293057e-05 4.578677e-02
960 9.482898e-07 1.901020e-02
961 1.070239e-06 9.704522e-03
962 1.927258e-06 1.252044e-02
963 1.971005e-07 3.836709e-03
964 1.996309e-05 3.859096e-02
965 1.166025e-07 5.402844e-03
966 1.234544e-05 1.037329e-01
967 2.252303e-05 5.471180e-02
968 1.005126e-06 4.666810e-03
969 1.770636e-06 8.037478e-03
970 1.309305e-06 1.664448e-02
971 4.644219e-07 3.065163e-03
972 8.429846e-07 7.298308e-03
973 7.367699e-07 9.388465e-03
974 1.054534e-07 3.272766e-03
975 1.868995e-06 6.732763e-03
976 4.888854e-04 9.661636e-02
977 2.244323e-06 6.348053e-03
978 3.425525e-05 8.389667e-03
979 5.450039e-07 2.763628e-03
980 3.583871e-08 1.222863e-03
981 7.336298e-07 4.023148e-03
982 7.356435e-06 7.350405e-03
983 3.327134e-06 3.494244e-03
984 1.274007e-05 7.953513e-03
985 3.020273e-06 3.573495e-03
986 1.395255e-06 3.471872e-03
987 1.241985e-07 1.254902e-03
988 7.329473e-07 2.420035e-03
989 4.234902e-06 6.243345e-03
990 1.382335e-06 3.525933e-03
991 2.977527e-06 6.054413e-03
992 4.208593e-07 2.234888e-03
993 7.914258e-07 2.381135e-03
994 1.718993e-07 2.129143e-03
995 1.678131e-06 2.910782e-03
996 5.623635e-07 3.020828e-03
997 6.450481e-05 3.674187e-02
998 7.396800e-06 4.361526e-03
999 2.797665e-06 3.703130e-03
1000 9.165931e-07 1.765124e-03
1001 1.069261e-07 1.558014e-03
1002 3.075655e-06 4.590754e-03
1003 1.881996e-07 1.761997e-03
1004 3.676003e-06 4.304230e-03
1005 5.719760e-07 2.871015e-03
1006 1.224091e-05 9.412597e-03
1007 2.391547e-07 2.906792e-03
1008 9.786808e-06 4.589859e-03
1009 3.554925e-07 4.045696e-03
1010 1.933930e-07 2.834517e-03
1011 3.301236e-07 3.662342e-03
1012 1.378596e-06 3.493467e-03
1013 1.159008e-07 2.058543e-03
1014 3.433610e-07 3.390531e-03
1015 3.841030e-08 2.128287e-03
1016 2.696781e-06 2.201463e-03
1017 3.855409e-07 1.670513e-03
1018 8.628512e-07 2.772115e-03
1019 1.508736e-07 4.382236e-03
1020 1.310350e-07 1.739922e-03
1021 1.009573e-05 4.608238e-03
1022 1.612946e-07 1.153137e-03
1023 1.146841e-06 1.813301e-03
1024 2.177044e-08 1.391162e-03
1025 4.350555e-07 2.233278e-03
1026 3.265648e-03 6.175477e-01
1027 1.611484e-04 7.992593e-02
1028 4.412074e-05 6.475758e-02
1029 3.905989e-04 6.170289e-02
1030 1.281211e-03 2.411693e-01
1031 1.286989e-03 3.373404e-01
1032 4.167368e-06 7.532767e-03
1033 1.536876e-05 1.645718e-02
1034 7.287711e-04 1.477097e-01
1035 2.968255e-06 4.124943e-03
1036 6.237844e-06 9.016869e-03
1037 3.322136e-05 2.208049e-02
1038 1.063276e-06 2.919265e-03
1039 1.423366e-05 1.336146e-02
1040 3.252907e-06 8.859915e-03
1041 2.001344e-06 2.523195e-02
1042 2.492552e-06 1.069063e-02
1043 1.725853e-05 1.423203e-02
1044 6.447373e-07 1.702703e-02
1045 1.020047e-06 7.429070e-03
1046 9.838582e-05 3.100004e-02
1047 3.208731e-04 1.041229e-01
1048 1.141142e-04 3.909568e-02
1049 2.908711e-06 8.567758e-03
1050 1.186821e-03 2.131669e-01
1051 9.485360e-04 1.226153e-01
1052 1.732986e-08 1.226151e-03
1053 6.721480e-08 1.818789e-03
1054 1.575899e-04 2.605036e-02
1055 1.521916e-08 1.555634e-03
1056 7.862839e-08 4.669847e-03
1057 4.889973e-08 2.136378e-03
1058 6.680251e-08 2.017017e-03
1059 4.522746e-09 1.031581e-03
1060 6.020671e-10 9.550443e-04
1061 1.283328e-06 2.845420e-03
1062 1.172420e-07 1.809493e-03
1063 6.541833e-07 3.785039e-03
1064 2.724680e-04 8.018120e-02
1065 6.491867e-06 1.528728e-02
1066 3.624296e-09 1.577711e-03
1067 1.780255e-10 1.439700e-03
1068 7.969761e-10 1.465181e-03
1069 1.562324e-09 1.613935e-03
1070 2.373826e-06 1.403545e-02
1071 1.190189e-06 5.217485e-03
1072 9.732614e-07 3.214144e-03
1073 1.127615e-05 1.880763e-02
1074 3.375329e-08 1.053888e-03
1075 3.116491e-05 2.512440e-02
1076 5.575424e-06 5.504038e-03
1077 1.574359e-05 1.415169e-02
1078 3.154403e-08 1.631675e-03
1079 5.945389e-07 5.789670e-03
1080 3.690664e-08 1.572907e-03
1081 1.606745e-09 1.460088e-03
1082 9.413514e-09 1.485211e-03
1083 6.286939e-08 1.824872e-03
1084 2.109603e-09 1.228320e-03
1085 6.001865e-07 4.303108e-03
1086 7.460243e-09 1.239636e-03
1087 1.656486e-08 1.369120e-03
1088 4.917003e-09 4.681046e-03
1089 3.212216e-09 1.234221e-03
1090 7.976987e-10 1.195548e-03
1091 2.249262e-09 1.228804e-03
1092 1.919089e-03 4.689343e-01
1093 9.195762e-07 1.872499e-02
1094 8.145420e-07 1.380986e-02
1095 2.215981e-07 1.688638e-03
1096 2.905464e-08 1.480823e-03
1097 2.393466e-07 4.818801e-03
1098 3.339296e-06 7.491586e-03
1099 3.951710e-07 3.237698e-03
1100 5.883646e-07 2.791903e-03
1101 1.591951e-05 4.339322e-03
1102 1.098786e-06 3.162292e-03
1103 5.796040e-07 2.740808e-03
1104 1.949101e-04 5.938821e-02
1105 7.289596e-08 1.527502e-03
1106 3.137042e-08 2.234480e-03
1107 1.102717e-07 3.125637e-03
1108 1.803041e-07 1.730571e-03
1109 8.707816e-08 2.020267e-03
1110 5.444503e-07 4.702878e-03
1111 8.495994e-08 3.953343e-03
1112 3.126608e-05 3.784402e-02
1113 6.810879e-06 1.686110e-02
1114 2.323538e-07 2.047273e-03
1115 6.416993e-05 2.870205e-02
1116 9.907436e-09 1.478719e-03
1117 6.964825e-08 1.607513e-03
1118 2.966994e-06 6.551672e-03
1119 3.654674e-05 2.200192e-02
1120 1.952611e-06 3.970277e-03
1121 4.600576e-06 6.661939e-03
1122 2.756544e-06 3.975789e-03
1123 6.610890e-07 2.444582e-03
1124 2.039315e-06 3.698617e-03
1125 2.862696e-06 4.358123e-03
1126 3.284129e-06 4.922019e-03
1127 1.367062e-06 3.825255e-03
1128 1.419499e-06 4.468942e-03
1129 5.451718e-06 3.136650e-03
1130 4.580255e-06 4.650239e-03
1131 7.177660e-05 4.106012e-02
1132 6.369464e-04 1.592759e-01
1133 8.604082e-06 4.260409e-02
1134 1.379531e-06 9.031628e-03
1135 1.245197e-06 2.240748e-03
1136 3.547413e-06 4.426709e-03
1137 1.993211e-06 5.295004e-03
1138 3.472876e-05 9.239694e-03
1139 9.527779e-07 5.172621e-03
1140 6.112931e-04 1.863072e-01
1141 6.680778e-05 2.680776e-02
1142 1.824211e-05 8.069962e-03
1143 3.554460e-06 6.603893e-03
1144 1.820097e-05 3.609284e-02
1145 7.554957e-07 9.127823e-03
1146 7.129315e-05 6.170113e-02
1147 1.933645e-05 4.094432e-02
1148 5.411180e-05 1.413256e-02
1149 1.491784e-05 9.909329e-03
1150 9.102619e-06 9.319050e-03
1151 2.836563e-05 1.206282e-02
1152 3.377582e-06 5.728907e-03
1153 1.942208e-06 4.572551e-03
1154 1.135477e-05 7.283201e-03
1155 1.281154e-04 1.162735e-02
1156 9.116216e-05 3.126679e-02
1157 8.210505e-05 4.687591e-02
1158 1.139635e-05 1.432474e-02
1159 3.417388e-04 1.272593e-01
1160 8.769310e-06 9.911717e-03
1161 4.018457e-06 6.884063e-03
1162 3.924673e-05 4.028591e-02
1163 7.776020e-04 1.704983e-01
1164 3.351676e-05 1.910307e-02
1165 4.269199e-05 1.075619e-02
1166 5.190608e-05 3.837452e-02
1167 2.238948e-05 3.154809e-02
1168 5.298438e-05 1.748541e-02
1169 4.994694e-05 3.566177e-02
1170 3.578169e-05 2.972608e-02
1171 3.629515e-06 8.037834e-03
1172 1.977758e-05 2.296317e-02
1173 1.381812e-03 1.709580e-01
1174 1.030985e-03 9.602605e-02
1175 5.294830e-05 3.469883e-02
1176 5.187129e-03 1.393861e+00
1177 6.891535e-07 3.077658e-03
1178 2.966772e-05 2.223706e-02
1179 1.192385e-05 2.231445e-02
1180 2.020123e-04 3.958412e-02
1181 5.428240e-05 1.801301e-02
1182 1.154664e-04 3.669507e-02
1183 2.589016e-05 2.383272e-02
1184 2.575344e-04 7.097433e-02
1185 5.412486e-04 1.284495e-01
1186 4.402427e-05 1.971479e-02
1187 9.781770e-06 8.776605e-03
1188 4.661667e-06 1.002030e-02
1189 1.082707e-04 2.699860e-02
1190 1.062670e-03 1.253442e-01
1191 2.004305e-04 2.430962e-02
1192 2.128143e-04 7.184190e-02
1193 1.090169e-04 3.062781e-02
1194 3.524657e-04 1.535070e-01
1195 1.494076e-04 5.157314e-02
1196 5.370969e-04 9.461471e-02
1197 2.240812e-04 2.749380e-02
1198 2.133683e-05 2.623991e-02
1199 1.202651e-04 4.108673e-02
1200 8.532746e-04 1.316682e-01
1201 9.207130e-06 2.669807e-02
1202 2.636198e-05 1.473594e-02
1203 4.180524e-05 3.793552e-02
1204 2.296224e-04 5.868023e-02
1205 3.885959e-07 4.838063e-03
1206 7.385713e-06 1.641193e-02
1207 2.892882e-07 3.613269e-03
1208 2.557147e-04 7.372847e-02
1209 3.314019e-06 8.667636e-03
1210 4.242922e-07 8.322126e-03
1211 8.560438e-07 3.546471e-03
1212 9.938855e-06 4.636141e-03
1213 4.055912e-06 7.310708e-03
1214 2.728155e-06 8.553058e-03
1215 1.055816e-05 3.387919e-02
1216 3.512259e-08 4.239257e-03
1217 6.285440e-04 2.027145e-01
1218 4.066549e-06 6.399758e-03
1219 3.387296e-07 1.272117e-03
1220 3.715407e-07 3.383643e-03
1221 5.970027e-05 7.097368e-03
1222 9.399698e-04 1.545108e-01
1223 2.720016e-07 2.039289e-03
1224 6.427452e-07 2.117468e-03
1225 2.724262e-04 4.671050e-02
1226 1.643440e-07 2.306544e-03
1227 1.917573e-03 3.090108e-01
1228 3.056059e-05 8.712934e-03
1229 1.764049e-08 1.267754e-03
1230 1.069476e-06 2.531442e-03
1231 1.726126e-06 1.712111e-03
1232 7.326234e-08 2.018582e-03
1233 1.193838e-07 2.236760e-03
1234 5.234536e-06 3.800938e-03
1235 2.078682e-07 2.537198e-03
1236 1.211727e-06 2.846807e-03
1237 2.801581e-06 3.148086e-03
1238 3.133933e-06 3.770563e-03
1239 2.948234e-07 2.305595e-03
1240 3.248931e-03 6.752666e-01
1241 5.003478e-06 4.713343e-03
1242 3.847186e-06 3.112566e-03
1243 7.535340e-06 3.932552e-03
1244 4.113939e-06 3.705652e-03
1245 1.184592e-06 2.737216e-03
1246 1.963435e-06 2.645727e-03
1247 4.706142e-05 1.343909e-02
1248 1.000859e-04 4.075765e-02
1249 7.070333e-06 1.057550e-02
1250 2.815127e-05 1.749293e-02
1251 2.988167e-05 1.724170e-02
1252 4.864910e-06 1.662109e-02
1253 4.325986e-06 1.488435e-02
1254 1.415168e-06 8.142072e-03
1255 1.613960e-03 2.765945e-01
1256 1.816172e-05 7.311934e-03
1257 3.561263e-03 7.959558e-01
1258 7.236462e-05 6.965086e-02
1259 1.327876e-03 1.783460e-01
1260 1.515199e-04 1.913163e-02
1261 5.624702e-08 1.844669e-03
1262 1.063067e-03 1.017863e-01
1263 8.649938e-06 5.139978e-03
1264 2.123220e-04 3.997584e-02
1265 1.787541e-06 3.007148e-03
1266 2.841943e-06 6.826802e-03
1267 2.741882e-08 1.939330e-03
1268 9.654888e-06 5.683633e-03
1269 6.137977e-05 5.803391e-02
1270 3.908981e-04 4.039271e-02
1271 1.379229e-05 1.047685e-02
1272 1.014806e-06 3.205781e-03
1273 1.889224e-05 5.925323e-03
1274 4.808704e-05 1.976422e-02
1275 4.828550e-04 5.810689e-02
1276 7.828106e-04 8.535367e-02
1277 3.463636e-04 1.119465e-01
1278 5.204131e-04 1.089595e-01
1279 1.896155e-05 4.950165e-03
1280 2.533628e-06 7.299952e-03
1281 8.795413e-07 8.506910e-03
1282 3.644529e-06 1.527249e-02
1283 5.476584e-06 1.220903e-02
1284 8.866148e-04 1.951879e-01
1285 1.680106e-04 2.680885e-02
1286 1.696922e-04 9.281034e-02
1287 2.219616e-06 7.097189e-03
1288 2.554624e-04 1.129362e-01
1289 1.463355e-04 1.282286e-01
1290 2.480956e-07 1.817001e-03
1291 1.055906e-04 6.844039e-02
1292 1.403842e-04 1.310488e-02
1293 7.960787e-04 1.911401e-01
1294 3.358061e-07 2.360714e-03
1295 2.351486e-05 1.616988e-02
1296 1.708816e-05 1.644585e-02
1297 1.448969e-03 2.417131e-01
1298 6.482620e-04 1.715404e-01
1299 1.009076e-04 1.773610e-02
1300 1.129087e-03 2.812756e-01
1301 6.101601e-06 3.795293e-03
1302 3.513471e-07 3.642459e-03
1303 1.365284e-04 1.947461e-02
1304 2.242973e-04 3.244355e-02
1305 5.101777e-04 3.546374e-02
1306 9.653682e-05 1.587641e-02
1307 7.018939e-04 4.194927e-02
1308 4.031613e-06 9.836648e-03
1309 1.589286e-03 1.280470e-01
1310 1.102876e-03 2.766179e-01
1311 5.680578e-04 1.123848e-01
1312 3.234331e-03 6.019941e-01
1313 1.493023e-05 4.501626e-03
1314 1.930230e-04 3.070334e-02
1315 1.355667e-07 5.988656e-03
1316 4.037638e-08 4.988518e-03
1317 2.108408e-07 3.427199e-03
1318 1.038540e-06 1.979981e-03
1319 6.737698e-08 2.515333e-03
1320 7.284429e-07 4.407791e-03
1321 3.782891e-07 4.095862e-03
1322 1.476393e-08 1.539487e-03
1323 6.071947e-06 1.457134e-02
1324 1.186597e-05 2.831723e-03
1325 9.639901e-07 6.688389e-03
1326 2.579705e-06 8.020092e-03
1327 3.041404e-05 9.573186e-03
1328 1.078460e-05 6.284198e-03
1329 1.763860e-09 2.764808e-03
1330 3.224641e-06 9.446066e-03
1331 2.737378e-04 1.395638e-01
1332 1.384781e-04 1.982349e-01
1333 2.937585e-05 3.166043e-02
1334 3.058143e-06 2.095076e-02
1335 5.487456e-05 1.711689e-02
1336 1.140104e-05 9.317942e-03
1337 4.081862e-06 4.224569e-03
1338 1.704104e-04 1.994255e-02
1339 5.700627e-06 2.815637e-02
1340 2.284716e-06 9.991005e-03
1341 7.491743e-06 7.359885e-03
1342 1.107058e-07 1.648561e-03
1343 2.314555e-03 2.890800e-01
1344 1.768077e-06 5.108484e-03
1345 6.943158e-04 2.074996e-01
1346 1.868948e-04 3.760542e-02
1347 6.871210e-04 6.833671e-02
1348 7.364825e-05 1.965881e-02
1349 2.396814e-05 1.277119e-02
1350 4.371532e-03 3.539637e-01
1351 8.990698e-04 2.252021e-01
1352 8.364169e-04 2.115428e-01
1353 7.135199e-08 3.317680e-03
1354 4.754903e-07 3.084849e-03
1355 2.863767e-05 3.582294e-02
1356 3.486303e-07 4.480859e-03
1357 6.137849e-07 5.364225e-03
1358 1.769538e-03 2.214292e-01
1359 3.862142e-06 2.533207e-02
1360 6.781516e-06 3.803711e-03
1361 1.592413e-05 1.147048e-02
1362 1.085413e-06 3.283841e-03
1363 2.603591e-08 1.347222e-03
1364 2.134842e-07 1.282346e-03
1365 3.340610e-08 1.903421e-03
1366 1.389176e-06 7.061976e-03
1367 5.244178e-05 3.343536e-02
1368 1.702816e-06 3.234792e-03
1369 8.537185e-08 2.305185e-03
1370 1.625617e-07 1.148067e-03
1371 4.319802e-06 2.079116e-03
1372 6.684947e-07 1.213526e-03
1373 1.562887e-07 2.024487e-03
1374 1.527790e-05 7.805238e-03
1375 3.743138e-04 1.074906e-01
1376 1.797253e-04 1.196659e-02
1377 2.164150e-04 4.077605e-02
1378 4.859498e-06 1.116854e-02
1379 3.991894e-04 5.840836e-02
1380 1.347532e-04 3.856144e-02
1381 7.079317e-07 2.244502e-02
1382 9.886712e-07 2.243484e-03
1383 9.369211e-06 6.361468e-03
1384 1.412038e-03 2.597156e-01
1385 3.466475e-04 2.550699e-02
1386 9.119783e-04 1.071342e-01
1387 2.323911e-03 2.877810e-01
1388 1.197999e-03 2.943233e-01
1389 2.289105e-05 6.518275e-03
1390 3.722879e-04 1.039865e-01
1391 1.096126e-05 1.556781e-02
1392 1.547336e-06 1.589598e-02
1393 5.788168e-07 2.894529e-03
1394 3.907571e-06 1.058477e-02
1395 1.528384e-05 3.994189e-02
1396 8.146366e-07 4.984515e-03
1397 8.775989e-06 4.120514e-03
1398 9.048517e-04 2.743701e-01
1399 2.773799e-05 1.509487e-02
1400 1.180107e-05 7.886781e-03
1401 1.381197e-04 4.383460e-02
1402 2.561825e-06 3.906062e-03
1403 1.884111e-05 2.858086e-03
1404 5.013919e-05 3.398124e-02
1405 6.602229e-07 2.165273e-03
1406 1.011034e-04 1.037874e-02
1407 1.675861e-06 2.596783e-03
1408 2.976673e-07 2.391461e-03
1409 2.724328e-04 2.085908e-02
1410 8.467002e-04 8.522501e-02
1411 4.690690e-05 1.543963e-01
1412 8.033310e-04 1.525947e-01
1413 2.320135e-06 2.398873e-03
1414 2.835044e-03 4.438936e-01
1415 6.041893e-07 3.208160e-03
1416 3.146669e-06 4.085428e-03
1417 1.172594e-05 2.911466e-03
1418 4.442498e-06 3.666184e-03
1419 2.559181e-04 5.332392e-02
1420 1.958897e-03 1.807937e-01
1421 2.652730e-04 1.138324e-01
1422 1.541127e-04 4.412279e-02
1423 1.117915e-03 2.434954e-01
1424 1.790472e-06 9.818436e-03
1425 1.913910e-03 5.909225e-01
1426 7.429953e-04 3.310291e-01
1427 3.875697e-05 3.883745e-02
1428 6.429150e-05 8.353430e-03
1429 1.886311e-05 9.802382e-03
1430 2.258320e-05 4.207088e-02
1431 1.696089e-05 3.743133e-02
1432 2.184447e-04 3.547523e-02
1433 4.672899e-07 7.773607e-03
1434 2.254519e-06 3.252634e-02
1435 1.281141e-04 4.415959e-02
1436 1.556945e-03 2.268495e-01
1437 9.724837e-07 4.641322e-03
1438 1.658194e-05 6.823699e-03
1439 3.091413e-03 6.522801e-01
1440 1.481010e-04 3.580823e-02
1441 5.517074e-04 3.104981e-01
1442 6.438370e-08 2.163362e-03
1443 2.038901e-04 5.018323e-02
1444 4.053869e-05 3.467075e-02
1445 1.327070e-04 4.241998e-02
1446 1.019757e-05 6.176663e-03
1447 1.232959e-04 1.089409e-02
1448 4.062764e-06 9.699094e-03
1449 3.032845e-04 8.659478e-02
1450 6.368557e-04 9.898446e-02
1451 5.258853e-07 1.795252e-03
1452 1.880526e-05 1.372744e-02
1453 1.213480e-06 1.936552e-03
1454 4.602936e-07 1.283247e-02
1455 1.646657e-08 4.417220e-03
1456 2.199622e-06 8.027577e-03
1457 9.275973e-07 5.392219e-03
1458 1.214499e-07 2.869624e-03
1459 1.807577e-05 6.468258e-03
1460 7.410500e-08 4.498983e-03
1461 2.766164e-07 7.659377e-03
1462 2.540651e-06 8.443397e-03
1463 1.363150e-04 2.773611e-02
1464 3.292251e-03 4.909206e-01
1465 1.674987e-03 3.076549e-01
1466 5.821935e-04 2.478179e-01
1467 7.767010e-05 2.773191e-02
1468 3.477759e-03 3.976216e-01
1469 5.897028e-04 2.654707e-01
1470 6.446917e-05 2.629477e-02
1471 1.108410e-05 1.396704e-02
1472 4.644084e-04 7.431610e-02
1473 4.700673e-08 2.955267e-03
1474 1.264184e-07 1.250208e-02
1475 9.147970e-07 4.512045e-03
1476 1.306744e-05 5.250680e-03
1477 6.257324e-04 1.474301e-01
1478 7.536240e-05 2.444511e-02
1479 2.349148e-04 6.496957e-02
1480 5.306240e-04 1.032866e-01
1481 1.798563e-05 3.309788e-02
1482 9.782523e-05 5.930912e-02
1483 4.087854e-05 9.160302e-03
1484 1.106592e-05 6.467251e-03
1485 1.703123e-05 6.095362e-03
1486 7.768223e-04 1.293286e-01
1487 2.235029e-05 1.082785e-02
1488 1.145728e-04 2.415945e-02
1489 1.147792e-05 4.249791e-03
1490 1.352025e-05 4.837679e-03
1491 1.092417e-03 1.166742e-01
1492 7.311036e-05 1.609509e-02
1493 2.958048e-05 4.814347e-03
1494 3.380888e-05 1.916047e-02
1495 2.030599e-03 2.041984e-01
1496 4.138840e-05 5.694856e-03
1497 3.012064e-04 8.666162e-02
1498 1.199277e-03 3.878576e-01
1499 2.379905e-04 1.926584e-02
1500 5.777172e-06 9.982155e-03
1501 1.198933e-04 6.818391e-02
1502 3.689710e-04 9.506269e-02
1503 6.240897e-05 2.300381e-02
1504 1.195371e-03 4.388621e-01
1505 6.987602e-05 6.770912e-02
1506 3.273359e-07 1.657753e-03
1507 6.483006e-04 1.108643e-01
1508 9.089013e-04 6.986554e-01
1509 3.857782e-06 4.018996e-03
1510 2.167892e-06 3.589792e-03
1511 8.288836e-04 1.021020e-01
1512 2.252760e-07 1.048620e-03
1513 5.248638e-06 1.701666e-02
1514 2.064910e-07 5.203573e-03
1515 1.864828e-06 9.596052e-03
1516 1.481486e-04 8.809641e-02
1517 3.438442e-05 1.481828e-02
1518 5.812784e-05 7.949498e-02
1519 1.822101e-08 1.805951e-03
1520 1.050046e-04 6.180694e-02
1521 2.814543e-07 2.416708e-03
1522 4.099126e-07 4.699619e-03
1523 7.306351e-06 5.326379e-03
1524 2.530467e-03 1.740964e-01
1525 1.966671e-04 2.596717e-02
1526 1.967671e-05 2.267571e-02
1527 1.121054e-04 3.091361e-02
1528 9.956545e-06 6.836841e-03
1529 9.505296e-05 1.766435e-02
1530 8.675154e-06 6.557843e-03
1531 6.931120e-05 7.678051e-02
1532 1.009492e-04 1.434666e-02
1533 1.152959e-04 1.006191e-01
1534 1.150783e-03 2.236064e-01
1535 2.092914e-03 3.570282e-01
1536 4.837143e-04 2.629480e-01
1537 1.926435e-06 8.296001e-03
1538 7.088633e-04 3.200038e-01
1539 7.961395e-06 2.492686e-02
1540 1.835781e-06 4.653119e-02
1541 1.884123e-04 1.959594e-01
1542 6.742778e-03 7.053018e-01
1543 8.125921e-07 5.560958e-03
1544 8.776270e-06 1.634731e-02
1545 1.878158e-07 3.638537e-03
1546 1.037113e-03 7.709458e-02
1547 7.163632e-05 3.469701e-02
1548 5.641775e-06 3.949996e-02
1549 1.323979e-07 2.621127e-03
1550 1.161452e-04 2.537058e-02
1551 1.477140e-05 1.588647e-02
1552 3.083407e-08 1.268128e-03
1553 4.924905e-07 3.186595e-03
1554 6.215989e-04 2.349355e-01
1555 8.313476e-04 1.570749e-01
1556 8.719774e-05 3.702398e-02
1557 7.843146e-04 1.841161e-01
1558 6.297368e-04 2.590120e-01
1559 3.601985e-03 1.598497e-01
1560 1.630068e-05 4.737490e-03
1561 2.825656e-04 3.736347e-02
1562 2.815571e-05 1.310045e-02
1563 2.047195e-04 2.238685e-02
1564 2.792361e-06 7.851554e-03
1565 2.307973e-04 5.691734e-02
1566 1.005153e-04 1.807112e-02
1567 1.898427e-05 6.519464e-03
1568 5.581264e-05 7.123112e-03
1569 1.161449e-04 1.912889e-02
1570 1.021755e-04 3.692822e-02
1571 3.192617e-04 5.191091e-02
1572 1.081583e-07 1.946191e-03
1573 2.753454e-04 1.123096e-01
1574 4.357068e-06 5.466422e-03
1575 6.657009e-05 2.100467e-02
1576 5.264758e-06 1.457292e-02
1577 1.588304e-03 2.897464e-01
1578 1.837730e-06 6.590831e-03
1579 2.252510e-05 2.081650e-02
1580 8.972862e-08 2.501210e-03
1581 1.307837e-05 4.367204e-03
1582 4.131603e-06 6.095408e-03
1583 2.697411e-04 7.128555e-02
1584 3.488256e-06 6.868946e-03
1585 1.798970e-03 3.604694e-01
1586 1.448611e-03 3.250280e-01
1587 3.106342e-04 1.219439e-01
1588 2.946671e-04 7.427837e-02
1589 5.508884e-04 1.677133e-01
1590 1.265979e-03 2.035002e-01
1591 2.731651e-05 5.658495e-02
1592 2.388084e-05 3.097296e-02
1593 2.014063e-04 1.062302e-01
1594 9.235787e-05 4.116160e-02
1595 1.834518e-05 1.671751e-02
1596 3.301246e-05 2.435115e-02
1597 3.563987e-05 2.866428e-02
1598 1.129106e-04 1.045424e-01
1599 8.467499e-06 3.395417e-03
1600 7.217867e-04 1.113833e-01
1601 3.076436e-07 1.419837e-03
1602 2.200577e-03 3.611461e-01
1603 2.386506e-06 2.532296e-03
1604 1.289016e-08 2.524043e-03
1605 2.090929e-04 4.504490e-02
1606 3.087812e-09 2.940430e-03
1607 4.772596e-07 1.967710e-03
1608 1.150592e-06 1.984816e-03
1609 2.829783e-04 3.599129e-02
1610 2.796545e-04 7.714422e-02
1611 4.004486e-09 1.884515e-03
1612 1.605281e-07 2.237387e-03
1613 8.499221e-06 3.137417e-03
1614 5.120433e-06 5.187768e-03
1615 2.828186e-04 1.032399e-01
1616 5.113463e-04 8.077896e-02
1617 5.435182e-04 1.178553e-01
1618 3.914823e-05 3.671613e-02
1619 8.784338e-04 4.317115e-01
1620 6.419898e-06 1.060000e-02
1621 3.073676e-04 1.162112e-01
1622 1.028695e-05 5.533978e-03
1623 4.094893e-05 4.958278e-02
1624 8.776065e-07 5.254349e-03
1625 2.317899e-07 1.686651e-03
1626 8.189548e-07 9.803118e-03
1627 3.377852e-06 6.504241e-03
1628 3.127450e-08 1.988711e-03
1629 2.176361e-04 6.263443e-02
1630 4.094539e-08 1.720989e-03
1631 2.113266e-05 1.160985e-02
1632 1.527058e-06 1.007619e-02
1633 1.113180e-04 3.740422e-02
1634 1.825449e-03 4.708798e-01
1635 1.310323e-03 1.941945e-01
1636 3.958652e-03 9.011404e-01
1637 2.160732e-04 1.185741e-01
1638 7.604100e-05 2.185545e-02
1639 2.026267e-03 6.076420e-01
1640 2.704709e-04 1.185300e-01
1641 2.005034e-03 2.894320e-01
1642 2.301951e-05 4.572939e-02
1643 1.664247e-04 4.672365e-02
1644 2.301244e-04 1.106047e-01
1645 3.225152e-07 1.634173e-03
1646 1.116804e-04 1.124114e-02
1647 1.836894e-04 2.573516e-01
1648 4.448491e-06 6.021192e-03
1649 1.672692e-04 2.452380e-02
1650 1.323790e-03 2.727502e-01
1651 7.159160e-06 2.146153e-03
1652 1.724806e-03 3.396533e-01
1653 3.661809e-03 4.502562e-01
1654 2.548469e-07 2.782680e-03
1655 3.138607e-05 6.721602e-03
1656 1.055377e-07 3.781173e-03
1657 3.349183e-08 1.268648e-03
1658 1.091976e-06 3.333303e-03
1659 3.673734e-05 1.000160e-02
1660 1.243238e-08 2.013196e-03
1661 1.092114e-04 7.892238e-02
1662 3.642549e-07 8.332956e-03
1663 2.093079e-04 3.246981e-02
1664 1.412209e-07 7.007415e-03
1665 2.594341e-04 2.494508e-02
1666 6.920656e-04 6.698677e-02
1667 1.123611e-04 5.357667e-02
1668 4.464099e-06 2.664957e-03
1669 2.062667e-05 5.366299e-03
1670 9.471815e-06 1.079090e-02
1671 1.216223e-06 4.646835e-03
1672 2.956612e-05 3.087018e-02
1673 2.152627e-04 5.626555e-02
1674 7.233745e-06 2.902716e-03
1675 4.691344e-05 1.064295e-02
1676 7.372552e-07 1.460143e-03
1677 9.124924e-06 1.379922e-02
1678 6.866447e-04 2.586377e-01
1679 2.432870e-06 1.366631e-02
1680 1.295497e-05 1.652537e-02
1681 2.228696e-04 5.563067e-02
1682 3.536334e-06 8.187746e-03
1683 7.989892e-07 1.419441e-02
1684 3.114414e-06 6.839931e-03
1685 6.096534e-09 2.228123e-03
1686 1.720922e-04 3.445252e-02
1687 1.220100e-04 1.423812e-02
1688 2.160915e-08 1.175346e-03
1689 1.324163e-05 4.413043e-02
1690 2.642337e-06 1.072274e-02
1691 5.032921e-05 5.974553e-02
1692 2.408925e-03 5.064212e-01
1693 6.119671e-03 3.619490e-01
1694 3.296838e-04 7.397184e-02
1695 2.034617e-05 8.653813e-03
1696 3.039005e-06 2.928832e-03
1697 2.232175e-07 6.217259e-03
1698 7.084465e-05 5.564070e-02
1699 1.749210e-06 1.706725e-02
1700 4.143988e-05 1.045146e-02
1701 3.155516e-06 1.022694e-02
1702 4.518628e-07 6.162858e-03
1703 6.202659e-06 1.426300e-02
1704 2.130103e-06 6.946591e-03
1705 4.444837e-04 2.988503e-01
1706 9.319215e-05 4.777816e-02
1707 1.340615e-06 3.199804e-03
1708 2.170378e-09 2.065971e-03
1709 5.008098e-08 5.398702e-03
1710 4.372714e-09 1.419439e-03
1711 1.324532e-06 1.056474e-02
1712 1.952255e-06 5.475693e-03
1713 2.373727e-07 4.438198e-03
1714 1.068349e-06 6.035416e-03
1715 1.627570e-06 4.459328e-03
1716 1.307276e-07 6.145563e-03
1717 9.711871e-09 2.195869e-03
1718 2.190304e-06 1.819030e-02
1719 4.035779e-10 1.983114e-03
1720 1.451096e-06 4.623152e-03
1721 5.917792e-08 1.540442e-03
1722 1.593673e-05 1.194809e-02
1723 7.262084e-09 1.305479e-03
1724 2.139829e-09 1.415813e-03
1725 9.077518e-08 1.926909e-03
1726 5.341824e-06 3.623827e-02
1727 1.552640e-07 1.034407e-02
1728 4.477481e-08 2.566416e-03
1729 2.227769e-05 1.115886e-02
1730 2.067657e-07 4.511816e-03
1731 4.523068e-07 3.980921e-03
1732 4.250533e-05 6.111949e-02
1733 2.921622e-04 2.181576e-01
1734 9.035917e-04 2.585806e-01
1735 2.584175e-05 7.279146e-02
1736 3.730802e-07 7.894951e-03
1737 1.221418e-05 8.706055e-03
1738 1.406381e-04 2.109578e-01
1739 1.031496e-03 1.573690e-01
1740 9.274589e-06 2.341766e-02
1741 4.494469e-09 1.330366e-03
1742 5.518470e-07 1.689876e-03
1743 5.350960e-07 4.097619e-03
1744 2.118322e-08 2.071399e-03
1745 8.561893e-08 2.241730e-03
1746 1.224506e-06 8.524294e-03
1747 6.187312e-06 2.310158e-02
1748 1.061500e-05 9.105527e-03
1749 9.927056e-07 6.836595e-03
1750 4.071998e-07 8.690833e-03
1751 1.366885e-07 4.088134e-03
1752 2.884292e-07 7.613472e-03
1753 2.523623e-04 9.162466e-02
1754 2.209725e-03 3.037393e-01
1755 1.945199e-03 2.712038e-01
1756 2.508534e-06 1.938883e-02
1757 5.409988e-05 6.491003e-02
1758 7.597353e-04 4.983005e-01
1759 2.044983e-04 1.354939e-01
1760 8.986315e-04 1.540133e-01
1761 7.042341e-04 5.076239e-01
1762 2.599791e-03 5.151736e-01
1763 9.075571e-04 1.678506e-01
1764 3.752733e-05 2.159369e-02
1765 1.028880e-04 3.693999e-02
1766 7.721692e-04 2.201432e-01
1767 1.744055e-04 3.518626e-02
1768 3.039275e-05 3.177528e-02
1769 6.611237e-04 1.287427e-01
1770 5.277812e-04 8.289750e-02
1771 2.493575e-04 1.086271e-01
1772 4.598720e-07 4.399452e-03
1773 8.120622e-03 1.308258e+00
1774 7.134396e-04 2.542876e-01
1775 2.988625e-03 8.455418e-01
1776 6.192574e-04 1.402739e-01
1777 5.241896e-05 5.520858e-02
1778 1.781595e-03 4.744678e-01
1779 1.107897e-04 7.378638e-02
1780 7.749311e-05 5.830252e-02
1781 3.649012e-05 3.002279e-02
1782 3.010923e-05 3.176817e-02
1783 1.244884e-03 3.461176e-01
1784 1.003270e-04 6.882807e-02
1785 1.313447e-04 9.922766e-02
1786 8.957608e-05 1.279138e-02
1787 2.724879e-04 4.177268e-02
1788 1.127470e-03 2.468335e-01
1789 4.167657e-04 1.188488e-01
1790 3.087429e-05 1.749048e-02
1791 1.166895e-04 1.522495e-01
1792 7.189474e-04 1.682082e-01
1793 1.296395e-04 5.549869e-02
1794 5.350846e-05 1.909011e-02
1795 1.354496e-04 3.059790e-02
1796 1.617780e-04 8.967133e-02
1797 7.100029e-05 9.591696e-02
1798 3.690428e-05 4.707133e-02
1799 2.869603e-06 1.564893e-02
1800 6.111962e-04 1.626269e-01
1801 1.031702e-04 3.755134e-02
1802 3.649761e-03 2.835457e-01
1803 1.542948e-03 1.472672e-01
1804 1.346795e-03 1.439564e-01
1805 2.131280e-04 4.865405e-02
1806 1.008061e-04 5.894547e-02
1807 4.549419e-05 2.140762e-02
1808 5.038535e-04 1.523665e-01
1809 1.009788e-05 2.251459e-02
1810 1.061894e-06 9.205539e-03
1811 1.676811e-05 1.241037e-02
1812 1.644336e-05 1.839426e-02
1813 4.899381e-06 9.432979e-03
1814 4.895372e-07 2.083757e-02
1815 3.587290e-05 7.040430e-02
1816 2.480107e-05 2.764539e-02
1817 1.075831e-04 5.904493e-02
1818 8.691354e-06 4.610305e-02
1819 2.321034e-03 3.290901e-01
1820 7.119229e-04 1.180161e-01
1821 4.210763e-05 1.985401e-02
1822 1.293850e-05 1.895392e-02
1823 9.417344e-06 4.782767e-02
1824 6.793304e-05 3.161491e-02
1825 9.596153e-04 2.474802e-01
1826 3.031187e-04 5.094232e-02
1827 6.059156e-06 1.183535e-02
1828 6.561592e-06 1.660718e-02
1829 1.179437e-05 1.542698e-02
1830 3.521375e-03 6.418028e-01
1831 2.755163e-06 9.190059e-03
1832 8.320460e-05 3.483327e-02
1833 2.467063e-07 1.111224e-02
1834 3.649328e-05 1.776979e-02
1835 9.430385e-08 8.513003e-03
1836 4.475593e-06 6.166900e-03
1837 2.649840e-04 5.998106e-02
1838 2.534821e-05 2.945684e-02
1839 1.319684e-05 4.466090e-02
1840 6.519916e-05 7.382597e-02
1841 3.428384e-05 3.924940e-02
1842 6.957006e-06 2.108727e-02
1843 1.655299e-05 1.674898e-02
1844 1.842867e-05 1.996772e-02
1845 4.553508e-05 1.544198e-02
1846 5.444652e-07 7.220180e-03
1847 2.369000e-05 1.224642e-02
1848 1.600323e-06 1.253496e-02
1849 2.501971e-06 1.498121e-02
1850 7.767175e-07 9.855404e-03
1851 7.528356e-07 5.662202e-03
1852 1.902941e-06 4.719879e-03
1853 1.723034e-06 4.360111e-03
1854 2.092643e-04 6.432706e-02
1855 9.728665e-06 2.778256e-02
1856 1.976002e-04 8.289188e-02
1857 8.329541e-04 8.337527e-02
1858 1.726918e-04 5.869792e-02
1859 3.286425e-06 5.397036e-03
1860 1.713201e-04 7.733309e-02
1861 5.568334e-08 7.872783e-03
1862 9.383089e-07 9.510556e-03
1863 6.314149e-06 2.579891e-02
1864 4.298483e-04 1.187144e-01
1865 8.336693e-05 5.492200e-02
1866 2.927150e-05 4.581458e-02
1867 2.831022e-06 1.160000e-02
1868 4.049092e-07 9.818532e-03
1869 9.275647e-07 6.695423e-03
1870 2.958879e-06 1.539411e-02
1871 1.420121e-03 1.873969e-01
1872 5.501039e-04 2.045877e-01
1873 3.846297e-05 1.598734e-02
1874 8.807565e-05 7.325749e-02
1875 6.433045e-04 8.877006e-02
1876 1.802364e-05 6.603761e-03
1877 9.287996e-05 2.272811e-02
1878 1.176539e-05 7.406055e-03
1879 7.915540e-05 3.219727e-02
1880 3.683765e-05 1.643375e-02
1881 2.417602e-04 2.501658e-01
1882 1.715732e-05 6.388720e-02
1883 6.315146e-06 4.384638e-02
1884 9.309341e-05 7.735668e-02
1885 4.017739e-05 3.313708e-02
1886 6.220566e-04 7.963125e-02
1887 3.669762e-06 8.035656e-03
1888 1.034469e-06 1.609753e-02
1889 9.342183e-08 7.976649e-03
1890 2.586486e-08 5.476576e-03
1891 5.987839e-07 5.544512e-03
1892 4.938532e-07 5.932097e-03
1893 1.362364e-07 2.192051e-02
1894 2.909751e-05 5.575898e-02
1895 3.198029e-05 2.328301e-02
1896 1.547893e-07 5.002593e-03
1897 9.862766e-08 3.668691e-03
1898 6.509307e-07 3.732683e-03
1899 5.236203e-06 1.755347e-02
1900 1.828045e-05 2.092189e-02
1901 8.687918e-09 1.742961e-03
1902 1.559451e-03 1.865689e-01
1903 1.915581e-03 3.187645e-01
1904 9.091524e-05 2.409170e-02
1905 9.573492e-04 7.790338e-02
1906 3.160055e-03 5.315471e-01
1907 3.062649e-07 7.383026e-03
1908 7.231764e-07 8.096270e-03
1909 3.035024e-07 5.420890e-03
1910 3.308919e-05 3.115850e-02
1911 2.411892e-07 1.191885e-02
1912 1.670143e-04 5.330165e-02
1913 3.073974e-05 6.648825e-02
1914 3.306009e-04 8.059202e-02
1915 1.068346e-03 6.491703e-01
1916 1.035937e-03 1.426749e-01
1917 3.967929e-04 1.712064e-01
1918 1.224824e-03 1.112109e-01
1919 1.578593e-03 2.033727e-01
1920 4.261943e-05 6.698727e-02
1921 4.069293e-05 3.791200e-02
1922 3.481652e-04 1.559354e-01
1923 2.636039e-04 1.017509e-01
1924 5.263765e-04 1.973693e-01
1925 5.025449e-05 7.088985e-02
1926 7.638289e-06 2.407768e-02
1927 2.722617e-04 6.891480e-02
1928 7.646068e-04 2.822209e-01
1929 5.574764e-05 4.740939e-02
1930 1.026729e-06 5.954810e-03
1931 1.635126e-05 3.832445e-02
1932 2.907529e-07 2.587054e-02
1933 9.966512e-05 3.146049e-02
1934 4.231490e-07 7.545473e-03
1935 7.049791e-05 6.094494e-02
1936 1.038905e-05 1.943559e-02
1937 2.830868e-04 5.488189e-02
1938 2.162819e-04 5.178258e-02
1939 4.783726e-05 6.349295e-02
1940 1.150338e-04 9.052735e-02
1941 4.192890e-07 7.892439e-03
1942 3.551195e-04 1.169704e-01
1943 1.520148e-04 1.139724e-01
1944 1.572365e-05 3.460969e-02
1945 7.891865e-06 1.196207e-02
1946 1.753987e-04 1.237715e-01
1947 1.221924e-05 1.992781e-02
1948 2.416003e-04 6.158918e-02
1949 1.087982e-03 3.309631e-01
1950 8.782091e-04 1.051997e-01
1951 1.885204e-03 2.080290e-01
1952 3.906434e-04 1.158151e-01
1953 3.373400e-05 2.206392e-02
1954 3.170254e-05 1.456970e-02
1955 2.436075e-03 4.851555e-01
1956 2.474266e-03 2.862151e-01
1957 2.791492e-03 4.778659e-01
1958 3.359432e-03 3.089717e-01
1959 2.366360e-07 7.310303e-03
1960 3.377936e-05 1.526842e-02
1961 1.964712e-09 2.938851e-03
1962 2.856224e-06 7.143752e-03
1963 5.814149e-09 2.056543e-03
1964 2.809345e-08 3.508550e-03
1965 3.740845e-05 3.111729e-02
1966 1.240124e-06 1.190158e-02
1967 2.309899e-04 1.709251e-01
1968 5.098644e-05 1.973809e-02
1969 6.401634e-06 1.955581e-02
1970 7.779395e-07 9.454370e-03
1971 7.784306e-06 2.298189e-02
1972 1.139143e-07 7.128035e-03
1973 4.096037e-04 1.399918e-01
1974 2.428628e-05 3.728563e-02
1975 1.046577e-06 1.682260e-02
1976 1.123747e-05 3.104693e-02
1977 5.049196e-04 1.763382e-01
1978 2.168894e-04 4.999462e-02
1979 2.358362e-04 5.896189e-02
1980 2.447084e-04 6.088141e-02
1981 1.923706e-04 3.423234e-02
1982 5.659787e-04 1.093525e-01
1983 1.796741e-03 4.025435e-01
1984 9.738758e-05 8.611593e-02
1985 7.815815e-04 1.696059e-01
1986 1.237387e-04 6.641307e-02
1987 7.266290e-03 6.095810e-01
1988 2.096184e-04 4.333839e-02
1989 3.700276e-05 4.866653e-02
1990 4.752674e-04 1.721549e-01
1991 1.838558e-05 1.375439e-02
1992 1.694904e-04 3.133107e-02
1993 1.165597e-03 8.938242e-02
1994 2.864047e-04 4.524166e-02
1995 3.714636e-04 6.053385e-02
1996 7.452270e-04 2.798887e-02
1997 7.219821e-03 2.615687e-01
1998 1.179617e-03 1.595740e-01
1999 9.009810e-04 3.092146e-01
2000 6.650625e-04 1.552741e-01
