1 8.607741e-03 6.825993e-01
2 1.896204e-06 2.040762e-02
3 3.071124e-06 2.768583e-03
4 1.268113e-07 1.861129e-03
5 2.650079e-07 2.619269e-03
6 2.682643e-03 4.332805e-01
7 2.115885e-05 1.322954e-02
8 2.458982e-06 4.263900e-02
9 6.174720e-09 2.383698e-03
10 1.314923e-04 9.062198e-02
11 1.304765e-07 5.166329e-03
12 3.306496e-09 1.230999e-03
13 6.263454e-05 2.270536e-01
14 3.905968e-07 7.631225e-03
15 1.406163e-06 3.064326e-03
16 5.020930e-06 2.550218e-02
17 4.010351e-07 1.924795e-03
18 1.106709e-03 2.406513e-01
19 1.541199e-06 8.007365e-03
20 1.633436e-10 1.022711e-03
21 3.730967e-03 8.489683e-01
22 3.693818e-06 5.651109e-03
23 7.503286e-05 3.166546e-02
24 9.849867e-04 2.706610e-01
25 4.160393e-04 2.171368e-01
26 4.979549e-06 4.383489e-03
27 4.801448e-05 2.185854e-02
28 4.846236e-07 3.616811e-03
29 4.106917e-03 5.433066e-01
30 5.622335e-04 6.879370e-01
31 3.921364e-04 2.613970e-01
32 6.084757e-05 1.382311e-02
33 6.989698e-08 1.228476e-03
34 6.134644e-09 1.156077e-03
35 1.813652e-06 3.124054e-03
36 2.223407e-03 4.728916e-01
37 4.239892e-04 8.959209e-02
38 1.955105e-06 8.814529e-03
39 5.881693e-09 1.949384e-03
40 9.633998e-08 3.527185e-03
41 4.775646e-05 2.262827e-02
42 1.149670e-07 5.029697e-03
43 1.114588e-03 3.411462e-01
44 3.014843e-04 7.072356e-02
45 1.541578e-04 1.191206e-01
46 2.359165e-05 1.027648e-02
47 1.047736e-04 2.729005e-01
48 1.545670e-04 1.088346e-01
49 1.260483e-05 9.573825e-03
50 2.920460e-03 7.274705e-01
51 2.022602e-06 1.191297e-02
52 9.431411e-06 2.379582e-02
53 1.938476e-05 7.533121e-03
54 2.388545e-07 9.936129e-03
55 1.225700e-06 5.069916e-03
56 1.507760e-06 8.988975e-03
57 1.734523e-07 1.457897e-02
58 1.405112e-03 1.459232e-01
59 2.238776e-04 4.919469e-02
60 1.100482e-09 1.410568e-03
61 1.526972e-03 9.784334e-01
62 5.232765e-06 3.316598e-02
63 1.198521e-07 1.921170e-03
64 6.312926e-08 4.166094e-03
65 2.069680e-05 4.385609e-02
66 5.898306e-07 4.586623e-03
67 7.670851e-07 7.323662e-03
68 3.787567e-06 8.148406e-03
69 4.830386e-08 1.425560e-03
70 1.959493e-08 1.342744e-03
71 7.839067e-04 2.270451e-01
72 3.518263e-06 1.928026e-02
73 4.761759e-08 4.148152e-03
74 8.523009e-05 1.875669e-01
75 1.318344e-05 1.050768e-02
76 7.527154e-07 2.836337e-03
77 1.224970e-05 3.790980e-02
78 8.427030e-04 2.707771e-01
79 2.803568e-03 1.749440e-01
80 2.971482e-06 2.758909e-03
81 2.792922e-07 1.627063e-03
82 1.439333e-05 5.198304e-03
83 5.871871e-05 2.265956e-02
84 9.277765e-08 1.872950e-03
85 7.671192e-04 1.132592e-01
86 8.314396e-06 7.045456e-03
87 1.843835e-07 2.819880e-03
88 7.825484e-08 1.702906e-03
89 2.020815e-05 2.258356e-02
90 1.139946e-03 2.178089e-01
91 2.119414e-03 1.866524e-01
92 2.028651e-03 8.049344e-01
93 3.240496e-06 1.392290e-02
94 2.052881e-06 4.086810e-03
95 3.168938e-03 7.455623e-01
96 1.197840e-04 1.355003e-02
97 5.183081e-08 3.514967e-02
98 3.927677e-07 3.480917e-03
99 1.991060e-04 1.911471e-02
100 1.032717e-02 1.328465e+00
101 2.245313e-06 4.836533e-03
102 2.257115e-06 1.501108e-02
103 1.343119e-03 3.758442e-01
104 4.920431e-05 4.155184e-02
105 1.722079e-04 6.460145e-02
106 1.215169e-07 8.985598e-03
107 2.016176e-08 2.878167e-03
108 4.195885e-06 1.912069e-02
109 5.345591e-07 5.116155e-03
110 5.320366e-06 1.161040e-02
111 4.271769e-03 5.324630e-01
112 3.672488e-04 1.002661e-01
113 3.723037e-03 6.269638e-01
114 3.376639e-03 4.399154e-01
115 3.639898e-04 1.466617e-01
116 5.715140e-04 2.684262e-01
117 1.047929e-03 1.651284e-01
118 3.986200e-03 3.595532e-01
119 6.151454e-10 4.547704e-03
120 1.527216e-10 3.640462e-03
121 3.061815e-08 1.149475e-02
122 3.438509e-08 1.884313e-03
123 6.925444e-07 5.961308e-03
124 3.636298e-06 1.360448e-02
125 4.539259e-09 3.999588e-03
126 7.916396e-07 6.095572e-03
127 7.868937e-08 9.663240e-03
128 4.984515e-07 7.843601e-03
129 3.178512e-08 4.471623e-03
130 4.028440e-08 3.976756e-03
131 9.399629e-08 5.907143e-03
132 2.254597e-07 4.666659e-03
133 5.885494e-08 7.674777e-03
134 1.536359e-05 2.228156e-02
135 5.101385e-08 4.539249e-03
136 2.494126e-07 4.099170e-03
137 3.640384e-06 1.256635e-02
138 2.347609e-08 9.366345e-03
139 1.202204e-07 8.726260e-03
140 5.014912e-08 5.186395e-03
141 3.968296e-09 3.030276e-03
142 1.339137e-07 3.126445e-03
143 2.961249e-07 6.935006e-03
144 3.247548e-08 8.569119e-03
145 5.581125e-09 4.700334e-03
146 7.971228e-08 6.128828e-03
147 1.203474e-07 6.325104e-03
148 1.766198e-08 7.989969e-03
149 1.058606e-07 4.298087e-03
150 3.426412e-09 3.987915e-03
151 7.774704e-07 1.007902e-02
152 2.447523e-07 5.959030e-03
153 3.794614e-08 2.986741e-03
154 2.942934e-08 3.765286e-03
155 6.519214e-09 3.023873e-03
156 2.254336e-07 3.874601e-03
157 1.002215e-07 4.036885e-03
158 2.352228e-06 4.725783e-03
159 9.407860e-07 5.906417e-03
160 3.861749e-07 5.179696e-03
161 7.273376e-08 3.132069e-03
162 8.765021e-09 3.003571e-03
163 1.387438e-08 3.081117e-03
164 1.112399e-09 1.642574e-03
165 1.213258e-09 1.682249e-03
166 3.370637e-10 1.657494e-03
167 6.097964e-09 2.937688e-03
168 2.671368e-07 3.309065e-03
169 3.324427e-06 6.081961e-03
170 4.555013e-10 1.639720e-03
171 5.877592e-08 3.421599e-03
172 9.461487e-09 3.219255e-03
173 1.005375e-09 1.619396e-03
174 3.899471e-09 3.087858e-03
175 2.464971e-08 3.094390e-03
176 7.921491e-09 2.998992e-03
177 1.721473e-09 1.656857e-03
178 4.241986e-07 2.295177e-03
179 2.271681e-09 1.614921e-03
180 1.917477e-08 3.095617e-03
181 1.735231e-09 2.125454e-03
182 7.818960e-09 3.397922e-03
183 6.712571e-10 1.196596e-03
184 2.881281e-10 1.614894e-03
185 3.040083e-09 1.233267e-03
186 2.980641e-08 2.179488e-03
187 2.247122e-09 1.906925e-03
188 1.221961e-10 1.592570e-03
189 2.320137e-10 1.134008e-03
190 1.857235e-09 1.208906e-03
191 3.716764e-05 1.992808e-02
192 4.482726e-06 4.169200e-03
193 2.638301e-04 5.067289e-02
194 2.788582e-04 5.084567e-02
195 8.848031e-06 6.823315e-03
196 4.823611e-05 1.705891e-02
197 8.529701e-04 7.456181e-02
198 4.396189e-06 6.563592e-03
199 1.364747e-05 1.457040e-02
200 5.647142e-06 1.074975e-02
201 8.315060e-05 1.919717e-02
202 2.713951e-05 2.312284e-02
203 2.304911e-07 3.523808e-03
204 1.052749e-05 6.552607e-03
205 4.532956e-06 8.574465e-03
206 3.924448e-07 3.894543e-03
207 1.325269e-06 9.649983e-03
208 1.169751e-07 3.467000e-03
209 2.030962e-06 8.217473e-03
210 1.306973e-06 4.815322e-03
211 1.191390e-07 2.419838e-03
212 3.581086e-04 4.750894e-02
213 1.874995e-07 2.470439e-03
214 1.188610e-07 4.265210e-03
215 4.830261e-06 5.078411e-03
216 3.365003e-06 8.172293e-03
217 2.617629e-07 2.117011e-03
218 3.045697e-05 2.656048e-02
219 5.521915e-05 1.943882e-02
220 2.561700e-07 3.563010e-03
221 6.759506e-07 3.987574e-03
222 4.334211e-07 7.084726e-03
223 7.963901e-07 9.779836e-03
224 2.753439e-08 3.044531e-03
225 1.272704e-06 5.488199e-03
226 8.401027e-07 3.676833e-03
227 7.431405e-07 4.279944e-03
228 8.036422e-07 5.054793e-03
229 3.825462e-05 1.487323e-02
230 8.823822e-06 7.923994e-03
231 2.169934e-06 6.780051e-03
232 1.189578e-06 5.097897e-03
233 1.273743e-06 6.176411e-03
234 3.887896e-06 4.997561e-03
235 5.217070e-08 4.502915e-03
236 3.837335e-06 5.026012e-03
237 2.742352e-08 3.368241e-03
238 8.020358e-07 5.721103e-03
239 6.062381e-08 3.547715e-03
240 3.874603e-07 3.155934e-03
241 2.107418e-06 4.087307e-03
242 2.431873e-06 5.015055e-03
243 9.314071e-08 3.173267e-03
244 1.074620e-06 4.693378e-03
245 4.977310e-07 4.982062e-03
246 1.118261e-07 3.837736e-03
247 7.155123e-07 4.937939e-03
248 2.635828e-07 2.666480e-03
249 9.993546e-06 7.790910e-03
250 1.466204e-06 4.179990e-03
251 7.245471e-07 2.900896e-03
252 4.873029e-06 6.984463e-03
253 3.176852e-08 3.334619e-03
254 2.033093e-07 4.824526e-03
255 4.169990e-06 6.514202e-03
256 2.556164e-07 2.737492e-03
257 1.435779e-07 3.442879e-03
258 2.049446e-05 6.644433e-03
259 6.984418e-05 1.419003e-02
260 1.745216e-05 1.506074e-02
261 3.862460e-05 1.379044e-02
262 1.861682e-06 6.627168e-03
263 3.381544e-05 8.244600e-03
264 2.422516e-05 2.023794e-02
265 1.038987e-06 7.218019e-03
266 4.962498e-05 1.943891e-02
267 5.280975e-05 4.484802e-02
268 1.057849e-06 2.083060e-02
269 1.352964e-06 3.187894e-02
270 3.423726e-07 4.399873e-03
271 2.998321e-06 7.352297e-03
272 1.291573e-07 6.851451e-03
273 3.661947e-07 4.468833e-03
274 2.780164e-06 5.640865e-03
275 4.910979e-07 8.625546e-03
276 4.783795e-05 3.637138e-02
277 1.227046e-07 3.479930e-03
278 1.680669e-07 2.700783e-03
279 5.240840e-06 1.642818e-02
280 6.788726e-07 6.105677e-03
281 6.886693e-07 8.652260e-03
282 2.979834e-06 1.269244e-02
283 1.027933e-06 3.396098e-03
284 1.018095e-05 9.180537e-03
285 1.156886e-04 2.695773e-02
286 9.296316e-05 3.912413e-02
287 6.669106e-06 7.179388e-03
288 1.053770e-05 1.480283e-02
289 1.428115e-04 4.454031e-02
290 2.120414e-04 6.275563e-02
291 7.345952e-06 8.180238e-03
292 2.796176e-05 1.926485e-02
293 1.123128e-05 1.856439e-02
294 2.531566e-05 2.794147e-02
295 1.135994e-05 1.833901e-02
296 3.386107e-04 1.300123e-01
297 3.076880e-03 6.106618e-01
298 1.751192e-04 4.061477e-02
299 1.808847e-06 4.568427e-03
300 1.173198e-07 4.597757e-03
301 6.457932e-04 1.308043e-01
302 4.746066e-07 5.109905e-03
303 2.770676e-07 3.107680e-03
304 4.393545e-08 2.280317e-03
305 3.810168e-08 2.665750e-03
306 1.257408e-08 2.689523e-03
307 1.337977e-09 2.646517e-03
308 4.672235e-09 2.581836e-03
309 1.266797e-05 5.987065e-03
310 3.886214e-09 3.223171e-03
311 1.859237e-10 2.653565e-03
312 7.021014e-07 2.236705e-03
313 5.362450e-10 2.542530e-03
314 3.040155e-09 2.548982e-03
315 2.478817e-10 2.676359e-03
316 1.726670e-08 2.821903e-03
317 3.025930e-10 1.929799e-03
318 3.715284e-09 1.947527e-03
319 5.067737e-07 2.277214e-03
320 2.563476e-10 2.507131e-03
321 2.707956e-10 1.426050e-03
322 1.482790e-04 6.983454e-02
323 1.045162e-04 9.677453e-02
324 1.865319e-08 9.485683e-03
325 7.579151e-06 1.439988e-02
326 4.617921e-08 3.484139e-03
327 3.942265e-06 2.374578e-02
328 1.511013e-06 9.726845e-03
329 2.321669e-04 8.620268e-02
330 1.417169e-03 5.125596e-01
331 1.288540e-05 3.348416e-02
332 4.649756e-04 1.847707e-01
333 4.222888e-07 5.071835e-03
334 4.043390e-06 1.431459e-02
335 1.059144e-07 8.350819e-03
336 2.627581e-06 1.551141e-02
337 3.466043e-04 7.076818e-02
338 2.173384e-05 2.033515e-02
339 1.232965e-03 3.057510e-01
340 6.462019e-06 6.424673e-03
341 5.001602e-06 6.506451e-03
342 3.140207e-05 1.874458e-02
343 1.823988e-05 4.299032e-02
344 3.102382e-07 3.942704e-03
345 1.646562e-06 7.947103e-03
346 2.638013e-07 2.529011e-03
347 8.520061e-08 2.961140e-03
348 8.145878e-06 1.006588e-02
349 3.601388e-06 1.094943e-02
350 1.395742e-08 3.253000e-03
351 3.210663e-08 2.853353e-03
352 1.314618e-06 2.913067e-03
353 1.509847e-05 7.104843e-03
354 2.553377e-06 4.369603e-03
355 2.492180e-06 4.661586e-03
356 5.743077e-08 2.356744e-03
357 1.111176e-05 1.065598e-02
358 2.413562e-05 2.445846e-02
359 1.431637e-06 7.046492e-03
360 8.507757e-07 6.129202e-03
361 2.694499e-05 4.271181e-02
362 5.641869e-08 2.447758e-03
363 2.348876e-08 3.361521e-03
364 1.314618e-06 2.913067e-03
365 3.314420e-05 2.762460e-02
366 1.235551e-05 9.880276e-03
367 4.736647e-06 1.052272e-02
368 3.601388e-06 1.094943e-02
369 4.582829e-05 8.523359e-02
370 6.872971e-06 1.382519e-02
371 5.932788e-06 1.957064e-02
372 3.366969e-03 8.488988e-01
373 4.655366e-05 1.717805e-01
374 2.980768e-03 6.599544e-01
375 7.077071e-06 2.436832e-02
376 6.474688e-04 2.085277e-01
377 3.184630e-06 9.020279e-03
378 6.035623e-05 2.465557e-02
379 8.249813e-06 8.651547e-03
380 4.898201e-05 1.048191e-02
381 2.035849e-07 1.905603e-03
382 1.228493e-06 1.004658e-02
383 1.499867e-07 1.820244e-03
384 4.838893e-06 7.809605e-03
385 2.532497e-08 4.589385e-03
386 1.053984e-06 6.456337e-03
387 1.385444e-05 1.512330e-02
388 7.831254e-08 2.767754e-03
389 3.121596e-06 6.145253e-03
390 1.071821e-06 4.749863e-03
391 1.483219e-05 3.150396e-02
392 8.651089e-05 1.345107e-02
393 2.451848e-05 1.541680e-02
394 1.413056e-06 2.990082e-03
395 3.396611e-06 8.274372e-03
396 1.941010e-05 3.518694e-02
397 1.998698e-05 1.541864e-02
398 7.666675e-05 3.076816e-02
399 1.061953e-05 9.965836e-03
400 6.552337e-05 3.650519e-02
401 2.773047e-06 8.074309e-03
402 5.852858e-07 6.954318e-03
403 3.750510e-06 9.065986e-03
404 1.270840e-05 1.482070e-02
405 5.554764e-06 1.098232e-02
406 1.660336e-06 8.792332e-03
407 2.540014e-07 4.531490e-03
408 7.189017e-06 9.608654e-03
409 3.654050e-03 2.778901e-01
410 1.376112e-05 1.868508e-02
411 1.310081e-05 1.727584e-02
412 2.251736e-04 4.265859e-02
413 4.377616e-06 7.950252e-03
414 2.225091e-06 9.451420e-03
415 2.372743e-06 5.739864e-03
416 7.440372e-07 6.648211e-03
417 2.286707e-06 9.551642e-03
418 2.807702e-04 8.730000e-02
419 2.654257e-04 1.488258e-01
420 1.726734e-04 4.714217e-02
421 1.013267e-05 2.070618e-02
422 1.395850e-05 3.011377e-02
423 1.277322e-04 7.416144e-02
424 2.711786e-04 2.030456e-01
425 2.476076e-04 8.281790e-02
426 2.156010e-05 4.474567e-02
427 3.058113e-04 1.548966e-01
428 2.649799e-05 3.362153e-02
429 1.742645e-05 2.759485e-02
430 3.640591e-05 3.652289e-02
431 8.842481e-05 5.045113e-02
432 2.694760e-05 2.381265e-02
433 2.516248e-05 2.060551e-02
434 4.190931e-05 3.737747e-02
435 1.551566e-05 4.845239e-02
436 4.134299e-05 2.951581e-02
437 4.201668e-05 3.416065e-02
438 1.722125e-05 2.608171e-02
439 1.213631e-03 2.165250e-01
440 5.106368e-05 2.040791e-02
441 1.319007e-05 1.666231e-02
442 2.127938e-04 5.884161e-02
443 8.863678e-06 2.354720e-02
444 2.220728e-03 2.459640e-01
445 3.923402e-04 1.769647e-01
446 1.557888e-10 9.154207e-04
447 1.670092e-10 1.224534e-03
448 1.723036e-11 9.088603e-04
449 1.104958e-10 9.125911e-04
450 1.276880e-10 9.935014e-04
451 2.760955e-08 1.781283e-03
452 9.100909e-10 1.227370e-03
453 6.420862e-09 1.121846e-03
454 9.141379e-10 1.245271e-03
455 6.728090e-09 1.250853e-03
456 1.218142e-10 1.031944e-03
457 1.247017e-12 9.244452e-04
458 1.332539e-09 1.233070e-03
459 1.859073e-06 1.442691e-02
460 2.206238e-09 2.593528e-03
461 4.778151e-11 1.054473e-03
462 6.997528e-09 2.965228e-03
463 4.232136e-09 1.127447e-03
464 1.513082e-09 1.328740e-03
465 1.533741e-10 1.151007e-03
466 9.164128e-10 1.380980e-03
467 2.272306e-10 1.082759e-03
468 9.753116e-11 1.091931e-03
469 9.152859e-10 1.325814e-03
470 2.142043e-09 1.754913e-03
471 4.389101e-10 1.218710e-03
472 2.577395e-10 1.118986e-03
473 9.767325e-10 1.318746e-03
474 6.781689e-11 1.048068e-03
475 5.013417e-09 1.315963e-03
476 4.496393e-09 1.412228e-03
477 1.324684e-06 3.151980e-03
478 7.812172e-06 7.483953e-03
479 2.072958e-08 1.574047e-03
480 8.822451e-09 2.067139e-03
481 1.919214e-09 1.858937e-03
482 2.008978e-09 2.108171e-03
483 1.186448e-09 2.060930e-03
484 4.330732e-08 2.116700e-03
485 3.833888e-09 1.759805e-03
486 3.306288e-06 1.359879e-02
487 5.078056e-09 1.487189e-03
488 8.722996e-07 9.357578e-03
489 2.223502e-03 2.931161e-01
490 1.421482e-06 6.851430e-03
491 1.275968e-06 8.724323e-03
492 3.935310e-07 5.705364e-03
493 7.229899e-07 6.670552e-03
494 1.574921e-08 6.449148e-03
495 7.146360e-08 4.936260e-03
496 3.440469e-05 2.673659e-02
497 4.684041e-05 4.355045e-02
498 1.668741e-06 7.922823e-03
499 4.504427e-08 7.820576e-03
500 3.274919e-08 5.138638e-03
501 1.348637e-06 8.766093e-03
502 5.379034e-04 2.396067e-01
503 5.436496e-06 9.526614e-03
504 9.450626e-06 9.725236e-03
505 1.468168e-06 7.063847e-03
506 1.336715e-04 2.975240e-02
507 3.155839e-05 2.744780e-02
508 3.066644e-06 1.249872e-02
509 2.170398e-07 8.586897e-03
510 2.014080e-06 1.164087e-02
511 9.301740e-07 6.099857e-03
512 1.158153e-06 8.131894e-03
513 2.485782e-06 7.814852e-03
514 3.237081e-03 6.838486e-01
515 3.990527e-07 6.928430e-03
516 3.928831e-07 6.835352e-03
517 3.029033e-06 1.365883e-02
518 4.166295e-07 6.882999e-03
519 9.819264e-06 2.280848e-02
520 4.941352e-06 1.834408e-02
521 3.155897e-05 2.540034e-02
522 2.894241e-05 2.273474e-02
523 1.352480e-05 2.463441e-02
524 9.196971e-07 1.299246e-02
525 2.378664e-06 7.828640e-03
526 9.399769e-06 2.293851e-02
527 1.952199e-06 9.640187e-03
528 2.740603e-07 5.960145e-03
529 5.495790e-06 1.704198e-02
530 3.279931e-07 5.092548e-03
531 1.412160e-06 7.156821e-03
532 5.887120e-06 1.831777e-02
533 1.267425e-06 1.233369e-02
534 6.188393e-07 1.137808e-02
535 3.249448e-06 1.204972e-02
536 3.867971e-05 3.596129e-02
537 6.913769e-06 2.423596e-02
538 8.397062e-07 1.246648e-02
539 2.210088e-05 2.288003e-02
540 8.615459e-06 2.192016e-02
541 8.684343e-06 2.411243e-02
542 4.269773e-04 1.560070e-01
543 3.728607e-06 1.869148e-02
544 2.234088e-06 7.312911e-03
545 4.689352e-06 7.239598e-03
546 7.455584e-06 5.705238e-03
547 3.936738e-09 2.494516e-03
548 7.028893e-08 3.020899e-03
549 1.926422e-08 1.589449e-03
550 1.505789e-06 5.517082e-03
551 7.553067e-07 2.616330e-03
552 1.196491e-05 1.856545e-02
553 7.444244e-05 2.994518e-02
554 1.427522e-05 8.642197e-03
555 1.001309e-05 1.148290e-02
556 4.856055e-07 2.995147e-03
557 5.430200e-07 3.761828e-03
558 4.208132e-05 1.096485e-02
559 8.259774e-08 2.467040e-03
560 9.313092e-07 3.951060e-03
561 1.184416e-06 3.113102e-03
562 1.149466e-06 3.368584e-03
563 7.337944e-07 4.774767e-03
564 5.226173e-07 3.235603e-03
565 5.062599e-06 1.422588e-02
566 1.089010e-05 5.282965e-03
567 4.354609e-04 6.510725e-02
568 6.801885e-05 1.700326e-02
569 3.903669e-04 5.556599e-02
570 2.275901e-05 1.268431e-02
571 1.191142e-05 7.764334e-03
572 9.530261e-05 1.980901e-02
573 1.487061e-05 6.064473e-03
574 1.120671e-04 2.149203e-02
575 1.071911e-05 7.181872e-03
576 4.277863e-05 1.308546e-02
577 1.104609e-05 1.140272e-02
578 2.993226e-06 9.592596e-03
579 1.036891e-03 6.275362e-01
580 1.054393e-04 2.249438e-02
581 1.126555e-05 4.232933e-03
582 2.706642e-04 4.265292e-02
583 1.825342e-05 9.493194e-03
584 5.160730e-05 1.244073e-02
585 2.792447e-04 6.006301e-02
586 6.267707e-06 1.251178e-02
587 8.542690e-06 1.270453e-02
588 6.359266e-06 9.991635e-03
589 1.354684e-06 2.565709e-03
590 9.379077e-04 3.064831e-01
591 5.180374e-04 9.452489e-02
592 5.179532e-06 6.225656e-03
593 8.057664e-06 1.604632e-02
594 1.069558e-04 2.207129e-02
595 2.453824e-07 6.652512e-03
596 3.168527e-03 7.428833e-01
597 3.963747e-10 1.912629e-03
598 1.325333e-08 1.968521e-03
599 5.853418e-09 1.938204e-03
600 2.422105e-08 2.061579e-03
601 7.438254e-08 3.030874e-03
602 1.192026e-08 2.563581e-03
603 1.420655e-08 3.253690e-03
604 8.512898e-10 1.931469e-03
605 2.227545e-08 2.077592e-03
606 5.068597e-10 1.932111e-03
607 4.701285e-10 1.777674e-03
608 1.459670e-09 2.031202e-03
609 4.324594e-06 1.245452e-02
610 1.346743e-06 4.267940e-03
611 1.156321e-03 2.420115e-01
612 2.432485e-06 2.549577e-02
613 1.513343e-05 1.824574e-02
614 1.945730e-05 2.581058e-02
615 4.429809e-07 1.030118e-02
616 2.123940e-09 3.280903e-03
617 8.937813e-06 1.243854e-02
618 2.748331e-08 4.230409e-03
619 5.872162e-08 5.027470e-03
620 1.638071e-08 5.446480e-03
621 1.404973e-04 5.210657e-02
622 3.870935e-08 5.941225e-03
623 1.649780e-08 7.248431e-03
624 8.907789e-08 6.012927e-03
625 9.175037e-08 4.547749e-03
626 3.057306e-03 4.577573e-01
627 3.245370e-07 4.963378e-03
628 1.000375e-06 1.263843e-02
629 1.157642e-04 5.663526e-02
630 1.163543e-04 3.322299e-02
631 8.199933e-05 2.392593e-02
632 2.910129e-05 3.755185e-02
633 1.547122e-07 6.066421e-03
634 1.223839e-06 5.259385e-03
635 7.714431e-07 5.153637e-03
636 6.749145e-07 7.239753e-03
637 2.779026e-06 1.354326e-02
638 1.328244e-07 8.790914e-03
639 1.699577e-06 1.525500e-02
640 4.271924e-07 4.756337e-03
641 1.235732e-07 5.572709e-03
642 2.424927e-07 6.939354e-03
643 1.334265e-05 3.446839e-02
644 3.001297e-06 6.183026e-03
645 3.400379e-06 1.236342e-02
646 2.206349e-06 1.901974e-02
647 1.970962e-06 7.533807e-03
648 2.369327e-05 2.587721e-02
649 6.943318e-07 1.057513e-02
650 5.313007e-07 5.723189e-03
651 2.508227e-07 6.382900e-03
652 1.445790e-06 7.550356e-03
653 8.586660e-04 3.254272e-01
654 1.754640e-04 6.832114e-02
655 9.546514e-08 2.903035e-03
656 1.152091e-04 2.782560e-02
657 3.185097e-03 4.845655e-01
658 5.022385e-05 2.386285e-02
659 1.246882e-06 1.336158e-02
660 6.089956e-06 1.371174e-02
661 3.196975e-05 3.421954e-02
662 2.309626e-04 2.161659e-01
663 3.041031e-06 1.385723e-02
664 1.903365e-06 1.433631e-02
665 7.917600e-06 1.646656e-02
666 2.869465e-05 3.059304e-02
667 1.534515e-05 1.764477e-02
668 7.205070e-07 7.006726e-03
669 1.750645e-05 2.946901e-02
670 7.911871e-05 3.701080e-02
671 3.214950e-05 3.839588e-02
672 8.434383e-07 6.927598e-03
673 1.952111e-04 1.636686e-01
674 3.215416e-06 7.241179e-03
675 6.917613e-04 1.505966e-01
676 2.154624e-06 1.662934e-02
677 7.044114e-05 3.203830e-02
678 5.260224e-07 8.040909e-03
679 4.639592e-04 1.049309e-01
680 6.597485e-08 3.440329e-03
681 6.578972e-06 1.308602e-02
682 2.967060e-03 6.527815e-01
683 2.100606e-06 1.564920e-02
684 1.429021e-03 2.001317e-01
685 7.118938e-07 8.789774e-03
686 8.316704e-04 2.751564e-01
687 1.225652e-05 7.538322e-03
688 1.148071e-06 8.243568e-03
689 1.807709e-06 8.991121e-03
690 2.472582e-05 1.397319e-02
691 1.687046e-06 1.510034e-02
692 7.908404e-07 1.181369e-02
693 4.665037e-06 9.239228e-03
694 6.080199e-06 5.475049e-03
695 9.989527e-06 8.662259e-03
696 4.088407e-04 1.010656e-01
697 2.321531e-05 8.087557e-02
698 5.491310e-04 1.585934e-01
699 1.593442e-06 1.659751e-02
700 8.313216e-05 2.357896e-02
701 2.235092e-06 9.277872e-03
702 1.026467e-05 1.474356e-02
703 1.675624e-06 7.173176e-03
704 1.357044e-04 2.961437e-02
705 5.312103e-05 1.225215e-02
706 1.756298e-05 1.432567e-02
707 2.077195e-05 8.598513e-03
708 1.570160e-03 4.388777e-01
709 7.070899e-06 2.396235e-02
710 2.344029e-04 8.887612e-02
711 3.943400e-05 9.144951e-02
712 3.365449e-05 3.801543e-02
713 2.745889e-05 3.493298e-02
714 7.578798e-06 1.944017e-02
715 1.288698e-07 6.473846e-03
716 4.124397e-06 1.782029e-02
717 4.886271e-06 3.075068e-02
718 9.736347e-06 1.191809e-02
719 4.192202e-06 1.158190e-02
720 5.646431e-06 1.916376e-02
721 9.803148e-05 3.731008e-02
722 6.575866e-05 3.065953e-02
723 1.621298e-04 7.807582e-02
724 4.694047e-07 6.834820e-03
725 1.548788e-06 7.112670e-03
726 3.419938e-06 1.193159e-02
727 2.685139e-04 4.195901e-01
728 1.276059e-06 1.265415e-02
729 6.648133e-06 1.364316e-02
730 4.446854e-06 1.752899e-02
731 4.030994e-06 6.455764e-03
732 1.422121e-05 7.595679e-03
733 4.401688e-06 1.021809e-02
734 4.809895e-06 1.419522e-02
735 3.451406e-05 1.218574e-02
736 1.584296e-06 1.973915e-02
737 6.447401e-04 2.536051e-01
738 4.624170e-05 5.005895e-02
739 1.514140e-05 1.048287e-02
740 2.391953e-05 1.246453e-02
741 1.357246e-05 9.532452e-03
742 2.914397e-04 5.162540e-02
743 4.053403e-05 1.797071e-02
744 9.332215e-05 2.982604e-02
745 8.522662e-05 3.444320e-02
746 4.434949e-06 9.601668e-03
747 1.536226e-05 1.144058e-02
748 9.016825e-07 6.003333e-03
749 1.172141e-05 2.835260e-02
750 2.757072e-04 5.667978e-02
751 8.580235e-07 8.166665e-03
752 2.468722e-06 1.129981e-02
753 5.374598e-04 2.344244e-01
754 2.879290e-05 1.814968e-02
755 5.143197e-04 5.389698e-02
756 7.521311e-07 1.076285e-02
757 1.093267e-04 8.194346e-02
758 6.044908e-07 5.422179e-03
759 1.852454e-04 2.714279e-02
760 1.181653e-03 1.801531e-01
761 9.582994e-04 1.281874e-01
762 4.677774e-06 9.782136e-03
763 7.639773e-06 1.155918e-02
764 7.754731e-06 1.047541e-02
765 2.682386e-04 3.347947e-01
766 1.241042e-03 5.469599e-01
767 5.916438e-04 2.398797e-01
768 3.444499e-04 3.359900e-01
769 4.985652e-07 1.122106e-02
770 1.514295e-07 5.023877e-03
771 2.275613e-07 4.873427e-03
772 2.104681e-07 4.726002e-03
773 2.848092e-04 1.276771e-01
774 1.388545e-06 6.512773e-03
775 3.029393e-06 1.119205e-02
776 3.739102e-07 5.669096e-03
777 2.550068e-07 1.022148e-02
778 2.407031e-04 1.103459e-01
779 2.117386e-07 8.930433e-03
780 9.082295e-07 6.227891e-03
781 4.451293e-08 5.342866e-03
782 4.228914e-08 2.399542e-03
783 5.348322e-08 3.588666e-03
784 2.218507e-06 1.832947e-02
785 2.739789e-05 1.179672e-02
786 6.069231e-06 7.641612e-03
787 2.569762e-06 9.333720e-03
788 2.215103e-07 1.145200e-02
789 3.131586e-07 8.401636e-03
790 1.418482e-04 9.217958e-02
791 1.444218e-06 4.249086e-03
792 1.445721e-07 1.030271e-02
793 3.128457e-05 1.268542e-02
794 3.488659e-04 2.242780e-01
795 2.207060e-05 1.576471e-02
796 8.835106e-07 5.944208e-03
797 2.993232e-05 9.006412e-02
798 1.082538e-06 7.336292e-03
799 1.632901e-04 7.348643e-02
800 1.079047e-05 1.823387e-02
801 3.189776e-06 1.067914e-02
802 4.348154e-04 1.196913e-01
803 1.017789e-03 4.260157e-01
804 1.135758e-06 1.065469e-02
805 1.049836e-04 4.473639e-02
806 9.806966e-05 1.257228e-01
807 5.938760e-05 4.968956e-02
808 3.598932e-07 5.919842e-03
809 9.389931e-07 2.371376e-02
810 2.443210e-08 2.325102e-03
811 1.071922e-05 1.587473e-02
812 2.202194e-07 4.265819e-03
813 3.122586e-05 3.612781e-02
814 2.146941e-06 1.350946e-02
815 2.242134e-06 1.588173e-02
816 5.725916e-04 2.425423e-01
817 8.677927e-05 9.446863e-02
818 2.181997e-07 9.973758e-03
819 6.383716e-06 1.272096e-02
820 6.101992e-06 3.699435e-02
821 2.669604e-05 4.059840e-02
822 9.838392e-06 3.326427e-02
823 2.133328e-05 1.153353e-01
824 1.002500e-03 5.505921e-01
825 8.221866e-04 5.057683e-01
826 2.861903e-04 3.332658e-01
827 3.640535e-04 1.102744e-01
828 6.131058e-04 6.536372e-01
829 1.581342e-03 5.188311e-01
830 3.418761e-05 1.073236e-02
831 1.224724e-06 4.693401e-03
832 1.660072e-06 5.129082e-03
833 5.145041e-06 1.083527e-02
834 5.108128e-06 6.278248e-03
835 3.790593e-06 6.676949e-03
836 2.920673e-06 4.762298e-03
837 6.546052e-06 9.213293e-03
838 1.936430e-05 6.962189e-03
839 7.573995e-07 4.970273e-03
840 3.553433e-05 1.796779e-02
841 1.619276e-06 7.106265e-03
842 2.270977e-06 8.509783e-03
843 9.757791e-07 9.769168e-03
844 4.247313e-06 1.947867e-02
845 1.775524e-04 3.438824e-02
846 1.769469e-04 5.835783e-02
847 5.884429e-06 7.815520e-03
848 5.583913e-06 1.344453e-02
849 1.657740e-04 4.593268e-02
850 2.336547e-06 6.100257e-03
851 5.018187e-05 6.464515e-02
852 2.783703e-07 6.351414e-03
853 3.713574e-05 1.423364e-02
854 9.297598e-07 5.822967e-03
855 2.443914e-05 1.615623e-02
856 5.469758e-09 1.481986e-03
857 4.592432e-08 1.301151e-03
858 4.389337e-08 2.047264e-03
859 6.668860e-09 1.498713e-03
860 4.393497e-04 1.129584e-01
861 4.491847e-07 6.829078e-03
862 9.083740e-08 1.585696e-03
863 3.504513e-08 1.537851e-03
864 6.529004e-09 1.393304e-03
865 8.017275e-08 1.570857e-03
866 8.696751e-08 2.063286e-03
867 1.949154e-07 1.705383e-03
868 3.805401e-09 1.362752e-03
869 1.610715e-08 1.626443e-03
870 2.405088e-08 1.531135e-03
871 3.268700e-09 1.393786e-03
872 2.530048e-08 1.878481e-03
873 3.328676e-08 1.416006e-03
874 6.391118e-08 1.402193e-03
875 1.562359e-03 9.252120e-02
876 3.787312e-09 1.443815e-03
877 3.849927e-08 1.453846e-03
878 4.351144e-08 1.898668e-03
879 8.932250e-09 1.351891e-03
880 1.973506e-08 1.370259e-03
881 2.290564e-09 1.397796e-03
882 1.307809e-07 1.817548e-03
883 1.209103e-07 1.756375e-03
884 7.952755e-08 1.469549e-03
885 6.112950e-08 1.565034e-03
886 2.540438e-06 6.459327e-03
887 1.735871e-05 8.159958e-03
888 1.238052e-06 1.145065e-02
889 4.351338e-04 6.243008e-02
890 5.050179e-06 1.965163e-02
891 1.061980e-04 8.435774e-02
892 1.194000e-04 1.105220e-01
893 2.035251e-06 5.550754e-03
894 1.938279e-06 3.559107e-03
895 1.564451e-05 7.908323e-03
896 9.871781e-06 1.444202e-02
897 2.231067e-03 5.055704e-01
898 8.989374e-06 1.838807e-02
899 5.169531e-05 7.357644e-02
900 1.214407e-05 7.818054e-03
901 1.529173e-05 5.986119e-03
902 7.220376e-06 8.834664e-03
903 7.593300e-07 6.107017e-03
904 1.126093e-04 1.028150e-01
905 2.515653e-05 1.962965e-02
906 3.723695e-05 4.735818e-02
907 4.003611e-03 6.845646e-01
908 1.903144e-08 2.756955e-03
909 2.903238e-07 3.092232e-03
910 1.526005e-08 1.573978e-03
911 2.959668e-06 6.034923e-03
912 3.606273e-07 5.009629e-03
913 4.120705e-08 1.718288e-03
914 2.033901e-07 4.892272e-03
915 4.872907e-07 3.446109e-03
916 2.078554e-04 9.210633e-02
917 5.978154e-08 2.121888e-03
918 1.564963e-08 1.779162e-03
919 9.425506e-09 1.392590e-03
920 9.223500e-08 2.488925e-03
921 1.381270e-09 1.059673e-03
922 8.676250e-08 1.417469e-03
923 8.219316e-05 5.191365e-02
924 1.915565e-05 1.660635e-02
925 1.793930e-08 1.058509e-03
926 3.067206e-05 1.402634e-02
927 3.793756e-08 1.321958e-03
928 1.080820e-06 3.866671e-03
929 5.201670e-06 9.699745e-03
930 1.020860e-07 3.629351e-03
931 3.449597e-07 3.732104e-03
932 2.155590e-09 1.484303e-03
933 5.672384e-07 1.808683e-03
934 1.849481e-05 1.095044e-02
935 5.963022e-07 1.829240e-03
936 7.817036e-08 1.191542e-03
937 3.638531e-06 2.851187e-03
938 1.097076e-07 1.780315e-03
939 1.756738e-06 3.304194e-03
940 8.112856e-06 6.032578e-03
941 4.714063e-06 5.458097e-03
942 3.047587e-08 1.620230e-03
943 9.611577e-07 2.119092e-03
944 1.295632e-05 4.489667e-03
945 9.032027e-08 2.258646e-03
946 2.663497e-06 5.912981e-03
947 7.116102e-06 3.111804e-02
948 6.070428e-07 6.873462e-03
949 4.655392e-07 1.052610e-02
950 5.334415e-08 7.908804e-03
951 9.767097e-08 1.590692e-02
952 6.243990e-06 1.532596e-02
953 2.591191e-07 8.936144e-03
954 3.259970e-08 3.083092e-03
955 8.071662e-06 3.624049e-02
956 8.053561e-09 3.053358e-03
957 6.780487e-08 8.406369e-03
958 1.428039e-07 6.800643e-03
959 2.984743e-05 4.673242e-02
960 9.220997e-07 1.906142e-02
961 4.805983e-07 9.753916e-03
962 1.175644e-06 1.261343e-02
963 2.348755e-08 3.840932e-03
964 2.079469e-05 3.970887e-02
965 4.938259e-08 5.407533e-03
966 3.919936e-05 1.050682e-01
967 1.111931e-05 5.567519e-02
968 4.513590e-07 4.713199e-03
969 2.416001e-07 8.066888e-03
970 6.101295e-07 1.670691e-02
971 2.168583e-07 3.080178e-03
972 2.050727e-06 7.384204e-03
973 1.929998e-07 9.410387e-03
974 2.836086e-08 3.276246e-03
975 1.141930e-06 6.806118e-03
976 1.188596e-03 1.372376e-01
977 1.758158e-06 6.452440e-03
978 6.115208e-05 1.072656e-02
979 4.038897e-07 2.777053e-03
980 9.136594e-08 1.225498e-03
981 1.171638e-06 4.057621e-03
982 5.366543e-06 7.577293e-03
983 2.503772e-06 3.589504e-03
984 9.587301e-06 8.318279e-03
985 2.327289e-06 3.706797e-03
986 3.458625e-06 3.544412e-03
987 2.012193e-07 1.261312e-03
988 1.206293e-06 2.446438e-03
989 2.485023e-05 6.866318e-03
990 3.455290e-06 3.627121e-03
991 1.601884e-05 6.297751e-03
992 4.957216e-07 2.250799e-03
993 5.955727e-07 2.403794e-03
994 1.995603e-07 2.135977e-03
995 2.792098e-06 2.975502e-03
996 1.391173e-06 3.049845e-03
997 2.245140e-04 4.158269e-02
998 1.914175e-05 4.965364e-03
999 1.064073e-05 3.937643e-03
1000 1.460027e-06 1.809948e-03
1001 1.735796e-07 1.565350e-03
1002 1.175125e-05 4.914129e-03
1003 2.039694e-07 1.771028e-03
1004 4.259946e-06 4.480795e-03
1005 4.534360e-07 2.891225e-03
1006 1.265503e-05 9.825995e-03
1007 1.895908e-07 2.915242e-03
1008 1.612102e-05 5.229185e-03
1009 1.231718e-07 4.052191e-03
1010 3.429440e-07 2.844287e-03
1011 2.580935e-07 3.671318e-03
1012 2.397707e-06 3.548012e-03
1013 1.356696e-07 2.062687e-03
1014 6.609278e-07 3.407141e-03
1015 3.121923e-08 2.129787e-03
1016 9.871497e-06 2.413505e-03
1017 9.702830e-07 1.690787e-03
1018 1.477494e-06 2.816237e-03
1019 2.415153e-07 4.389190e-03
1020 1.049179e-07 1.743771e-03
1021 2.672393e-05 5.351057e-03
1022 1.268070e-07 1.160694e-03
1023 1.920506e-06 1.897156e-03
1024 5.599110e-08 1.393195e-03
1025 7.681845e-07 2.256413e-03
1026 1.153918e-03 7.226026e-01
1027 4.327627e-04 9.085141e-02
1028 1.294955e-04 6.779031e-02
1029 6.684886e-04 8.184573e-02
1030 6.456959e-04 2.711528e-01
1031 1.038858e-03 3.893804e-01
1032 4.430016e-06 7.707788e-03
1033 4.037644e-05 1.760374e-02
1034 1.993296e-03 2.074275e-01
1035 5.291955e-06 4.314540e-03
1036 1.080973e-05 9.449825e-03
1037 1.289516e-04 2.534811e-02
1038 1.895662e-06 2.987182e-03
1039 6.002853e-05 1.489639e-02
1040 3.907427e-06 9.036023e-03
1041 4.931025e-06 2.534186e-02
1042 2.882759e-06 1.078229e-02
1043 2.993042e-05 1.523910e-02
1044 3.356415e-07 1.704627e-02
1045 1.726073e-06 7.491553e-03
1046 2.925342e-04 4.696061e-02
1047 5.174298e-04 1.221449e-01
1048 2.050073e-04 4.480628e-02
1049 3.326446e-06 8.700230e-03
1050 2.190469e-03 2.732784e-01
1051 6.998368e-04 1.660900e-01
1052 6.404672e-09 1.226766e-03
1053 2.099905e-08 1.820586e-03
1054 5.774542e-04 3.881601e-02
1055 1.362008e-09 1.555975e-03
1056 2.603733e-08 4.672365e-03
1057 1.450092e-08 2.137413e-03
1058 7.351146e-08 2.021077e-03
1059 3.999686e-10 1.031679e-03
1060 4.535466e-10 9.550681e-04
1061 6.608273e-07 2.880341e-03
1062 1.530248e-08 1.812278e-03
1063 1.948879e-07 3.799988e-03
1064 5.076505e-04 9.780403e-02
1065 7.992001e-06 1.562553e-02
1066 1.366463e-09 1.577788e-03
1067 7.279615e-10 1.439719e-03
1068 2.754542e-10 1.465200e-03
1069 1.242813e-09 1.614019e-03
1070 3.394997e-07 1.406996e-02
1071 8.796949e-07 5.258227e-03
1072 7.260527e-07 3.246343e-03
1073 8.058754e-06 1.903982e-02
1074 1.109043e-08 1.054764e-03
1075 6.583954e-06 2.571713e-02
1076 5.990041e-06 5.650197e-03
1077 2.578181e-05 1.497734e-02
1078 2.844487e-09 1.632317e-03
1079 1.772984e-07 5.801042e-03
1080 3.185565e-08 1.574207e-03
1081 8.336698e-10 1.460161e-03
1082 4.614359e-09 1.485494e-03
1083 3.137317e-08 1.826749e-03
1084 1.202105e-09 1.228396e-03
1085 1.922894e-07 4.313075e-03
1086 1.713194e-09 1.239850e-03
1087 2.274409e-09 1.369462e-03
1088 1.728537e-09 4.681153e-03
1089 4.185819e-09 1.234373e-03
1090 6.467276e-10 1.195574e-03
1091 4.135051e-09 1.228938e-03
1092 9.111895e-04 5.276011e-01
1093 3.399068e-07 1.876100e-02
1094 2.859235e-07 1.383712e-02
1095 1.348988e-08 1.692163e-03
1096 3.828053e-09 1.481440e-03
1097 4.719924e-08 4.825308e-03
1098 3.252117e-06 7.723298e-03
1099 1.217743e-07 3.253820e-03
1100 7.751914e-08 2.804405e-03
1101 3.141670e-06 4.794043e-03
1102 4.330906e-08 3.179131e-03
1103 7.680606e-08 2.749238e-03
1104 5.087276e-05 6.657764e-02
1105 2.110885e-08 1.529670e-03
1106 9.548788e-09 2.235476e-03
1107 1.408410e-08 3.128336e-03
1108 5.221157e-08 1.735934e-03
1109 1.684685e-08 2.022376e-03
1110 2.494470e-07 4.724466e-03
1111 1.642505e-08 3.955215e-03
1112 2.063214e-05 3.895793e-02
1113 4.663298e-06 1.716482e-02
1114 7.917583e-08 2.055264e-03
1115 9.985306e-05 3.265285e-02
1116 1.951746e-09 1.478983e-03
1117 3.110773e-08 1.609853e-03
1118 8.377925e-07 6.620574e-03
1119 2.489427e-05 2.329506e-02
1120 3.981205e-07 4.019900e-03
1121 8.964887e-07 6.777702e-03
1122 5.193747e-07 4.038588e-03
1123 1.880955e-07 2.463908e-03
1124 4.287672e-07 3.750920e-03
1125 2.979892e-06 4.512030e-03
1126 9.919813e-07 5.000404e-03
1127 1.752533e-07 3.856218e-03
1128 6.175931e-07 4.512320e-03
1129 1.176460e-06 3.234185e-03
1130 2.102944e-06 4.773977e-03
1131 1.741712e-04 4.609397e-02
1132 3.135067e-04 1.839510e-01
1133 5.972178e-06 4.313927e-02
1134 4.239359e-07 9.106314e-03
1135 9.303299e-07 2.331851e-03
1136 1.670250e-06 4.625599e-03
1137 1.025187e-06 5.384290e-03
1138 4.035115e-05 1.148676e-02
1139 4.589374e-07 5.231610e-03
1140 3.228267e-04 2.121967e-01
1141 7.745502e-05 3.079261e-02
1142 9.412265e-06 8.816987e-03
1143 7.997070e-07 6.702278e-03
1144 5.857955e-06 3.678989e-02
1145 5.657476e-07 9.177102e-03
1146 1.253145e-04 6.957429e-02
1147 2.102316e-05 4.248609e-02
1148 5.754683e-05 1.768062e-02
1149 1.068906e-05 1.074959e-02
1150 2.277708e-05 1.060269e-02
1151 7.038162e-05 1.514861e-02
1152 3.770972e-06 5.942027e-03
1153 1.438352e-06 4.705752e-03
1154 2.973145e-05 8.349225e-03
1155 8.892619e-05 1.959622e-02
1156 5.980544e-05 3.556664e-02
1157 1.365966e-04 5.326634e-02
1158 1.194751e-05 1.477171e-02
1159 8.377961e-04 1.576992e-01
1160 1.458933e-05 1.059425e-02
1161 9.851523e-06 7.242002e-03
1162 9.621605e-05 4.378176e-02
1163 1.181193e-03 2.128037e-01
1164 5.943952e-05 2.172362e-02
1165 1.677868e-04 1.497798e-02
1166 1.272513e-04 4.299798e-02
1167 5.971470e-05 3.343986e-02
1168 1.298949e-04 2.220492e-02
1169 1.224484e-04 4.011072e-02
1170 8.772128e-05 3.291329e-02
1171 8.273649e-06 8.331869e-03
1172 3.320004e-05 2.451381e-02
1173 9.749848e-04 2.225871e-01
1174 1.659885e-03 1.667690e-01
1175 3.069362e-05 3.755301e-02
1176 5.590776e-03 1.650043e+00
1177 1.368557e-07 3.095402e-03
1178 3.017183e-05 2.566532e-02
1179 5.529740e-06 2.314726e-02
1180 4.866022e-04 7.648170e-02
1181 1.713181e-05 2.091883e-02
1182 1.842190e-04 4.720567e-02
1183 3.050790e-05 2.612373e-02
1184 2.853122e-04 9.279471e-02
1185 4.279272e-04 1.591447e-01
1186 8.144913e-05 2.440480e-02
1187 2.116087e-06 9.190975e-03
1188 1.608032e-06 1.018647e-02
1189 1.205346e-04 3.490014e-02
1190 1.194639e-03 2.261454e-01
1191 9.933412e-05 3.236616e-02
1192 2.425021e-04 8.982702e-02
1193 8.643003e-05 3.724552e-02
1194 2.869466e-04 1.818707e-01
1195 6.775850e-05 5.823702e-02
1196 6.441621e-04 1.434116e-01
1197 4.162320e-04 5.054037e-02
1198 1.116597e-05 2.769517e-02
1199 2.125399e-04 5.436845e-02
1200 2.802956e-04 1.682087e-01
1201 4.668166e-06 2.716726e-02
1202 8.931317e-06 1.587686e-02
1203 3.158587e-05 4.012893e-02
1204 8.477121e-05 7.175072e-02
1205 1.164739e-07 4.854001e-03
1206 1.113290e-05 1.714465e-02
1207 1.152038e-07 3.632780e-03
1208 1.073905e-04 9.126438e-02
1209 9.718012e-07 8.821350e-03
1210 5.337727e-08 8.337170e-03
1211 4.239827e-07 3.584571e-03
1212 4.178580e-06 5.049639e-03
1213 3.459594e-07 7.424412e-03
1214 2.419221e-06 8.832288e-03
1215 2.060784e-06 3.456817e-02
1216 9.671669e-09 4.241716e-03
1217 1.755725e-04 2.491652e-01
1218 4.524023e-06 6.581315e-03
1219 7.571100e-08 1.278321e-03
1220 1.305017e-07 3.391812e-03
1221 9.102738e-06 7.904193e-03
1222 1.057199e-03 2.183452e-01
1223 1.352072e-07 2.047400e-03
1224 7.280025e-07 2.151703e-03
1225 1.362281e-04 5.477749e-02
1226 1.004879e-08 2.309159e-03
1227 3.663839e-04 3.424672e-01
1228 1.439734e-05 9.892015e-03
1229 8.602749e-09 1.268299e-03
1230 7.497899e-07 2.566628e-03
1231 7.780778e-07 1.764322e-03
1232 2.300545e-08 2.020146e-03
1233 7.951482e-08 2.240110e-03
1234 6.175710e-06 3.981117e-03
1235 2.235098e-07 2.544783e-03
1236 8.628008e-07 2.880458e-03
1237 6.957873e-06 3.293508e-03
1238 5.175340e-06 3.916838e-03
1239 6.334650e-08 2.311999e-03
1240 1.035313e-03 7.634480e-01
1241 1.218640e-05 5.127348e-03
1242 9.797839e-06 3.337728e-03
1243 1.635447e-06 4.079197e-03
1244 2.903140e-06 3.819163e-03
1245 1.936118e-06 2.788072e-03
1246 2.026541e-06 2.714896e-03
1247 6.996755e-05 1.693851e-02
1248 6.354258e-05 4.490369e-02
1249 4.967188e-06 1.089270e-02
1250 1.000432e-04 2.065773e-02
1251 1.245196e-05 1.865187e-02
1252 4.789650e-06 1.689689e-02
1253 2.068448e-06 1.503399e-02
1254 1.538013e-06 8.195737e-03
1255 7.779157e-04 3.400772e-01
1256 1.979789e-05 8.149276e-03
1257 8.217879e-03 9.370873e-01
1258 2.321863e-04 7.523180e-02
1259 5.540139e-04 2.219614e-01
1260 2.131934e-04 2.505791e-02
1261 2.781578e-08 1.846053e-03
1262 1.477587e-03 1.669840e-01
1263 1.257194e-06 5.355549e-03
1264 2.864578e-04 5.988071e-02
1265 4.263052e-06 3.103432e-03
1266 6.231287e-07 6.891585e-03
1267 3.513947e-08 1.940942e-03
1268 1.491149e-05 6.235893e-03
1269 7.362247e-05 6.126109e-02
1270 3.162054e-04 6.682913e-02
1271 4.612786e-06 1.086507e-02
1272 7.069187e-07 3.264778e-03
1273 5.728050e-06 6.482468e-03
1274 3.909510e-06 2.091830e-02
1275 2.074648e-04 7.555288e-02
1276 1.403005e-04 1.004372e-01
1277 7.623527e-05 1.215496e-01
1278 8.158957e-04 1.674109e-01
1279 9.131680e-06 5.537761e-03
1280 3.508409e-07 7.372085e-03
1281 1.741426e-07 8.528315e-03
1282 1.054973e-06 1.535890e-02
1283 3.033101e-06 1.275246e-02
1284 2.665067e-04 2.388382e-01
1285 6.821009e-05 3.150227e-02
1286 4.728750e-04 1.112114e-01
1287 6.173974e-07 7.169769e-03
1288 5.196675e-05 1.200258e-01
1289 1.018895e-04 1.377694e-01
1290 4.466219e-08 1.823793e-03
1291 1.210228e-04 7.539904e-02
1292 5.188751e-06 1.554782e-02
1293 2.918756e-05 2.048648e-01
1294 8.728926e-07 2.394685e-03
1295 7.663960e-06 1.722593e-02
1296 1.222136e-05 1.746490e-02
1297 1.007114e-03 3.515685e-01
1298 1.834937e-04 1.831776e-01
1299 1.951080e-05 1.976905e-02
1300 7.394701e-04 3.698360e-01
1301 6.076351e-06 4.169427e-03
1302 1.972702e-06 3.689049e-03
1303 1.431778e-04 2.557195e-02
1304 2.068360e-04 4.299682e-02
1305 5.809297e-04 6.616456e-02
1306 1.463282e-04 2.333166e-02
1307 9.724823e-04 1.167474e-01
1308 6.722633e-06 1.004934e-02
1309 1.044499e-03 2.146044e-01
1310 1.634064e-03 3.176014e-01
1311 3.883818e-04 1.478547e-01
1312 7.432071e-03 7.609442e-01
1313 2.875757e-06 4.852250e-03
1314 1.313532e-04 4.038940e-02
1315 3.492705e-07 6.004325e-03
1316 1.760105e-08 4.990958e-03
1317 1.885750e-08 3.431289e-03
1318 1.369928e-07 1.997584e-03
1319 4.651514e-08 2.519386e-03
1320 5.077265e-07 4.449197e-03
1321 1.734344e-07 4.113488e-03
1322 6.588976e-09 1.540069e-03
1323 2.055215e-06 1.484529e-02
1324 1.818085e-06 3.090912e-03
1325 7.502446e-07 6.736558e-03
1326 1.297054e-06 8.111095e-03
1327 2.083946e-06 1.011988e-02
1328 1.213594e-05 7.005320e-03
1329 3.712944e-10 2.764859e-03
1330 3.360263e-06 9.672231e-03
1331 8.470717e-05 1.533582e-01
1332 3.200973e-04 2.153357e-01
1333 6.145679e-06 3.237402e-02
1334 2.924829e-07 2.098444e-02
1335 6.255731e-05 1.988784e-02
1336 5.859848e-06 9.794302e-03
1337 1.104893e-05 4.642134e-03
1338 5.703797e-05 2.532881e-02
1339 3.787051e-06 2.845730e-02
1340 1.046707e-06 1.006369e-02
1341 5.868398e-06 7.806561e-03
1342 8.404405e-08 1.654129e-03
1343 1.496249e-03 4.042856e-01
1344 3.422740e-07 5.151476e-03
1345 2.610935e-03 2.564461e-01
1346 4.498743e-04 4.831477e-02
1347 3.181685e-04 8.133132e-02
1348 4.850946e-05 2.295810e-02
1349 3.094546e-06 1.317970e-02
1350 3.078651e-03 5.350148e-01
1351 8.947021e-04 2.750603e-01
1352 2.597896e-03 2.862386e-01
1353 2.285404e-08 3.320087e-03
1354 5.890792e-07 3.112984e-03
1355 1.419796e-05 3.661767e-02
1356 5.450696e-07 4.510681e-03
1357 3.942333e-07 5.395492e-03
1358 7.670682e-04 3.073478e-01
1359 3.014157e-06 2.552695e-02
1360 1.565250e-05 4.525267e-03
1361 1.915403e-05 1.305457e-02
1362 6.723604e-06 3.469261e-03
1363 1.275712e-08 1.348623e-03
1364 4.990286e-08 1.286643e-03
1365 3.941891e-08 1.906095e-03
1366 6.621049e-07 7.098884e-03
1367 2.386199e-05 3.551937e-02
1368 5.846317e-07 3.311767e-03
1369 8.949784e-08 2.310827e-03
1370 8.392423e-08 1.153750e-03
1371 5.048833e-06 2.428765e-03
1372 2.516633e-07 1.228590e-03
1373 2.327193e-07 2.038680e-03
1374 9.926080e-06 8.540095e-03
1375 8.517378e-04 1.579716e-01
1376 1.242620e-04 2.570473e-02
1377 1.317307e-04 5.085420e-02
1378 3.029745e-06 1.150772e-02
1379 3.827270e-04 8.929612e-02
1380 2.104675e-04 4.969586e-02
1381 7.087142e-07 2.248369e-02
1382 3.018308e-07 2.259686e-03
1383 5.843071e-06 6.874512e-03
1384 1.318597e-03 3.444763e-01
1385 9.631928e-05 3.523830e-02
1386 5.866500e-04 1.354615e-01
1387 1.558296e-03 4.347636e-01
1388 1.148931e-03 3.809254e-01
1389 9.248567e-06 7.531677e-03
1390 1.547061e-03 1.434695e-01
1391 2.693818e-05 1.675057e-02
1392 1.070591e-06 1.599343e-02
1393 1.271663e-06 2.987666e-03
1394 1.081382e-06 1.082543e-02
1395 2.190423e-05 4.187966e-02
1396 4.724056e-06 5.091479e-03
1397 3.515600e-06 4.493258e-03
1398 2.123512e-03 3.656126e-01
1399 1.968335e-05 1.744113e-02
1400 3.430662e-06 8.440000e-03
1401 1.012413e-04 5.118355e-02
1402 3.458307e-07 3.998875e-03
1403 2.869657e-05 3.498078e-03
1404 5.131528e-05 3.669290e-02
1405 3.038018e-07 2.182670e-03
1406 4.511156e-05 1.418507e-02
1407 7.317954e-07 2.670964e-03
1408 2.626956e-08 2.396649e-03
1409 1.793058e-04 3.021123e-02
1410 4.093069e-04 1.167028e-01
1411 4.676663e-05 1.572296e-01
1412 3.076093e-03 2.037965e-01
1413 3.176876e-07 2.431320e-03
1414 1.231034e-03 5.107202e-01
1415 1.152047e-07 3.220073e-03
1416 8.862674e-06 4.356351e-03
1417 7.399232e-05 4.518964e-03
1418 9.162365e-07 3.736006e-03
1419 9.139397e-04 7.721223e-02
1420 1.994462e-03 2.905211e-01
1421 6.053316e-04 1.260446e-01
1422 5.594917e-04 5.916498e-02
1423 7.598246e-04 3.042591e-01
1424 3.699097e-07 9.866923e-03
1425 1.353137e-03 7.055446e-01
1426 5.156866e-04 3.894384e-01
1427 2.892313e-05 4.164486e-02
1428 4.499461e-05 1.129372e-02
1429 1.301554e-05 1.056024e-02
1430 1.429550e-05 4.286749e-02
1431 3.013055e-05 3.961746e-02
1432 2.202326e-04 4.885484e-02
1433 1.334245e-07 7.789883e-03
1434 4.382996e-07 3.256631e-02
1435 1.856083e-04 5.358471e-02
1436 1.042833e-03 3.081910e-01
1437 9.162095e-07 4.714558e-03
1438 1.549535e-05 8.038975e-03
1439 4.604959e-03 8.309852e-01
1440 1.475035e-04 4.111321e-02
1441 1.756374e-03 3.657932e-01
1442 2.024001e-08 2.165830e-03
1443 3.959879e-05 5.566226e-02
1444 1.256343e-05 3.588659e-02
1445 4.019373e-05 4.567134e-02
1446 2.926147e-06 6.355704e-03
1447 2.820810e-04 1.818308e-02
1448 1.945285e-06 9.801520e-03
1449 4.328045e-04 9.828717e-02
1450 2.983380e-04 1.158867e-01
1451 9.143252e-08 1.806977e-03
1452 3.598685e-06 1.403330e-02
1453 3.018862e-07 1.960186e-03
1454 7.923104e-07 1.285936e-02
1455 7.766902e-09 4.417998e-03
1456 1.158654e-05 8.323288e-03
1457 9.063241e-08 5.407335e-03
1458 1.716031e-08 2.873019e-03
1459 3.608883e-06 7.012564e-03
1460 5.211868e-08 4.501158e-03
1461 2.781733e-07 7.672515e-03
1462 7.598055e-07 8.532527e-03
1463 7.253045e-05 3.220567e-02
1464 3.288043e-03 6.176837e-01
1465 1.182223e-03 3.458445e-01
1466 2.095168e-03 3.294599e-01
1467 1.939403e-04 3.367452e-02
1468 5.538993e-03 5.593437e-01
1469 1.551995e-03 3.236528e-01
1470 6.836549e-05 2.949078e-02
1471 3.751645e-05 1.511143e-02
1472 4.596836e-04 9.931546e-02
1473 2.457164e-08 2.957273e-03
1474 3.240708e-07 1.252186e-02
1475 1.685271e-07 4.524855e-03
1476 2.113401e-05 6.437975e-03
1477 1.419998e-03 1.988538e-01
1478 2.170123e-05 2.726959e-02
1479 8.352972e-04 9.088574e-02
1480 3.841649e-04 1.311983e-01
1481 8.251778e-06 3.352267e-02
1482 3.086268e-05 6.238353e-02
1483 1.940463e-05 1.045505e-02
1484 1.787226e-05 6.946120e-03
1485 1.188212e-05 6.641636e-03
1486 1.937803e-03 1.867988e-01
1487 1.257750e-04 1.263669e-02
1488 1.928707e-04 3.155719e-02
1489 6.671387e-05 5.346827e-03
1490 3.173626e-05 5.652616e-03
1491 7.600908e-04 1.598001e-01
1492 8.034368e-05 1.990822e-02
1493 1.610300e-06 5.291366e-03
1494 2.342126e-05 2.028780e-02
1495 1.066877e-03 2.952386e-01
1496 2.768942e-05 6.991441e-03
1497 3.022383e-04 1.003708e-01
1498 2.524469e-03 4.941894e-01
1499 3.644051e-04 3.721365e-02
1500 1.210617e-06 1.012273e-02
1501 2.425950e-04 7.923948e-02
1502 2.353543e-04 1.214821e-01
1503 9.468069e-05 2.815396e-02
1504 3.142665e-04 4.962453e-01
1505 2.222034e-05 6.987424e-02
1506 3.405635e-07 1.677395e-03
1507 2.903426e-04 1.418750e-01
1508 3.096741e-03 8.036665e-01
1509 1.686238e-06 4.114840e-03
1510 1.456789e-06 3.705499e-03
1511 5.278594e-04 1.413547e-01
1512 1.709253e-07 1.055592e-03
1513 1.521030e-06 1.724462e-02
1514 6.113529e-08 5.212550e-03
1515 4.942639e-06 9.786010e-03
1516 2.273966e-04 9.888803e-02
1517 1.108122e-05 1.675043e-02
1518 4.029461e-05 8.386985e-02
1519 1.847927e-08 1.806935e-03
1520 3.047955e-05 6.717749e-02
1521 1.452606e-07 2.441706e-03
1522 1.742317e-07 4.716103e-03
1523 7.247912e-06 5.741592e-03
1524 3.128336e-03 3.057254e-01
1525 2.029763e-04 4.733702e-02
1526 1.042067e-05 2.336027e-02
1527 6.212076e-04 4.487672e-02
1528 2.202663e-05 7.661118e-03
1529 4.443690e-05 2.036169e-02
1530 4.214491e-06 7.021506e-03
1531 2.513504e-04 8.438648e-02
1532 1.207522e-04 1.859180e-02
1533 1.128984e-04 1.077367e-01
1534 1.122871e-03 3.056100e-01
1535 1.537170e-03 4.235390e-01
1536 6.949761e-04 3.050982e-01
1537 1.285716e-06 8.361527e-03
1538 5.456539e-04 3.696406e-01
1539 1.239864e-05 2.534470e-02
1540 1.160137e-06 4.661908e-02
1541 7.174442e-04 2.167515e-01
1542 4.588007e-03 8.869631e-01
1543 1.270249e-07 5.575434e-03
1544 4.412995e-06 1.665097e-02
1545 1.806391e-08 3.641877e-03
1546 5.112965e-04 1.255338e-01
1547 9.691302e-06 3.665898e-02
1548 4.865315e-07 3.959660e-02
1549 2.739124e-08 2.623684e-03
1550 5.825866e-05 3.033432e-02
1551 4.885989e-06 1.632251e-02
1552 3.703140e-08 1.271031e-03
1553 2.934731e-08 3.194260e-03
1554 1.591115e-03 3.096971e-01
1555 7.983747e-04 2.194344e-01
1556 1.756671e-05 4.017290e-02
1557 1.705993e-04 2.112020e-01
1558 7.510441e-04 2.952304e-01
1559 4.560486e-04 2.678565e-01
1560 1.184152e-05 5.162874e-03
1561 8.459343e-05 4.449410e-02
1562 1.349415e-05 1.361393e-02
1563 3.093385e-04 4.175195e-02
1564 8.251078e-07 7.983676e-03
1565 2.185871e-04 7.256524e-02
1566 1.459990e-04 2.837378e-02
1567 8.844075e-06 7.163362e-03
1568 1.271562e-04 1.359123e-02
1569 2.780555e-04 3.359269e-02
1570 3.363197e-04 5.123812e-02
1571 1.323040e-04 6.081151e-02
1572 2.082910e-08 1.949784e-03
1573 1.105415e-03 1.412085e-01
1574 1.373976e-06 5.582365e-03
1575 2.129791e-05 2.260927e-02
1576 8.864254e-06 1.503003e-02
1577 2.356287e-04 3.269366e-01
1578 8.800992e-07 6.629172e-03
1579 1.367342e-04 2.274552e-02
1580 1.922100e-08 2.503572e-03
1581 1.358050e-05 5.119018e-03
1582 3.145080e-05 6.575016e-03
1583 2.640300e-04 8.989420e-02
1584 1.977876e-05 7.536577e-03
1585 8.131322e-04 4.351320e-01
1586 9.807483e-04 4.084396e-01
1587 1.704277e-04 1.335943e-01
1588 1.118398e-03 1.440514e-01
1589 1.629104e-04 1.975665e-01
1590 9.879319e-04 2.826200e-01
1591 2.583574e-05 5.839060e-02
1592 3.878095e-05 3.303870e-02
1593 1.927054e-04 1.224502e-01
1594 9.202856e-05 4.472184e-02
1595 2.889919e-05 1.774168e-02
1596 7.277068e-05 2.625222e-02
1597 3.956601e-05 3.043505e-02
1598 3.519781e-04 1.176903e-01
1599 5.931577e-06 3.711918e-03
1600 2.369079e-04 1.445871e-01
1601 8.302396e-07 1.459020e-03
1602 3.198200e-03 4.746259e-01
1603 5.125844e-07 2.572321e-03
1604 2.698960e-08 2.524883e-03
1605 5.667451e-04 6.807690e-02
1606 5.204664e-09 2.940589e-03
1607 7.303830e-08 1.976752e-03
1608 3.459635e-07 2.022283e-03
1609 7.314420e-04 5.960643e-02
1610 2.965743e-04 9.230320e-02
1611 1.241722e-09 1.884601e-03
1612 5.163784e-08 2.240821e-03
1613 8.265777e-06 3.336402e-03
1614 2.191409e-06 5.272679e-03
1615 2.339123e-03 1.578359e-01
1616 4.582998e-04 9.476730e-02
1617 1.365938e-03 1.495761e-01
1618 6.947793e-04 4.870041e-02
1619 3.225416e-03 5.430752e-01
1620 9.058555e-06 1.086211e-02
1621 2.106839e-04 1.261781e-01
1622 4.249580e-06 5.739463e-03
1623 2.880346e-05 5.205519e-02
1624 1.914180e-07 5.281548e-03
1625 4.726225e-08 1.696464e-03
1626 1.684467e-07 9.843649e-03
1627 3.484294e-06 6.679456e-03
1628 6.376908e-09 1.990035e-03
1629 6.491829e-05 7.432956e-02
1630 8.479479e-09 1.722424e-03
1631 2.991124e-06 1.194724e-02
1632 1.081233e-06 1.015059e-02
1633 1.144718e-04 4.200544e-02
1634 2.686367e-03 5.776595e-01
1635 1.931848e-03 2.737644e-01
1636 2.681696e-03 1.081150e+00
1637 1.531000e-04 1.302124e-01
1638 3.979856e-04 3.678200e-02
1639 1.867344e-03 7.542226e-01
1640 1.190263e-04 1.255368e-01
1641 1.664300e-04 3.243898e-01
1642 4.378460e-04 5.337746e-02
1643 3.577264e-05 5.175121e-02
1644 3.197668e-04 1.217001e-01
1645 2.211636e-07 1.651910e-03
1646 2.851396e-04 2.275212e-02
1647 1.049607e-03 2.803982e-01
1648 3.159640e-06 6.300295e-03
1649 2.232086e-05 2.875441e-02
1650 1.022154e-03 3.389220e-01
1651 4.837869e-06 2.357214e-03
1652 4.168683e-03 5.022955e-01
1653 1.779575e-03 5.839739e-01
1654 4.644077e-07 2.802219e-03
1655 2.258278e-05 7.810895e-03
1656 7.514816e-08 3.789646e-03
1657 5.793856e-08 1.271419e-03
1658 1.188838e-06 3.420107e-03
1659 1.046317e-05 1.072559e-02
1660 5.662514e-09 2.013414e-03
1661 5.720831e-04 9.228591e-02
1662 1.682841e-07 8.354067e-03
1663 8.590664e-04 5.254964e-02
1664 1.506944e-07 7.014574e-03
1665 9.630631e-04 4.718320e-02
1666 3.975129e-04 9.075798e-02
1667 1.668174e-04 5.995857e-02
1668 3.076403e-06 2.913449e-03
1669 8.639878e-06 6.149222e-03
1670 6.819376e-06 1.115073e-02
1671 1.348279e-06 4.691391e-03
1672 1.019468e-05 3.191203e-02
1673 1.375297e-04 6.280321e-02
1674 1.083367e-05 3.326963e-03
1675 2.726125e-04 1.674345e-02
1676 1.275073e-07 1.482344e-03
1677 8.070048e-05 1.614448e-02
1678 7.655486e-04 2.998418e-01
1679 6.077700e-06 1.384860e-02
1680 3.332192e-05 1.745305e-02
1681 2.978805e-04 6.909948e-02
1682 2.294358e-06 8.302460e-03
1683 1.249521e-06 1.423216e-02
1684 1.473639e-06 6.979049e-03
1685 1.875363e-09 2.228283e-03
1686 2.655489e-04 4.282163e-02
1687 1.197057e-04 1.944995e-02
1688 1.203212e-07 1.177599e-03
1689 2.128455e-05 4.503223e-02
1690 6.190071e-06 1.099783e-02
1691 5.752173e-05 6.357734e-02
1692 4.014295e-03 6.623779e-01
1693 2.200360e-03 5.038109e-01
1694 8.946830e-04 1.093267e-01
1695 1.008186e-05 9.089069e-03
1696 1.396198e-06 3.033942e-03
1697 1.162764e-07 6.225423e-03
1698 4.198839e-04 6.981265e-02
1699 2.989732e-06 1.721498e-02
1700 3.819886e-04 1.898121e-02
1701 5.080255e-06 1.042659e-02
1702 1.077143e-06 6.199858e-03
1703 3.779673e-05 1.523221e-02
1704 1.451947e-06 7.051865e-03
1705 6.789433e-04 3.275366e-01
1706 4.126477e-05 5.213634e-02
1707 3.441715e-06 3.367241e-03
1708 9.609577e-10 2.066050e-03
1709 6.464880e-09 5.400093e-03
1710 4.955349e-09 1.419863e-03
1711 2.418472e-06 1.066147e-02
1712 2.288800e-06 5.559032e-03
1713 8.111440e-07 4.456539e-03
1714 1.681128e-06 6.106331e-03
1715 7.165247e-07 4.490720e-03
1716 2.161809e-07 6.160141e-03
1717 1.735839e-08 2.196427e-03
1718 9.419311e-07 1.824361e-02
1719 8.138368e-10 1.983135e-03
1720 2.269247e-06 4.680610e-03
1721 1.953714e-08 1.542211e-03
1722 1.222326e-05 1.284891e-02
1723 3.293479e-09 1.305722e-03
1724 1.050126e-09 1.415986e-03
1725 1.550084e-07 1.933620e-03
1726 3.408115e-05 3.726748e-02
1727 8.227327e-08 1.035872e-02
1728 3.311010e-08 2.569650e-03
1729 3.472017e-05 1.323609e-02
1730 4.191148e-08 4.519035e-03
1731 2.904318e-07 4.016574e-03
1732 1.729085e-04 6.508721e-02
1733 2.209183e-04 2.368932e-01
1734 2.205809e-03 3.088764e-01
1735 1.738176e-05 7.405965e-02
1736 6.080640e-07 7.912459e-03
1737 3.533340e-06 9.032678e-03
1738 2.142740e-04 2.177713e-01
1739 1.399508e-03 1.991137e-01
1740 1.404673e-05 2.382140e-02
1741 9.194349e-10 1.330447e-03
1742 1.474471e-07 1.698630e-03
1743 1.635351e-07 4.113152e-03
1744 1.236917e-07 2.074927e-03
1745 1.570276e-08 2.243109e-03
1746 8.287006e-07 8.560734e-03
1747 1.012258e-05 2.343426e-02
1748 4.100067e-05 9.717588e-03
1749 1.696162e-06 6.904984e-03
1750 1.508482e-06 8.741720e-03
1751 5.510950e-08 4.093722e-03
1752 4.723708e-07 7.627039e-03
1753 4.085790e-04 1.044989e-01
1754 1.444650e-03 4.209299e-01
1755 9.848571e-04 3.521173e-01
1756 8.297531e-06 1.972830e-02
1757 1.227098e-04 7.086607e-02
1758 1.861328e-03 5.887831e-01
1759 2.064033e-04 1.460832e-01
1760 2.201573e-03 2.283945e-01
1761 7.269110e-04 5.721809e-01
1762 2.707867e-03 6.529384e-01
1763 4.010631e-04 1.983402e-01
1764 3.853141e-05 2.338002e-02
1765 7.434897e-05 4.202058e-02
1766 7.851997e-04 2.477469e-01
1767 3.958515e-04 5.011933e-02
1768 4.384597e-05 3.457214e-02
1769 8.686442e-05 1.427970e-01
1770 6.059672e-04 1.089293e-01
1771 1.533727e-04 1.194524e-01
1772 7.122216e-07 4.440107e-03
1773 5.685197e-03 1.599098e+00
1774 1.863712e-03 2.928337e-01
1775 7.411646e-03 1.021023e+00
1776 9.602827e-04 2.037093e-01
1777 2.133402e-05 5.735261e-02
1778 1.707818e-03 6.059260e-01
1779 1.707370e-04 8.357648e-02
1780 2.414103e-04 6.497729e-02
1781 1.206754e-04 3.401350e-02
1782 6.130798e-05 3.577847e-02
1783 4.051517e-03 5.267974e-01
1784 7.316513e-05 7.372823e-02
1785 6.298616e-05 1.046363e-01
1786 1.427037e-04 1.784651e-02
1787 9.322134e-04 6.693349e-02
1788 1.140748e-03 2.910284e-01
1789 4.576445e-04 1.368371e-01
1790 2.160594e-05 1.873721e-02
1791 7.730518e-05 1.591592e-01
1792 1.718271e-03 2.386064e-01
1793 2.051141e-04 6.092473e-02
1794 7.735699e-05 2.121075e-02
1795 3.985374e-05 3.450731e-02
1796 2.298873e-04 1.005979e-01
1797 2.335435e-04 1.034265e-01
1798 2.374389e-05 4.913317e-02
1799 4.111504e-06 1.586313e-02
1800 4.337132e-04 1.875457e-01
1801 7.396347e-05 4.143810e-02
1802 2.508769e-03 4.130807e-01
1803 7.242454e-04 1.969757e-01
1804 6.211393e-04 2.188931e-01
1805 1.606590e-04 6.519994e-02
1806 9.978008e-05 6.495953e-02
1807 6.768382e-05 2.643841e-02
1808 1.204914e-03 1.882356e-01
1809 4.169292e-06 2.306062e-02
1810 1.095740e-06 9.275181e-03
1811 3.204557e-06 1.298668e-02
1812 3.741556e-05 2.020911e-02
1813 1.093597e-05 9.911803e-03
1814 2.181035e-07 2.085687e-02
1815 5.434973e-05 7.298165e-02
1816 3.380405e-05 2.882021e-02
1817 3.342025e-04 7.225878e-02
1818 3.888845e-06 4.642732e-02
1819 4.014809e-03 4.449401e-01
1820 5.488463e-04 1.417032e-01
1821 7.191446e-05 2.529652e-02
1822 2.803817e-05 2.036896e-02
1823 9.481911e-06 4.830204e-02
1824 1.662644e-04 3.709713e-02
1825 1.614900e-03 2.930127e-01
1826 5.354741e-04 6.817762e-02
1827 5.844431e-06 1.218684e-02
1828 2.012485e-05 1.731829e-02
1829 2.416563e-05 1.662797e-02
1830 5.148501e-03 9.083740e-01
1831 2.512115e-06 9.317637e-03
1832 8.288515e-05 3.861394e-02
1833 5.185762e-07 1.112786e-02
1834 7.957564e-05 2.036855e-02
1835 9.945048e-08 8.518289e-03
1836 6.460448e-06 6.408621e-03
1837 1.352015e-03 1.271781e-01
1838 5.763665e-05 3.256369e-02
1839 2.042950e-05 4.578255e-02
1840 9.562811e-05 7.970859e-02
1841 1.148722e-04 4.426835e-02
1842 1.135013e-05 2.162370e-02
1843 1.603124e-05 1.792276e-02
1844 1.750677e-05 2.092897e-02
1845 9.282572e-05 1.950085e-02
1846 7.194737e-07 7.252342e-03
1847 2.152407e-05 1.392369e-02
1848 2.315078e-06 1.271016e-02
1849 3.784781e-06 1.512749e-02
1850 1.045353e-06 9.890734e-03
1851 1.730037e-06 5.720085e-03
1852 9.588951e-07 4.785767e-03
1853 3.701760e-06 4.439297e-03
1854 6.631098e-04 8.261872e-02
1855 4.667229e-05 2.866206e-02
1856 2.656924e-04 9.323128e-02
1857 1.715530e-03 1.297191e-01
1858 8.369138e-04 7.744257e-02
1859 2.141819e-06 5.503708e-03
1860 3.672066e-04 9.236725e-02
1861 1.495355e-08 7.874991e-03
1862 5.022622e-06 9.599109e-03
1863 5.799753e-06 2.614506e-02
1864 5.992005e-04 1.376586e-01
1865 2.727778e-04 6.364207e-02
1866 9.290007e-05 4.744014e-02
1867 5.964335e-06 1.177489e-02
1868 8.167947e-08 9.833181e-03
1869 3.745402e-07 6.734104e-03
1870 3.175513e-06 1.557393e-02
1871 2.276828e-03 2.869936e-01
1872 3.966125e-04 2.380210e-01
1873 3.478330e-05 1.830834e-02
1874 1.856614e-04 8.151655e-02
1875 2.688800e-04 1.134626e-01
1876 2.589383e-05 8.230355e-03
1877 5.652755e-05 2.727682e-02
1878 7.203866e-06 8.045567e-03
1879 1.455837e-05 3.431974e-02
1880 3.327560e-05 1.867838e-02
1881 2.254533e-04 2.619923e-01
1882 5.012297e-06 6.444433e-02
1883 4.113278e-06 4.419710e-02
1884 1.374800e-04 8.113222e-02
1885 3.934359e-05 3.568644e-02
1886 1.712800e-04 9.984459e-02
1887 5.654659e-06 8.278449e-03
1888 3.598219e-06 1.619149e-02
1889 2.130966e-07 7.983210e-03
1890 4.153797e-08 5.478470e-03
1891 9.108296e-07 5.573692e-03
1892 7.026817e-07 5.962424e-03
1893 3.907355e-08 2.192434e-02
1894 6.362005e-05 5.792371e-02
1895 1.205470e-04 2.728327e-02
1896 3.505707e-07 5.012615e-03
1897 6.694961e-08 3.672475e-03
1898 2.079647e-06 3.790401e-03
1899 4.092037e-05 1.811701e-02
1900 1.806971e-05 2.171355e-02
1901 1.319746e-08 1.743528e-03
1902 1.071123e-03 2.386122e-01
1903 2.874999e-04 3.605183e-01
1904 1.474159e-04 2.875102e-02
1905 7.385438e-04 1.136432e-01
1906 6.809589e-04 6.193794e-01
1907 1.347449e-07 7.399892e-03
1908 4.622413e-07 8.138186e-03
1909 8.543056e-08 5.434111e-03
1910 7.238366e-05 3.382643e-02
1911 2.334715e-07 1.193530e-02
1912 1.698264e-04 6.430392e-02
1913 3.221194e-05 6.911260e-02
1914 8.015337e-04 1.166928e-01
1915 7.359519e-04 7.056916e-01
1916 4.630447e-04 1.952824e-01
1917 1.255914e-04 1.839859e-01
1918 6.096613e-04 1.492326e-01
1919 1.171228e-03 2.677683e-01
1920 4.126441e-05 6.901853e-02
1921 8.863057e-05 4.158682e-02
1922 5.275846e-04 1.840856e-01
1923 2.548078e-04 1.166855e-01
1924 1.197747e-03 2.458731e-01
1925 5.029784e-05 7.298917e-02
1926 3.602279e-06 2.437607e-02
1927 6.329604e-04 1.003982e-01
1928 5.155270e-04 3.104234e-01
1929 5.390796e-05 5.191817e-02
1930 6.608012e-07 6.005703e-03
1931 3.282328e-06 3.874155e-02
1932 8.315919e-08 2.588157e-02
1933 2.265071e-04 4.320539e-02
1934 2.982524e-07 7.576739e-03
1935 2.935474e-05 6.414480e-02
1936 2.476904e-05 2.098454e-02
1937 4.517835e-04 9.443664e-02
1938 5.095428e-04 9.937444e-02
1939 2.594668e-04 7.515701e-02
1940 1.090087e-04 9.571967e-02
1941 1.331359e-06 7.933593e-03
1942 7.553135e-04 1.431200e-01
1943 9.204656e-05 1.211847e-01
1944 3.237544e-05 3.554919e-02
1945 1.103166e-05 1.261416e-02
1946 7.516792e-05 1.334501e-01
1947 2.685112e-05 2.096936e-02
1948 3.540026e-04 8.771346e-02
1949 1.619099e-03 4.269669e-01
1950 5.919507e-04 1.335840e-01
1951 9.210504e-04 2.771569e-01
1952 1.537357e-04 1.406438e-01
1953 3.488047e-05 2.386385e-02
1954 2.028791e-05 1.645090e-02
1955 8.118878e-04 5.628270e-01
1956 7.157353e-04 3.575676e-01
1957 7.975205e-04 5.490237e-01
1958 6.264264e-04 3.921147e-01
1959 6.711008e-08 7.317409e-03
1960 4.966452e-05 1.687876e-02
1961 5.764800e-10 2.938925e-03
1962 5.364095e-07 7.212230e-03
1963 2.640728e-09 2.056770e-03
1964 5.451674e-09 3.509666e-03
1965 1.267187e-04 3.574647e-02
1966 8.217071e-07 1.196374e-02
1967 5.404608e-04 1.885866e-01
1968 5.103881e-05 2.195621e-02
1969 1.397898e-05 2.019027e-02
1970 1.747943e-06 9.510067e-03
1971 6.259223e-05 2.456276e-02
1972 1.569197e-07 7.134591e-03
1973 8.676447e-04 1.912354e-01
1974 5.588547e-05 3.881892e-02
1975 3.574416e-06 1.690772e-02
1976 7.096658e-06 3.162730e-02
1977 4.704892e-04 2.017681e-01
1978 9.067644e-05 5.923583e-02
1979 1.498114e-04 6.825368e-02
1980 1.455354e-04 7.261535e-02
1981 1.885154e-04 4.441702e-02
1982 5.752251e-04 1.338180e-01
1983 1.799907e-03 4.903435e-01
1984 7.040126e-05 8.943875e-02
1985 8.573801e-04 2.090208e-01
1986 4.570379e-04 7.792384e-02
1987 2.091563e-03 7.908448e-01
1988 9.989590e-05 5.025452e-02
1989 1.685650e-05 4.970331e-02
1990 3.472829e-04 1.925848e-01
1991 5.598590e-06 1.413610e-02
1992 4.421621e-04 4.966602e-02
1993 7.536192e-04 1.404187e-01
1994 8.069143e-05 5.099837e-02
1995 7.078872e-05 6.791195e-02
1996 2.147710e-04 5.386012e-02
1997 2.219584e-03 4.337137e-01
1998 3.362247e-04 1.884456e-01
1999 4.036183e-04 3.316626e-01
2000 1.987077e-04 1.761818e-01
