2 2.365828e-04 1.566226e-01
3 1.685906e-03 9.329831e-01
4 1.970109e-03 3.797042e-01
5 1.621363e-04 1.378503e-01
6 6.071858e-03 1.171476e+00
7 2.340768e-03 3.310785e-01
8 3.256808e-06 5.453092e-02
9 1.706559e-06 1.101764e-02
10 2.984828e-03 1.321922e-01
11 1.283059e-03 4.851358e-01
12 5.300945e-05 4.306128e-02
13 1.439154e-03 6.064325e-01
14 2.329242e-04 1.735191e-01
15 6.203075e-04 7.902847e-02
16 2.634927e-05 6.108712e-02
17 6.732390e-05 2.092540e-02
18 6.065525e-04 1.859580e-01
19 1.793429e-04 3.326156e-01
20 1.602477e-03 5.375974e-01
21 1.002029e-03 2.388804e-01
22 2.397339e-05 3.248146e-02
23 1.576620e-03 7.834722e-01
24 3.089862e-03 4.228486e-01
25 1.147309e-04 5.667197e-02
26 1.137488e-03 7.342035e-01
27 4.083855e-04 1.016301e-01
28 9.967190e-05 5.994172e-02
29 3.509953e-03 8.664253e-01
30 1.640735e-06 7.809093e-03
31 2.335862e-03 2.618479e-01
32 2.297991e-03 3.703844e-01
33 1.901486e-04 3.783790e-02
34 4.187101e-06 9.835680e-03
35 1.106349e-03 2.527805e-01
36 4.054038e-04 8.911037e-02
37 2.939375e-03 1.109434e+00
38 6.331698e-03 1.464404e+00
39 3.045381e-03 7.322000e-01
40 6.919336e-04 2.687747e-01
41 5.296782e-07 7.186286e-03
42 2.453958e-03 9.366693e-01
43 1.291889e-05 1.859090e-02
44 8.337925e-08 3.022867e-03
45 7.901444e-07 2.738606e-03
46 2.311612e-08 1.440724e-03
47 1.328463e-07 6.334409e-03
48 3.711401e-07 7.242512e-03
49 5.560096e-07 9.138906e-03
50 1.298521e-05 3.303379e-02
51 4.748550e-07 3.169942e-03
52 1.683293e-07 5.679654e-03
53 2.722592e-07 5.694488e-03
54 7.669192e-08 4.303405e-03
55 6.191306e-08 3.399733e-03
56 8.708707e-06 2.207862e-02
57 7.809012e-06 4.267482e-02
58 2.589876e-08 1.717279e-03
59 7.454345e-06 1.278068e-02
60 2.726936e-07 2.440928e-03
61 9.612748e-08 4.237812e-03
62 1.428851e-07 1.355228e-03
63 1.556185e-06 5.747574e-03
64 2.500528e-08 1.184247e-02
65 2.469819e-07 2.819978e-03
66 5.408201e-07 4.891457e-03
67 6.496574e-08 4.813967e-03
68 1.470681e-06 1.136792e-02
69 7.191458e-06 1.063896e-02
70 3.469769e-03 6.941375e-01
71 7.482085e-10 4.412624e-03
72 1.540538e-04 7.452850e-02
73 5.653079e-07 4.586551e-03
74 1.995105e-07 5.790466e-03
75 1.040614e-06 5.814436e-03
76 1.420787e-05 7.154112e-03
77 1.735392e-06 4.756034e-03
78 5.033034e-05 4.994038e-02
79 1.712944e-06 1.142831e-02
80 9.331403e-05 9.584351e-02
81 1.667432e-07 3.186277e-03
82 2.983943e-05 4.216062e-02
83 1.470741e-08 2.529461e-03
84 1.175837e-04 1.853774e-02
85 1.762214e-06 7.929079e-03
86 8.470043e-05 3.330555e-02
87 4.842040e-04 2.534506e-01
88 1.098164e-08 2.775236e-03
89 1.828122e-04 5.903845e-02
90 7.140043e-05 1.306809e-01
91 1.174717e-05 1.938255e-02
92 1.892713e-04 8.889152e-02
93 1.135908e-04 5.033576e-02
94 1.744217e-07 9.020834e-03
95 1.046188e-08 5.392436e-03
96 2.044650e-05 1.444229e-02
97 2.730031e-05 2.261477e-02
98 2.316598e-04 3.825558e-02
99 3.158427e-04 3.426181e-01
100 5.044216e-03 1.010425e+00
101 2.314825e-04 1.746562e-01
102 1.406061e-06 6.702940e-03
103 9.128686e-04 2.565063e-01
104 2.806324e-08 2.473073e-02
105 1.058678e-04 1.016610e-01
106 2.120507e-04 6.964737e-02
107 7.496764e-07 1.218666e-02
108 7.358145e-06 1.158415e-01
109 6.554395e-07 1.217462e-02
110 3.268784e-06 4.507714e-03
111 2.938377e-07 1.086128e-02
112 1.847289e-07 1.960723e-02
113 7.136595e-04 1.376624e-01
114 4.382619e-05 1.513421e-02
115 5.065004e-05 2.798067e-02
116 1.601975e-04 1.035277e-01
117 2.905754e-06 7.417931e-03
118 1.670106e-07 3.725627e-03
119 1.532683e-03 7.587780e-01
120 1.322687e-04 3.443972e-02
121 1.980364e-07 9.057220e-03
122 9.200357e-07 5.228961e-03
123 6.639513e-04 1.174342e-01
124 2.838868e-06 1.443543e-02
125 2.228745e-04 1.625613e-01
126 2.597003e-05 1.498687e-02
127 3.846811e-07 1.167297e-02
128 3.002403e-04 4.275878e-01
129 3.219638e-03 5.672700e-01
130 9.884734e-06 7.850900e-02
131 8.368540e-04 2.128309e-01
132 1.788149e-05 2.904597e-02
133 2.417964e-03 1.019857e+00
134 4.605387e-05 4.979761e-02
135 1.985843e-03 3.706304e-01
136 1.748639e-09 2.287456e-03
137 8.787135e-07 1.302581e-02
138 8.472635e-07 4.103675e-03
139 7.717412e-06 1.019996e-02
140 3.190696e-04 5.573576e-02
141 9.125304e-06 8.069897e-03
142 1.445799e-03 2.448439e-01
143 2.208862e-04 1.018381e-01
144 2.572748e-04 2.566351e-01
145 5.456741e-05 6.121734e-02
146 2.697035e-06 1.459220e-02
147 8.331489e-05 8.014479e-02
148 2.001936e-06 6.561490e-03
149 1.804210e-04 7.613882e-02
150 1.794970e-04 1.020072e-01
151 4.790916e-04 7.313258e-02
152 3.414408e-05 3.919011e-02
153 2.541304e-06 1.066113e-02
154 1.628584e-05 1.659700e-02
155 4.104882e-07 3.172370e-03
156 2.219712e-04 2.612000e-02
157 5.222239e-07 1.319718e-02
158 1.165451e-09 3.780392e-03
159 4.489092e-07 1.787853e-02
160 3.504575e-06 1.021446e-02
161 8.843545e-07 5.300651e-03
162 6.147806e-07 1.725761e-02
163 2.348723e-06 1.746225e-02
164 4.246457e-05 1.473503e-02
165 1.736111e-07 1.789072e-03
166 1.128749e-06 2.538610e-03
167 1.198138e-05 9.203898e-03
168 2.669374e-06 5.677992e-03
169 5.133534e-05 3.803403e-02
170 4.943306e-06 7.738583e-03
171 1.442443e-04 4.863775e-02
172 2.268463e-03 5.975829e-01
173 1.451641e-04 8.877265e-02
174 1.636646e-03 2.251435e-01
175 1.622828e-09 1.263773e-03
176 6.758384e-06 1.505721e-02
177 8.605872e-09 3.190573e-03
178 3.522522e-07 7.873233e-03
179 9.306313e-06 1.292429e-02
180 2.257329e-09 1.277202e-03
181 8.047134e-05 1.147044e-01
182 9.503544e-04 7.000061e-02
183 8.882838e-05 4.206102e-02
184 5.579988e-06 9.236685e-03
185 5.914647e-09 1.523436e-03
186 2.446485e-06 4.922871e-02
187 2.214598e-03 7.874594e-01
188 8.049456e-05 5.355687e-02
189 1.996062e-06 1.556064e-02
190 1.298932e-06 5.647067e-03
191 1.248708e-06 7.024531e-03
192 1.677149e-07 5.858878e-03
193 1.461285e-08 6.283706e-03
194 7.963999e-08 6.116224e-03
195 1.394672e-04 3.151967e-02
196 1.347029e-06 8.303733e-03
197 2.034690e-07 2.125918e-02
198 1.983639e-05 1.498302e-02
199 9.816667e-06 2.040393e-02
200 2.802936e-04 1.209640e-01
201 1.046035e-05 9.251469e-02
202 8.993814e-05 1.558139e-02
203 9.422193e-05 2.064593e-01
204 1.469055e-05 4.442053e-03
205 6.634474e-05 4.319270e-02
206 3.327043e-04 5.440719e-02
207 9.270934e-06 3.289311e-02
208 8.467554e-05 9.753356e-02
209 9.633527e-04 1.819392e-01
210 1.359800e-05 5.779125e-02
211 2.516408e-04 2.035180e-01
212 2.017017e-07 5.021710e-03
213 4.786680e-06 1.634114e-02
214 4.179635e-06 1.404561e-02
215 6.415820e-07 1.242600e-02
216 1.320403e-05 3.969708e-02
217 1.775040e-06 2.856028e-03
218 2.838322e-07 4.720192e-03
219 9.061904e-08 2.556949e-03
220 7.367024e-05 2.573905e-01
221 2.594375e-07 5.688431e-03
222 1.186466e-06 4.367272e-02
223 1.378507e-03 1.667045e-01
224 9.458126e-09 2.300267e-03
225 1.722224e-08 3.232266e-03
226 2.080303e-06 1.210052e-02
227 2.947258e-07 4.273992e-03
228 2.532757e-06 6.310943e-03
229 2.875065e-06 1.822028e-02
230 7.674152e-04 3.420777e-01
231 1.109346e-09 2.043685e-03
232 1.360841e-03 7.246441e-01
233 1.089316e-07 9.443796e-03
234 1.158068e-06 5.266079e-03
235 1.420862e-09 7.405290e-03
236 6.198531e-04 1.320435e-01
237 2.554814e-03 3.367780e-01
238 1.177476e-07 5.100798e-03
239 2.382899e-05 1.431029e-02
240 1.398019e-05 6.875451e-02
241 6.763453e-04 4.998908e-01
242 6.348511e-06 3.880008e-02
243 8.608686e-07 4.544016e-03
244 8.865334e-09 1.878867e-03
245 1.634770e-08 1.283734e-03
246 7.402341e-04 2.085113e-01
247 1.457508e-03 1.237733e-01
248 1.252589e-03 3.477758e-01
249 1.249393e-03 4.087649e-01
250 6.099589e-04 3.200451e-01
251 2.460554e-09 1.293803e-03
252 2.106295e-07 8.783857e-03
253 1.048015e-07 4.240753e-03
254 1.581066e-05 2.276965e-02
255 1.300166e-06 8.990399e-03
256 4.052104e-09 2.437745e-03
257 5.698100e-07 5.278465e-03
258 3.732228e-04 1.095328e-01
259 6.468367e-08 1.455229e-03
260 8.935824e-07 1.003600e-02
261 3.741752e-05 9.993469e-03
262 7.134313e-07 1.787752e-03
263 1.377899e-05 6.985142e-03
264 3.669024e-06 2.984514e-02
265 1.633803e-05 7.973097e-02
266 2.140489e-06 1.248767e-02
267 6.680076e-07 1.987097e-02
268 5.468447e-06 1.011271e-02
269 3.101381e-04 1.812731e-01
270 1.922336e-09 3.605383e-03
271 1.538072e-05 1.937768e-02
272 1.130901e-05 1.316707e-02
273 4.123838e-04 1.242834e-01
274 1.668213e-09 1.879288e-03
275 2.538433e-03 1.603954e-01
276 3.698050e-06 1.853867e-02
277 1.973580e-09 4.011004e-03
278 7.604961e-05 1.112514e-01
279 1.803733e-06 5.171365e-03
280 8.376344e-05 7.847921e-02
281 6.660407e-04 1.674281e-01
282 3.650299e-08 2.087546e-03
283 1.815817e-06 6.968749e-03
284 5.424442e-08 4.748264e-03
285 8.691196e-08 9.253854e-03
286 4.333696e-07 6.133395e-03
287 6.759761e-08 5.088725e-03
288 9.414150e-08 2.222146e-03
289 1.584213e-03 3.404531e-01
290 2.388163e-09 1.421755e-03
291 3.131260e-05 2.008703e-02
292 1.013980e-03 4.614245e-01
293 1.816039e-06 5.789709e-03
294 4.136198e-08 4.363900e-03
295 4.622643e-08 1.780687e-02
296 1.123527e-05 1.247754e-01
297 5.063552e-06 1.869644e-02
298 2.821460e-06 5.829671e-03
299 1.161446e-07 4.260009e-03
300 3.940020e-06 1.573561e-02
301 5.082338e-04 3.790089e-01
302 3.309574e-07 3.592379e-03
303 1.021051e-06 2.055362e-02
304 3.020716e-04 1.518629e-01
305 8.716070e-05 2.562946e-02
306 1.398695e-04 2.625042e-02
307 2.359294e-03 3.244001e-01
308 3.932367e-07 1.097609e-02
309 2.550878e-04 3.073907e-01
310 7.808786e-05 2.518713e-02
311 3.714841e-06 1.353741e-02
312 4.467184e-06 5.676759e-03
313 5.156826e-03 9.755361e-01
314 1.841392e-05 4.017103e-03
315 4.756815e-09 4.746919e-03
316 2.237355e-03 6.506421e-01
317 5.475880e-03 4.311107e-01
318 9.454406e-04 2.315331e-01
319 6.243420e-05 9.456714e-02
320 4.207442e-05 4.259791e-02
321 4.761748e-04 3.768269e-01
322 3.137932e-10 6.874481e-03
323 5.957204e-06 2.742522e-02
324 5.694472e-08 5.421956e-03
325 2.232786e-08 5.310561e-03
326 6.689962e-06 4.676805e-02
327 2.274322e-03 8.373285e-01
328 4.826790e-04 2.090605e-01
329 2.173697e-03 4.577806e-01
330 6.436045e-06 1.161730e-02
331 1.284278e-04 3.123416e-02
332 3.625822e-04 3.224814e-01
333 1.270531e-07 1.670132e-02
334 6.692012e-06 4.974523e-02
335 1.389468e-08 2.171755e-03
336 3.252050e-06 1.097773e-02
337 1.302743e-06 1.351233e-02
338 2.942575e-03 1.484227e-01
339 1.343678e-03 3.126564e-01
340 2.030946e-05 1.503210e-02
341 7.735955e-07 1.045983e-02
342 1.214915e-05 8.278710e-03
343 2.969992e-07 3.917910e-02
344 2.561008e-05 1.941492e-02
345 2.619376e-03 8.939444e-01
346 3.386010e-03 4.923667e-01
347 5.090949e-08 4.230301e-03
348 1.087480e-04 5.242921e-02
349 1.609298e-05 7.852654e-03
350 2.284002e-06 3.280244e-03
351 1.139651e-03 8.575504e-01
352 6.326046e-05 2.179517e-01
353 2.793100e-08 1.288185e-03
354 2.063173e-04 1.429037e-01
355 1.630765e-05 2.657119e-02
356 2.435303e-03 5.104777e-01
357 3.945664e-04 1.897983e-01
358 1.090584e-05 5.965082e-03
359 6.684182e-06 1.233252e-02
360 1.104284e-04 1.500141e-01
361 1.215403e-03 2.294654e-01
362 1.203213e-03 1.271014e-01
363 1.594325e-04 4.285728e-02
364 2.125283e-05 5.308740e-02
365 1.084786e-05 4.129944e-02
366 1.869422e-06 2.102713e-02
367 6.539048e-07 1.708680e-02
368 7.437059e-06 1.236876e-02
369 3.578396e-07 1.178776e-02
370 7.501226e-06 2.041199e-02
371 6.979500e-06 8.678815e-02
372 1.742859e-07 3.669284e-02
373 5.016349e-05 7.021861e-02
374 1.448054e-08 6.334188e-03
375 1.135553e-07 1.466725e-03
376 2.227126e-07 3.675496e-03
377 2.782365e-03 5.937986e-01
378 1.141828e-04 2.537396e-02
379 1.211489e-06 6.134412e-03
380 4.468685e-06 2.053761e-02
381 2.693581e-03 6.640191e-01
382 2.125574e-04 3.265362e-02
383 4.339893e-04 1.999553e-01
384 4.465592e-05 2.067182e-02
385 1.164197e-03 6.569175e-01
386 2.895156e-05 1.693404e-02
387 4.759563e-06 2.068381e-02
388 4.044082e-07 4.065260e-03
389 3.085521e-07 1.071260e-02
390 6.089515e-09 4.437989e-03
391 8.286673e-05 3.700177e-02
392 7.043713e-06 2.860998e-02
393 8.392794e-09 2.653594e-03
394 1.334901e-03 7.775104e-01
395 5.944155e-07 1.829754e-03
396 1.545609e-05 3.978179e-02
397 1.137203e-05 2.284111e-02
398 6.131613e-10 2.559526e-03
399 3.224541e-07 9.118742e-03
400 3.182611e-03 1.571741e+00
401 1.655985e-05 2.777144e-02
402 3.130423e-04 5.777525e-01
403 2.823321e-05 3.277642e-02
404 2.490398e-05 2.900069e-02
405 2.331368e-06 5.156278e-03
406 1.264321e-04 2.646648e-01
407 1.755978e-04 1.198622e-01
408 6.073527e-04 7.258333e-01
409 8.973142e-05 8.615528e-02
410 6.617736e-06 1.542429e-02
411 3.126564e-05 4.356756e-02
412 3.053953e-05 1.275447e-02
413 6.511979e-04 4.937655e-01
414 5.465317e-04 3.836888e-02
415 3.726301e-08 1.966477e-03
416 8.272041e-05 1.252168e-01
417 3.785799e-06 2.929578e-03
418 2.093066e-03 5.192020e-01
419 3.107390e-03 8.012804e-01
420 3.716227e-06 9.594690e-03
421 1.707206e-04 2.548629e-02
422 1.986524e-05 3.002578e-02
423 1.103616e-05 1.261458e-02
424 1.055380e-04 6.806825e-02
425 4.036699e-05 1.514145e-02
426 3.512277e-08 3.759197e-03
427 6.298784e-05 1.525534e-01
428 1.761851e-04 4.155304e-02
429 1.107257e-03 3.515843e-01
430 2.996418e-07 1.720609e-03
431 3.862220e-09 4.157690e-03
432 1.071101e-04 1.423728e-01
433 6.464235e-09 1.257031e-03
434 1.373226e-07 5.215472e-03
435 6.506876e-06 5.813277e-03
436 9.418804e-09 2.357541e-03
437 1.087235e-04 1.396477e-01
438 1.338346e-07 5.838128e-03
439 1.899046e-07 4.597299e-03
440 5.473378e-07 4.332511e-03
441 8.485782e-05 4.265442e-02
442 3.140678e-08 6.771912e-03
443 1.924009e-06 5.386862e-03
444 5.573953e-05 4.974022e-02
445 1.356227e-04 9.323663e-02
446 1.649606e-06 1.741204e-02
447 7.043184e-08 2.494663e-03
448 1.174938e-06 2.728785e-03
449 3.089877e-08 2.386943e-03
450 7.938448e-07 3.687045e-03
451 2.770812e-07 1.336420e-03
452 1.232261e-05 1.306989e-02
453 4.693975e-07 5.148409e-03
454 6.200506e-05 4.101979e-02
455 4.942322e-04 1.649127e-01
456 3.190917e-07 5.630424e-03
457 3.436188e-05 4.415191e-02
458 3.750425e-05 7.024698e-02
459 6.400211e-05 7.216643e-02
460 1.088899e-06 4.051033e-03
461 3.732103e-05 3.844166e-02
462 3.191353e-04 3.025836e-01
463 2.057411e-05 7.468775e-02
464 3.623292e-05 1.008730e-02
465 6.972318e-08 1.842830e-03
466 5.316618e-08 2.731245e-03
467 1.720773e-03 5.505769e-01
468 5.968686e-09 5.934302e-03
469 6.675354e-04 1.326541e-01
470 6.008515e-05 2.045076e-02
471 2.435167e-05 3.802840e-02
472 1.528672e-05 7.303935e-03
473 2.197121e-05 1.599970e-02
474 6.925540e-06 4.935355e-03
475 5.867615e-05 3.994058e-02
476 8.053268e-09 2.276345e-03
477 3.693866e-04 9.826038e-02
478 2.595820e-09 3.581613e-03
479 5.625270e-09 1.840662e-03
480 1.686500e-06 1.380225e-02
481 3.521885e-07 8.186578e-03
482 1.086905e-03 2.823455e-01
483 6.982359e-08 1.193264e-03
484 1.045293e-07 1.951717e-03
485 1.454938e-04 1.017444e-01
486 3.968803e-07 5.284521e-03
487 4.776362e-05 9.041579e-02
488 2.943286e-07 6.573780e-03
489 1.935007e-05 1.350600e-02
490 4.401033e-06 4.763349e-02
491 1.727354e-06 1.092775e-02
492 1.220573e-04 1.681129e-02
493 3.648232e-08 2.366632e-03
494 2.917432e-04 1.365100e-01
495 7.237031e-04 1.862804e-01
496 4.800043e-05 1.952477e-01
497 7.238236e-05 1.461053e-01
498 3.007002e-05 4.256009e-02
499 2.201037e-05 1.228998e-02
500 8.031205e-09 9.723841e-03
501 3.274679e-03 8.347820e-01
502 4.784825e-06 1.973836e-02
503 1.266855e-04 7.436435e-02
504 3.984650e-03 1.074364e+00
505 3.024172e-07 6.443301e-03
506 4.375203e-07 1.313301e-02
507 7.815166e-07 9.697134e-03
508 8.620126e-06 1.539971e-02
509 5.212244e-04 3.540899e-01
510 1.676490e-07 9.910128e-03
511 1.547363e-06 4.978458e-03
512 9.770972e-09 2.039260e-03
513 2.010812e-05 3.519750e-02
514 6.045510e-08 1.969174e-02
515 2.782279e-06 5.773418e-02
516 2.359129e-04 8.039093e-02
517 3.233728e-06 7.794462e-03
518 4.452277e-08 4.540986e-03
519 1.696639e-06 1.087154e-02
520 1.305269e-09 1.504590e-03
521 5.671828e-06 2.993158e-02
522 3.296848e-06 3.406359e-03
523 2.333156e-06 8.453966e-03
524 1.166204e-04 8.085463e-02
525 3.318365e-04 1.019472e-01
526 3.711030e-06 1.751666e-02
527 6.033103e-04 1.918675e-01
528 6.633432e-04 1.549401e-01
529 1.216611e-03 2.521496e-01
530 3.936073e-04 6.559144e-02
531 1.240366e-10 1.574191e-03
532 6.710587e-07 9.696527e-03
533 1.954816e-06 2.851374e-03
534 3.290004e-06 8.939110e-02
535 6.317472e-04 2.939638e-01
536 3.873056e-04 9.803116e-02
537 1.488475e-03 3.255662e-01
538 1.861093e-06 9.625942e-02
539 5.214768e-05 6.111676e-02
540 1.514540e-06 2.844263e-02
541 3.700824e-03 8.116050e-01
542 8.699970e-06 1.313076e-02
543 3.369369e-05 8.840669e-03
544 7.406247e-05 7.834299e-02
545 2.719834e-07 9.540601e-03
546 2.844984e-06 1.571807e-02
547 1.909451e-05 5.507221e-02
548 1.382549e-04 3.478499e-02
549 2.797746e-06 2.924464e-02
550 1.903122e-09 5.838546e-03
551 2.664373e-04 2.328301e-02
552 1.960155e-07 2.686817e-03
553 6.007818e-07 7.528532e-03
554 1.899107e-09 3.020639e-03
555 2.472338e-06 7.062978e-02
556 1.260081e-06 7.628651e-03
557 1.779037e-04 9.265955e-02
558 8.769696e-08 8.196006e-03
559 4.307279e-04 6.133895e-02
560 1.042487e-07 3.360429e-03
561 7.703834e-06 3.335392e-02
562 6.257418e-07 1.823135e-03
563 2.977597e-03 1.737367e+00
564 3.036580e-03 8.582959e-01
565 2.095345e-06 3.833633e-03
566 8.333500e-04 3.428845e-02
567 2.462626e-04 6.449669e-02
568 3.506408e-04 1.004564e-01
569 2.208553e-05 1.205085e-02
570 3.410913e-05 5.130997e-02
571 5.630053e-05 6.375542e-02
572 5.209076e-04 9.966188e-02
573 1.139904e-03 1.821262e-01
574 5.951379e-06 5.822430e-03
575 8.302465e-08 4.060992e-03
576 2.775069e-06 9.601956e-03
577 1.041247e-08 2.689067e-03
578 9.807660e-07 4.096221e-03
579 8.912610e-05 2.480938e-02
580 3.310430e-07 6.029509e-03
581 4.156862e-04 9.944688e-02
582 1.093954e-06 1.518002e-02
583 2.431776e-04 4.645838e-01
584 2.186115e-05 7.805379e-02
585 8.834206e-06 4.540509e-02
586 4.591716e-04 1.287359e-01
587 4.672650e-06 1.311739e-02
588 8.669476e-06 5.897281e-02
589 3.139534e-04 4.930053e-02
590 4.474848e-07 1.234131e-02
591 2.034597e-06 2.681289e-02
592 2.363309e-03 6.582785e-01
593 1.237852e-06 9.325514e-03
594 9.448696e-05 9.616983e-02
595 6.767511e-07 5.604221e-03
596 5.415060e-08 1.378917e-03
597 3.636156e-07 2.280542e-03
598 3.989633e-05 4.548501e-02
599 4.016808e-05 1.856910e-02
600 1.457154e-06 5.143755e-03
601 7.401240e-07 4.315992e-03
602 4.057039e-05 2.759083e-02
603 4.413447e-05 3.325995e-02
604 3.530008e-08 2.067905e-03
605 4.408004e-04 1.573699e-01
606 3.959273e-04 9.476861e-02
607 2.674309e-07 5.242503e-03
608 2.035898e-04 2.561279e-02
609 3.808387e-05 1.585272e-02
610 3.017875e-06 1.623198e-02
611 2.883277e-08 2.535211e-03
612 1.354808e-05 3.618416e-02
613 4.562138e-08 5.337523e-03
614 7.956953e-07 5.646920e-03
615 2.576069e-08 5.944432e-03
616 6.165338e-05 4.241085e-02
617 4.064986e-06 1.402899e-02
618 1.588579e-07 8.400901e-03
619 6.327833e-06 7.187392e-03
620 5.170087e-07 3.873009e-03
621 2.540839e-07 3.418019e-03
622 7.310244e-04 2.651149e-01
623 1.059955e-05 1.728120e-02
624 7.561945e-07 4.421482e-03
625 6.326660e-07 1.184223e-02
626 6.756364e-07 6.366155e-03
627 5.169913e-07 3.669731e-03
628 4.507893e-05 3.175461e-02
629 1.110678e-06 2.112269e-03
630 1.554557e-05 1.433448e-02
631 1.189803e-05 1.205588e-02
632 6.381903e-08 1.263531e-03
633 3.242099e-04 2.970359e-01
634 9.702035e-05 2.571738e-02
635 5.951282e-07 8.781098e-03
636 2.409488e-07 2.104226e-02
637 3.215665e-07 1.159211e-02
638 1.154990e-08 2.182498e-03
639 1.464349e-09 1.581156e-03
640 5.568184e-09 2.443673e-03
641 3.348071e-09 1.528434e-03
642 8.402930e-08 5.428967e-03
643 5.744831e-05 8.518433e-02
644 8.453938e-04 1.730722e-01
645 7.249123e-04 6.227314e-02
646 2.852491e-06 1.420396e-02
647 4.795930e-07 6.015317e-03
648 5.115966e-05 3.621855e-02
649 1.254843e-03 6.058851e-01
650 1.951943e-06 4.978535e-03
651 5.497176e-07 8.517055e-03
652 1.678258e-04 7.089895e-02
653 2.766494e-08 4.782171e-03
654 5.403490e-07 4.926370e-03
655 1.486633e-06 9.163543e-03
656 1.817451e-07 2.807098e-03
657 1.303381e-04 3.428671e-02
658 1.159108e-04 1.413409e-01
659 1.208571e-04 1.868088e-02
660 7.157472e-05 1.162637e-01
661 4.006011e-07 5.547054e-03
662 3.094135e-04 2.402487e-01
663 6.005973e-04 7.670755e-01
664 2.830562e-05 5.116099e-02
665 9.576827e-07 9.368852e-03
666 6.298288e-05 1.456908e-02
667 3.841918e-04 3.161040e-02
668 1.402730e-03 3.251756e-01
669 8.387984e-04 2.155965e-01
670 7.008657e-08 9.342946e-03
671 1.827189e-05 2.146603e-02
672 1.571451e-06 2.504281e-02
673 1.200612e-05 1.128702e-02
674 3.281726e-07 2.097866e-03
675 1.705575e-05 1.374328e-01
676 1.317240e-06 5.652951e-03
677 6.022834e-10 1.338934e-03
678 9.015921e-06 7.104391e-03
679 1.266101e-03 1.659125e-01
680 1.015685e-05 4.573050e-02
681 4.541139e-05 6.977448e-02
682 1.417046e-05 1.256598e-02
683 2.910383e-06 3.053461e-02
684 3.735135e-06 1.891377e-02
685 4.609840e-09 2.170856e-03
686 8.558448e-06 1.900758e-02
687 2.648161e-03 6.077331e-01
688 4.381180e-06 2.479470e-02
689 1.046603e-06 1.030817e-02
690 3.451506e-08 2.014798e-03
691 3.399999e-04 1.559979e-01
692 2.778801e-07 2.925991e-03
693 2.001560e-05 2.160212e-02
694 1.657182e-04 8.165418e-02
695 3.195401e-04 2.395331e-01
696 1.865071e-03 6.536585e-01
697 1.687527e-05 8.828980e-03
698 8.017506e-05 1.365104e-01
699 7.486414e-08 1.536578e-03
700 8.210517e-05 4.799246e-02
701 3.104561e-06 1.958075e-02
702 2.374665e-08 1.236818e-03
703 3.789402e-08 4.010160e-03
704 8.539758e-11 1.311533e-03
705 1.694615e-03 2.615839e-01
706 3.127540e-08 1.731544e-03
707 5.216255e-04 7.966823e-02
708 4.134320e-11 4.995842e-03
709 2.633333e-10 2.939362e-03
710 3.708737e-07 6.284668e-03
711 5.516113e-10 1.204874e-03
712 2.883313e-07 4.804545e-03
713 1.923794e-07 6.458597e-03
714 9.832678e-10 2.451215e-03
715 1.655751e-05 1.616279e-02
716 9.718710e-05 2.716463e-02
717 5.230838e-08 5.328183e-03
718 8.403886e-11 2.642271e-03
719 4.154139e-03 6.260027e-01
720 1.447743e-10 1.188319e-03
721 1.573792e-05 7.951781e-03
722 5.013886e-10 2.732685e-03
723 5.410039e-06 1.653312e-02
724 2.076944e-07 3.483329e-03
725 6.013139e-10 1.464593e-03
726 1.162705e-04 4.448518e-02
727 8.396990e-09 4.371273e-03
728 1.785807e-07 7.904161e-03
729 4.587718e-09 7.307614e-03
730 5.786908e-08 2.751311e-03
731 1.964844e-04 9.748574e-02
732 1.336545e-11 1.364472e-03
733 3.737090e-13 9.157500e-04
734 2.460146e-07 2.987574e-03
735 1.410697e-07 3.403745e-03
736 1.875218e-05 1.640665e-02
737 2.944535e-10 1.363517e-03
738 1.285797e-04 9.478152e-02
739 3.421999e-08 3.514704e-03
740 5.181986e-05 3.640023e-02
741 2.664494e-07 8.480370e-03
742 1.565768e-05 2.166474e-02
743 2.059772e-03 6.888701e-01
744 4.780043e-10 2.638472e-03
745 4.434540e-08 2.530686e-03
746 1.610152e-06 1.278046e-02
747 4.422775e-04 4.647364e-02
748 5.671786e-04 1.550326e-01
749 1.062739e-04 1.808620e-01
750 8.612966e-07 6.836719e-03
751 3.698010e-06 1.229878e-02
752 2.511025e-07 1.978438e-03
753 2.713627e-08 2.986902e-03
754 1.498223e-04 1.046248e-01
755 2.109942e-05 2.126198e-02
756 4.956400e-05 3.476590e-02
757 1.911117e-09 1.517537e-03
758 1.351164e-05 2.098426e-02
759 6.085403e-05 2.213595e-02
760 2.902363e-08 2.275366e-03
761 2.194754e-04 3.054009e-02
762 1.119958e-04 2.081927e-02
763 5.725863e-09 1.966277e-03
764 8.182736e-08 9.887426e-03
765 2.004797e-08 1.044198e-02
766 2.819916e-07 5.496463e-03
767 8.771200e-08 5.903951e-03
768 6.650935e-05 2.817756e-02
769 6.313729e-06 7.652393e-03
770 8.572378e-05 6.258444e-02
771 1.790919e-05 4.785856e-03
772 6.976233e-11 1.550057e-03
773 1.043271e-07 1.604162e-02
774 2.119189e-08 1.956420e-03
775 2.304716e-04 8.809011e-02
776 9.557458e-05 8.694545e-02
777 6.805557e-05 3.368906e-02
778 3.814861e-05 2.300962e-02
779 2.459170e-03 2.130508e-01
780 2.062819e-05 1.491988e-02
781 3.382065e-04 7.045661e-02
782 3.051828e-06 4.526636e-03
783 4.767536e-06 9.625063e-03
784 5.976276e-06 6.645919e-03
785 1.320263e-04 4.019152e-02
786 5.118206e-05 2.454238e-02
787 2.012799e-04 3.393837e-02
788 7.339626e-06 2.297563e-02
789 2.781836e-09 1.348741e-03
790 1.705830e-04 1.597868e-01
791 4.720547e-05 1.673371e-02
792 8.412375e-07 4.925869e-03
793 4.201634e-06 9.822465e-03
794 1.246566e-06 5.102201e-03
795 3.270135e-04 5.648075e-01
796 8.476005e-09 3.134245e-03
797 6.983915e-04 2.729666e-01
798 1.094989e-03 4.372520e-01
799 1.005424e-05 5.121307e-03
800 7.021558e-04 8.058411e-02
801 1.246417e-07 4.157509e-03
802 7.443370e-05 4.426344e-02
803 7.753004e-04 1.361700e-01
804 7.968005e-07 1.603300e-02
805 2.683204e-08 4.028503e-03
806 7.940449e-04 2.169627e-01
807 1.170682e-06 5.540008e-02
808 1.049280e-05 3.959022e-03
809 9.015687e-04 3.383970e-01
810 1.158815e-04 1.555833e-02
811 5.314304e-06 2.746228e-02
812 7.493670e-07 6.920776e-03
813 1.697343e-07 5.852678e-03
814 5.851728e-06 1.048870e-02
815 6.793231e-06 2.609127e-02
816 2.916053e-04 1.551766e-01
817 2.202206e-03 7.562917e-01
818 4.294865e-08 3.590112e-03
819 5.059861e-05 1.012528e-01
820 2.518571e-05 5.224580e-02
821 9.113089e-06 2.770201e-02
822 1.677591e-07 3.565378e-03
823 1.579512e-06 9.568224e-03
824 3.049957e-07 2.606616e-02
825 1.823185e-06 2.662632e-02
826 3.960242e-05 9.258169e-03
827 2.744022e-06 5.637688e-03
828 5.335527e-05 3.707831e-02
829 7.792350e-07 1.436181e-02
830 3.534950e-03 4.333725e-01
831 6.922645e-05 1.942129e-02
832 6.762329e-06 8.643063e-03
833 4.482391e-06 2.207097e-02
834 4.808455e-06 2.169454e-02
835 2.360793e-07 2.274784e-03
836 6.876557e-09 1.027116e-03
837 6.131439e-07 1.488023e-02
838 5.513505e-06 8.700818e-03
839 6.846075e-07 1.523504e-02
840 1.294758e-05 3.753217e-02
841 4.474780e-05 3.376957e-02
842 1.052234e-03 3.937131e-01
843 2.874541e-05 2.792988e-02
844 4.549691e-06 3.609534e-02
845 8.276912e-07 3.278869e-02
846 5.242846e-04 9.886609e-02
847 5.303320e-05 2.434989e-02
848 1.573801e-04 1.182773e-01
849 3.413624e-07 5.773403e-03
850 1.158860e-03 1.018178e+00
851 1.728043e-05 2.055632e-02
852 2.622574e-05 1.909081e-01
853 3.623121e-04 2.793886e-01
854 1.031620e-04 8.377527e-02
855 3.217906e-05 1.610708e-01
856 7.000163e-05 5.193577e-02
857 8.116298e-04 2.680540e-01
858 5.412317e-06 2.053827e-02
859 1.952252e-08 3.866482e-03
860 6.807561e-05 4.407612e-02
861 1.323128e-08 1.641522e-03
862 1.948257e-05 2.227705e-02
863 1.809529e-04 9.458750e-02
864 4.292596e-06 7.859615e-03
865 1.280299e-04 1.045341e-01
866 3.532464e-04 1.597712e-01
867 6.933486e-04 6.709914e-01
868 5.289426e-06 6.958500e-03
869 4.795370e-06 3.259883e-02
870 1.747437e-05 4.597337e-02
871 9.952014e-06 2.770469e-02
872 5.185011e-04 2.980614e-01
873 4.616020e-05 7.253930e-02
874 8.259350e-04 2.296369e-01
875 2.165617e-06 6.279507e-03
876 2.969512e-11 1.062644e-03
877 2.093620e-07 9.367399e-03
878 2.770585e-04 4.058363e-01
879 1.121641e-04 9.536423e-02
880 6.626329e-06 1.084669e-02
881 1.754845e-09 2.291659e-03
882 7.570573e-05 6.920540e-02
883 8.982174e-04 5.447146e-01
884 2.092832e-04 9.443077e-02
885 5.235753e-05 7.647814e-02
886 8.742664e-07 7.894202e-03
887 1.355897e-06 1.341915e-02
888 2.859563e-06 1.276061e-02
889 5.268241e-07 2.299190e-02
890 2.043401e-06 2.349381e-02
891 3.892937e-04 3.387698e-01
892 1.205641e-08 2.858676e-03
893 5.506221e-05 5.949548e-02
894 3.572028e-06 6.957413e-03
895 3.775421e-05 7.857689e-02
896 5.721545e-06 5.480861e-02
897 1.040118e-04 7.654448e-02
898 3.199178e-06 9.275494e-03
899 1.737716e-06 1.426981e-02
900 1.648093e-07 1.625380e-02
901 6.780364e-05 8.602061e-02
902 3.926637e-08 2.126460e-03
903 7.252784e-06 3.473420e-02
904 2.463975e-08 2.108318e-02
905 2.435835e-08 6.663426e-03
906 1.547011e-06 8.239954e-03
907 2.703051e-08 2.066041e-03
908 1.168684e-08 8.980034e-03
909 2.715447e-05 2.888377e-02
910 9.113406e-06 2.782257e-02
911 3.874709e-07 2.117542e-02
912 2.878645e-07 1.046265e-02
913 5.112574e-08 3.414211e-03
914 1.608970e-07 7.546881e-03
915 1.089464e-03 1.617250e-01
916 2.209115e-10 2.827306e-03
917 1.098915e-08 2.394180e-03
918 5.244655e-09 2.639477e-03
919 6.337445e-04 1.873529e-01
920 5.925053e-09 6.486466e-03
921 4.997344e-07 3.945937e-03
922 2.515367e-07 1.635465e-02
923 9.579765e-09 5.135416e-03
924 5.340691e-04 3.101060e-01
925 1.111392e-04 6.599298e-02
926 5.094186e-05 4.237293e-02
927 1.474504e-05 1.219734e-01
928 2.541583e-07 4.358100e-02
929 4.677772e-04 1.559011e-01
930 9.920296e-05 4.791475e-02
931 7.304057e-05 1.674176e-02
932 4.889468e-05 4.864782e-02
933 5.944807e-09 2.972934e-03
934 5.385507e-06 9.549082e-03
935 3.908296e-07 3.600666e-03
936 2.321249e-06 2.780762e-02
937 2.290477e-09 5.815800e-03
938 6.291471e-08 2.376452e-03
939 3.571744e-06 1.024693e-02
940 3.696527e-04 1.141401e-01
941 1.530278e-08 3.331806e-03
942 6.735069e-05 1.389188e-01
943 5.565634e-06 2.406480e-02
944 2.695109e-11 1.972735e-03
945 7.538618e-05 2.983754e-02
946 4.406001e-09 2.224133e-03
947 9.581841e-06 2.011516e-02
948 7.932488e-08 1.522581e-03
949 6.871688e-06 1.781156e-02
950 3.928078e-04 1.013123e-01
951 5.891160e-08 3.014380e-02
952 8.356049e-06 4.139058e-02
953 1.804427e-10 2.418490e-03
954 2.187782e-05 3.657718e-02
955 7.087944e-07 4.475188e-03
956 8.418155e-06 1.915789e-02
957 4.510873e-04 4.824250e-02
958 1.568724e-04 3.661787e-02
959 8.926478e-05 2.651743e-02
960 4.707178e-09 2.434818e-03
961 3.917840e-09 9.517316e-03
962 9.105564e-08 1.077577e-02
963 1.529992e-07 3.544063e-03
964 1.632420e-07 1.980284e-03
965 7.382639e-04 1.176099e-01
966 1.079080e-04 1.601650e-02
967 8.194054e-07 8.157156e-03
968 5.624750e-04 8.517869e-02
969 1.713664e-04 1.217542e-01
970 4.716725e-05 2.243867e-02
971 5.398620e-06 7.977525e-03
972 5.277225e-05 4.500157e-02
973 5.704324e-06 8.834932e-03
974 7.878362e-07 7.986589e-03
975 3.463496e-05 9.021516e-02
976 5.064714e-04 3.053844e-01
977 3.123582e-05 1.817928e-02
978 3.763373e-06 2.447287e-02
979 9.287655e-08 2.947741e-03
980 6.541430e-06 2.117118e-02
981 9.765437e-06 2.177246e-02
982 2.246924e-07 1.410516e-03
983 5.401758e-07 3.848708e-03
984 8.692451e-06 2.038402e-02
985 1.254218e-05 6.115694e-02
986 7.273186e-04 3.687224e-01
987 2.232818e-07 6.216543e-03
988 1.084279e-08 2.068165e-03
989 2.555671e-04 8.955924e-02
990 1.951364e-08 2.264463e-03
991 4.088124e-03 7.258801e-01
992 4.550654e-06 6.887522e-03
993 1.363599e-06 9.541367e-03
994 2.897945e-12 1.343352e-03
995 4.407507e-07 1.513690e-02
996 2.961070e-03 6.963030e-01
997 4.910857e-07 8.016876e-03
998 1.640187e-06 3.867376e-03
999 8.183923e-06 2.499577e-02
1000 3.041325e-12 1.344524e-03
1001 4.939528e-06 9.271825e-03
1002 2.789071e-04 1.025737e-01
1003 2.778351e-04 3.222919e-02
1004 6.162018e-05 3.814561e-02
1005 7.927106e-07 2.250380e-03
1006 2.358742e-04 1.585719e-01
1007 2.562358e-08 3.015205e-03
1008 1.289994e-04 3.121163e-02
1009 3.516142e-07 2.033075e-03
1010 1.545853e-05 2.125629e-02
1011 3.399024e-07 1.731499e-02
1012 6.036963e-05 2.534000e-01
1013 5.812394e-07 1.234764e-02
1014 5.959727e-07 8.452078e-03
1015 7.708289e-06 3.361951e-02
1016 6.880079e-05 1.895191e-02
1017 2.061585e-03 4.646257e-01
1018 2.740039e-05 1.036345e-01
1019 3.504487e-10 1.929897e-03
1020 2.686061e-08 1.103983e-02
1021 2.034473e-06 1.420421e-02
1022 8.461087e-10 1.414981e-03
1023 4.869173e-05 1.844533e-02
1024 1.007492e-04 1.684541e-02
1025 1.649483e-09 1.527412e-03
1026 1.064824e-10 1.937811e-03
1027 3.734345e-06 1.109414e-02
1028 1.256998e-04 1.041630e-01
1029 3.128494e-07 6.099407e-03
1030 9.806850e-09 3.060896e-03
1031 9.268346e-06 1.175767e-02
1032 2.228832e-03 4.031093e-01
1033 7.998736e-09 1.554447e-03
1034 2.926137e-05 3.074512e-02
1035 3.092216e-05 1.576002e-02
1036 3.762537e-05 1.587413e-01
1037 2.460947e-09 3.022526e-03
1038 5.128740e-07 3.118200e-03
1039 4.801054e-06 9.808456e-03
1040 2.464104e-08 3.100957e-03
1041 2.034588e-03 3.556319e-01
1042 5.369323e-07 7.758990e-03
1043 1.349117e-09 1.239474e-03
1044 4.220626e-07 3.613196e-03
1045 5.738697e-09 2.385779e-03
1046 4.246108e-12 1.277349e-03
1047 2.347846e-09 1.279759e-03
1048 9.707811e-07 4.733109e-03
1049 8.415766e-09 1.165937e-03
1050 2.072915e-03 9.008032e-01
1051 3.581619e-04 6.041776e-02
1052 3.849919e-07 2.936069e-03
1053 1.015960e-06 9.275620e-03
1054 2.145800e-09 1.868630e-03
1055 6.213089e-10 1.156845e-03
1056 2.219128e-06 8.905364e-03
1057 3.280149e-06 1.317599e-02
1058 1.766191e-08 1.571690e-03
1059 2.264361e-04 8.131820e-02
1060 1.608053e-08 1.477303e-03
1061 4.013441e-06 3.220764e-03
1062 3.358144e-10 1.140548e-03
1063 7.373928e-06 2.575067e-02
1064 4.884202e-05 5.926759e-02
1065 1.616370e-09 1.808239e-03
1066 1.681250e-09 1.188353e-03
1067 4.914298e-06 1.410622e-02
1068 3.143696e-08 1.816602e-03
1069 2.130195e-07 2.965615e-03
1070 2.427709e-09 1.193267e-03
1071 8.248055e-07 2.043799e-03
1072 2.561255e-08 2.554518e-03
1073 6.058567e-09 1.344962e-03
1074 5.769506e-09 1.906674e-03
1075 6.240722e-07 3.807654e-03
1076 2.914052e-07 4.148069e-03
1077 6.965782e-07 5.478880e-03
1078 1.105140e-05 1.438375e-02
1079 7.205490e-08 4.521327e-03
1080 2.220156e-04 6.593988e-02
1081 7.061212e-06 5.106837e-02
1082 1.026861e-06 3.715286e-03
1083 3.754159e-06 5.105187e-03
1084 7.449057e-10 1.205167e-03
1085 4.265267e-08 1.821096e-03
1086 1.880336e-07 3.016700e-03
1087 9.598565e-08 1.402704e-03
1088 4.472473e-06 8.336371e-03
1089 4.434252e-08 1.364437e-03
1090 1.944528e-10 1.204074e-03
1091 1.300713e-08 1.663496e-03
1092 9.190674e-07 2.342860e-03
1093 2.100256e-06 2.384798e-02
1094 2.571016e-05 1.657871e-02
1095 4.274349e-08 2.995326e-03
1096 6.900273e-05 3.730135e-02
1097 2.310088e-06 5.267329e-02
1098 1.627925e-07 8.082165e-03
1099 8.788740e-09 3.598069e-03
1100 7.927729e-10 1.118751e-03
1101 1.861280e-06 2.452966e-02
1102 1.309452e-07 1.198257e-02
1103 2.823645e-06 3.977408e-03
1104 3.088226e-05 3.149652e-02
1105 1.926441e-08 2.110929e-03
1106 3.007644e-03 5.139150e-01
1107 8.747495e-08 2.629656e-03
1108 8.320589e-07 8.243320e-03
1109 1.189681e-10 1.817776e-03
1110 1.841338e-07 1.045454e-02
1111 2.799135e-08 2.195630e-03
1112 4.785509e-11 1.790195e-03
1113 3.230492e-06 1.474109e-02
1114 7.701402e-05 2.758051e-02
1115 9.618863e-04 2.847860e-01
1116 1.925657e-10 1.968535e-03
1117 1.757375e-03 3.340463e-01
1118 2.437450e-07 5.094879e-03
1119 1.479344e-05 3.031455e-02
1120 3.967576e-05 7.517482e-02
1121 9.829715e-06 1.101789e-02
1122 1.750606e-06 2.080455e-02
1123 4.947020e-06 3.901017e-03
1124 1.567074e-06 1.459354e-02
1125 3.306110e-06 4.815727e-03
1126 9.050284e-08 6.923659e-03
1127 7.518616e-07 4.390098e-03
1128 2.492162e-05 4.940145e-02
1129 6.183838e-07 8.543186e-03
1130 7.352261e-08 1.233685e-02
1131 2.293235e-04 8.700219e-02
1132 7.141075e-06 1.313241e-02
1133 1.642088e-07 2.199220e-03
1134 1.588081e-04 9.236518e-02
1135 1.324539e-05 1.744133e-02
1136 8.457696e-04 1.584111e-01
1137 1.607616e-06 2.243813e-02
1138 3.275681e-10 1.865739e-03
1139 1.437603e-06 7.245656e-03
1140 1.921060e-10 2.155832e-03
1141 1.542443e-05 6.151811e-03
1142 1.430904e-04 8.507834e-02
1143 3.949039e-07 7.793118e-02
1144 4.747213e-09 6.472309e-03
1145 1.196676e-06 2.459130e-02
1146 1.733556e-03 6.407731e-01
1147 5.153249e-05 6.988493e-02
1148 1.434144e-08 2.425593e-03
1149 9.166502e-04 1.689192e-01
1150 3.299533e-10 2.359934e-03
1151 9.890374e-04 2.517263e-01
1152 1.380207e-04 1.260154e-01
1153 1.724359e-06 6.530614e-03
1154 4.167559e-09 1.933769e-03
1155 5.461112e-04 3.598201e-01
1156 1.310490e-07 2.778420e-03
1157 8.366177e-05 6.238086e-02
1158 1.464188e-07 5.858864e-03
1159 1.221306e-09 1.511862e-03
1160 9.102227e-07 3.034896e-03
1161 3.581435e-06 2.051732e-02
1162 1.441719e-05 2.323467e-01
1163 6.334500e-05 2.083741e-02
1164 2.293621e-05 5.826307e-02
1165 2.396047e-03 7.314596e-01
1166 1.154740e-03 1.427652e-01
1167 9.095458e-05 1.161411e-01
1168 6.016475e-05 4.533510e-02
1169 2.960702e-08 8.016449e-03
1170 8.653674e-07 6.164084e-03
1171 6.962834e-07 1.012782e-02
1172 3.909326e-05 8.612504e-02
1173 1.818918e-10 1.101232e-03
1174 3.529049e-04 3.957796e-01
1175 3.377166e-06 2.598587e-02
1176 1.450688e-10 1.778829e-03
1177 1.346594e-04 1.258873e-01
1178 1.907639e-03 3.682670e-01
1179 1.740739e-04 4.426606e-02
1180 1.656505e-05 9.332286e-03
1181 8.576973e-08 1.987490e-03
1182 2.281617e-05 9.964315e-03
1183 2.823585e-04 1.616850e-01
1184 2.957961e-04 5.948472e-02
1185 8.337740e-08 1.084747e-02
1186 1.406548e-03 1.743385e-01
1187 3.348424e-04 1.581007e-01
1188 1.837489e-06 2.267081e-03
1189 2.832967e-08 2.577167e-03
1190 9.358694e-12 1.991191e-03
1191 3.941000e-07 2.969585e-03
1192 1.721407e-04 1.301989e-01
1193 1.742122e-09 3.228867e-03
1194 3.039962e-05 2.834522e-02
1195 4.846336e-04 2.622721e-01
1196 1.822660e-08 5.334519e-03
1197 1.137153e-07 3.533122e-03
1198 7.276786e-06 2.703621e-03
1199 1.646534e-03 2.618110e-01
1200 2.373036e-03 3.713499e-01
1201 3.672518e-10 1.124774e-03
1202 2.840867e-05 2.511967e-02
1203 1.148129e-04 4.172832e-02
1204 4.255044e-06 7.166522e-03
1205 1.834260e-10 1.941554e-03
1206 5.010478e-03 2.995023e-01
1207 2.274518e-06 5.724281e-03
1208 1.143173e-06 6.303836e-03
1209 5.028216e-04 1.292270e-01
1210 2.114957e-04 6.353396e-02
1211 7.530447e-04 1.153924e-01
1212 2.480985e-08 3.745838e-03
1213 5.064191e-08 4.991796e-03
1214 5.795163e-05 1.689171e-02
1215 1.270646e-08 2.616038e-03
1216 9.463597e-09 2.222489e-03
1217 6.728968e-06 2.843860e-02
1218 2.378994e-06 5.739387e-03
1219 2.071076e-05 1.525209e-02
1220 1.063877e-05 2.541014e-02
1221 7.095930e-05 3.610363e-02
1222 1.472529e-06 2.353547e-02
1223 5.283781e-05 4.367047e-02
1224 3.689929e-06 9.664196e-03
1225 8.321108e-08 2.935801e-03
1226 1.928064e-08 1.836596e-03
1227 3.671217e-05 8.272506e-03
1228 5.825913e-05 2.485787e-02
1229 1.879831e-04 5.621681e-02
1230 2.150438e-07 7.504518e-03
1231 2.000561e-05 3.991757e-02
1232 4.150673e-10 5.677324e-03
1233 5.283628e-06 2.437511e-02
1234 6.281410e-09 7.617236e-03
1235 2.090899e-05 5.329641e-02
1236 4.254897e-08 4.713552e-03
1237 7.662889e-04 2.169456e-01
1238 2.720427e-06 1.423529e-02
1239 8.706196e-07 6.965451e-03
1240 5.130829e-07 4.205779e-03
1241 8.929272e-06 8.843391e-03
1242 1.125692e-03 3.759926e-01
1243 1.966825e-04 1.274664e-01
1244 2.015458e-07 3.610351e-03
1245 6.530122e-07 6.888593e-03
1246 2.331220e-09 2.013886e-03
1247 7.628339e-04 4.780862e-02
1248 4.575791e-05 6.128059e-02
1249 5.499773e-08 9.780943e-03
1250 1.725000e-08 6.206186e-03
1251 3.538902e-07 1.429495e-02
1252 1.962846e-05 7.063038e-03
1253 1.077622e-03 3.221652e-01
1254 5.245485e-08 5.366318e-03
1255 1.136868e-06 2.175003e-02
1256 3.439531e-05 7.358050e-03
1257 7.681015e-04 1.045406e-01
1258 9.141975e-08 4.846086e-03
1259 7.674269e-05 8.252933e-02
1260 8.608183e-05 2.760501e-01
1261 1.410147e-07 5.598646e-03
1262 2.376752e-06 2.178677e-02
1263 2.147598e-05 5.200380e-02
1264 4.913667e-08 3.171474e-02
1265 1.721608e-06 1.092864e-02
1266 7.698531e-07 3.496879e-02
1267 3.061769e-06 1.780385e-02
1268 1.794255e-06 9.227390e-03
1269 4.730435e-05 2.555182e-02
1270 1.695990e-03 1.038422e+00
1271 6.139822e-04 4.392937e-01
1272 6.051437e-09 1.268398e-03
1273 1.309372e-03 8.184839e-02
1274 5.443867e-06 2.041823e-02
1275 7.401788e-05 5.904666e-02
1276 4.018972e-03 5.455819e-01
1277 3.141907e-04 2.316894e-01
1278 9.056492e-04 4.388938e-01
1279 1.374679e-06 2.719737e-03
1280 3.374195e-04 1.844639e-01
1281 4.980823e-06 7.356202e-03
1282 7.189259e-05 6.561101e-02
1283 1.289270e-06 2.097349e-02
1284 6.012983e-07 4.753440e-03
1285 3.398752e-04 1.486204e-01
1286 8.277144e-10 3.201477e-03
1287 7.500074e-05 3.734082e-02
1288 4.378820e-04 4.826793e-02
1289 8.711544e-05 1.671681e-02
1290 1.229632e-05 3.040556e-02
1291 3.701078e-05 2.321509e-02
1292 5.070514e-04 3.995526e-01
1293 1.302474e-07 3.341682e-03
1294 1.069942e-06 5.817800e-03
1295 1.080927e-06 3.395290e-03
1296 3.770668e-07 1.305984e-02
1297 1.522837e-05 5.870346e-02
1298 1.312890e-05 1.490825e-02
1299 1.253001e-04 1.913128e-02
1300 4.525373e-08 2.826112e-03
1301 2.565833e-07 3.140424e-03
1302 3.588745e-04 1.052501e-01
1303 6.259462e-06 8.874290e-03
1304 7.963805e-07 8.567769e-03
1305 1.164503e-04 6.588111e-02
1306 1.202736e-04 4.679409e-02
1307 2.207943e-06 6.962042e-03
1308 8.650307e-09 2.544634e-03
1309 8.226838e-04 8.334778e-02
1310 8.558694e-11 1.448174e-03
1311 1.985954e-03 6.037089e-01
1312 1.259218e-03 2.583541e-01
1313 2.130627e-09 1.734504e-03
1314 2.343960e-07 8.580263e-03
1315 7.084086e-08 3.223784e-03
1316 4.384295e-08 2.198550e-03
1317 4.463439e-11 1.374759e-03
1318 8.127378e-05 6.908687e-02
1319 3.523069e-03 5.585734e-01
1320 2.257677e-07 3.990049e-03
1321 1.968127e-05 1.442833e-02
1322 1.827576e-10 1.135345e-03
1323 2.725962e-08 2.231996e-03
1324 2.219267e-04 1.748286e-01
1325 1.615347e-07 9.783367e-03
1326 3.403320e-05 1.028519e-02
1327 4.017015e-05 2.822715e-02
1328 8.279886e-08 2.684788e-03
1329 9.227619e-06 2.429867e-02
1330 1.737151e-07 8.245376e-03
1331 2.503314e-08 2.121982e-03
1332 1.888581e-08 1.452685e-03
1333 1.130932e-05 2.279962e-02
1334 1.647505e-06 1.363277e-02
1335 1.484370e-07 1.171567e-02
1336 2.079329e-05 8.472989e-03
1337 4.244187e-04 1.100481e-01
1338 2.514297e-07 7.332739e-03
1339 2.476300e-03 2.698053e-01
1340 1.708874e-05 1.531000e-02
1341 1.804040e-03 3.806059e-01
1342 1.722748e-08 2.469921e-03
1343 3.196855e-08 2.172320e-03
1344 1.397572e-06 3.516173e-03
1345 2.525752e-06 1.518850e-02
1346 1.058003e-06 2.858208e-02
1347 1.031356e-08 1.355491e-03
1348 1.238023e-04 7.524603e-02
1349 3.905550e-04 1.487817e-01
1350 4.172554e-06 1.290547e-02
1351 4.278590e-05 3.007903e-02
1352 3.635603e-05 1.479733e-02
1353 4.046550e-06 1.138744e-02
1354 5.970483e-08 4.956897e-03
1355 1.853845e-06 9.398622e-03
1356 1.199948e-05 2.731349e-02
1357 2.462680e-09 6.053466e-03
1358 1.337045e-05 7.160457e-03
1359 8.378281e-09 2.051415e-03
1360 1.638883e-07 4.137436e-03
1361 3.571901e-05 1.911959e-02
1362 6.396923e-04 1.494270e-01
1363 1.880739e-06 6.131568e-03
1364 5.158235e-05 4.784563e-02
1365 3.817402e-08 4.522402e-03
1366 8.546288e-07 4.567381e-03
1367 2.249565e-08 1.744403e-03
1368 9.043123e-05 6.286444e-02
1369 5.496673e-11 2.457529e-03
1370 1.163189e-08 1.645182e-03
1371 2.321202e-04 6.120615e-02
1372 1.762189e-08 4.192333e-03
1373 1.115935e-06 7.693968e-03
1374 1.684755e-07 3.393365e-03
1375 2.908805e-05 1.311189e-02
1376 2.826800e-03 6.587136e-01
1377 1.246938e-06 9.743391e-03
1378 1.056155e-08 1.431827e-03
1379 5.021030e-06 5.472743e-03
1380 2.843543e-03 4.969737e-01
1381 1.281739e-06 3.379616e-03
1382 5.195877e-08 1.282120e-03
1383 1.896646e-06 2.162742e-02
1384 8.376955e-08 4.627441e-03
1385 8.337519e-08 4.485811e-03
1386 7.150978e-07 5.818258e-03
1387 2.998979e-04 3.650946e-02
1388 1.494226e-06 7.735852e-03
1389 1.446662e-07 3.261037e-03
1390 1.236803e-07 3.097065e-03
1391 2.364617e-06 9.169546e-03
1392 4.006835e-08 2.000740e-03
1393 1.281485e-08 7.648344e-03
1394 4.094377e-07 6.418998e-03
1395 1.010257e-05 4.577521e-02
1396 1.337324e-04 4.664980e-02
1397 1.762775e-07 3.223954e-03
1398 1.005641e-04 2.729045e-02
1399 4.570997e-05 4.124105e-02
1400 7.368653e-08 4.677864e-03
1401 2.955342e-04 9.961686e-02
1402 7.613463e-07 4.595888e-03
1403 2.864231e-07 5.499396e-03
1404 4.522063e-09 2.382501e-03
1405 2.035746e-07 4.170430e-03
1406 4.386668e-05 1.939699e-02
1407 9.037564e-08 2.748005e-03
1408 2.736116e-03 6.317866e-01
1409 2.575105e-05 5.050760e-02
1410 2.807198e-07 1.106793e-02
1411 2.120910e-05 1.372220e-02
1412 2.393084e-09 4.384586e-03
1413 1.757620e-12 1.143512e-03
1414 2.740005e-09 2.434419e-03
1415 1.559778e-07 5.985732e-03
1416 1.117259e-08 2.991787e-03
1417 7.605073e-06 4.914000e-03
1418 1.414610e-07 5.025186e-03
1419 1.829934e-07 4.505310e-03
1420 8.304742e-06 2.490199e-02
1421 1.268751e-05 1.315935e-02
1422 3.766334e-05 3.095826e-02
1423 9.747295e-07 3.937986e-03
1424 3.766982e-06 7.191151e-03
1425 8.515172e-06 7.868434e-03
1426 1.770017e-05 9.429778e-03
1427 4.666047e-06 6.091425e-03
1428 6.258224e-06 7.919415e-03
1429 6.729393e-05 1.981739e-02
1430 1.634931e-03 2.356491e-01
1431 1.971272e-05 3.279687e-02
1432 3.793341e-06 1.795963e-02
1433 1.042318e-07 7.833554e-03
1434 6.699695e-07 3.653677e-03
1435 8.291840e-08 3.317596e-03
1436 1.317406e-05 9.452144e-03
1437 3.864803e-06 2.738550e-03
1438 1.062978e-05 1.152646e-02
1439 1.656402e-03 3.757387e-01
1440 4.172117e-08 2.805893e-03
1441 1.104932e-09 1.740355e-03
1442 1.455027e-07 7.291484e-03
1443 2.832698e-06 5.870082e-03
1444 1.571349e-05 8.091518e-03
1445 5.020585e-06 1.029573e-02
1446 3.265023e-05 1.603424e-02
1447 1.989256e-03 1.021412e+00
1448 2.549543e-06 3.879005e-03
1449 1.635027e-07 3.103338e-03
1450 2.029064e-06 1.358505e-02
1451 7.419075e-05 5.441051e-02
1452 9.951247e-05 1.460443e-01
1453 3.692233e-09 2.967828e-03
1454 2.225820e-08 3.939336e-03
1455 9.081979e-05 1.517292e-02
1456 3.546891e-07 1.872848e-03
1457 1.473823e-06 2.540475e-03
1458 8.464079e-07 2.855410e-03
1459 3.424396e-05 1.001127e-02
1460 2.880617e-05 1.839367e-02
1461 1.709380e-06 2.480702e-03
1462 1.545811e-07 2.166780e-03
1463 2.326130e-08 1.506203e-03
1464 4.649005e-08 2.053128e-03
1465 1.401233e-08 1.408821e-03
1466 9.262243e-06 2.323567e-02
1467 4.247661e-04 1.253632e-01
1468 1.180826e-05 8.810350e-03
1469 6.557163e-06 1.746227e-02
1470 3.349161e-09 3.690215e-03
1471 2.499840e-05 1.371334e-02
1472 9.619512e-08 6.292373e-03
1473 1.338667e-07 4.037106e-03
1474 1.679836e-07 1.695805e-02
1475 6.491887e-09 1.749140e-03
1476 5.589852e-06 2.073241e-02
1477 1.233949e-10 1.745335e-03
1478 1.581495e-06 1.651192e-02
1479 1.039570e-06 1.132409e-02
1480 6.183558e-06 4.624689e-02
1481 3.749918e-05 3.533034e-02
1482 7.544726e-06 1.629192e-02
1483 7.546084e-05 1.609618e-02
1484 5.293730e-04 2.381938e-01
1485 3.718293e-04 7.185105e-02
1486 2.600736e-04 1.855212e-01
1487 3.091970e-08 2.029549e-03
1488 3.771170e-06 2.725699e-02
1489 1.596182e-06 2.064302e-03
1490 1.199229e-05 3.847231e-03
1491 8.459578e-05 5.790064e-02
1492 2.348264e-08 6.752599e-03
1493 2.399198e-07 1.170788e-02
1494 7.745908e-07 2.994705e-03
1495 6.250351e-05 2.077094e-02
1496 6.569155e-07 4.471353e-03
1497 1.226331e-03 3.806944e-01
1498 1.480035e-07 5.327065e-03
1499 2.663073e-09 2.925284e-03
1500 2.500053e-05 8.731860e-03
1501 3.736295e-07 5.434707e-03
1502 2.348349e-04 1.481646e-01
1503 3.057876e-04 1.713655e-01
1504 7.269292e-05 2.530484e-02
1505 2.135439e-07 5.697487e-03
1506 9.364258e-06 7.589787e-03
1507 1.789638e-04 6.935186e-02
1508 4.444691e-04 3.208871e-01
1509 8.229149e-07 4.577534e-03
1510 8.924462e-07 8.545363e-03
1511 5.033407e-06 1.191920e-02
1512 4.885441e-07 7.578213e-03
1513 1.716236e-05 1.073722e-02
1514 2.634588e-08 6.426803e-03
1515 1.572859e-03 4.484293e-01
1516 2.204874e-05 1.334396e-02
1517 1.538798e-03 3.909953e-01
1518 9.341509e-06 8.786552e-03
1519 1.707704e-06 1.248494e-02
1520 2.860278e-07 1.918545e-03
1521 1.678524e-08 7.189906e-03
1522 9.222853e-05 6.131088e-02
1523 1.998242e-06 9.963428e-03
1524 4.779264e-06 1.842846e-02
1525 9.602515e-06 3.743747e-02
1526 4.876547e-07 1.214901e-02
1527 4.420815e-05 3.598898e-02
1528 4.788115e-06 1.245344e-02
1529 8.718618e-06 8.408641e-03
1530 9.093016e-08 1.486765e-02
1531 4.203502e-05 2.562360e-02
1532 2.260731e-07 5.071016e-03
1533 8.420859e-08 6.691066e-03
1534 1.214545e-05 1.279869e-02
1535 5.004692e-09 1.590541e-03
1536 8.131581e-08 2.737580e-03
1537 5.490502e-07 4.061023e-03
1538 2.897485e-07 4.105203e-03
1539 7.149439e-07 2.590608e-03
1540 2.470957e-05 3.114333e-02
1541 1.126536e-03 3.754056e-01
1542 2.273180e-04 9.743987e-02
1543 3.214516e-04 2.892598e-01
1544 2.984278e-06 1.006904e-02
1545 1.050005e-05 5.390843e-02
1546 1.023051e-05 8.916887e-03
1547 7.253095e-04 2.552636e-01
1548 2.280813e-05 2.052057e-02
1549 1.784361e-06 4.673846e-03
1550 6.842141e-09 4.407306e-03
1551 1.513630e-06 6.275392e-03
1552 5.669366e-04 1.946414e-01
1553 7.660266e-05 4.086971e-01
1554 2.469598e-06 1.017240e-02
1555 9.922672e-04 4.027579e-01
1556 1.301571e-05 1.815035e-02
1557 1.875206e-04 2.103877e-01
1558 8.271297e-04 3.178961e-01
1559 2.295267e-06 1.119909e-02
1560 2.770612e-04 1.260612e-01
1561 1.583630e-05 2.123111e-01
1562 7.477663e-09 6.923562e-03
1563 3.653276e-05 1.977404e-02
1564 7.008401e-04 3.457074e-01
1565 2.289933e-05 1.881989e-02
1566 4.969839e-07 5.361114e-03
1567 2.009146e-03 1.966357e+00
1568 2.334482e-07 1.441864e-02
1569 2.653935e-05 1.851137e-02
1570 2.232723e-03 6.051012e-01
1571 8.767165e-08 2.460301e-03
1572 8.357508e-05 4.001641e-02
1573 2.465423e-04 3.679294e-01
1574 1.358829e-05 1.999473e-02
1575 4.453105e-08 1.799142e-02
1576 3.431906e-04 8.656773e-02
1577 5.064205e-04 2.768411e-01
1578 1.132664e-04 5.219573e-02
1579 6.437337e-08 5.078459e-03
1580 2.136698e-03 6.118891e-01
1581 8.287230e-06 1.780584e-02
1582 9.051397e-06 4.376598e-03
1583 3.479115e-04 1.090541e-01
1584 1.255598e-06 1.472872e-02
1585 1.213940e-04 2.597633e-01
1586 1.862131e-06 1.237837e-02
1587 4.984338e-05 1.305471e-02
1588 1.544370e-05 2.285065e-02
1589 1.739481e-08 2.918195e-03
1590 2.393417e-05 4.860227e-03
1591 3.244842e-06 4.718567e-03
1592 2.715478e-05 7.254271e-03
1593 8.629604e-07 3.640509e-03
1594 9.834701e-06 1.613417e-02
1595 5.240024e-07 4.156611e-03
1596 1.384120e-07 3.064628e-02
1597 2.172194e-06 8.452696e-03
1598 4.224767e-05 1.442880e-02
1599 9.913671e-06 1.238915e-01
1600 1.896401e-06 1.057601e-02
1601 3.325553e-08 3.284954e-03
1602 1.862229e-03 7.793004e-01
1603 3.004436e-07 8.681324e-03
1604 3.105618e-04 2.612232e-02
1605 4.395191e-04 4.246196e-02
1606 1.770479e-03 2.972068e-01
1607 3.057158e-03 2.171665e-01
1608 1.269596e-07 4.889634e-03
1609 2.675662e-04 1.813944e-01
1610 3.701176e-04 4.210811e-01
1611 7.468778e-06 1.633366e-02
1612 6.105911e-05 9.088270e-03
1613 3.661760e-10 1.208060e-03
1614 3.013240e-04 3.857788e-02
1615 4.016807e-04 1.985619e-01
1616 6.893264e-08 2.647688e-03
1617 1.796469e-08 3.409874e-03
1618 6.606068e-07 2.680987e-03
1619 3.977542e-06 8.052096e-02
1620 3.144549e-05 5.690421e-02
1621 1.385563e-06 1.000919e-01
1622 4.577660e-05 2.058493e-02
1623 1.996478e-05 5.576974e-02
1624 1.210699e-03 4.357275e-01
1625 2.137950e-07 4.471788e-03
1626 3.445460e-04 9.573240e-02
1627 1.362589e-06 1.749797e-02
1628 1.017733e-04 1.126786e-01
1629 8.990877e-04 3.138078e-01
1630 1.217057e-03 4.001499e-01
1631 2.923387e-04 1.034730e-01
1632 1.040483e-05 6.934758e-02
1633 7.217617e-10 3.099587e-03
1634 6.070329e-08 6.775384e-03
1635 6.109121e-10 1.156773e-03
1636 2.231104e-09 2.940557e-03
1637 8.324577e-09 1.705559e-03
1638 1.594719e-08 3.092221e-03
1639 2.002229e-10 1.852127e-03
1640 5.983635e-05 5.132066e-02
1641 5.962575e-04 1.169518e-01
1642 1.080376e-03 4.982145e-01
1643 5.041311e-05 2.744768e-02
1644 2.704939e-05 1.016944e-02
1645 1.835020e-05 1.312897e-02
1646 1.386183e-03 1.053497e+00
1647 2.215246e-05 1.531471e-02
1648 1.430225e-06 4.108454e-03
1649 1.751958e-03 5.193389e-01
1650 2.844109e-04 8.799988e-02
1651 3.431458e-08 4.401613e-03
1652 1.318228e-04 1.077864e-01
1653 1.142781e-03 5.454964e-01
1654 3.387168e-06 2.324949e-02
1655 9.738923e-04 2.879245e-01
1656 6.703096e-07 1.778812e-02
1657 9.568164e-06 1.193173e-02
1658 1.266465e-06 5.085121e-03
1659 7.916663e-06 2.134288e-02
1660 1.225546e-04 8.560323e-02
1661 8.325520e-04 9.510598e-02
1662 4.195674e-05 1.389908e-02
1663 3.949721e-04 2.135442e-01
1664 1.040383e-05 1.356344e-02
1665 1.721097e-05 1.150460e-02
1666 1.396526e-04 8.482135e-02
1667 1.110580e-04 4.682064e-02
1668 1.318211e-09 8.895132e-04
1669 8.233801e-06 1.211613e-02
1670 1.025528e-06 3.644065e-03
1671 1.039210e-05 2.308502e-02
1672 3.455097e-04 1.779854e-01
1673 3.835031e-05 3.564589e-02
1674 2.124783e-06 1.073338e-02
1675 3.234808e-06 1.569025e-02
1676 9.116703e-08 2.842545e-03
1677 1.596729e-08 7.112644e-03
1678 2.973568e-07 3.663218e-03
1679 5.491498e-12 1.409525e-03
1680 2.895843e-04 8.006846e-02
1681 6.124864e-05 2.676222e-02
1682 1.302536e-05 2.538328e-02
1683 7.870327e-09 1.749676e-03
1684 1.897703e-08 3.671949e-03
1685 8.970949e-05 4.550134e-02
1686 1.089890e-03 1.644503e-01
1687 2.449689e-06 3.258552e-02
1688 1.137066e-03 1.850147e-01
1689 6.297567e-05 9.781458e-02
1690 4.808528e-08 1.775442e-03
1691 3.030354e-08 1.764617e-03
1692 7.865365e-07 5.956467e-03
1693 6.733276e-04 1.041718e-01
1694 1.178612e-05 4.808186e-02
1695 6.192782e-06 3.835813e-03
1696 7.881696e-04 3.239094e-01
1697 1.072030e-07 8.743831e-03
1698 1.678345e-03 3.548229e-01
1699 1.029134e-03 5.835613e-01
1700 1.706888e-07 4.266704e-03
1701 9.763868e-05 6.921938e-02
1702 1.761117e-05 8.759392e-02
1703 8.648756e-06 5.784441e-02
1704 6.474612e-08 1.631525e-03
1705 1.752436e-08 1.978721e-03
1706 4.949442e-07 2.584770e-03
1707 3.432357e-04 9.147026e-02
1708 6.856548e-09 8.067807e-03
1709 1.402364e-06 1.645036e-02
1710 4.788431e-07 1.161399e-02
1711 1.450948e-03 1.946656e-01
1712 2.908062e-04 8.053000e-02
1713 5.567781e-07 1.138244e-02
1714 1.832725e-04 7.078688e-02
1715 9.339245e-06 8.453589e-03
1716 2.043198e-08 4.415234e-03
1717 2.344660e-06 2.670150e-02
1718 1.589438e-06 1.332380e-02
1719 6.625367e-09 7.629925e-03
1720 9.978406e-07 9.437267e-03
1721 2.462025e-07 3.150521e-02
1722 5.928311e-08 8.440465e-03
1723 1.410764e-03 4.642438e-01
1724 9.528843e-07 3.245241e-03
1725 1.279353e-05 1.736616e-02
1726 8.057851e-04 1.510714e-01
1727 7.883668e-06 3.112166e-02
1728 5.679894e-04 3.319707e-01
1729 1.038701e-06 4.571994e-03
1730 9.789760e-04 1.978532e-01
1731 1.984717e-06 7.306997e-03
1732 1.256044e-07 1.909946e-03
1733 1.532141e-13 1.011506e-03
1734 3.761242e-04 5.591193e-02
1735 3.501664e-05 3.692036e-02
1736 9.993470e-12 1.148585e-03
1737 5.103758e-05 1.873001e-02
1738 4.931437e-07 3.584102e-03
1739 7.830150e-05 2.348709e-02
1740 2.880951e-04 8.992548e-02
1741 4.570139e-10 4.427021e-03
1742 9.145030e-05 1.125013e-01
1743 5.264138e-04 1.450010e-01
1744 6.184331e-05 3.904432e-02
1745 1.043334e-04 2.528036e-02
1746 6.988741e-08 2.720823e-03
1747 4.569028e-07 6.684472e-03
1748 7.319662e-04 5.898161e-01
1749 1.761194e-05 1.022194e-02
1750 1.596599e-05 9.220759e-03
1751 1.748658e-07 6.492582e-03
1752 1.149977e-08 2.142311e-03
1753 2.748257e-05 5.099620e-02
1754 1.624560e-06 5.470582e-03
1755 5.042698e-06 6.398194e-03
1756 2.892295e-07 1.979943e-02
1757 5.157190e-06 1.497850e-02
1758 5.114135e-04 2.178271e-01
1759 3.414170e-07 5.116737e-03
1760 2.379312e-03 4.322899e-01
1761 7.285228e-09 7.059350e-03
1762 1.247170e-06 4.205172e-03
1763 7.164620e-07 1.163244e-02
1764 4.812767e-07 6.926296e-03
1765 7.966671e-05 2.413608e-02
1766 9.442148e-07 4.457690e-03
1767 3.938136e-06 7.725256e-03
1768 2.211932e-05 5.275582e-02
1769 9.034597e-04 5.104663e-02
1770 4.773585e-07 8.531376e-03
1771 6.339385e-06 1.075902e-02
1772 1.268473e-03 3.889240e-01
1773 8.494060e-04 2.868162e-01
1774 1.447251e-08 2.934512e-03
1775 3.248252e-09 2.829809e-03
1776 2.022164e-07 1.938554e-02
1777 5.779530e-06 1.240612e-02
1778 1.384561e-06 7.216267e-03
1779 1.338589e-06 1.723030e-02
1780 1.606082e-09 2.811722e-03
1781 5.349604e-10 1.305296e-03
1782 2.592839e-09 3.173105e-03
1783 8.792365e-07 7.380928e-03
1784 5.654020e-05 3.111902e-02
1785 8.144118e-07 4.407968e-03
1786 3.913703e-06 3.354138e-02
1787 1.814175e-03 4.454869e-01
1788 1.170640e-08 4.441173e-03
1789 7.735262e-05 3.650518e-02
1790 6.976458e-08 2.231768e-03
1791 1.356102e-06 5.773713e-03
1792 3.776886e-06 6.941168e-03
1793 2.751692e-07 9.515086e-03
1794 4.756274e-05 8.781065e-02
1795 1.321237e-05 4.968789e-03
1796 6.560319e-04 5.139105e-01
1797 6.287119e-08 1.739855e-02
1798 1.290014e-06 6.477474e-03
1799 3.371143e-08 2.884038e-03
1800 2.360557e-06 5.566240e-02
1801 9.955445e-06 4.784759e-03
1802 6.636002e-06 3.948654e-02
1803 4.395402e-08 2.046213e-03
1804 3.273742e-06 2.750448e-03
1805 1.524925e-08 1.103542e-02
1806 2.518324e-06 5.887388e-03
1807 6.546127e-08 1.568682e-03
1808 1.068450e-03 7.104992e-01
1809 2.985930e-06 1.124931e-02
1810 5.993869e-04 2.089214e-01
1811 3.681965e-08 7.840405e-03
1812 2.198828e-08 5.931885e-03
1813 2.230755e-06 1.440602e-02
1814 4.349507e-08 2.832077e-03
1815 3.808905e-06 2.560616e-02
1816 1.258456e-05 2.355626e-02
1817 2.123653e-07 4.797540e-03
1818 6.536685e-08 4.824129e-03
1819 1.416909e-11 2.082381e-03
1820 1.211020e-08 1.596758e-03
1821 2.068531e-08 3.412365e-03
1822 1.735330e-04 1.594646e-01
1823 1.717105e-05 3.960455e-02
1824 6.395528e-06 4.638272e-02
1825 1.071001e-03 5.442540e-01
1826 1.526588e-04 1.616344e-01
1827 3.144706e-05 4.458397e-02
1828 1.256877e-04 2.940577e-02
1829 4.732306e-06 1.148927e-02
1830 5.719284e-07 3.062640e-03
1831 4.907204e-09 1.703374e-03
1832 1.616037e-06 1.474885e-02
1833 1.415308e-04 1.507452e-02
1834 1.103703e-06 3.576690e-03
1835 7.910169e-08 3.574269e-03
1836 7.587965e-04 3.537856e-01
1837 4.411469e-04 2.443440e-01
1838 3.459962e-05 1.225841e-02
1839 1.747516e-06 3.722556e-02
1840 1.841079e-05 3.881697e-02
1841 2.459135e-04 8.729980e-02
1842 3.279339e-07 6.878411e-03
1843 1.373641e-06 8.647736e-03
1844 1.816526e-08 2.759285e-03
1845 1.429474e-04 2.933464e-02
1846 8.559003e-10 3.506944e-03
1847 1.030455e-05 5.985771e-02
1848 3.139460e-09 2.206453e-03
1849 3.417792e-08 1.367413e-02
1850 2.263886e-08 1.478967e-02
1851 4.798341e-06 3.625744e-02
1852 9.214981e-05 1.723602e-02
1853 2.517956e-05 5.347917e-02
1854 2.325906e-05 1.171553e-01
1855 9.245223e-05 4.220211e-02
1856 3.813247e-09 2.267564e-03
1857 1.329136e-08 4.627245e-03
1858 4.689555e-06 3.739991e-03
1859 2.360784e-08 3.267983e-03
1860 6.669547e-06 2.236278e-02
1861 1.101934e-06 7.683314e-03
1862 4.629822e-04 3.553169e-01
1863 2.014426e-09 3.006870e-03
1864 2.440675e-07 2.662325e-03
1865 1.450361e-07 1.141605e-02
1866 1.475748e-04 8.294299e-02
1867 4.931506e-09 2.611230e-03
1868 8.223286e-06 9.871660e-03
1869 4.479840e-04 4.653947e-01
1870 7.619501e-07 6.001663e-03
1871 3.094913e-07 1.129042e-02
1872 5.279924e-09 7.174342e-03
1873 1.519012e-08 1.841398e-03
1874 2.680911e-07 2.168788e-03
1875 4.469814e-03 7.443993e-01
1876 1.866292e-08 2.421777e-03
1877 1.167679e-06 3.143355e-03
1878 1.301409e-07 6.544675e-03
1879 6.901456e-07 1.161174e-02
1880 5.016854e-05 3.242363e-02
1881 2.129349e-06 4.499181e-02
1882 1.067827e-08 3.947871e-03
1883 5.035074e-07 1.338416e-02
1884 7.237012e-04 1.732636e-01
1885 2.569966e-06 6.778740e-03
1886 6.193988e-04 4.074101e-02
1887 1.079903e-04 2.900969e-02
1888 6.420024e-07 3.244436e-03
1889 4.093346e-08 1.315426e-03
1890 2.630045e-06 1.191747e-02
1891 5.609102e-04 1.426537e-01
1892 2.464358e-06 1.479268e-02
1893 8.257800e-05 6.040633e-02
1894 2.295435e-03 1.037510e+00
1895 1.191118e-04 5.584716e-02
1896 4.983299e-04 1.093644e-01
1897 4.566773e-07 3.988005e-03
1898 2.040043e-05 5.045597e-02
1899 7.599692e-06 9.591877e-03
1900 4.907388e-04 1.285420e-01
1901 6.902986e-07 4.886870e-03
1902 5.576077e-08 1.852997e-03
1903 1.069623e-06 1.099474e-02
1904 1.648023e-06 8.020308e-03
1905 6.110972e-07 5.174232e-03
1906 3.476004e-06 5.636891e-03
1907 1.191055e-09 3.760275e-03
1908 1.656343e-07 1.707364e-03
1909 6.078198e-05 1.426616e-02
1910 9.214097e-05 8.657142e-02
1911 6.658448e-04 9.023782e-02
1912 1.048297e-04 7.133549e-02
1913 9.998089e-06 6.238949e-02
1914 2.155561e-07 4.762208e-03
1915 4.662561e-09 7.895411e-03
1916 4.127613e-03 8.219563e-01
1917 2.709965e-03 3.798359e-01
1918 1.200813e-05 3.187769e-02
1919 9.255060e-05 2.005953e-02
1920 1.461336e-04 2.754268e-02
1921 3.624675e-09 1.366954e-03
1922 3.628599e-06 4.423716e-03
1923 6.368648e-07 3.100603e-03
1924 4.580740e-07 2.400746e-03
1925 6.226961e-08 2.129609e-03
1926 9.916085e-05 1.478898e-01
1927 8.206842e-07 1.146941e-02
1928 5.069751e-09 1.791145e-03
1929 2.301303e-05 1.286013e-02
1930 1.915531e-06 1.749938e-02
1931 3.931611e-05 2.287332e-02
1932 1.226784e-06 3.375756e-02
1933 2.748339e-06 1.602231e-02
1934 5.232531e-05 6.736155e-02
1935 7.358407e-05 1.485098e-02
1936 4.100907e-07 1.252240e-02
1937 2.209864e-06 5.303642e-03
1938 2.218751e-10 2.010165e-03
1939 2.875447e-04 2.531658e-01
1940 8.955574e-07 2.257661e-02
1941 6.387830e-06 1.560158e-02
1942 7.013431e-05 7.887745e-02
1943 2.418048e-06 3.227717e-02
1944 1.167626e-03 2.258025e-01
1945 1.430935e-05 4.036067e-02
1946 1.130086e-05 6.616324e-03
1947 1.126928e-05 5.260153e-03
1948 6.558864e-09 1.707719e-03
1949 5.259327e-04 1.022495e-01
1950 3.562588e-05 3.024016e-02
1951 2.255040e-05 3.964088e-02
1952 1.341916e-06 7.137945e-03
1953 2.899440e-04 5.474748e-02
1954 7.062331e-06 7.579402e-02
1955 8.712754e-06 9.656720e-03
1956 5.776924e-05 5.444191e-02
1957 3.244112e-06 7.944236e-03
1958 8.468555e-06 2.041555e-02
1959 4.330428e-06 2.686085e-02
1960 4.431813e-05 2.975512e-02
1961 9.491466e-05 9.986936e-02
1962 5.815419e-04 6.543801e-02
1963 2.193468e-04 7.868733e-02
1964 1.083647e-06 3.992445e-03
1965 3.245950e-06 1.501585e-02
1966 4.720713e-07 6.673678e-03
1967 2.805905e-05 5.562584e-02
1968 7.336793e-09 2.102916e-03
1969 7.797528e-04 2.507070e-01
1970 1.781669e-04 8.346479e-02
1971 3.795137e-04 3.425918e-01
1972 4.710225e-05 1.571571e-02
1973 2.149441e-04 1.955713e-01
1974 4.822048e-08 4.240249e-03
1975 6.359890e-04 2.107956e-01
1976 1.097017e-04 9.961193e-02
1977 4.066290e-06 7.476508e-03
1978 1.649554e-08 4.046755e-03
1979 2.493408e-04 7.089051e-02
1980 2.736674e-05 1.154765e-02
1981 1.586830e-05 5.448409e-02
1982 1.055462e-07 2.796042e-03
1983 4.805169e-07 2.338798e-03
1984 5.280741e-07 2.758100e-02
1985 5.088187e-05 1.436897e-02
1986 2.985830e-05 7.607234e-03
1987 8.046592e-07 3.490597e-02
1988 2.691503e-04 1.923140e-01
1989 2.273080e-07 1.440943e-03
1990 4.575683e-06 4.979963e-03
1991 7.826528e-06 8.914797e-03
1992 1.093009e-03 4.434060e-01
1993 3.289894e-08 1.187547e-03
1994 6.877530e-08 1.257135e-03
1995 3.133477e-04 9.351069e-02
1996 5.274322e-07 5.536385e-03
1997 1.289471e-07 2.099602e-03
1998 4.686496e-05 1.702961e-02
1999 1.525852e-04 1.212289e-01
2000 5.790498e-07 2.606887e-03
2001 2.692555e-08 3.117780e-03
