1 3.174226e-03 2.251861e-01
2 1.245339e-05 1.849809e-02
3 1.386632e-06 2.323128e-03
4 4.129604e-07 1.827998e-03
5 2.051539e-06 2.541118e-03
6 1.739252e-03 1.651259e-01
7 1.081720e-05 9.503450e-03
8 7.890713e-05 4.003171e-02
9 2.836074e-08 2.382137e-03
10 1.073664e-04 8.077858e-02
11 1.039210e-06 5.104868e-03
12 2.307901e-07 1.226349e-03
13 5.871695e-04 1.812125e-01
14 1.205722e-06 7.575459e-03
15 1.110181e-06 2.901200e-03
16 8.740723e-05 2.251922e-02
17 2.028310e-06 1.858258e-03
18 1.098273e-03 1.293724e-01
19 8.695274e-06 7.396729e-03
20 2.033081e-09 1.022648e-03
21 3.289167e-03 3.318570e-01
22 2.733513e-05 3.877221e-03
23 4.174625e-05 2.597489e-02
24 1.096668e-03 1.504764e-01
25 6.880712e-04 1.065273e-01
26 1.385295e-05 3.513938e-03
27 8.388193e-05 8.484201e-03
28 4.352036e-06 3.425612e-03
29 2.765054e-03 2.739975e-01
30 3.843162e-03 4.047726e-01
31 3.509191e-04 2.088341e-01
32 3.021151e-05 6.861158e-03
33 3.461924e-07 1.211572e-03
34 9.677809e-08 1.145112e-03
35 6.122941e-07 2.959557e-03
36 1.948287e-03 2.817814e-01
37 1.409884e-04 4.315158e-02
38 6.167576e-06 8.302187e-03
39 4.383724e-07 1.940925e-03
40 9.349321e-07 3.427396e-03
41 4.709687e-05 1.385048e-02
42 7.430163e-07 4.964441e-03
43 3.468701e-03 1.953615e-01
44 4.280338e-04 5.407568e-02
45 5.838454e-04 1.042325e-01
46 1.541528e-05 8.072668e-03
47 3.441103e-04 2.529210e-01
48 1.899318e-04 8.465660e-02
49 5.188375e-05 7.616381e-03
50 2.645166e-03 2.417100e-01
51 8.467268e-06 1.091697e-02
52 1.729416e-05 2.268356e-02
53 1.660287e-05 4.467327e-03
54 6.660170e-06 9.592461e-03
55 3.813953e-06 4.822501e-03
56 1.356030e-05 6.120325e-03
57 7.004949e-06 1.405738e-02
58 3.133281e-04 4.322102e-02
59 1.238056e-04 2.793140e-02
60 1.886028e-07 1.407742e-03
61 3.942024e-03 4.886209e-01
62 2.577028e-06 3.255212e-02
63 1.863287e-06 1.825051e-03
64 3.538294e-07 4.136679e-03
65 2.380254e-04 3.385180e-02
66 1.110398e-05 3.711095e-03
67 7.788783e-07 7.155999e-03
68 4.838033e-06 7.235891e-03
69 1.273819e-07 1.411825e-03
70 1.722026e-07 1.331952e-03
71 1.023944e-03 1.601010e-01
72 1.383835e-04 1.646655e-02
73 2.169999e-06 4.105638e-03
74 7.449869e-04 1.460109e-01
75 9.454572e-05 5.268647e-03
76 8.974348e-06 2.632610e-03
77 7.154872e-05 3.557394e-02
78 2.576106e-04 2.089800e-01
79 1.020840e-03 4.120889e-02
80 1.331771e-05 2.208538e-03
81 1.954630e-06 1.395072e-03
82 1.739136e-05 3.252271e-03
83 5.706040e-05 1.185915e-02
84 6.741750e-07 1.819740e-03
85 3.438284e-04 3.242477e-02
86 1.575253e-05 5.980938e-03
87 3.811389e-06 2.733193e-03
88 3.285407e-07 1.683699e-03
89 7.737915e-05 2.004116e-02
90 6.445014e-04 1.120182e-01
91 5.163625e-04 6.325869e-02
92 3.597642e-03 3.555370e-01
93 9.200453e-05 1.263532e-02
94 5.562949e-06 3.679378e-03
95 4.381976e-03 3.465530e-01
96 9.038618e-05 7.991058e-03
97 1.114862e-05 3.477508e-02
98 5.622709e-06 3.184684e-03
99 1.084974e-04 5.198384e-03
100 1.021654e-02 5.377256e-01
101 7.338679e-06 4.229907e-03
102 1.438165e-05 1.420863e-02
103 6.478253e-04 1.215320e-01
104 4.204915e-05 2.894703e-02
105 9.419541e-05 3.857391e-02
106 1.908758e-06 8.899876e-03
107 4.604323e-07 2.860856e-03
108 1.259329e-05 1.824498e-02
109 1.050325e-06 5.042435e-03
110 6.584353e-06 1.064675e-02
111 2.418801e-03 2.145019e-01
112 2.298701e-04 5.202544e-02
113 2.504611e-03 2.594709e-01
114 6.568359e-04 1.876480e-01
115 4.905991e-04 8.752410e-02
116 7.799898e-04 1.164822e-01
117 2.892779e-04 5.131737e-02
118 1.743480e-03 1.096858e-01
119 3.689753e-08 4.546190e-03
120 1.471542e-07 3.638226e-03
121 1.859536e-06 1.146871e-02
122 2.857329e-06 1.819936e-03
123 1.352452e-05 5.475323e-03
124 3.057130e-05 1.022855e-02
125 1.130844e-07 3.995775e-03
126 3.659176e-06 5.812436e-03
127 2.122105e-06 9.609982e-03
128 2.367110e-06 7.699778e-03
129 1.762856e-06 4.422663e-03
130 1.477194e-06 3.925678e-03
131 6.670205e-07 5.858331e-03
132 3.603758e-06 4.517407e-03
133 1.050549e-06 7.624931e-03
134 2.435997e-05 1.875187e-02
135 7.486393e-07 4.505965e-03
136 3.537963e-06 3.971016e-03
137 6.021123e-06 1.175139e-02
138 7.761966e-07 9.322152e-03
139 2.786001e-06 8.607880e-03
140 7.035072e-07 5.153298e-03
141 9.512757e-08 3.024478e-03
142 5.853730e-07 3.081806e-03
143 1.385922e-06 6.799721e-03
144 8.049214e-07 8.534117e-03
145 2.034262e-07 4.692095e-03
146 1.307621e-06 6.084381e-03
147 2.142557e-06 6.228459e-03
148 6.546640e-07 7.963476e-03
149 2.563119e-06 4.170699e-03
150 1.709029e-07 3.981758e-03
151 5.982589e-06 9.733418e-03
152 2.671192e-06 5.821082e-03
153 3.496740e-07 2.952826e-03
154 2.819644e-07 3.749321e-03
155 1.414280e-07 3.016970e-03
156 1.421256e-06 3.761363e-03
157 6.845219e-07 4.003184e-03
158 2.611675e-06 4.298998e-03
159 2.591154e-06 5.726798e-03
160 4.923442e-06 5.022228e-03
161 1.181031e-07 3.118967e-03
162 4.315129e-08 2.999676e-03
163 1.043219e-07 3.069577e-03
164 2.772651e-08 1.641169e-03
165 2.998481e-08 1.680948e-03
166 1.222992e-08 1.656840e-03
167 2.288244e-08 2.932825e-03
168 3.959808e-07 3.251088e-03
169 2.332874e-06 5.737637e-03
170 2.869921e-08 1.638895e-03
171 2.416218e-07 3.398236e-03
172 4.940773e-08 3.213866e-03
173 2.750496e-08 1.617426e-03
174 1.520209e-07 3.078313e-03
175 6.413947e-08 3.084803e-03
176 4.399260e-08 2.993808e-03
177 2.186997e-08 1.655243e-03
178 2.288398e-07 2.253526e-03
179 1.195943e-08 1.613510e-03
180 6.874635e-08 3.087579e-03
181 4.920410e-08 2.121873e-03
182 7.196300e-08 3.391819e-03
183 2.738199e-09 1.196135e-03
184 7.483007e-09 1.614265e-03
185 7.739843e-09 1.232085e-03
186 4.126239e-08 2.170785e-03
187 1.597643e-08 1.905599e-03
188 7.204714e-09 1.592236e-03
189 3.843616e-09 1.133668e-03
190 6.967477e-09 1.207984e-03
191 4.980375e-05 1.602999e-02
192 6.755031e-06 3.528913e-03
193 2.514032e-04 2.375640e-02
194 1.750655e-04 2.181790e-02
195 1.164329e-05 5.695527e-03
196 4.193389e-05 1.144274e-02
197 8.814958e-05 1.650702e-02
198 9.109653e-06 5.639334e-03
199 2.043731e-05 1.252505e-02
200 2.717268e-05 8.978423e-03
201 3.530492e-05 9.857127e-03
202 5.874051e-05 1.794089e-02
203 4.312142e-06 3.427738e-03
204 1.162734e-05 4.610320e-03
205 1.657040e-05 7.548355e-03
206 7.147307e-06 3.684684e-03
207 1.675272e-05 8.996856e-03
208 9.153488e-07 3.440278e-03
209 1.609909e-05 7.552151e-03
210 7.199463e-06 4.357284e-03
211 2.271796e-06 2.356942e-03
212 1.044867e-04 1.709871e-02
213 1.478484e-06 2.371236e-03
214 4.907285e-06 4.141058e-03
215 7.812124e-06 4.288460e-03
216 4.298332e-05 5.760485e-03
217 2.069235e-06 2.009303e-03
218 4.842699e-05 2.082261e-02
219 5.721171e-05 1.181312e-02
220 4.438017e-06 3.442949e-03
221 4.967507e-06 3.748451e-03
222 1.279086e-05 6.690771e-03
223 5.622435e-06 9.498405e-03
224 2.282877e-07 3.039961e-03
225 2.866579e-06 5.376921e-03
226 9.091350e-07 3.605564e-03
227 1.693725e-06 4.210408e-03
228 2.558131e-06 4.958622e-03
229 2.310529e-05 1.294480e-02
230 7.975966e-06 7.573581e-03
231 4.885289e-06 6.424298e-03
232 1.207931e-06 4.990520e-03
233 1.862188e-06 6.074841e-03
234 1.176973e-06 4.856771e-03
235 1.699754e-07 4.497074e-03
236 2.479761e-06 4.886915e-03
237 6.121664e-08 3.365391e-03
238 1.728599e-06 5.671077e-03
239 1.423009e-07 3.540768e-03
240 1.179173e-06 3.116098e-03
241 9.691686e-07 3.984813e-03
242 2.362713e-06 4.886226e-03
243 9.675038e-08 3.167573e-03
244 1.176174e-06 4.649014e-03
245 1.601510e-06 4.914763e-03
246 2.496258e-07 3.826114e-03
247 1.083634e-06 4.868867e-03
248 1.869386e-07 2.654120e-03
249 4.568342e-06 7.441587e-03
250 9.957366e-07 4.118347e-03
251 4.920583e-07 2.870434e-03
252 4.942412e-06 6.619019e-03
253 9.792716e-08 3.330970e-03
254 3.125638e-07 4.810211e-03
255 2.031399e-06 6.364325e-03
256 2.656675e-07 2.724928e-03
257 2.213056e-07 3.428980e-03
258 5.955546e-06 3.680663e-03
259 5.462795e-05 6.130617e-03
260 5.002174e-05 9.999719e-03
261 6.067957e-05 6.243838e-03
262 2.469400e-05 4.805178e-03
263 3.594691e-05 5.367718e-03
264 2.615765e-05 1.703192e-02
265 8.291010e-06 6.819461e-03
266 7.538551e-05 1.273519e-02
267 6.218719e-05 3.467099e-02
268 3.038493e-05 1.949984e-02
269 5.441656e-05 2.965193e-02
270 4.302603e-06 4.101630e-03
271 2.490316e-05 6.049552e-03
272 5.436873e-06 6.582987e-03
273 4.264599e-06 4.215598e-03
274 4.114803e-06 5.200671e-03
275 8.889991e-06 8.285026e-03
276 1.124539e-04 2.701316e-02
277 1.627092e-06 3.388682e-03
278 2.001220e-06 2.567913e-03
279 3.751873e-05 1.399539e-02
280 8.154504e-06 5.726414e-03
281 6.158812e-06 8.231371e-03
282 7.267538e-06 1.206838e-02
283 2.381793e-06 3.152104e-03
284 3.641232e-05 5.952059e-03
285 8.260611e-05 1.110423e-02
286 2.396177e-04 1.434097e-02
287 2.542757e-05 5.468709e-03
288 2.579740e-05 1.192803e-02
289 2.182091e-04 2.276329e-02
290 3.407375e-04 3.007292e-02
291 2.700893e-05 6.273002e-03
292 1.033019e-04 1.166031e-02
293 3.964812e-05 1.533142e-02
294 1.875824e-04 2.087556e-02
295 6.784644e-06 1.774891e-02
296 3.478995e-04 7.755392e-02
297 2.927310e-03 2.374441e-01
298 1.564366e-04 2.444288e-02
299 5.292184e-06 3.952749e-03
300 2.468797e-06 4.500372e-03
301 3.291281e-04 2.700276e-02
302 1.736387e-06 4.996019e-03
303 3.515068e-07 3.045525e-03
304 5.720373e-08 2.271294e-03
305 1.123528e-07 2.655024e-03
306 1.217047e-07 2.684191e-03
307 3.775411e-09 2.646178e-03
308 3.302221e-08 2.580663e-03
309 5.286896e-06 4.358477e-03
310 6.370727e-08 3.220611e-03
311 1.390223e-08 2.653232e-03
312 3.016744e-07 2.181443e-03
313 1.209783e-08 2.542192e-03
314 2.045078e-08 2.547671e-03
315 5.993197e-09 2.676070e-03
316 6.124591e-08 2.817953e-03
317 1.657074e-08 1.929473e-03
318 4.113669e-08 1.944963e-03
319 1.028135e-06 2.126412e-03
320 5.774353e-09 2.506945e-03
321 9.564725e-09 1.425695e-03
322 1.399235e-04 5.111223e-02
323 2.190737e-04 6.588453e-02
324 6.686852e-07 9.443330e-03
325 2.156495e-05 1.203670e-02
326 8.697215e-07 3.461490e-03
327 3.976186e-05 2.153175e-02
328 1.090139e-05 9.315031e-03
329 1.045985e-04 7.057482e-02
330 4.697579e-03 2.211587e-01
331 1.072698e-04 2.769941e-02
332 3.532767e-04 1.355253e-01
333 2.337427e-06 4.794353e-03
334 8.584774e-06 1.361147e-02
335 6.082204e-06 8.141741e-03
336 8.813132e-06 1.460089e-02
337 2.013867e-04 4.967165e-02
338 3.078951e-05 1.683896e-02
339 2.473200e-03 1.350021e-01
340 1.063884e-05 4.387606e-03
341 1.256292e-05 3.993705e-03
342 5.629608e-05 1.157266e-02
343 1.387503e-04 2.997683e-02
344 2.646806e-06 3.604892e-03
345 8.718926e-06 6.499108e-03
346 8.968804e-07 2.411968e-03
347 6.476095e-07 2.875895e-03
348 1.814914e-05 8.097989e-03
349 3.308800e-05 8.967541e-03
350 4.053846e-07 3.224093e-03
351 6.160136e-07 2.794057e-03
352 2.937230e-06 2.433673e-03
353 6.963030e-06 4.459560e-03
354 2.651706e-06 3.738838e-03
355 4.147539e-06 3.996651e-03
356 4.443396e-07 2.307704e-03
357 1.776421e-05 6.791522e-03
358 8.450359e-05 1.781515e-02
359 6.866020e-06 5.453669e-03
360 4.524728e-06 5.499623e-03
361 9.425564e-05 3.323889e-02
362 4.900181e-07 2.392167e-03
363 6.662291e-07 3.300638e-03
364 2.937230e-06 2.433673e-03
365 6.876336e-05 1.908973e-02
366 2.673100e-05 6.595953e-03
367 2.256424e-05 8.687077e-03
368 3.308800e-05 8.967541e-03
369 3.576040e-04 6.006606e-02
370 2.645150e-06 1.334860e-02
371 5.135616e-06 1.849871e-02
372 1.401551e-03 5.487737e-01
373 1.081171e-04 1.575111e-01
374 3.029998e-03 2.914085e-01
375 6.646299e-06 2.360500e-02
376 3.188984e-04 9.139518e-02
377 3.265711e-06 8.728518e-03
378 6.549991e-05 1.663240e-02
379 9.721914e-06 7.667908e-03
380 9.814422e-06 8.058789e-03
381 1.117988e-06 1.838099e-03
382 9.388369e-06 9.443154e-03
383 5.242747e-07 1.794122e-03
384 1.097619e-05 6.230057e-03
385 5.958876e-07 4.571989e-03
386 8.824137e-06 5.898287e-03
387 2.979278e-05 1.291531e-02
388 4.350454e-07 2.752536e-03
389 5.078960e-06 5.629408e-03
390 1.481001e-06 4.616582e-03
391 4.757162e-05 2.855677e-02
392 9.028359e-06 7.872855e-03
393 1.355147e-05 1.179209e-02
394 7.072686e-07 2.869409e-03
395 3.936618e-06 7.431417e-03
396 6.685607e-05 3.068645e-02
397 1.951261e-05 1.271469e-02
398 4.656346e-05 1.663435e-02
399 9.600250e-06 8.159422e-03
400 7.926654e-05 2.259443e-02
401 6.082308e-06 7.583944e-03
402 1.796610e-06 6.792803e-03
403 6.948794e-06 8.006462e-03
404 1.815563e-05 1.243837e-02
405 5.362864e-06 1.007682e-02
406 6.913459e-06 8.154115e-03
407 8.253570e-07 4.476639e-03
408 1.008582e-05 8.066893e-03
409 4.172237e-04 6.968059e-02
410 3.112174e-05 1.661816e-02
411 9.296649e-06 1.572720e-02
412 8.909697e-05 2.803542e-02
413 5.938813e-06 6.949415e-03
414 7.323923e-06 8.924932e-03
415 3.356223e-06 5.363852e-03
416 2.457543e-06 6.462923e-03
417 4.888970e-06 9.114915e-03
418 1.678012e-04 4.488192e-02
419 5.206853e-04 9.913280e-02
420 1.022655e-04 3.526200e-02
421 3.150122e-05 1.711456e-02
422 4.187311e-05 2.665824e-02
423 1.868301e-04 5.788908e-02
424 2.657577e-04 1.683378e-01
425 2.414717e-04 5.044463e-02
426 6.850671e-05 3.921088e-02
427 6.755166e-04 1.020503e-01
428 3.875436e-05 2.876763e-02
429 2.585560e-05 2.457133e-02
430 5.782026e-05 3.119422e-02
431 4.643194e-05 4.027498e-02
432 2.364586e-05 1.946678e-02
433 5.016640e-05 1.742683e-02
434 6.080432e-05 3.254547e-02
435 7.157807e-05 4.422702e-02
436 3.878204e-05 2.542913e-02
437 5.663797e-05 2.878137e-02
438 2.474595e-05 2.398585e-02
439 4.621212e-04 1.369370e-01
440 3.264493e-05 1.589304e-02
441 3.195430e-05 1.455738e-02
442 5.387976e-05 4.888919e-02
443 1.250453e-05 2.221226e-02
444 3.792444e-04 1.477607e-01
445 8.187675e-04 1.205944e-01
446 1.103579e-08 9.150927e-04
447 1.631261e-08 1.224017e-03
448 2.493039e-09 9.088055e-04
449 1.658867e-08 9.121597e-04
450 5.808613e-09 9.932273e-04
451 2.831646e-07 1.765019e-03
452 2.599098e-08 1.226148e-03
453 8.997174e-08 1.117516e-03
454 4.145242e-08 1.243857e-03
455 9.550382e-08 1.245171e-03
456 5.323258e-09 1.031739e-03
457 1.456640e-09 9.244243e-04
458 6.053017e-08 1.230653e-03
459 5.025385e-06 1.389791e-02
460 3.026125e-08 2.592118e-03
461 4.990056e-09 1.054337e-03
462 7.054112e-07 2.949092e-03
463 1.348683e-07 1.123808e-03
464 2.522217e-07 1.322180e-03
465 1.550447e-08 1.150550e-03
466 4.399383e-08 1.379619e-03
467 1.823782e-08 1.082258e-03
468 6.873773e-09 1.091748e-03
469 1.585928e-07 1.322343e-03
470 6.625531e-08 1.752533e-03
471 2.288581e-08 1.217877e-03
472 3.842635e-08 1.118273e-03
473 1.001436e-07 1.316479e-03
474 4.744096e-09 1.047959e-03
475 1.024278e-07 1.313193e-03
476 1.665695e-08 1.410329e-03
477 2.154785e-06 3.017907e-03
478 3.371566e-05 5.613194e-03
479 3.675582e-07 1.553085e-03
480 1.073831e-07 2.060778e-03
481 1.054851e-07 1.856022e-03
482 5.623121e-08 2.106504e-03
483 1.457034e-08 2.060300e-03
484 8.066851e-07 2.084443e-03
485 1.152080e-07 1.757192e-03
486 1.266746e-05 1.265957e-02
487 4.037861e-08 1.485327e-03
488 4.909829e-06 8.898552e-03
489 4.565780e-04 1.314732e-01
490 8.299120e-06 5.906415e-03
491 1.170725e-05 8.047039e-03
492 1.537715e-06 5.531318e-03
493 3.961553e-06 6.307981e-03
494 4.661004e-07 6.430942e-03
495 5.941809e-07 4.889910e-03
496 7.943561e-05 1.624469e-02
497 7.090734e-05 3.423573e-02
498 9.169732e-06 7.011385e-03
499 1.222730e-06 7.724413e-03
500 6.522467e-07 5.094783e-03
501 4.842772e-06 8.165150e-03
502 5.857306e-04 1.172921e-01
503 1.283223e-05 6.545810e-03
504 6.461298e-06 7.266227e-03
505 8.517637e-06 5.967076e-03
506 3.995108e-05 1.900435e-02
507 5.142115e-05 1.907782e-02
508 2.476831e-05 1.048445e-02
509 4.392536e-06 8.287122e-03
510 1.168113e-05 1.047792e-02
511 2.248308e-06 5.740521e-03
512 2.849243e-06 7.666754e-03
513 5.465950e-06 6.610771e-03
514 2.741219e-03 3.403123e-01
515 2.980179e-06 6.812807e-03
516 1.304902e-06 6.782727e-03
517 9.277186e-06 1.315896e-02
518 2.073834e-06 6.804963e-03
519 2.873088e-05 2.151429e-02
520 1.064294e-05 1.778458e-02
521 4.317269e-05 2.193557e-02
522 2.819535e-05 1.912466e-02
523 2.981517e-05 2.223038e-02
524 6.523454e-06 1.274821e-02
525 5.028963e-06 7.496956e-03
526 2.873088e-05 2.151429e-02
527 6.466836e-06 9.293185e-03
528 1.381934e-06 5.908715e-03
529 1.754600e-05 1.598094e-02
530 1.086507e-06 5.034248e-03
531 4.741756e-06 6.884425e-03
532 2.010292e-05 1.733180e-02
533 4.336985e-06 1.203944e-02
534 4.723793e-06 1.114941e-02
535 4.504638e-06 1.172272e-02
536 3.936384e-05 3.249033e-02
537 1.546525e-05 2.326589e-02
538 6.591623e-06 1.206365e-02
539 2.155264e-05 2.078257e-02
540 2.013178e-05 2.052215e-02
541 3.082744e-05 2.209614e-02
542 2.842659e-04 9.968939e-02
543 8.340433e-06 1.816832e-02
544 1.998173e-06 7.099428e-03
545 2.661706e-05 5.874318e-03
546 2.011294e-05 4.125345e-03
547 3.942881e-07 2.487145e-03
548 3.422794e-06 2.952721e-03
549 3.561914e-07 1.577358e-03
550 1.709585e-05 4.978265e-03
551 2.475103e-06 2.512637e-03
552 6.545622e-05 1.449948e-02
553 1.098210e-04 1.968661e-02
554 5.670063e-05 6.588003e-03
555 4.929525e-05 9.818816e-03
556 7.394839e-06 2.630181e-03
557 8.388839e-06 3.459174e-03
558 4.139558e-05 6.987292e-03
559 3.782438e-07 2.449808e-03
560 6.346546e-06 3.618540e-03
561 5.366589e-06 2.871018e-03
562 8.624900e-06 3.070984e-03
563 4.946775e-06 4.639044e-03
564 5.241024e-06 3.022355e-03
565 5.012681e-05 1.273813e-02
566 1.428305e-05 4.143862e-03
567 3.885772e-04 2.641874e-02
568 6.383069e-05 9.727024e-03
569 1.716373e-04 1.564403e-02
570 7.123410e-05 9.344969e-03
571 3.632139e-05 5.719335e-03
572 6.280464e-05 9.852091e-03
573 1.434029e-05 4.601159e-03
574 1.018091e-04 1.161206e-02
575 2.398757e-05 5.687589e-03
576 2.970050e-05 7.717183e-03
577 5.732439e-05 7.932049e-03
578 2.268705e-05 8.574506e-03
579 5.453883e-03 1.780518e-01
580 7.408422e-05 1.082684e-02
581 1.003525e-05 3.288255e-03
582 1.791883e-04 1.343311e-02
583 2.543918e-05 6.922641e-03
584 5.639415e-05 6.535423e-03
585 4.245532e-04 1.841838e-02
586 2.829608e-05 1.085978e-02
587 1.753998e-05 1.125383e-02
588 1.883998e-05 8.516598e-03
589 4.147653e-06 2.307930e-03
590 8.938126e-04 1.852924e-01
591 3.724222e-04 1.946701e-02
592 1.745506e-05 5.089814e-03
593 1.695151e-05 1.472883e-02
594 9.498068e-05 8.000070e-03
595 3.995345e-06 6.571298e-03
596 4.957136e-03 3.823505e-01
597 3.416179e-08 1.911871e-03
598 3.326992e-07 1.956873e-03
599 1.683244e-07 1.930985e-03
600 4.317540e-07 2.045245e-03
601 2.135499e-06 2.961725e-03
602 3.338404e-07 2.551016e-03
603 5.805468e-07 3.232861e-03
604 1.742464e-07 1.927210e-03
605 2.908647e-07 2.060899e-03
606 1.164245e-07 1.928792e-03
607 4.127297e-08 1.776227e-03
608 1.967894e-07 2.027509e-03
609 1.651322e-05 1.156099e-02
610 1.303612e-06 4.121231e-03
611 1.103323e-03 1.266671e-01
612 4.015496e-05 2.417753e-02
613 1.478908e-05 1.658230e-02
614 3.007523e-05 2.330569e-02
615 4.983418e-06 9.965658e-03
616 8.633750e-08 3.278415e-03
617 8.134558e-06 1.145623e-02
618 3.319527e-07 4.219911e-03
619 1.538435e-06 4.963625e-03
620 6.760932e-07 5.422182e-03
621 8.632275e-05 3.906682e-02
622 1.638825e-06 5.869740e-03
623 7.866340e-07 7.226609e-03
624 1.688392e-06 5.963382e-03
625 1.580108e-06 4.473546e-03
626 1.872067e-03 2.212804e-01
627 2.524859e-06 4.863233e-03
628 8.025114e-06 1.223261e-02
629 2.318316e-04 2.868275e-02
630 8.260732e-05 2.193884e-02
631 7.347918e-05 1.850368e-02
632 1.024036e-04 3.104432e-02
633 1.884221e-06 5.979829e-03
634 5.197945e-06 4.898137e-03
635 2.338775e-06 4.980713e-03
636 5.373240e-06 7.021833e-03
637 1.514518e-05 1.266219e-02
638 2.463337e-06 8.690265e-03
639 8.463584e-06 1.439365e-02
640 2.894830e-06 4.554487e-03
641 3.111376e-06 5.438721e-03
642 3.573425e-06 6.773153e-03
643 6.106969e-05 2.990914e-02
644 3.596271e-06 5.875046e-03
645 1.191326e-05 1.172330e-02
646 1.484591e-05 1.836313e-02
647 4.201802e-06 7.298369e-03
648 5.829252e-05 2.321616e-02
649 1.116775e-05 1.009336e-02
650 1.627042e-06 5.576335e-03
651 1.647978e-06 6.296235e-03
652 1.946670e-06 7.378250e-03
653 5.313816e-04 2.811344e-01
654 3.511178e-05 6.275561e-02
655 1.496322e-06 2.860387e-03
656 2.632533e-05 2.219292e-02
657 1.233845e-03 2.621048e-01
658 4.502776e-05 1.724931e-02
659 8.943329e-06 1.286957e-02
660 1.326214e-05 1.188290e-02
661 6.526318e-05 2.741073e-02
662 1.162282e-03 1.363584e-01
663 3.161996e-05 1.276249e-02
664 1.392660e-05 1.342155e-02
665 2.462473e-05 1.407557e-02
666 4.356638e-05 2.434120e-02
667 3.090096e-05 1.279629e-02
668 7.161773e-06 6.761042e-03
669 8.727870e-05 2.186179e-02
670 1.788517e-04 2.284387e-02
671 6.515791e-05 2.753778e-02
672 6.992908e-07 6.867274e-03
673 4.053075e-04 1.429211e-01
674 6.100097e-06 6.477333e-03
675 4.827100e-04 9.257671e-02
676 2.177768e-05 1.533681e-02
677 1.781161e-05 2.912435e-02
678 1.733012e-06 7.854248e-03
679 1.177903e-04 6.630985e-02
680 4.631779e-07 3.425974e-03
681 4.769965e-05 1.062875e-02
682 2.199010e-03 3.982569e-01
683 2.406483e-05 1.306464e-02
684 5.554279e-04 6.510502e-02
685 8.104548e-06 7.946222e-03
686 8.251731e-04 1.842047e-01
687 1.150609e-05 4.906591e-03
688 2.455719e-06 7.990867e-03
689 2.543408e-06 8.421981e-03
690 2.283668e-05 8.829486e-03
691 1.108526e-05 1.431047e-02
692 1.239755e-05 1.117872e-02
693 1.287634e-05 7.166204e-03
694 1.300771e-05 4.217577e-03
695 6.783813e-06 7.957487e-03
696 4.115549e-04 6.009331e-02
697 1.542767e-04 7.466445e-02
698 2.183765e-04 7.943035e-02
699 6.755959e-06 1.633660e-02
700 6.898135e-05 1.594375e-02
701 1.030006e-05 8.551929e-03
702 3.029714e-05 1.241829e-02
703 3.787509e-06 6.843410e-03
704 8.814368e-05 2.268819e-02
705 4.724337e-05 7.501074e-03
706 3.876688e-05 1.050129e-02
707 2.053165e-05 6.319508e-03
708 9.243297e-04 3.467020e-01
709 1.882075e-05 2.108251e-02
710 1.771862e-04 3.006917e-02
711 1.489409e-04 5.365206e-02
712 1.093470e-04 3.075549e-02
713 4.745905e-05 2.287291e-02
714 2.093503e-05 1.334710e-02
715 1.170141e-06 6.324094e-03
716 1.053792e-05 1.502069e-02
717 3.086284e-05 2.756619e-02
718 1.112059e-05 9.242484e-03
719 5.090534e-06 9.910138e-03
720 1.067032e-05 1.681475e-02
721 7.346081e-05 1.616751e-02
722 2.308333e-05 1.853205e-02
723 1.673891e-04 4.387993e-02
724 8.099294e-07 6.682677e-03
725 1.708815e-06 6.711982e-03
726 8.665914e-06 1.039892e-02
727 1.608107e-03 1.966720e-01
728 1.037794e-05 1.169739e-02
729 1.424295e-05 1.230221e-02
730 2.517897e-05 1.468251e-02
731 3.958265e-06 5.334983e-03
732 6.328624e-06 6.034415e-03
733 1.730634e-05 8.288049e-03
734 1.635823e-05 1.205376e-02
735 1.712513e-05 7.261873e-03
736 1.336749e-05 1.792623e-02
737 4.187989e-04 7.862748e-02
738 1.167163e-04 3.451866e-02
739 7.477022e-06 7.301722e-03
740 7.909611e-06 8.172393e-03
741 9.836230e-06 6.448064e-03
742 9.106002e-05 1.973463e-02
743 1.241014e-05 9.620840e-03
744 2.879836e-05 1.236108e-02
745 4.110728e-05 2.027813e-02
746 7.354578e-06 7.942226e-03
747 7.354578e-06 7.942226e-03
748 9.505890e-07 5.817034e-03
749 1.855973e-05 2.686489e-02
750 2.571241e-04 3.662227e-02
751 4.072705e-06 7.949352e-03
752 9.797792e-06 1.054999e-02
753 7.117630e-04 1.505747e-01
754 2.275112e-05 1.583406e-02
755 3.207840e-04 3.122031e-02
756 4.848625e-06 1.050581e-02
757 2.155719e-04 6.085974e-02
758 9.600458e-06 5.074015e-03
759 1.602675e-04 1.290610e-02
760 9.863109e-04 8.246781e-02
761 2.484135e-04 6.368214e-02
762 2.319807e-05 9.021135e-03
763 3.690701e-05 1.022292e-02
764 2.662402e-05 9.280061e-03
765 6.949046e-04 2.133771e-01
766 2.906565e-03 3.411008e-01
767 1.383676e-03 7.502515e-02
768 1.917010e-03 1.469151e-01
769 2.265891e-05 1.021981e-02
770 6.771188e-06 4.839270e-03
771 6.436856e-06 4.650362e-03
772 5.790922e-06 4.497525e-03
773 6.836957e-04 7.192073e-02
774 2.300178e-05 5.500514e-03
775 1.565605e-05 1.023064e-02
776 4.630849e-06 5.300697e-03
777 2.389291e-05 9.658048e-03
778 9.115639e-04 4.600513e-02
779 9.714304e-06 8.482002e-03
780 2.195353e-05 5.367390e-03
781 1.250452e-06 5.290935e-03
782 2.455651e-06 2.300220e-03
783 1.413476e-06 3.512939e-03
784 8.800041e-05 1.455552e-02
785 2.051841e-05 9.244658e-03
786 1.167824e-05 6.738295e-03
787 1.999978e-05 8.221308e-03
788 1.364866e-05 1.090620e-02
789 8.331647e-06 8.113797e-03
790 2.442428e-04 7.276375e-02
791 3.594740e-06 4.026244e-03
792 5.728934e-06 1.007117e-02
793 2.242525e-05 9.741776e-03
794 6.904689e-04 1.832041e-01
795 5.623926e-05 1.211239e-02
796 1.509771e-05 5.450776e-03
797 3.710237e-04 7.312714e-02
798 1.752277e-05 6.901326e-03
799 3.257663e-04 4.461994e-02
800 4.488922e-05 1.547409e-02
801 4.658790e-05 9.164419e-03
802 6.116120e-04 3.392555e-02
803 2.550701e-03 1.414221e-01
804 2.855835e-05 9.540906e-03
805 2.134319e-04 3.133350e-02
806 1.185269e-04 1.064579e-01
807 2.139332e-04 3.844911e-02
808 4.876276e-06 5.561505e-03
809 5.832022e-05 2.195469e-02
810 9.507913e-07 2.293575e-03
811 5.560952e-05 1.225006e-02
812 5.950669e-06 4.117553e-03
813 5.099523e-05 2.598928e-02
814 1.917824e-05 1.233483e-02
815 2.936539e-05 1.434007e-02
816 1.172134e-03 7.482084e-02
817 1.720286e-04 5.074563e-02
818 3.253529e-06 9.762621e-03
819 2.727297e-05 1.122938e-02
820 7.365179e-05 3.344982e-02
821 7.342545e-05 3.345368e-02
822 1.852377e-05 3.118702e-02
823 2.231246e-04 1.054541e-01
824 1.066990e-03 3.351010e-01
825 2.076288e-03 2.338018e-01
826 1.079470e-03 2.250273e-01
827 2.437506e-04 8.139499e-02
828 2.640269e-03 4.043647e-01
829 3.434133e-03 2.048165e-01
830 1.277783e-05 7.496097e-03
831 8.038315e-07 4.607956e-03
832 1.374265e-06 4.886924e-03
833 4.351686e-06 1.017063e-02
834 3.120744e-06 5.663494e-03
835 9.221549e-07 6.481087e-03
836 1.907318e-06 4.533660e-03
837 9.688399e-06 8.504460e-03
838 1.164905e-05 5.411610e-03
839 5.353014e-06 4.808070e-03
840 1.260949e-05 1.494078e-02
841 8.101170e-06 6.649406e-03
842 6.854661e-06 8.190250e-03
843 4.443793e-06 9.580503e-03
844 1.933760e-05 1.834601e-02
845 6.381341e-05 2.148224e-02
846 1.630679e-04 3.554297e-02
847 1.265868e-05 6.856517e-03
848 1.067631e-05 1.261902e-02
849 1.644052e-04 3.220064e-02
850 3.459947e-06 5.912242e-03
851 7.624007e-05 6.112297e-02
852 9.220959e-07 6.312065e-03
853 3.414902e-05 1.091868e-02
854 1.973934e-06 5.707200e-03
855 8.157936e-05 1.280571e-02
856 1.158292e-07 1.476778e-03
857 2.303297e-07 1.286167e-03
858 3.702837e-07 2.023418e-03
859 8.402200e-08 1.493056e-03
860 5.884495e-04 5.617130e-02
861 1.446918e-05 6.220099e-03
862 3.487582e-07 1.553405e-03
863 7.137521e-07 1.482027e-03
864 4.926744e-08 1.391004e-03
865 1.118245e-06 1.499317e-03
866 1.259471e-06 1.987268e-03
867 1.139028e-06 1.554178e-03
868 1.027068e-07 1.358241e-03
869 3.189517e-07 1.606750e-03
870 2.137659e-07 1.515580e-03
871 4.711259e-08 1.391377e-03
872 1.518452e-07 1.867714e-03
873 1.174143e-07 1.408693e-03
874 3.350663e-07 1.388676e-03
875 1.978389e-04 3.758639e-02
876 1.128866e-07 1.437279e-03
877 2.829028e-07 1.434971e-03
878 8.760696e-07 1.847856e-03
879 4.478866e-08 1.348775e-03
880 1.063236e-07 1.361680e-03
881 6.897196e-08 1.394816e-03
882 1.023546e-06 1.769638e-03
883 8.544017e-07 1.610728e-03
884 4.492503e-07 1.435637e-03
885 7.764001e-07 1.521874e-03
886 1.132162e-05 4.192353e-03
887 2.009022e-05 5.975613e-03
888 1.290263e-05 1.090857e-02
889 2.357262e-04 3.820407e-02
890 4.640661e-05 1.865463e-02
891 1.959677e-04 6.754600e-02
892 2.065125e-04 9.574310e-02
893 1.177551e-06 5.337425e-03
894 1.516075e-06 3.416777e-03
895 1.352339e-05 6.634541e-03
896 3.757848e-05 1.264675e-02
897 1.751887e-03 1.904990e-01
898 3.460734e-05 1.650604e-02
899 9.981503e-05 5.933259e-02
900 1.315458e-05 6.666396e-03
901 1.186074e-05 4.308915e-03
902 9.846541e-06 7.602357e-03
903 1.023702e-06 5.966705e-03
904 9.977985e-05 8.587589e-02
905 3.045400e-05 1.598516e-02
906 9.631574e-05 3.775630e-02
907 1.828354e-03 2.850103e-01
908 1.937957e-06 2.717139e-03
909 9.787750e-07 2.971794e-03
910 1.455204e-07 1.565000e-03
911 7.375993e-06 5.445922e-03
912 1.116456e-05 4.530113e-03
913 1.495729e-07 1.707308e-03
914 2.629597e-06 4.814260e-03
915 4.225542e-06 3.132040e-03
916 2.771392e-04 5.918524e-02
917 4.591126e-07 2.099336e-03
918 5.793274e-07 1.762281e-03
919 2.185564e-08 1.391025e-03
920 1.625511e-06 2.358152e-03
921 6.368484e-08 1.057821e-03
922 4.195804e-07 1.390933e-03
923 7.972953e-05 2.209029e-02
924 4.067283e-05 1.005833e-02
925 1.485548e-07 1.049892e-03
926 2.983334e-05 7.869072e-03
927 3.095166e-07 1.303138e-03
928 6.377483e-06 3.543382e-03
929 1.993249e-05 8.534310e-03
930 1.115036e-05 3.372085e-03
931 3.206623e-06 3.510526e-03
932 6.809477e-08 1.482080e-03
933 2.240511e-06 1.642978e-03
934 6.350961e-05 4.914416e-03
935 2.383319e-06 1.689841e-03
936 1.399244e-07 1.161907e-03
937 6.061838e-06 2.200625e-03
938 6.121620e-07 1.729152e-03
939 6.256814e-06 2.644778e-03
940 2.894844e-05 3.576123e-03
941 1.122626e-05 3.642054e-03
942 1.663127e-07 1.604636e-03
943 3.492367e-06 1.768096e-03
944 1.440896e-05 3.174728e-03
945 4.766333e-07 2.223340e-03
946 2.364439e-05 4.603683e-03
947 2.252958e-05 2.989388e-02
948 1.521385e-06 6.737583e-03
949 2.972420e-06 1.041707e-02
950 1.542461e-06 7.862641e-03
951 4.325832e-06 1.577263e-02
952 3.809846e-05 1.417757e-02
953 4.412568e-06 8.717793e-03
954 1.161479e-06 3.047976e-03
955 1.035399e-04 3.243030e-02
956 3.225063e-07 3.045207e-03
957 3.772620e-06 8.322338e-03
958 2.572598e-06 6.744529e-03
959 1.571812e-04 4.171934e-02
960 7.605947e-06 1.883782e-02
961 1.854375e-05 9.274200e-03
962 1.015398e-05 1.225142e-02
963 1.041395e-06 3.802328e-03
964 1.554863e-04 3.458990e-02
965 9.600895e-07 5.381634e-03
966 1.518086e-04 1.007216e-01
967 1.671922e-04 5.044108e-02
968 8.213282e-06 4.451555e-03
969 6.736700e-06 7.884086e-03
970 4.506190e-06 1.648371e-02
971 1.680386e-06 2.987295e-03
972 6.565745e-06 7.129354e-03
973 6.071352e-06 9.261339e-03
974 4.391854e-07 3.261813e-03
975 3.360562e-06 6.617949e-03
976 4.104353e-04 7.378909e-02
977 1.524370e-05 5.918871e-03
978 2.361501e-05 5.176730e-03
979 4.877545e-07 2.682582e-03
980 8.259017e-08 1.214536e-03
981 1.460273e-06 3.779524e-03
982 2.134585e-05 5.728768e-03
983 6.890620e-06 2.732792e-03
984 2.017010e-05 4.835635e-03
985 3.115807e-06 3.170814e-03
986 1.386076e-06 3.280206e-03
987 2.024389e-07 1.241197e-03
988 2.522738e-06 2.262138e-03
989 2.019236e-06 5.800398e-03
990 2.208980e-06 3.299749e-03
991 4.471976e-06 5.492075e-03
992 9.841369e-07 2.128397e-03
993 1.051649e-06 2.267382e-03
994 3.891654e-07 2.095775e-03
995 3.781319e-06 2.535070e-03
996 1.888907e-06 2.864695e-03
997 1.388950e-04 1.468255e-02
998 3.391835e-06 3.651705e-03
999 3.046541e-06 3.110640e-03
1000 8.762847e-07 1.634568e-03
1001 3.609685e-07 1.539100e-03
1002 2.258559e-06 3.940858e-03
1003 9.444366e-07 1.717549e-03
1004 5.455910e-06 3.771385e-03
1005 1.874798e-06 2.732146e-03
1006 2.544833e-05 5.055777e-03
1007 7.680162e-07 2.864043e-03
1008 6.516134e-06 2.789015e-03
1009 3.534679e-06 3.745357e-03
1010 1.830832e-06 2.676189e-03
1011 2.246092e-06 3.440114e-03
1012 3.044390e-06 3.154429e-03
1013 2.422744e-07 2.035481e-03
1014 2.167332e-06 3.177742e-03
1015 2.762307e-07 2.112665e-03
1016 3.000258e-06 1.683185e-03
1017 5.147156e-07 1.598725e-03
1018 1.666000e-06 2.576346e-03
1019 3.594518e-06 4.251446e-03
1020 5.432024e-07 1.690493e-03
1021 1.653508e-05 3.122410e-03
1022 2.784106e-07 1.130088e-03
1023 3.614477e-07 1.710361e-03
1024 2.481145e-08 1.387272e-03
1025 6.720106e-07 2.174967e-03
1026 1.849286e-03 3.573273e-01
1027 2.234172e-04 6.569160e-02
1028 9.227226e-05 6.128615e-02
1029 1.189629e-04 3.771523e-02
1030 9.294063e-04 1.343906e-01
1031 1.454723e-03 2.152529e-01
1032 6.281763e-06 7.031661e-03
1033 1.479697e-05 1.457297e-02
1034 3.304582e-04 8.261722e-02
1035 4.163091e-06 3.762064e-03
1036 2.717961e-06 8.631300e-03
1037 2.359035e-05 1.964367e-02
1038 1.049396e-06 2.812696e-03
1039 1.423217e-05 1.149518e-02
1040 4.719243e-06 8.557649e-03
1041 6.206303e-06 2.497770e-02
1042 2.613395e-06 1.037290e-02
1043 4.561936e-06 1.339368e-02
1044 4.641911e-06 1.676681e-02
1045 2.129428e-06 7.246940e-03
1046 6.392344e-05 2.328131e-02
1047 3.239428e-04 7.680298e-02
1048 1.937747e-05 3.425983e-02
1049 3.825227e-06 8.268480e-03
1050 4.793656e-04 1.326923e-01
1051 7.547646e-04 8.016989e-02
1052 1.775014e-07 1.221018e-03
1053 2.628312e-07 1.808232e-03
1054 3.078920e-05 2.139080e-02
1055 1.971318e-07 1.551317e-03
1056 6.939823e-07 4.648598e-03
1057 6.477721e-07 2.124288e-03
1058 4.768614e-07 2.008070e-03
1059 3.736355e-08 1.030953e-03
1060 9.794220e-09 9.547950e-04
1061 3.622389e-06 2.687290e-03
1062 4.033138e-07 1.797022e-03
1063 3.691213e-06 3.689882e-03
1064 4.807989e-04 5.582024e-02
1065 4.074642e-05 1.410351e-02
1066 3.557190e-08 1.576096e-03
1067 5.534252e-09 1.439563e-03
1068 8.103235e-09 1.464943e-03
1069 1.004134e-08 1.613501e-03
1070 8.784479e-06 1.378779e-02
1071 4.372406e-06 5.067140e-03
1072 7.578933e-06 3.005185e-03
1073 1.055630e-04 1.644029e-02
1074 1.304234e-07 1.050170e-03
1075 1.092994e-04 2.194645e-02
1076 2.162394e-05 4.804152e-03
1077 3.874553e-05 1.238723e-02
1078 2.508326e-07 1.625850e-03
1079 7.175104e-06 5.643241e-03
1080 1.441660e-07 1.563428e-03
1081 1.599162e-08 1.459606e-03
1082 5.830229e-08 1.483054e-03
1083 2.872497e-07 1.810316e-03
1084 3.249703e-08 1.227680e-03
1085 3.514958e-06 4.169600e-03
1086 1.211552e-07 1.238259e-03
1087 8.276886e-08 1.366425e-03
1088 1.189595e-07 4.679659e-03
1089 4.725377e-08 1.233103e-03
1090 1.807771e-08 1.195034e-03
1091 4.974235e-08 1.227737e-03
1092 1.375438e-03 3.364689e-01
1093 2.009009e-06 1.860037e-02
1094 2.827562e-06 1.371221e-02
1095 9.998265e-07 1.646703e-03
1096 2.166625e-07 1.474152e-03
1097 2.771103e-06 4.721453e-03
1098 2.662785e-05 6.679982e-03
1099 8.127710e-07 3.181371e-03
1100 3.072901e-06 2.723569e-03
1101 7.592082e-06 3.579604e-03
1102 4.874266e-06 2.963103e-03
1103 4.030571e-06 2.635978e-03
1104 1.364520e-04 5.133204e-02
1105 2.448266e-07 1.518239e-03
1106 3.234194e-07 2.221531e-03
1107 1.312064e-06 3.084019e-03
1108 1.051916e-06 1.700075e-03
1109 4.823975e-07 2.003654e-03
1110 1.384049e-06 4.624018e-03
1111 2.157021e-06 3.865812e-03
1112 1.658128e-04 2.821391e-02
1113 8.551614e-05 1.372119e-02
1114 3.202999e-07 2.000938e-03
1115 6.571285e-05 1.853881e-02
1116 1.100724e-07 1.475250e-03
1117 3.351813e-07 1.590850e-03
1118 1.409508e-05 5.872393e-03
1119 6.221914e-05 1.698204e-02
1120 7.240096e-06 3.723027e-03
1121 4.119692e-05 5.840527e-03
1122 1.019918e-05 3.547714e-03
1123 5.880828e-06 2.331008e-03
1124 1.130461e-05 3.271234e-03
1125 1.590747e-05 3.453891e-03
1126 1.813273e-05 4.323558e-03
1127 1.663332e-05 3.346366e-03
1128 1.812028e-05 4.029441e-03
1129 5.065960e-06 2.654048e-03
1130 1.173091e-05 4.078379e-03
1131 1.001010e-04 3.717757e-02
1132 4.165029e-04 1.300314e-01
1133 6.646988e-05 4.098732e-02
1134 1.067923e-05 8.799662e-03
1135 1.899077e-06 2.159460e-03
1136 1.259723e-05 4.020458e-03
1137 6.996136e-06 5.012427e-03
1138 4.863060e-05 7.210087e-03
1139 4.684837e-06 5.033096e-03
1140 6.459464e-04 1.564294e-01
1141 1.441105e-04 2.005577e-02
1142 1.835428e-05 7.091145e-03
1143 1.800467e-05 6.162633e-03
1144 9.418610e-05 3.423800e-02
1145 8.840683e-06 8.996225e-03
1146 1.698409e-04 5.719189e-02
1147 6.745444e-05 3.927430e-02
1148 5.085748e-05 1.207224e-02
1149 2.079836e-05 8.672060e-03
1150 1.670264e-05 8.546083e-03
1151 9.058433e-05 9.688893e-03
1152 6.695680e-06 5.520964e-03
1153 9.519951e-06 4.330154e-03
1154 1.560045e-05 6.515699e-03
1155 6.993151e-05 6.220235e-03
1156 2.153732e-04 2.010895e-02
1157 6.064528e-05 3.995090e-02
1158 1.278640e-05 1.341870e-02
1159 2.670332e-04 1.057336e-01
1160 1.704377e-05 8.938317e-03
1161 7.167787e-06 6.457823e-03
1162 6.554878e-05 3.579593e-02
1163 6.879221e-04 1.147203e-01
1164 4.102075e-05 1.537333e-02
1165 2.545553e-05 8.417470e-03
1166 6.059779e-05 3.374050e-02
1167 9.387356e-05 2.610712e-02
1168 4.125027e-05 1.325753e-02
1169 6.559355e-05 3.279002e-02
1170 6.382439e-05 2.593069e-02
1171 6.930157e-06 7.795613e-03
1172 4.100939e-05 2.042897e-02
1173 3.946348e-04 1.035194e-01
1174 4.535238e-04 6.460557e-02
1175 1.076777e-04 3.185809e-02
1176 6.574707e-03 9.201058e-01
1177 2.016183e-07 3.051155e-03
1178 6.456451e-05 1.920693e-02
1179 2.626211e-05 2.147206e-02
1180 3.244093e-04 2.494154e-02
1181 5.158873e-05 1.530282e-02
1182 2.689779e-04 2.526110e-02
1183 1.046262e-04 1.776972e-02
1184 4.406843e-04 4.995113e-02
1185 3.797799e-04 6.602633e-02
1186 4.638803e-05 1.485418e-02
1187 3.534050e-05 7.359209e-03
1188 1.531970e-05 9.434129e-03
1189 7.989271e-05 1.935336e-02
1190 7.118763e-04 7.351226e-02
1191 7.768385e-05 1.375099e-02
1192 3.046338e-04 4.234802e-02
1193 3.401062e-05 2.333818e-02
1194 1.093067e-03 9.502142e-02
1195 3.471459e-04 3.584420e-02
1196 5.285814e-04 4.443494e-02
1197 1.033589e-04 1.659549e-02
1198 5.364587e-05 2.356867e-02
1199 1.792483e-04 2.783019e-02
1200 5.416546e-04 5.796396e-02
1201 7.846419e-05 2.495976e-02
1202 1.835920e-05 1.242608e-02
1203 4.323610e-05 3.496110e-02
1204 1.441826e-04 4.445522e-02
1205 2.037693e-06 4.762571e-03
1206 2.347274e-05 1.503995e-02
1207 4.676318e-07 3.587090e-03
1208 8.495366e-04 4.284596e-02
1209 8.544024e-06 8.376702e-03
1210 5.009539e-06 8.216406e-03
1211 1.719942e-06 3.427307e-03
1212 1.000888e-05 3.908442e-03
1213 1.917065e-06 7.130515e-03
1214 9.450353e-06 8.180261e-03
1215 7.256824e-05 3.178260e-02
1216 8.754906e-07 4.223372e-03
1217 9.789759e-04 1.680602e-01
1218 7.497984e-06 6.097544e-03
1219 1.545736e-06 1.221277e-03
1220 1.898582e-06 3.320705e-03
1221 2.870352e-05 3.947148e-03
1222 5.551685e-04 1.023706e-01
1223 3.955410e-07 2.010316e-03
1224 3.055970e-06 2.005392e-03
1225 2.295467e-04 3.888157e-02
1226 5.935675e-07 2.283472e-03
1227 8.731183e-04 2.151245e-01
1228 1.330381e-05 6.014999e-03
1229 3.073685e-07 1.260083e-03
1230 7.149238e-07 2.433335e-03
1231 1.223981e-06 1.560748e-03
1232 1.536743e-07 2.000747e-03
1233 3.971320e-07 2.211717e-03
1234 4.773149e-06 3.225310e-03
1235 4.689256e-07 2.500375e-03
1236 1.823407e-06 2.713960e-03
1237 9.333784e-06 2.624551e-03
1238 7.001130e-06 3.198040e-03
1239 6.224770e-07 2.258709e-03
1240 2.905439e-03 4.637254e-01
1241 4.865022e-06 4.296724e-03
1242 5.764870e-06 2.619203e-03
1243 9.883374e-06 3.078728e-03
1244 1.355220e-05 2.807353e-03
1245 1.735595e-06 2.573575e-03
1246 1.721873e-06 2.386890e-03
1247 2.178038e-05 1.093280e-02
1248 9.240587e-05 3.201933e-02
1249 6.901295e-06 1.011997e-02
1250 4.147971e-05 1.455019e-02
1251 2.755150e-05 1.465379e-02
1252 8.239138e-06 1.622821e-02
1253 2.189737e-05 1.428775e-02
1254 4.842071e-06 8.056452e-03
1255 1.123743e-03 1.843054e-01
1256 1.268612e-05 6.138029e-03
1257 3.835513e-03 5.403786e-01
1258 5.888548e-04 5.601770e-02
1259 6.480437e-04 1.079339e-01
1260 2.755095e-05 1.342996e-02
1261 6.348642e-07 1.825757e-03
1262 8.016668e-04 4.207091e-02
1263 9.084067e-06 3.893544e-03
1264 8.810817e-05 2.865199e-02
1265 1.225420e-06 2.853792e-03
1266 4.514333e-06 6.607688e-03
1267 1.547674e-07 1.933792e-03
1268 7.143056e-06 5.039015e-03
1269 1.401817e-04 4.973635e-02
1270 8.986204e-05 2.128485e-02
1271 1.476745e-05 8.405433e-03
1272 1.852912e-06 3.018891e-03
1273 2.824401e-05 5.034660e-03
1274 2.443100e-05 1.825442e-02
1275 3.790227e-04 4.099688e-02
1276 2.400051e-04 5.349921e-02
1277 4.664882e-04 7.368787e-02
1278 3.348203e-04 7.226940e-02
1279 6.238832e-06 4.046375e-03
1280 1.238743e-06 7.159126e-03
1281 3.287757e-06 8.341948e-03
1282 9.925238e-06 1.487111e-02
1283 4.440795e-05 1.040000e-02
1284 1.370319e-03 8.028932e-02
1285 1.002524e-04 1.320741e-02
1286 6.275808e-04 4.739888e-02
1287 8.478349e-06 6.886462e-03
1288 2.903778e-04 9.057395e-02
1289 2.148114e-04 1.118561e-01
1290 9.263288e-07 1.781826e-03
1291 8.591329e-04 2.664532e-02
1292 6.165522e-05 8.227728e-03
1293 1.247094e-03 1.301836e-01
1294 3.126044e-07 2.315756e-03
1295 8.302927e-05 1.306652e-02
1296 4.024668e-05 1.494439e-02
1297 1.584996e-03 1.548137e-01
1298 1.489148e-03 1.075279e-01
1299 1.046550e-04 1.364508e-02
1300 1.545338e-03 1.579714e-01
1301 1.364253e-05 3.084361e-03
1302 4.357481e-06 3.570062e-03
1303 4.732039e-05 1.506420e-02
1304 1.362146e-04 2.444874e-02
1305 1.635102e-04 1.782461e-02
1306 3.472098e-05 1.282939e-02
1307 1.900949e-04 1.323043e-02
1308 6.414570e-06 9.553034e-03
1309 4.486664e-04 6.561807e-02
1310 1.450027e-03 1.419185e-01
1311 1.408954e-03 6.471683e-02
1312 6.722096e-03 3.944276e-01
1313 8.031375e-06 3.805929e-03
1314 1.413687e-04 1.698053e-02
1315 6.795060e-07 5.949187e-03
1316 1.790605e-07 4.983358e-03
1317 2.386967e-07 3.413599e-03
1318 5.413277e-07 1.927783e-03
1319 6.163399e-07 2.489998e-03
1320 7.498558e-07 4.315753e-03
1321 5.582987e-07 4.050048e-03
1322 8.617473e-08 1.534892e-03
1323 2.840893e-05 1.390386e-02
1324 3.982414e-06 2.171990e-03
1325 6.976512e-06 6.419029e-03
1326 1.000123e-05 7.401275e-03
1327 1.561485e-05 7.819087e-03
1328 1.056907e-05 4.322569e-03
1329 9.989700e-09 2.764301e-03
1330 1.699984e-05 8.859843e-03
1331 4.588411e-04 1.028693e-01
1332 6.530975e-04 1.653299e-01
1333 1.921511e-04 2.417986e-02
1334 1.207663e-05 2.064184e-02
1335 9.307667e-05 1.080350e-02
1336 3.136509e-05 7.442258e-03
1337 5.384619e-06 3.771938e-03
1338 7.927566e-05 8.397771e-03
1339 4.409691e-05 2.666487e-02
1340 8.151884e-06 9.639695e-03
1341 1.072920e-05 6.738463e-03
1342 5.812855e-07 1.631646e-03
1343 2.292258e-03 1.182473e-01
1344 1.930236e-06 4.981630e-03
1345 1.280067e-03 1.134734e-01
1346 9.644796e-05 2.460714e-02
1347 2.947751e-04 3.982564e-02
1348 2.212827e-05 1.658581e-02
1349 8.387017e-06 1.176583e-02
1350 1.437862e-03 1.447413e-01
1351 4.708014e-04 1.934057e-01
1352 1.147707e-03 1.066133e-01
1353 8.606574e-07 3.275464e-03
1354 1.867996e-06 2.970806e-03
1355 6.001550e-05 3.129061e-02
1356 1.137020e-06 4.389234e-03
1357 1.393252e-06 5.228067e-03
1358 7.885420e-04 9.912314e-02
1359 2.904801e-05 2.252652e-02
1360 1.061598e-05 2.148029e-03
1361 2.198900e-05 9.856354e-03
1362 3.683455e-06 3.004120e-03
1363 2.340936e-08 1.344432e-03
1364 1.627755e-07 1.254096e-03
1365 7.452580e-08 1.895453e-03
1366 8.990754e-07 6.936871e-03
1367 1.082341e-04 2.319468e-02
1368 2.578810e-06 2.982896e-03
1369 8.611983e-07 2.273090e-03
1370 1.742886e-07 1.127178e-03
1371 4.611455e-06 1.724207e-03
1372 7.582808e-07 1.124758e-03
1373 5.487648e-07 1.991405e-03
1374 3.628342e-05 4.232844e-03
1375 3.926659e-04 5.547476e-02
1376 4.984020e-05 3.957729e-03
1377 2.122788e-04 1.690622e-02
1378 2.209967e-05 1.018395e-02
1379 2.750507e-04 3.076533e-02
1380 8.550195e-05 2.975760e-02
1381 1.123395e-05 2.228939e-02
1382 1.057639e-06 2.205386e-03
1383 4.201772e-05 4.606477e-03
1384 1.452783e-03 1.630289e-01
1385 1.984056e-04 1.762033e-02
1386 1.090807e-03 5.622778e-02
1387 1.043896e-03 1.620037e-01
1388 2.667213e-03 2.057919e-01
1389 9.654923e-06 5.730314e-03
1390 2.839137e-04 6.230636e-02
1391 2.762272e-05 1.445804e-02
1392 2.119600e-06 1.569214e-02
1393 1.483968e-06 2.811731e-03
1394 1.266247e-05 9.902943e-03
1395 3.502712e-05 3.649045e-02
1396 1.931033e-06 4.865690e-03
1397 6.196393e-06 2.905073e-03
1398 1.132263e-03 1.401300e-01
1399 8.239275e-05 9.223365e-03
1400 2.627181e-05 5.382033e-03
1401 1.835734e-04 3.030422e-02
1402 1.410465e-05 3.181249e-03
1403 3.487212e-06 2.163289e-03
1404 4.844044e-05 3.046231e-02
1405 2.468481e-06 2.051882e-03
1406 1.439345e-05 6.525910e-03
1407 1.100727e-06 2.508971e-03
1408 2.782753e-07 2.363565e-03
1409 1.278864e-04 1.048185e-02
1410 6.008880e-04 4.037388e-02
1411 7.957140e-05 1.485374e-01
1412 6.408240e-04 7.707445e-02
1413 3.588505e-06 2.181766e-03
1414 2.256871e-03 2.869612e-01
1415 1.274306e-06 3.118075e-03
1416 1.953619e-06 3.770410e-03
1417 2.365973e-06 2.519958e-03
1418 3.154169e-06 3.425334e-03
1419 1.786816e-04 3.905836e-02
1420 1.488378e-03 9.216471e-02
1421 2.469028e-04 9.184516e-02
1422 4.891649e-04 1.952986e-02
1423 9.986000e-04 1.223615e-01
1424 9.948876e-06 9.499257e-03
1425 3.075182e-03 4.518054e-01
1426 1.209400e-03 1.551110e-01
1427 9.308994e-05 3.360839e-02
1428 2.260241e-05 4.648091e-03
1429 1.213422e-05 8.189629e-03
1430 7.806627e-05 3.742074e-02
1431 6.350069e-05 3.430413e-02
1432 1.766987e-04 2.299148e-02
1433 1.748518e-06 7.602656e-03
1434 9.544421e-06 3.165296e-02
1435 8.627889e-05 3.143446e-02
1436 6.800150e-04 1.560032e-01
1437 1.139357e-05 4.319642e-03
1438 2.720275e-05 5.056622e-03
1439 2.011714e-03 4.382299e-01
1440 3.167843e-05 2.582451e-02
1441 1.987754e-03 2.382350e-01
1442 2.177251e-07 2.155577e-03
1443 1.438034e-04 3.597138e-02
1444 1.837237e-05 3.284220e-02
1445 6.267215e-05 3.695230e-02
1446 2.940152e-06 5.837834e-03
1447 2.748341e-05 4.788693e-03
1448 1.439271e-05 9.172948e-03
1449 6.420592e-04 4.476309e-02
1450 4.405286e-04 5.718491e-02
1451 4.081801e-07 1.771254e-03
1452 4.458096e-06 1.341557e-02
1453 3.282747e-06 1.831389e-03
1454 1.332635e-05 1.258246e-02
1455 3.488799e-07 4.403840e-03
1456 1.306773e-05 7.645663e-03
1457 3.254492e-06 5.271258e-03
1458 3.309327e-07 2.858584e-03
1459 1.449134e-05 5.562437e-03
1460 9.167768e-07 4.463437e-03
1461 5.255850e-06 7.489640e-03
1462 1.091290e-05 8.210647e-03
1463 4.661350e-05 2.005266e-02
1464 7.431163e-04 3.638620e-01
1465 1.355711e-03 1.761346e-01
1466 1.930178e-03 1.615506e-01
1467 2.340898e-05 2.356998e-02
1468 1.037471e-03 2.851263e-01
1469 5.880208e-04 1.914745e-01
1470 2.646218e-04 1.471291e-02
1471 1.654033e-05 1.232898e-02
1472 8.918146e-05 4.855086e-02
1473 1.395609e-07 2.949401e-03
1474 3.839955e-06 1.244055e-02
1475 9.733387e-07 4.457026e-03
1476 8.344462e-06 4.524493e-03
1477 9.209145e-04 1.129365e-01
1478 7.651447e-05 2.133875e-02
1479 2.129165e-04 5.070839e-02
1480 3.171426e-04 7.040712e-02
1481 1.900439e-05 3.217163e-02
1482 1.539896e-04 5.219636e-02
1483 3.674925e-05 7.055100e-03
1484 1.591324e-05 5.277020e-03
1485 1.147940e-05 5.073174e-03
1486 1.584264e-03 7.268092e-02
1487 4.790101e-05 5.646185e-03
1488 1.679160e-04 1.225914e-02
1489 6.789982e-06 3.225915e-03
1490 5.331643e-06 3.987489e-03
1491 1.880973e-04 7.961528e-02
1492 1.059594e-04 1.067059e-02
1493 3.000143e-05 3.239685e-03
1494 1.223373e-04 1.389588e-02
1495 9.613082e-04 8.882913e-02
1496 2.723836e-05 3.540109e-03
1497 2.277195e-04 5.172871e-02
1498 2.206285e-03 2.084223e-01
1499 1.110540e-04 6.415866e-03
1500 2.094993e-05 9.168532e-03
1501 2.230043e-04 5.646758e-02
1502 6.374462e-04 5.939236e-02
1503 8.413473e-05 1.597876e-02
1504 2.564673e-03 2.518226e-01
1505 9.928343e-05 5.911389e-02
1506 4.626634e-07 1.632582e-03
1507 7.470320e-04 4.748761e-02
1508 4.495246e-03 5.020561e-01
1509 1.204971e-05 3.281153e-03
1510 3.182248e-06 3.344373e-03
1511 9.870866e-04 3.875191e-02
1512 3.034489e-07 1.037842e-03
1513 3.165654e-05 1.515814e-02
1514 2.394815e-06 5.110577e-03
1515 1.426759e-05 9.123678e-03
1516 4.934399e-04 6.150923e-02
1517 8.062954e-05 1.088604e-02
1518 2.743460e-04 6.738874e-02
1519 3.230157e-07 1.798904e-03
1520 2.283706e-04 3.356570e-02
1521 2.499373e-06 2.345181e-03
1522 5.583513e-06 4.536047e-03
1523 1.056622e-05 4.766269e-03
1524 5.999337e-04 1.060603e-01
1525 8.147504e-05 1.482339e-02
1526 1.939444e-05 2.108554e-02
1527 1.711630e-04 1.743921e-02
1528 9.853212e-06 6.206978e-03
1529 2.934817e-05 1.339776e-02
1530 3.801974e-06 6.191881e-03
1531 3.237308e-04 6.908628e-02
1532 4.089655e-05 8.327223e-03
1533 3.478199e-04 7.233252e-02
1534 5.651892e-04 1.518444e-01
1535 1.306018e-03 2.421760e-01
1536 6.812133e-04 1.871298e-01
1537 8.840048e-06 7.788684e-03
1538 7.325916e-04 2.197473e-01
1539 1.018391e-04 2.086091e-02
1540 5.788844e-06 4.628377e-02
1541 1.679148e-04 1.764725e-01
1542 2.875017e-03 4.297408e-01
1543 4.755072e-06 5.430410e-03
1544 1.805236e-05 1.493891e-02
1545 1.657514e-07 3.621397e-03
1546 7.864403e-04 2.782490e-02
1547 1.472616e-04 2.855232e-02
1548 5.153718e-06 3.898714e-02
1549 1.908703e-07 2.604767e-03
1550 5.437374e-05 1.942310e-02
1551 5.681924e-06 1.466404e-02
1552 2.015052e-08 1.266260e-03
1553 6.050146e-07 3.148646e-03
1554 2.170446e-03 1.238700e-01
1555 6.015944e-04 1.178254e-01
1556 1.916969e-04 2.747292e-02
1557 1.305092e-03 9.889778e-02
1558 3.772991e-04 2.238176e-01
1559 1.028910e-03 5.947186e-02
1560 4.243722e-06 4.214167e-03
1561 1.945316e-04 1.982468e-02
1562 4.037856e-06 1.236769e-02
1563 3.830273e-05 4.845320e-03
1564 6.463196e-06 7.286204e-03
1565 6.513447e-05 3.410210e-02
1566 1.791987e-05 1.255902e-02
1567 1.334369e-05 5.180242e-03
1568 2.498961e-05 3.984064e-03
1569 1.451451e-05 1.167567e-02
1570 7.675849e-05 3.187662e-02
1571 9.987572e-05 3.440367e-02
1572 5.726549e-07 1.924113e-03
1573 3.747746e-04 7.800488e-02
1574 1.397651e-05 4.903271e-03
1575 5.764095e-05 1.668400e-02
1576 7.343069e-06 1.426092e-02
1577 2.358514e-03 1.473493e-01
1578 1.236175e-06 6.476095e-03
1579 4.692279e-05 1.827575e-02
1580 6.888774e-08 2.496056e-03
1581 1.230061e-05 3.873286e-03
1582 3.775640e-06 5.639392e-03
1583 1.898019e-04 4.749744e-02
1584 7.996908e-06 6.472565e-03
1585 1.964254e-03 1.731196e-01
1586 2.376769e-03 1.741655e-01
1587 3.226914e-04 9.986120e-02
1588 4.399186e-04 4.944614e-02
1589 8.439139e-04 8.388347e-02
1590 3.772146e-04 1.510497e-01
1591 2.173068e-04 5.134360e-02
1592 1.378595e-04 2.595379e-02
1593 5.951406e-04 8.905830e-02
1594 1.441779e-04 3.043413e-02
1595 3.187015e-05 1.427771e-02
1596 1.157443e-04 1.709323e-02
1597 2.117001e-04 2.226411e-02
1598 9.210310e-04 7.604061e-02
1599 6.096704e-06 2.883754e-03
1600 2.528605e-04 8.031864e-02
1601 1.681637e-06 1.370636e-03
1602 2.323536e-03 1.486807e-01
1603 2.639146e-06 2.386553e-03
1604 2.895641e-07 2.518544e-03
1605 3.215203e-04 2.015566e-02
1606 1.079583e-08 2.939624e-03
1607 1.286317e-07 1.948043e-03
1608 5.642656e-07 1.912682e-03
1609 5.136514e-05 1.065297e-02
1610 1.846678e-04 3.679142e-02
1611 1.432861e-08 1.883697e-03
1612 7.213433e-07 2.209111e-03
1613 8.632768e-06 2.512413e-03
1614 9.686127e-07 4.817708e-03
1615 1.209847e-04 8.508000e-02
1616 2.524366e-04 3.944742e-02
1617 8.075338e-04 6.137038e-02
1618 2.404293e-05 3.099492e-02
1619 1.302298e-03 3.394034e-01
1620 1.080782e-05 1.001835e-02
1621 5.863833e-04 8.002129e-02
1622 3.218004e-05 4.524143e-03
1623 9.464028e-05 4.414716e-02
1624 1.366672e-06 5.208413e-03
1625 9.278698e-08 1.669091e-03
1626 1.551884e-05 9.088469e-03
1627 1.168853e-05 6.062203e-03
1628 9.686106e-08 1.985293e-03
1629 2.159147e-04 4.444344e-02
1630 1.968320e-07 1.714087e-03
1631 8.898789e-05 8.914427e-03
1632 3.267732e-06 9.879288e-03
1633 7.666640e-05 2.998516e-02
1634 3.464034e-03 3.468044e-01
1635 9.498796e-04 9.895395e-02
1636 3.705429e-03 6.841824e-01
1637 2.114755e-04 9.671133e-02
1638 4.790349e-05 1.576725e-02
1639 5.896583e-03 3.872567e-01
1640 6.545605e-04 9.445086e-02
1641 9.357153e-04 2.170420e-01
1642 6.254987e-05 3.973224e-02
1643 5.678392e-04 3.233296e-02
1644 7.593398e-04 8.133276e-02
1645 6.080209e-07 1.602058e-03
1646 3.915423e-05 6.093291e-03
1647 8.067554e-04 2.233564e-01
1648 1.953146e-06 5.695344e-03
1649 2.796551e-04 1.510490e-02
1650 7.987811e-04 1.635630e-01
1651 7.594988e-06 1.726465e-03
1652 1.105375e-03 1.954205e-01
1653 1.581293e-03 2.615401e-01
1654 9.488666e-07 2.743296e-03
1655 6.100114e-06 5.081302e-03
1656 1.352748e-06 3.744315e-03
1657 3.952762e-07 1.256201e-03
1658 6.880478e-06 3.015445e-03
1659 4.753444e-05 6.607630e-03
1660 2.514990e-08 2.011711e-03
1661 8.304233e-04 5.260170e-02
1662 3.409863e-06 8.196712e-03
1663 5.335820e-05 1.727980e-02
1664 1.588326e-06 6.936863e-03
1665 7.473627e-05 1.140840e-02
1666 3.286467e-04 2.731886e-02
1667 7.211220e-05 3.787963e-02
1668 3.114264e-06 2.363582e-03
1669 2.556005e-06 4.622565e-03
1670 8.424545e-06 9.880252e-03
1671 5.846225e-06 4.433669e-03
1672 1.454644e-05 2.936727e-02
1673 3.519570e-04 3.102861e-02
1674 1.100705e-06 2.695296e-03
1675 2.104773e-05 6.004404e-03
1676 6.554741e-07 1.417009e-03
1677 3.614347e-05 1.182513e-02
1678 3.632898e-04 1.566490e-01
1679 1.466493e-05 1.300420e-02
1680 4.325408e-05 1.346735e-02
1681 1.849036e-04 3.903418e-02
1682 1.151003e-05 7.590862e-03
1683 2.154038e-05 1.378070e-02
1684 2.145374e-05 5.856426e-03
1685 3.516328e-07 2.221681e-03
1686 2.297432e-04 1.523653e-02
1687 5.818507e-05 6.239888e-03
1688 3.769599e-07 1.163930e-03
1689 1.549721e-04 3.526446e-02
1690 1.861036e-05 1.022229e-02
1691 3.652078e-04 4.316255e-02
1692 2.307279e-03 2.987059e-01
1693 1.638582e-03 1.354446e-01
1694 1.230371e-04 5.110533e-02
1695 1.191268e-05 7.544400e-03
1696 8.757676e-07 2.834668e-03
1697 1.474929e-06 6.165560e-03
1698 1.095360e-04 4.337333e-02
1699 4.232273e-05 1.601425e-02
1700 1.743436e-05 7.008941e-03
1701 3.619619e-05 9.269976e-03
1702 1.992235e-06 6.060025e-03
1703 1.384190e-05 1.324951e-02
1704 6.805708e-06 6.566233e-03
1705 1.539748e-03 2.319091e-01
1706 9.360821e-05 3.659962e-02
1707 4.804279e-06 3.077344e-03
1708 6.813340e-08 2.064481e-03
1709 6.537521e-08 5.390698e-03
1710 3.686277e-08 1.418463e-03
1711 5.074680e-07 1.046943e-02
1712 9.386634e-06 5.139934e-03
1713 8.992488e-07 4.402874e-03
1714 6.180824e-06 5.897971e-03
1715 1.196679e-06 4.344520e-03
1716 6.372361e-07 6.103093e-03
1717 1.046376e-08 2.194844e-03
1718 7.408276e-06 1.744096e-02
1719 4.587653e-09 1.982918e-03
1720 1.037016e-06 4.503590e-03
1721 5.602080e-08 1.532199e-03
1722 8.647228e-06 1.059855e-02
1723 3.711498e-08 1.304221e-03
1724 8.017904e-09 1.415558e-03
1725 3.324739e-07 1.912776e-03
1726 3.526352e-06 3.582695e-02
1727 3.856203e-07 1.031168e-02
1728 2.060817e-07 2.558399e-03
1729 3.495516e-05 8.906488e-03
1730 1.605682e-06 4.434060e-03
1731 1.105927e-05 3.682739e-03
1732 3.045944e-04 3.782850e-02
1733 4.648312e-04 1.758049e-01
1734 5.827661e-04 1.703582e-01
1735 1.835125e-04 6.846489e-02
1736 2.765861e-06 7.835298e-03
1737 1.730944e-05 7.990076e-03
1738 7.168983e-04 1.783358e-01
1739 8.633631e-04 7.487243e-02
1740 3.013017e-05 2.128969e-02
1741 1.530890e-08 1.329620e-03
1742 5.753332e-07 1.635253e-03
1743 2.822362e-06 4.046184e-03
1744 1.017103e-07 2.065934e-03
1745 2.652597e-07 2.225493e-03
1746 8.431079e-06 8.222675e-03
1747 2.006261e-05 2.114031e-02
1748 1.762046e-05 8.007702e-03
1749 7.286403e-06 6.606736e-03
1750 1.635951e-05 8.432674e-03
1751 3.934018e-06 3.982128e-03
1752 1.098628e-06 7.543730e-03
1753 4.202192e-04 7.806916e-02
1754 2.643261e-03 2.154900e-01
1755 9.628519e-04 1.337421e-01
1756 1.343645e-05 1.879980e-02
1757 1.053135e-04 5.262339e-02
1758 2.082220e-03 3.252870e-01
1759 1.881671e-04 1.177114e-01
1760 4.371049e-04 1.123778e-01
1761 2.185074e-03 3.554579e-01
1762 2.530243e-03 3.847463e-01
1763 2.713428e-04 1.394316e-01
1764 7.135420e-06 2.042045e-02
1765 6.511309e-05 3.100878e-02
1766 1.627955e-03 1.456177e-01
1767 1.652370e-04 2.415539e-02
1768 4.470801e-05 2.958292e-02
1769 2.660775e-04 1.026341e-01
1770 1.449027e-04 6.237259e-02
1771 5.351762e-04 9.343741e-02
1772 3.696665e-07 4.361878e-03
1773 4.658205e-03 8.628504e-01
1774 6.144066e-04 1.866053e-01
1775 1.239157e-03 5.581069e-01
1776 8.919628e-04 6.704689e-02
1777 4.030706e-04 4.483605e-02
1778 5.361953e-03 2.656498e-01
1779 1.715253e-04 5.614105e-02
1780 2.492337e-04 3.708234e-02
1781 4.625761e-05 2.353820e-02
1782 8.544818e-05 2.693669e-02
1783 1.085126e-03 1.989508e-01
1784 1.322474e-04 5.612499e-02
1785 1.780615e-04 8.338140e-02
1786 3.991545e-05 7.568101e-03
1787 1.622185e-04 1.628987e-02
1788 6.558745e-04 1.718563e-01
1789 1.737794e-04 9.836784e-02
1790 2.721671e-05 1.480190e-02
1791 3.835868e-04 1.345969e-01
1792 7.165603e-04 1.068905e-01
1793 2.611684e-04 4.287654e-02
1794 5.256796e-05 1.618409e-02
1795 7.509725e-05 2.446219e-02
1796 1.442909e-04 8.064722e-02
1797 1.434780e-04 8.825921e-02
1798 7.216997e-05 4.322089e-02
1799 1.344975e-05 1.509323e-02
1800 9.433971e-04 1.024535e-01
1801 2.240362e-04 2.365336e-02
1802 1.655114e-03 7.741314e-02
1803 4.651422e-04 7.194182e-02
1804 7.419258e-04 9.329474e-02
1805 7.450109e-05 3.734915e-02
1806 6.566277e-05 5.442999e-02
1807 2.695964e-05 1.961107e-02
1808 4.537303e-04 1.165136e-01
1809 2.219446e-05 2.033483e-02
1810 2.139648e-06 9.074565e-03
1811 9.209173e-06 1.034310e-02
1812 2.381780e-05 1.696896e-02
1813 3.697625e-05 8.735814e-03
1814 3.098445e-06 2.076195e-02
1815 5.553016e-04 6.269912e-02
1816 1.298005e-04 2.282382e-02
1817 1.623722e-04 5.306191e-02
1818 3.687431e-05 4.479216e-02
1819 1.085427e-03 2.054836e-01
1820 3.615931e-04 7.989092e-02
1821 4.618454e-05 1.646413e-02
1822 2.426886e-05 1.747089e-02
1823 4.028718e-05 4.637940e-02
1824 4.185603e-05 2.722686e-02
1825 3.977379e-04 2.080754e-01
1826 1.332249e-04 3.499043e-02
1827 2.531170e-05 1.074885e-02
1828 1.011989e-05 1.611454e-02
1829 7.659533e-06 1.483982e-02
1830 1.594258e-03 4.211670e-01
1831 9.212744e-06 8.755267e-03
1832 5.756554e-05 3.159236e-02
1833 2.515704e-06 1.104702e-02
1834 3.404761e-05 1.390907e-02
1835 6.251065e-07 8.489568e-03
1836 5.940379e-06 5.486026e-03
1837 2.843444e-04 3.594115e-02
1838 8.854171e-05 2.482510e-02
1839 3.019340e-05 4.270827e-02
1840 1.941516e-04 6.364538e-02
1841 7.623392e-05 3.349345e-02
1842 2.280740e-05 1.978714e-02
1843 2.964080e-05 1.474453e-02
1844 1.914286e-05 1.847063e-02
1845 3.260101e-05 1.258848e-02
1846 1.999481e-06 7.087333e-03
1847 2.297755e-05 9.310849e-03
1848 8.901574e-06 1.217521e-02
1849 2.636604e-05 1.397395e-02
1850 3.788819e-06 9.715813e-03
1851 8.584228e-06 5.330121e-03
1852 4.143701e-06 4.372272e-03
1853 5.588570e-06 4.127158e-03
1854 4.956024e-04 4.764992e-02
1855 1.065762e-04 2.582565e-02
1856 4.448491e-04 6.519245e-02
1857 2.567688e-04 4.813980e-02
1858 5.488140e-05 5.139589e-02
1859 2.063068e-06 5.013866e-03
1860 8.158017e-04 5.566670e-02
1861 1.509679e-06 7.844845e-03
1862 1.561741e-05 9.117210e-03
1863 2.057368e-05 2.504658e-02
1864 4.384934e-04 8.647564e-02
1865 1.232558e-04 4.539907e-02
1866 1.886062e-04 4.019006e-02
1867 2.170654e-05 1.094344e-02
1868 2.125926e-06 9.723311e-03
1869 4.594551e-06 6.524565e-03
1870 1.409119e-05 1.494220e-02
1871 1.336537e-03 1.190921e-01
1872 8.122512e-04 1.174838e-01
1873 1.654260e-05 1.335784e-02
1874 9.398343e-05 6.235038e-02
1875 4.261829e-04 4.048718e-02
1876 5.672653e-06 5.812201e-03
1877 6.313693e-05 1.626226e-02
1878 6.292744e-06 6.739873e-03
1879 7.995201e-05 2.506703e-02
1880 3.087396e-05 1.288907e-02
1881 1.011978e-03 2.176136e-01
1882 1.753798e-04 5.888538e-02
1883 6.458008e-05 4.250661e-02
1884 9.142094e-04 5.971433e-02
1885 1.361023e-04 2.867439e-02
1886 4.167637e-04 5.101250e-02
1887 4.801356e-06 7.812099e-03
1888 4.700860e-06 1.595580e-02
1889 8.784560e-07 7.950104e-03
1890 2.573682e-07 5.471004e-03
1891 6.107850e-06 5.365355e-03
1892 1.570003e-06 5.846208e-03
1893 9.822992e-07 2.189007e-02
1894 2.280665e-04 4.955132e-02
1895 3.636240e-05 1.803339e-02
1896 1.081498e-06 4.971518e-03
1897 4.685839e-07 3.652449e-03
1898 3.556235e-06 3.587243e-03
1899 2.462903e-05 1.675564e-02
1900 3.922062e-05 1.769233e-02
1901 9.134485e-08 1.740006e-03
1902 4.171922e-04 6.011486e-02
1903 1.008913e-03 1.846774e-01
1904 3.743493e-05 1.831081e-02
1905 2.693477e-04 2.997561e-02
1906 2.936168e-03 3.083833e-01
1907 1.044400e-06 7.341928e-03
1908 2.336267e-06 7.940952e-03
1909 1.094842e-06 5.357579e-03
1910 4.424608e-05 2.504643e-02
1911 1.187935e-06 1.183585e-02
1912 1.088520e-04 3.992682e-02
1913 9.659542e-05 6.285511e-02
1914 3.314735e-04 5.730938e-02
1915 3.504591e-03 3.949112e-01
1916 6.781995e-04 9.031941e-02
1917 5.773243e-04 1.390676e-01
1918 7.855901e-04 5.883076e-02
1919 1.208743e-03 1.276083e-01
1920 1.960492e-04 6.131742e-02
1921 2.823470e-04 3.226648e-02
1922 6.787510e-04 1.352794e-01
1923 5.114265e-04 6.693772e-02
1924 1.594673e-03 1.558836e-01
1925 2.490834e-04 6.091691e-02
1926 3.369672e-05 2.293287e-02
1927 3.647998e-04 4.633026e-02
1928 2.502656e-03 1.988007e-01
1929 1.297492e-04 3.959583e-02
1930 4.640604e-06 5.748873e-03
1931 8.505361e-05 3.635214e-02
1932 1.281679e-06 2.583729e-02
1933 1.943094e-04 1.859644e-02
1934 2.757201e-06 7.472520e-03
1935 2.639647e-04 4.678917e-02
1936 8.446085e-05 1.592719e-02
1937 1.183894e-04 2.970835e-02
1938 3.419991e-04 3.000444e-02
1939 3.605909e-04 4.965525e-02
1940 7.451176e-05 8.398528e-02
1941 4.775413e-06 7.779508e-03
1942 5.205955e-04 9.320165e-02
1943 3.504867e-04 9.959451e-02
1944 5.128057e-05 3.322210e-02
1945 1.203545e-05 1.115204e-02
1946 3.334968e-04 1.003030e-01
1947 3.839351e-05 1.816865e-02
1948 3.617186e-04 3.479825e-02
1949 2.007342e-03 1.406170e-01
1950 5.563720e-04 3.121247e-02
1951 1.780054e-03 1.383788e-01
1952 9.230854e-04 9.136497e-02
1953 4.614045e-05 1.927944e-02
1954 5.108459e-05 1.273930e-02
1955 2.423171e-03 3.247268e-01
1956 3.000089e-04 2.054459e-01
1957 1.622108e-03 3.085603e-01
1958 8.751310e-04 1.853987e-01
1959 2.531958e-06 7.258208e-03
1960 2.428024e-04 1.046607e-02
1961 1.622757e-07 2.936248e-03
1962 2.155742e-05 6.538013e-03
1963 9.330603e-08 2.053894e-03
1964 7.061010e-07 3.481888e-03
1965 1.103402e-04 2.463517e-02
1966 1.120249e-05 1.163846e-02
1967 1.245285e-03 1.225307e-01
1968 1.075657e-04 1.497885e-02
1969 1.354059e-05 1.868228e-02
1970 2.658609e-06 9.289564e-03
1971 3.445120e-05 2.189462e-02
1972 1.649932e-06 7.083707e-03
1973 8.268797e-04 8.835512e-02
1974 1.059510e-04 3.487446e-02
1975 9.240038e-06 1.646625e-02
1976 5.026675e-05 2.652879e-02
1977 7.259787e-04 1.014876e-01
1978 1.394649e-04 3.423151e-02
1979 1.609320e-04 3.265314e-02
1980 3.409961e-04 2.398467e-02
1981 8.553869e-05 1.592638e-02
1982 3.927701e-04 7.265709e-02
1983 1.713412e-03 2.753704e-01
1984 1.040586e-04 7.844279e-02
1985 4.636106e-04 1.275558e-01
1986 1.571152e-04 5.727126e-02
1987 4.468801e-03 3.247272e-01
1988 1.281655e-04 3.619353e-02
1989 3.405647e-05 4.621490e-02
1990 6.512004e-04 1.296321e-01
1991 1.237206e-05 1.299561e-02
1992 5.220193e-05 2.511228e-02
1993 2.333909e-04 4.368420e-02
1994 1.236280e-04 3.162079e-02
1995 2.674673e-04 2.763652e-02
1996 5.087791e-05 1.278396e-02
1997 9.448789e-04 7.776423e-02
1998 7.329500e-04 1.040896e-01
1999 3.121106e-03 2.219846e-01
2000 1.570110e-03 8.343593e-02
