2 1.977875e-04 1.188485e-01
3 1.753102e-03 5.156941e-01
4 3.254397e-03 2.087515e-01
5 3.996947e-04 8.481531e-02
6 1.696571e-03 6.809401e-01
7 7.603559e-04 1.625738e-01
8 5.298288e-05 5.167562e-02
9 2.585442e-05 8.814259e-03
10 2.827431e-04 3.850279e-02
11 1.727602e-03 2.853107e-01
12 1.220889e-04 2.333596e-02
13 2.267709e-03 3.226889e-01
14 9.358536e-04 7.521864e-02
15 1.000115e-04 4.765389e-02
16 5.090864e-05 5.374513e-02
17 2.458222e-05 1.153374e-02
18 2.144308e-04 9.106086e-02
19 5.210190e-04 2.857263e-01
20 2.981022e-03 3.043495e-01
21 1.873552e-03 1.181012e-01
22 6.853155e-05 2.700154e-02
23 7.923189e-03 4.229372e-01
24 7.979645e-04 1.792589e-01
25 4.825619e-04 3.698252e-02
26 2.018065e-03 4.378305e-01
27 2.353954e-04 5.005823e-02
28 1.293827e-04 3.045294e-02
29 1.575012e-03 3.842693e-01
30 4.530653e-06 7.463686e-03
31 4.591741e-04 3.370238e-02
32 5.145496e-04 1.817727e-01
33 1.067891e-04 1.357326e-02
34 2.558945e-05 5.866770e-03
35 1.913894e-03 1.783694e-01
36 3.577297e-04 4.065040e-02
37 4.974465e-03 4.236381e-01
38 4.301944e-03 5.512784e-01
39 1.740371e-03 4.036904e-01
40 3.889575e-04 1.660231e-01
41 4.088971e-06 6.875437e-03
42 4.013516e-03 4.908825e-01
43 1.043924e-05 1.124187e-02
44 1.952025e-06 2.833360e-03
45 4.932708e-07 2.655632e-03
46 1.212502e-07 1.421995e-03
47 1.909700e-06 6.189756e-03
48 3.286799e-06 7.023972e-03
49 1.439552e-06 8.985968e-03
50 4.849355e-05 2.870211e-02
51 9.124137e-07 3.088790e-03
52 9.853552e-07 5.578222e-03
53 1.242167e-06 5.632299e-03
54 1.080786e-06 4.255112e-03
55 9.389924e-07 3.335973e-03
56 7.557300e-05 1.779346e-02
57 3.433504e-04 3.074582e-02
58 8.174813e-08 1.709294e-03
59 3.195748e-05 9.465703e-03
60 8.573498e-07 2.289819e-03
61 9.618709e-07 4.151569e-03
62 2.434780e-07 1.240167e-03
63 2.156883e-06 5.435761e-03
64 3.223022e-06 1.167224e-02
65 4.017765e-06 2.534494e-03
66 1.069829e-06 4.733722e-03
67 5.834239e-07 4.757290e-03
68 2.183111e-05 1.004570e-02
69 1.406321e-05 7.553329e-03
70 5.083637e-04 2.373894e-01
71 4.341346e-08 4.410476e-03
72 8.841917e-05 1.821747e-02
73 9.273313e-06 3.589766e-03
74 2.738231e-06 5.626939e-03
75 2.959522e-06 5.494089e-03
76 4.405047e-06 5.972054e-03
77 7.090469e-06 4.146163e-03
78 1.374057e-04 3.101758e-02
79 1.618820e-05 1.098261e-02
80 1.605293e-04 6.806553e-02
81 1.137718e-06 3.068613e-03
82 5.866513e-05 3.438462e-02
83 2.167600e-07 2.516627e-03
84 1.233264e-05 1.284710e-02
85 2.260705e-06 7.637234e-03
86 8.435896e-05 1.122467e-02
87 1.973848e-03 1.255338e-01
88 3.751863e-08 2.771127e-03
89 1.230172e-04 2.606200e-02
90 3.213661e-04 1.095972e-01
91 5.721249e-05 1.391692e-02
92 8.470658e-05 6.201609e-02
93 1.615822e-04 3.022020e-02
94 5.367449e-06 8.790807e-03
95 5.263376e-07 5.346775e-03
96 6.463286e-05 8.539039e-03
97 2.079469e-05 1.195303e-02
98 8.531370e-05 8.386705e-03
99 1.736327e-03 2.809378e-01
100 2.279324e-03 4.033718e-01
101 2.342443e-04 9.686459e-02
102 7.116725e-06 5.815714e-03
103 8.267723e-04 1.636222e-01
104 4.853296e-06 2.452927e-02
105 1.094438e-03 4.632487e-02
106 1.256310e-04 5.004875e-02
107 3.897872e-06 1.191568e-02
108 1.157651e-04 1.079963e-01
109 9.101323e-06 1.188518e-02
110 3.721303e-06 4.096596e-03
111 2.028431e-06 1.074700e-02
112 3.402770e-06 1.950378e-02
113 5.911326e-04 6.816715e-02
114 1.828761e-05 9.257976e-03
115 5.780120e-05 1.593813e-02
116 1.808488e-04 6.128562e-02
117 2.040395e-05 6.072701e-03
118 4.271367e-07 3.663890e-03
119 4.430028e-03 2.961369e-01
120 8.567744e-05 1.642617e-02
121 1.362526e-05 8.533610e-03
122 1.348115e-06 5.015844e-03
123 2.353249e-04 3.293966e-02
124 2.359120e-05 1.122532e-02
125 3.622265e-04 1.238309e-01
126 6.403826e-05 6.771230e-03
127 5.087576e-06 1.124468e-02
128 7.818715e-04 3.336351e-01
129 1.190771e-03 2.794882e-01
130 1.466021e-04 6.143941e-02
131 5.505357e-04 1.267834e-01
132 1.651061e-05 2.735678e-02
133 3.203805e-03 6.145787e-01
134 5.362808e-05 1.623906e-02
135 1.193248e-03 1.156272e-01
136 6.281555e-08 2.284830e-03
137 1.425482e-06 1.284586e-02
138 3.325085e-06 3.803279e-03
139 1.393893e-05 8.684985e-03
140 1.322933e-04 2.454838e-02
141 3.798666e-06 7.118842e-03
142 6.634354e-04 9.052611e-02
143 8.239603e-05 8.257302e-02
144 7.581697e-04 1.624764e-01
145 6.634984e-05 4.458178e-02
146 3.595883e-05 1.198193e-02
147 1.480144e-04 5.650697e-02
148 1.037122e-05 5.769180e-03
149 3.493461e-05 6.881033e-02
150 3.885382e-04 6.189180e-02
151 1.470673e-04 2.599117e-02
152 5.210599e-05 3.348535e-02
153 1.866985e-05 9.153296e-03
154 1.702582e-05 1.333476e-02
155 2.128399e-06 2.863523e-03
156 1.876733e-05 1.260659e-02
157 1.241776e-05 1.280991e-02
158 1.502791e-08 3.779666e-03
159 6.318418e-06 1.761685e-02
160 2.590319e-06 9.440371e-03
161 4.243606e-06 4.711569e-03
162 4.988747e-05 1.621193e-02
163 1.726040e-05 1.643934e-02
164 4.281288e-05 6.224233e-03
165 1.397472e-06 1.650027e-03
166 2.450306e-06 2.091852e-03
167 9.834576e-06 7.221301e-03
168 5.856127e-06 4.514801e-03
169 1.516378e-04 2.089068e-02
170 1.351648e-05 5.768845e-03
171 7.630365e-05 3.744471e-02
172 1.176610e-03 1.626361e-01
173 1.698379e-04 6.916736e-02
174 2.243668e-04 1.425483e-01
175 6.014816e-08 1.262194e-03
176 2.059369e-05 1.198014e-02
177 1.629417e-07 3.181796e-03
178 2.017909e-06 7.705007e-03
179 5.903199e-05 1.114429e-02
180 5.683558e-08 1.275443e-03
181 1.401398e-04 9.298258e-02
182 3.018206e-04 2.458630e-02
183 1.047996e-04 2.374654e-02
184 1.021975e-05 8.084216e-03
185 1.069942e-07 1.519730e-03
186 6.062313e-05 4.711980e-02
187 1.673357e-03 4.780495e-01
188 1.639872e-04 3.186748e-02
189 9.198170e-05 1.125909e-02
190 8.629968e-06 4.980062e-03
191 2.522599e-06 6.717043e-03
192 3.754098e-06 5.735541e-03
193 1.157569e-06 6.241490e-03
194 6.078972e-06 5.970031e-03
195 8.387972e-05 2.011331e-02
196 3.260824e-06 7.779868e-03
197 8.406863e-06 2.091028e-02
198 3.268205e-05 1.281740e-02
199 1.668505e-05 1.579681e-02
200 2.737935e-04 7.093304e-02
201 7.627952e-05 8.308638e-02
202 3.053803e-05 1.251297e-02
203 1.823397e-04 1.646829e-01
204 6.676388e-07 3.993091e-03
205 4.717833e-04 3.182865e-02
206 4.298655e-05 1.928634e-02
207 6.921261e-06 3.121598e-02
208 6.098678e-05 8.501185e-02
209 4.705011e-04 5.596878e-02
210 5.082036e-05 5.430150e-02
211 6.249813e-04 6.248066e-02
212 3.753122e-06 4.849734e-03
213 2.867174e-05 1.460412e-02
214 9.217095e-06 1.279441e-02
215 2.705216e-06 1.228685e-02
216 2.674864e-05 3.668317e-02
217 1.852094e-06 2.645070e-03
218 2.420366e-06 4.534710e-03
219 6.278247e-07 2.466161e-03
220 1.305578e-03 1.857904e-01
221 2.716201e-06 5.548816e-03
222 3.806544e-04 2.906741e-02
223 3.594579e-04 6.940083e-02
224 3.374735e-07 2.287910e-03
225 3.514782e-07 3.212989e-03
226 1.159049e-05 1.158420e-02
227 1.106587e-06 4.192637e-03
228 5.520355e-06 5.591190e-03
229 1.039430e-05 1.759669e-02
230 1.327287e-03 2.316234e-01
231 4.017218e-08 2.039820e-03
232 3.579306e-03 4.758762e-01
233 4.111703e-06 9.133350e-03
234 1.104474e-05 4.652798e-03
235 2.576823e-07 7.395164e-03
236 2.436060e-04 2.534420e-02
237 2.460774e-03 1.668894e-01
238 6.830398e-07 5.036684e-03
239 8.595344e-05 8.306294e-03
240 1.155487e-04 6.542485e-02
241 2.440025e-03 3.873662e-01
242 7.185733e-05 2.810571e-02
243 6.730406e-07 4.405256e-03
244 3.105961e-07 1.867543e-03
245 9.420575e-08 1.276410e-03
246 2.702907e-04 9.561357e-02
247 8.751888e-04 4.186366e-02
248 8.951343e-04 1.833428e-01
249 9.583706e-04 2.026769e-01
250 8.388783e-04 1.161019e-01
251 9.922241e-08 1.290966e-03
252 1.441410e-06 8.705542e-03
253 2.168821e-06 4.127906e-03
254 8.864856e-05 1.804595e-02
255 1.269417e-05 8.498440e-03
256 1.618537e-07 2.431201e-03
257 6.834370e-06 4.929053e-03
258 7.512750e-05 4.776821e-02
259 2.385596e-07 1.436756e-03
260 1.016732e-05 9.187408e-03
261 1.666772e-05 7.352973e-03
262 4.788177e-07 1.630001e-03
263 1.955547e-05 3.883666e-03
264 3.166057e-05 2.872039e-02
265 1.291825e-04 7.125449e-02
266 8.965428e-06 1.158541e-02
267 6.007769e-06 1.949827e-02
268 1.197073e-05 6.366064e-03
269 7.396117e-04 1.080447e-01
270 2.762401e-07 3.600346e-03
271 5.398899e-05 1.613486e-02
272 2.230465e-05 9.911354e-03
273 9.833671e-05 9.619561e-02
274 3.542508e-08 1.877692e-03
275 4.206287e-05 3.797027e-02
276 1.859583e-05 1.758967e-02
277 2.629229e-07 4.004848e-03
278 8.711778e-04 7.268723e-02
279 1.733776e-05 4.640148e-03
280 5.820860e-04 3.703192e-02
281 5.906388e-04 7.203280e-02
282 2.354938e-06 2.032254e-03
283 2.302383e-06 6.392307e-03
284 4.799851e-07 4.724749e-03
285 5.170453e-06 8.902136e-03
286 2.800897e-06 5.848450e-03
287 6.816229e-07 5.054798e-03
288 7.514081e-07 2.172320e-03
289 8.376629e-04 1.947389e-01
290 2.395409e-08 1.420695e-03
291 1.833807e-05 1.724303e-02
292 1.337062e-03 2.744790e-01
293 4.862311e-06 5.297257e-03
294 1.010442e-06 4.336003e-03
295 7.145449e-07 1.778750e-02
296 1.458117e-04 1.138297e-01
297 6.942454e-06 1.703428e-02
298 4.988418e-06 5.333609e-03
299 6.935962e-06 4.129100e-03
300 9.878109e-06 1.499650e-02
301 4.174121e-04 2.823591e-01
302 6.452326e-07 3.547433e-03
303 8.164421e-06 2.000871e-02
304 1.016442e-03 4.370473e-02
305 2.755073e-05 1.066991e-02
306 2.616720e-05 1.683505e-02
307 1.534088e-03 1.417085e-01
308 9.944427e-07 1.077884e-02
309 1.918030e-03 1.174837e-01
310 1.767654e-04 1.547577e-02
311 4.834493e-05 1.046536e-02
312 2.318424e-05 4.504791e-03
313 3.494253e-03 5.089518e-01
314 6.661067e-06 3.025454e-03
315 2.519676e-07 4.732736e-03
316 4.778197e-03 3.017629e-01
317 3.122841e-04 1.875787e-01
318 3.150160e-04 1.587460e-01
319 3.784338e-04 5.791213e-02
320 1.262376e-04 3.261605e-02
321 1.559871e-03 2.467521e-01
322 3.159885e-08 6.873310e-03
323 2.600496e-05 2.337000e-02
324 2.620788e-06 5.293909e-03
325 4.822951e-07 5.279449e-03
326 1.667472e-05 4.374783e-02
327 2.075658e-03 4.687882e-01
328 3.766976e-04 1.119841e-01
329 1.724198e-03 1.573860e-01
330 3.175987e-05 8.736730e-03
331 5.942780e-05 2.523289e-02
332 4.167786e-04 2.056716e-01
333 6.285291e-06 1.659040e-02
334 4.972030e-05 4.472510e-02
335 1.030073e-07 2.162501e-03
336 2.072775e-05 9.241014e-03
337 1.804209e-05 1.267357e-02
338 4.395497e-04 5.259549e-02
339 6.470982e-04 1.606695e-01
340 6.154750e-06 1.368607e-02
341 4.470488e-06 1.016907e-02
342 7.396017e-06 5.354830e-03
343 1.011245e-05 3.857920e-02
344 5.051972e-05 9.864565e-03
345 4.653619e-03 4.020622e-01
346 2.484340e-03 1.835300e-01
347 9.930209e-07 4.150711e-03
348 7.647734e-05 3.099469e-02
349 8.174843e-06 7.027832e-03
350 3.337771e-06 2.977048e-03
351 2.302449e-03 5.548174e-01
352 4.787531e-04 2.020180e-01
353 1.438347e-07 1.277921e-03
354 6.024710e-04 1.037910e-01
355 2.843412e-05 2.117844e-02
356 2.949099e-03 1.684083e-01
357 2.770637e-04 6.397864e-02
358 1.190926e-05 4.262154e-03
359 8.350038e-06 1.150074e-02
360 1.145554e-03 9.342315e-02
361 3.328613e-04 1.018406e-01
362 1.238083e-04 3.580787e-02
363 7.346250e-05 2.688647e-02
364 2.520029e-05 4.977768e-02
365 4.262186e-05 3.828729e-02
366 3.066925e-05 1.979066e-02
367 5.653096e-06 1.681427e-02
368 7.058039e-06 1.162137e-02
369 2.173072e-05 1.105860e-02
370 2.067665e-05 1.647461e-02
371 8.766859e-05 8.380711e-02
372 4.470776e-06 3.644831e-02
373 2.055481e-04 3.957815e-02
374 5.208748e-07 6.320573e-03
375 6.406078e-07 1.396379e-03
376 4.437838e-06 3.526272e-03
377 3.845868e-03 2.061505e-01
378 8.260654e-05 1.513441e-02
379 4.826550e-05 4.333364e-03
380 2.454684e-05 1.828739e-02
381 2.827490e-03 3.158867e-01
382 2.560521e-05 9.892280e-03
383 1.859530e-04 1.143082e-01
384 6.065202e-05 1.510138e-02
385 1.635330e-03 3.260934e-01
386 3.552259e-05 8.884969e-03
387 5.859766e-06 1.951692e-02
388 1.485344e-06 3.943419e-03
389 1.015853e-05 1.047410e-02
390 5.625762e-08 4.435417e-03
391 1.117499e-04 1.858164e-02
392 2.060197e-05 2.665317e-02
393 6.534975e-08 2.651137e-03
394 2.898455e-03 4.362681e-01
395 7.373895e-07 1.743724e-03
396 4.706106e-05 3.482957e-02
397 2.983495e-05 2.009647e-02
398 1.617938e-07 2.555190e-03
399 6.644900e-06 8.735747e-03
400 4.416693e-03 1.017636e+00
401 4.291056e-05 2.279153e-02
402 1.618049e-03 3.748658e-01
403 5.013864e-05 2.855225e-02
404 5.335298e-05 2.410505e-02
405 5.366011e-06 4.822861e-03
406 1.326902e-04 2.517015e-01
407 1.366351e-04 8.231277e-02
408 2.867271e-03 3.177628e-01
409 1.720790e-04 7.524452e-02
410 4.973538e-06 1.438901e-02
411 1.398451e-04 1.713482e-02
412 5.712035e-06 1.137771e-02
413 3.715138e-03 2.510491e-01
414 5.333403e-05 9.188774e-03
415 7.613371e-07 1.923880e-03
416 2.511437e-04 1.130457e-01
417 1.769851e-06 2.375609e-03
418 1.752030e-03 1.730742e-01
419 1.553890e-03 4.741497e-01
420 3.003758e-05 8.129226e-03
421 5.514237e-05 1.323253e-02
422 3.823732e-05 2.671755e-02
423 4.051347e-05 9.649470e-03
424 4.234986e-04 4.426872e-02
425 2.187837e-05 9.249344e-03
426 6.028731e-07 3.734492e-03
427 3.147485e-04 1.354778e-01
428 1.231312e-04 2.183256e-02
429 1.527532e-03 1.692013e-01
430 7.249795e-07 1.646231e-03
431 1.508242e-07 4.147217e-03
432 1.715732e-04 1.034362e-01
433 5.623158e-08 1.252764e-03
434 2.960518e-06 5.048432e-03
435 1.868108e-06 5.267228e-03
436 3.695080e-07 2.344248e-03
437 5.980264e-04 9.617027e-02
438 1.068263e-06 5.803072e-03
439 2.540267e-06 4.457005e-03
440 6.092059e-07 4.235446e-03
441 1.842681e-05 3.868817e-02
442 7.109998e-06 6.626597e-03
443 4.448837e-06 5.024149e-03
444 7.234715e-05 4.235423e-02
445 3.727541e-04 7.279144e-02
446 1.646015e-05 1.635256e-02
447 5.857037e-07 2.459078e-03
448 1.273929e-06 2.498466e-03
449 4.604851e-07 2.328069e-03
450 3.555328e-06 3.490069e-03
451 2.830632e-07 1.287628e-03
452 4.681605e-05 9.715141e-03
453 9.516023e-06 4.156126e-03
454 5.990353e-05 2.972767e-02
455 2.619744e-04 6.718451e-02
456 9.542322e-07 5.567134e-03
457 1.120228e-04 2.326280e-02
458 2.362102e-04 4.244797e-02
459 1.648115e-04 4.082209e-02
460 4.178841e-06 3.573688e-03
461 6.418619e-05 3.454448e-02
462 1.416496e-03 1.559304e-01
463 1.026389e-04 6.089420e-02
464 1.793558e-05 5.418766e-03
465 5.226164e-07 1.814156e-03
466 2.204343e-07 2.718651e-03
467 2.239563e-03 1.566587e-01
468 1.892389e-07 5.927187e-03
469 4.372884e-04 4.568866e-02
470 6.453947e-05 1.543277e-02
471 1.157845e-04 2.609723e-02
472 2.093965e-05 4.901582e-03
473 2.637420e-05 1.265289e-02
474 3.366571e-06 4.133599e-03
475 1.100471e-04 2.577120e-02
476 1.467318e-07 2.272373e-03
477 5.171519e-04 3.894798e-02
478 1.036365e-07 3.579647e-03
479 2.119886e-07 1.836393e-03
480 5.727389e-05 1.161945e-02
481 1.932225e-06 8.071034e-03
482 5.601007e-04 1.396588e-01
483 7.937205e-08 1.188405e-03
484 5.457320e-07 1.931023e-03
485 1.124769e-04 8.004141e-02
486 5.852359e-06 5.098919e-03
487 1.908554e-04 7.897499e-02
488 9.496945e-06 6.168901e-03
489 1.919688e-05 1.006611e-02
490 4.830102e-05 4.537953e-02
491 5.769055e-06 1.037441e-02
492 1.254116e-05 4.237756e-03
493 1.264030e-06 2.326094e-03
494 3.057305e-04 3.380138e-02
495 1.052368e-03 1.057827e-01
496 6.640182e-04 1.777399e-01
497 9.154087e-05 1.125416e-01
498 4.449470e-05 3.950430e-02
499 1.582204e-05 7.647350e-03
500 5.089784e-07 9.698049e-03
501 1.920067e-03 3.295547e-01
502 3.802007e-05 1.769092e-02
503 1.394625e-04 4.445226e-02
504 5.382105e-03 2.950732e-01
505 1.972954e-06 6.076541e-03
506 6.708359e-06 1.277652e-02
507 6.606383e-06 9.314008e-03
508 2.879125e-05 1.214424e-02
509 2.906525e-04 2.891376e-01
510 9.140818e-07 9.790398e-03
511 1.144422e-06 4.774273e-03
512 9.599787e-07 2.010978e-03
513 7.932759e-05 2.800015e-02
514 5.442980e-06 1.960072e-02
515 2.865283e-05 5.573864e-02
516 1.733962e-04 5.579612e-02
517 7.199541e-06 6.847513e-03
518 1.562283e-06 4.504173e-03
519 4.593211e-06 1.051731e-02
520 8.583172e-08 1.498650e-03
521 4.560751e-05 2.650868e-02
522 2.471065e-06 3.215437e-03
523 6.838581e-06 7.707633e-03
524 4.427516e-04 5.354001e-02
525 1.839949e-04 6.030205e-02
526 1.326999e-05 1.598447e-02
527 1.988280e-04 1.380907e-01
528 3.675541e-04 2.504541e-02
529 4.768815e-04 7.793057e-02
530 1.533963e-04 1.801053e-02
531 7.694107e-09 1.573910e-03
532 4.235451e-06 9.409893e-03
533 6.621617e-07 2.678638e-03
534 1.126737e-04 8.179344e-02
535 6.893161e-04 2.028594e-01
536 2.581816e-04 3.559605e-02
537 3.844788e-04 2.158026e-01
538 3.026384e-05 9.214910e-02
539 5.547245e-05 4.955387e-02
540 4.991093e-05 2.731391e-02
541 7.267166e-03 4.041060e-01
542 2.108380e-05 1.012737e-02
543 1.639852e-05 3.165373e-03
544 4.393603e-04 5.709677e-02
545 2.081825e-06 9.417802e-03
546 1.121262e-05 1.378416e-02
547 4.771266e-05 4.436142e-02
548 3.283569e-05 1.296801e-02
549 8.612757e-06 2.805721e-02
550 4.427000e-08 5.835728e-03
551 4.054362e-05 7.578935e-03
552 3.562336e-07 2.603542e-03
553 4.081654e-06 7.021121e-03
554 4.472202e-08 3.017786e-03
555 7.069176e-05 6.670470e-02
556 1.658276e-05 6.842918e-03
557 4.464711e-04 6.556626e-02
558 2.242196e-06 8.075839e-03
559 3.902257e-04 3.481638e-02
560 6.371186e-07 3.326187e-03
561 1.298746e-05 3.242828e-02
562 1.020699e-06 1.649157e-03
563 4.645750e-03 8.247915e-01
564 3.202278e-03 4.883134e-01
565 5.199515e-06 3.293017e-03
566 4.640957e-05 1.647865e-02
567 1.243588e-04 4.504988e-02
568 1.731099e-04 7.535172e-02
569 8.114030e-06 9.398554e-03
570 1.071175e-04 4.437564e-02
571 1.560430e-04 2.637309e-02
572 8.732503e-05 4.683732e-02
573 2.277902e-04 6.494759e-02
574 4.451039e-06 5.129779e-03
575 1.727693e-06 3.982309e-03
576 6.024039e-06 8.716291e-03
577 7.974925e-08 2.682234e-03
578 1.325554e-06 3.736223e-03
579 4.775614e-05 1.294289e-02
580 6.820837e-07 5.852556e-03
581 2.324702e-04 6.136531e-02
582 7.433117e-06 1.464856e-02
583 1.642249e-03 3.575203e-01
584 3.322320e-04 5.217684e-02
585 1.674515e-04 3.938698e-02
586 7.301671e-04 4.503836e-02
587 2.997095e-05 1.072743e-02
588 3.857379e-05 5.438054e-02
589 4.282643e-05 1.399001e-02
590 8.324249e-06 1.204102e-02
591 1.794219e-05 2.566650e-02
592 1.397815e-03 3.288693e-01
593 3.847617e-06 8.841711e-03
594 1.803367e-04 7.634146e-02
595 5.062295e-06 5.360278e-03
596 2.165093e-07 1.357318e-03
597 1.145081e-06 2.157404e-03
598 3.695689e-05 3.606282e-02
599 8.155918e-06 1.557980e-02
600 1.097963e-05 4.249026e-03
601 1.776999e-06 4.098657e-03
602 3.829760e-05 1.966701e-02
603 6.260830e-05 2.361124e-02
604 7.403182e-07 2.043359e-03
605 6.267850e-04 7.361468e-02
606 2.938255e-04 1.867263e-02
607 2.148324e-06 5.105064e-03
608 3.513645e-05 1.051897e-02
609 3.645715e-05 1.312734e-02
610 7.397360e-05 1.365887e-02
611 1.306293e-06 2.475336e-03
612 4.954208e-05 3.399438e-02
613 7.314320e-07 5.311502e-03
614 2.601047e-06 5.253655e-03
615 1.580850e-07 5.934383e-03
616 1.601650e-04 1.625858e-02
617 1.524073e-05 1.340643e-02
618 1.055516e-06 8.351102e-03
619 6.553466e-06 6.078817e-03
620 6.008867e-07 3.795368e-03
621 1.502256e-06 3.323325e-03
622 4.743964e-04 1.018943e-01
623 1.887441e-05 1.446726e-02
624 1.683756e-06 4.204904e-03
625 6.464846e-06 1.157185e-02
626 2.255266e-06 6.114631e-03
627 1.523594e-06 3.552842e-03
628 1.516839e-04 2.373661e-02
629 1.914311e-06 1.924195e-03
630 2.521642e-05 1.026547e-02
631 1.406497e-05 1.019069e-02
632 1.289558e-07 1.246133e-03
633 5.981980e-04 2.475994e-01
634 4.042208e-05 1.985653e-02
635 2.850371e-06 8.481061e-03
636 5.638356e-06 2.062281e-02
637 3.926334e-06 1.145076e-02
638 7.840272e-07 2.152483e-03
639 5.234840e-07 1.565612e-03
640 7.439370e-07 2.409783e-03
641 2.153336e-07 1.515715e-03
642 2.596199e-06 5.205938e-03
643 9.888065e-05 7.325212e-02
644 5.904331e-04 6.428900e-02
645 2.798380e-05 3.427075e-02
646 1.420911e-06 1.398113e-02
647 1.578330e-05 5.207351e-03
648 3.493696e-05 2.864567e-02
649 1.883784e-03 2.837703e-01
650 6.229871e-06 4.340962e-03
651 1.065858e-06 8.341846e-03
652 9.417717e-05 3.621667e-02
653 4.320762e-07 4.755924e-03
654 3.961287e-06 4.601659e-03
655 5.914037e-06 8.776621e-03
656 4.274937e-07 2.756743e-03
657 5.299149e-05 1.491241e-02
658 6.153246e-04 3.029425e-02
659 3.426515e-05 1.447242e-02
660 3.275683e-04 8.213150e-02
661 1.038739e-06 5.442538e-03
662 1.692252e-03 5.883192e-02
663 2.775648e-03 4.371209e-01
664 3.625776e-04 3.973940e-02
665 6.961284e-06 8.767031e-03
666 4.461916e-05 1.088021e-02
667 3.413180e-05 5.520657e-03
668 3.907001e-04 8.639751e-02
669 7.939352e-04 6.554543e-02
670 1.217597e-06 9.305226e-03
671 7.492162e-06 1.840751e-02
672 1.766939e-05 2.406448e-02
673 1.119982e-05 9.630118e-03
674 2.572987e-06 2.020314e-03
675 1.295924e-04 1.218960e-01
676 2.642673e-06 5.309361e-03
677 8.776332e-09 1.338691e-03
678 2.281619e-05 5.253417e-03
679 6.885432e-04 9.885454e-02
680 1.528170e-04 2.265186e-02
681 3.682942e-04 4.597726e-02
682 5.105268e-05 8.219087e-03
683 2.795137e-05 2.914669e-02
684 2.689031e-05 1.644892e-02
685 2.376573e-07 2.164836e-03
686 1.915353e-05 1.778525e-02
687 5.813746e-04 3.386427e-01
688 4.884108e-05 2.200775e-02
689 4.568129e-06 9.944084e-03
690 3.364304e-07 1.997962e-03
691 8.628291e-04 5.986956e-02
692 8.436105e-07 2.816775e-03
693 3.254456e-05 1.855767e-02
694 3.454983e-04 5.396479e-02
695 1.834857e-03 1.748169e-01
696 1.958790e-03 4.489033e-01
697 4.177063e-06 7.403276e-03
698 1.539943e-04 1.183658e-01
699 1.575268e-07 1.525242e-03
700 2.447169e-05 3.974613e-02
701 4.783342e-05 1.543995e-02
702 8.231739e-08 1.227374e-03
703 6.419696e-07 3.984481e-03
704 7.325775e-09 1.311355e-03
705 4.747132e-04 4.375350e-02
706 9.742630e-07 1.694591e-03
707 1.407272e-04 3.465228e-02
708 2.036772e-08 4.995555e-03
709 3.530418e-08 2.938377e-03
710 3.969382e-06 6.138640e-03
711 7.448494e-08 1.202690e-03
712 3.116273e-06 4.519665e-03
713 1.842599e-06 6.383631e-03
714 4.148388e-08 2.448050e-03
715 6.653327e-05 1.293221e-02
716 1.267785e-04 1.293569e-02
717 2.598968e-06 5.239745e-03
718 4.396751e-09 2.642109e-03
719 1.914628e-03 2.585700e-01
720 4.491053e-09 1.188122e-03
721 3.032698e-05 2.873092e-03
722 3.274392e-08 2.731675e-03
723 7.228790e-06 1.599676e-02
724 2.869304e-06 3.332967e-03
725 1.231406e-07 1.462842e-03
726 1.581459e-04 2.442247e-02
727 3.450220e-07 4.360862e-03
728 1.637076e-05 7.191030e-03
729 1.048944e-06 7.271868e-03
730 1.573523e-06 2.671663e-03
731 2.692906e-04 6.547362e-02
732 1.343644e-08 1.364257e-03
733 2.946186e-10 9.157462e-04
734 1.900317e-06 2.909098e-03
735 1.251663e-06 3.361480e-03
736 6.660572e-05 1.232512e-02
737 3.239793e-08 1.362505e-03
738 1.229921e-04 7.333406e-02
739 1.134216e-06 3.478039e-03
740 9.605454e-05 1.661487e-02
741 4.274510e-06 8.159184e-03
742 4.681103e-05 1.456988e-02
743 2.067087e-03 3.442979e-01
744 7.650287e-08 2.636143e-03
745 6.535034e-07 2.506112e-03
746 2.295319e-05 1.176290e-02
747 8.258464e-05 1.125752e-02
748 1.882376e-04 3.989881e-02
749 1.574617e-04 1.604706e-01
750 7.051760e-06 6.521801e-03
751 1.284218e-05 1.110817e-02
752 2.291344e-07 1.938851e-03
753 3.695691e-07 2.974007e-03
754 3.248088e-04 8.158524e-02
755 3.181590e-05 1.702102e-02
756 1.710708e-04 1.930764e-02
757 5.145936e-08 1.514381e-03
758 7.711735e-05 1.390464e-02
759 4.618661e-05 1.586942e-02
760 1.047021e-06 2.225815e-03
761 6.184057e-05 1.341873e-02
762 1.070970e-05 1.211003e-02
763 1.084583e-07 1.961407e-03
764 3.284803e-06 9.717078e-03
765 2.830170e-08 1.044069e-02
766 9.370412e-07 5.372276e-03
767 4.613332e-06 5.610122e-03
768 6.763439e-05 1.248912e-02
769 3.531216e-06 6.965878e-03
770 2.023586e-04 3.747536e-02
771 5.032113e-06 3.403189e-03
772 2.104462e-08 1.549615e-03
773 1.926014e-06 1.600629e-02
774 4.056975e-07 1.937554e-03
775 7.824889e-05 7.172199e-02
776 2.199769e-04 4.379928e-02
777 1.733636e-04 2.161811e-02
778 1.163949e-05 2.106956e-02
779 4.032190e-04 5.418314e-02
780 1.130086e-05 1.033874e-02
781 4.767914e-05 2.864697e-02
782 4.466966e-06 3.633853e-03
783 1.084765e-05 7.637802e-03
784 2.048573e-06 5.961942e-03
785 5.340414e-05 1.373106e-02
786 2.496828e-05 1.913376e-02
787 3.209496e-05 1.348414e-02
788 4.292612e-05 1.691242e-02
789 4.246882e-08 1.346593e-03
790 3.770062e-04 8.356134e-02
791 4.843838e-05 7.382459e-03
792 2.837768e-06 4.608028e-03
793 2.046417e-05 8.092557e-03
794 4.876767e-06 4.656035e-03
795 9.960723e-04 4.476161e-01
796 2.234662e-07 3.122736e-03
797 5.420321e-04 1.549162e-01
798 1.285381e-03 2.377447e-01
799 3.867974e-06 3.808158e-03
800 1.280164e-04 2.184116e-02
801 9.942490e-07 4.056062e-03
802 5.701999e-05 3.475516e-02
803 5.611101e-04 6.946316e-02
804 3.253023e-05 1.452283e-02
805 7.226554e-07 3.968630e-03
806 5.974582e-04 8.368346e-02
807 1.345780e-04 4.924388e-02
808 2.445830e-06 3.435095e-03
809 1.202046e-03 2.124909e-01
810 2.891302e-05 7.302486e-03
811 1.611458e-05 2.576157e-02
812 1.212958e-06 6.774666e-03
813 2.280843e-06 5.595189e-03
814 2.768315e-05 8.637064e-03
815 4.372095e-05 2.301049e-02
816 7.155884e-04 8.607574e-02
817 1.961686e-03 2.986634e-01
818 2.650494e-06 3.497093e-03
819 1.115292e-04 8.811154e-02
820 2.091675e-04 3.037810e-02
821 3.472982e-05 2.498441e-02
822 1.630416e-07 3.549883e-03
823 3.166511e-06 9.221964e-03
824 2.903698e-05 2.495401e-02
825 2.704412e-05 2.404636e-02
826 1.596014e-05 6.748768e-03
827 1.638065e-05 4.332794e-03
828 6.298292e-05 2.814204e-02
829 3.439570e-05 1.259473e-02
830 1.748058e-03 1.090268e-01
831 4.326095e-05 7.115995e-03
832 1.495680e-05 6.616896e-03
833 5.134516e-06 2.086680e-02
834 2.125340e-05 2.055608e-02
835 1.806301e-07 2.241361e-03
836 3.350890e-08 1.025398e-03
837 4.177958e-06 1.439603e-02
838 2.142162e-05 3.467196e-03
839 2.181696e-05 1.434901e-02
840 4.572982e-05 3.432800e-02
841 8.926976e-05 2.225979e-02
842 1.123994e-03 2.572807e-01
843 6.202642e-05 2.060107e-02
844 2.439343e-05 3.483228e-02
845 2.730074e-05 3.213955e-02
846 2.496770e-04 1.177887e-02
847 7.933898e-05 9.977037e-03
848 2.589070e-04 6.833675e-02
849 5.502994e-06 5.642098e-03
850 4.037909e-03 4.950320e-01
851 4.742792e-05 9.891024e-03
852 9.809535e-04 1.543853e-01
853 2.563236e-03 9.974498e-02
854 1.419087e-04 6.794167e-02
855 7.108912e-04 1.132790e-01
856 1.365976e-04 2.880259e-02
857 7.970343e-04 1.723960e-01
858 2.123616e-06 1.936249e-02
859 5.638615e-07 3.854557e-03
860 7.514743e-05 3.588430e-02
861 1.193408e-07 1.637497e-03
862 4.542745e-05 1.706906e-02
863 2.705841e-04 3.186880e-02
864 9.309257e-06 7.174393e-03
865 5.680802e-04 5.425502e-02
866 5.591802e-04 1.040188e-01
867 2.551421e-03 3.429603e-01
868 3.969451e-06 6.148738e-03
869 7.853403e-06 3.214092e-02
870 4.945864e-05 3.925766e-02
871 2.453081e-05 2.516218e-02
872 9.709467e-04 1.646531e-01
873 5.346542e-05 6.727887e-02
874 5.283658e-04 9.603229e-02
875 9.824807e-06 5.263744e-03
876 2.327485e-09 1.062507e-03
877 9.730342e-07 9.323027e-03
878 1.203540e-03 1.774124e-01
879 2.882480e-04 6.030749e-02
880 5.048343e-06 9.844494e-03
881 6.554809e-08 2.287731e-03
882 1.359655e-04 5.182781e-02
883 1.327421e-03 2.854473e-01
884 2.852021e-04 5.700330e-02
885 3.621399e-04 5.334558e-02
886 4.496235e-07 7.823559e-03
887 8.539714e-06 1.312761e-02
888 8.076393e-06 1.215206e-02
889 6.443983e-06 2.267755e-02
890 1.488460e-05 2.296240e-02
891 7.578262e-04 1.765606e-01
892 2.449243e-07 2.846706e-03
893 5.879865e-05 3.422819e-02
894 7.682466e-06 6.000220e-03
895 1.727244e-04 5.424883e-02
896 5.552686e-06 5.423267e-02
897 2.245910e-04 4.779212e-02
898 1.215958e-05 7.839619e-03
899 3.807571e-06 1.379600e-02
900 3.542138e-05 1.567142e-02
901 1.489220e-04 6.622370e-02
902 1.040723e-06 2.055493e-03
903 9.598538e-05 3.108614e-02
904 2.277075e-06 2.101961e-02
905 6.318564e-07 6.653173e-03
906 3.096799e-06 8.135788e-03
907 7.959187e-07 2.049773e-03
908 6.956113e-07 8.959325e-03
909 1.228882e-04 2.386824e-02
910 9.374254e-05 2.488357e-02
911 2.004405e-06 2.111612e-02
912 8.780157e-06 1.011420e-02
913 6.310188e-07 3.370721e-03
914 6.572339e-07 7.473521e-03
915 3.250668e-04 4.266124e-02
916 7.206173e-08 2.825099e-03
917 1.051666e-07 2.387568e-03
918 1.892466e-07 2.628481e-03
919 3.317684e-04 1.522391e-01
920 1.485141e-07 6.478364e-03
921 4.463860e-06 3.472336e-03
922 8.745308e-06 1.600684e-02
923 3.593656e-08 5.130302e-03
924 1.569134e-03 1.435580e-01
925 2.337056e-04 4.495487e-02
926 2.683889e-05 3.317338e-02
927 4.332929e-04 1.041235e-01
928 3.043568e-05 4.230266e-02
929 3.831434e-04 1.048287e-01
930 4.843534e-05 3.426703e-02
931 1.069361e-05 1.169926e-02
932 1.453269e-04 3.754193e-02
933 7.891250e-08 2.968857e-03
934 3.115890e-05 7.458529e-03
935 7.423903e-07 3.522323e-03
936 1.035755e-04 2.476025e-02
937 1.045317e-07 5.813185e-03
938 1.453222e-07 2.372682e-03
939 6.562273e-06 9.711203e-03
940 6.167559e-05 8.906733e-02
941 9.994351e-07 3.310559e-03
942 2.157254e-04 1.140641e-01
943 2.843884e-05 1.912313e-02
944 3.314769e-09 1.972644e-03
945 6.046286e-05 1.974627e-02
946 2.109178e-07 2.218498e-03
947 2.615255e-05 1.786939e-02
948 3.439478e-07 1.511759e-03
949 1.735002e-05 1.653273e-02
950 2.544417e-04 7.025987e-02
951 8.059110e-07 3.010482e-02
952 5.232539e-05 3.684419e-02
953 9.885782e-09 2.417954e-03
954 2.021985e-05 3.388517e-02
955 1.617431e-06 4.051511e-03
956 3.720941e-05 1.503076e-02
957 6.842698e-05 2.383729e-02
958 8.726842e-05 1.895445e-02
959 1.665130e-05 1.952355e-02
960 8.650009e-08 2.432009e-03
961 6.393789e-07 9.501925e-03
962 1.063445e-06 1.072727e-02
963 1.461540e-06 3.485634e-03
964 9.705031e-07 1.867369e-03
965 5.816352e-04 3.117308e-02
966 6.121805e-05 7.073189e-03
967 2.268456e-06 7.752182e-03
968 9.454526e-05 2.688809e-02
969 3.025158e-04 6.570762e-02
970 2.521499e-05 1.615220e-02
971 4.572185e-06 7.049308e-03
972 8.539141e-05 3.201556e-02
973 1.545614e-05 7.549019e-03
974 2.342625e-05 5.362375e-03
975 2.198343e-04 7.932364e-02
976 3.877100e-04 2.382122e-01
977 2.738025e-05 1.013775e-02
978 2.420466e-05 2.225708e-02
979 8.564042e-07 2.879285e-03
980 1.226084e-05 2.007253e-02
981 8.691323e-05 1.542159e-02
982 4.693216e-07 1.368083e-03
983 7.402310e-07 3.769836e-03
984 6.497527e-06 1.895530e-02
985 6.531351e-05 5.681641e-02
986 2.119321e-03 2.535353e-01
987 1.133579e-06 6.141478e-03
988 7.586428e-07 2.040461e-03
989 1.414554e-04 2.172275e-02
990 1.901717e-06 2.216903e-03
991 1.088651e-03 3.296964e-01
992 7.870431e-06 6.385774e-03
993 4.760056e-06 8.899030e-03
994 2.497918e-09 1.343271e-03
995 7.363018e-06 1.478517e-02
996 1.313613e-03 3.274976e-01
997 5.551459e-06 7.482778e-03
998 5.713904e-06 3.598480e-03
999 2.168215e-05 1.695879e-02
1000 4.156710e-09 1.344390e-03
1001 5.379757e-06 8.796603e-03
1002 3.270405e-04 8.660586e-02
1003 7.351055e-05 1.625100e-02
1004 1.336004e-05 3.408476e-02
1005 1.921065e-06 1.972135e-03
1006 1.643704e-04 1.236924e-01
1007 2.083922e-07 2.987568e-03
1008 7.519909e-05 1.154325e-02
1009 7.062070e-07 1.965809e-03
1010 1.561573e-04 1.363941e-02
1011 9.825749e-07 1.725119e-02
1012 8.085742e-04 2.323423e-01
1013 1.801414e-05 1.128835e-02
1014 3.598635e-06 7.558461e-03
1015 4.283491e-05 2.963709e-02
1016 9.511136e-05 1.101608e-02
1017 2.689599e-03 1.811424e-01
1018 8.792761e-05 9.269484e-02
1019 5.507808e-08 1.928498e-03
1020 3.930921e-07 1.101278e-02
1021 6.815807e-06 1.327382e-02
1022 5.853084e-08 1.412945e-03
1023 8.500382e-06 1.700873e-02
1024 1.568885e-05 9.619667e-03
1025 4.107552e-08 1.525883e-03
1026 9.376951e-09 1.937464e-03
1027 1.697113e-05 8.760965e-03
1028 8.321323e-05 8.685504e-02
1029 1.224777e-05 5.623535e-03
1030 1.156044e-06 3.010258e-03
1031 4.660729e-06 9.343356e-03
1032 8.142436e-04 2.122886e-01
1033 7.202949e-08 1.547589e-03
1034 1.056034e-04 1.933269e-02
1035 1.843652e-05 1.277662e-02
1036 5.502392e-04 9.471433e-02
1037 7.591553e-08 3.018252e-03
1038 1.430252e-06 2.985996e-03
1039 1.141314e-05 8.277075e-03
1040 7.757211e-07 3.069284e-03
1041 1.360645e-03 1.632052e-01
1042 2.563210e-05 7.117897e-03
1043 6.949829e-08 1.236800e-03
1044 1.495656e-05 3.314911e-03
1045 1.061160e-07 2.380928e-03
1046 2.928542e-09 1.277316e-03
1047 6.781098e-08 1.277815e-03
1048 1.889063e-06 4.624957e-03
1049 1.775429e-07 1.158122e-03
1050 2.520183e-03 4.601819e-01
1051 9.974490e-05 3.739706e-02
1052 3.064643e-06 2.678576e-03
1053 5.078405e-05 7.986925e-03
1054 9.343964e-08 1.864882e-03
1055 2.668146e-08 1.155874e-03
1056 3.339109e-06 8.633731e-03
1057 4.656249e-05 1.197585e-02
1058 2.030187e-07 1.553471e-03
1059 4.730226e-04 3.645032e-02
1060 4.583903e-08 1.474285e-03
1061 3.515253e-06 2.762481e-03
1062 2.137733e-08 1.139852e-03
1063 1.331698e-05 2.435751e-02
1064 3.786754e-05 4.556889e-02
1065 2.243604e-08 1.806631e-03
1066 8.765170e-08 1.183302e-03
1067 1.325447e-05 1.276991e-02
1068 4.985175e-07 1.754817e-03
1069 2.120156e-06 2.741897e-03
1070 6.834260e-08 1.190166e-03
1071 2.503016e-06 1.753137e-03
1072 3.033111e-07 2.519268e-03
1073 1.732998e-07 1.334097e-03
1074 2.209281e-07 1.899731e-03
1075 6.614272e-07 3.691332e-03
1076 3.294493e-06 3.917530e-03
1077 3.716480e-06 5.141344e-03
1078 6.060004e-06 1.240174e-02
1079 1.103979e-06 4.437051e-03
1080 1.340210e-04 4.451029e-02
1081 1.016741e-04 4.683242e-02
1082 2.311156e-06 3.466740e-03
1083 1.268250e-05 4.389181e-03
1084 6.140787e-08 1.203067e-03
1085 8.183282e-07 1.760869e-03
1086 1.934289e-06 2.932087e-03
1087 3.435913e-07 1.372013e-03
1088 3.263822e-05 6.475890e-03
1089 1.168078e-06 1.324708e-03
1090 1.527898e-08 1.203562e-03
1091 6.298540e-07 1.645606e-03
1092 5.319816e-06 2.045008e-03
1093 1.481452e-05 2.260943e-02
1094 3.124077e-05 1.222709e-02
1095 4.060954e-06 2.883725e-03
1096 1.105323e-04 2.538774e-02
1097 1.002763e-04 4.889888e-02
1098 2.331525e-06 7.946975e-03
1099 4.666925e-08 3.595175e-03
1100 2.611695e-08 1.118331e-03
1101 5.810637e-06 2.394300e-02
1102 1.036516e-05 1.159114e-02
1103 1.560844e-06 3.827457e-03
1104 5.968136e-05 2.664546e-02
1105 6.930791e-08 2.106031e-03
1106 2.102851e-03 1.710571e-01
1107 2.527737e-07 2.584669e-03
1108 1.131823e-05 7.989403e-03
1109 1.213329e-08 1.817389e-03
1110 1.880325e-05 1.021033e-02
1111 4.644011e-07 2.171213e-03
1112 3.924721e-09 1.790084e-03
1113 5.978835e-06 1.407882e-02
1114 4.317771e-05 1.591107e-02
1115 1.541420e-04 1.364496e-01
1116 1.012250e-08 1.968101e-03
1117 5.770902e-04 1.763176e-01
1118 1.313320e-06 4.896641e-03
1119 3.332821e-05 2.843989e-02
1120 1.451436e-04 6.379785e-02
1121 4.301491e-05 6.559460e-03
1122 1.768505e-05 1.941825e-02
1123 1.990159e-06 3.580338e-03
1124 2.063328e-05 1.386077e-02
1125 6.132634e-06 3.982172e-03
1126 7.677675e-07 6.866787e-03
1127 2.228325e-07 4.335300e-03
1128 3.867644e-05 3.960063e-02
1129 4.814374e-05 7.489633e-03
1130 1.663028e-05 1.203746e-02
1131 1.016194e-04 6.723094e-02
1132 1.164210e-05 9.637308e-03
1133 5.552188e-07 2.146115e-03
1134 5.205967e-04 4.410687e-02
1135 1.295902e-04 1.275625e-02
1136 6.181660e-04 5.995415e-02
1137 5.800602e-06 2.205012e-02
1138 3.961476e-08 1.864216e-03
1139 6.433657e-06 5.911982e-03
1140 7.699487e-09 2.155649e-03
1141 3.999211e-06 5.152666e-03
1142 1.422326e-04 5.474606e-02
1143 1.825149e-05 7.748059e-02
1144 1.219910e-07 6.469984e-03
1145 1.268667e-05 2.359761e-02
1146 4.038476e-03 3.448449e-01
1147 2.806163e-04 5.246821e-02
1148 1.684326e-07 2.411774e-03
1149 3.735634e-04 9.398119e-02
1150 1.887525e-08 2.359329e-03
1151 6.825921e-04 7.942571e-02
1152 6.336908e-04 6.771539e-02
1153 1.220531e-05 5.573414e-03
1154 8.558395e-08 1.931947e-03
1155 3.215285e-03 2.032121e-01
1156 1.261558e-06 2.668477e-03
1157 7.850146e-04 3.337552e-02
1158 1.512700e-05 5.283128e-03
1159 9.343020e-09 1.510734e-03
1160 3.315177e-06 2.818358e-03
1161 1.102860e-05 1.934172e-02
1162 5.775555e-04 1.867617e-01
1163 3.788849e-05 9.699182e-03
1164 1.096127e-04 5.300274e-02
1165 1.738079e-03 3.943524e-01
1166 4.468475e-04 2.482731e-02
1167 6.605201e-05 1.083124e-01
1168 4.419069e-04 3.337830e-02
1169 1.857708e-06 7.971147e-03
1170 2.358913e-06 5.988649e-03
1171 3.366029e-06 9.816562e-03
1172 9.472377e-05 7.999112e-02
1173 8.216947e-09 1.100839e-03
1174 1.131542e-03 2.281621e-01
1175 1.030114e-04 2.329160e-02
1176 2.436192e-08 1.778150e-03
1177 6.715556e-04 8.666701e-02
1178 1.231220e-03 2.313817e-01
1179 8.656880e-05 1.822435e-02
1180 1.221150e-05 7.266428e-03
1181 1.503453e-06 1.880909e-03
1182 5.288146e-06 8.355386e-03
1183 1.628508e-03 1.179772e-01
1184 2.920598e-04 2.532205e-02
1185 2.348552e-06 1.068872e-02
1186 1.446262e-04 6.030995e-02
1187 6.596204e-04 4.700670e-02
1188 1.266349e-06 1.982149e-03
1189 4.971542e-07 2.555661e-03
1190 1.329560e-08 1.990986e-03
1191 4.600265e-06 2.697141e-03
1192 1.479929e-04 1.110462e-01
1193 2.695227e-07 3.223868e-03
1194 3.696329e-05 2.447527e-02
1195 5.454254e-04 1.528900e-01
1196 5.386511e-06 5.220544e-03
1197 1.233929e-06 3.447899e-03
1198 2.311227e-06 2.269071e-03
1199 1.798367e-03 1.331977e-01
1200 5.508709e-04 1.428670e-01
1201 9.071044e-09 1.124424e-03
1202 1.849884e-04 1.663484e-02
1203 5.959399e-05 3.514228e-02
1204 1.582916e-05 6.122257e-03
1205 7.402309e-09 1.941116e-03
1206 4.874298e-04 8.101824e-02
1207 1.017809e-05 4.848319e-03
1208 2.765651e-05 4.984364e-03
1209 3.469396e-04 5.817970e-02
1210 3.677701e-04 4.030897e-02
1211 9.864944e-05 2.463133e-02
1212 1.902287e-06 3.694890e-03
1213 6.357564e-07 4.967809e-03
1214 5.816235e-05 7.940629e-03
1215 6.529825e-07 2.598410e-03
1216 1.009973e-07 2.214848e-03
1217 7.637736e-06 2.733897e-02
1218 1.137936e-06 5.319916e-03
1219 8.115384e-06 1.206162e-02
1220 2.276582e-05 2.251948e-02
1221 1.359257e-04 2.139748e-02
1222 8.007817e-06 2.294757e-02
1223 2.577208e-04 3.288578e-02
1224 6.257835e-06 8.584959e-03
1225 4.479890e-06 2.790977e-03
1226 2.586668e-06 1.778480e-03
1227 7.251826e-06 5.360721e-03
1228 4.238230e-05 1.372114e-02
1229 6.579479e-05 2.641243e-02
1230 7.184523e-07 7.436894e-03
1231 7.166090e-05 3.716313e-02
1232 2.019519e-07 5.674162e-03
1233 4.970465e-05 2.134735e-02
1234 7.491707e-08 7.610959e-03
1235 1.352873e-05 5.047720e-02
1236 1.452745e-06 4.643908e-03
1237 2.202974e-04 1.328420e-01
1238 1.015308e-05 1.323007e-02
1239 1.777397e-06 6.653307e-03
1240 7.088401e-06 3.851730e-03
1241 4.541339e-05 6.181709e-03
1242 5.647090e-04 2.118414e-01
1243 6.544159e-04 4.951858e-02
1244 5.003567e-06 3.450255e-03
1245 4.035559e-06 6.320140e-03
1246 1.702175e-08 2.012699e-03
1247 2.116460e-05 5.070370e-03
1248 4.265883e-05 4.973461e-02
1249 3.729748e-07 9.762357e-03
1250 7.018482e-07 6.177418e-03
1251 2.877296e-06 1.408223e-02
1252 4.518278e-06 5.194254e-03
1253 8.638697e-04 2.258084e-01
1254 4.029044e-07 5.335488e-03
1255 1.850620e-05 2.105423e-02
1256 7.940484e-06 4.157209e-03
1257 1.308586e-04 8.055010e-02
1258 1.099810e-07 4.824413e-03
1259 2.290737e-04 4.996339e-02
1260 5.627408e-04 2.452288e-01
1261 1.521677e-05 5.049585e-03
1262 2.934080e-05 1.927121e-02
1263 4.838904e-05 4.642106e-02
1264 9.791188e-06 3.122378e-02
1265 1.714969e-05 9.283552e-03
1266 1.406427e-05 3.412575e-02
1267 2.730718e-06 1.737905e-02
1268 1.940290e-06 8.958397e-03
1269 6.990261e-05 1.279329e-02
1270 3.378258e-03 3.985562e-01
1271 2.160914e-03 1.506100e-01
1272 3.872476e-08 1.265159e-03
1273 2.382045e-04 3.432824e-02
1274 1.091368e-05 1.785704e-02
1275 1.786650e-04 4.139779e-02
1276 1.141982e-03 1.308056e-01
1277 1.007484e-03 1.241999e-01
1278 1.754889e-03 1.777915e-01
1279 2.380647e-06 2.295511e-03
1280 7.376823e-04 1.301776e-01
1281 1.550219e-05 6.154069e-03
1282 1.054658e-04 3.364985e-02
1283 2.191880e-05 2.027236e-02
1284 1.987773e-06 4.344137e-03
1285 3.205253e-04 7.063430e-02
1286 7.530769e-08 3.198673e-03
1287 1.228312e-04 2.540553e-02
1288 8.961911e-05 2.629616e-02
1289 1.770963e-05 1.220679e-02
1290 2.150552e-05 2.836075e-02
1291 8.317374e-05 1.119896e-02
1292 5.166592e-04 3.127864e-01
1293 3.948099e-07 3.307630e-03
1294 1.853360e-06 5.681074e-03
1295 1.673599e-06 3.252985e-03
1296 2.581252e-06 1.278483e-02
1297 5.558687e-05 5.281398e-02
1298 4.374991e-05 1.255997e-02
1299 1.766657e-05 5.405664e-03
1300 4.060953e-07 2.799739e-03
1301 8.544047e-07 3.075049e-03
1302 1.121333e-04 4.239804e-02
1303 1.746331e-05 7.919003e-03
1304 2.883003e-05 7.427416e-03
1305 1.473035e-04 3.308205e-02
1306 2.381142e-04 1.660165e-02
1307 3.153076e-05 5.639053e-03
1308 8.814949e-07 2.528718e-03
1309 1.340461e-04 4.066769e-02
1310 1.902026e-08 1.447634e-03
1311 2.568234e-03 3.496935e-01
1312 4.563783e-04 1.206945e-01
1313 4.935404e-07 1.720083e-03
1314 2.796009e-05 7.955647e-03
1315 4.612818e-06 3.031109e-03
1316 1.814679e-07 2.173261e-03
1317 1.210836e-08 1.374419e-03
1318 2.218016e-04 4.067208e-02
1319 1.729737e-03 2.009694e-01
1320 8.184084e-07 3.831144e-03
1321 7.244704e-06 1.299054e-02
1322 1.365930e-08 1.135006e-03
1323 1.298433e-06 2.172105e-03
1324 1.416118e-04 6.136244e-02
1325 1.708900e-06 9.600323e-03
1326 1.712301e-05 5.091787e-03
1327 2.824713e-05 2.307557e-02
1328 5.336258e-07 2.646761e-03
1329 6.813739e-05 1.944066e-02
1330 1.351258e-05 7.758299e-03
1331 2.418828e-07 2.109573e-03
1332 5.135728e-07 1.434866e-03
1333 7.763273e-05 1.452739e-02
1334 2.551245e-05 1.135028e-02
1335 4.726294e-07 1.164156e-02
1336 3.206263e-05 5.585421e-03
1337 1.179314e-03 3.446812e-02
1338 1.146757e-05 7.003123e-03
1339 1.745690e-03 9.872786e-02
1340 1.097901e-04 1.152539e-02
1341 4.104403e-04 2.713419e-01
1342 3.374554e-07 2.459308e-03
1343 5.113278e-07 2.133399e-03
1344 9.173623e-07 3.325110e-03
1345 1.006559e-05 1.340641e-02
1346 6.893720e-05 2.650768e-02
1347 2.010916e-07 1.349311e-03
1348 1.763266e-04 1.192108e-02
1349 9.065901e-05 1.092716e-01
1350 2.007243e-05 1.017561e-02
1351 1.399993e-04 1.519817e-02
1352 1.831468e-05 9.265527e-03
1353 1.421943e-05 1.026886e-02
1354 2.107342e-06 4.887285e-03
1355 5.959069e-06 8.955382e-03
1356 3.121324e-05 2.499047e-02
1357 7.320663e-07 6.011946e-03
1358 1.402918e-05 5.786183e-03
1359 1.989118e-07 2.042489e-03
1360 9.353896e-07 4.081349e-03
1361 3.296838e-05 9.953750e-03
1362 6.408070e-04 5.296074e-02
1363 3.101056e-06 5.851904e-03
1364 3.288035e-05 3.145256e-02
1365 2.594418e-06 4.440770e-03
1366 3.729208e-06 4.210422e-03
1367 1.760663e-07 1.730221e-03
1368 8.457996e-05 4.043723e-02
1369 9.635469e-09 2.457089e-03
1370 7.939822e-08 1.640798e-03
1371 1.267482e-04 2.951294e-02
1372 1.617573e-06 4.146531e-03
1373 1.933912e-05 5.108173e-03
1374 1.851681e-07 3.345863e-03
1375 3.324765e-05 8.107153e-03
1376 1.242422e-03 4.777235e-01
1377 9.936077e-06 9.217988e-03
1378 2.569793e-07 1.422954e-03
1379 6.740171e-06 4.038262e-03
1380 8.219491e-04 2.116853e-01
1381 6.656534e-07 3.169905e-03
1382 4.339688e-07 1.249087e-03
1383 2.913548e-05 1.962347e-02
1384 8.963474e-07 4.557845e-03
1385 5.835910e-07 4.422085e-03
1386 3.490141e-06 5.427727e-03
1387 1.145074e-04 9.930461e-03
1388 5.188108e-06 6.692422e-03
1389 1.705335e-06 3.181569e-03
1390 1.959898e-06 3.001798e-03
1391 8.191438e-06 8.677159e-03
1392 1.040576e-06 1.974682e-03
1393 2.042416e-07 7.639883e-03
1394 1.492512e-06 6.299415e-03
1395 9.636570e-05 3.831969e-02
1396 4.117103e-05 3.058121e-02
1397 1.142321e-06 3.076647e-03
1398 1.439294e-05 1.776074e-02
1399 7.687626e-05 2.183704e-02
1400 1.290934e-06 4.633185e-03
1401 2.119936e-04 7.050738e-02
1402 4.929235e-07 4.462073e-03
1403 9.056599e-06 4.931863e-03
1404 2.052327e-06 2.315887e-03
1405 1.921642e-06 3.912414e-03
1406 3.799016e-05 1.327056e-02
1407 3.892516e-07 2.727697e-03
1408 2.536333e-03 2.712847e-01
1409 1.943681e-05 4.890545e-02
1410 1.928934e-06 1.084467e-02
1411 1.215810e-05 1.095843e-02
1412 1.540914e-07 4.380680e-03
1413 1.396954e-09 1.143492e-03
1414 2.093533e-07 2.428377e-03
1415 3.324909e-06 5.803375e-03
1416 2.738280e-07 2.976803e-03
1417 1.341256e-05 3.656214e-03
1418 2.979304e-06 4.817143e-03
1419 1.078769e-06 4.443576e-03
1420 6.981067e-05 2.008024e-02
1421 1.003098e-05 1.190952e-02
1422 2.641338e-05 2.586059e-02
1423 3.910467e-07 3.813520e-03
1424 4.630165e-06 6.196902e-03
1425 6.949291e-06 6.342041e-03
1426 9.902001e-06 6.567144e-03
1427 5.950757e-06 4.780541e-03
1428 5.371175e-06 6.528687e-03
1429 4.906230e-05 1.292277e-02
1430 3.741751e-04 9.638751e-02
1431 1.410525e-05 3.036410e-02
1432 1.107896e-06 1.698635e-02
1433 6.877795e-06 7.478316e-03
1434 4.542343e-06 3.317153e-03
1435 3.065989e-06 3.181090e-03
1436 7.046258e-05 6.156783e-03
1437 2.679256e-06 2.336630e-03
1438 1.117352e-05 8.862214e-03
1439 9.627256e-04 1.897212e-01
1440 2.143790e-07 2.790267e-03
1441 1.170848e-07 1.738242e-03
1442 1.254631e-05 6.993222e-03
1443 1.017941e-05 4.675756e-03
1444 2.521971e-05 5.384846e-03
1445 2.891311e-05 8.823905e-03
1446 4.543252e-05 8.607430e-03
1447 6.786030e-03 5.259667e-01
1448 1.425142e-05 2.926718e-03
1449 8.300872e-07 3.017083e-03
1450 4.028896e-05 1.209276e-02
1451 1.932566e-04 3.269851e-02
1452 2.755377e-04 4.896445e-02
1453 2.404998e-07 2.957470e-03
1454 1.633979e-06 3.842191e-03
1455 3.887952e-05 7.849374e-03
1456 6.494049e-07 1.771219e-03
1457 6.292203e-06 2.327891e-03
1458 3.755515e-06 2.527768e-03
1459 9.160643e-06 5.541667e-03
1460 1.327961e-05 1.480714e-02
1461 1.689771e-06 2.040056e-03
1462 2.500221e-06 1.937756e-03
1463 2.580090e-07 1.483412e-03
1464 3.276681e-07 2.035316e-03
1465 6.487884e-08 1.401005e-03
1466 1.067607e-05 2.168996e-02
1467 4.811171e-04 3.409191e-02
1468 1.199698e-05 7.369386e-03
1469 4.055831e-05 1.382671e-02
1470 9.582163e-09 3.688804e-03
1471 3.895019e-05 9.884857e-03
1472 9.790271e-07 6.247125e-03
1473 2.557572e-06 3.820325e-03
1474 3.184997e-06 1.663348e-02
1475 3.376451e-08 1.747314e-03
1476 1.927718e-05 1.936553e-02
1477 4.524361e-09 1.745274e-03
1478 7.439952e-06 1.506868e-02
1479 6.267622e-06 1.036563e-02
1480 4.024368e-06 4.464753e-02
1481 2.552194e-05 2.804232e-02
1482 3.362058e-05 1.229245e-02
1483 2.895171e-05 6.296372e-03
1484 7.584690e-04 1.186816e-01
1485 2.032815e-04 3.155057e-02
1486 3.546334e-04 1.251733e-01
1487 7.067268e-07 2.009667e-03
1488 2.723217e-05 2.515634e-02
1489 3.676267e-06 1.585725e-03
1490 1.769707e-06 3.241826e-03
1491 5.959887e-05 4.604564e-02
1492 4.755233e-07 6.702315e-03
1493 8.072609e-07 1.161583e-02
1494 1.968535e-07 2.903061e-03
1495 2.543234e-05 1.200583e-02
1496 2.796048e-06 4.286514e-03
1497 1.838077e-03 1.618040e-01
1498 1.459669e-06 5.134286e-03
1499 4.400184e-08 2.923758e-03
1500 2.254829e-05 5.157916e-03
1501 5.132072e-06 5.112483e-03
1502 1.699943e-04 7.755498e-02
1503 4.334974e-04 1.150255e-01
1504 3.739049e-05 1.390980e-02
1505 7.863613e-07 5.609617e-03
1506 7.375156e-06 6.224006e-03
1507 1.011606e-04 2.138742e-02
1508 9.799739e-04 1.357440e-01
1509 1.123488e-06 4.435648e-03
1510 1.017317e-05 8.156237e-03
1511 5.049829e-05 8.904693e-03
1512 3.280666e-06 7.198877e-03
1513 1.825733e-05 8.717750e-03
1514 4.397880e-06 6.359189e-03
1515 9.168131e-04 2.795185e-01
1516 7.610711e-06 1.147047e-02
1517 1.052489e-03 1.567896e-01
1518 1.733961e-05 6.543799e-03
1519 9.585269e-06 1.034769e-02
1520 1.861435e-07 1.753300e-03
1521 3.667685e-07 7.159724e-03
1522 1.174600e-04 3.576423e-02
1523 5.491101e-06 9.213145e-03
1524 1.172497e-05 1.729705e-02
1525 7.328411e-05 3.065298e-02
1526 2.111597e-06 1.198113e-02
1527 1.447758e-04 2.051210e-02
1528 1.353298e-05 1.074488e-02
1529 1.696744e-05 6.829310e-03
1530 2.603126e-06 1.473671e-02
1531 6.555462e-05 1.575954e-02
1532 2.244403e-06 4.939842e-03
1533 1.313384e-06 6.593155e-03
1534 5.208977e-05 8.699235e-03
1535 2.607756e-07 1.583410e-03
1536 8.463425e-07 2.676905e-03
1537 2.523280e-06 3.860707e-03
1538 1.294987e-06 4.027170e-03
1539 1.783653e-06 2.356542e-03
1540 5.121086e-05 2.511578e-02
1541 8.336770e-04 2.044290e-01
1542 1.961213e-04 7.730308e-02
1543 9.193002e-04 1.501293e-01
1544 4.643834e-06 9.115528e-03
1545 1.107057e-04 5.073137e-02
1546 1.391104e-05 7.477392e-03
1547 4.878093e-04 1.755745e-01
1548 1.694072e-05 1.749212e-02
1549 2.683371e-06 4.345600e-03
1550 6.961365e-08 4.402451e-03
1551 2.645165e-06 5.442118e-03
1552 1.163788e-03 1.538073e-01
1553 6.490675e-04 3.540140e-01
1554 5.126851e-06 9.563029e-03
1555 1.376563e-03 1.712400e-01
1556 6.795378e-05 1.434972e-02
1557 9.572987e-04 1.151380e-01
1558 2.919333e-04 5.259833e-02
1559 3.700766e-06 1.053424e-02
1560 1.103622e-03 5.535197e-02
1561 6.671754e-04 1.815653e-01
1562 8.076771e-07 6.906306e-03
1563 3.217444e-05 1.183747e-02
1564 2.601637e-03 1.561493e-01
1565 2.125585e-05 1.496420e-02
1566 1.423994e-07 5.305349e-03
1567 7.247812e-03 9.524301e-01
1568 1.615229e-06 1.432230e-02
1569 4.350430e-05 1.000634e-02
1570 2.725071e-03 3.996982e-01
1571 1.378823e-06 2.395269e-03
1572 2.205392e-04 1.739547e-02
1573 1.253950e-03 2.139154e-01
1574 6.873780e-05 1.239302e-02
1575 1.071099e-06 1.793101e-02
1576 8.706045e-05 6.800927e-02
1577 4.862400e-04 1.908340e-01
1578 5.837447e-05 3.754210e-02
1579 3.171182e-06 4.886927e-03
1580 7.225320e-04 3.350464e-01
1581 1.623283e-05 1.607832e-02
1582 8.362653e-06 3.491849e-03
1583 1.940680e-04 5.296113e-02
1584 1.099121e-05 1.434920e-02
1585 6.903846e-04 1.791804e-01
1586 1.271229e-05 1.127007e-02
1587 3.528181e-05 4.575558e-03
1588 5.709800e-05 1.937377e-02
1589 8.471429e-08 2.911876e-03
1590 5.987867e-06 3.841312e-03
1591 1.180816e-06 4.384696e-03
1592 5.990271e-06 4.840003e-03
1593 2.743464e-06 3.291190e-03
1594 2.329990e-05 1.126547e-02
1595 2.221146e-07 4.132640e-03
1596 1.268487e-05 3.025197e-02
1597 3.095767e-06 7.993643e-03
1598 7.171387e-05 7.873190e-03
1599 6.234401e-05 1.177858e-01
1600 3.033496e-06 9.791012e-03
1601 2.190153e-08 3.282186e-03
1602 2.283719e-03 4.435156e-01
1603 8.597844e-06 7.929615e-03
1604 6.578716e-05 9.009750e-03
1605 9.187748e-05 1.034131e-02
1606 3.687999e-04 1.799814e-01
1607 4.620278e-04 9.830114e-02
1608 2.163442e-06 4.760854e-03
1609 9.387255e-04 8.205997e-02
1610 1.021345e-03 3.399479e-01
1611 1.584113e-05 1.306732e-02
1612 7.963026e-06 3.830374e-03
1613 1.348000e-08 1.207501e-03
1614 1.646211e-04 2.486400e-02
1615 1.671457e-04 1.318828e-01
1616 1.825228e-07 2.597531e-03
1617 2.559601e-07 3.401219e-03
1618 1.805121e-06 2.514388e-03
1619 8.816863e-05 7.639610e-02
1620 9.751454e-06 5.305849e-02
1621 1.382735e-05 9.936780e-02
1622 2.219066e-05 1.754539e-02
1623 7.360020e-05 5.218623e-02
1624 8.137253e-04 1.999495e-01
1625 6.470027e-07 4.394809e-03
1626 9.121175e-05 5.024683e-02
1627 5.152841e-06 1.633949e-02
1628 2.280679e-04 5.872818e-02
1629 3.751672e-04 1.413594e-01
1630 1.054134e-03 2.723546e-01
1631 8.794210e-05 7.801082e-02
1632 8.492095e-05 6.329250e-02
1633 2.362032e-07 3.093809e-03
1634 1.668048e-06 6.573606e-03
1635 6.066106e-08 1.154714e-03
1636 3.187136e-07 2.932330e-03
1637 1.517570e-07 1.694840e-03
1638 2.967204e-07 3.078943e-03
1639 3.396951e-08 1.850828e-03
1640 3.078460e-05 3.972243e-02
1641 2.355589e-04 5.364274e-02
1642 1.209990e-03 2.774656e-01
1643 3.674200e-06 2.325830e-02
1644 1.049609e-05 8.754151e-03
1645 4.231652e-05 7.137270e-03
1646 2.509293e-03 6.594860e-01
1647 5.767588e-06 1.366256e-02
1648 6.408902e-06 3.653400e-03
1649 1.711662e-03 2.691037e-01
1650 1.868436e-04 4.902799e-02
1651 4.145719e-06 4.258968e-03
1652 4.737653e-04 6.945226e-02
1653 3.864605e-03 2.290299e-01
1654 8.068674e-06 2.245510e-02
1655 7.994403e-04 1.221928e-01
1656 1.071660e-05 1.716118e-02
1657 4.465275e-06 1.095662e-02
1658 3.861837e-06 4.889788e-03
1659 1.030131e-04 1.605902e-02
1660 7.858668e-04 2.754930e-02
1661 8.623910e-05 2.622958e-02
1662 4.411507e-05 7.947712e-03
1663 3.062218e-04 8.688125e-02
1664 3.067528e-05 1.078626e-02
1665 2.221735e-05 9.468465e-03
1666 3.339512e-04 5.629290e-02
1667 5.663204e-05 3.228734e-02
1668 2.897691e-08 8.872072e-04
1669 7.105293e-06 1.153112e-02
1670 9.504703e-06 3.191725e-03
1671 2.710283e-05 2.152482e-02
1672 2.338645e-04 1.493237e-01
1673 3.077458e-05 1.777763e-02
1674 3.935130e-06 9.336392e-03
1675 2.653545e-05 1.291558e-02
1676 2.186579e-06 2.768440e-03
1677 1.317032e-06 7.058930e-03
1678 1.011840e-06 3.591753e-03
1679 7.223169e-09 1.409356e-03
1680 1.902669e-04 3.387665e-02
1681 3.409221e-05 2.239327e-02
1682 7.884402e-05 1.590609e-02
1683 2.134720e-07 1.742659e-03
1684 2.287625e-06 3.620595e-03
1685 3.970396e-05 1.465100e-02
1686 5.499554e-04 5.607155e-02
1687 2.251082e-05 3.035887e-02
1688 1.856137e-04 3.382664e-02
1689 4.684756e-04 6.536969e-02
1690 1.519418e-06 1.735825e-03
1691 2.125856e-07 1.744285e-03
1692 3.479222e-06 5.437655e-03
1693 2.799354e-04 3.971998e-02
1694 6.305894e-05 4.213637e-02
1695 2.862234e-06 2.656732e-03
1696 1.256688e-03 1.644583e-01
1697 6.919093e-06 8.425186e-03
1698 8.836110e-04 9.628978e-02
1699 1.833280e-03 3.480164e-01
1700 2.189292e-06 4.139637e-03
1701 1.349457e-04 4.360034e-02
1702 3.450118e-05 8.365242e-02
1703 2.396778e-05 5.609882e-02
1704 1.833344e-06 1.577353e-03
1705 2.811117e-07 1.962545e-03
1706 1.995047e-06 2.452911e-03
1707 3.218981e-05 4.170711e-02
1708 3.838122e-07 8.057700e-03
1709 2.314625e-05 1.514014e-02
1710 2.540387e-06 1.140999e-02
1711 3.427228e-04 9.245654e-02
1712 1.361313e-04 4.499463e-02
1713 3.297957e-05 1.017453e-02
1714 7.451598e-05 3.632050e-02
1715 4.646101e-06 6.185629e-03
1716 3.925497e-07 4.400889e-03
1717 3.173864e-05 2.543486e-02
1718 9.390627e-06 1.186010e-02
1719 9.232852e-07 7.590986e-03
1720 4.996325e-06 9.167174e-03
1721 6.283002e-06 3.128047e-02
1722 2.250284e-06 8.361380e-03
1723 9.592609e-04 2.810122e-01
1724 1.785812e-06 3.019130e-03
1725 1.927135e-05 1.491695e-02
1726 2.918671e-04 7.512940e-02
1727 3.767492e-05 2.636790e-02
1728 1.052565e-03 6.305268e-02
1729 4.737290e-06 4.054057e-03
1730 5.975304e-04 8.702386e-02
1731 7.080014e-06 6.570223e-03
1732 2.002766e-07 1.889642e-03
1733 4.052114e-10 1.011500e-03
1734 4.636734e-05 2.736480e-02
1735 3.119398e-05 2.427439e-02
1736 5.648914e-09 1.148450e-03
1737 1.061953e-05 1.408100e-02
1738 6.776424e-06 3.172476e-03
1739 6.312983e-05 1.308338e-02
1740 1.022378e-04 6.539666e-02
1741 4.679249e-08 4.425459e-03
1742 2.392380e-04 1.013256e-01
1743 7.051849e-04 5.037519e-02
1744 9.901609e-05 3.151280e-02
1745 3.269211e-05 1.063779e-02
1746 1.063382e-06 2.657940e-03
1747 9.698429e-07 6.594678e-03
1748 2.005100e-03 4.117637e-01
1749 1.004842e-05 8.954092e-03
1750 2.753547e-06 8.519665e-03
1751 2.325459e-06 6.297899e-03
1752 1.050569e-06 2.123401e-03
1753 1.640350e-04 4.412066e-02
1754 1.961890e-06 5.247503e-03
1755 5.343007e-06 6.051848e-03
1756 1.401501e-05 1.912511e-02
1757 1.385069e-05 1.449739e-02
1758 1.519514e-03 7.246811e-02
1759 5.720910e-06 4.923127e-03
1760 2.250088e-03 2.702257e-01
1761 7.647624e-07 7.043603e-03
1762 4.183356e-06 3.931505e-03
1763 3.605972e-06 1.135431e-02
1764 2.499380e-06 6.682136e-03
1765 2.080656e-05 1.776373e-02
1766 5.436526e-06 4.235757e-03
1767 1.887329e-05 6.291670e-03
1768 2.782272e-04 3.126561e-02
1769 1.970706e-05 1.626542e-02
1770 2.499845e-06 8.367878e-03
1771 7.455339e-06 9.618413e-03
1772 8.152074e-04 2.398130e-01
1773 5.496621e-04 1.620067e-01
1774 2.695913e-07 2.927919e-03
1775 4.919760e-07 2.814320e-03
1776 2.915926e-06 1.928558e-02
1777 1.405985e-05 1.169895e-02
1778 3.461303e-06 7.026714e-03
1779 6.591518e-06 1.677665e-02
1780 1.263893e-07 2.802705e-03
1781 1.878687e-08 1.304032e-03
1782 1.564209e-07 3.166671e-03
1783 4.727029e-06 6.805667e-03
1784 3.719355e-05 2.359727e-02
1785 7.504891e-06 4.064768e-03
1786 3.205540e-05 3.118244e-02
1787 2.812605e-03 1.939206e-01
1788 1.355411e-07 4.432245e-03
1789 1.556019e-05 3.142024e-02
1790 8.182425e-07 2.146826e-03
1791 8.819451e-06 5.362279e-03
1792 1.177963e-05 5.556668e-03
1793 4.479429e-07 9.467599e-03
1794 5.204571e-04 2.974832e-02
1795 1.600408e-05 3.606791e-03
1796 2.825130e-03 1.984701e-01
1797 2.041208e-06 1.735449e-02
1798 4.498036e-07 6.397589e-03
1799 1.634848e-06 2.824815e-03
1800 2.003438e-04 5.062987e-02
1801 3.234679e-06 3.720166e-03
1802 3.284451e-04 2.921097e-02
1803 5.596598e-07 2.012322e-03
1804 6.571843e-06 2.328864e-03
1805 1.979825e-07 1.101537e-02
1806 6.636402e-06 5.246760e-03
1807 8.776141e-07 1.538084e-03
1808 3.126813e-03 5.157092e-01
1809 6.912722e-06 9.843113e-03
1810 1.035934e-03 8.160538e-02
1811 4.200555e-06 7.750297e-03
1812 1.110255e-06 5.904469e-03
1813 3.527996e-05 1.342205e-02
1814 1.428751e-06 2.801827e-03
1815 2.775996e-05 2.273300e-02
1816 2.452755e-05 2.075899e-02
1817 8.456765e-06 4.432882e-03
1818 1.655151e-06 4.711186e-03
1819 2.324342e-09 2.082349e-03
1820 1.734775e-07 1.587013e-03
1821 2.979247e-07 3.398645e-03
1822 1.500143e-03 8.136008e-02
1823 7.062994e-06 3.785743e-02
1824 1.567000e-05 4.497856e-02
1825 2.211169e-03 2.066881e-01
1826 4.140128e-04 1.208170e-01
1827 1.026848e-04 3.016390e-02
1828 4.807419e-05 1.398403e-02
1829 1.624901e-05 9.173939e-03
1830 2.663892e-06 2.938781e-03
1831 1.948056e-07 1.691157e-03
1832 4.340458e-06 1.423945e-02
1833 2.512510e-06 6.120848e-03
1834 8.685017e-07 3.474757e-03
1835 4.770264e-07 3.523886e-03
1836 2.148231e-03 1.348147e-01
1837 6.988331e-04 1.697054e-01
1838 4.111500e-05 6.526720e-03
1839 6.301991e-05 3.503053e-02
1840 1.095591e-04 3.167352e-02
1841 2.536474e-04 4.737092e-02
1842 1.946060e-06 6.728118e-03
1843 7.696777e-06 8.203884e-03
1844 9.361552e-07 2.738658e-03
1845 4.039042e-05 1.761635e-02
1846 1.302343e-07 3.505397e-03
1847 6.982619e-05 5.648607e-02
1848 4.618850e-08 2.202750e-03
1849 2.187129e-06 1.363312e-02
1850 3.162911e-06 1.473837e-02
1851 1.418587e-05 3.539381e-02
1852 9.524095e-06 1.536555e-02
1853 1.018413e-04 3.625010e-02
1854 9.794141e-05 1.059419e-01
1855 5.761058e-05 3.017578e-02
1856 5.557424e-08 2.265449e-03
1857 1.159932e-06 4.604499e-03
1858 2.150653e-06 3.436740e-03
1859 1.425054e-06 3.186355e-03
1860 1.410176e-05 2.152249e-02
1861 1.642562e-06 7.339160e-03
1862 1.219809e-03 2.327033e-01
1863 5.519631e-07 2.997992e-03
1864 9.856419e-07 2.588768e-03
1865 3.031964e-06 1.134070e-02
1866 5.859812e-04 4.363776e-02
1867 5.958469e-08 2.608481e-03
1868 7.050819e-05 5.957677e-03
1869 1.100823e-03 1.851304e-01
1870 9.063344e-06 5.625144e-03
1871 4.522025e-06 1.089507e-02
1872 6.081016e-07 7.163609e-03
1873 1.960726e-07 1.831040e-03
1874 4.054785e-07 2.063127e-03
1875 2.388024e-03 1.758487e-01
1876 7.192201e-07 2.402346e-03
1877 1.299140e-06 2.815609e-03
1878 5.602640e-07 6.493105e-03
1879 2.669777e-06 1.145447e-02
1880 9.387279e-05 2.011963e-02
1881 4.506581e-06 4.434108e-02
1882 1.489881e-06 3.890842e-03
1883 1.298832e-05 1.259723e-02
1884 1.265002e-03 7.858937e-02
1885 2.834388e-06 5.837017e-03
1886 1.480621e-05 7.672073e-03
1887 5.111597e-05 1.889765e-02
1888 5.832370e-06 2.868079e-03
1889 4.751123e-07 1.296801e-03
1890 4.327093e-06 1.107080e-02
1891 2.899704e-04 1.046711e-01
1892 3.284476e-05 1.352810e-02
1893 9.678277e-05 3.194812e-02
1894 2.556075e-03 4.242441e-01
1895 2.576139e-05 4.108460e-02
1896 1.388535e-04 6.676497e-02
1897 5.717123e-07 3.917196e-03
1898 4.996111e-05 4.530660e-02
1899 1.207282e-05 8.446319e-03
1900 2.757048e-04 3.761093e-02
1901 1.109732e-05 4.000150e-03
1902 2.644634e-07 1.832024e-03
1903 1.438686e-05 1.044103e-02
1904 4.023100e-06 7.611267e-03
1905 3.438455e-06 4.849830e-03
1906 3.950319e-06 5.151396e-03
1907 5.171240e-08 3.755007e-03
1908 2.924537e-07 1.647236e-03
1909 1.539241e-05 5.649034e-03
1910 4.795085e-04 5.238839e-02
1911 1.883585e-04 2.776134e-02
1912 2.421149e-04 5.262160e-02
1913 1.314329e-04 5.424205e-02
1914 2.208826e-06 4.417020e-03
1915 1.737940e-07 7.886504e-03
1916 2.539241e-03 4.732315e-01
1917 1.676171e-04 2.177715e-01
1918 2.168627e-05 2.829061e-02
1919 1.916925e-05 1.267362e-02
1920 1.393613e-04 1.236598e-02
1921 2.432286e-07 1.362015e-03
1922 7.555340e-06 3.713724e-03
1923 6.182541e-06 2.422292e-03
1924 7.402504e-07 2.267781e-03
1925 1.172423e-06 2.038803e-03
1926 4.662708e-04 7.635658e-02
1927 6.808111e-06 1.110680e-02
1928 5.304256e-07 1.766839e-03
1929 3.667542e-05 8.632069e-03
1930 1.800666e-05 1.671632e-02
1931 1.862575e-04 1.579519e-02
1932 3.686166e-06 3.314536e-02
1933 3.290720e-05 1.484035e-02
1934 3.826947e-05 5.776784e-02
1935 9.505961e-06 1.342858e-02
1936 1.447075e-05 1.206208e-02
1937 7.525943e-06 4.670284e-03
1938 1.441497e-07 2.006850e-03
1939 6.384866e-04 1.853095e-01
1940 7.556520e-06 2.232988e-02
1941 1.433941e-05 1.405207e-02
1942 1.753824e-04 6.666402e-02
1943 1.376779e-05 3.153377e-02
1944 2.577527e-04 9.331180e-02
1945 1.375237e-04 2.571402e-02
1946 7.193666e-06 4.966109e-03
1947 1.630726e-05 3.142449e-03
1948 1.091958e-07 1.705184e-03
1949 4.635695e-05 8.217671e-02
1950 7.165220e-05 1.713312e-02
1951 1.014644e-05 3.792941e-02
1952 6.356291e-06 6.557921e-03
1953 1.273607e-04 2.456428e-02
1954 1.250160e-04 6.406737e-02
1955 1.892226e-05 8.108809e-03
1956 4.879957e-04 3.568959e-02
1957 6.647862e-06 7.426789e-03
1958 8.746852e-05 1.668676e-02
1959 1.578389e-05 2.560833e-02
1960 1.288514e-04 2.510863e-02
1961 4.801160e-04 7.503766e-02
1962 1.901973e-04 3.306069e-02
1963 6.530711e-05 4.865266e-02
1964 5.466604e-06 3.791588e-03
1965 4.700320e-06 1.418292e-02
1966 7.923936e-07 6.545689e-03
1967 3.584476e-05 5.128455e-02
1968 1.396713e-07 2.097043e-03
1969 2.766702e-04 3.693462e-02
1970 3.479082e-04 4.966915e-02
1971 1.023474e-03 1.914902e-01
1972 3.223516e-05 5.892427e-03
1973 4.958609e-04 1.090633e-01
1974 5.415797e-07 4.210945e-03
1975 1.494122e-03 1.269950e-01
1976 2.286421e-04 5.646222e-02
1977 1.018491e-05 5.867573e-03
1978 4.611290e-07 4.023356e-03
1979 1.237999e-04 3.671508e-02
1980 1.975152e-05 4.097167e-03
1981 2.643668e-04 4.480367e-02
1982 1.798405e-06 2.723573e-03
1983 4.943816e-07 2.072752e-03
1984 5.286363e-05 2.678691e-02
1985 2.101767e-05 1.012903e-02
1986 8.698433e-06 4.658353e-03
1987 4.256050e-06 3.470311e-02
1988 7.146656e-04 1.243072e-01
1989 4.326769e-07 1.385611e-03
1990 1.376646e-05 3.793643e-03
1991 1.919775e-05 6.553004e-03
1992 1.158674e-03 1.340500e-01
1993 5.825572e-08 1.177917e-03
1994 1.468107e-07 1.245493e-03
1995 2.146626e-04 4.622517e-02
1996 7.984696e-06 4.576964e-03
1997 1.663195e-06 1.991559e-03
1998 3.800885e-05 6.745728e-03
1999 6.762157e-04 4.026788e-02
2000 1.630909e-06 2.478297e-03
2001 2.598331e-06 2.982180e-03
