1 3.905478e-03 1.005863e+00
2 5.380661e-07 2.049166e-02
3 3.081687e-06 3.061250e-03
4 1.872204e-08 1.866255e-03
5 1.161930e-07 2.630933e-03
6 1.329515e-03 5.200874e-01
7 4.713972e-06 1.407127e-02
8 5.499909e-08 4.268612e-02
9 2.853210e-10 2.383814e-03
10 8.395865e-05 9.425795e-02
11 1.203456e-08 5.169084e-03
12 1.495729e-10 1.231078e-03
13 3.354517e-05 2.335554e-01
14 1.994663e-08 7.640658e-03
15 1.851828e-08 3.081929e-03
16 3.809284e-05 2.797293e-02
17 3.382166e-08 1.936254e-03
18 1.858284e-03 3.757172e-01
19 2.470745e-06 8.295965e-03
20 6.348855e-12 1.022714e-03
21 2.228826e-03 1.140773e+00
22 6.934734e-07 5.842503e-03
23 9.502088e-05 3.809382e-02
24 1.531007e-03 4.384972e-01
25 4.937914e-04 2.657895e-01
26 1.884524e-06 4.694128e-03
27 2.437763e-05 2.486148e-02
28 8.320871e-08 3.635471e-03
29 3.591694e-03 7.039189e-01
30 1.487214e-03 7.722249e-01
31 1.972087e-04 2.776397e-01
32 3.305061e-04 3.324788e-02
33 3.706860e-08 1.231511e-03
34 4.365539e-09 1.156632e-03
35 1.914964e-08 3.142099e-03
36 1.609764e-03 6.135233e-01
37 1.506274e-04 1.107355e-01
38 1.187636e-07 8.877325e-03
39 1.232538e-09 1.949599e-03
40 1.675663e-07 3.573425e-03
41 7.035486e-06 2.410539e-02
42 1.225683e-08 5.033082e-03
43 1.146432e-03 4.036127e-01
44 2.301845e-04 8.416045e-02
45 5.659826e-04 1.502506e-01
46 1.339074e-05 1.221345e-02
47 5.741465e-05 2.777870e-01
48 6.609590e-05 1.224921e-01
49 1.123824e-05 1.050741e-02
50 2.007506e-03 9.114668e-01
51 2.315164e-07 1.198827e-02
52 4.807313e-06 2.430834e-02
53 3.318767e-05 1.199874e-02
54 1.372412e-07 9.962316e-03
55 4.054017e-07 5.139329e-03
56 6.398321e-06 9.304312e-03
57 4.072524e-08 1.460148e-02
58 8.632071e-04 2.439780e-01
59 3.666118e-04 9.257583e-02
60 2.555753e-10 1.410649e-03
61 4.481168e-03 1.162132e+00
62 2.283935e-05 3.450476e-02
63 1.908328e-08 1.923150e-03
64 4.648106e-09 4.167546e-03
65 5.515543e-05 4.565572e-02
66 2.702813e-07 4.622272e-03
67 1.598329e-07 7.368025e-03
68 3.799843e-06 8.439895e-03
69 1.704795e-07 1.434505e-03
70 8.966255e-10 1.343131e-03
71 1.025661e-03 3.081117e-01
72 6.218117e-06 1.991949e-02
73 2.699278e-08 4.150716e-03
74 6.189412e-05 1.972089e-01
75 1.313565e-05 1.147364e-02
76 3.430473e-07 2.869443e-03
77 1.511188e-05 3.961505e-02
78 3.347526e-03 4.199818e-01
79 9.523122e-04 2.882483e-01
80 6.953322e-07 2.872656e-03
81 1.377297e-07 1.639178e-03
82 3.264249e-05 6.652642e-03
83 8.049483e-05 2.925449e-02
84 2.597604e-08 1.876741e-03
85 4.276793e-04 1.550730e-01
86 6.313510e-06 7.507497e-03
87 4.903231e-08 2.828403e-03
88 5.823546e-08 1.706780e-03
89 1.491691e-06 2.297424e-02
90 3.888366e-04 2.755875e-01
91 2.369463e-03 3.660324e-01
92 3.049637e-03 1.052144e+00
93 4.293292e-06 1.438633e-02
94 2.923103e-07 4.167961e-03
95 5.307632e-03 9.826820e-01
96 4.265149e-04 2.478811e-02
97 5.270559e-09 3.515185e-02
98 1.529796e-07 3.495714e-03
99 1.781982e-04 2.636487e-02
100 1.025944e-02 1.769000e+00
101 1.434987e-06 5.032957e-03
102 3.087577e-07 1.508089e-02
103 4.920416e-04 4.574224e-01
104 1.290825e-05 4.345867e-02
105 2.590781e-05 6.747538e-02
106 5.457865e-08 8.994988e-03
107 1.873282e-08 2.880641e-03
108 1.252267e-06 1.926112e-02
109 1.821052e-07 5.137251e-03
110 2.679113e-06 1.179589e-02
111 2.867434e-03 7.261492e-01
112 7.771818e-05 1.215757e-01
113 2.542323e-03 8.941757e-01
114 1.432698e-03 5.331960e-01
115 2.662769e-04 1.893365e-01
116 7.823229e-04 3.818960e-01
117 1.747692e-03 2.502720e-01
118 2.264083e-03 7.424076e-01
119 1.944347e-10 4.547736e-03
120 6.839715e-11 3.640477e-03
121 1.458258e-07 1.149990e-02
122 1.111964e-08 1.886435e-03
123 7.165991e-07 6.044453e-03
124 3.249624e-06 1.393879e-02
125 8.104047e-10 3.999714e-03
126 1.186644e-06 6.160019e-03
127 5.108857e-08 9.667952e-03
128 1.205584e-06 7.891730e-03
129 3.817530e-08 4.473845e-03
130 2.484320e-08 3.978244e-03
131 5.798233e-08 5.910557e-03
132 1.596221e-07 4.686365e-03
133 5.637295e-08 7.680742e-03
134 5.801489e-05 2.334952e-02
135 2.318428e-08 4.541581e-03
136 7.232992e-08 4.111152e-03
137 7.528171e-06 1.292502e-02
138 1.442502e-08 9.367271e-03
139 1.706536e-07 8.739183e-03
140 2.338706e-08 5.189782e-03
141 1.850616e-09 3.030544e-03
142 3.682555e-08 3.132370e-03
143 1.756630e-07 6.950091e-03
144 9.884619e-09 8.570634e-03
145 1.060605e-09 4.700480e-03
146 1.690776e-08 6.133012e-03
147 2.494167e-08 6.329599e-03
148 3.347382e-09 7.990608e-03
149 4.287566e-08 4.303783e-03
150 1.435947e-09 3.988094e-03
151 1.611286e-07 1.010806e-02
152 2.711676e-07 5.974406e-03
153 3.814561e-08 2.989554e-03
154 1.937150e-08 3.766912e-03
155 2.806570e-09 3.024331e-03
156 7.278983e-08 3.882112e-03
157 4.356748e-08 4.041530e-03
158 1.013086e-06 4.800118e-03
159 2.876537e-07 5.924950e-03
160 2.109915e-08 5.188805e-03
161 2.132925e-08 3.134811e-03
162 1.861913e-09 3.003904e-03
163 1.957743e-09 3.081613e-03
164 1.546910e-10 1.642614e-03
165 3.680169e-10 1.682310e-03
166 3.257043e-11 1.657501e-03
167 2.907180e-09 2.937905e-03
168 3.561434e-08 3.317751e-03
169 5.079564e-07 6.158692e-03
170 5.928009e-11 1.639731e-03
171 1.188039e-08 3.422882e-03
172 2.751849e-09 3.219731e-03
173 4.480586e-10 1.619438e-03
174 7.531253e-10 3.088030e-03
175 3.334134e-09 3.095252e-03
176 2.541793e-09 2.999314e-03
177 3.371510e-10 1.656918e-03
178 5.781956e-08 2.305093e-03
179 2.043467e-10 1.614974e-03
180 2.487174e-09 3.096151e-03
181 2.470165e-10 2.125488e-03
182 7.151600e-10 3.398066e-03
183 6.018295e-11 1.196613e-03
184 1.674893e-11 1.614903e-03
185 5.968009e-10 1.233335e-03
186 1.302183e-09 2.180134e-03
187 6.545615e-11 1.906957e-03
188 2.429207e-11 1.592574e-03
189 2.996406e-11 1.134015e-03
190 1.189393e-10 1.208934e-03
191 3.746484e-05 2.260325e-02
192 1.914750e-06 4.390854e-03
193 1.277484e-04 6.841187e-02
194 1.269933e-04 6.426899e-02
195 1.965797e-06 7.172694e-03
196 2.170708e-05 1.879536e-02
197 1.830345e-04 9.705761e-02
198 8.858071e-07 6.668672e-03
199 2.006368e-06 1.493968e-02
200 4.954011e-07 1.088377e-02
201 2.701651e-05 2.299165e-02
202 5.935577e-06 2.414933e-02
203 6.361567e-08 3.532284e-03
204 2.264039e-06 6.854440e-03
205 6.229276e-07 8.668737e-03
206 7.532741e-08 3.908359e-03
207 1.827072e-07 9.678308e-03
208 3.189803e-09 3.468804e-03
209 1.856125e-07 8.245563e-03
210 8.625088e-08 4.838402e-03
211 1.571255e-08 2.423587e-03
212 3.300589e-04 6.620890e-02
213 3.528978e-08 2.475539e-03
214 1.067239e-08 4.267591e-03
215 9.701162e-07 5.259875e-03
216 2.116933e-07 8.276227e-03
217 3.774709e-08 2.125232e-03
218 2.831944e-06 2.717715e-02
219 1.116675e-05 2.157958e-02
220 7.116683e-09 3.566290e-03
221 2.741379e-08 4.003510e-03
222 1.856594e-08 7.095027e-03
223 3.384103e-07 9.816969e-03
224 8.850258e-09 3.045138e-03
225 2.723123e-07 5.516790e-03
226 1.695347e-07 3.695712e-03
227 6.707800e-08 4.291922e-03
228 1.158807e-07 5.065746e-03
229 3.564381e-06 1.549713e-02
230 2.660780e-06 8.160207e-03
231 2.032302e-06 6.908476e-03
232 3.713340e-07 5.128850e-03
233 3.990338e-07 6.215925e-03
234 2.726397e-06 5.153033e-03
235 1.974249e-08 4.504909e-03
236 9.433357e-07 5.166318e-03
237 8.502165e-09 3.369104e-03
238 1.971652e-07 5.750428e-03
239 4.207308e-08 3.550195e-03
240 8.148916e-08 3.166157e-03
241 9.842160e-07 4.152521e-03
242 5.114621e-07 5.079220e-03
243 3.055929e-08 3.176768e-03
244 1.565047e-07 4.714814e-03
245 1.912136e-07 5.000751e-03
246 1.292318e-07 3.845631e-03
247 7.237583e-07 4.973029e-03
248 2.090977e-07 2.679490e-03
249 5.666064e-06 8.250629e-03
250 7.145679e-07 4.223595e-03
251 3.406725e-07 2.924254e-03
252 2.761952e-06 7.167138e-03
253 2.258716e-08 3.335927e-03
254 1.391123e-07 4.830854e-03
255 2.853274e-06 6.643988e-03
256 8.110591e-08 2.745288e-03
257 1.144686e-07 3.451461e-03
258 8.945274e-06 8.002245e-03
259 6.941849e-05 1.916982e-02
260 4.040308e-05 1.661385e-02
261 1.885239e-05 1.636797e-02
262 5.945259e-07 6.700728e-03
263 1.003188e-05 9.864245e-03
264 5.207910e-06 2.092089e-02
265 4.786714e-07 7.270876e-03
266 2.390083e-05 2.120973e-02
267 1.159777e-05 4.677827e-02
268 5.244211e-07 2.088897e-02
269 6.388812e-07 3.195238e-02
270 7.000658e-08 4.407638e-03
271 6.480199e-07 7.469198e-03
272 8.557027e-08 6.858147e-03
273 1.750963e-07 4.483972e-03
274 1.846132e-06 5.759874e-03
275 5.136344e-08 8.641928e-03
276 1.450166e-05 3.828643e-02
277 1.762871e-08 3.485551e-03
278 7.694791e-08 2.707750e-03
279 1.741068e-06 1.662732e-02
280 2.161561e-07 6.132543e-03
281 2.271355e-07 8.684489e-03
282 1.394102e-06 1.282928e-02
283 2.105392e-07 3.427553e-03
284 1.467833e-06 9.476995e-03
285 1.177087e-04 3.474121e-02
286 4.424883e-05 4.361052e-02
287 3.183985e-06 7.475392e-03
288 5.310022e-06 1.523710e-02
289 1.361278e-05 4.874651e-02
290 4.524659e-05 7.077916e-02
291 2.440411e-06 8.459360e-03
292 2.947767e-05 2.098166e-02
293 3.436554e-06 1.905726e-02
294 1.823098e-05 2.915097e-02
295 1.871957e-06 1.883074e-02
296 2.491650e-03 2.014020e-01
297 3.059544e-03 8.286796e-01
298 5.003862e-05 4.455528e-02
299 1.668852e-07 4.605781e-03
300 1.390666e-08 4.600779e-03
301 1.453582e-03 2.391053e-01
302 1.449611e-07 5.129536e-03
303 3.536063e-08 3.115601e-03
304 3.954330e-09 2.281645e-03
305 3.383684e-09 2.666682e-03
306 4.883719e-10 2.689715e-03
307 5.190705e-11 2.646540e-03
308 1.206201e-10 2.581894e-03
309 1.164696e-06 6.307712e-03
310 7.345389e-10 3.223245e-03
311 1.316189e-11 2.653570e-03
312 4.093531e-08 2.249643e-03
313 5.818317e-11 2.542543e-03
314 5.648910e-11 2.549020e-03
315 4.243864e-12 2.676365e-03
316 7.153222e-10 2.822420e-03
317 5.608805e-11 1.929809e-03
318 1.018169e-10 1.947586e-03
319 2.158480e-08 2.286019e-03
320 1.594949e-11 2.507136e-03
321 3.497652e-11 1.426055e-03
322 3.869109e-05 8.162374e-02
323 1.061505e-05 9.954888e-02
324 6.125814e-09 9.486852e-03
325 2.809795e-06 1.490107e-02
326 7.550646e-09 3.487053e-03
327 2.202252e-07 2.383988e-02
328 2.402612e-07 9.794929e-03
329 8.210982e-05 9.655730e-02
330 1.541699e-03 6.168532e-01
331 9.569156e-07 3.419915e-02
332 3.191283e-04 2.311841e-01
333 7.864063e-08 5.088663e-03
334 7.621685e-07 1.448145e-02
335 2.492074e-09 8.353827e-03
336 6.426304e-08 1.556559e-02
337 2.777249e-04 9.017843e-02
338 5.659381e-05 2.290462e-02
339 1.756751e-03 4.098120e-01
340 4.064307e-06 6.740367e-03
341 6.999554e-07 6.724266e-03
342 8.755779e-06 2.007475e-02
343 1.296721e-05 4.377484e-02
344 6.328556e-07 3.969169e-03
345 1.155929e-05 8.255586e-03
346 2.615893e-07 2.544818e-03
347 1.693906e-07 2.968842e-03
348 1.552949e-05 1.085190e-02
349 1.115674e-05 1.124695e-02
350 2.869458e-08 3.254671e-03
351 4.373861e-08 2.855218e-03
352 4.342842e-06 3.045663e-03
353 1.474409e-05 7.840090e-03
354 2.418401e-06 4.543460e-03
355 3.555219e-06 4.759389e-03
356 8.326228e-08 2.361248e-03
357 9.886170e-06 1.193683e-02
358 7.267431e-06 2.528894e-02
359 2.601680e-06 7.231353e-03
360 3.481167e-07 6.210972e-03
361 2.738669e-05 4.482354e-02
362 1.774179e-07 2.454949e-03
363 3.199855e-08 3.362886e-03
364 4.342842e-06 3.045663e-03
365 4.937731e-05 3.002921e-02
366 1.819377e-05 1.063228e-02
367 4.914950e-06 1.079375e-02
368 1.115674e-05 1.124695e-02
369 4.672861e-05 8.827136e-02
370 9.565636e-07 1.400923e-02
371 5.879117e-07 1.970001e-02
372 1.143403e-03 1.014825e+00
373 2.399980e-05 1.766851e-01
374 6.878928e-03 9.475036e-01
375 1.149497e-05 2.511100e-02
376 1.482413e-03 2.717090e-01
377 2.500677e-06 9.332236e-03
378 1.037835e-04 3.336693e-02
379 5.575810e-07 9.031020e-03
380 1.588944e-05 1.371741e-02
381 3.934491e-08 1.912628e-03
382 3.307109e-07 1.011646e-02
383 1.829709e-08 1.824035e-03
384 9.128661e-07 8.099277e-03
385 3.716277e-09 4.590610e-03
386 3.227886e-07 6.526285e-03
387 2.967496e-06 1.577256e-02
388 1.055408e-08 2.770015e-03
389 1.466586e-06 6.313500e-03
390 1.573268e-06 4.891861e-03
391 4.095877e-06 3.275520e-02
392 9.362913e-05 2.086893e-02
393 5.179017e-06 1.604745e-02
394 9.730235e-08 3.012131e-03
395 2.150232e-07 8.347320e-03
396 4.108158e-05 3.839778e-02
397 3.069473e-05 1.731312e-02
398 2.150744e-04 3.757672e-02
399 2.242135e-05 1.088902e-02
400 1.402434e-04 4.035739e-02
401 1.301322e-05 8.789323e-03
402 1.750080e-06 7.034436e-03
403 5.071568e-06 9.258545e-03
404 3.794081e-05 1.661153e-02
405 1.125906e-05 1.138253e-02
406 2.245163e-06 8.877577e-03
407 3.718464e-07 4.562513e-03
408 1.428527e-05 1.022082e-02
409 2.925121e-03 6.474371e-01
410 4.442838e-05 2.108056e-02
411 2.029348e-05 1.864533e-02
412 4.456724e-04 7.015025e-02
413 5.962877e-06 8.142230e-03
414 6.642987e-06 9.764974e-03
415 3.454300e-06 6.011769e-03
416 2.278438e-06 6.752175e-03
417 5.043236e-06 9.839042e-03
418 4.324402e-04 1.281069e-01
419 2.534599e-04 1.687194e-01
420 3.845513e-04 7.622296e-02
421 2.985681e-05 2.154479e-02
422 1.943697e-05 3.125866e-02
423 5.746380e-04 1.047187e-01
424 1.218663e-03 2.598205e-01
425 5.369850e-04 1.278166e-01
426 4.300432e-05 4.716039e-02
427 1.977134e-03 2.542567e-01
428 1.185383e-04 4.028330e-02
429 7.795693e-05 3.197598e-02
430 2.429957e-04 4.818280e-02
431 2.737763e-04 7.294352e-02
432 5.695136e-05 2.789370e-02
433 3.875921e-05 2.366529e-02
434 1.938996e-04 4.826272e-02
435 4.622545e-05 5.126111e-02
436 2.008703e-04 4.255578e-02
437 1.325442e-04 4.132066e-02
438 3.504836e-05 2.832788e-02
439 1.733943e-03 3.545623e-01
440 1.685388e-04 3.090170e-02
441 9.215030e-05 2.131576e-02
442 1.559854e-04 9.014195e-02
443 2.077524e-05 2.533031e-02
444 2.397277e-03 4.434625e-01
445 4.868410e-04 2.136121e-01
446 1.368934e-11 9.154246e-04
447 2.277139e-12 1.224538e-03
448 7.476311e-13 9.088608e-04
449 1.436753e-12 9.125942e-04
450 3.795928e-12 9.935042e-04
451 1.279180e-09 1.782237e-03
452 1.178476e-11 1.227391e-03
453 6.055040e-10 1.122156e-03
454 1.690994e-11 1.245291e-03
455 1.240737e-10 1.251102e-03
456 1.564466e-12 1.031946e-03
457 1.321469e-13 9.244452e-04
458 3.914805e-11 1.233126e-03
459 2.635811e-07 1.453169e-02
460 6.370332e-11 2.593576e-03
461 1.337964e-12 1.054475e-03
462 2.082533e-10 2.965553e-03
463 1.164729e-10 1.127614e-03
464 6.369530e-11 1.328800e-03
465 2.180297e-11 1.151013e-03
466 1.897106e-11 1.381002e-03
467 9.965937e-12 1.082766e-03
468 2.963021e-12 1.091935e-03
469 3.883177e-11 1.325867e-03
470 4.190375e-11 1.754953e-03
471 8.346271e-12 1.218722e-03
472 4.707061e-12 1.118994e-03
473 1.891831e-11 1.318777e-03
474 6.504275e-12 1.048071e-03
475 1.530997e-10 1.316113e-03
476 4.131752e-09 1.412575e-03
477 5.879481e-07 3.215746e-03
478 2.111302e-06 7.822177e-03
479 2.589543e-09 1.574745e-03
480 2.434979e-09 2.067324e-03
481 3.736059e-10 1.858999e-03
482 5.665651e-10 2.108246e-03
483 3.345981e-10 2.060974e-03
484 2.934923e-08 2.119457e-03
485 1.157465e-09 1.759927e-03
486 9.558522e-06 1.399328e-02
487 2.784641e-09 1.487474e-03
488 9.022171e-07 9.406331e-03
489 4.541178e-03 4.699523e-01
490 6.625585e-06 7.082046e-03
491 3.797826e-06 8.885327e-03
492 3.939874e-06 5.829105e-03
493 2.983767e-06 6.780965e-03
494 1.286008e-08 6.450092e-03
495 1.380860e-07 4.942649e-03
496 1.568992e-04 3.303354e-02
497 8.597782e-05 4.625753e-02
498 7.056165e-06 8.178387e-03
499 5.995569e-08 7.823818e-03
500 2.815226e-08 5.140626e-03
501 5.908375e-06 9.021669e-03
502 1.738998e-03 2.989001e-01
503 3.434239e-05 1.045225e-02
504 4.072176e-05 1.100068e-02
505 2.115027e-06 7.214812e-03
506 1.707731e-04 3.777372e-02
507 5.818880e-05 2.963719e-02
508 9.392798e-06 1.286166e-02
509 8.904556e-08 8.603658e-03
510 8.521273e-06 1.199424e-02
511 2.521395e-06 6.218845e-03
512 1.504420e-06 8.208497e-03
513 6.738135e-06 8.132834e-03
514 1.128196e-03 9.725499e-01
515 2.875336e-07 6.970594e-03
516 8.028664e-08 6.853981e-03
517 9.823120e-07 1.387016e-02
518 1.933601e-07 6.903998e-03
519 3.138068e-06 2.330951e-02
520 1.058957e-06 1.861489e-02
521 2.263343e-05 2.990003e-02
522 3.119927e-05 2.797878e-02
523 2.089684e-05 2.720161e-02
524 6.591752e-07 1.307618e-02
525 1.705928e-06 8.167790e-03
526 4.461286e-06 2.385281e-02
527 9.265457e-07 9.830075e-03
528 1.344557e-07 5.983408e-03
529 2.608393e-06 1.757655e-02
530 3.621019e-07 5.141598e-03
531 6.575082e-07 7.278978e-03
532 6.252653e-06 1.876920e-02
533 1.372660e-06 1.250244e-02
534 4.435412e-07 1.143441e-02
535 1.512958e-06 1.233081e-02
536 4.090134e-05 3.957031e-02
537 3.219083e-06 2.483403e-02
538 9.094273e-07 1.257829e-02
539 1.576648e-05 2.559444e-02
540 6.174964e-06 2.270438e-02
541 9.405407e-06 2.526871e-02
542 6.896062e-04 2.533794e-01
543 2.672407e-06 1.903087e-02
544 1.541428e-06 7.472286e-03
545 6.467542e-07 7.426058e-03
546 1.078352e-06 6.046976e-03
547 3.958905e-10 2.494617e-03
548 6.589790e-09 3.022795e-03
549 1.351362e-08 1.590641e-03
550 6.565916e-07 5.579140e-03
551 1.520266e-07 2.642952e-03
552 1.715677e-06 1.886909e-02
553 1.096844e-05 3.229569e-02
554 4.584721e-06 9.238063e-03
555 2.953918e-06 1.187611e-02
556 2.157265e-07 3.013207e-03
557 7.764437e-08 3.777145e-03
558 3.785372e-06 1.191396e-02
559 2.572969e-08 2.469725e-03
560 2.761386e-07 3.981956e-03
561 2.444203e-07 3.157655e-03
562 1.135334e-07 3.405562e-03
563 6.715368e-08 4.789160e-03
564 1.008953e-07 3.253951e-03
565 7.085213e-07 1.436275e-02
566 3.611650e-06 5.742399e-03
567 5.563294e-05 8.220514e-02
568 1.448577e-04 2.510609e-02
569 5.619830e-04 8.264395e-02
570 2.291609e-05 1.434272e-02
571 2.524199e-05 9.146922e-03
572 1.900325e-04 3.279199e-02
573 2.081101e-05 7.319272e-03
574 1.595090e-04 3.349618e-02
575 5.302293e-05 9.342007e-03
576 8.805202e-05 1.766490e-02
577 1.070431e-05 1.238351e-02
578 4.001221e-06 9.881783e-03
579 2.147396e-03 7.611349e-01
580 1.432005e-04 3.105620e-02
581 6.912930e-06 5.082584e-03
582 3.679767e-04 6.339581e-02
583 1.949044e-05 1.098330e-02
584 4.667865e-05 1.567043e-02
585 1.158862e-04 7.577489e-02
586 1.190646e-06 1.270597e-02
587 4.009711e-06 1.326378e-02
588 5.869547e-07 1.020174e-02
589 6.545057e-07 2.626024e-03
590 2.694422e-03 4.266578e-01
591 2.150975e-04 1.440425e-01
592 3.087852e-07 6.351396e-03
593 2.527460e-05 1.763395e-02
594 2.335663e-04 3.591550e-02
595 7.209825e-08 6.660614e-03
596 2.293494e-03 1.058664e+00
597 1.147903e-11 1.912639e-03
598 1.738849e-09 1.969086e-03
599 1.148078e-09 1.938483e-03
600 2.127397e-09 2.062455e-03
601 4.688219e-09 3.033917e-03
602 6.956871e-10 2.563964e-03
603 2.780791e-09 3.254257e-03
604 3.565302e-11 1.931492e-03
605 6.260053e-09 2.078631e-03
606 7.047629e-11 1.932131e-03
607 4.635152e-11 1.777692e-03
608 1.980497e-10 2.031257e-03
609 6.074472e-06 1.295844e-02
610 4.398717e-07 4.330783e-03
611 1.268610e-03 3.108095e-01
612 2.945576e-06 2.569823e-02
613 1.053311e-05 1.905417e-02
614 5.972991e-06 2.639893e-02
615 7.355936e-07 1.034457e-02
616 2.271765e-09 3.281107e-03
617 2.209252e-05 1.339305e-02
618 3.022667e-08 4.232848e-03
619 6.795875e-08 5.033093e-03
620 3.612016e-08 5.448089e-03
621 2.301564e-04 7.051562e-02
622 4.031044e-08 5.944018e-03
623 1.829145e-08 7.249534e-03
624 4.350416e-07 6.030841e-03
625 2.235405e-07 4.559672e-03
626 4.723513e-03 7.409920e-01
627 1.074303e-06 5.025761e-03
628 1.701541e-07 1.267024e-02
629 3.197465e-05 6.227809e-02
630 7.371539e-05 3.815667e-02
631 2.502154e-05 2.839353e-02
632 4.020419e-06 3.872211e-02
633 6.313724e-09 6.070272e-03
634 1.080019e-07 5.298469e-03
635 1.574208e-07 5.174177e-03
636 6.406922e-08 7.258356e-03
637 5.710174e-07 1.367450e-02
638 8.345606e-09 8.794484e-03
639 3.279636e-07 1.532100e-02
640 3.706972e-08 4.770587e-03
641 2.603098e-08 5.577286e-03
642 3.206173e-08 6.947525e-03
643 1.616852e-06 3.490750e-02
644 2.006184e-06 6.343571e-03
645 6.102365e-07 1.249108e-02
646 1.195119e-07 1.907468e-02
647 2.451359e-07 7.619859e-03
648 1.970595e-06 2.662617e-02
649 8.528819e-08 1.060312e-02
650 3.018347e-08 5.741644e-03
651 1.358638e-08 6.389146e-03
652 7.300719e-08 7.580208e-03
653 9.483880e-04 4.258775e-01
654 1.337103e-04 8.601551e-02
655 6.810833e-09 2.905107e-03
656 2.076718e-05 3.182746e-02
657 3.314447e-03 6.822422e-01
658 1.439356e-05 2.520605e-02
659 2.460191e-07 1.340554e-02
660 1.151993e-06 1.390747e-02
661 1.293684e-06 3.501157e-02
662 4.407429e-05 2.298671e-01
663 8.745029e-07 1.399054e-02
664 2.479545e-06 1.457309e-02
665 7.347398e-07 1.668611e-02
666 3.838347e-06 3.169382e-02
667 1.441084e-05 1.904505e-02
668 2.330647e-07 7.035267e-03
669 1.647214e-06 2.992915e-02
670 1.200021e-04 4.679055e-02
671 1.413481e-05 4.045273e-02
672 1.175789e-07 6.953766e-03
673 2.770780e-05 1.703298e-01
674 1.473355e-06 7.427660e-03
675 4.704443e-04 2.278388e-01
676 1.290439e-07 1.669763e-02
677 4.690969e-05 4.062752e-02
678 1.537851e-07 8.052073e-03
679 2.614582e-04 1.264928e-01
680 2.591754e-08 3.444193e-03
681 7.783920e-07 1.334971e-02
682 4.843937e-03 9.464544e-01
683 1.407963e-06 1.571930e-02
684 4.558168e-03 3.528965e-01
685 3.142999e-07 8.807777e-03
686 4.009772e-04 3.653780e-01
687 5.578484e-06 7.902794e-03
688 2.311262e-07 8.267565e-03
689 2.551099e-07 9.026570e-03
690 7.832649e-06 1.453386e-02
691 1.059223e-06 1.519067e-02
692 1.046303e-06 1.186466e-02
693 1.914599e-06 9.383788e-03
694 7.972021e-06 5.983621e-03
695 9.152312e-06 9.650281e-03
696 5.670564e-04 1.392237e-01
697 7.301421e-06 8.161395e-02
698 1.551137e-04 1.823651e-01
699 1.566482e-06 1.671216e-02
700 2.548501e-04 3.981819e-02
701 3.163310e-06 9.426349e-03
702 3.235129e-05 1.647076e-02
703 6.956965e-07 7.275947e-03
704 6.446830e-04 5.844265e-02
705 1.140503e-04 1.809348e-02
706 2.462819e-05 1.619854e-02
707 2.819088e-05 1.030053e-02
708 8.924949e-04 5.302373e-01
709 7.466571e-06 2.445768e-02
710 1.748315e-03 1.870948e-01
711 1.996216e-04 9.746965e-02
712 3.838558e-05 4.040693e-02
713 1.733000e-05 3.612518e-02
714 1.114568e-05 2.020136e-02
715 1.288198e-07 6.486230e-03
716 2.687143e-06 1.808892e-02
717 2.467508e-05 3.229738e-02
718 2.185185e-05 1.323617e-02
719 1.393507e-05 1.224242e-02
720 4.226532e-05 2.056726e-02
721 4.601245e-04 5.655393e-02
722 6.362741e-05 3.715017e-02
723 2.314177e-04 9.372080e-02
724 3.173234e-07 6.883710e-03
725 5.838811e-06 7.349255e-03
726 2.247446e-06 1.224533e-02
727 8.515773e-04 4.633939e-01
728 2.588936e-07 1.271575e-02
729 6.590497e-06 1.415820e-02
730 1.417895e-05 1.796937e-02
731 2.696321e-06 6.807784e-03
732 1.451479e-05 8.648834e-03
733 1.451332e-06 1.040017e-02
734 9.687841e-06 1.479008e-02
735 5.346771e-05 1.466852e-02
736 1.502533e-06 1.990782e-02
737 1.282818e-03 3.591205e-01
738 9.046328e-06 5.244147e-02
739 6.579408e-06 1.175782e-02
740 2.327510e-05 1.456656e-02
741 3.781282e-06 1.019855e-02
742 7.908098e-05 6.366217e-02
743 8.837772e-05 2.205025e-02
744 1.482147e-04 4.160490e-02
745 1.880148e-04 5.059388e-02
746 9.878374e-06 1.001999e-02
747 7.826980e-05 1.421460e-02
748 5.664266e-08 6.036820e-03
749 1.591274e-06 2.864163e-02
750 2.525806e-05 6.813973e-02
751 4.214149e-07 8.197789e-03
752 8.254673e-07 1.136148e-02
753 4.757641e-04 3.126013e-01
754 1.814952e-05 2.062117e-02
755 6.649170e-05 7.508209e-02
756 7.485520e-07 1.078924e-02
757 1.464283e-04 9.481161e-02
758 2.831726e-07 5.469109e-03
759 1.785555e-05 3.208839e-02
760 7.198382e-04 2.457167e-01
761 8.421829e-04 1.869305e-01
762 4.440266e-07 9.890139e-03
763 1.049740e-06 1.173729e-02
764 2.206713e-06 1.088852e-02
765 1.101607e-03 3.809341e-01
766 9.222583e-04 5.970282e-01
767 2.101308e-03 3.192985e-01
768 1.340358e-03 4.179824e-01
769 2.588787e-07 1.124374e-02
770 2.492338e-07 5.036360e-03
771 3.776908e-07 4.892402e-03
772 5.122640e-07 4.749549e-03
773 6.400652e-05 1.365037e-01
774 1.082007e-06 6.587827e-03
775 7.273614e-06 1.155527e-02
776 6.266789e-07 5.710002e-03
777 9.084975e-08 1.023033e-02
778 7.960066e-04 1.518425e-01
779 7.256783e-08 8.939644e-03
780 2.343284e-06 6.331149e-03
781 3.412233e-08 5.345551e-03
782 7.354991e-08 2.403665e-03
783 2.998500e-08 3.591602e-03
784 3.794523e-06 1.855626e-02
785 1.257090e-05 1.365278e-02
786 1.810201e-06 8.018067e-03
787 5.481311e-07 9.516685e-03
788 7.096657e-08 1.146791e-02
789 6.753704e-08 8.423480e-03
790 6.617832e-05 1.018466e-01
791 2.162590e-07 4.321805e-03
792 9.464261e-08 1.031450e-02
793 4.470135e-06 1.383392e-02
794 4.969371e-04 2.608000e-01
795 1.679733e-05 1.730725e-02
796 4.065259e-07 6.019496e-03
797 1.377816e-05 9.294293e-02
798 1.045569e-07 7.389446e-03
799 1.873258e-04 9.989728e-02
800 2.405314e-06 1.875293e-02
801 7.333370e-07 1.083780e-02
802 5.794572e-04 1.430451e-01
803 6.552802e-04 4.864208e-01
804 1.629886e-07 1.071596e-02
805 3.387497e-05 5.364944e-02
806 5.437204e-05 1.328231e-01
807 2.974034e-05 5.326358e-02
808 1.850602e-07 5.940326e-03
809 9.863901e-07 2.377579e-02
810 2.708936e-08 2.326327e-03
811 1.742268e-05 1.689086e-02
812 2.391357e-07 4.279658e-03
813 3.308465e-05 3.866846e-02
814 6.666213e-07 1.367095e-02
815 3.274978e-07 1.595343e-02
816 1.347924e-03 3.200881e-01
817 8.945614e-05 9.979198e-02
818 3.223833e-08 9.981870e-03
819 1.437099e-06 1.300084e-02
820 1.333038e-06 3.726176e-02
821 6.469142e-06 4.157973e-02
822 2.356998e-06 3.368683e-02
823 1.224835e-05 1.180288e-01
824 1.250951e-03 7.227866e-01
825 3.319717e-03 6.846494e-01
826 2.092896e-04 3.534393e-01
827 6.787246e-04 1.666911e-01
828 7.058696e-04 7.373194e-01
829 1.146268e-03 7.203680e-01
830 1.733757e-05 1.204886e-02
831 4.320041e-07 4.723598e-03
832 4.051318e-07 5.167520e-03
833 1.235507e-06 1.098239e-02
834 3.810013e-06 6.661979e-03
835 1.356920e-06 6.804876e-03
836 3.480523e-06 4.945204e-03
837 3.357775e-06 9.433084e-03
838 9.767130e-06 8.015885e-03
839 2.510989e-07 4.998730e-03
840 8.029024e-06 1.863812e-02
841 1.193188e-06 7.200052e-03
842 8.091422e-07 8.582642e-03
843 5.151871e-07 9.811213e-03
844 2.250289e-06 1.967780e-02
845 6.146434e-05 4.030344e-02
846 1.395899e-04 6.678719e-02
847 3.039267e-06 8.131492e-03
848 1.998876e-06 1.363298e-02
849 1.206614e-04 5.890632e-02
850 5.462747e-07 6.175677e-03
851 1.769801e-05 6.675776e-02
852 2.222152e-07 6.364244e-03
853 6.011211e-05 1.749156e-02
854 7.334693e-07 5.867258e-03
855 8.232532e-06 1.727267e-02
856 2.882229e-09 1.482394e-03
857 3.423384e-09 1.302495e-03
858 7.381944e-09 2.049422e-03
859 3.508607e-09 1.499098e-03
860 4.498892e-05 1.242185e-01
861 1.046521e-07 6.852635e-03
862 4.731157e-08 1.591609e-03
863 8.437630e-09 1.539490e-03
864 4.960555e-09 1.393830e-03
865 1.335417e-08 1.573822e-03
866 1.436968e-08 2.066332e-03
867 9.539194e-08 1.720025e-03
868 1.371199e-09 1.362942e-03
869 2.586415e-09 1.627039e-03
870 1.265360e-08 1.532524e-03
871 1.719722e-09 1.393975e-03
872 1.792122e-08 1.880424e-03
873 1.706837e-08 1.418009e-03
874 2.274333e-08 1.404443e-03
875 1.832795e-03 2.376345e-01
876 2.848658e-10 1.443963e-03
877 1.981975e-08 1.456423e-03
878 6.785995e-09 1.900625e-03
879 4.506426e-09 1.352566e-03
880 1.001243e-08 1.371344e-03
881 1.205107e-09 1.397929e-03
882 1.021168e-08 1.821296e-03
883 1.252284e-08 1.760107e-03
884 3.995624e-08 1.476683e-03
885 1.018218e-08 1.567294e-03
886 6.050686e-07 6.591806e-03
887 1.314596e-05 9.247671e-03
888 5.756385e-07 1.153937e-02
889 2.449339e-04 9.330980e-02
890 3.470900e-07 1.986038e-02
891 3.963244e-05 9.110432e-02
892 4.559594e-04 1.489110e-01
893 7.390636e-07 5.651363e-03
894 2.074352e-06 3.739527e-03
895 2.459039e-06 8.471419e-03
896 2.412819e-06 1.489088e-02
897 1.959671e-03 7.434562e-01
898 3.759635e-06 1.906900e-02
899 4.189011e-05 7.857676e-02
900 8.534371e-06 8.780958e-03
901 2.944642e-05 8.363917e-03
902 1.186433e-06 9.106644e-03
903 8.138589e-08 6.134662e-03
904 9.782630e-05 1.141518e-01
905 8.407036e-07 2.005341e-02
906 3.849666e-05 4.986843e-02
907 2.323772e-03 9.442762e-01
908 5.649263e-08 2.761019e-03
909 8.351305e-07 3.167354e-03
910 3.952712e-08 1.577769e-03
911 1.333403e-05 7.585039e-03
912 3.203003e-07 5.052337e-03
913 3.449931e-08 1.722716e-03
914 2.485226e-07 4.912585e-03
915 2.106890e-06 3.659545e-03
916 3.058585e-04 1.331470e-01
917 1.170663e-07 2.130415e-03
918 4.532385e-08 1.782765e-03
919 1.323183e-08 1.394088e-03
920 8.473009e-08 2.527881e-03
921 1.116029e-09 1.059910e-03
922 3.220087e-08 1.428417e-03
923 3.913938e-04 7.500517e-02
924 7.255539e-06 1.736221e-02
925 5.364636e-08 1.068569e-03
926 4.009929e-06 1.459272e-02
927 3.379282e-08 1.325332e-03
928 1.126269e-06 4.091884e-03
929 3.238842e-06 1.043489e-02
930 2.000914e-07 3.653384e-03
931 6.547486e-07 3.814651e-03
932 2.554597e-09 1.484618e-03
933 4.230404e-08 1.824729e-03
934 5.296117e-06 1.175339e-02
935 1.578224e-07 1.860964e-03
936 8.810666e-09 1.194641e-03
937 4.433417e-07 2.937475e-03
938 8.762590e-08 1.794343e-03
939 1.375236e-06 3.543299e-03
940 1.447056e-06 6.461255e-03
941 4.040288e-07 5.563213e-03
942 7.819262e-08 1.627792e-03
943 8.288691e-07 2.192104e-03
944 8.036677e-05 8.139504e-03
945 3.989584e-08 2.264636e-03
946 5.181885e-06 6.347196e-03
947 8.602902e-06 3.150668e-02
948 9.770882e-08 6.924573e-03
949 1.417664e-06 1.057715e-02
950 1.586545e-07 7.914838e-03
951 3.029065e-07 1.592693e-02
952 1.445871e-04 1.850679e-02
953 2.943479e-08 8.944806e-03
954 4.666449e-08 3.085643e-03
955 1.107057e-05 3.687982e-02
956 4.496594e-09 3.053721e-03
957 5.855033e-08 8.410101e-03
958 2.533773e-07 6.810670e-03
959 7.560727e-05 4.967946e-02
960 1.121747e-06 1.910466e-02
961 2.724306e-06 9.800972e-03
962 9.605269e-07 1.268753e-02
963 1.529331e-08 3.842459e-03
964 1.778222e-05 4.087082e-02
965 4.894175e-08 5.410903e-03
966 2.308774e-04 1.105126e-01
967 7.069183e-05 5.716344e-02
968 1.155580e-06 4.747026e-03
969 2.056719e-07 8.090915e-03
970 4.869528e-07 1.674382e-02
971 4.556761e-07 3.109361e-03
972 1.694385e-06 7.524849e-03
973 1.248403e-07 9.420194e-03
974 6.080740e-08 3.278887e-03
975 6.973105e-06 7.005586e-03
976 1.040162e-03 2.345788e-01
977 1.208362e-05 7.138854e-03
978 7.589014e-05 1.707408e-02
979 3.487416e-07 2.830674e-03
980 2.973828e-08 1.232883e-03
981 1.615966e-07 4.095652e-03
982 1.690973e-06 7.986126e-03
983 1.164580e-06 3.767896e-03
984 7.197724e-06 9.785090e-03
985 2.557212e-06 4.038802e-03
986 1.459397e-06 4.088689e-03
987 3.620743e-08 1.271067e-03
988 4.008305e-07 2.508978e-03
989 1.302764e-05 9.079142e-03
990 5.780144e-07 3.765630e-03
991 5.175574e-06 7.073056e-03
992 4.850389e-07 2.331055e-03
993 1.288045e-07 2.442973e-03
994 4.548808e-08 2.149414e-03
995 3.597785e-06 3.682398e-03
996 1.081696e-06 3.194646e-03
997 9.667858e-04 9.505978e-02
998 2.144594e-06 5.991668e-03
999 5.679098e-06 4.713586e-03
1000 3.899675e-07 1.892403e-03
1001 3.122741e-08 1.574013e-03
1002 2.771623e-06 5.799105e-03
1003 1.637769e-08 1.778917e-03
1004 8.675812e-06 5.240505e-03
1005 9.981287e-08 2.913705e-03
1006 2.496202e-05 1.205921e-02
1007 4.327825e-08 2.925121e-03
1008 2.166347e-05 7.418790e-03
1009 3.923616e-08 4.058707e-03
1010 4.941278e-08 2.855365e-03
1011 1.870489e-07 3.696492e-03
1012 1.203300e-06 3.714743e-03
1013 5.878693e-09 2.066739e-03
1014 1.283211e-07 3.429760e-03
1015 2.260723e-09 2.130784e-03
1016 1.218505e-06 2.978428e-03
1017 2.550942e-07 1.781545e-03
1018 1.116447e-07 2.888061e-03
1019 4.543433e-08 4.399877e-03
1020 1.709808e-08 1.748696e-03
1021 7.876562e-06 6.906400e-03
1022 7.191204e-09 1.165686e-03
1023 7.378278e-07 2.055212e-03
1024 9.182230e-09 1.398787e-03
1025 6.473869e-07 2.385268e-03
1026 1.256371e-03 7.933184e-01
1027 6.797014e-05 1.067940e-01
1028 7.029793e-05 7.396874e-02
1029 6.196366e-05 9.476413e-02
1030 3.683432e-04 3.102892e-01
1031 1.981470e-03 5.047286e-01
1032 1.064318e-06 7.816034e-03
1033 1.605455e-05 1.884584e-02
1034 2.009278e-04 2.327096e-01
1035 1.423793e-06 4.455836e-03
1036 1.046395e-06 9.647870e-03
1037 3.004435e-05 2.860455e-02
1038 1.176206e-06 3.057686e-03
1039 4.572499e-06 1.578464e-02
1040 3.271612e-06 9.227575e-03
1041 5.227092e-06 2.577400e-02
1042 2.934932e-07 1.082525e-02
1043 1.083472e-05 1.610919e-02
1044 1.117591e-07 1.705703e-02
1045 8.762794e-07 7.568571e-03
1046 4.798821e-04 6.362942e-02
1047 3.830174e-04 1.602686e-01
1048 8.421458e-04 7.888136e-02
1049 2.446728e-06 8.900179e-03
1050 5.298318e-04 4.503403e-01
1051 1.300728e-03 2.605263e-01
1052 3.993484e-09 1.227160e-03
1053 5.577625e-09 1.821325e-03
1054 2.741305e-04 6.853348e-02
1055 1.566777e-10 1.556024e-03
1056 1.639834e-09 4.673002e-03
1057 1.905838e-08 2.139200e-03
1058 5.681097e-08 2.025318e-03
1059 4.142462e-11 1.031695e-03
1060 5.015215e-11 9.550856e-04
1061 5.280907e-06 3.065771e-03
1062 3.925990e-10 1.812580e-03
1063 1.265962e-07 3.807372e-03
1064 1.238779e-03 1.625444e-01
1065 8.955542e-06 1.627799e-02
1066 3.375955e-10 1.577857e-03
1067 1.459354e-10 1.439748e-03
1068 2.980243e-11 1.465210e-03
1069 1.118790e-10 1.614060e-03
1070 2.073176e-07 1.408439e-02
1071 2.559841e-07 5.299849e-03
1072 4.782782e-07 3.303910e-03
1073 1.811069e-06 1.933436e-02
1074 8.618094e-10 1.055196e-03
1075 4.342553e-06 2.597631e-02
1076 2.498896e-06 6.009191e-03
1077 9.095073e-06 1.622687e-02
1078 7.452174e-10 1.632449e-03
1079 1.566397e-07 5.817648e-03
1080 1.191779e-07 1.580996e-03
1081 3.635727e-11 1.460186e-03
1082 1.403863e-09 1.485707e-03
1083 3.586936e-08 1.829389e-03
1084 2.924847e-10 1.228474e-03
1085 1.528177e-08 4.319296e-03
1086 1.359167e-09 1.239971e-03
1087 8.192357e-10 1.369606e-03
1088 9.253964e-10 4.681274e-03
1089 2.239906e-09 1.234595e-03
1090 1.598249e-10 1.195613e-03
1091 1.024672e-09 1.229154e-03
1092 5.733491e-04 5.726111e-01
1093 3.403426e-08 1.876811e-02
1094 3.800967e-08 1.384402e-02
1095 1.849358e-09 1.692839e-03
1096 7.545857e-11 1.481495e-03
1097 4.523464e-09 4.826398e-03
1098 4.772914e-07 7.854896e-03
1099 4.044344e-08 3.260293e-03
1100 1.661693e-08 2.807744e-03
1101 1.432474e-06 5.041799e-03
1102 1.336705e-08 3.181235e-03
1103 2.596687e-08 2.754044e-03
1104 1.266414e-05 6.921315e-02
1105 1.369040e-09 1.530098e-03
1106 1.189938e-10 2.235584e-03
1107 3.806781e-10 3.128506e-03
1108 6.622255e-09 1.737561e-03
1109 4.684908e-10 2.022620e-03
1110 2.513380e-08 4.733426e-03
1111 6.978755e-10 3.955443e-03
1112 5.535887e-06 3.992436e-02
1113 1.911359e-06 1.742151e-02
1114 7.218401e-09 2.056970e-03
1115 1.337753e-05 3.530616e-02
1116 1.813728e-10 1.479015e-03
1117 1.066306e-08 1.611196e-03
1118 5.111169e-07 6.671235e-03
1119 9.147165e-07 2.375391e-02
1120 1.364020e-07 4.047495e-03
1121 4.405531e-07 6.849571e-03
1122 2.766981e-07 4.101675e-03
1123 1.334849e-07 2.484942e-03
1124 1.581782e-07 3.788156e-03
1125 6.442302e-07 4.716765e-03
1126 5.284803e-07 5.120897e-03
1127 9.336658e-08 3.877505e-03
1128 1.070869e-06 4.595137e-03
1129 5.284264e-07 3.307820e-03
1130 2.647937e-06 5.114809e-03
1131 1.191323e-04 6.467042e-02
1132 5.357668e-04 2.207964e-01
1133 9.458617e-06 4.412476e-02
1134 4.330979e-07 9.170460e-03
1135 7.454447e-07 2.430607e-03
1136 1.295771e-06 4.830811e-03
1137 1.216549e-06 5.513925e-03
1138 9.541130e-06 1.454758e-02
1139 4.934365e-08 5.255848e-03
1140 5.016685e-04 2.614613e-01
1141 1.743817e-05 3.709779e-02
1142 3.158761e-06 9.384334e-03
1143 3.829804e-07 6.783307e-03
1144 3.144054e-06 3.734937e-02
1145 6.143304e-08 9.207120e-03
1146 1.402565e-04 8.697676e-02
1147 1.067244e-05 4.401180e-02
1148 6.460225e-05 2.318515e-02
1149 4.994986e-06 1.226007e-02
1150 3.211822e-06 1.169617e-02
1151 3.225833e-05 2.394626e-02
1152 2.875780e-06 6.396575e-03
1153 7.255579e-07 4.810269e-03
1154 2.031033e-05 1.282387e-02
1155 1.203740e-05 2.693459e-02
1156 1.398668e-04 4.154010e-02
1157 2.658651e-04 7.615305e-02
1158 1.221718e-06 1.517186e-02
1159 4.098140e-04 1.988303e-01
1160 1.855392e-05 1.194520e-02
1161 6.282912e-07 7.549298e-03
1162 8.077960e-05 5.129614e-02
1163 6.249331e-04 2.752204e-01
1164 7.994503e-05 2.797749e-02
1165 1.410232e-04 2.478078e-02
1166 3.157778e-05 5.088227e-02
1167 6.927862e-05 3.986380e-02
1168 1.090551e-04 3.234957e-02
1169 2.190275e-04 5.230411e-02
1170 6.972196e-05 3.990375e-02
1171 1.473874e-05 9.207288e-03
1172 2.553483e-06 2.607179e-02
1173 5.088091e-04 2.803520e-01
1174 2.749121e-04 2.183158e-01
1175 2.731853e-05 3.930351e-02
1176 2.516725e-03 2.029742e+00
1177 2.187676e-07 3.113175e-03
1178 7.162170e-05 3.489423e-02
1179 9.533688e-06 2.412932e-02
1180 1.133869e-04 1.052127e-01
1181 4.811486e-05 2.402337e-02
1182 1.442186e-04 6.888212e-02
1183 8.528438e-05 3.183433e-02
1184 1.124664e-03 1.872648e-01
1185 6.219377e-04 2.122392e-01
1186 6.642926e-05 3.140682e-02
1187 1.145159e-06 9.454704e-03
1188 7.958836e-06 1.055415e-02
1189 9.730995e-05 4.581291e-02
1190 5.452736e-04 2.713757e-01
1191 1.596567e-04 3.952223e-02
1192 1.790332e-04 1.047964e-01
1193 8.956716e-05 4.510034e-02
1194 2.809675e-04 2.027083e-01
1195 4.971595e-04 7.203233e-02
1196 6.521838e-04 1.926445e-01
1197 3.016258e-04 7.470394e-02
1198 2.020975e-05 2.908398e-02
1199 4.937779e-04 7.468378e-02
1200 3.043644e-04 1.908467e-01
1201 1.567092e-05 2.818732e-02
1202 2.780923e-06 1.643584e-02
1203 2.059179e-04 4.791802e-02
1204 1.250880e-04 8.420869e-02
1205 2.828707e-08 4.861784e-03
1206 1.177079e-06 1.820208e-02
1207 3.955288e-08 3.645459e-03
1208 2.934780e-04 1.104682e-01
1209 1.110067e-06 8.989123e-03
1210 1.258209e-08 8.345430e-03
1211 9.271517e-08 3.596676e-03
1212 8.603945e-06 5.914751e-03
1213 1.334191e-06 7.523030e-03
1214 8.875925e-06 9.235604e-03
1215 3.425266e-07 3.470437e-02
1216 5.207312e-10 4.242201e-03
1217 1.026819e-04 2.689300e-01
1218 1.546071e-06 6.761304e-03
1219 9.102708e-08 1.285184e-03
1220 1.572733e-07 3.403968e-03
1221 5.590396e-06 8.480334e-03
1222 1.264654e-03 3.574183e-01
1223 1.839180e-07 2.071988e-03
1224 1.829200e-06 2.267212e-03
1225 3.918764e-04 7.289239e-02
1226 3.980437e-09 2.309920e-03
1227 2.549401e-03 4.836846e-01
1228 7.949077e-06 1.100283e-02
1229 1.171811e-08 1.269044e-03
1230 1.454449e-06 2.686162e-03
1231 1.364619e-06 1.845822e-03
1232 2.710400e-08 2.022665e-03
1233 1.385220e-07 2.251884e-03
1234 3.708081e-05 5.955693e-03
1235 8.837116e-08 2.558015e-03
1236 7.552413e-07 2.971847e-03
1237 1.282510e-05 4.237315e-03
1238 6.990019e-06 4.502563e-03
1239 2.107528e-07 2.330672e-03
1240 1.903302e-03 8.622769e-01
1241 2.230434e-05 6.190719e-03
1242 2.510461e-05 4.940470e-03
1243 9.112766e-07 4.246004e-03
1244 5.175585e-06 4.188544e-03
1245 1.122536e-06 2.931982e-03
1246 1.682555e-06 2.896404e-03
1247 1.438408e-04 2.795195e-02
1248 6.287199e-06 4.649260e-02
1249 4.644549e-07 1.101440e-02
1250 4.108022e-05 2.645534e-02
1251 1.112706e-05 1.966489e-02
1252 2.950896e-06 1.725542e-02
1253 1.824345e-06 1.514549e-02
1254 4.209711e-06 8.495265e-03
1255 1.192381e-03 4.283851e-01
1256 6.899155e-06 9.170952e-03
1257 2.696693e-03 1.186201e+00
1258 3.103222e-04 9.372734e-02
1259 4.691948e-04 2.569481e-01
1260 3.807767e-04 4.251352e-02
1261 7.093619e-09 1.847633e-03
1262 2.748992e-03 3.347527e-01
1263 1.044554e-06 5.507731e-03
1264 7.447266e-05 8.743992e-02
1265 1.608646e-06 3.381556e-03
1266 6.074796e-08 6.921927e-03
1267 9.436276e-09 1.942545e-03
1268 7.135909e-06 7.381590e-03
1269 1.033632e-04 6.780764e-02
1270 1.459202e-04 8.361656e-02
1271 5.130927e-06 1.121529e-02
1272 4.075557e-07 3.325396e-03
1273 6.136263e-07 6.704726e-03
1274 7.275040e-06 2.190472e-02
1275 1.409020e-04 9.472137e-02
1276 1.468965e-04 1.201902e-01
1277 1.654551e-05 1.236556e-01
1278 9.115380e-04 2.148345e-01
1279 1.442908e-06 5.951406e-03
1280 2.049646e-07 7.392441e-03
1281 5.929326e-08 8.542777e-03
1282 1.223688e-06 1.551402e-02
1283 1.065196e-06 1.306479e-02
1284 6.984156e-04 2.802945e-01
1285 1.247390e-05 3.517999e-02
1286 1.671720e-04 1.373329e-01
1287 2.972457e-08 7.190996e-03
1288 3.074405e-05 1.228645e-01
1289 1.172170e-04 1.439446e-01
1290 3.406189e-09 1.825248e-03
1291 2.685583e-05 8.152956e-02
1292 8.484151e-07 1.589188e-02
1293 2.513975e-04 2.111085e-01
1294 5.931913e-08 2.437110e-03
1295 8.860543e-06 1.812035e-02
1296 7.017614e-05 2.197571e-02
1297 1.048165e-03 4.268934e-01
1298 6.494652e-04 2.012289e-01
1299 5.066893e-05 2.226779e-02
1300 3.903489e-03 4.667194e-01
1301 1.665777e-05 4.915014e-03
1302 6.930712e-07 3.782454e-03
1303 6.807627e-05 3.784236e-02
1304 1.057985e-04 5.387450e-02
1305 4.191626e-04 1.305249e-01
1306 4.011552e-04 5.856291e-02
1307 1.435227e-03 2.723829e-01
1308 3.392460e-06 1.042840e-02
1309 1.716566e-03 3.479124e-01
1310 1.859490e-03 4.464236e-01
1311 8.736233e-04 1.911982e-01
1312 5.253969e-03 1.154033e+00
1313 1.999255e-07 4.950296e-03
1314 6.884275e-05 4.845114e-02
1315 9.366427e-08 6.028333e-03
1316 9.751471e-10 4.991507e-03
1317 5.656163e-09 3.432143e-03
1318 3.702850e-08 2.007633e-03
1319 3.394354e-09 2.521064e-03
1320 3.867839e-08 4.481305e-03
1321 7.532972e-09 4.118683e-03
1322 9.092969e-10 1.540480e-03
1323 5.250813e-07 1.497320e-02
1324 4.269970e-06 3.317195e-03
1325 4.136692e-07 6.792940e-03
1326 2.319632e-06 8.324066e-03
1327 4.682473e-07 1.021487e-02
1328 3.444578e-06 7.431929e-03
1329 6.475337e-11 2.764877e-03
1330 9.663877e-07 9.829477e-03
1331 3.435899e-04 1.674363e-01
1332 2.134221e-04 2.383980e-01
1333 7.859723e-06 3.314929e-02
1334 1.797004e-07 2.101705e-02
1335 1.148335e-04 3.176604e-02
1336 4.675783e-06 1.058697e-02
1337 9.085779e-06 6.396980e-03
1338 1.585021e-04 3.358280e-02
1339 1.386973e-05 2.933144e-02
1340 3.741662e-06 1.030108e-02
1341 1.059834e-05 8.783307e-03
1342 9.958188e-09 1.658383e-03
1343 2.423026e-03 5.896699e-01
1344 5.761471e-08 5.163982e-03
1345 8.727988e-04 4.048869e-01
1346 2.463312e-04 8.727550e-02
1347 7.860740e-05 9.327026e-02
1348 3.838624e-05 2.937184e-02
1349 1.128890e-06 1.329569e-02
1350 8.298007e-04 7.131555e-01
1351 7.268755e-04 3.585302e-01
1352 1.629988e-03 4.297341e-01
1353 1.482692e-09 3.320868e-03
1354 8.449018e-08 3.136804e-03
1355 5.408749e-05 4.272048e-02
1356 4.153011e-07 4.600326e-03
1357 1.501705e-07 5.439350e-03
1358 9.052658e-04 4.156219e-01
1359 4.752250e-07 2.570452e-02
1360 5.150924e-06 5.603678e-03
1361 1.071194e-05 1.441143e-02
1362 1.180071e-06 3.795208e-03
1363 3.196024e-09 1.349222e-03
1364 2.588755e-08 1.292263e-03
1365 1.310696e-08 1.908057e-03
1366 3.538225e-07 7.145399e-03
1367 1.165281e-05 3.773479e-02
1368 4.112015e-07 3.347202e-03
1369 4.980468e-08 2.316405e-03
1370 1.909177e-08 1.156285e-03
1371 2.074600e-06 2.824592e-03
1372 4.138706e-08 1.248310e-03
1373 2.272166e-07 2.052556e-03
1374 1.778288e-06 9.132645e-03
1375 8.324139e-04 2.251104e-01
1376 4.458185e-05 2.951237e-02
1377 5.071044e-04 8.041149e-02
1378 4.910239e-07 1.158087e-02
1379 4.363194e-04 1.129149e-01
1380 1.473716e-04 6.468018e-02
1381 1.128328e-06 2.254027e-02
1382 1.712984e-07 2.286267e-03
1383 1.143989e-05 7.804852e-03
1384 1.033269e-03 4.530469e-01
1385 7.823301e-06 4.196690e-02
1386 1.078913e-04 1.696583e-01
1387 2.141699e-03 6.294045e-01
1388 2.501510e-03 5.323154e-01
1389 4.738957e-06 8.043743e-03
1390 5.549217e-04 2.123029e-01
1391 7.314075e-06 1.855776e-02
1392 1.275340e-07 1.609023e-02
1393 3.324005e-07 3.092104e-03
1394 2.408875e-07 1.088178e-02
1395 2.436766e-05 4.343430e-02
1396 8.859626e-07 5.270044e-03
1397 2.007367e-07 4.613604e-03
1398 1.043602e-03 4.916286e-01
1399 2.439759e-05 1.894480e-02
1400 5.118613e-06 8.780385e-03
1401 4.909821e-05 6.215634e-02
1402 8.857668e-07 4.036814e-03
1403 1.254905e-05 5.114677e-03
1404 3.835378e-05 4.211250e-02
1405 1.447928e-07 2.192431e-03
1406 4.983243e-05 1.999962e-02
1407 5.579621e-08 2.703780e-03
1408 6.879789e-09 2.398227e-03
1409 7.973596e-05 5.070705e-02
1410 1.639370e-03 1.865176e-01
1411 2.183376e-05 1.591382e-01
1412 6.325402e-04 2.967906e-01
1413 8.541629e-07 2.488975e-03
1414 3.246507e-03 7.023351e-01
1415 1.912068e-08 3.234146e-03
1416 1.031988e-05 5.893157e-03
1417 8.682075e-05 1.228712e-02
1418 1.642656e-06 3.974234e-03
1419 4.604374e-04 1.145027e-01
1420 1.215527e-03 3.824433e-01
1421 2.685102e-04 1.574483e-01
1422 4.138882e-04 8.154986e-02
1423 3.295984e-03 4.760352e-01
1424 3.046352e-07 9.896229e-03
1425 7.983638e-04 8.517932e-01
1426 8.799377e-04 4.643410e-01
1427 1.268769e-05 4.303924e-02
1428 4.894243e-05 1.719675e-02
1429 5.037695e-06 1.140623e-02
1430 2.703095e-05 4.529499e-02
1431 1.063205e-04 4.320243e-02
1432 4.045953e-04 8.917039e-02
1433 4.865312e-08 7.799042e-03
1434 1.049920e-07 3.259747e-02
1435 1.022912e-05 6.319304e-02
1436 2.582679e-04 4.096702e-01
1437 1.809178e-06 4.796900e-03
1438 3.273130e-05 1.010115e-02
1439 1.376140e-03 9.912282e-01
1440 1.139068e-04 7.210944e-02
1441 4.334659e-03 5.543581e-01
1442 3.590887e-10 2.166484e-03
1443 9.591136e-07 5.632337e-02
1444 7.200489e-07 3.605227e-02
1445 3.327792e-06 4.716025e-02
1446 6.782069e-07 6.437082e-03
1447 2.439228e-04 4.297041e-02
1448 4.798967e-07 9.881850e-03
1449 1.131330e-04 1.240898e-01
1450 3.008693e-05 1.272998e-01
1451 6.912917e-08 1.811750e-03
1452 3.829744e-07 1.410112e-02
1453 1.135854e-06 2.041883e-03
1454 6.707893e-08 1.287487e-02
1455 3.405412e-09 4.418609e-03
1456 2.820807e-05 9.917458e-03
1457 1.337344e-08 5.411387e-03
1458 1.002279e-08 2.875023e-03
1459 4.116764e-05 8.980325e-03
1460 1.356285e-07 4.510063e-03
1461 5.637896e-08 7.681769e-03
1462 1.543309e-07 8.564783e-03
1463 1.462430e-05 3.465649e-02
1464 4.956503e-04 7.824865e-01
1465 3.763365e-04 4.017059e-01
1466 5.037088e-04 3.908692e-01
1467 1.320398e-04 4.578176e-02
1468 1.244532e-03 7.785148e-01
1469 1.245947e-03 4.880506e-01
1470 1.985822e-04 3.876664e-02
1471 1.947595e-04 2.162829e-02
1472 6.143493e-05 1.228225e-01
1473 9.743473e-09 2.958734e-03
1474 9.936335e-09 1.252694e-02
1475 6.041929e-08 4.535627e-03
1476 1.523005e-05 8.751508e-03
1477 1.521168e-03 3.216274e-01
1478 2.390361e-06 2.846129e-02
1479 6.333399e-04 1.340879e-01
1480 5.947851e-04 1.611565e-01
1481 5.006324e-06 3.435144e-02
1482 2.333434e-05 6.497416e-02
1483 3.368004e-06 1.190829e-02
1484 9.614965e-06 7.784721e-03
1485 2.231645e-05 8.582685e-03
1486 2.025472e-03 3.423542e-01
1487 1.816447e-05 1.475196e-02
1488 1.499036e-04 4.474236e-02
1489 7.156680e-05 1.373688e-02
1490 4.782175e-05 7.832894e-03
1491 1.382322e-03 2.456397e-01
1492 1.257289e-05 2.259997e-02
1493 1.960191e-06 5.414069e-03
1494 2.091708e-05 2.230249e-02
1495 3.695495e-04 3.527180e-01
1496 3.378001e-05 1.127920e-02
1497 1.012679e-04 1.161754e-01
1498 2.137959e-03 7.201585e-01
1499 1.920555e-04 6.355336e-02
1500 6.839437e-07 1.029963e-02
1501 7.837457e-04 1.606483e-01
1502 6.136568e-04 1.599137e-01
1503 4.009200e-04 4.215934e-02
1504 4.027802e-03 6.596938e-01
1505 8.564452e-06 7.114392e-02
1506 1.370581e-06 1.719899e-03
1507 1.590253e-03 2.512567e-01
1508 1.858128e-03 8.912413e-01
1509 2.902287e-06 4.394953e-03
1510 1.579374e-07 3.752503e-03
1511 1.271405e-03 2.561790e-01
1512 1.658496e-07 1.065743e-03
1513 2.194899e-07 1.732942e-02
1514 5.023606e-08 5.217299e-03
1515 5.622822e-06 1.026283e-02
1516 2.436412e-05 1.106142e-01
1517 3.567568e-06 1.733080e-02
1518 2.049248e-05 8.585525e-02
1519 2.503469e-09 1.807280e-03
1520 1.504226e-04 7.422452e-02
1521 3.330822e-08 2.451540e-03
1522 5.645779e-08 4.724582e-03
1523 2.406168e-06 7.512089e-03
1524 1.164878e-03 3.675539e-01
1525 1.718254e-05 5.382496e-02
1526 6.480170e-06 2.403203e-02
1527 1.582376e-04 9.012611e-02
1528 1.234529e-05 9.758037e-03
1529 3.386017e-05 2.814700e-02
1530 9.823771e-07 7.299805e-03
1531 4.515399e-04 1.203542e-01
1532 4.439643e-06 2.060054e-02
1533 1.116512e-04 1.149791e-01
1534 1.755439e-03 4.851350e-01
1535 2.196638e-03 5.736477e-01
1536 2.262054e-04 3.225956e-01
1537 1.992350e-07 8.418492e-03
1538 2.535357e-05 3.875404e-01
1539 3.445963e-06 2.689010e-02
1540 1.846921e-07 4.667935e-02
1541 6.931181e-04 2.583453e-01
1542 1.867838e-03 1.328492e+00
1543 9.891948e-08 5.586346e-03
1544 1.013151e-06 1.681718e-02
1545 6.031976e-09 3.642803e-03
1546 6.358520e-05 1.600135e-01
1547 2.592097e-05 3.833198e-02
1548 2.523649e-07 3.961804e-02
1549 3.148476e-09 2.624562e-03
1550 6.828170e-04 6.256550e-02
1551 1.173781e-06 1.651438e-02
1552 3.135825e-08 1.275239e-03
1553 1.533241e-07 3.201061e-03
1554 1.886826e-03 4.664550e-01
1555 7.564036e-04 3.414166e-01
1556 2.921721e-06 4.125528e-02
1557 4.279180e-04 2.491339e-01
1558 4.865190e-04 3.357652e-01
1559 1.669931e-03 4.067028e-01
1560 2.642342e-06 5.718980e-03
1561 4.557708e-04 7.400790e-02
1562 4.903265e-06 1.415724e-02
1563 2.656412e-03 2.015418e-01
1564 4.149835e-07 8.060676e-03
1565 2.730480e-04 8.546501e-02
1566 4.793021e-05 3.478517e-02
1567 2.845949e-06 7.887762e-03
1568 1.737390e-04 3.253594e-02
1569 1.274481e-04 4.766902e-02
1570 4.763027e-04 9.017244e-02
1571 1.619445e-04 7.020207e-02
1572 3.477880e-09 1.951072e-03
1573 1.810207e-03 2.266638e-01
1574 8.815450e-07 5.632577e-03
1575 1.863810e-05 2.328279e-02
1576 3.002839e-05 1.667470e-02
1577 2.270712e-04 3.449624e-01
1578 1.556242e-07 6.671848e-03
1579 1.090002e-04 3.131954e-02
1580 9.367658e-09 2.504555e-03
1581 2.798446e-06 5.896256e-03
1582 7.773145e-06 7.384965e-03
1583 8.369184e-04 1.393183e-01
1584 7.838543e-06 9.598061e-03
1585 1.401135e-03 5.472877e-01
1586 5.515612e-04 5.104670e-01
1587 1.411844e-04 1.551819e-01
1588 5.645706e-04 2.424651e-01
1589 4.401134e-04 2.248112e-01
1590 3.166521e-04 3.329614e-01
1591 4.837946e-05 6.292018e-02
1592 6.915988e-05 3.855151e-02
1593 2.092466e-04 1.403927e-01
1594 5.482124e-05 5.079209e-02
1595 3.921480e-04 4.122198e-02
1596 8.527945e-05 3.304237e-02
1597 2.276847e-04 4.170581e-02
1598 2.009813e-04 1.381290e-01
1599 7.197132e-06 4.305485e-03
1600 6.388067e-04 1.765968e-01
1601 2.559874e-06 1.646674e-03
1602 4.563102e-03 7.691873e-01
1603 1.120179e-07 2.588753e-03
1604 9.121655e-09 2.526215e-03
1605 2.784878e-04 1.207674e-01
1606 5.907305e-10 2.940792e-03
1607 1.781366e-08 1.978461e-03
1608 1.423198e-07 2.089695e-03
1609 3.311897e-04 1.056797e-01
1610 2.263858e-04 1.212301e-01
1611 2.045655e-11 1.884621e-03
1612 2.582372e-08 2.242963e-03
1613 1.040178e-05 4.457734e-03
1614 9.384670e-07 5.451184e-03
1615 3.828134e-04 2.608859e-01
1616 1.635355e-04 1.536117e-01
1617 2.236548e-04 1.864402e-01
1618 7.482562e-05 7.418836e-02
1619 4.634975e-04 6.476880e-01
1620 1.195325e-06 1.117224e-02
1621 2.189495e-04 1.434522e-01
1622 4.841404e-07 5.908932e-03
1623 1.003756e-05 5.341660e-02
1624 1.438896e-07 5.299022e-03
1625 7.483805e-09 1.697658e-03
1626 4.133675e-08 9.853325e-03
1627 4.193112e-07 6.889410e-03
1628 2.224159e-09 1.990267e-03
1629 2.240124e-04 8.916433e-02
1630 1.421808e-09 1.722748e-03
1631 1.592912e-06 1.216768e-02
1632 1.330810e-07 1.016841e-02
1633 4.602598e-05 4.945746e-02
1634 1.284854e-03 7.072273e-01
1635 1.132555e-03 4.474920e-01
1636 3.218031e-03 1.225005e+00
1637 1.968812e-04 1.544803e-01
1638 5.207919e-04 8.503480e-02
1639 2.830531e-03 9.839213e-01
1640 2.602586e-03 1.940513e-01
1641 7.809760e-04 3.671117e-01
1642 1.886362e-04 9.948135e-02
1643 4.702543e-05 5.676624e-02
1644 1.216074e-03 1.618511e-01
1645 3.051692e-08 1.658710e-03
1646 7.471234e-04 6.589117e-02
1647 2.800594e-03 3.601216e-01
1648 1.068159e-06 6.564043e-03
1649 1.164890e-04 3.409843e-02
1650 5.384770e-04 4.033137e-01
1651 1.036870e-04 6.413614e-03
1652 3.508965e-03 7.994445e-01
1653 1.116861e-03 7.345887e-01
1654 4.413012e-07 2.840194e-03
1655 1.700344e-06 8.612691e-03
1656 6.903390e-10 3.791140e-03
1657 2.314647e-08 1.274666e-03
1658 3.288688e-07 3.464000e-03
1659 1.293768e-06 1.101322e-02
1660 5.345780e-10 2.013559e-03
1661 4.655007e-04 1.383540e-01
1662 2.036647e-08 8.359025e-03
1663 7.043962e-05 7.208601e-02
1664 5.495258e-09 7.017625e-03
1665 5.039418e-04 9.648679e-02
1666 1.813304e-05 1.031592e-01
1667 4.941836e-05 6.633946e-02
1668 1.809460e-06 3.148575e-03
1669 1.515743e-06 6.473367e-03
1670 1.817241e-06 1.140816e-02
1671 1.049036e-07 4.713284e-03
1672 9.289429e-06 3.259606e-02
1673 3.096587e-04 7.201725e-02
1674 8.535638e-06 4.121239e-03
1675 6.622566e-04 4.164684e-02
1676 3.145853e-08 1.486787e-03
1677 2.261498e-05 2.034433e-02
1678 5.945753e-05 3.115795e-01
1679 8.543588e-06 1.441654e-02
1680 4.804280e-06 1.873852e-02
1681 2.729652e-04 9.933050e-02
1682 1.950573e-06 8.433897e-03
1683 1.125809e-07 1.426747e-02
1684 1.272127e-07 7.034182e-03
1685 2.466095e-10 2.228342e-03
1686 9.882488e-06 4.914390e-02
1687 4.803392e-06 2.208749e-02
1688 8.516781e-09 1.180710e-03
1689 3.828493e-06 4.568363e-02
1690 2.606319e-06 1.131038e-02
1691 1.222504e-04 7.388109e-02
1692 6.537567e-04 7.594794e-01
1693 5.813216e-04 6.222092e-01
1694 5.519106e-04 1.917728e-01
1695 5.069881e-07 9.213906e-03
1696 2.929110e-08 3.057633e-03
1697 8.545866e-09 6.228025e-03
1698 1.617218e-03 1.376946e-01
1699 7.948963e-07 1.730161e-02
1700 1.487569e-04 4.074167e-02
1701 1.974527e-06 1.062438e-02
1702 3.683764e-07 6.262890e-03
1703 4.095592e-06 1.644445e-02
1704 2.158213e-06 7.269602e-03
1705 9.036783e-04 4.240311e-01
1706 9.372061e-06 5.422428e-02
1707 1.265451e-06 3.528393e-03
1708 9.487622e-11 2.066072e-03
1709 1.034640e-10 5.400185e-03
1710 8.725793e-10 1.420065e-03
1711 2.719725e-07 1.074995e-02
1712 6.463084e-07 5.667167e-03
1713 2.755612e-08 4.480878e-03
1714 1.572454e-07 6.151116e-03
1715 4.060838e-07 4.560594e-03
1716 5.417377e-08 6.169805e-03
1717 2.137805e-09 2.196819e-03
1718 3.486748e-07 1.828617e-02
1719 6.274184e-12 1.983143e-03
1720 2.945847e-07 4.853505e-03
1721 1.164422e-09 1.542999e-03
1722 4.178035e-07 1.302001e-02
1723 3.362555e-10 1.305806e-03
1724 9.775700e-11 1.416023e-03
1725 6.406101e-08 1.942004e-03
1726 1.115070e-06 3.788068e-02
1727 2.420244e-08 1.036239e-02
1728 9.609272e-09 2.570672e-03
1729 6.740317e-06 1.436388e-02
1730 1.827842e-07 4.525878e-03
1731 5.190218e-08 4.024398e-03
1732 1.143388e-03 1.261008e-01
1733 2.711147e-04 2.648341e-01
1734 1.263681e-03 4.318871e-01
1735 1.090519e-05 7.524380e-02
1736 1.504475e-07 7.935205e-03
1737 4.609239e-06 9.296652e-03
1738 3.623927e-04 2.497061e-01
1739 1.048163e-03 3.080926e-01
1740 4.571811e-06 2.504458e-02
1741 4.408775e-11 1.330462e-03
1742 8.296078e-08 1.709181e-03
1743 5.544113e-08 4.123469e-03
1744 3.100505e-08 2.078157e-03
1745 4.308706e-10 2.243333e-03
1746 9.804408e-08 8.582125e-03
1747 5.757089e-07 2.368978e-02
1748 4.498278e-05 1.227459e-02
1749 9.737809e-07 7.028463e-03
1750 1.410636e-06 8.821199e-03
1751 1.093385e-07 4.099931e-03
1752 3.893911e-08 7.635021e-03
1753 5.330077e-05 1.100738e-01
1754 1.159082e-03 5.046270e-01
1755 1.194407e-03 4.472905e-01
1756 9.551601e-07 2.005729e-02
1757 6.149012e-05 8.288114e-02
1758 2.108713e-03 7.731164e-01
1759 3.799371e-04 1.744259e-01
1760 5.138842e-04 3.185383e-01
1761 4.054864e-03 7.434806e-01
1762 1.623845e-03 7.807673e-01
1763 1.295521e-04 2.138683e-01
1764 8.105130e-05 2.823390e-02
1765 7.504378e-05 4.829864e-02
1766 8.055745e-04 3.056134e-01
1767 1.506545e-04 7.202490e-02
1768 1.620895e-05 3.645222e-02
1769 1.968677e-04 1.590941e-01
1770 1.231888e-03 2.076774e-01
1771 2.575905e-05 1.249864e-01
1772 3.313391e-08 4.457810e-03
1773 3.691156e-03 2.097241e+00
1774 8.263321e-04 3.552284e-01
1775 2.914262e-03 1.280849e+00
1776 1.188945e-03 2.544158e-01
1777 4.365889e-05 5.943273e-02
1778 1.051683e-03 7.133503e-01
1779 3.967112e-04 1.019014e-01
1780 3.552091e-05 7.278339e-02
1781 5.882977e-05 3.718244e-02
1782 6.262524e-05 3.815620e-02
1783 5.444232e-03 8.410865e-01
1784 1.165592e-04 8.161392e-02
1785 4.374790e-05 1.080326e-01
1786 5.391643e-04 3.684740e-02
1787 7.244952e-04 1.093687e-01
1788 1.702656e-03 3.861748e-01
1789 7.059193e-04 1.790613e-01
1790 1.468905e-05 2.025482e-02
1791 1.139415e-04 1.673060e-01
1792 1.140677e-03 3.034746e-01
1793 1.147625e-03 9.432990e-02
1794 6.575539e-04 3.700958e-02
1795 1.879895e-04 3.991296e-02
1796 7.759364e-05 1.200094e-01
1797 1.655399e-04 1.140186e-01
1798 1.663518e-05 5.014599e-02
1799 3.150252e-06 1.601936e-02
1800 2.057567e-04 2.140678e-01
1801 7.410970e-05 4.589416e-02
1802 4.294059e-03 6.920641e-01
1803 1.713097e-03 2.975424e-01
1804 3.373935e-04 2.983280e-01
1805 1.284700e-04 9.720198e-02
1806 3.817310e-05 7.299899e-02
1807 5.568167e-05 3.526906e-02
1808 1.560776e-03 3.050288e-01
1809 5.026840e-06 2.353306e-02
1810 1.674511e-07 9.318936e-03
1811 4.411804e-07 1.305400e-02
1812 4.215371e-05 2.485429e-02
1813 4.218758e-06 1.046760e-02
1814 1.150920e-07 2.086413e-02
1815 8.786591e-06 7.439028e-02
1816 7.356175e-06 3.053816e-02
1817 2.631576e-04 9.899944e-02
1818 1.064904e-06 4.657742e-02
1819 3.027654e-03 7.344971e-01
1820 1.712946e-04 1.619381e-01
1821 3.809643e-05 3.077493e-02
1822 3.316355e-06 2.098595e-02
1823 3.647770e-06 4.864405e-02
1824 1.080885e-03 8.929003e-02
1825 2.988592e-03 4.468266e-01
1826 9.493787e-04 1.147721e-01
1827 3.678459e-06 1.249935e-02
1828 3.895022e-06 1.817077e-02
1829 1.241207e-06 1.701183e-02
1830 2.156095e-03 1.166113e+00
1831 1.979797e-06 9.484126e-03
1832 5.174614e-04 4.666686e-02
1833 9.132552e-08 1.114143e-02
1834 2.914647e-05 2.409342e-02
1835 1.207897e-08 8.520354e-03
1836 5.831119e-06 6.764612e-03
1837 1.528580e-03 2.786266e-01
1838 4.258826e-05 3.624595e-02
1839 1.121986e-05 4.666992e-02
1840 4.472062e-05 8.598617e-02
1841 8.058193e-05 5.174293e-02
1842 5.703481e-06 2.230680e-02
1843 3.808305e-06 1.884164e-02
1844 2.855879e-06 2.149725e-02
1845 2.232467e-04 2.703919e-02
1846 1.879702e-06 7.321279e-03
1847 8.034342e-05 1.616375e-02
1848 2.859645e-06 1.284982e-02
1849 3.096182e-06 1.532803e-02
1850 2.522945e-06 9.978475e-03
1851 1.030214e-05 6.022572e-03
1852 7.057057e-07 4.827507e-03
1853 3.246951e-06 4.814217e-03
1854 2.195657e-04 1.105362e-01
1855 5.721691e-06 2.980772e-02
1856 6.169316e-05 1.072928e-01
1857 5.943348e-04 2.203909e-01
1858 9.883282e-05 1.119494e-01
1859 5.561405e-06 5.716908e-03
1860 1.377034e-03 1.193773e-01
1861 2.365307e-08 7.876039e-03
1862 4.039667e-06 9.829153e-03
1863 3.087773e-06 2.641993e-02
1864 1.487802e-03 1.783237e-01
1865 3.586287e-04 8.516857e-02
1866 1.675232e-05 5.019712e-02
1867 2.102791e-06 1.201702e-02
1868 2.097764e-08 9.838341e-03
1869 4.675924e-08 6.760343e-03
1870 7.294351e-07 1.601508e-02
1871 5.021308e-04 3.726817e-01
1872 1.907820e-04 2.535679e-01
1873 1.887242e-04 3.204009e-02
1874 9.530085e-05 9.845799e-02
1875 1.111615e-03 1.796618e-01
1876 4.502136e-05 1.227092e-02
1877 9.175148e-05 3.849466e-02
1878 4.348696e-05 1.012167e-02
1879 2.277871e-05 3.721814e-02
1880 2.596714e-05 2.196932e-02
1881 3.009826e-04 3.225751e-01
1882 2.732137e-06 6.484795e-02
1883 9.294944e-07 4.445451e-02
1884 4.733471e-05 8.844453e-02
1885 9.535952e-06 3.869041e-02
1886 4.578494e-05 1.155012e-01
1887 4.500673e-06 8.610065e-03
1888 9.168726e-07 1.631608e-02
1889 1.450066e-07 7.993446e-03
1890 1.577210e-09 5.479503e-03
1891 5.303332e-07 5.619852e-03
1892 1.376003e-06 6.025713e-03
1893 7.813792e-09 2.192649e-02
1894 3.466805e-05 6.243280e-02
1895 7.913325e-05 3.553632e-02
1896 7.116653e-07 5.052102e-03
1897 3.154071e-08 3.675898e-03
1898 1.281339e-06 3.890837e-03
1899 7.013038e-05 2.169408e-02
1900 4.567768e-05 2.354383e-02
1901 1.167320e-09 1.743911e-03
1902 1.717544e-03 3.540795e-01
1903 4.846151e-04 3.903918e-01
1904 1.869932e-04 4.196414e-02
1905 1.088921e-03 1.846474e-01
1906 1.619370e-03 6.934965e-01
1907 1.292440e-07 7.405735e-03
1908 2.065822e-06 8.175243e-03
1909 5.073301e-07 5.443504e-03
1910 3.083653e-04 4.058555e-02
1911 2.034939e-06 1.197781e-02
1912 1.717525e-04 7.698412e-02
1913 2.081393e-04 7.638832e-02
1914 9.983831e-04 1.891050e-01
1915 1.942348e-03 7.892440e-01
1916 1.119154e-03 2.769002e-01
1917 2.308883e-04 1.984292e-01
1918 4.715193e-04 2.073286e-01
1919 1.813876e-03 3.462143e-01
1920 3.198077e-05 7.146001e-02
1921 7.305962e-05 4.593568e-02
1922 7.428607e-04 2.263581e-01
1923 1.031338e-03 1.576601e-01
1924 1.394677e-03 3.983363e-01
1925 2.815996e-05 7.524544e-02
1926 1.036547e-05 2.492323e-02
1927 5.082166e-04 1.510194e-01
1928 5.859545e-04 3.540882e-01
1929 1.381324e-04 6.265080e-02
1930 8.586907e-07 6.084162e-03
1931 2.713705e-07 3.883698e-02
1932 3.435694e-07 2.589580e-02
1933 3.888023e-04 6.552589e-02
1934 5.871292e-07 7.600483e-03
1935 2.107162e-05 6.584586e-02
1936 9.554297e-06 2.244247e-02
1937 7.331044e-04 1.318530e-01
1938 7.134581e-04 1.600339e-01
1939 2.140409e-04 8.394700e-02
1940 1.186827e-04 1.008883e-01
1941 3.154705e-07 7.983954e-03
1942 1.513606e-04 1.729775e-01
1943 6.387096e-05 1.283322e-01
1944 2.465501e-05 3.725988e-02
1945 1.283402e-05 1.374354e-02
1946 9.518434e-05 1.403083e-01
1947 7.265882e-05 2.480437e-02
1948 9.298509e-04 1.548748e-01
1949 4.068408e-03 6.987937e-01
1950 1.498293e-03 2.483638e-01
1951 6.775552e-04 3.480393e-01
1952 9.140038e-05 1.493144e-01
1953 1.929487e-05 2.604407e-02
1954 3.389905e-05 1.805839e-02
1955 9.657201e-04 6.761251e-01
1956 1.122707e-03 4.660908e-01
1957 4.662381e-03 7.633393e-01
1958 1.482484e-03 4.801095e-01
1959 1.158600e-08 7.319577e-03
1960 1.805125e-05 1.848182e-02
1961 9.661250e-11 2.938943e-03
1962 4.094387e-08 7.222599e-03
1963 9.480769e-10 2.056910e-03
1964 3.176728e-09 3.510050e-03
1965 3.698712e-04 4.355103e-02
1966 3.640981e-06 1.205098e-02
1967 6.454091e-04 2.600026e-01
1968 4.613658e-05 2.522484e-02
1969 1.476432e-05 2.108457e-02
1970 1.734833e-06 9.667536e-03
1971 2.181474e-05 2.612534e-02
1972 8.924665e-08 7.141208e-03
1973 1.804043e-03 2.582472e-01
1974 1.980161e-05 4.085861e-02
1975 3.068078e-06 1.706585e-02
1976 2.813983e-05 3.300404e-02
1977 8.669246e-04 2.721899e-01
1978 7.090232e-05 6.988697e-02
1979 4.030877e-04 9.131716e-02
1980 5.643623e-04 1.071694e-01
1981 3.189261e-04 8.537029e-02
1982 1.762839e-04 1.633198e-01
1983 1.989917e-03 6.547138e-01
1984 7.214707e-05 9.698964e-02
1985 6.074055e-05 2.335130e-01
1986 3.085164e-05 8.779709e-02
1987 1.192035e-03 9.244420e-01
1988 1.500216e-05 5.360687e-02
1989 6.378983e-05 5.331933e-02
1990 3.427277e-04 2.278178e-01
1991 1.294834e-06 1.449057e-02
1992 5.091561e-05 5.888312e-02
1993 2.644068e-03 2.707196e-01
1994 6.400857e-04 7.350628e-02
1995 4.805366e-05 7.664903e-02
1996 3.295215e-04 7.114531e-02
1997 4.254449e-03 7.816533e-01
1998 5.548806e-04 2.580903e-01
1999 1.772988e-03 3.814480e-01
2000 5.497966e-04 2.074592e-01
