2 5.854773e-05 1.713726e-01
3 1.084622e-03 1.091507e+00
4 2.478013e-03 5.791008e-01
5 2.214639e-04 1.544410e-01
6 3.987181e-03 1.669895e+00
7 1.334675e-03 5.621288e-01
8 1.378125e-06 5.506147e-02
9 9.093911e-07 1.147918e-02
10 1.232976e-03 3.481632e-01
11 1.337178e-03 6.879747e-01
12 5.961292e-05 4.942935e-02
13 1.797783e-03 9.318308e-01
14 6.667169e-04 2.283068e-01
15 3.772464e-04 1.153763e-01
16 8.885081e-05 7.292401e-02
17 2.557073e-05 2.540314e-02
18 2.033470e-03 3.579405e-01
19 5.668861e-05 3.412148e-01
20 3.595809e-04 6.777234e-01
21 1.628464e-03 4.537459e-01
22 2.917359e-05 3.419544e-02
23 3.742025e-03 1.179216e+00
24 2.058209e-03 7.681189e-01
25 8.236461e-05 6.402749e-02
26 1.771449e-03 9.768373e-01
27 1.218361e-03 1.578002e-01
28 4.172254e-04 9.512826e-02
29 2.136739e-03 1.287468e+00
30 5.728751e-07 7.919502e-03
31 1.891979e-03 6.451729e-01
32 3.756445e-03 8.529135e-01
33 5.898126e-04 5.864946e-02
34 1.024198e-05 1.076601e-02
35 4.447790e-05 2.909027e-01
36 1.217339e-03 1.514994e-01
37 1.904698e-03 1.409772e+00
38 6.294364e-03 2.080980e+00
39 1.853027e-03 9.527856e-01
40 1.007149e-04 3.032351e-01
41 6.481762e-07 7.242647e-03
42 4.302661e-03 1.412515e+00
43 2.460014e-05 1.996074e-02
44 8.717264e-09 3.026685e-03
45 2.937579e-07 2.823447e-03
46 1.300759e-09 1.441489e-03
47 1.069704e-08 6.340379e-03
48 9.690966e-08 7.274393e-03
49 9.864521e-08 9.179138e-03
50 4.199909e-07 3.353258e-02
51 6.624829e-09 3.201616e-03
52 1.343055e-07 5.697148e-03
53 3.013066e-08 5.716503e-03
54 1.093282e-08 4.309352e-03
55 3.362159e-09 3.403758e-03
56 2.869647e-06 2.310395e-02
57 1.088158e-06 4.342347e-02
58 2.610778e-09 1.718218e-03
59 7.538413e-07 1.321019e-02
60 1.855877e-08 2.459766e-03
61 3.524767e-09 4.242558e-03
62 3.166475e-08 1.364534e-03
63 3.257554e-07 5.825913e-03
64 2.588275e-08 1.184532e-02
65 1.161617e-08 2.830730e-03
66 5.649036e-08 4.911845e-03
67 2.272446e-09 4.816448e-03
68 3.947887e-06 1.229019e-02
69 1.167997e-05 1.247299e-02
70 1.784458e-03 9.079448e-01
71 1.175536e-11 4.412656e-03
72 1.692449e-04 1.024357e-01
73 1.388460e-07 4.657508e-03
74 2.588142e-08 5.806863e-03
75 1.208196e-07 5.869839e-03
76 1.719723e-05 9.996361e-03
77 2.589280e-07 4.928209e-03
78 1.835673e-05 5.484522e-02
79 5.201806e-06 1.159935e-02
80 1.980362e-05 1.051169e-01
81 1.860837e-07 3.222910e-03
82 2.442371e-05 4.821224e-02
83 4.479739e-09 2.531192e-03
84 3.321336e-05 3.702914e-02
85 2.582979e-07 8.042116e-03
86 2.119295e-04 8.840571e-02
87 1.696399e-04 3.036618e-01
88 3.082436e-09 2.775870e-03
89 2.493056e-04 7.697574e-02
90 1.992845e-04 1.464799e-01
91 9.157829e-06 2.071369e-02
92 2.939005e-04 1.242672e-01
93 7.348547e-06 5.632725e-02
94 4.680740e-07 9.075297e-03
95 5.225123e-10 5.393084e-03
96 3.447402e-06 1.524000e-02
97 2.177553e-05 2.685203e-02
98 3.980408e-04 9.777650e-02
99 1.241856e-04 3.592027e-01
100 2.186061e-03 1.312724e+00
101 2.584174e-03 2.698650e-01
102 8.718542e-08 6.802388e-03
103 8.384907e-04 3.446650e-01
104 7.583776e-09 2.473671e-02
105 8.546219e-04 1.623319e-01
106 7.159441e-05 8.166411e-02
107 1.320816e-07 1.227201e-02
108 8.781163e-06 1.173445e-01
109 7.697606e-08 1.221819e-02
110 4.520731e-07 4.864765e-03
111 1.430155e-07 1.091291e-02
112 1.508867e-08 1.961460e-02
113 2.833274e-04 2.063668e-01
114 2.868719e-05 2.301490e-02
115 9.087057e-05 4.705379e-02
116 1.875534e-04 1.309229e-01
117 8.313913e-07 7.675815e-03
118 1.887053e-08 3.735589e-03
119 2.575430e-03 8.859118e-01
120 6.343924e-05 4.998585e-02
121 3.415997e-07 9.119362e-03
122 4.774408e-07 5.363010e-03
123 3.124119e-04 1.902323e-01
124 2.765775e-06 1.484171e-02
125 2.213869e-05 1.797641e-01
126 3.670913e-05 1.701466e-02
127 9.050246e-08 1.173098e-02
128 2.288867e-03 5.905789e-01
129 4.118503e-04 6.957725e-01
130 8.039465e-06 8.097753e-02
131 1.835089e-04 2.791043e-01
132 2.657020e-05 3.296517e-02
133 8.389516e-04 1.330079e+00
134 2.923929e-04 7.925290e-02
135 1.030388e-03 5.592991e-01
136 6.025304e-10 2.287612e-03
137 1.401785e-07 1.306936e-02
138 2.238546e-06 4.228704e-03
139 5.809176e-06 1.085159e-02
140 4.994878e-04 1.014171e-01
141 1.090422e-06 8.832089e-03
142 9.359381e-05 3.008668e-01
143 1.795757e-04 1.530572e-01
144 1.250499e-03 3.576625e-01
145 3.299769e-05 6.475308e-02
146 2.338289e-07 1.471105e-02
147 1.524984e-04 9.357712e-02
148 1.344950e-06 6.732482e-03
149 3.593478e-04 1.077557e-01
150 6.883216e-05 1.122373e-01
151 4.213618e-04 1.185460e-01
152 2.296873e-05 4.435600e-02
153 7.730223e-07 1.083323e-02
154 3.789682e-06 1.759059e-02
155 7.510566e-08 3.192019e-03
156 9.698982e-05 3.412427e-02
157 1.511216e-07 1.321597e-02
158 2.151186e-11 3.780425e-03
159 7.960936e-07 1.795610e-02
160 9.324798e-07 1.045453e-02
161 2.015913e-06 5.456278e-03
162 1.200428e-07 1.729473e-02
163 9.904238e-07 1.770697e-02
164 8.123114e-06 1.718627e-02
165 3.324987e-08 1.802141e-03
166 4.848386e-07 2.639310e-03
167 1.749671e-05 1.083766e-02
168 1.844828e-06 5.943864e-03
169 3.486960e-05 4.207658e-02
170 9.523563e-07 8.132865e-03
171 7.170097e-05 7.083310e-02
172 4.750258e-04 6.612712e-01
173 5.744221e-04 1.297333e-01
174 1.794222e-03 3.540382e-01
175 5.708324e-11 1.263871e-03
176 3.968923e-06 1.531533e-02
177 2.957090e-09 3.191355e-03
178 3.428641e-08 7.887746e-03
179 9.363946e-07 1.332126e-02
180 3.030367e-10 1.277311e-03
181 4.674230e-04 1.303217e-01
182 1.023319e-03 2.800601e-01
183 3.282577e-05 4.662948e-02
184 1.650567e-06 9.723825e-03
185 3.044188e-10 1.523807e-03
186 4.717225e-06 4.954814e-02
187 2.894186e-03 1.162604e+00
188 3.766506e-04 7.222234e-02
189 9.372065e-06 1.606122e-02
190 6.386354e-07 5.795569e-03
191 1.385425e-06 7.184164e-03
192 2.839982e-08 5.865057e-03
193 6.709583e-09 6.284636e-03
194 2.879374e-08 6.120614e-03
195 6.534881e-04 6.713376e-02
196 3.227173e-07 8.448038e-03
197 2.416210e-08 2.128016e-02
198 4.239977e-05 1.978176e-02
199 8.459737e-07 2.064501e-02
200 1.071623e-04 1.532976e-01
201 1.890303e-06 9.347420e-02
202 5.211933e-06 1.711752e-02
203 1.180150e-04 2.189712e-01
204 3.844322e-07 4.855982e-03
205 9.496888e-05 5.646328e-02
206 3.056551e-04 8.165842e-02
207 4.077463e-06 3.446263e-02
208 4.264244e-05 1.029302e-01
209 1.780772e-03 2.915292e-01
210 1.219377e-05 6.022953e-02
211 1.209457e-04 2.250825e-01
212 6.922793e-09 5.027803e-03
213 1.181112e-05 1.697614e-02
214 1.188318e-06 1.437510e-02
215 1.506996e-07 1.248123e-02
216 1.160607e-06 4.071043e-02
217 4.727576e-07 3.044575e-03
218 2.759754e-07 4.767640e-03
219 1.689754e-08 2.564708e-03
220 2.656005e-05 2.629983e-01
221 3.500589e-09 5.697249e-03
222 2.167975e-06 4.385817e-02
223 3.656269e-04 3.218663e-01
224 1.227622e-09 2.300640e-03
225 1.165391e-09 3.233006e-03
226 8.439436e-07 1.236956e-02
227 1.969381e-08 4.285850e-03
228 8.459072e-08 6.432617e-03
229 5.593041e-07 1.848574e-02
230 4.324677e-04 4.224761e-01
231 5.940803e-11 2.043749e-03
232 1.207074e-03 9.496251e-01
233 5.905071e-08 9.453191e-03
234 6.383436e-07 5.413829e-03
235 1.380046e-10 7.405349e-03
236 1.128386e-03 2.617188e-01
237 4.415953e-04 4.987202e-01
238 3.075103e-08 5.108457e-03
239 1.227333e-05 1.773793e-02
240 4.138524e-06 6.972532e-02
241 4.259588e-04 5.628415e-01
242 1.194769e-06 3.919518e-02
243 2.978551e-08 4.579896e-03
244 2.702433e-09 1.879563e-03
245 5.598317e-10 1.284326e-03
246 1.263051e-03 3.234784e-01
247 1.240144e-03 2.203379e-01
248 6.574569e-05 3.829377e-01
249 1.794897e-03 6.534814e-01
250 1.043145e-03 3.843378e-01
251 3.170870e-10 1.293968e-03
252 6.545462e-08 8.793934e-03
253 1.150732e-08 4.245171e-03
254 1.790124e-06 2.338934e-02
255 9.032349e-08 9.055562e-03
256 6.516403e-11 2.437830e-03
257 1.776575e-08 5.317547e-03
258 8.091191e-04 2.742694e-01
259 2.665503e-09 1.457344e-03
260 4.973957e-07 1.012817e-02
261 1.121409e-04 2.270444e-02
262 2.193682e-07 1.895186e-03
263 1.694140e-05 9.326750e-03
264 9.404674e-07 3.006412e-02
265 1.288330e-05 8.278031e-02
266 2.805616e-06 1.277067e-02
267 2.191028e-07 1.991833e-02
268 4.092234e-07 1.033903e-02
269 2.683577e-04 2.074111e-01
270 2.134075e-10 3.605466e-03
271 7.105020e-06 2.021010e-02
272 1.958581e-06 1.424493e-02
273 1.594785e-04 1.513535e-01
274 5.612905e-10 1.879406e-03
275 8.318794e-04 3.469115e-01
276 7.387984e-07 1.872477e-02
277 2.744323e-10 4.011121e-03
278 4.000126e-05 1.206515e-01
279 1.818175e-08 5.221963e-03
280 2.614570e-06 8.541549e-02
281 1.982240e-04 2.382824e-01
282 3.172306e-09 2.092408e-03
283 9.726751e-08 7.079332e-03
284 4.733931e-09 4.751126e-03
285 2.162268e-09 9.256961e-03
286 2.171963e-08 6.186943e-03
287 2.641757e-09 5.092509e-03
288 1.754502e-08 2.227871e-03
289 6.953690e-04 5.468706e-01
290 6.455217e-10 1.422071e-03
291 2.698856e-05 2.291946e-02
292 1.317967e-03 5.933654e-01
293 3.120659e-06 6.131991e-03
294 3.641070e-08 4.367217e-03
295 6.715708e-09 1.781071e-02
296 4.094831e-06 1.263029e-01
297 1.378479e-06 1.915879e-02
298 9.904649e-07 6.000498e-03
299 3.806381e-08 4.273465e-03
300 2.383621e-06 1.668625e-02
301 3.030184e-04 4.606797e-01
302 1.516328e-07 3.625706e-03
303 1.717635e-07 2.064880e-02
304 1.615572e-03 2.043105e-01
305 3.321977e-05 3.509288e-02
306 9.841530e-05 4.015669e-02
307 2.001413e-03 6.346078e-01
308 1.018821e-06 1.111687e-02
309 1.691006e-04 3.367852e-01
310 4.446523e-05 3.407106e-02
311 4.133103e-06 1.373334e-02
312 4.965387e-05 8.365925e-03
313 7.428064e-03 1.570211e+00
314 3.591916e-06 5.306217e-03
315 9.215351e-11 4.747138e-03
316 4.782710e-03 1.053208e+00
317 1.331222e-03 8.021417e-01
318 1.101199e-03 3.193329e-01
319 3.486097e-04 1.217916e-01
320 1.389116e-05 4.449406e-02
321 2.922971e-04 4.267677e-01
322 1.657077e-11 6.874495e-03
323 1.307482e-06 2.771213e-02
324 1.140743e-08 5.424708e-03
325 5.862480e-09 5.312565e-03
326 4.940282e-06 4.707685e-02
327 2.976822e-03 1.182560e+00
328 7.545888e-04 3.067686e-01
329 8.363045e-04 6.926723e-01
330 2.248811e-06 1.200120e-02
331 3.995019e-04 8.274424e-02
332 1.025885e-03 4.854779e-01
333 9.771015e-09 1.670752e-02
334 2.334103e-06 5.031774e-02
335 1.697539e-09 2.172363e-03
336 2.742730e-06 1.155967e-02
337 1.268355e-06 1.372764e-02
338 1.532153e-03 4.312933e-01
339 1.119450e-03 4.496842e-01
340 2.459123e-06 1.576766e-02
341 4.651720e-08 1.049284e-02
342 2.784148e-06 9.476342e-03
343 4.589915e-08 3.918773e-02
344 4.730040e-04 3.575860e-02
345 2.406845e-03 1.188898e+00
346 1.970054e-03 8.058621e-01
347 2.557297e-09 4.232796e-03
348 8.650160e-05 6.659746e-02
349 4.069277e-05 1.396550e-02
350 6.565029e-07 3.433484e-03
351 1.311800e-03 9.843870e-01
352 4.955883e-05 2.376277e-01
353 1.879461e-08 1.291238e-03
354 1.319497e-04 1.719041e-01
355 2.083680e-06 2.740240e-02
356 5.157877e-04 6.357833e-01
357 7.957471e-04 2.549715e-01
358 2.486394e-06 6.539504e-03
359 5.665591e-07 1.333375e-02
360 8.422121e-05 1.639852e-01
361 4.454483e-05 3.106655e-01
362 7.440986e-04 3.309030e-01
363 5.000509e-06 4.829357e-02
364 5.496929e-06 5.446092e-02
365 6.512233e-06 4.204440e-02
366 6.576814e-07 2.120102e-02
367 1.130768e-07 1.713080e-02
368 3.065831e-06 1.342423e-02
369 2.769623e-07 1.184761e-02
370 5.016567e-07 2.086978e-02
371 7.655827e-06 8.854626e-02
372 1.247376e-07 3.672684e-02
373 5.576576e-05 7.846530e-02
374 1.785068e-10 6.334648e-03
375 8.905932e-09 1.473006e-03
376 3.200197e-08 3.688960e-03
377 2.333276e-03 8.515500e-01
378 3.375313e-05 3.419422e-02
379 5.407413e-07 6.293760e-03
380 4.327203e-06 2.118171e-02
381 1.037311e-03 8.248734e-01
382 1.251297e-04 5.966268e-02
383 2.472864e-04 2.660846e-01
384 4.560610e-06 2.389004e-02
385 2.170317e-03 8.442317e-01
386 2.388756e-05 2.017164e-02
387 2.405141e-06 2.138528e-02
388 3.693641e-08 4.091967e-03
389 9.427994e-08 1.073771e-02
390 3.798129e-10 4.438223e-03
391 9.814412e-05 5.546186e-02
392 1.399389e-05 2.970344e-02
393 6.078843e-10 2.653970e-03
394 3.954953e-04 9.317909e-01
395 1.368259e-07 1.884787e-03
396 2.192825e-06 4.049704e-02
397 2.394442e-06 2.337072e-02
398 1.994159e-11 2.559562e-03
399 3.091904e-08 9.130027e-03
400 4.978669e-03 2.340360e+00
401 1.873219e-06 2.810983e-02
402 7.371759e-04 6.769035e-01
403 1.001098e-05 3.877541e-02
404 6.007358e-06 3.028464e-02
405 7.861672e-08 5.193654e-03
406 6.889200e-04 3.555083e-01
407 4.075562e-05 1.286835e-01
408 4.785712e-04 7.959469e-01
409 5.377070e-06 8.974371e-02
410 2.218861e-06 1.597899e-02
411 6.533515e-05 5.076936e-02
412 3.513913e-05 1.742270e-02
413 3.908797e-03 6.816748e-01
414 2.112861e-04 7.969085e-02
415 1.499426e-08 1.972713e-03
416 6.897839e-05 1.513505e-01
417 2.593186e-06 3.383713e-03
418 3.042071e-03 7.439852e-01
419 2.694484e-03 9.482749e-01
420 8.603644e-06 1.209217e-02
421 6.323162e-04 6.002182e-02
422 2.359617e-06 3.111902e-02
423 2.197762e-06 1.326829e-02
424 3.301807e-05 8.919315e-02
425 3.089117e-06 1.682162e-02
426 7.035580e-09 3.760967e-03
427 1.612356e-04 1.648538e-01
428 3.091710e-05 5.467376e-02
429 2.361700e-03 5.739794e-01
430 1.048760e-07 1.763487e-03
431 2.151125e-10 4.157865e-03
432 3.014495e-05 1.640378e-01
433 3.614321e-10 1.257339e-03
434 6.410698e-08 5.227872e-03
435 3.732361e-06 6.348061e-03
436 1.189446e-09 2.358023e-03
437 6.769960e-04 1.951025e-01
438 1.867891e-08 5.848021e-03
439 1.369484e-08 4.609141e-03
440 7.282068e-08 4.345250e-03
441 5.486073e-05 4.893724e-02
442 2.074983e-09 6.772857e-03
443 3.493053e-07 5.512197e-03
444 5.920509e-05 5.698757e-02
445 1.099613e-04 1.187113e-01
446 8.705836e-08 1.750900e-02
447 8.475415e-09 2.497669e-03
448 2.371021e-06 2.974602e-03
449 2.650103e-07 2.402273e-03
450 5.671167e-07 3.773198e-03
451 5.667769e-08 1.358180e-03
452 5.108001e-05 1.866877e-02
453 1.617755e-07 5.185229e-03
454 3.905604e-05 4.805834e-02
455 8.188878e-04 2.270461e-01
456 4.584789e-08 5.642591e-03
457 2.035602e-05 4.683552e-02
458 4.290714e-05 7.280356e-02
459 1.224709e-05 7.400002e-02
460 1.427487e-07 4.088562e-03
461 7.544642e-06 4.031747e-02
462 1.010717e-03 4.314824e-01
463 4.379811e-05 7.881518e-02
464 8.671277e-05 2.021850e-02
465 3.671315e-08 1.849744e-03
466 3.602244e-09 2.733563e-03
467 4.264142e-04 7.173847e-01
468 6.922678e-11 5.934421e-03
469 4.721804e-04 1.876577e-01
470 3.014561e-05 2.731634e-02
471 1.647912e-05 4.004266e-02
472 1.070533e-05 8.748932e-03
473 8.596666e-06 1.807274e-02
474 5.175360e-07 5.413226e-03
475 1.054375e-05 4.592152e-02
476 4.177780e-10 2.276614e-03
477 2.483225e-04 1.270944e-01
478 9.931240e-11 3.581745e-03
479 1.868012e-09 1.841124e-03
480 1.926997e-06 1.407032e-02
481 1.154775e-07 8.210029e-03
482 2.433509e-03 4.905618e-01
483 1.501767e-08 1.196635e-03
484 1.510518e-09 1.956104e-03
485 2.321674e-04 1.196033e-01
486 4.787585e-07 5.361886e-03
487 1.926932e-05 9.494345e-02
488 8.348970e-08 6.605772e-03
489 2.883050e-05 1.745756e-02
490 1.202898e-05 4.934594e-02
491 6.958301e-08 1.099387e-02
492 5.132948e-05 3.383467e-02
493 7.157992e-09 2.368985e-03
494 5.673730e-04 2.098778e-01
495 1.705172e-03 3.643468e-01
496 2.372969e-04 2.154728e-01
497 4.372582e-05 1.607243e-01
498 1.284549e-05 4.398492e-02
499 8.926074e-06 1.515280e-02
500 5.560986e-10 9.724510e-03
501 2.396031e-03 1.325162e+00
502 2.240356e-07 1.990156e-02
503 5.220235e-05 8.093421e-02
504 1.685280e-03 1.435640e+00
505 3.949213e-09 6.450890e-03
506 1.963252e-08 1.315173e-02
507 1.812074e-07 9.755441e-03
508 4.569151e-05 2.609043e-02
509 2.591280e-05 4.269102e-01
510 1.803813e-08 9.927217e-03
511 1.754108e-07 5.069498e-03
512 2.137585e-08 2.040734e-03
513 2.119799e-04 4.725787e-02
514 2.245133e-08 1.969590e-02
515 1.773129e-07 5.786970e-02
516 3.188893e-05 1.078703e-01
517 3.414411e-06 8.393437e-03
518 8.409737e-09 4.543814e-03
519 3.028396e-07 1.094856e-02
520 2.815839e-10 1.504659e-03
521 2.410741e-07 3.020134e-02
522 2.952944e-08 3.529299e-03
523 2.120196e-07 8.577326e-03
524 6.080749e-05 9.415145e-02
525 7.989938e-04 1.921150e-01
526 3.115688e-06 1.784849e-02
527 6.295472e-05 2.228747e-01
528 6.556661e-04 2.358234e-01
529 2.228143e-04 3.595878e-01
530 1.112090e-04 8.959319e-02
531 1.404507e-11 1.574198e-03
532 2.988078e-07 9.762578e-03
533 2.417227e-07 3.021233e-03
534 1.870285e-06 8.980777e-02
535 1.292386e-03 5.061206e-01
536 1.902149e-04 1.462173e-01
537 2.291684e-04 4.642254e-01
538 3.483953e-06 9.666940e-02
539 2.561061e-05 6.688764e-02
540 2.358145e-06 2.896616e-02
541 3.291784e-03 1.241911e+00
542 1.639731e-06 1.373384e-02
543 1.203224e-04 2.673193e-02
544 9.473780e-05 9.668868e-02
545 1.550459e-07 9.560582e-03
546 7.101078e-07 1.596189e-02
547 1.206347e-05 5.610419e-02
548 3.207648e-04 7.488307e-02
549 2.665829e-06 2.948694e-02
550 9.703268e-10 5.839062e-03
551 6.762544e-05 5.669384e-02
552 8.352249e-08 2.726514e-03
553 9.621988e-08 7.557708e-03
554 5.437891e-10 3.020856e-03
555 1.978296e-06 7.094546e-02
556 3.190713e-07 7.744778e-03
557 1.118236e-04 1.086031e-01
558 6.241047e-08 8.209810e-03
559 5.492728e-04 1.664083e-01
560 7.521825e-09 3.366740e-03
561 2.162821e-06 3.423230e-02
562 9.791513e-08 1.861977e-03
563 3.760835e-03 2.103961e+00
564 4.445790e-04 1.017039e+00
565 3.735601e-07 3.996455e-03
566 2.765240e-04 1.541129e-01
567 8.301592e-05 8.558891e-02
568 9.062088e-05 1.261548e-01
569 3.266115e-07 1.244376e-02
570 2.336668e-06 5.214520e-02
571 3.205351e-04 9.148724e-02
572 2.058621e-04 1.741931e-01
573 1.931428e-04 2.559010e-01
574 1.411411e-07 5.973716e-03
575 9.875497e-09 4.064682e-03
576 9.559197e-06 1.029128e-02
577 7.739952e-10 2.689611e-03
578 6.666020e-07 4.287857e-03
579 3.253016e-05 3.531823e-02
580 2.121855e-08 6.039386e-03
581 3.123223e-04 1.396120e-01
582 7.602372e-07 1.531329e-02
583 2.003448e-03 6.064327e-01
584 7.152914e-07 7.951843e-02
585 1.556518e-05 4.832078e-02
586 8.991053e-04 2.647213e-01
587 1.126118e-06 1.428346e-02
588 2.010937e-05 6.035299e-02
589 2.165504e-04 6.982661e-02
590 2.919363e-08 1.236363e-02
591 7.996870e-06 2.736027e-02
592 2.533654e-03 1.145575e+00
593 8.873973e-07 9.487499e-03
594 1.407046e-04 1.301958e-01
595 7.083425e-08 5.626767e-03
596 2.226351e-09 1.380161e-03
597 4.347967e-09 2.289390e-03
598 2.926559e-04 5.372774e-02
599 6.009625e-04 3.639363e-02
600 7.037889e-07 5.225107e-03
601 9.636575e-08 4.356286e-03
602 5.636545e-05 3.388532e-02
603 1.923242e-05 3.664633e-02
604 2.243202e-09 2.069393e-03
605 9.236492e-05 1.920659e-01
606 3.109952e-04 1.292193e-01
607 1.631267e-07 5.268178e-03
608 1.298802e-03 7.003459e-02
609 5.132843e-05 1.977015e-02
610 9.551028e-07 1.660776e-02
611 1.825815e-09 2.536825e-03
612 7.100713e-06 3.720420e-02
613 2.545985e-08 5.341574e-03
614 3.045795e-07 5.765284e-03
615 2.836978e-09 5.945918e-03
616 2.667010e-04 9.747837e-02
617 5.930781e-07 1.417728e-02
618 2.317859e-08 8.411384e-03
619 1.141438e-05 9.200797e-03
620 3.278810e-08 3.893938e-03
621 1.360652e-07 3.452307e-03
622 1.070528e-03 4.490305e-01
623 7.317996e-06 1.864722e-02
624 4.343851e-07 4.519993e-03
625 3.989875e-07 1.190264e-02
626 7.501012e-07 6.465688e-03
627 2.064424e-07 3.732511e-03
628 1.815736e-04 4.421261e-02
629 4.588885e-07 2.277263e-03
630 9.084408e-06 1.596167e-02
631 3.004576e-06 1.277592e-02
632 1.613863e-08 1.266755e-03
633 5.886651e-04 3.868068e-01
634 4.286236e-05 4.086542e-02
635 1.897642e-07 8.823429e-03
636 1.492376e-07 2.106447e-02
637 1.068699e-07 1.161086e-02
638 1.878455e-09 2.183158e-03
639 7.569960e-11 1.581202e-03
640 6.001922e-10 2.443880e-03
641 1.577520e-10 1.528587e-03
642 1.361844e-07 5.439824e-03
643 1.499884e-04 9.343296e-02
644 6.154221e-03 3.979660e-01
645 2.784688e-04 1.153277e-01
646 2.489566e-06 1.468756e-02
647 1.709285e-06 6.151674e-03
648 8.023098e-05 4.434897e-02
649 2.222732e-03 8.400170e-01
650 6.643837e-06 5.402802e-03
651 4.492571e-07 8.574962e-03
652 5.970431e-05 8.382633e-02
653 2.940283e-09 4.786053e-03
654 4.140314e-07 4.982577e-03
655 1.308518e-06 9.308469e-03
656 3.430120e-08 2.818341e-03
657 2.859691e-04 1.069715e-01
658 6.782850e-05 1.602369e-01
659 3.581903e-04 4.990736e-02
660 4.311836e-05 1.247459e-01
661 4.985269e-08 5.599707e-03
662 9.058230e-04 3.213838e-01
663 2.437749e-03 9.479627e-01
664 9.747613e-06 5.401876e-02
665 3.177005e-08 9.409627e-03
666 7.641062e-04 6.188232e-02
667 1.826409e-04 9.131053e-02
668 2.788438e-03 4.851070e-01
669 7.941261e-04 3.371422e-01
670 1.257644e-08 9.349922e-03
671 5.155938e-04 4.277781e-02
672 3.469257e-08 2.509285e-02
673 2.411517e-05 1.362277e-02
674 1.290220e-07 2.141067e-03
675 1.384600e-04 1.441377e-01
676 1.128229e-06 5.775709e-03
677 2.371015e-11 1.338961e-03
678 8.913156e-07 7.748816e-03
679 2.200280e-03 3.760213e-01
680 1.746872e-05 4.777790e-02
681 1.108836e-04 7.914121e-02
682 3.806173e-05 1.503271e-02
683 1.401044e-07 3.069147e-02
684 1.937775e-05 2.020188e-02
685 5.157542e-10 2.171257e-03
686 8.912347e-06 1.972907e-02
687 2.758568e-03 9.756708e-01
688 1.650111e-06 2.543237e-02
689 4.471163e-08 1.035337e-02
690 5.563558e-09 2.017801e-03
691 7.893334e-04 2.800343e-01
692 1.138511e-08 2.933764e-03
693 1.179116e-05 2.398319e-02
694 6.903371e-04 1.857918e-01
695 1.796547e-03 3.761866e-01
696 1.027861e-03 8.454275e-01
697 8.060369e-07 9.761705e-03
698 4.445660e-04 1.910202e-01
699 8.553732e-09 1.542198e-03
700 7.480937e-05 6.059060e-02
701 9.970374e-06 2.082531e-02
702 2.810020e-09 1.237893e-03
703 2.030859e-09 4.012274e-03
704 9.370979e-12 1.311538e-03
705 6.679693e-04 4.369264e-01
706 2.219854e-08 1.734679e-03
707 1.361094e-04 1.217858e-01
708 2.761115e-13 4.995843e-03
709 1.930033e-11 2.939372e-03
710 2.931210e-07 6.348246e-03
711 8.847035e-11 1.204913e-03
712 1.856382e-07 4.836960e-03
713 4.234192e-08 6.471019e-03
714 2.768204e-10 2.451322e-03
715 5.811303e-06 1.752558e-02
716 3.889063e-05 4.044698e-02
717 1.253818e-08 5.330578e-03
718 9.183060e-12 2.642275e-03
719 1.759031e-03 9.338068e-01
720 1.084570e-12 1.188325e-03
721 1.063572e-06 9.004963e-03
722 7.818101e-11 2.732730e-03
723 5.684276e-06 1.730948e-02
724 2.118140e-07 3.505039e-03
725 9.373537e-12 1.464603e-03
726 6.436063e-05 5.742264e-02
727 1.954060e-10 4.371458e-03
728 1.058412e-08 7.909358e-03
729 2.234900e-10 7.307722e-03
730 1.362936e-09 2.754093e-03
731 2.162257e-05 1.140910e-01
732 6.648109e-14 1.364472e-03
733 2.136304e-14 9.157500e-04
734 1.669000e-08 2.995749e-03
735 7.360963e-09 3.408932e-03
736 2.000915e-06 1.695826e-02
737 1.057421e-12 1.363522e-03
738 7.968770e-05 1.007310e-01
739 5.821673e-10 3.515923e-03
740 1.944765e-05 3.847795e-02
741 2.045118e-08 8.489552e-03
742 3.152799e-05 2.416550e-02
743 3.712979e-03 9.591367e-01
744 5.961371e-13 2.638483e-03
745 3.438447e-09 2.532957e-03
746 2.877787e-07 1.286620e-02
747 1.506525e-04 7.220682e-02
748 9.000148e-04 2.931420e-01
749 1.356885e-04 1.906188e-01
750 4.248699e-08 6.866658e-03
751 4.661021e-07 1.240875e-02
752 5.189549e-07 2.009467e-03
753 3.030546e-09 2.988051e-03
754 6.947623e-05 1.118102e-01
755 1.625544e-06 2.187621e-02
756 5.977939e-06 3.863145e-02
757 2.033309e-10 1.517619e-03
758 5.628764e-07 2.127288e-02
759 2.802921e-04 5.084977e-02
760 4.668226e-09 2.277887e-03
761 4.927441e-05 3.836797e-02
762 2.116781e-04 4.889819e-02
763 2.015505e-10 1.966567e-03
764 2.827186e-09 9.889843e-03
765 4.967741e-11 1.044243e-02
766 3.634952e-07 5.547310e-03
767 1.541640e-08 5.909624e-03
768 7.014963e-05 3.552338e-02
769 4.315191e-06 8.471786e-03
770 5.289944e-04 8.807692e-02
771 2.976799e-05 7.519434e-03
772 2.852325e-13 1.550058e-03
773 1.835613e-08 1.604579e-02
774 4.107092e-09 1.958095e-03
775 9.183885e-04 1.286408e-01
776 4.256094e-04 1.058196e-01
777 3.642270e-05 3.915764e-02
778 1.066306e-04 3.389766e-02
779 1.648667e-03 3.754043e-01
780 6.226728e-05 1.742573e-02
781 2.143236e-04 1.015311e-01
782 2.884018e-06 4.732825e-03
783 1.497250e-06 1.016855e-02
784 1.978944e-06 7.283777e-03
785 5.582041e-04 8.097127e-02
786 6.701134e-06 2.960461e-02
787 5.896106e-04 8.217897e-02
788 5.524618e-07 2.322587e-02
789 1.174278e-10 1.348915e-03
790 1.012766e-04 1.717702e-01
791 2.255068e-05 1.983452e-02
792 1.276518e-06 5.005688e-03
793 2.909787e-06 1.018152e-02
794 5.918868e-07 5.185915e-03
795 5.825828e-04 6.179577e-01
796 2.932727e-09 3.135109e-03
797 2.633201e-04 3.595210e-01
798 1.319361e-03 5.548176e-01
799 7.835876e-08 5.442675e-03
800 3.389647e-04 1.020995e-01
801 9.046815e-09 4.165056e-03
802 9.967919e-06 4.722833e-02
803 1.197722e-03 3.138555e-01
804 1.898177e-07 1.609422e-02
805 6.164650e-09 4.030423e-03
806 6.492143e-04 2.986844e-01
807 2.757720e-07 5.551116e-02
808 3.287098e-06 4.514680e-03
809 5.531907e-04 4.423065e-01
810 3.149357e-06 1.952519e-02
811 1.509126e-06 2.775008e-02
812 8.027720e-08 6.947767e-03
813 3.326001e-08 5.876395e-03
814 9.070222e-07 1.089829e-02
815 3.676063e-06 2.675194e-02
816 3.075424e-04 1.968489e-01
817 1.068423e-03 1.126643e+00
818 7.730547e-09 3.591834e-03
819 4.146166e-05 1.066013e-01
820 4.515403e-06 5.333552e-02
821 9.713158e-07 2.824981e-02
822 1.855899e-08 3.575312e-03
823 3.296618e-07 9.805701e-03
824 7.160523e-08 2.608186e-02
825 1.204340e-06 2.678013e-02
826 1.499523e-04 1.856387e-02
827 1.490172e-06 5.794117e-03
828 2.601664e-05 4.241427e-02
829 1.712466e-07 1.442826e-02
830 2.469853e-03 6.995895e-01
831 3.244602e-06 2.247751e-02
832 2.111107e-06 9.031717e-03
833 9.688726e-06 2.283651e-02
834 3.432288e-06 2.213078e-02
835 2.160032e-08 2.285049e-03
836 8.881012e-10 1.027485e-03
837 3.019712e-07 1.495274e-02
838 4.686233e-06 1.017551e-02
839 6.321165e-08 1.527468e-02
840 6.443494e-06 3.829817e-02
841 4.309966e-06 3.690409e-02
842 2.349712e-03 6.363223e-01
843 8.073485e-05 3.389588e-02
844 3.150897e-07 3.632960e-02
845 1.865616e-06 3.296389e-02
846 3.102202e-04 1.730062e-01
847 6.927807e-05 3.210711e-02
848 9.591880e-04 1.591586e-01
849 5.144499e-08 5.803918e-03
850 1.785790e-03 1.097768e+00
851 1.974512e-06 2.165978e-02
852 6.171095e-05 1.955859e-01
853 1.309009e-03 3.666202e-01
854 1.347410e-04 9.717358e-02
855 3.403655e-04 1.803257e-01
856 8.027766e-05 6.553037e-02
857 1.002161e-03 3.641965e-01
858 7.449035e-07 2.072975e-02
859 6.775850e-10 3.867167e-03
860 2.444375e-03 1.866196e-01
861 1.242526e-09 1.642301e-03
862 1.509223e-06 2.380697e-02
863 7.510668e-05 1.270448e-01
864 3.057427e-07 8.007170e-03
865 1.332547e-04 1.283267e-01
866 4.865932e-05 1.856361e-01
867 1.697575e-03 7.775868e-01
868 3.440853e-06 7.522843e-03
869 1.182734e-04 3.505657e-02
870 1.550238e-04 5.716390e-02
871 4.695533e-07 2.819250e-02
872 1.351971e-03 4.796089e-01
873 2.070363e-04 8.159347e-02
874 1.953078e-03 3.094795e-01
875 6.240983e-07 6.433764e-03
876 2.115216e-13 1.062645e-03
877 4.010329e-08 9.389937e-03
878 1.662075e-03 4.969582e-01
879 6.421868e-05 1.252827e-01
880 3.243614e-06 1.205479e-02
881 1.414873e-10 2.291716e-03
882 1.258639e-05 7.539753e-02
883 8.701144e-04 7.408462e-01
884 8.437131e-04 1.536287e-01
885 1.123294e-04 8.333301e-02
886 1.131524e-06 8.037377e-03
887 1.952453e-08 1.345726e-02
888 3.002288e-06 1.319323e-02
889 4.643098e-07 2.303107e-02
890 7.547545e-08 2.359670e-02
891 1.532374e-04 3.861181e-01
892 1.682007e-11 2.858966e-03
893 1.983103e-04 7.669613e-02
894 1.359482e-06 7.164445e-03
895 6.527480e-05 8.302785e-02
896 1.774244e-07 5.491614e-02
897 7.336749e-05 9.151141e-02
898 2.268086e-06 9.626886e-03
899 4.013238e-08 1.433252e-02
900 2.941066e-08 1.626103e-02
901 9.510359e-05 9.846785e-02
902 2.298743e-08 2.128951e-03
903 4.430116e-07 3.497696e-02
904 5.954979e-09 2.108536e-02
905 5.561618e-09 6.664853e-03
906 1.019681e-06 8.432397e-03
907 2.063264e-08 2.068149e-03
908 2.710285e-08 8.982171e-03
909 2.224669e-04 4.586564e-02
910 2.811322e-05 2.900677e-02
911 6.572082e-08 2.119846e-02
912 4.878676e-08 1.048110e-02
913 1.602387e-09 3.415766e-03
914 5.602567e-08 7.560976e-03
915 7.635111e-04 2.422414e-01
916 3.668088e-12 2.827314e-03
917 3.268051e-10 2.394982e-03
918 6.785082e-11 2.639592e-03
919 3.338289e-04 2.447219e-01
920 1.262634e-09 6.486864e-03
921 5.182180e-08 3.988351e-03
922 1.342326e-07 1.638825e-02
923 2.517858e-09 5.135985e-03
924 2.216720e-04 4.003274e-01
925 6.333728e-05 7.996865e-02
926 1.649747e-05 4.484415e-02
927 3.392559e-05 1.281787e-01
928 2.052251e-07 4.360727e-02
929 2.273978e-04 1.849097e-01
930 9.864536e-05 6.741977e-02
931 1.848759e-04 4.231139e-02
932 9.777571e-05 5.703839e-02
933 7.943337e-10 2.973359e-03
934 1.690833e-06 1.026479e-02
935 1.434116e-08 3.626347e-03
936 5.685966e-08 2.787804e-02
937 7.816131e-11 5.815872e-03
938 4.314350e-09 2.378304e-03
939 8.688677e-07 1.048529e-02
940 2.565732e-04 1.776465e-01
941 3.630939e-09 3.332440e-03
942 1.103968e-05 1.430883e-01
943 3.367643e-06 2.446251e-02
944 1.266740e-12 1.972736e-03
945 1.782892e-04 4.108350e-02
946 1.500247e-10 2.224294e-03
947 6.160699e-06 2.283188e-02
948 5.228310e-08 1.538235e-03
949 1.797052e-07 1.802617e-02
950 1.912385e-04 1.496023e-01
951 8.449943e-09 3.014908e-02
952 7.176114e-06 4.240742e-02
953 5.378760e-12 2.418496e-03
954 1.112499e-05 3.877490e-02
955 8.144494e-08 4.503822e-03
956 3.221140e-06 1.960350e-02
957 5.617321e-05 6.767118e-02
958 1.303495e-04 6.246162e-02
959 5.228171e-04 6.290500e-02
960 4.406831e-10 2.435076e-03
961 6.374773e-10 9.517465e-03
962 9.859021e-09 1.077940e-02
963 5.564294e-09 3.552377e-03
964 1.187949e-07 1.999832e-03
965 1.075221e-03 2.633097e-01
966 2.708339e-05 2.227745e-02
967 2.371665e-06 8.296971e-03
968 5.025892e-04 1.797409e-01
969 2.204992e-04 1.406729e-01
970 2.213516e-05 2.511033e-02
971 1.609652e-06 8.337519e-03
972 1.568942e-04 5.921422e-02
973 2.426958e-06 9.304729e-03
974 3.829446e-06 8.425239e-03
975 3.181433e-05 9.389688e-02
976 3.460676e-04 3.455087e-01
977 1.339526e-05 2.138873e-02
978 8.381292e-07 2.467591e-02
979 5.237243e-09 2.953886e-03
980 2.020185e-06 2.218493e-02
981 1.532231e-06 2.222602e-02
982 3.563765e-08 1.419717e-03
983 1.010995e-07 3.882135e-03
984 8.920307e-06 2.182076e-02
985 2.253897e-06 6.184976e-02
986 1.832402e-04 4.367331e-01
987 1.228847e-08 6.226790e-03
988 1.297026e-09 2.068714e-03
989 2.660357e-04 1.182163e-01
990 1.887442e-09 2.265645e-03
991 8.564436e-03 1.226309e+00
992 4.369584e-07 7.098911e-03
993 1.464379e-07 9.668979e-03
994 7.037554e-14 1.343352e-03
995 3.921026e-08 1.517144e-02
996 1.578541e-03 1.019259e+00
997 1.090329e-07 8.045288e-03
998 9.027531e-07 4.034681e-03
999 3.345603e-06 2.603177e-02
1000 1.550236e-13 1.344524e-03
1001 3.213743e-06 1.018602e-02
1002 8.765092e-05 1.204117e-01
1003 2.819478e-05 4.871791e-02
1004 1.500076e-05 4.105420e-02
1005 6.168360e-08 2.313957e-03
1006 7.921806e-04 2.583431e-01
1007 8.173040e-09 3.017460e-03
1008 1.512461e-04 4.999743e-02
1009 3.462335e-08 2.052359e-03
1010 6.357316e-07 2.210080e-02
1011 2.733089e-08 1.733128e-02
1012 2.938542e-04 2.688507e-01
1013 7.816386e-09 1.236025e-02
1014 2.455835e-07 8.491848e-03
1015 6.717835e-06 3.584846e-02
1016 1.212636e-04 2.836069e-02
1017 2.237992e-03 7.083419e-01
1018 1.561322e-05 1.061742e-01
1019 1.725584e-10 1.929924e-03
1020 2.200290e-09 1.104056e-02
1021 3.605386e-08 1.427725e-02
1022 2.113287e-11 1.414997e-03
1023 3.345088e-06 1.989372e-02
1024 1.210583e-05 2.250326e-02
1025 3.660763e-11 1.527451e-03
1026 9.807991e-13 1.937813e-03
1027 7.841154e-07 1.125316e-02
1028 6.098312e-05 1.168520e-01
1029 2.049228e-08 6.119793e-03
1030 6.888159e-10 3.061526e-03
1031 3.970340e-05 1.369054e-02
1032 6.906259e-04 5.559990e-01
1033 3.081340e-10 1.554790e-03
1034 6.770794e-06 3.180551e-02
1035 2.902506e-07 1.621111e-02
1036 1.832482e-05 1.625344e-01
1037 3.550254e-11 3.022626e-03
1038 4.204580e-08 3.139497e-03
1039 2.824678e-06 1.014928e-02
1040 2.159269e-09 3.102385e-03
1041 2.390748e-03 6.617471e-01
1042 5.753281e-07 7.847839e-03
1043 2.894519e-11 1.239527e-03
1044 4.385969e-08 3.631719e-03
1045 3.571492e-10 2.386106e-03
1046 1.401927e-13 1.277349e-03
1047 1.177721e-10 1.279855e-03
1048 6.542027e-09 4.746336e-03
1049 9.124689e-10 1.166517e-03
1050 1.659958e-03 1.189631e+00
1051 1.618700e-04 1.345488e-01
1052 6.839215e-08 2.950633e-03
1053 1.539773e-07 9.360336e-03
1054 7.998790e-11 1.868706e-03
1055 1.369972e-11 1.156858e-03
1056 1.596467e-07 9.013748e-03
1057 5.432800e-07 1.332476e-02
1058 1.518038e-09 1.572339e-03
1059 2.018081e-05 9.994203e-02
1060 9.455413e-10 1.477634e-03
1061 1.248147e-06 3.547790e-03
1062 2.403731e-11 1.140561e-03
1063 2.277451e-04 3.712390e-02
1064 1.985923e-05 6.186327e-02
1065 1.513753e-11 1.808278e-03
1066 1.695299e-11 1.188392e-03
1067 1.618657e-05 1.518696e-02
1068 1.011910e-08 1.818623e-03
1069 2.149079e-07 2.982974e-03
1070 2.482854e-10 1.193430e-03
1071 5.918090e-07 2.147374e-03
1072 2.844891e-09 2.556693e-03
1073 7.309740e-10 1.345485e-03
1074 3.008793e-10 1.907038e-03
1075 3.849436e-07 3.864766e-03
1076 4.255943e-07 4.196295e-03
1077 5.066170e-07 5.527613e-03
1078 4.438895e-06 1.542930e-02
1079 6.777266e-08 4.526933e-03
1080 7.149323e-05 8.062009e-02
1081 2.390709e-06 5.190045e-02
1082 4.103622e-07 3.784234e-03
1083 2.078998e-06 5.274957e-03
1084 1.345627e-10 1.205206e-03
1085 7.421439e-09 1.823766e-03
1086 9.810687e-09 3.022774e-03
1087 1.392919e-08 1.409076e-03
1088 5.279038e-07 8.582820e-03
1089 4.050730e-09 1.366271e-03
1090 9.734642e-12 1.204079e-03
1091 1.125229e-09 1.664306e-03
1092 8.142170e-07 2.460800e-03
1093 1.901237e-06 2.403436e-02
1094 1.533714e-04 2.663195e-02
1095 2.715428e-08 2.999861e-03
1096 1.482117e-05 4.168250e-02
1097 1.847993e-06 5.313214e-02
1098 2.316329e-08 8.096281e-03
1099 3.050723e-09 3.598501e-03
1100 1.091236e-11 1.118770e-03
1101 2.559722e-06 2.533867e-02
1102 1.052482e-07 1.199930e-02
1103 8.692786e-08 4.095217e-03
1104 8.195533e-05 3.541455e-02
1105 2.240826e-09 2.112030e-03
1106 9.467999e-03 9.186800e-01
1107 1.774239e-09 2.632500e-03
1108 6.500558e-07 8.301322e-03
1109 6.232288e-12 1.817780e-03
1110 3.173457e-07 1.049376e-02
1111 5.692851e-09 2.200269e-03
1112 3.559124e-12 1.790197e-03
1113 4.839255e-07 1.492033e-02
1114 2.352461e-05 3.427328e-02
1115 1.708392e-03 4.968075e-01
1116 5.026744e-13 1.968540e-03
1117 1.606373e-03 5.074892e-01
1118 6.711711e-08 5.122607e-03
1119 1.661357e-05 3.226353e-02
1120 8.755633e-06 7.751693e-02
1121 6.528338e-06 1.240282e-02
1122 1.742373e-07 2.089874e-02
1123 4.555442e-06 4.545821e-03
1124 9.740944e-08 1.464867e-02
1125 8.897814e-06 5.851054e-03
1126 1.064480e-07 6.943763e-03
1127 4.121383e-07 4.453873e-03
1128 6.256628e-06 5.127811e-02
1129 3.254011e-07 8.646219e-03
1130 2.036760e-08 1.234573e-02
1131 1.677726e-04 1.166253e-01
1132 2.232359e-05 1.571520e-02
1133 3.729857e-08 2.207690e-03
1134 6.216721e-04 1.318209e-01
1135 6.619355e-06 1.852555e-02
1136 1.442015e-03 3.078126e-01
1137 4.483459e-06 2.277329e-02
1138 4.871728e-11 1.865765e-03
1139 2.972055e-06 7.621563e-03
1140 4.573920e-12 2.155836e-03
1141 3.291368e-07 6.671822e-03
1142 1.157439e-04 9.811119e-02
1143 4.735641e-07 7.797737e-02
1144 2.011660e-09 6.472604e-03
1145 1.620380e-06 2.516498e-02
1146 7.865199e-04 7.947269e-01
1147 4.926083e-04 1.175028e-01
1148 2.040328e-09 2.426315e-03
1149 1.702667e-03 3.439797e-01
1150 6.818340e-12 2.359942e-03
1151 4.297558e-04 3.235840e-01
1152 1.440781e-04 1.710130e-01
1153 2.938224e-07 6.644961e-03
1154 4.456756e-10 1.933872e-03
1155 6.278236e-04 4.557581e-01
1156 6.005712e-10 2.780825e-03
1157 7.215709e-04 1.024512e-01
1158 7.575224e-07 5.902166e-03
1159 6.396748e-11 1.511907e-03
1160 8.261162e-07 3.186149e-03
1161 5.937595e-06 2.084149e-02
1162 3.087946e-05 2.340182e-01
1163 7.421195e-06 2.325406e-02
1164 3.134702e-05 6.091991e-02
1165 2.679163e-04 9.211682e-01
1166 1.418840e-03 2.634785e-01
1167 1.025521e-04 1.585482e-01
1168 4.403189e-06 4.753200e-02
1169 3.748459e-09 8.022442e-03
1170 2.459765e-07 6.227024e-03
1171 2.482826e-07 1.018671e-02
1172 2.276696e-05 9.254805e-02
1173 4.239554e-11 1.101249e-03
1174 4.181387e-04 4.640400e-01
1175 5.424488e-07 2.617714e-02
1176 2.989089e-12 1.778835e-03
1177 2.660842e-04 1.472899e-01
1178 8.318440e-04 5.764806e-01
1179 2.891699e-04 5.668347e-02
1180 6.318649e-07 9.825026e-03
1181 3.154273e-08 1.994890e-03
1182 7.552103e-05 1.370451e-02
1183 7.613842e-04 2.138292e-01
1184 8.447300e-05 6.991661e-02
1185 2.665673e-09 1.085117e-02
1186 5.221039e-04 2.417124e-01
1187 4.187817e-04 2.882174e-01
1188 1.476550e-07 2.525999e-03
1189 3.714902e-08 2.580211e-03
1190 1.671861e-13 1.991191e-03
1191 1.054773e-07 2.992865e-03
1192 1.040679e-04 1.510088e-01
1193 6.511433e-11 3.228920e-03
1194 9.547057e-07 2.918068e-02
1195 1.374625e-03 3.456278e-01
1196 4.544402e-09 5.335120e-03
1197 1.902676e-07 3.560114e-03
1198 1.220137e-05 3.818100e-03
1199 1.429349e-03 5.062785e-01
1200 7.705950e-04 5.355067e-01
1201 6.146741e-11 1.124808e-03
1202 1.835598e-05 2.743950e-02
1203 3.037232e-05 5.145277e-02
1204 1.669546e-06 7.591417e-03
1205 1.948856e-10 1.941573e-03
1206 1.119435e-03 5.668775e-01
1207 1.213525e-06 5.969771e-03
1208 5.410904e-07 6.408066e-03
1209 3.595284e-04 1.507084e-01
1210 4.696755e-05 8.261923e-02
1211 1.266010e-03 2.364073e-01
1212 1.336473e-08 3.749766e-03
1213 2.708052e-09 4.993704e-03
1214 2.188018e-05 2.757226e-02
1215 7.461763e-10 2.616437e-03
1216 7.930855e-11 2.222688e-03
1217 1.665236e-06 2.927016e-02
1218 6.162188e-07 5.929640e-03
1219 8.375991e-06 1.698831e-02
1220 7.130728e-06 2.593469e-02
1221 1.892704e-05 3.921966e-02
1222 2.940183e-07 2.364563e-02
1223 1.686916e-04 5.601119e-02
1224 7.157512e-07 9.818148e-03
1225 5.524988e-08 2.939878e-03
1226 5.272869e-09 1.837691e-03
1227 5.412410e-05 1.143444e-02
1228 6.733926e-05 3.813536e-02
1229 6.412569e-05 6.379096e-02
1230 3.649743e-08 7.521290e-03
1231 2.721442e-07 4.035013e-02
1232 1.131156e-11 5.677332e-03
1233 5.044128e-07 2.459087e-02
1234 4.230010e-10 7.617775e-03
1235 4.230846e-05 6.075901e-02
1236 1.392582e-08 4.716999e-03
1237 3.271583e-04 2.778503e-01
1238 5.524409e-07 1.435759e-02
1239 5.026312e-07 7.055437e-03
1240 1.390498e-07 4.240217e-03
1241 6.086905e-05 1.149235e-02
1242 1.708772e-03 6.263667e-01
1243 5.031488e-05 1.428902e-01
1244 6.653464e-09 3.620138e-03
1245 3.728426e-07 6.924232e-03
1246 1.816331e-10 2.014008e-03
1247 3.159535e-04 1.305996e-01
1248 2.424706e-05 6.352898e-02
1249 4.140505e-09 9.786590e-03
1250 1.110724e-09 6.206650e-03
1251 2.259793e-09 1.430298e-02
1252 2.110803e-05 9.085610e-03
1253 8.558480e-04 4.625475e-01
1254 1.386203e-09 5.368615e-03
1255 1.072772e-06 2.204623e-02
1256 1.940185e-05 1.342722e-02
1257 9.393967e-04 2.017593e-01
1258 6.965555e-10 4.848424e-03
1259 8.535995e-05 9.394932e-02
1260 3.198182e-04 3.098748e-01
1261 8.748072e-09 5.603045e-03
1262 1.129452e-05 2.292092e-02
1263 4.270451e-05 5.565954e-02
1264 4.328804e-08 3.172693e-02
1265 7.384586e-07 1.108842e-02
1266 2.799100e-07 3.504405e-02
1267 6.211637e-07 1.790652e-02
1268 1.628764e-06 9.439012e-03
1269 7.455577e-05 3.158161e-02
1270 4.574703e-03 1.510189e+00
1271 1.776682e-03 6.028345e-01
1272 1.317049e-10 1.268536e-03
1273 1.760195e-04 1.532108e-01
1274 9.268400e-07 2.096020e-02
1275 2.792118e-05 6.400503e-02
1276 1.502662e-03 7.749513e-01
1277 1.731378e-04 2.659784e-01
1278 3.644948e-03 7.578392e-01
1279 6.210182e-07 2.928685e-03
1280 4.607153e-03 4.148560e-01
1281 1.012568e-06 7.600220e-03
1282 4.957855e-05 7.469279e-02
1283 1.287727e-07 2.106544e-02
1284 1.622719e-07 4.784597e-03
1285 1.080050e-03 2.356988e-01
1286 2.569450e-11 3.201500e-03
1287 1.310257e-05 4.418123e-02
1288 4.205590e-04 7.501752e-02
1289 4.558537e-05 2.785221e-02
1290 1.338481e-06 3.210725e-02
1291 2.448406e-05 2.604137e-02
1292 3.205346e-04 4.566314e-01
1293 6.631667e-08 3.347401e-03
1294 6.310133e-08 5.890470e-03
1295 1.440805e-07 3.468303e-03
1296 5.110748e-08 1.307886e-02
1297 5.802605e-06 5.996698e-02
1298 3.560392e-06 1.584022e-02
1299 8.865165e-05 3.547850e-02
1300 2.022006e-08 2.830372e-03
1301 2.657434e-07 3.163738e-03
1302 1.916359e-03 2.530081e-01
1303 6.528367e-06 9.452683e-03
1304 1.825314e-06 8.741997e-03
1305 2.702904e-04 8.335927e-02
1306 1.086167e-04 6.162125e-02
1307 1.179315e-06 7.082225e-03
1308 6.745525e-10 2.544952e-03
1309 1.394558e-04 1.193043e-01
1310 1.033394e-12 1.448175e-03
1311 1.975897e-03 8.757862e-01
1312 9.971964e-04 4.158928e-01
1313 1.047399e-10 1.734623e-03
1314 3.513481e-07 8.616228e-03
1315 1.427215e-08 3.228088e-03
1316 1.216451e-09 2.199577e-03
1317 4.853317e-13 1.374760e-03
1318 1.439790e-04 8.226730e-02
1319 2.165508e-03 1.182219e+00
1320 2.859551e-08 3.999844e-03
1321 8.206846e-05 1.727118e-02
1322 2.966283e-11 1.135354e-03
1323 1.900421e-08 2.234003e-03
1324 1.870130e-04 2.256378e-01
1325 4.730013e-09 9.791705e-03
1326 1.515717e-05 1.324433e-02
1327 1.203432e-05 3.174260e-02
1328 1.739228e-08 2.689431e-03
1329 1.219770e-05 2.629858e-02
1330 3.802654e-08 8.253892e-03
1331 1.895383e-08 2.125090e-03
1332 3.315573e-10 1.452894e-03
1333 8.329382e-06 2.383865e-02
1334 8.036393e-07 1.378681e-02
1335 4.336832e-08 1.172269e-02
1336 2.673815e-06 9.208096e-03
1337 1.128334e-04 1.684607e-01
1338 3.208381e-08 7.357757e-03
1339 1.049149e-03 5.627706e-01
1340 1.780117e-05 1.886834e-02
1341 7.928888e-04 5.009180e-01
1342 2.428303e-09 2.470511e-03
1343 6.814691e-09 2.175654e-03
1344 4.750123e-07 3.604669e-03
1345 3.756301e-06 1.535835e-02
1346 5.516922e-08 2.861591e-02
1347 1.829767e-09 1.355876e-03
1348 3.387120e-04 8.708302e-02
1349 1.512792e-03 2.237338e-01
1350 6.120536e-06 1.342922e-02
1351 2.123162e-04 3.840452e-02
1352 4.293603e-06 1.613355e-02
1353 1.194051e-06 1.168892e-02
1354 4.559711e-09 4.958349e-03
1355 1.190810e-07 9.441000e-03
1356 2.812813e-04 3.718778e-02
1357 1.464665e-09 6.053744e-03
1358 4.055861e-06 8.006594e-03
1359 4.945098e-10 2.051845e-03
1360 1.594705e-08 4.146022e-03
1361 1.222309e-04 2.504748e-02
1362 3.855509e-04 1.784500e-01
1363 5.298536e-06 6.411416e-03
1364 5.140408e-04 9.379374e-02
1365 1.434866e-09 4.523314e-03
1366 1.924059e-07 4.612509e-03
1367 1.899840e-09 1.745246e-03
1368 1.915858e-05 6.902968e-02
1369 4.648031e-12 2.457531e-03
1370 5.497954e-08 1.648600e-03
1371 1.392334e-04 7.959596e-02
1372 9.307085e-10 4.192701e-03
1373 1.047973e-07 7.750663e-03
1374 6.853322e-08 3.413930e-03
1375 2.876608e-05 1.690796e-02
1376 6.279364e-03 1.205393e+00
1377 1.728458e-07 9.845277e-03
1378 9.951334e-10 1.432337e-03
1379 1.932929e-05 6.414191e-03
1380 1.316450e-03 7.426231e-01
1381 1.322099e-06 3.541707e-03
1382 3.668757e-09 1.284108e-03
1383 4.528008e-07 2.178087e-02
1384 3.982374e-08 4.633775e-03
1385 1.207022e-08 4.490593e-03
1386 1.597543e-07 5.862033e-03
1387 1.447501e-04 5.502354e-02
1388 2.791660e-07 7.825668e-03
1389 9.224031e-09 3.265596e-03
1390 5.270784e-09 3.100376e-03
1391 6.135626e-08 9.241013e-03
1392 1.038966e-08 2.003602e-03
1393 6.824458e-09 7.649834e-03
1394 7.685217e-08 6.516678e-03
1395 2.190003e-04 5.328473e-02
1396 9.070552e-05 5.700196e-02
1397 2.651170e-08 3.232783e-03
1398 2.723795e-05 3.275427e-02
1399 1.817303e-05 4.344659e-02
1400 1.688779e-08 4.682436e-03
1401 2.537128e-04 1.234283e-01
1402 2.823717e-07 4.639960e-03
1403 1.799375e-07 5.534155e-03
1404 4.357179e-09 2.382972e-03
1405 1.988853e-07 4.184504e-03
1406 5.184785e-05 2.396212e-02
1407 4.423674e-08 2.753680e-03
1408 3.125034e-03 9.673938e-01
1409 2.233955e-06 5.170324e-02
1410 3.988271e-08 1.108902e-02
1411 3.097577e-05 1.640794e-02
1412 1.635228e-10 4.384730e-03
1413 2.675293e-15 1.143512e-03
1414 1.738706e-10 2.434511e-03
1415 6.825739e-08 5.996886e-03
1416 2.255602e-09 2.992392e-03
1417 6.292040e-07 5.185504e-03
1418 4.087287e-08 5.032207e-03
1419 1.460235e-08 4.512989e-03
1420 1.237336e-05 2.577210e-02
1421 9.869707e-07 1.366763e-02
1422 1.192941e-04 3.928649e-02
1423 1.438056e-06 4.087851e-03
1424 2.732077e-06 7.492011e-03
1425 3.961995e-06 8.401666e-03
1426 5.702045e-06 1.023001e-02
1427 3.197532e-06 6.412604e-03
1428 2.801952e-06 8.282900e-03
1429 4.406536e-05 2.654520e-02
1430 3.181747e-04 3.474302e-01
1431 3.570440e-06 3.382321e-02
1432 1.829277e-06 1.821885e-02
1433 5.657861e-09 7.839441e-03
1434 2.097357e-06 3.747685e-03
1435 6.263201e-09 3.320893e-03
1436 9.993061e-06 1.173872e-02
1437 3.391698e-07 2.900195e-03
1438 1.062809e-05 1.600238e-02
1439 2.679590e-03 6.685718e-01
1440 1.968287e-09 2.807484e-03
1441 1.030298e-10 1.740391e-03
1442 5.109845e-09 7.298991e-03
1443 4.583131e-06 6.558466e-03
1444 1.167343e-06 8.648148e-03
1445 1.652139e-06 1.073645e-02
1446 1.807931e-06 1.679469e-02
1447 3.698529e-03 1.273939e+00
1448 1.287702e-05 4.744330e-03
1449 9.337637e-09 3.108341e-03
1450 1.223792e-06 1.372427e-02
1451 1.103910e-04 6.514946e-02
1452 1.450569e-03 2.440784e-01
1453 8.407742e-10 2.968211e-03
1454 4.618598e-08 3.941117e-03
1455 1.263316e-04 2.265819e-02
1456 7.845072e-08 1.891385e-03
1457 1.544363e-06 2.660355e-03
1458 5.713166e-07 2.930073e-03
1459 1.007833e-05 1.179343e-02
1460 3.776606e-06 1.919834e-02
1461 2.206400e-06 2.626951e-03
1462 6.956357e-08 2.176368e-03
1463 4.973422e-09 1.507245e-03
1464 2.607692e-09 2.055732e-03
1465 1.318472e-08 1.411363e-03
1466 1.119364e-05 2.477270e-02
1467 5.447635e-04 1.793366e-01
1468 3.673647e-06 9.498767e-03
1469 3.459641e-07 1.776114e-02
1470 3.599576e-11 3.690372e-03
1471 3.747826e-05 2.099889e-02
1472 3.141473e-08 6.297561e-03
1473 6.359015e-08 4.045536e-03
1474 1.549262e-08 1.696549e-02
1475 3.776609e-09 1.749850e-03
1476 1.245547e-06 2.094666e-02
1477 5.612057e-12 1.745339e-03
1478 4.853670e-07 1.659545e-02
1479 1.045674e-06 1.149946e-02
1480 2.764234e-06 4.686698e-02
1481 2.300831e-05 3.781046e-02
1482 4.727165e-06 1.734793e-02
1483 7.232991e-05 2.356140e-02
1484 4.434554e-04 3.344204e-01
1485 1.192573e-04 8.944579e-02
1486 4.832784e-05 1.979943e-01
1487 2.895423e-10 2.030051e-03
1488 1.650669e-06 2.744064e-02
1489 5.661370e-07 2.152455e-03
1490 2.423072e-05 5.629614e-03
1491 2.981773e-06 5.975418e-02
1492 3.445598e-09 6.755178e-03
1493 2.748395e-07 1.175610e-02
1494 6.092806e-08 3.027819e-03
1495 1.075285e-05 2.274913e-02
1496 9.615435e-08 4.501944e-03
1497 5.814469e-04 4.767018e-01
1498 4.381141e-08 5.334913e-03
1499 6.664958e-10 2.925377e-03
1500 4.613510e-05 1.258420e-02
1501 4.220793e-08 5.470342e-03
1502 1.025652e-04 1.627719e-01
1503 3.864807e-04 2.255464e-01
1504 3.209468e-05 3.186752e-02
1505 2.173897e-07 5.719068e-03
1506 2.509349e-06 8.214609e-03
1507 2.929884e-04 9.605806e-02
1508 6.419244e-05 3.595615e-01
1509 3.125328e-08 4.600651e-03
1510 1.421202e-08 8.564083e-03
1511 4.783529e-07 1.214929e-02
1512 1.448061e-07 7.625749e-03
1513 1.792921e-06 1.138860e-02
1514 6.943677e-09 6.428229e-03
1515 1.408662e-03 6.410426e-01
1516 1.953642e-06 1.467592e-02
1517 1.563245e-03 7.172221e-01
1518 3.221858e-06 9.384701e-03
1519 2.734042e-06 1.277764e-02
1520 9.886434e-08 1.937520e-03
1521 1.750251e-08 7.192251e-03
1522 7.257964e-05 6.978841e-02
1523 8.538386e-06 1.057182e-02
1524 1.638000e-06 1.891520e-02
1525 1.110651e-05 3.937260e-02
1526 8.539934e-07 1.226143e-02
1527 1.028233e-04 4.091954e-02
1528 1.580534e-05 1.316960e-02
1529 2.526470e-06 9.674473e-03
1530 4.323870e-08 1.488279e-02
1531 1.253303e-05 2.883282e-02
1532 9.279843e-09 5.077570e-03
1533 1.472460e-08 6.696678e-03
1534 2.537851e-05 1.467931e-02
1535 7.751556e-09 1.591099e-03
1536 8.773445e-08 2.744912e-03
1537 2.620644e-07 4.099281e-03
1538 2.805552e-08 4.119008e-03
1539 6.233861e-08 2.608132e-03
1540 5.363385e-06 3.229312e-02
1541 2.704754e-03 5.044939e-01
1542 3.223031e-04 1.628647e-01
1543 1.483190e-03 3.548397e-01
1544 1.350396e-06 1.029078e-02
1545 2.063221e-06 5.445262e-02
1546 2.905646e-06 9.428913e-03
1547 5.438564e-03 5.453752e-01
1548 4.848622e-06 2.210769e-02
1549 1.214875e-06 4.896827e-03
1550 6.841514e-10 4.407851e-03
1551 2.127054e-07 6.502955e-03
1552 5.253657e-05 2.200999e-01
1553 1.615379e-03 4.921358e-01
1554 1.371205e-07 1.026592e-02
1555 1.545870e-03 6.882214e-01
1556 1.525755e-04 2.571207e-02
1557 1.975160e-05 2.201014e-01
1558 1.596642e-03 5.121037e-01
1559 1.542159e-05 1.192459e-02
1560 6.383115e-04 2.071719e-01
1561 8.669084e-05 2.212981e-01
1562 1.850438e-10 6.923897e-03
1563 1.601301e-05 2.289453e-02
1564 6.459179e-04 4.389324e-01
1565 3.216008e-05 2.210522e-02
1566 4.733092e-08 5.373156e-03
1567 4.794367e-03 2.342054e+00
1568 1.957681e-08 1.442433e-02
1569 3.046829e-04 3.206696e-02
1570 1.015480e-03 7.458118e-01
1571 1.201411e-08 2.462503e-03
1572 3.600675e-05 5.143983e-02
1573 2.195887e-03 4.605597e-01
1574 5.339240e-05 2.252993e-02
1575 9.317434e-09 1.799248e-02
1576 1.158610e-05 9.886510e-02
1577 1.567747e-04 3.156577e-01
1578 2.874139e-03 1.722620e-01
1579 6.598844e-09 5.081766e-03
1580 2.342982e-03 9.178822e-01
1581 4.209344e-05 2.016440e-02
1582 6.490642e-07 4.834113e-03
1583 1.036835e-03 1.889242e-01
1584 1.660141e-07 1.485478e-02
1585 2.867476e-04 2.826132e-01
1586 2.561919e-06 1.273956e-02
1587 4.506254e-05 1.829152e-02
1588 6.092007e-06 2.490462e-02
1589 2.795177e-09 2.919265e-03
1590 9.824610e-06 6.580255e-03
1591 3.274623e-06 5.325245e-03
1592 4.288377e-05 1.523366e-02
1593 1.968371e-06 3.782065e-03
1594 1.981402e-06 1.696772e-02
1595 2.860090e-07 4.222875e-03
1596 1.517823e-07 3.066591e-02
1597 1.655369e-06 8.616048e-03
1598 2.500602e-05 1.830076e-02
1599 5.145931e-05 1.267034e-01
1600 6.563653e-07 1.073488e-02
1601 9.716961e-08 3.293002e-03
1602 8.110054e-04 9.843992e-01
1603 6.114571e-08 8.700476e-03
1604 6.203727e-05 4.312716e-02
1605 6.620401e-05 5.409340e-02
1606 1.123948e-03 3.866507e-01
1607 3.139707e-03 4.864207e-01
1608 9.663940e-09 4.893211e-03
1609 7.174482e-04 2.333348e-01
1610 8.966420e-04 5.166684e-01
1611 1.072030e-06 1.675489e-02
1612 1.776859e-04 3.070057e-02
1613 7.033796e-12 1.208080e-03
1614 1.316237e-03 1.291371e-01
1615 8.089751e-04 3.015562e-01
1616 7.762684e-09 2.651584e-03
1617 8.032974e-10 3.410274e-03
1618 1.634253e-07 2.707750e-03
1619 1.979259e-06 8.082597e-02
1620 2.442423e-05 6.073950e-02
1621 2.333794e-08 1.002157e-01
1622 3.568330e-05 2.478089e-02
1623 2.317195e-06 5.730189e-02
1624 8.730229e-04 5.975046e-01
1625 7.813814e-09 4.478479e-03
1626 6.648756e-04 1.401921e-01
1627 1.450570e-06 1.761340e-02
1628 3.538633e-04 1.405503e-01
1629 2.379233e-04 3.610987e-01
1630 8.619586e-04 5.550090e-01
1631 5.356117e-04 1.520689e-01
1632 1.356001e-06 6.991047e-02
1633 2.642514e-10 3.099617e-03
1634 2.133649e-09 6.778062e-03
1635 5.895569e-11 1.156794e-03
1636 1.186875e-09 2.940697e-03
1637 1.590478e-10 1.705862e-03
1638 1.754315e-09 3.093153e-03
1639 3.848915e-11 1.852139e-03
1640 3.778210e-04 7.136767e-02
1641 4.637510e-04 2.097655e-01
1642 1.191527e-03 8.415768e-01
1643 1.825634e-04 4.658026e-02
1644 1.299998e-05 1.272549e-02
1645 5.204783e-04 3.814912e-02
1646 3.497262e-03 1.290524e+00
1647 1.905358e-05 1.707862e-02
1648 7.205964e-07 4.207709e-03
1649 8.419747e-04 6.457229e-01
1650 3.884919e-04 1.326714e-01
1651 3.878549e-09 4.405718e-03
1652 1.651306e-04 1.306622e-01
1653 4.314227e-03 8.630357e-01
1654 1.120092e-06 2.351836e-02
1655 1.210008e-03 4.358908e-01
1656 9.904234e-08 1.784005e-02
1657 3.971445e-06 1.287823e-02
1658 1.464214e-06 5.289808e-03
1659 4.639050e-06 2.247581e-02
1660 1.835891e-05 9.517559e-02
1661 2.457331e-04 1.454778e-01
1662 5.420565e-04 7.242168e-02
1663 1.936481e-05 2.303597e-01
1664 1.813324e-06 1.395161e-02
1665 2.297440e-06 1.227653e-02
1666 4.323612e-05 9.657954e-02
1667 3.042096e-05 5.351363e-02
1668 4.201396e-11 8.895978e-04
1669 7.827864e-06 1.319664e-02
1670 1.572802e-08 3.679357e-03
1671 8.230261e-06 2.431373e-02
1672 8.372182e-04 2.770816e-01
1673 1.733680e-05 4.050957e-02
1674 4.962765e-07 1.099653e-02
1675 4.887939e-06 1.607780e-02
1676 4.500919e-08 2.856937e-03
1677 9.150491e-10 7.112946e-03
1678 8.156017e-08 3.678756e-03
1679 1.063381e-13 1.409525e-03
1680 1.077497e-04 9.541163e-02
1681 4.960248e-05 3.315069e-02
1682 1.791793e-06 2.614655e-02
1683 1.390674e-09 1.750298e-03
1684 8.455155e-09 3.672877e-03
1685 7.700230e-04 9.485757e-02
1686 1.205490e-03 3.325991e-01
1687 2.604955e-06 3.300986e-02
1688 5.571152e-04 3.774936e-01
1689 5.208220e-06 9.918560e-02
1690 9.669327e-10 1.776303e-03
1691 2.524399e-08 1.767728e-03
1692 4.655381e-08 6.009459e-03
1693 3.393870e-04 2.171551e-01
1694 2.968042e-05 5.211317e-02
1695 2.804432e-06 4.407283e-03
1696 1.298468e-03 4.383872e-01
1697 5.768051e-08 8.760635e-03
1698 1.426404e-03 6.381462e-01
1699 4.242159e-03 8.752900e-01
1700 8.562245e-08 4.277151e-03
1701 1.828465e-05 7.977367e-02
1702 2.802919e-05 8.962002e-02
1703 6.988794e-07 5.803997e-02
1704 2.924198e-08 1.636307e-03
1705 3.405699e-09 1.979587e-03
1706 6.361005e-07 2.672552e-03
1707 6.999630e-04 1.754061e-01
1708 7.224494e-10 8.068247e-03
1709 1.398029e-06 1.657670e-02
1710 8.251083e-08 1.163230e-02
1711 1.181153e-03 3.987033e-01
1712 1.804483e-04 9.566359e-02
1713 6.932859e-07 1.144482e-02
1714 1.288833e-04 1.011414e-01
1715 3.631657e-07 8.800718e-03
1716 6.529232e-10 4.416098e-03
1717 1.195782e-06 2.689068e-02
1718 4.487949e-06 1.359575e-02
1719 1.255697e-09 7.630493e-03
1720 1.026794e-07 9.477204e-03
1721 2.350387e-08 3.152256e-02
1722 5.591578e-09 8.443345e-03
1723 1.839602e-03 6.194778e-01
1724 3.861268e-06 3.520791e-03
1725 1.427006e-06 1.822957e-02
1726 7.137479e-04 2.426610e-01
1727 1.990205e-05 3.248548e-02
1728 1.205509e-03 5.051282e-01
1729 4.706740e-07 4.656649e-03
1730 3.210301e-04 2.797118e-01
1731 1.157442e-07 7.372937e-03
1732 7.436895e-09 1.912602e-03
1733 8.479912e-15 1.011506e-03
1734 2.746765e-04 8.892542e-02
1735 2.969643e-05 4.210540e-02
1736 1.766704e-13 1.148585e-03
1737 4.283420e-05 2.242307e-02
1738 4.848588e-07 3.651462e-03
1739 3.161350e-06 2.612840e-02
1740 9.586201e-04 1.376941e-01
1741 9.198193e-11 4.427052e-03
1742 1.496227e-04 1.219486e-01
1743 1.290796e-03 2.317715e-01
1744 2.693475e-05 4.769375e-02
1745 2.338353e-04 4.764579e-02
1746 3.385528e-08 2.726097e-03
1747 4.468800e-08 6.705899e-03
1748 5.843811e-04 6.985645e-01
1749 8.972150e-06 1.247947e-02
1750 1.710683e-06 9.759835e-03
1751 2.173799e-07 6.520596e-03
1752 1.590126e-09 2.143618e-03
1753 8.353067e-05 5.951940e-02
1754 6.416367e-08 5.577589e-03
1755 2.092958e-06 6.712684e-03
1756 5.989081e-08 1.983647e-02
1757 5.458128e-07 1.516441e-02
1758 3.884906e-05 2.423003e-01
1759 1.655221e-07 5.168343e-03
1760 2.206795e-03 6.551366e-01
1761 3.585293e-09 7.060946e-03
1762 3.116043e-07 4.340484e-03
1763 9.840980e-08 1.170575e-02
1764 1.690844e-08 6.939461e-03
1765 2.417422e-05 3.523623e-02
1766 3.752661e-08 4.500377e-03
1767 1.659289e-04 1.173119e-02
1768 2.726692e-05 5.848010e-02
1769 3.054132e-04 1.321114e-01
1770 1.956279e-08 8.551359e-03
1771 5.169963e-06 1.156291e-02
1772 3.181518e-04 5.132661e-01
1773 1.134799e-03 4.728181e-01
1774 2.198261e-09 2.935302e-03
1775 2.585505e-11 2.829930e-03
1776 6.208065e-08 1.939707e-02
1777 6.325793e-07 1.266854e-02
1778 8.463729e-08 7.272241e-03
1779 3.335292e-06 1.751993e-02
1780 2.766087e-09 2.812111e-03
1781 1.679083e-11 1.305323e-03
1782 1.463625e-10 3.173233e-03
1783 1.601944e-07 7.434378e-03
1784 7.257239e-06 3.449617e-02
1785 3.953327e-07 4.461875e-03
1786 1.272142e-06 3.389858e-02
1787 1.722633e-03 6.500063e-01
1788 3.832919e-10 4.441672e-03
1789 1.141444e-04 4.523269e-02
1790 3.971797e-09 2.235156e-03
1791 7.463077e-08 5.838485e-03
1792 2.897343e-06 7.220459e-03
1793 4.148476e-08 9.524705e-03
1794 1.163197e-04 1.083099e-01
1795 3.337135e-05 9.282756e-03
1796 7.842421e-04 7.170728e-01
1797 1.983508e-08 1.740268e-02
1798 3.736738e-07 6.669608e-03
1799 2.555836e-09 2.885610e-03
1800 1.392880e-06 5.606907e-02
1801 4.499007e-05 7.362445e-03
1802 8.988965e-06 4.037952e-02
1803 8.065932e-09 2.049833e-03
1804 4.244588e-07 3.029251e-03
1805 1.204503e-08 1.103915e-02
1806 1.850466e-07 6.007769e-03
1807 3.487557e-09 1.571621e-03
1808 8.943444e-04 8.591464e-01
1809 1.533547e-06 1.176586e-02
1810 5.032042e-04 2.801709e-01
1811 9.892687e-09 7.842737e-03
1812 1.726424e-08 5.934494e-03
1813 9.644581e-07 1.456759e-02
1814 1.830147e-10 2.832744e-03
1815 7.924787e-08 2.575708e-02
1816 7.818174e-05 3.586394e-02
1817 1.665670e-06 4.875853e-03
1818 7.144311e-08 4.834051e-03
1819 7.948296e-14 2.082381e-03
1820 3.406451e-09 1.597664e-03
1821 5.802596e-09 3.413061e-03
1822 2.343780e-04 2.247187e-01
1823 5.221458e-06 4.196476e-02
1824 7.050786e-06 4.761352e-02
1825 2.543837e-03 8.391928e-01
1826 3.857067e-04 1.881498e-01
1827 2.675120e-04 6.978736e-02
1828 2.208847e-04 4.810983e-02
1829 1.414316e-06 1.221722e-02
1830 1.476881e-08 3.102723e-03
1831 3.974149e-10 1.703533e-03
1832 1.342985e-07 1.495809e-02
1833 5.787416e-05 2.240097e-02
1834 4.803812e-07 3.682277e-03
1835 6.418957e-09 3.577625e-03
1836 4.914576e-04 5.328243e-01
1837 1.934696e-03 3.727934e-01
1838 1.025320e-04 2.285202e-02
1839 4.521057e-07 3.748198e-02
1840 1.707695e-06 3.915815e-02
1841 1.021148e-04 1.025369e-01
1842 1.656604e-07 6.899864e-03
1843 1.225613e-08 8.683321e-03
1844 4.643362e-09 2.765583e-03
1845 2.004642e-05 4.477564e-02
1846 2.693759e-10 3.506992e-03
1847 1.416130e-07 6.009491e-02
1848 2.512538e-10 2.206611e-03
1849 4.460719e-09 1.367679e-02
1850 1.113355e-08 1.479183e-02
1851 1.602235e-06 3.671479e-02
1852 1.196607e-05 2.280841e-02
1853 1.666176e-05 5.555342e-02
1854 1.061265e-05 1.197426e-01
1855 5.426493e-06 4.700624e-02
1856 2.294691e-11 2.267660e-03
1857 2.414135e-09 4.628159e-03
1858 1.962414e-07 3.963941e-03
1859 8.630282e-10 3.269170e-03
1860 4.936290e-06 2.340049e-02
1861 5.355913e-08 7.736191e-03
1862 1.175170e-03 4.151425e-01
1863 2.142579e-11 3.006962e-03
1864 5.085515e-09 2.669122e-03
1865 2.748031e-09 1.142279e-02
1866 1.898555e-04 1.016815e-01
1867 4.182470e-11 2.611333e-03
1868 2.588962e-06 1.078800e-02
1869 1.121649e-03 5.012730e-01
1870 6.563339e-07 6.078424e-03
1871 5.068133e-08 1.130571e-02
1872 4.287543e-09 7.174983e-03
1873 1.333244e-08 1.843275e-03
1874 4.534862e-07 2.203642e-03
1875 3.195553e-03 1.137108e+00
1876 1.411060e-08 2.424655e-03
1877 6.086780e-08 3.194476e-03
1878 4.282617e-09 6.553737e-03
1879 8.724364e-07 1.171807e-02
1880 2.096821e-04 7.865370e-02
1881 3.066061e-07 4.514090e-02
1882 1.625388e-09 3.948331e-03
1883 1.129279e-06 1.346058e-02
1884 1.850990e-03 3.077578e-01
1885 1.120034e-06 7.051528e-03
1886 3.830605e-04 1.066267e-01
1887 1.052060e-04 4.933177e-02
1888 3.627271e-08 3.276111e-03
1889 6.815869e-09 1.317304e-03
1890 4.603231e-07 1.208561e-02
1891 5.179470e-04 2.172291e-01
1892 5.287723e-08 1.486149e-02
1893 5.538717e-05 6.795514e-02
1894 3.851453e-03 1.549115e+00
1895 6.018695e-04 8.592763e-02
1896 8.544366e-05 1.282195e-01
1897 2.206942e-08 4.002273e-03
1898 2.967313e-05 5.453422e-02
1899 6.226713e-06 1.184151e-02
1900 3.450216e-04 1.789810e-01
1901 2.671029e-08 4.904586e-03
1902 1.299562e-08 1.854872e-03
1903 5.736487e-07 1.104055e-02
1904 1.742112e-06 8.295877e-03
1905 9.264901e-07 5.248982e-03
1906 6.127570e-06 6.616782e-03
1907 7.939310e-11 3.760351e-03
1908 1.849048e-08 1.714526e-03
1909 1.837678e-05 1.723588e-02
1910 7.093542e-05 1.052365e-01
1911 2.709944e-04 1.757244e-01
1912 4.469566e-06 7.689022e-02
1913 3.610018e-06 6.325218e-02
1914 1.278800e-07 4.780412e-03
1915 1.998852e-10 7.895661e-03
1916 8.382309e-04 9.515343e-01
1917 2.133071e-03 5.947510e-01
1918 2.660734e-05 3.589692e-02
1919 2.640764e-04 3.798071e-02
1920 2.789630e-05 3.312391e-02
1921 7.085904e-11 1.367048e-03
1922 2.323856e-06 4.834577e-03
1923 1.923543e-07 3.151455e-03
1924 5.807395e-08 2.429364e-03
1925 1.827085e-08 2.133165e-03
1926 1.032762e-04 1.648388e-01
1927 9.209597e-07 1.159844e-02
1928 2.981688e-10 1.791342e-03
1929 1.273165e-05 1.624678e-02
1930 6.236519e-06 1.792775e-02
1931 6.012717e-05 2.805528e-02
1932 1.290069e-08 3.379184e-02
1933 3.533676e-07 1.611887e-02
1934 1.027635e-05 7.038483e-02
1935 6.933875e-06 1.787776e-02
1936 8.859329e-08 1.255377e-02
1937 7.455493e-06 5.640390e-03
1938 1.737041e-11 2.010178e-03
1939 1.534303e-04 2.891056e-01
1940 6.157485e-08 2.261755e-02
1941 2.286180e-04 2.002446e-02
1942 2.130441e-05 8.406815e-02
1943 3.145304e-07 3.242104e-02
1944 8.632875e-04 2.971075e-01
1945 1.930430e-05 4.148567e-02
1946 1.536167e-06 7.095004e-03
1947 1.253725e-05 6.313789e-03
1948 3.225886e-09 1.708363e-03
1949 1.258222e-03 2.216654e-01
1950 1.730382e-05 3.501151e-02
1951 6.936808e-06 4.273754e-02
1952 8.488616e-07 7.194216e-03
1953 3.099990e-04 7.008046e-02
1954 1.859058e-06 7.621275e-02
1955 2.454066e-06 1.018115e-02
1956 1.731000e-05 5.853479e-02
1957 9.606075e-06 8.685597e-03
1958 2.140159e-05 2.227709e-02
1959 1.196130e-05 2.762602e-02
1960 6.779439e-06 3.120036e-02
1961 5.615479e-06 1.062533e-01
1962 4.583022e-04 1.466940e-01
1963 2.731048e-04 1.097021e-01
1964 4.444006e-07 4.041981e-03
1965 2.928729e-06 1.520861e-02
1966 6.621210e-08 6.704344e-03
1967 4.557824e-06 5.703440e-02
1968 5.957822e-10 2.103137e-03
1969 1.136935e-03 4.053117e-01
1970 7.544695e-04 1.219378e-01
1971 7.160591e-04 4.072839e-01
1972 2.793727e-05 2.326486e-02
1973 1.551485e-04 2.120783e-01
1974 5.274062e-08 4.244081e-03
1975 4.577757e-04 3.347122e-01
1976 8.805118e-05 1.327636e-01
1977 2.925153e-06 7.761536e-03
1978 1.270386e-08 4.048643e-03
1979 7.073139e-04 1.284375e-01
1980 3.049841e-04 2.645542e-02
1981 4.332690e-06 5.534183e-02
1982 4.133899e-09 2.801785e-03
1983 1.464646e-06 2.431162e-03
1984 1.632677e-07 2.762500e-02
1985 3.957833e-05 1.910294e-02
1986 1.779403e-05 1.317169e-02
1987 1.811614e-07 3.500292e-02
1988 2.946061e-04 2.377013e-01
1989 1.578405e-07 1.454652e-03
1990 1.390195e-06 5.613866e-03
1991 1.550956e-06 9.462266e-03
1992 5.482595e-04 6.265595e-01
1993 3.865515e-10 1.188430e-03
1994 3.104753e-09 1.259217e-03
1995 2.626297e-04 1.945164e-01
1996 4.724200e-08 5.553635e-03
1997 4.009711e-08 2.108836e-03
1998 5.266395e-06 1.899384e-02
1999 2.244242e-05 1.314629e-01
2000 7.962483e-08 2.653912e-03
2001 3.695013e-08 3.122608e-03
