2 1.494215e-04 1.677494e-01
3 6.227349e-04 1.041812e+00
4 1.988414e-03 4.764831e-01
5 1.000355e-04 1.492084e-01
6 3.201435e-03 1.536073e+00
7 9.906745e-04 5.045154e-01
8 9.830004e-06 5.489916e-02
9 3.249144e-06 1.142344e-02
10 1.333696e-03 2.803877e-01
11 2.585981e-03 6.027084e-01
12 7.279092e-05 4.659903e-02
13 2.279345e-03 8.018702e-01
14 3.467101e-04 1.951432e-01
15 1.964254e-04 1.014682e-01
16 1.309988e-04 6.552689e-02
17 4.644779e-05 2.448854e-02
18 2.165735e-03 2.468636e-01
19 1.050439e-04 3.365806e-01
20 1.578220e-03 6.220284e-01
21 1.469806e-03 3.773400e-01
22 7.878153e-06 3.325430e-02
23 4.044955e-03 9.777581e-01
24 2.540549e-03 6.275485e-01
25 1.028391e-04 5.993831e-02
26 2.231249e-03 8.699408e-01
27 2.919654e-04 1.285183e-01
28 4.997071e-04 7.572458e-02
29 5.153148e-03 1.088985e+00
30 6.383117e-07 7.871470e-03
31 2.129958e-03 5.188445e-01
32 4.418743e-03 7.012481e-01
33 7.980395e-05 4.563611e-02
34 3.866731e-06 1.036178e-02
35 1.767453e-04 2.845002e-01
36 6.308902e-04 1.293550e-01
37 1.112133e-03 1.338071e+00
38 2.041798e-03 1.823670e+00
39 9.222594e-04 8.714767e-01
40 1.688228e-04 2.954989e-01
41 3.426645e-07 7.218326e-03
42 1.950997e-03 1.248088e+00
43 1.195951e-05 1.944929e-02
44 2.240301e-08 3.025947e-03
45 7.659617e-07 2.803664e-03
46 3.284080e-09 1.441389e-03
47 1.824928e-08 6.339800e-03
48 1.133508e-07 7.269523e-03
49 2.336807e-07 9.173074e-03
50 1.080037e-06 3.349722e-02
51 8.812754e-08 3.200130e-03
52 1.064550e-07 5.691994e-03
53 7.653313e-08 5.714461e-03
54 1.377293e-08 4.308516e-03
55 1.802577e-08 3.403421e-03
56 2.323432e-06 2.300626e-02
57 3.186976e-06 4.330466e-02
58 7.188731e-09 1.717940e-03
59 2.187960e-06 1.313717e-02
60 1.746777e-07 2.455769e-03
61 1.555331e-08 4.242201e-03
62 6.099613e-08 1.361975e-03
63 4.395825e-07 5.805719e-03
64 2.182432e-08 1.184404e-02
65 3.023598e-08 2.829514e-03
66 1.078270e-07 4.908207e-03
67 9.196369e-09 4.816291e-03
68 1.054679e-05 1.207226e-02
69 1.428938e-05 1.149997e-02
70 1.915660e-03 8.106989e-01
71 1.013858e-10 4.412654e-03
72 3.442489e-04 8.947530e-02
73 7.944185e-07 4.631457e-03
74 1.434814e-07 5.803456e-03
75 1.961934e-07 5.863615e-03
76 2.879842e-05 8.619219e-03
77 1.572245e-06 4.882552e-03
78 4.553740e-05 5.355158e-02
79 2.953452e-07 1.150854e-02
80 5.328544e-05 1.028650e-01
81 3.397187e-07 3.212269e-03
82 4.176365e-05 4.673545e-02
83 1.243937e-08 2.530701e-03
84 1.193462e-04 3.258566e-02
85 6.939184e-07 8.023767e-03
86 3.538605e-04 5.130350e-02
87 4.248859e-04 2.783012e-01
88 2.542804e-09 2.775776e-03
89 1.401858e-04 6.934299e-02
90 7.433616e-05 1.411112e-01
91 1.666268e-05 2.025498e-02
92 2.320186e-04 1.104561e-01
93 2.740996e-05 5.538776e-02
94 5.549571e-07 9.046219e-03
95 4.146143e-09 5.393015e-03
96 3.212004e-06 1.503720e-02
97 3.865302e-05 2.492392e-02
98 6.543569e-04 7.682725e-02
99 6.861703e-05 3.523931e-01
100 1.897813e-03 1.189562e+00
101 8.532443e-04 2.159743e-01
102 3.378820e-07 6.790328e-03
103 1.138862e-03 3.013099e-01
104 4.041376e-08 2.473595e-02
105 7.450669e-04 1.219282e-01
106 8.731212e-05 7.786189e-02
107 8.977720e-07 1.224956e-02
108 4.760131e-06 1.166191e-01
109 2.426605e-07 1.220461e-02
110 1.907228e-06 4.757202e-03
111 4.031534e-07 1.088203e-02
112 2.919913e-08 1.961205e-02
113 4.013479e-04 1.904875e-01
114 3.974015e-05 2.033576e-02
115 1.068418e-04 3.642413e-02
116 1.360378e-04 1.185988e-01
117 1.799963e-06 7.598919e-03
118 5.097726e-08 3.734454e-03
119 9.304344e-04 8.091229e-01
120 3.504011e-05 4.755880e-02
121 4.162302e-07 9.094663e-03
122 8.524476e-07 5.317820e-03
123 5.236527e-04 1.578027e-01
124 3.317356e-06 1.460426e-02
125 1.364128e-04 1.759999e-01
126 8.983493e-06 1.608210e-02
127 5.102588e-07 1.171881e-02
128 1.730643e-03 4.963710e-01
129 8.205445e-04 6.646873e-01
130 2.963567e-05 8.004049e-02
131 4.276608e-04 2.596395e-01
132 1.981635e-05 3.132945e-02
133 2.819740e-03 1.242461e+00
134 4.850663e-04 5.772169e-02
135 1.668977e-03 4.759800e-01
136 1.084445e-09 2.287576e-03
137 2.601474e-07 1.305934e-02
138 1.240037e-06 4.159479e-03
139 4.434930e-06 1.065437e-02
140 3.913226e-04 7.843851e-02
141 4.863708e-06 8.627702e-03
142 7.606742e-05 2.981453e-01
143 2.987187e-04 1.437470e-01
144 9.821359e-04 2.917911e-01
145 2.757916e-05 6.364624e-02
146 5.570331e-07 1.467389e-02
147 8.216321e-05 8.722068e-02
148 9.488027e-07 6.678852e-03
149 4.186463e-04 9.389539e-02
150 3.931615e-05 1.087250e-01
151 2.050844e-04 9.857135e-02
152 3.539992e-05 4.168284e-02
153 1.242519e-06 1.078661e-02
154 4.291517e-06 1.740676e-02
155 5.773753e-08 3.186340e-03
156 3.260369e-05 3.203211e-02
157 7.867582e-08 1.321045e-02
158 1.180507e-10 3.780420e-03
159 8.697125e-07 1.791992e-02
160 1.574732e-06 1.037901e-02
161 1.026565e-06 5.366508e-03
162 1.281907e-07 1.728542e-02
163 1.579254e-06 1.764796e-02
164 8.550569e-06 1.683796e-02
165 5.301770e-08 1.800160e-03
166 5.274747e-07 2.618192e-03
167 1.351914e-05 9.985988e-03
168 2.014810e-06 5.856260e-03
169 2.530721e-05 4.061711e-02
170 1.488633e-06 8.061471e-03
171 1.217449e-04 6.613288e-02
172 2.032748e-04 6.448401e-01
173 1.938722e-04 1.051563e-01
174 3.839258e-04 3.041878e-01
175 2.089023e-10 1.263865e-03
176 9.088548e-07 1.522275e-02
177 4.824441e-09 3.191097e-03
178 1.343807e-07 7.884520e-03
179 3.902828e-06 1.319749e-02
180 4.953367e-10 1.277290e-03
181 7.308239e-05 1.206906e-01
182 2.663883e-03 2.038911e-01
183 3.854798e-05 4.516334e-02
184 3.957947e-06 9.616942e-03
185 1.783715e-09 1.523769e-03
186 2.466044e-06 4.942303e-02
187 4.600990e-03 9.854618e-01
188 1.837644e-04 6.456958e-02
189 4.487297e-06 1.574185e-02
190 9.754352e-07 5.737434e-03
191 1.635583e-06 7.120966e-03
192 2.968952e-08 5.863711e-03
193 7.327585e-09 6.284185e-03
194 2.059613e-08 6.119249e-03
195 2.304369e-04 4.218843e-02
196 3.536232e-07 8.423687e-03
197 1.255190e-07 2.127624e-02
198 3.161147e-05 1.762228e-02
199 6.172805e-07 2.059602e-02
200 1.940608e-04 1.434505e-01
201 4.445062e-06 9.332650e-02
202 2.486054e-06 1.688802e-02
203 8.192715e-05 2.152246e-01
204 1.489387e-06 4.805261e-03
205 6.909059e-05 5.371688e-02
206 2.267399e-04 6.989942e-02
207 6.593476e-06 3.416726e-02
208 2.943035e-05 1.011943e-01
209 6.316662e-04 2.414414e-01
210 1.289387e-05 5.961607e-02
211 1.024011e-04 2.207930e-01
212 1.824031e-08 5.027080e-03
213 3.832538e-06 1.666470e-02
214 9.048750e-07 1.430217e-02
215 2.738307e-07 1.246393e-02
216 2.957517e-06 4.051178e-02
217 7.810850e-07 3.023852e-03
218 3.360248e-07 4.748099e-03
219 4.223461e-08 2.562894e-03
220 3.082153e-05 2.608657e-01
221 1.334412e-08 5.696836e-03
222 1.136457e-06 4.376277e-02
223 9.857883e-04 2.637548e-01
224 1.410514e-09 2.300562e-03
225 3.180571e-09 3.232882e-03
226 1.431766e-06 1.232419e-02
227 5.332551e-08 4.284003e-03
228 1.510089e-07 6.425563e-03
229 1.877308e-06 1.843413e-02
230 7.507284e-04 3.950892e-01
231 5.153445e-10 2.043736e-03
232 1.812854e-03 8.563373e-01
233 2.241820e-08 9.449008e-03
234 1.125647e-06 5.368197e-03
235 1.757185e-10 7.405342e-03
236 1.891573e-03 2.031653e-01
237 1.167478e-03 4.562673e-01
238 2.268768e-08 5.106261e-03
239 3.355934e-05 1.686526e-02
240 5.685372e-06 6.936125e-02
241 2.089601e-04 5.454233e-01
242 1.992273e-06 3.908323e-02
243 1.120678e-07 4.576922e-03
244 4.146500e-09 1.879402e-03
245 2.117870e-09 1.284262e-03
246 1.046929e-03 2.683777e-01
247 8.425476e-04 1.817137e-01
248 1.004213e-04 3.770362e-01
249 2.116163e-03 5.756739e-01
250 4.633384e-04 3.502341e-01
251 7.958978e-10 1.293936e-03
252 4.719408e-08 8.791657e-03
253 2.134282e-08 4.244091e-03
254 2.691655e-06 2.331303e-02
255 1.060662e-07 9.048448e-03
256 4.046482e-10 2.437820e-03
257 1.424752e-07 5.314839e-03
258 2.095831e-03 2.017254e-01
259 8.709148e-09 1.457120e-03
260 6.056441e-07 1.010573e-02
261 1.261870e-04 1.663230e-02
262 1.152384e-06 1.868596e-03
263 8.259295e-06 8.614520e-03
264 7.111306e-07 3.000333e-02
265 3.287264e-05 8.187806e-02
266 1.147740e-06 1.266051e-02
267 4.353826e-07 1.990110e-02
268 1.045503e-06 1.027114e-02
269 1.438520e-04 1.943598e-01
270 2.451828e-10 3.605453e-03
271 1.815462e-06 2.002798e-02
272 5.135237e-06 1.402335e-02
273 1.175334e-04 1.448032e-01
274 7.048325e-10 1.879376e-03
275 1.020366e-03 2.830543e-01
276 6.335213e-07 1.867460e-02
277 7.394337e-10 4.011084e-03
278 1.416729e-04 1.164268e-01
279 1.064753e-07 5.218888e-03
280 5.592474e-05 8.410216e-02
281 9.300717e-04 1.993783e-01
282 5.418842e-08 2.090986e-03
283 4.574211e-07 7.070298e-03
284 1.007394e-08 4.750656e-03
285 1.108511e-08 9.256705e-03
286 2.566927e-07 6.183662e-03
287 3.167058e-09 5.092224e-03
288 2.782355e-08 2.226812e-03
289 2.437195e-03 4.474201e-01
290 2.164890e-09 1.421992e-03
291 1.493904e-05 2.176933e-02
292 1.849264e-03 5.323601e-01
293 2.320561e-06 5.938338e-03
294 2.024704e-08 4.365687e-03
295 3.304893e-08 1.780966e-02
296 6.170453e-06 1.261006e-01
297 3.042840e-06 1.907028e-02
298 7.736616e-07 5.950139e-03
299 1.769698e-07 4.268676e-03
300 1.119084e-05 1.637364e-02
301 1.066379e-03 4.340255e-01
302 1.521985e-07 3.619116e-03
303 5.770565e-07 2.063052e-02
304 1.655488e-04 1.707832e-01
305 4.051111e-05 3.284334e-02
306 8.385382e-05 3.503426e-02
307 3.147272e-03 5.483811e-01
308 7.439493e-07 1.105233e-02
309 1.300579e-04 3.216179e-01
310 8.108551e-05 2.868834e-02
311 1.660914e-06 1.362056e-02
312 2.447865e-05 7.200018e-03
313 5.654242e-03 1.235850e+00
314 5.170270e-06 5.074480e-03
315 5.051807e-10 4.747130e-03
316 2.508040e-03 8.966762e-01
317 3.160235e-03 6.821806e-01
318 4.005193e-04 2.652258e-01
319 1.977330e-04 1.016145e-01
320 7.835642e-06 4.398006e-02
321 2.788016e-04 4.041310e-01
322 3.198743e-11 6.874494e-03
323 2.312203e-06 2.762291e-02
324 2.365570e-08 5.423863e-03
325 9.693323e-09 5.312279e-03
326 1.747998e-06 4.690970e-02
327 3.333595e-03 1.046617e+00
328 6.747342e-04 2.739107e-01
329 1.297188e-03 6.293632e-01
330 7.692297e-07 1.189330e-02
331 5.453675e-04 6.221526e-02
332 2.462912e-03 3.981504e-01
333 2.209765e-08 1.670633e-02
334 4.136890e-06 5.013597e-02
335 2.855044e-09 2.172233e-03
336 3.268822e-06 1.137102e-02
337 9.174417e-07 1.360175e-02
338 1.670314e-03 3.538135e-01
339 7.927608e-04 3.983648e-01
340 1.923664e-06 1.566573e-02
341 2.563778e-07 1.048708e-02
342 9.715065e-06 9.312862e-03
343 3.773337e-08 3.918510e-02
344 1.177401e-04 2.306077e-02
345 1.730770e-03 1.076012e+00
346 1.624320e-03 6.941772e-01
347 6.620124e-09 4.232540e-03
348 1.460241e-04 6.070500e-02
349 7.545148e-05 1.052251e-02
350 7.293276e-07 3.397639e-03
351 3.044041e-04 9.449075e-01
352 2.353917e-04 2.286611e-01
353 2.044050e-08 1.290158e-03
354 3.102436e-04 1.631846e-01
355 4.233890e-06 2.724026e-02
356 5.163876e-04 6.089452e-01
357 4.315545e-04 2.319258e-01
358 3.061526e-06 6.365994e-03
359 4.621048e-06 1.323184e-02
360 6.866397e-05 1.574259e-01
361 6.616758e-04 2.966726e-01
362 1.761830e-03 2.454554e-01
363 1.842886e-05 4.762604e-02
364 9.727833e-06 5.422479e-02
365 3.152976e-06 4.184873e-02
366 7.178570e-07 2.116604e-02
367 1.966331e-07 1.712324e-02
368 1.113738e-05 1.310134e-02
369 3.610933e-07 1.182159e-02
370 1.957276e-06 2.079942e-02
371 2.036100e-05 8.785115e-02
372 1.383858e-07 3.672064e-02
373 4.683469e-05 7.408193e-02
374 2.629104e-09 6.334580e-03
375 3.236730e-08 1.471600e-03
376 4.989558e-08 3.686204e-03
377 1.774979e-03 7.570990e-01
378 7.826491e-05 3.029352e-02
379 1.334932e-06 6.239149e-03
380 5.004822e-06 2.097771e-02
381 1.707787e-03 7.748400e-01
382 2.080997e-04 4.656552e-02
383 6.493719e-04 2.403236e-01
384 1.927724e-05 2.345106e-02
385 1.044003e-03 7.474021e-01
386 2.673855e-05 1.893157e-02
387 3.970213e-06 2.120710e-02
388 1.285255e-07 4.087121e-03
389 1.438372e-07 1.072924e-02
390 9.191793e-10 4.438196e-03
391 1.161389e-04 5.070219e-02
392 1.049038e-05 2.910767e-02
393 2.326585e-09 2.653890e-03
394 3.162714e-03 8.969339e-01
395 2.566677e-07 1.877933e-03
396 3.408842e-06 4.032060e-02
397 3.969545e-06 2.313511e-02
398 1.129705e-10 2.559558e-03
399 3.264392e-08 9.128127e-03
400 9.804669e-03 1.960870e+00
401 1.069820e-06 2.802953e-02
402 9.511026e-04 6.405329e-01
403 3.799084e-05 3.712423e-02
404 6.138620e-06 2.995468e-02
405 1.026899e-07 5.189013e-03
406 7.124530e-04 2.929765e-01
407 3.065337e-05 1.261558e-01
408 5.824247e-04 7.747624e-01
409 1.060397e-05 8.871629e-02
410 2.457878e-06 1.574451e-02
411 7.673984e-05 4.830623e-02
412 4.092974e-05 1.603422e-02
413 1.942083e-03 5.535391e-01
414 1.544821e-04 6.950086e-02
415 5.895460e-08 1.970750e-03
416 1.727173e-04 1.445621e-01
417 4.153718e-06 3.233590e-03
418 2.289270e-03 6.384701e-01
419 1.009628e-03 8.903366e-01
420 3.349261e-05 1.139828e-02
421 2.367129e-04 3.727609e-02
422 8.496390e-06 3.089163e-02
423 3.406058e-06 1.314289e-02
424 1.968857e-04 8.320301e-02
425 5.060189e-06 1.666753e-02
426 1.067952e-08 3.760442e-03
427 6.479873e-05 1.594258e-01
428 1.065371e-04 5.283296e-02
429 1.209501e-03 4.551188e-01
430 1.743813e-07 1.752690e-03
431 3.010937e-10 4.157845e-03
432 1.062296e-04 1.600948e-01
433 8.957184e-10 1.257311e-03
434 6.896067e-08 5.224133e-03
435 1.128800e-06 6.196940e-03
436 1.385252e-09 2.357946e-03
437 4.911377e-04 1.619263e-01
438 4.327845e-08 5.846005e-03
439 2.538493e-08 4.607969e-03
440 6.588929e-08 4.340940e-03
441 4.082932e-05 4.704037e-02
442 3.884115e-09 6.772646e-03
443 4.295968e-07 5.484708e-03
444 2.943717e-05 5.404519e-02
445 6.320670e-05 1.114659e-01
446 4.567438e-07 1.749553e-02
447 1.487453e-08 2.496993e-03
448 1.804526e-06 2.852189e-03
449 6.518836e-08 2.391027e-03
450 3.112738e-07 3.749998e-03
451 2.112154e-07 1.351555e-03
452 9.241183e-05 1.670287e-02
453 3.149686e-07 5.174922e-03
454 2.230366e-05 4.344851e-02
455 2.879757e-04 2.030612e-01
456 3.488229e-08 5.640852e-03
457 3.419126e-05 4.591863e-02
458 2.169270e-05 7.186886e-02
459 1.280475e-05 7.347605e-02
460 1.032472e-07 4.081623e-03
461 4.287388e-06 3.970858e-02
462 1.189159e-03 3.539726e-01
463 2.176963e-05 7.687020e-02
464 7.761595e-05 1.544586e-02
465 2.754782e-08 1.847485e-03
466 2.029908e-09 2.733366e-03
467 1.602604e-03 6.595272e-01
468 1.348904e-10 5.934415e-03
469 3.956081e-04 1.621053e-01
470 4.563342e-05 2.456065e-02
471 8.151376e-06 3.937587e-02
472 7.428304e-06 8.217249e-03
473 1.011984e-05 1.746679e-02
474 1.936367e-06 5.357976e-03
475 6.416008e-05 4.482446e-02
476 5.854802e-10 2.276581e-03
477 1.391274e-04 1.106773e-01
478 4.471469e-10 3.581729e-03
479 3.584621e-09 1.841018e-03
480 1.525837e-06 1.393080e-02
481 2.247892e-07 8.202707e-03
482 2.691073e-03 3.899903e-01
483 1.020223e-08 1.196002e-03
484 1.426892e-08 1.955781e-03
485 1.163551e-04 1.101555e-01
486 5.711057e-07 5.329231e-03
487 1.852421e-05 9.390798e-02
488 2.919245e-07 6.597840e-03
489 3.250793e-05 1.545349e-02
490 1.885589e-05 4.860808e-02
491 4.922359e-07 1.098424e-02
492 1.277956e-04 2.856783e-02
493 1.172978e-08 2.368405e-03
494 9.498307e-04 1.856022e-01
495 1.950605e-03 2.928060e-01
496 1.035436e-04 2.042105e-01
497 1.176094e-04 1.564469e-01
498 4.456291e-06 4.353228e-02
499 7.616518e-06 1.436699e-02
500 4.282672e-09 9.724374e-03
501 2.600112e-03 1.143807e+00
502 1.059215e-06 1.987461e-02
503 1.649029e-05 7.896102e-02
504 2.718896e-03 1.290155e+00
505 7.482649e-09 6.450530e-03
506 7.280011e-08 1.314826e-02
507 1.550964e-07 9.739046e-03
508 8.859667e-05 2.034578e-02
509 3.313669e-04 4.210340e-01
510 1.608879e-07 9.923845e-03
511 7.548086e-07 5.037518e-03
512 6.816680e-09 2.040132e-03
513 7.041950e-05 3.961409e-02
514 1.931878e-08 1.969383e-02
515 1.325270e-06 5.784747e-02
516 2.322701e-04 9.828007e-02
517 3.161031e-06 8.039693e-03
518 1.779218e-08 4.543090e-03
519 2.256180e-07 1.093172e-02
520 3.546757e-10 1.504643e-03
521 6.692740e-07 3.016896e-02
522 4.286504e-07 3.522408e-03
523 9.829488e-07 8.545022e-03
524 3.632929e-05 8.933306e-02
525 7.100643e-04 1.500748e-01
526 1.560039e-06 1.773597e-02
527 1.829246e-04 2.154702e-01
528 5.073475e-04 1.996034e-01
529 1.855526e-03 3.387087e-01
530 2.943239e-04 8.072182e-02
531 2.545120e-11 1.574197e-03
532 5.562540e-07 9.743034e-03
533 8.793716e-07 2.983070e-03
534 3.417582e-06 8.966246e-02
535 1.729317e-03 4.450666e-01
536 2.198055e-04 1.218300e-01
537 1.246499e-03 4.238387e-01
538 4.618439e-06 9.644566e-02
539 3.385694e-05 6.467248e-02
540 2.979371e-06 2.870726e-02
541 2.984235e-03 9.829194e-01
542 3.132433e-06 1.363440e-02
543 1.438690e-04 2.052553e-02
544 1.523356e-04 8.871038e-02
545 8.437610e-08 9.553660e-03
546 1.058642e-06 1.587612e-02
547 5.660173e-06 5.576879e-02
548 5.955477e-04 5.637446e-02
549 2.388979e-06 2.934818e-02
550 2.389916e-09 5.838952e-03
551 3.738166e-04 4.872667e-02
552 1.032493e-06 2.711538e-03
553 3.267054e-08 7.555158e-03
554 7.162131e-10 3.020817e-03
555 1.114415e-06 7.085958e-02
556 5.747476e-07 7.722471e-03
557 1.247664e-04 1.022878e-01
558 1.117553e-07 8.202748e-03
559 8.588167e-04 1.097174e-01
560 2.875043e-08 3.365861e-03
561 5.284309e-06 3.392718e-02
562 1.935206e-07 1.852083e-03
563 2.997117e-03 1.955762e+00
564 5.344225e-04 9.825879e-01
565 4.229691e-07 3.971662e-03
566 3.346937e-04 1.281594e-01
567 9.933080e-05 8.068849e-02
568 2.910696e-04 1.212459e-01
569 8.670395e-07 1.242131e-02
570 2.746061e-06 5.205950e-02
571 1.701727e-04 7.906249e-02
572 5.508267e-04 1.464672e-01
573 4.356802e-04 2.422428e-01
574 3.433351e-07 5.962689e-03
575 1.176439e-08 4.064049e-03
576 4.772006e-06 9.846612e-03
577 1.911056e-09 2.689564e-03
578 1.905313e-06 4.228989e-03
579 8.461644e-05 3.224899e-02
580 4.840294e-08 6.037079e-03
581 2.260041e-04 1.241066e-01
582 3.578318e-07 1.529062e-02
583 1.100391e-03 5.026183e-01
584 5.924055e-06 7.942038e-02
585 1.796942e-05 4.701042e-02
586 1.061512e-03 2.094343e-01
587 1.279949e-05 1.414840e-02
588 1.141905e-05 5.980206e-02
589 1.022573e-04 6.277769e-02
590 1.151233e-07 1.236173e-02
591 2.932012e-06 2.708708e-02
592 3.752418e-03 9.202053e-01
593 1.456177e-06 9.414272e-03
594 3.199056e-04 1.126641e-01
595 1.514285e-07 5.620607e-03
596 2.402221e-09 1.380039e-03
597 1.036658e-08 2.289031e-03
598 2.822311e-05 4.840781e-02
599 9.327266e-05 2.392744e-02
600 4.945907e-07 5.194687e-03
601 1.065003e-07 4.351313e-03
602 2.728967e-05 2.994858e-02
603 1.396194e-05 3.591652e-02
604 9.726419e-09 2.069069e-03
605 1.466788e-04 1.827267e-01
606 1.744494e-04 1.177325e-01
607 1.292174e-07 5.260443e-03
608 1.422724e-04 5.199632e-02
609 2.743937e-05 1.806630e-02
610 2.425926e-06 1.654684e-02
611 3.243842e-09 2.536727e-03
612 7.152613e-06 3.680621e-02
613 1.832379e-08 5.340297e-03
614 6.782326e-07 5.736450e-03
615 4.121026e-09 5.945740e-03
616 6.318150e-04 6.607166e-02
617 4.212409e-07 1.415206e-02
618 3.697418e-08 8.410042e-03
619 1.265342e-05 8.326413e-03
620 7.794835e-08 3.890934e-03
621 2.503326e-07 3.443444e-03
622 2.691176e-03 3.689174e-01
623 1.225308e-05 1.820695e-02
624 3.290400e-07 4.497518e-03
625 3.184034e-07 1.187731e-02
626 9.244236e-07 6.422048e-03
627 5.620699e-07 3.707463e-03
628 9.579467e-05 3.586476e-02
629 1.166295e-06 2.228957e-03
630 1.038363e-05 1.559538e-02
631 3.267541e-06 1.257976e-02
632 8.755889e-09 1.266092e-03
633 7.123218e-04 3.513014e-01
634 1.036758e-04 3.696117e-02
635 4.224701e-07 8.806399e-03
636 2.481174e-07 2.105533e-02
637 8.738648e-08 1.160559e-02
638 4.814273e-09 2.183019e-03
639 1.940097e-10 1.581196e-03
640 1.052495e-09 2.443836e-03
641 6.023068e-10 1.528570e-03
642 5.000860e-08 5.434613e-03
643 3.411594e-05 8.895368e-02
644 1.865977e-03 2.662074e-01
645 4.496442e-04 9.556249e-02
646 2.519735e-06 1.454817e-02
647 1.487264e-06 6.086563e-03
648 4.335609e-05 4.022430e-02
649 2.494105e-03 7.510805e-01
650 3.234605e-06 5.199939e-03
651 3.793003e-07 8.552747e-03
652 6.797796e-05 7.820785e-02
653 1.484216e-08 4.785554e-03
654 2.249792e-07 4.969750e-03
655 7.134501e-07 9.229916e-03
656 8.874747e-08 2.815643e-03
657 6.754072e-04 7.373839e-02
658 1.175607e-04 1.537224e-01
659 3.446990e-04 3.295691e-02
660 2.385003e-05 1.225673e-01
661 2.574639e-07 5.590714e-03
662 7.511362e-04 2.806838e-01
663 9.493386e-04 8.253256e-01
664 1.805399e-05 5.346824e-02
665 3.974533e-07 9.402651e-03
666 2.699332e-04 2.926921e-02
667 2.498579e-04 8.298819e-02
668 6.197414e-04 4.103296e-01
669 5.790585e-04 2.944731e-01
670 1.229504e-08 9.349067e-03
671 1.944349e-04 2.628890e-02
672 2.049483e-07 2.508210e-02
673 1.800352e-05 1.271198e-02
674 2.664175e-07 2.125638e-03
675 5.130047e-05 1.408482e-01
676 3.723022e-07 5.746849e-03
677 9.455261e-11 1.338956e-03
678 1.602141e-06 7.680636e-03
679 1.132883e-03 2.982533e-01
680 1.887516e-05 4.686987e-02
681 8.931408e-05 7.350699e-02
682 3.272079e-05 1.356448e-02
683 4.822312e-07 3.066380e-02
684 4.744488e-06 1.974068e-02
685 6.553095e-10 2.171234e-03
686 4.474267e-06 1.940359e-02
687 2.910372e-03 8.127613e-01
688 4.332904e-06 2.518455e-02
689 2.189151e-07 1.034459e-02
690 4.943972e-08 2.016453e-03
691 6.813889e-04 2.149933e-01
692 4.191672e-08 2.932587e-03
693 1.264796e-05 2.303954e-02
694 1.235917e-03 1.308002e-01
695 1.043088e-03 3.043115e-01
696 8.253854e-04 7.832306e-01
697 4.202066e-06 9.678804e-03
698 2.394657e-04 1.681359e-01
699 2.147013e-08 1.541321e-03
700 7.842974e-05 5.814774e-02
701 1.113943e-05 2.017676e-02
702 7.096801e-09 1.237648e-03
703 1.077040e-08 4.012043e-03
704 3.958935e-11 1.311537e-03
705 1.513556e-03 4.079061e-01
706 2.342655e-08 1.733666e-03
707 1.415877e-04 1.129109e-01
708 1.050210e-12 4.995842e-03
709 3.361738e-11 2.939370e-03
710 7.309828e-07 6.332265e-03
711 9.951235e-11 1.204904e-03
712 1.927143e-07 4.826395e-03
713 3.242594e-08 6.468718e-03
714 4.260283e-10 2.451293e-03
715 1.500294e-05 1.709816e-02
716 6.433967e-05 3.694201e-02
717 1.356402e-08 5.329870e-03
718 9.375931e-12 2.642275e-03
719 2.030454e-03 7.914660e-01
720 1.320933e-11 1.188324e-03
721 3.821832e-06 8.922218e-03
722 1.260145e-10 2.732725e-03
723 7.210585e-06 1.693115e-02
724 1.797480e-07 3.496496e-03
725 1.775212e-11 1.464602e-03
726 1.040594e-04 5.316811e-02
727 2.264845e-10 4.371443e-03
728 8.178808e-09 7.908874e-03
729 5.941197e-10 7.307699e-03
730 5.335811e-09 2.753852e-03
731 1.764161e-04 1.113023e-01
732 5.463178e-13 1.364472e-03
733 5.596965e-14 9.157500e-04
734 3.043586e-08 2.994540e-03
735 2.739342e-08 3.408190e-03
736 1.072019e-06 1.685252e-02
737 2.638873e-12 1.363522e-03
738 3.927470e-05 9.908136e-02
739 3.213434e-09 3.515828e-03
740 1.885047e-05 3.788865e-02
741 3.334873e-08 8.488440e-03
742 2.280456e-05 2.300066e-02
743 2.888239e-03 8.088680e-01
744 1.217869e-11 2.638482e-03
745 2.040339e-08 2.532605e-03
746 3.163639e-07 1.285077e-02
747 8.654461e-05 6.586050e-02
748 1.037711e-03 2.560950e-01
749 6.213416e-05 1.868521e-01
750 6.966082e-08 6.862853e-03
751 4.694327e-07 1.238414e-02
752 1.211075e-07 1.995760e-03
753 5.240265e-09 2.987800e-03
754 3.658611e-05 1.101151e-01
755 1.876476e-06 2.178919e-02
756 5.125813e-05 3.792780e-02
757 2.415065e-10 1.517597e-03
758 4.798686e-07 2.125739e-02
759 2.752674e-04 3.560812e-02
760 1.770430e-08 2.277431e-03
761 2.858661e-05 3.626082e-02
762 2.221355e-04 3.623996e-02
763 1.720415e-09 1.966514e-03
764 1.120490e-08 9.889556e-03
765 3.809109e-10 1.044242e-02
766 1.200359e-07 5.531027e-03
767 2.648055e-08 5.908949e-03
768 5.311649e-05 3.187566e-02
769 4.768180e-06 8.227691e-03
770 2.963005e-04 7.693076e-02
771 1.131600e-05 5.770568e-03
772 9.147030e-13 1.550058e-03
773 1.999408e-08 1.604492e-02
774 6.546648e-09 1.957774e-03
775 1.344419e-04 1.076506e-01
776 1.563014e-04 9.841320e-02
777 1.258550e-05 3.769843e-02
778 8.223103e-05 2.826670e-02
779 8.791213e-04 3.282292e-01
780 1.656393e-05 1.626344e-02
781 1.066034e-04 8.972172e-02
782 9.465605e-07 4.629704e-03
783 1.224104e-06 1.008321e-02
784 4.058357e-06 7.097626e-03
785 2.854737e-04 5.953751e-02
786 5.619853e-05 2.818353e-02
787 3.015771e-04 5.171272e-02
788 1.436827e-06 2.319335e-02
789 4.610453e-10 1.348900e-03
790 7.559492e-05 1.654323e-01
791 2.858847e-05 1.856652e-02
792 4.266496e-07 4.967964e-03
793 2.070761e-06 1.008762e-02
794 4.206861e-07 5.168025e-03
795 6.968828e-04 5.937883e-01
796 3.321408e-09 3.134839e-03
797 9.946558e-04 3.278909e-01
798 6.970178e-04 5.080820e-01
799 1.335078e-06 5.427405e-03
800 1.467508e-04 9.265301e-02
801 5.471104e-08 4.163995e-03
802 1.450278e-05 4.676065e-02
803 1.978876e-03 2.349951e-01
804 2.353732e-07 1.607983e-02
805 1.505713e-08 4.029677e-03
806 7.480086e-04 2.512739e-01
807 9.797479e-07 5.547356e-02
808 1.184668e-06 4.405643e-03
809 1.051674e-03 3.935228e-01
810 2.074268e-05 1.884747e-02
811 1.080648e-06 2.766891e-02
812 8.644876e-08 6.942875e-03
813 5.503680e-08 5.873494e-03
814 2.224358e-06 1.082040e-02
815 6.524878e-06 2.654530e-02
816 8.385340e-04 1.731096e-01
817 4.228139e-03 9.923323e-01
818 9.057612e-09 3.591332e-03
819 4.399018e-05 1.049771e-01
820 7.542647e-06 5.300578e-02
821 3.271840e-06 2.808052e-02
822 1.384660e-08 3.574595e-03
823 1.994800e-06 9.757209e-03
824 8.841392e-08 2.607558e-02
825 9.462930e-07 2.669220e-02
826 5.644389e-05 1.460594e-02
827 2.320017e-07 5.765401e-03
828 4.596674e-05 4.116479e-02
829 7.217579e-07 1.440459e-02
830 1.994065e-03 6.021810e-01
831 9.161865e-06 2.210271e-02
832 2.281113e-06 8.955187e-03
833 6.914141e-06 2.258422e-02
834 3.648954e-06 2.200933e-02
835 5.212670e-08 2.283219e-03
836 1.449017e-09 1.027404e-03
837 7.748666e-07 1.492666e-02
838 1.246716e-05 9.641174e-03
839 2.336842e-07 1.526136e-02
840 2.522631e-06 3.814976e-02
841 2.194289e-05 3.652819e-02
842 3.975721e-03 5.041150e-01
843 6.117735e-05 3.120055e-02
844 1.307055e-06 3.630506e-02
845 8.952621e-07 3.286268e-02
846 4.758636e-04 1.558609e-01
847 8.002474e-05 2.783108e-02
848 5.167055e-04 1.320908e-01
849 2.650345e-07 5.797654e-03
850 5.856141e-04 1.055387e+00
851 5.002923e-06 2.137536e-02
852 8.430883e-05 1.931016e-01
853 1.391528e-03 3.188674e-01
854 9.367245e-05 9.229768e-02
855 7.728328e-05 1.662540e-01
856 8.940004e-05 5.867115e-02
857 6.508930e-04 3.364872e-01
858 5.517646e-07 2.069276e-02
859 7.206592e-10 3.867079e-03
860 2.121634e-03 1.023765e-01
861 3.365550e-09 1.642086e-03
862 3.691397e-06 2.358953e-02
863 2.532319e-04 1.167317e-01
864 3.482046e-07 7.987263e-03
865 1.607486e-04 1.231283e-01
866 1.242967e-04 1.812571e-01
867 5.567108e-04 7.176066e-01
868 3.277761e-06 7.360466e-03
869 1.492669e-05 3.325543e-02
870 1.687218e-04 5.079276e-02
871 5.807266e-06 2.807728e-02
872 1.572622e-03 3.909900e-01
873 6.362085e-05 7.776694e-02
874 4.234124e-04 2.759733e-01
875 4.722429e-07 6.411295e-03
876 7.991792e-13 1.062645e-03
877 1.150114e-07 9.386407e-03
878 8.268556e-04 4.408800e-01
879 1.591356e-04 1.129003e-01
880 1.105428e-05 1.177537e-02
881 2.468052e-10 2.291705e-03
882 3.045059e-05 7.440826e-02
883 1.593390e-03 6.754600e-01
884 4.152361e-04 1.157627e-01
885 4.121386e-05 8.055078e-02
886 1.151843e-06 7.969740e-03
887 1.761411e-07 1.345225e-02
888 2.353342e-06 1.298084e-02
889 2.294621e-07 2.301284e-02
890 7.473427e-07 2.357613e-02
891 3.518919e-04 3.755457e-01
892 6.549267e-10 2.858958e-03
893 1.038636e-04 6.560009e-02
894 9.589879e-07 7.097898e-03
895 2.027996e-05 8.118938e-02
896 1.271364e-07 5.490815e-02
897 5.650925e-05 8.792578e-02
898 2.555032e-06 9.421474e-03
899 7.769584e-08 1.432962e-02
900 6.967823e-08 1.625820e-02
901 9.848927e-05 9.371654e-02
902 2.844820e-08 2.127775e-03
903 1.879372e-06 3.493609e-02
904 9.534487e-09 2.108502e-02
905 6.360144e-09 6.664296e-03
906 8.580289e-07 8.344547e-03
907 7.129784e-09 2.066983e-03
908 2.242663e-08 8.980867e-03
909 2.627339e-04 3.423497e-02
910 4.571245e-06 2.822168e-02
911 1.702435e-07 2.119069e-02
912 1.267362e-07 1.047702e-02
913 4.029629e-09 3.415607e-03
914 9.132899e-08 7.555466e-03
915 6.256782e-04 2.216096e-01
916 1.939427e-11 2.827313e-03
917 1.729345e-09 2.394930e-03
918 1.951633e-10 2.639586e-03
919 2.593383e-04 2.283324e-01
920 6.499526e-10 6.486806e-03
921 3.253533e-07 3.983229e-03
922 1.412772e-07 1.637977e-02
923 3.916799e-09 5.135816e-03
924 9.081623e-04 3.547667e-01
925 2.321713e-04 7.631241e-02
926 1.941091e-05 4.412290e-02
927 9.034187e-05 1.248924e-01
928 2.462557e-07 4.360004e-02
929 7.981983e-05 1.757238e-01
930 2.469832e-04 6.028448e-02
931 1.513105e-04 2.847401e-02
932 1.156032e-04 5.269620e-02
933 1.507822e-09 2.973298e-03
934 3.939956e-06 1.008609e-02
935 1.382164e-07 3.621679e-03
936 3.126961e-07 2.786550e-02
937 2.983548e-10 5.815862e-03
938 3.388190e-09 2.378004e-03
939 1.297171e-06 1.040199e-02
940 6.160502e-04 1.573893e-01
941 2.683378e-09 3.332250e-03
942 1.748462e-05 1.419546e-01
943 1.507447e-06 2.434638e-02
944 1.943778e-12 1.972736e-03
945 2.731602e-05 3.548358e-02
946 3.588363e-10 2.224284e-03
947 1.933503e-05 2.232249e-02
948 1.904445e-07 1.533281e-03
949 1.169791e-06 1.799783e-02
950 2.195655e-04 1.403741e-01
951 1.929674e-08 3.014810e-02
952 8.342920e-06 4.197212e-02
953 2.144777e-11 2.418495e-03
954 1.328702e-05 3.819324e-02
955 9.646049e-08 4.500172e-03
956 3.826869e-06 1.947892e-02
957 1.422682e-04 6.300604e-02
958 3.403746e-04 5.349503e-02
959 2.512859e-04 4.605142e-02
960 7.699536e-10 2.435037e-03
961 7.351158e-10 9.517438e-03
962 1.687208e-08 1.077870e-02
963 3.060534e-08 3.551309e-03
964 7.317752e-08 1.994597e-03
965 1.768604e-03 1.921372e-01
966 3.168486e-05 2.046632e-02
967 7.783458e-07 8.250806e-03
968 8.977246e-04 1.458022e-01
969 1.810841e-04 1.334159e-01
970 9.831680e-06 2.425837e-02
971 1.551773e-06 8.258997e-03
972 1.023950e-04 5.188981e-02
973 3.607812e-06 9.155017e-03
974 6.085717e-06 8.244898e-03
975 3.653803e-05 9.233797e-02
976 5.059795e-04 3.304534e-01
977 2.896134e-05 2.065562e-02
978 1.195810e-06 2.461855e-02
979 1.698271e-08 2.953297e-03
980 6.550816e-06 2.195752e-02
981 2.086855e-06 2.210732e-02
982 1.239020e-08 1.418106e-03
983 1.676265e-07 3.873747e-03
984 6.825283e-06 2.124671e-02
985 3.927202e-06 6.159690e-02
986 4.029205e-04 4.178369e-01
987 6.171935e-08 6.225487e-03
988 1.717799e-09 2.068581e-03
989 1.989838e-04 1.062443e-01
990 6.802540e-09 2.265449e-03
991 5.789556e-03 9.793167e-01
992 5.361654e-07 7.061923e-03
993 5.784313e-07 9.648479e-03
994 1.802927e-13 1.343352e-03
995 2.252132e-07 1.516388e-02
996 2.506763e-03 8.784432e-01
997 1.707560e-07 8.035234e-03
998 7.180158e-07 3.970964e-03
999 3.737035e-06 2.585792e-02
1000 8.837598e-13 1.344524e-03
1001 1.232244e-05 9.934591e-03
1002 1.022570e-04 1.130371e-01
1003 1.129877e-04 4.538932e-02
1004 1.098750e-05 4.039647e-02
1005 2.279688e-07 2.306421e-03
1006 5.834265e-04 2.144832e-01
1007 4.213407e-09 3.017137e-03
1008 2.712121e-04 3.962516e-02
1009 5.572027e-08 2.049234e-03
1010 3.229105e-06 2.201783e-02
1011 7.092409e-08 1.732888e-02
1012 1.046953e-04 2.593416e-01
1013 3.036075e-08 1.235940e-02
1014 8.315773e-08 8.482478e-03
1015 3.003024e-05 3.466283e-02
1016 4.051398e-05 2.478617e-02
1017 1.840814e-03 6.059583e-01
1018 1.095725e-05 1.054849e-01
1019 1.416984e-10 1.929912e-03
1020 5.920906e-09 1.104042e-02
1021 4.433703e-07 1.425955e-02
1022 5.492658e-11 1.414995e-03
1023 5.615013e-06 1.941421e-02
1024 1.942960e-05 2.168283e-02
1025 9.726530e-11 1.527449e-03
1026 1.758584e-12 1.937813e-03
1027 7.739585e-07 1.122268e-02
1028 5.888364e-05 1.119109e-01
1029 7.725513e-08 6.116277e-03
1030 2.843821e-09 3.061425e-03
1031 1.275903e-05 1.274545e-02
1032 1.097906e-03 4.993480e-01
1033 6.822390e-10 1.554769e-03
1034 5.561344e-06 3.149006e-02
1035 7.685016e-07 1.617517e-02
1036 3.071156e-05 1.614889e-01
1037 2.474061e-10 3.022617e-03
1038 5.261743e-08 3.133475e-03
1039 1.510087e-06 1.004102e-02
1040 1.144595e-08 3.102152e-03
1041 2.944211e-03 5.465915e-01
1042 4.831701e-07 7.817964e-03
1043 1.131908e-10 1.239524e-03
1044 1.732356e-07 3.628836e-03
1045 9.075416e-10 2.386065e-03
1046 1.653680e-13 1.277349e-03
1047 1.320644e-10 1.279845e-03
1048 3.985846e-08 4.745752e-03
1049 2.426918e-09 1.166382e-03
1050 4.029162e-03 1.104171e+00
1051 4.686939e-04 1.184324e-01
1052 5.733916e-08 2.946724e-03
1053 2.918908e-07 9.349598e-03
1054 1.929192e-10 1.868697e-03
1055 2.515548e-11 1.156857e-03
1056 9.325917e-07 8.991140e-03
1057 5.661984e-07 1.330019e-02
1058 2.389564e-09 1.572240e-03
1059 4.597965e-05 9.733356e-02
1060 1.039274e-09 1.477592e-03
1061 2.979759e-06 3.407815e-03
1062 4.255345e-11 1.140559e-03
1063 7.139320e-05 2.784462e-02
1064 9.671486e-06 6.135716e-02
1065 1.179868e-10 1.808276e-03
1066 8.516351e-11 1.188391e-03
1067 7.971913e-06 1.482828e-02
1068 1.084480e-08 1.818050e-03
1069 7.144684e-08 2.975771e-03
1070 6.502308e-10 1.193402e-03
1071 6.083968e-07 2.111373e-03
1072 6.927755e-09 2.556463e-03
1073 1.839922e-09 1.345400e-03
1074 1.095701e-09 1.906997e-03
1075 2.878411e-07 3.843221e-03
1076 3.084139e-07 4.172561e-03
1077 1.945069e-07 5.515529e-03
1078 6.810642e-06 1.511643e-02
1079 3.220549e-08 4.524795e-03
1080 3.873717e-05 7.740033e-02
1081 1.213016e-05 5.175547e-02
1082 7.694007e-07 3.763421e-03
1083 7.590881e-07 5.188914e-03
1084 9.689371e-11 1.205198e-03
1085 1.304058e-08 1.823182e-03
1086 7.957291e-09 3.022093e-03
1087 2.738846e-08 1.407249e-03
1088 1.383614e-06 8.532531e-03
1089 6.732365e-09 1.366003e-03
1090 1.153561e-11 1.204078e-03
1091 2.659176e-09 1.664208e-03
1092 6.152523e-07 2.421185e-03
1093 9.101117e-07 2.397887e-02
1094 5.279216e-05 2.114660e-02
1095 2.967322e-08 2.998429e-03
1096 2.339901e-05 4.077021e-02
1097 3.138659e-06 5.291596e-02
1098 1.282720e-07 8.092544e-03
1099 2.656541e-09 3.598339e-03
1100 6.545290e-11 1.118767e-03
1101 8.660631e-06 2.505827e-02
1102 8.287723e-08 1.199221e-02
1103 7.412249e-07 4.073032e-03
1104 3.221488e-05 3.311582e-02
1105 8.739320e-09 2.111776e-03
1106 2.551633e-03 6.853205e-01
1107 6.923381e-09 2.632340e-03
1108 4.980393e-07 8.269030e-03
1109 9.753967e-12 1.817779e-03
1110 3.698929e-07 1.047193e-02
1111 3.124006e-08 2.198649e-03
1112 8.416235e-12 1.790197e-03
1113 9.354001e-07 1.488281e-02
1114 4.533166e-05 3.220636e-02
1115 6.211231e-04 3.854426e-01
1116 9.390611e-12 1.968540e-03
1117 1.246834e-03 4.226061e-01
1118 3.695827e-07 5.109986e-03
1119 1.381437e-05 3.153974e-02
1120 1.693414e-05 7.715483e-02
1121 1.824686e-05 1.182378e-02
1122 7.481218e-07 2.087857e-02
1123 3.385336e-06 4.353404e-03
1124 2.574136e-07 1.464072e-02
1125 9.011965e-06 5.263733e-03
1126 1.748581e-07 6.938172e-03
1127 7.687957e-07 4.432940e-03
1128 1.611324e-05 5.080838e-02
1129 5.468641e-07 8.622703e-03
1130 5.059242e-08 1.234138e-02
1131 4.428053e-04 1.037925e-01
1132 1.811310e-05 1.467510e-02
1133 4.216125e-08 2.204299e-03
1134 1.520551e-04 1.102808e-01
1135 1.234413e-05 1.803391e-02
1136 1.131080e-03 2.620024e-01
1137 1.525203e-06 2.260058e-02
1138 1.933768e-10 1.865759e-03
1139 2.261721e-06 7.472405e-03
1140 7.185423e-12 2.155835e-03
1141 1.858914e-06 6.624278e-03
1142 5.406395e-05 9.508611e-02
1143 1.721913e-07 7.796076e-02
1144 1.582500e-09 6.472454e-03
1145 6.914663e-06 2.500530e-02
1146 1.451256e-03 7.473540e-01
1147 2.967766e-04 9.427480e-02
1148 5.779684e-09 2.426148e-03
1149 9.261911e-04 2.604986e-01
1150 1.801900e-11 2.359941e-03
1151 6.551390e-04 3.010254e-01
1152 8.177123e-04 1.497816e-01
1153 3.610628e-07 6.619554e-03
1154 3.614920e-10 1.933836e-03
1155 1.144566e-03 4.225920e-01
1156 1.066695e-08 2.780711e-03
1157 3.695358e-04 7.532553e-02
1158 2.935772e-07 5.879159e-03
1159 2.303475e-10 1.511896e-03
1160 9.296659e-07 3.135846e-03
1161 2.407730e-06 2.070048e-02
1162 1.504473e-05 2.330807e-01
1163 1.941009e-05 2.258180e-02
1164 1.121430e-05 6.027756e-02
1165 1.497980e-03 8.812116e-01
1166 8.305633e-04 2.228849e-01
1167 9.042909e-04 1.394696e-01
1168 1.169904e-05 4.698972e-02
1169 4.555123e-08 8.021803e-03
1170 4.014293e-07 6.205764e-03
1171 5.812748e-07 1.017086e-02
1172 5.173347e-05 9.018360e-02
1173 3.342810e-11 1.101247e-03
1174 4.071502e-04 4.430049e-01
1175 9.653200e-07 2.610283e-02
1176 1.672370e-11 1.778835e-03
1177 2.246789e-04 1.344843e-01
1178 2.493848e-03 4.860605e-01
1179 3.265551e-05 5.098591e-02
1180 1.117475e-06 9.781227e-03
1181 3.570624e-08 1.992860e-03
1182 3.139308e-05 1.188633e-02
1183 3.024954e-04 1.940649e-01
1184 4.281546e-05 6.611289e-02
1185 1.529627e-08 1.085093e-02
1186 2.756725e-04 2.244279e-01
1187 7.004218e-04 2.543863e-01
1188 2.638977e-06 2.469668e-03
1189 3.159771e-08 2.578768e-03
1190 2.676644e-13 1.991191e-03
1191 5.452169e-08 2.988348e-03
1192 1.943063e-04 1.444347e-01
1193 2.467970e-10 3.228913e-03
1194 1.770726e-06 2.912342e-02
1195 1.096565e-03 3.150910e-01
1196 5.468757e-09 5.334834e-03
1197 3.255347e-07 3.546756e-03
1198 9.984853e-06 3.234870e-03
1199 1.760019e-03 3.581412e-01
1200 9.056261e-04 4.901959e-01
1201 1.542850e-10 1.124801e-03
1202 8.575097e-06 2.678562e-02
1203 7.711965e-05 4.838926e-02
1204 1.781217e-06 7.430774e-03
1205 4.738732e-11 1.941565e-03
1206 9.089854e-04 5.152312e-01
1207 9.958363e-07 5.916756e-03
1208 8.397873e-07 6.380401e-03
1209 1.861326e-04 1.418692e-01
1210 5.603300e-05 7.830531e-02
1211 6.276833e-04 1.855484e-01
1212 1.547872e-08 3.748555e-03
1213 7.150449e-09 4.993431e-03
1214 5.128446e-05 2.605252e-02
1215 8.082783e-10 2.616392e-03
1216 4.391046e-10 2.222675e-03
1217 2.494971e-06 2.914619e-02
1218 6.911044e-07 5.896211e-03
1219 4.184008e-06 1.650822e-02
1220 2.270080e-06 2.573894e-02
1221 9.374256e-06 3.834223e-02
1222 9.249125e-07 2.362574e-02
1223 8.267264e-05 4.765395e-02
1224 5.156244e-07 9.788503e-03
1225 1.275289e-08 2.938306e-03
1226 6.186282e-09 1.837401e-03
1227 2.527417e-05 1.008025e-02
1228 1.642789e-04 3.077332e-02
1229 3.381051e-05 6.117838e-02
1230 1.946292e-07 7.513325e-03
1231 1.597736e-06 4.031915e-02
1232 1.740481e-11 5.677331e-03
1233 8.448499e-07 2.456451e-02
1234 5.200592e-09 7.617692e-03
1235 9.543536e-05 5.800405e-02
1236 2.055596e-08 4.715890e-03
1237 2.167969e-04 2.526711e-01
1238 2.848587e-07 1.433608e-02
1239 3.626609e-07 7.032984e-03
1240 1.534330e-07 4.232664e-03
1241 3.255492e-05 9.742151e-03
1242 1.222995e-03 4.882662e-01
1243 1.226508e-04 1.365465e-01
1244 2.553066e-08 3.619238e-03
1245 3.094277e-07 6.915419e-03
1246 6.196618e-10 2.013991e-03
1247 3.267199e-04 1.093275e-01
1248 8.171767e-06 6.294190e-02
1249 2.130960e-08 9.786273e-03
1250 1.395673e-09 6.206579e-03
1251 8.019935e-09 1.430287e-02
1252 7.498114e-06 8.403618e-03
1253 2.095801e-03 4.206582e-01
1254 6.410570e-09 5.368473e-03
1255 2.547641e-06 2.196652e-02
1256 1.149002e-04 1.202596e-02
1257 4.361226e-04 1.595306e-01
1258 7.484118e-09 4.848296e-03
1259 1.647675e-04 8.862499e-02
1260 2.541693e-04 2.913195e-01
1261 9.410562e-09 5.602565e-03
1262 1.199874e-05 2.226762e-02
1263 1.990033e-05 5.382817e-02
1264 1.536476e-07 3.172129e-02
1265 8.418574e-07 1.101486e-02
1266 4.873235e-07 3.501650e-02
1267 4.637599e-07 1.787618e-02
1268 1.221018e-06 9.323747e-03
1269 2.479943e-05 2.822143e-02
1270 5.558307e-03 1.261401e+00
1271 2.212855e-03 5.373592e-01
1272 6.659227e-10 1.268518e-03
1273 2.770218e-04 1.322890e-01
1274 3.022652e-06 2.084139e-02
1275 3.515887e-05 6.231406e-02
1276 1.819032e-03 7.140571e-01
1277 2.931315e-04 2.545520e-01
1278 2.189681e-03 5.818224e-01
1279 3.047927e-06 2.873661e-03
1280 3.335990e-03 2.670277e-01
1281 1.558268e-06 7.546656e-03
1282 7.965713e-05 7.231755e-02
1283 1.386312e-07 2.105519e-02
1284 1.714752e-07 4.777876e-03
1285 8.525181e-04 1.868089e-01
1286 1.265718e-10 3.201496e-03
1287 3.093268e-05 4.272168e-02
1288 9.044443e-05 6.746881e-02
1289 3.469244e-05 2.488557e-02
1290 1.920529e-06 3.196001e-02
1291 2.597126e-05 2.509246e-02
1292 2.409416e-04 4.405909e-01
1293 1.450397e-08 3.345258e-03
1294 4.702366e-07 5.880674e-03
1295 6.214041e-07 3.448213e-03
1296 1.295418e-07 1.307435e-02
1297 4.230451e-06 5.971365e-02
1298 2.547452e-06 1.568605e-02
1299 1.388210e-04 2.898839e-02
1300 3.152035e-08 2.829279e-03
1301 1.320759e-07 3.155831e-03
1302 1.658565e-03 1.484344e-01
1303 4.259379e-06 9.265362e-03
1304 1.358752e-06 8.665702e-03
1305 1.409046e-04 7.460684e-02
1306 8.224333e-05 5.597328e-02
1307 4.099692e-07 7.032559e-03
1308 1.751871e-09 2.544900e-03
1309 2.140869e-04 1.074200e-01
1310 5.544661e-12 1.448175e-03
1311 2.000976e-03 7.263164e-01
1312 7.663318e-04 3.779033e-01
1313 3.823309e-10 1.734603e-03
1314 4.081299e-07 8.596750e-03
1315 1.507889e-08 3.227243e-03
1316 2.902591e-09 2.199450e-03
1317 2.707542e-12 1.374760e-03
1318 1.094057e-04 7.662076e-02
1319 4.689640e-03 1.015258e+00
1320 4.612165e-08 3.997548e-03
1321 1.959450e-05 1.542700e-02
1322 3.335769e-11 1.135351e-03
1323 9.700981e-09 2.233405e-03
1324 4.539206e-04 2.149356e-01
1325 3.403705e-08 9.790966e-03
1326 1.731252e-05 1.249797e-02
1327 2.815233e-05 3.023057e-02
1328 2.575604e-08 2.688201e-03
1329 1.901360e-05 2.504146e-02
1330 4.691835e-08 8.250435e-03
1331 2.936738e-08 2.123854e-03
1332 3.757376e-10 1.452868e-03
1333 5.938582e-06 2.341330e-02
1334 1.266895e-06 1.372770e-02
1335 6.577467e-08 1.172056e-02
1336 2.153935e-06 9.074920e-03
1337 2.640181e-04 1.522682e-01
1338 1.577957e-07 7.354903e-03
1339 1.680252e-03 4.586288e-01
1340 2.673130e-05 1.773833e-02
1341 1.183463e-03 4.535905e-01
1342 1.667189e-09 2.470406e-03
1343 2.308701e-08 2.175016e-03
1344 7.266677e-07 3.578047e-03
1345 7.823176e-07 1.525320e-02
1346 1.891076e-07 2.861118e-02
1347 2.221259e-09 1.355747e-03
1348 3.401582e-05 8.098174e-02
1349 5.362796e-04 1.868155e-01
1350 4.477557e-06 1.317206e-02
1351 4.724709e-05 3.382108e-02
1352 4.955322e-06 1.594703e-02
1353 2.888575e-06 1.159814e-02
1354 5.339660e-09 4.958167e-03
1355 1.240467e-07 9.433997e-03
1356 6.710953e-05 2.988179e-02
1357 6.998489e-10 6.053687e-03
1358 4.461343e-06 7.817963e-03
1359 1.704352e-09 2.051797e-03
1360 3.647348e-08 4.144565e-03
1361 2.680059e-05 2.045321e-02
1362 1.348952e-04 1.696553e-01
1363 2.778820e-06 6.252709e-03
1364 5.008636e-04 6.807076e-02
1365 5.792856e-09 4.523122e-03
1366 4.326503e-07 4.600931e-03
1367 4.492766e-09 1.745052e-03
1368 2.024528e-05 6.797696e-02
1369 1.193029e-11 2.457530e-03
1370 2.717816e-08 1.646894e-03
1371 9.802506e-05 7.470925e-02
1372 7.854296e-10 4.192649e-03
1373 1.600830e-07 7.744818e-03
1374 1.090100e-07 3.410062e-03
1375 1.397099e-05 1.592347e-02
1376 3.303329e-03 9.709397e-01
1377 9.011945e-07 9.816612e-03
1378 2.365922e-09 1.432231e-03
1379 6.113922e-06 5.735177e-03
1380 1.472278e-03 6.436116e-01
1381 1.405861e-06 3.482714e-03
1382 6.336117e-09 1.283758e-03
1383 1.120324e-06 2.173975e-02
1384 4.184242e-08 4.632443e-03
1385 2.805594e-08 4.489871e-03
1386 2.476338e-07 5.854866e-03
1387 1.020311e-04 4.830067e-02
1388 9.462448e-07 7.805136e-03
1389 3.738205e-08 3.264581e-03
1390 4.146563e-08 3.099387e-03
1391 7.116685e-07 9.227224e-03
1392 1.127950e-08 2.002956e-03
1393 4.522722e-09 7.649377e-03
1394 1.333432e-06 6.501947e-03
1395 5.321178e-05 4.847801e-02
1396 9.213484e-05 5.324620e-02
1397 5.291354e-08 3.231362e-03
1398 2.912535e-05 3.178944e-02
1399 6.152775e-06 4.298407e-02
1400 5.585098e-08 4.681403e-03
1401 5.580080e-05 1.139611e-01
1402 2.897722e-07 4.626576e-03
1403 4.964133e-07 5.521855e-03
1404 4.892489e-09 2.382722e-03
1405 9.697629e-08 4.176781e-03
1406 3.954288e-05 2.161705e-02
1407 2.140036e-08 2.752516e-03
1408 3.484617e-03 8.098019e-01
1409 7.779942e-06 5.140524e-02
1410 8.836792e-08 1.108586e-02
1411 2.346418e-05 1.543094e-02
1412 8.704059e-10 4.384700e-03
1413 7.230436e-14 1.143512e-03
1414 1.883804e-10 2.434497e-03
1415 7.372312e-08 5.994065e-03
1416 3.465303e-09 2.992233e-03
1417 7.025383e-07 5.149455e-03
1418 4.546308e-08 5.029534e-03
1419 2.424429e-08 4.512125e-03
1420 6.455867e-06 2.544891e-02
1421 2.470297e-06 1.360134e-02
1422 5.989563e-05 3.543462e-02
1423 1.577978e-06 4.024521e-03
1424 1.935331e-06 7.413237e-03
1425 2.806572e-06 8.287429e-03
1426 4.039178e-06 1.006560e-02
1427 1.537914e-06 6.321021e-03
1428 1.347652e-06 8.202647e-03
1429 6.966895e-05 2.443462e-02
1430 5.940002e-04 3.229247e-01
1431 5.544492e-06 3.356182e-02
1432 8.775179e-07 1.816844e-02
1433 4.383831e-08 7.838887e-03
1434 4.864907e-07 3.703416e-03
1435 1.029777e-08 3.320663e-03
1436 2.118878e-05 1.089437e-02
1437 5.447991e-07 2.879956e-03
1438 7.369041e-05 1.422962e-02
1439 3.003052e-03 5.439194e-01
1440 3.310143e-09 2.807369e-03
1441 1.620677e-10 1.740385e-03
1442 1.721019e-08 7.298649e-03
1443 6.283567e-06 6.295851e-03
1444 4.371401e-06 8.504798e-03
1445 1.300016e-06 1.067134e-02
1446 2.131653e-06 1.671167e-02
1447 1.278770e-03 1.136664e+00
1448 6.364107e-06 4.309904e-03
1449 1.486421e-08 3.107660e-03
1450 9.299547e-07 1.368670e-02
1451 5.399614e-05 6.168392e-02
1452 1.076952e-03 1.841524e-01
1453 2.944455e-09 2.968109e-03
1454 4.821194e-09 3.940245e-03
1455 2.964516e-05 1.893751e-02
1456 8.125569e-08 1.887561e-03
1457 1.153011e-06 2.615761e-03
1458 6.498833e-07 2.902998e-03
1459 3.180483e-06 1.143087e-02
1460 1.204442e-06 1.909435e-02
1461 3.352911e-07 2.580468e-03
1462 4.954843e-08 2.173742e-03
1463 5.344215e-09 1.506977e-03
1464 9.774413e-09 2.055541e-03
1465 2.126244e-08 1.410096e-03
1466 1.128010e-05 2.418405e-02
1467 6.727508e-04 1.589424e-01
1468 3.854686e-06 9.357862e-03
1469 1.170739e-06 1.772840e-02
1470 1.852976e-10 3.690365e-03
1471 6.859829e-05 1.727058e-02
1472 3.181573e-08 6.296350e-03
1473 4.591317e-08 4.043435e-03
1474 3.492672e-08 1.696434e-02
1475 4.128070e-09 1.749653e-03
1476 1.292299e-06 2.090386e-02
1477 1.430770e-11 1.745338e-03
1478 7.786290e-07 1.657484e-02
1479 1.555020e-06 1.142370e-02
1480 3.982425e-06 4.676390e-02
1481 1.612151e-05 3.695015e-02
1482 1.486967e-05 1.700333e-02
1483 3.714892e-05 2.134233e-02
1484 5.012839e-04 3.022005e-01
1485 8.043045e-05 8.489125e-02
1486 5.020139e-05 1.961013e-01
1487 1.157227e-09 2.030010e-03
1488 1.254473e-06 2.737640e-02
1489 6.787811e-07 2.124898e-03
1490 8.918275e-06 4.546271e-03
1491 7.472081e-06 5.956693e-02
1492 1.558673e-08 6.754626e-03
1493 6.129749e-07 1.173246e-02
1494 1.312689e-07 3.024067e-03
1495 1.760247e-05 2.231836e-02
1496 1.435713e-07 4.492365e-03
1497 5.784080e-04 4.398671e-01
1498 4.809549e-08 5.333644e-03
1499 2.192363e-10 2.925355e-03
1500 2.402765e-05 1.025765e-02
1501 1.128223e-07 5.465700e-03
1502 7.369324e-05 1.585884e-01
1503 3.929007e-04 2.099479e-01
1504 3.324043e-05 2.989791e-02
1505 1.053959e-07 5.708641e-03
1506 2.713634e-06 8.092622e-03
1507 3.145491e-04 8.766099e-02
1508 2.769389e-04 3.529511e-01
1509 5.128428e-08 4.598423e-03
1510 3.544112e-08 8.563137e-03
1511 7.324355e-07 1.212269e-02
1512 2.347096e-07 7.614924e-03
1513 2.377452e-06 1.128246e-02
1514 1.229349e-08 6.427841e-03
1515 1.094269e-03 5.586019e-01
1516 1.421746e-05 1.422854e-02
1517 2.302918e-03 6.146365e-01
1518 3.276844e-06 9.235171e-03
1519 2.842302e-06 1.260754e-02
1520 7.836619e-08 1.931706e-03
1521 1.339750e-08 7.191247e-03
1522 7.529919e-05 6.720802e-02
1523 2.883375e-06 1.027661e-02
1524 2.449981e-06 1.878589e-02
1525 1.715902e-05 3.870972e-02
1526 8.585224e-07 1.220733e-02
1527 3.356214e-05 3.909390e-02
1528 3.706639e-06 1.277186e-02
1529 9.062339e-06 9.438528e-03
1530 6.147431e-08 1.487956e-02
1531 1.942734e-05 2.827055e-02
1532 9.809692e-09 5.077016e-03
1533 2.331343e-08 6.695979e-03
1534 5.578732e-06 1.390188e-02
1535 3.783155e-09 1.590901e-03
1536 4.381636e-08 2.741936e-03
1537 2.714343e-07 4.086507e-03
1538 6.432643e-08 4.117037e-03
1539 6.782727e-08 2.605729e-03
1540 6.835667e-06 3.202556e-02
1541 6.527979e-04 4.255847e-01
1542 5.460617e-04 1.275023e-01
1543 5.131596e-04 3.216831e-01
1544 2.089049e-06 1.021925e-02
1545 1.529495e-06 5.437684e-02
1546 1.082866e-06 9.333042e-03
1547 3.831419e-03 3.634750e-01
1548 1.093118e-05 2.177028e-02
1549 1.313646e-06 4.853478e-03
1550 4.697515e-09 4.407698e-03
1551 1.102252e-06 6.481508e-03
1552 1.662365e-04 2.135131e-01
1553 7.150981e-04 4.341836e-01
1554 3.630886e-07 1.025259e-02
1555 4.027756e-03 5.558930e-01
1556 3.317299e-05 1.986561e-02
1557 6.634037e-05 2.179282e-01
1558 2.432582e-03 4.235576e-01
1559 1.117813e-05 1.159370e-02
1560 7.499603e-04 1.650252e-01
1561 1.016020e-04 2.182668e-01
1562 1.984535e-09 6.923846e-03
1563 2.907364e-05 2.208455e-02
1564 9.139545e-04 4.055040e-01
1565 1.098881e-05 2.117093e-02
1566 5.698637e-08 5.370282e-03
1567 4.699187e-03 2.190641e+00
1568 1.488147e-08 1.442371e-02
1569 1.207186e-04 2.490252e-02
1570 8.035615e-04 6.900667e-01
1571 9.764713e-09 2.462136e-03
1572 1.264214e-04 4.833148e-02
1573 1.117941e-03 3.998311e-01
1574 1.670309e-05 2.108097e-02
1575 7.521394e-09 1.799223e-02
1576 1.810601e-04 9.558512e-02
1577 1.846195e-04 3.081295e-01
1578 2.208451e-03 9.088478e-02
1579 1.107315e-08 5.081317e-03
1580 3.308083e-03 7.824435e-01
1581 4.612138e-05 1.899672e-02
1582 1.121606e-06 4.803943e-03
1583 4.835925e-04 1.542271e-01
1584 1.245176e-06 1.483969e-02
1585 1.111461e-04 2.702711e-01
1586 3.994456e-06 1.255081e-02
1587 1.579437e-05 1.626288e-02
1588 1.030739e-05 2.419541e-02
1589 3.025578e-09 2.919062e-03
1590 2.436656e-05 5.884500e-03
1591 7.766116e-06 5.052019e-03
1592 4.999549e-05 1.262111e-02
1593 9.941025e-07 3.728706e-03
1594 2.286481e-06 1.680176e-02
1595 3.819525e-07 4.194390e-03
1596 1.836519e-07 3.066113e-02
1597 1.151974e-06 8.555898e-03
1598 1.758350e-05 1.755173e-02
1599 2.457891e-05 1.251437e-01
1600 9.443456e-07 1.065106e-02
1601 5.011306e-08 3.288199e-03
1602 1.866381e-03 9.072900e-01
1603 1.186250e-07 8.696696e-03
1604 6.086260e-05 3.993731e-02
1605 9.266273e-05 5.243486e-02
1606 2.222082e-04 3.548503e-01
1607 1.773289e-03 3.527048e-01
1608 2.421600e-08 4.892583e-03
1609 3.790724e-04 2.040660e-01
1610 7.347715e-04 4.765558e-01
1611 1.814369e-06 1.670491e-02
1612 1.357606e-04 1.630679e-02
1613 1.028786e-10 1.208078e-03
1614 9.995653e-04 6.441900e-02
1615 5.938851e-04 2.508179e-01
1616 1.929779e-08 2.650665e-03
1617 7.070748e-10 3.410194e-03
1618 1.251995e-07 2.700079e-03
1619 3.586865e-06 8.072601e-02
1620 3.712783e-05 5.979249e-02
1621 6.344786e-07 1.001967e-01
1622 4.846721e-05 2.330293e-02
1623 1.923585e-05 5.692658e-02
1624 1.048504e-03 5.616770e-01
1625 4.858891e-08 4.477510e-03
1626 5.225665e-04 1.107265e-01
1627 3.178546e-07 1.756761e-02
1628 2.582577e-04 1.297579e-01
1629 1.974298e-04 3.411567e-01
1630 6.522595e-04 5.159566e-01
1631 2.651412e-04 1.271018e-01
1632 3.115288e-06 6.983943e-02
1633 1.492389e-10 3.099606e-03
1634 3.599691e-09 6.777897e-03
1635 9.355558e-11 1.156791e-03
1636 6.272625e-10 2.940645e-03
1637 8.869545e-10 1.705841e-03
1638 3.019897e-09 3.092966e-03
1639 9.002135e-11 1.852136e-03
1640 1.282515e-04 6.112380e-02
1641 9.782412e-04 1.781920e-01
1642 2.176394e-03 6.892246e-01
1643 2.405299e-04 3.615562e-02
1644 9.860515e-06 1.193307e-02
1645 1.790244e-04 1.935018e-02
1646 3.210530e-03 1.152565e+00
1647 1.334997e-05 1.602687e-02
1648 4.094114e-07 4.180816e-03
1649 7.295032e-04 5.983554e-01
1650 9.772374e-05 1.192627e-01
1651 1.967255e-08 4.405195e-03
1652 2.330826e-04 1.204368e-01
1653 2.861568e-03 7.057009e-01
1654 1.680843e-06 2.346521e-02
1655 3.669478e-04 3.942455e-01
1656 2.709428e-07 1.783398e-02
1657 9.557523e-06 1.259283e-02
1658 4.096439e-06 5.182772e-03
1659 1.658088e-05 2.196729e-02
1660 7.558737e-05 9.374835e-02
1661 2.710816e-04 1.329774e-01
1662 8.035214e-04 3.398858e-02
1663 5.974013e-05 2.289095e-01
1664 1.496028e-06 1.386690e-02
1665 1.957649e-06 1.214072e-02
1666 9.651272e-05 9.269648e-02
1667 4.813890e-05 5.143121e-02
1668 3.331910e-10 8.895923e-04
1669 8.611772e-06 1.279921e-02
1670 9.261855e-08 3.676939e-03
1671 1.092283e-05 2.396324e-02
1672 9.423408e-04 2.282164e-01
1673 2.433968e-05 3.826178e-02
1674 1.767371e-06 1.094526e-02
1675 2.226132e-06 1.590375e-02
1676 8.835168e-08 2.850606e-03
1677 1.057687e-09 7.112891e-03
1678 7.772987e-08 3.674126e-03
1679 5.024667e-13 1.409525e-03
1680 8.508929e-05 9.233229e-02
1681 6.369057e-05 3.066975e-02
1682 5.229917e-06 2.599384e-02
1683 2.428217e-09 1.750198e-03
1684 4.276146e-09 3.672494e-03
1685 2.644925e-04 6.113417e-02
1686 1.439023e-03 2.698955e-01
1687 3.011644e-06 3.282820e-02
1688 1.412642e-03 3.022885e-01
1689 6.679677e-06 9.882841e-02
1690 2.778466e-09 1.776236e-03
1691 4.160997e-08 1.766587e-03
1692 4.344660e-07 5.999029e-03
1693 6.682743e-04 1.791179e-01
1694 3.530011e-05 5.039083e-02
1695 4.503607e-06 4.273675e-03
1696 6.109547e-04 3.874385e-01
1697 1.434205e-07 8.754133e-03
1698 1.569687e-03 4.925836e-01
1699 1.479924e-03 7.116501e-01
1700 6.352532e-08 4.272569e-03
1701 2.327993e-05 7.833553e-02
1702 1.115041e-05 8.852044e-02
1703 3.886609e-07 5.797970e-02
1704 2.104720e-08 1.634716e-03
1705 2.525118e-09 1.979407e-03
1706 3.651915e-07 2.636510e-03
1707 1.197051e-03 1.427974e-01
1708 3.966240e-09 8.068156e-03
1709 6.933962e-07 1.652077e-02
1710 9.182554e-08 1.162820e-02
1711 1.439907e-03 3.209546e-01
1712 4.153490e-05 9.068881e-02
1713 5.115528e-07 1.142407e-02
1714 2.371377e-04 9.154434e-02
1715 2.009683e-06 8.746673e-03
1716 2.361438e-09 4.416010e-03
1717 5.900765e-07 2.681163e-02
1718 1.868448e-06 1.343035e-02
1719 2.446861e-09 7.630381e-03
1720 2.218619e-07 9.468007e-03
1721 1.150422e-07 3.151946e-02
1722 1.873882e-08 8.442813e-03
1723 1.452832e-03 5.473558e-01
1724 3.097748e-06 3.410421e-03
1725 2.213502e-06 1.814791e-02
1726 5.035569e-04 2.136392e-01
1727 6.811746e-06 3.206638e-02
1728 1.774366e-03 4.414501e-01
1729 4.658446e-07 4.636289e-03
1730 9.367470e-04 2.536196e-01
1731 2.537448e-07 7.365345e-03
1732 7.195859e-09 1.912199e-03
1733 1.431708e-14 1.011506e-03
1734 2.321326e-04 7.658970e-02
1735 7.209887e-05 3.983644e-02
1736 3.000641e-13 1.148585e-03
1737 5.198590e-05 2.076859e-02
1738 2.501359e-07 3.627892e-03
1739 1.972892e-05 2.578502e-02
1740 3.053910e-04 1.076589e-01
1741 2.252851e-10 4.427043e-03
1742 4.854664e-05 1.171870e-01
1743 7.632675e-04 1.765266e-01
1744 9.191470e-05 4.510330e-02
1745 1.129931e-04 3.712359e-02
1746 2.894792e-08 2.724917e-03
1747 1.134810e-07 6.703289e-03
1748 1.544019e-03 6.498695e-01
1749 1.627014e-05 1.176911e-02
1750 3.117049e-06 9.583968e-03
1751 1.356595e-07 6.515243e-03
1752 1.390319e-08 2.143378e-03
1753 4.763444e-05 5.509612e-02
1754 3.620937e-07 5.565798e-03
1755 7.723386e-07 6.595886e-03
1756 2.291266e-07 1.982811e-02
1757 4.434698e-07 1.514626e-02
1758 1.527585e-04 2.379578e-01
1759 5.829023e-07 5.146284e-03
1760 1.256231e-03 5.931391e-01
1761 1.308791e-08 7.060375e-03
1762 1.666155e-06 4.283570e-03
1763 8.845219e-07 1.169086e-02
1764 3.751485e-08 6.937580e-03
1765 1.274177e-04 3.059990e-02
1766 1.950469e-07 4.495426e-03
1767 1.725079e-05 8.099496e-03
1768 4.447915e-05 5.636902e-02
1769 3.381859e-04 1.097045e-01
1770 7.904661e-08 8.548234e-03
1771 3.863579e-06 1.137181e-02
1772 1.675206e-03 4.779329e-01
1773 1.354333e-03 3.777346e-01
1774 5.342429e-09 2.935168e-03
1775 9.451253e-11 2.829928e-03
1776 4.621632e-08 1.939390e-02
1777 1.113392e-06 1.262995e-02
1778 2.160155e-07 7.263213e-03
1779 1.739068e-06 1.737484e-02
1780 3.028734e-09 2.811923e-03
1781 5.763715e-11 1.305321e-03
1782 8.359390e-10 3.173215e-03
1783 3.881847e-07 7.423841e-03
1784 1.105655e-05 3.394703e-02
1785 3.327798e-07 4.445186e-03
1786 3.478987e-06 3.377890e-02
1787 9.072045e-04 5.522629e-01
1788 3.091160e-09 4.441551e-03
1789 4.008054e-05 4.082490e-02
1790 1.192913e-08 2.234788e-03
1791 2.328926e-07 5.832495e-03
1792 1.533325e-06 7.146835e-03
1793 4.979243e-08 9.521071e-03
1794 1.981346e-04 9.493435e-02
1795 5.739398e-05 7.170689e-03
1796 1.766908e-03 6.615050e-01
1797 2.302444e-08 1.740165e-02
1798 1.713192e-06 6.614893e-03
1799 4.444618e-09 2.885483e-03
1800 2.104657e-06 5.595215e-02
1801 1.509740e-05 5.592723e-03
1802 4.437681e-06 3.996510e-02
1803 2.062217e-08 2.048977e-03
1804 1.351263e-06 2.989382e-03
1805 3.181809e-08 1.103789e-02
1806 4.375794e-07 5.992314e-03
1807 8.369665e-09 1.571410e-03
1808 1.620755e-03 7.998377e-01
1809 3.851660e-06 1.169076e-02
1810 3.846174e-04 2.551778e-01
1811 1.732401e-08 7.842235e-03
1812 1.181333e-08 5.933047e-03
1813 7.764323e-07 1.449170e-02
1814 4.431947e-10 2.832726e-03
1815 4.818235e-07 2.574238e-02
1816 1.298850e-04 2.784125e-02
1817 8.852921e-07 4.830088e-03
1818 8.749044e-08 4.830284e-03
1819 2.090894e-13 2.082381e-03
1820 3.196203e-09 1.597495e-03
1821 2.969209e-09 3.412827e-03
1822 4.441805e-04 1.894925e-01
1823 8.490109e-06 4.115225e-02
1824 1.623266e-05 4.709541e-02
1825 2.726658e-03 7.204639e-01
1826 2.957913e-04 1.790962e-01
1827 3.196686e-04 5.654135e-02
1828 1.758013e-04 3.957381e-02
1829 5.808291e-06 1.207436e-02
1830 9.672431e-08 3.099974e-03
1831 2.942709e-10 1.703491e-03
1832 1.234688e-06 1.492767e-02
1833 1.323859e-04 1.966159e-02
1834 3.546197e-07 3.645185e-03
1835 1.581307e-08 3.576992e-03
1836 1.444060e-03 4.991778e-01
1837 1.602426e-03 3.086260e-01
1838 8.111546e-05 1.769669e-02
1839 1.504208e-06 3.744078e-02
1840 1.571720e-06 3.907012e-02
1841 1.018100e-04 9.821401e-02
1842 1.684789e-07 6.890723e-03
1843 1.078113e-07 8.680070e-03
1844 7.191033e-08 2.764443e-03
1845 7.169522e-05 4.201606e-02
1846 1.319511e-10 3.506974e-03
1847 5.787233e-07 6.007363e-02
1848 6.955871e-10 2.206593e-03
1849 1.928087e-08 1.367609e-02
1850 9.547785e-09 1.479107e-02
1851 2.957465e-06 3.656444e-02
1852 3.022707e-05 2.180085e-02
1853 2.664788e-05 5.440976e-02
1854 4.242868e-05 1.191459e-01
1855 9.787880e-06 4.642203e-02
1856 1.836360e-10 2.267656e-03
1857 3.943616e-09 4.627938e-03
1858 7.055388e-07 3.944467e-03
1859 6.342029e-09 3.268990e-03
1860 5.596289e-06 2.315842e-02
1861 1.314552e-07 7.731487e-03
1862 2.910915e-04 3.787604e-01
1863 1.742617e-10 3.006959e-03
1864 2.048777e-08 2.668339e-03
1865 2.371354e-08 1.142204e-02
1866 1.797015e-04 9.212877e-02
1867 1.440714e-10 2.611323e-03
1868 3.098424e-06 1.059901e-02
1869 3.023442e-04 4.869557e-01
1870 3.799632e-07 6.034775e-03
1871 3.872583e-08 1.130358e-02
1872 3.982718e-09 7.174735e-03
1873 7.413327e-09 1.842664e-03
1874 1.628968e-07 2.185915e-03
1875 6.205799e-03 9.956548e-01
1876 3.364766e-08 2.423010e-03
1877 2.320063e-07 3.183591e-03
1878 5.112893e-08 6.552587e-03
1879 2.000660e-07 1.164137e-02
1880 1.064453e-03 5.094918e-02
1881 4.927968e-07 4.508712e-02
1882 1.236459e-09 3.948254e-03
1883 8.975818e-07 1.342375e-02
1884 6.781615e-04 2.450098e-01
1885 1.624535e-06 6.957363e-03
1886 6.951263e-04 7.998986e-02
1887 1.621499e-04 4.276961e-02
1888 2.123249e-07 3.271563e-03
1889 5.353577e-09 1.316905e-03
1890 1.065972e-06 1.204223e-02
1891 8.243068e-04 1.821650e-01
1892 1.368508e-07 1.485740e-02
1893 4.394292e-05 6.551064e-02
1894 3.256473e-03 1.298975e+00
1895 2.174637e-04 7.106734e-02
1896 1.618746e-04 1.242464e-01
1897 2.411927e-08 4.001175e-03
1898 2.982056e-05 5.221860e-02
1899 1.346860e-05 1.091006e-02
1900 2.337035e-04 1.606551e-01
1901 6.802742e-08 4.902973e-03
1902 5.180632e-09 1.854254e-03
1903 1.321706e-07 1.102573e-02
1904 1.720470e-06 8.182307e-03
1905 6.111506e-07 5.212879e-03
1906 1.226143e-05 6.212660e-03
1907 6.281740e-10 3.760334e-03
1908 1.996965e-08 1.713588e-03
1909 1.327932e-05 1.610397e-02
1910 1.500285e-04 9.895168e-02
1911 1.067105e-03 1.566196e-01
1912 3.464310e-05 7.637045e-02
1913 1.359281e-05 6.293194e-02
1914 9.295119e-08 4.775194e-03
1915 9.662291e-10 7.895627e-03
1916 3.275900e-04 9.075416e-01
1917 1.273526e-03 5.024668e-01
1918 2.575650e-05 3.387039e-02
1919 1.134725e-04 3.102391e-02
1920 2.047435e-05 3.125233e-02
1921 4.403191e-10 1.367032e-03
1922 3.730888e-06 4.677940e-03
1923 3.100426e-07 3.141042e-03
1924 1.396002e-07 2.424186e-03
1925 1.394410e-08 2.132146e-03
1926 8.679282e-05 1.606696e-01
1927 4.817927e-07 1.154274e-02
1928 5.944752e-10 1.791315e-03
1929 2.253410e-05 1.536996e-02
1930 2.382939e-06 1.769495e-02
1931 3.722426e-05 2.647929e-02
1932 4.392369e-08 3.379100e-02
1933 3.704500e-07 1.609944e-02
1934 2.533406e-05 6.963848e-02
1935 1.265725e-05 1.712162e-02
1936 3.126871e-07 1.254379e-02
1937 1.573127e-06 5.431429e-03
1938 9.528595e-11 2.010176e-03
1939 2.320846e-04 2.812440e-01
1940 1.487659e-07 2.261137e-02
1941 5.362428e-06 1.646881e-02
1942 3.253628e-05 8.301941e-02
1943 1.029242e-06 3.238269e-02
1944 4.040857e-04 2.748583e-01
1945 4.452563e-06 4.096340e-02
1946 2.201159e-06 7.024211e-03
1947 5.884659e-06 5.858524e-03
1948 4.138282e-09 1.708144e-03
1949 6.042364e-04 1.808899e-01
1950 3.937720e-05 3.339841e-02
1951 2.449432e-05 4.197596e-02
1952 5.712263e-08 7.178648e-03
1953 3.044297e-05 6.466661e-02
1954 4.546986e-06 7.605988e-02
1955 2.857018e-06 1.002926e-02
1956 2.101401e-05 5.771087e-02
1957 4.843126e-06 8.310307e-03
1958 1.140423e-05 2.134447e-02
1959 2.677201e-06 2.724772e-02
1960 4.450729e-06 3.074045e-02
1961 2.002134e-05 1.058981e-01
1962 8.439554e-04 1.250794e-01
1963 4.572358e-04 9.422799e-02
1964 1.495166e-07 4.024743e-03
1965 6.488532e-07 1.515817e-02
1966 9.861796e-08 6.698811e-03
1967 4.802714e-06 5.664650e-02
1968 1.146531e-09 2.103081e-03
1969 9.220608e-04 3.416667e-01
1970 2.636858e-04 9.598179e-02
1971 8.502517e-04 3.687222e-01
1972 4.508190e-05 1.949969e-02
1973 7.736683e-05 2.068471e-01
1974 1.227343e-08 4.242734e-03
1975 1.240476e-03 2.931282e-01
1976 3.480302e-04 1.206816e-01
1977 9.794732e-07 7.687827e-03
1978 1.466454e-08 4.047841e-03
1979 3.569326e-04 9.034664e-02
1980 3.472153e-05 1.524599e-02
1981 5.924395e-06 5.507982e-02
1982 2.194902e-08 2.801188e-03
1983 5.282251e-07 2.383543e-03
1984 2.665019e-07 2.761347e-02
1985 1.382676e-05 1.746414e-02
1986 1.887609e-05 1.218720e-02
1987 7.060623e-07 3.497023e-02
1988 3.331257e-04 2.248123e-01
1989 8.137415e-08 1.449027e-03
1990 1.330374e-05 5.399675e-03
1991 2.932811e-06 9.293793e-03
1992 2.195576e-03 5.821927e-01
1993 2.376882e-09 1.188313e-03
1994 1.598996e-08 1.258740e-03
1995 9.925173e-04 1.403961e-01
1996 3.352522e-08 5.551757e-03
1997 6.467687e-08 2.105960e-03
1998 1.396875e-05 1.833665e-02
1999 7.668355e-05 1.297455e-01
2000 2.760376e-07 2.644894e-03
2001 2.837918e-08 3.121277e-03
