1 4.766646e-03 1.052748e+00
2 9.772105e-07 2.049900e-02
3 5.768699e-06 3.099361e-03
4 2.224122e-08 1.866438e-03
5 6.493679e-08 2.631832e-03
6 7.314797e-04 5.329586e-01
7 5.678871e-06 1.412139e-02
8 9.988677e-08 4.268687e-02
9 3.292306e-10 2.383817e-03
10 1.053759e-04 9.547726e-02
11 9.983521e-09 5.169215e-03
12 8.030357e-11 1.231079e-03
13 1.914717e-05 2.338628e-01
14 1.068182e-08 7.640816e-03
15 1.495164e-08 3.082144e-03
16 3.111794e-05 2.827358e-02
17 1.885846e-08 1.936600e-03
18 6.795811e-04 3.858546e-01
19 1.934584e-06 8.318738e-03
20 7.425044e-12 1.022714e-03
21 2.955946e-03 1.168358e+00
22 5.767524e-07 5.849412e-03
23 5.423675e-05 3.896476e-02
24 1.253430e-03 4.548128e-01
25 4.042653e-04 2.710518e-01
26 1.099073e-06 4.709071e-03
27 2.054723e-05 2.511757e-02
28 4.650286e-08 3.636115e-03
29 2.812284e-03 7.370239e-01
30 1.786799e-03 7.915938e-01
31 3.431970e-04 2.804426e-01
32 2.699895e-04 3.585641e-02
33 2.913138e-08 1.231859e-03
34 2.439769e-09 1.156665e-03
35 2.325915e-08 3.142433e-03
36 1.302717e-03 6.273485e-01
37 1.813868e-04 1.121923e-01
38 2.232185e-07 8.879318e-03
39 1.484232e-09 1.949611e-03
40 1.356046e-07 3.574864e-03
41 5.290764e-06 2.415575e-02
42 9.896156e-09 5.033224e-03
43 4.249275e-04 4.114011e-01
44 1.919141e-04 8.594049e-02
45 1.390973e-04 1.530915e-01
46 1.159144e-05 1.234354e-02
47 7.614528e-05 2.784976e-01
48 3.548594e-05 1.229654e-01
49 1.371520e-05 1.062216e-02
50 2.316452e-03 9.316463e-01
51 2.852332e-07 1.199081e-02
52 3.890363e-06 2.434963e-02
53 4.040261e-05 1.242752e-02
54 1.125575e-07 9.963567e-03
55 4.881880e-07 5.143250e-03
56 5.247543e-06 9.362617e-03
57 4.840625e-08 1.460183e-02
58 4.481506e-04 2.497959e-01
59 4.357569e-04 9.574111e-02
60 2.068267e-10 1.410651e-03
61 5.397980e-03 1.203173e+00
62 4.187124e-05 3.479263e-02
63 1.544333e-08 1.923314e-03
64 5.521809e-09 4.167591e-03
65 6.255521e-05 4.619892e-02
66 4.714470e-07 4.625148e-03
67 1.924721e-07 7.369570e-03
68 9.996168e-06 8.497284e-03
69 1.379621e-07 1.435969e-03
70 1.141714e-09 1.343140e-03
71 8.099616e-04 3.147755e-01
72 1.084615e-05 1.998567e-02
73 3.286638e-08 4.151083e-03
74 1.628236e-04 1.981436e-01
75 2.322233e-05 1.164427e-02
76 4.302587e-07 2.873434e-03
77 8.238797e-06 3.970659e-02
78 3.969741e-03 4.583674e-01
79 7.688959e-04 2.992873e-01
80 5.391940e-07 2.878806e-03
81 1.614473e-07 1.640451e-03
82 2.641625e-05 6.932987e-03
83 6.501218e-05 3.012155e-02
84 4.654031e-08 1.877093e-03
85 3.369607e-04 1.587592e-01
86 3.298230e-06 7.546829e-03
87 5.904511e-08 2.828877e-03
88 3.118626e-08 1.707241e-03
89 1.816281e-06 2.299454e-02
90 3.241887e-04 2.785944e-01
91 2.814850e-03 3.891910e-01
92 5.466847e-03 1.088964e+00
93 3.475495e-06 1.442149e-02
94 5.167712e-07 4.171758e-03
95 4.307578e-03 1.022145e+00
96 3.452713e-04 2.828158e-02
97 6.346849e-09 3.515190e-02
98 1.238002e-07 3.497028e-03
99 2.088847e-04 2.801159e-02
100 3.687752e-03 1.826436e+00
101 1.161469e-06 5.045938e-03
102 3.709538e-07 1.508491e-02
103 4.102349e-04 4.612274e-01
104 7.119470e-06 4.355485e-02
105 2.096959e-05 6.770973e-02
106 3.010253e-08 8.995394e-03
107 2.250636e-08 2.880885e-03
108 1.039015e-06 1.927516e-02
109 1.473946e-07 5.138898e-03
110 1.477649e-06 1.181585e-02
111 2.384806e-03 7.547163e-01
112 9.618247e-05 1.224365e-01
113 1.385289e-03 9.139731e-01
114 7.881859e-04 5.449535e-01
115 1.382656e-04 1.911795e-01
116 6.443859e-04 3.882062e-01
117 1.982167e-03 2.674842e-01
118 2.770143e-03 7.638248e-01
119 1.034951e-10 4.547738e-03
120 3.592378e-11 3.640478e-03
121 7.552816e-08 1.150102e-02
122 3.934522e-09 1.886501e-03
123 3.763746e-07 6.050438e-03
124 2.504703e-06 1.397086e-02
125 1.901308e-10 3.999718e-03
126 2.784011e-07 6.165271e-03
127 1.807695e-08 9.668254e-03
128 4.254934e-07 7.899757e-03
129 1.347342e-08 4.474099e-03
130 5.828516e-09 3.978353e-03
131 1.360336e-08 5.910814e-03
132 3.744928e-08 4.687072e-03
133 1.994675e-08 7.681075e-03
134 2.052773e-05 2.369171e-02
135 5.751601e-09 4.541689e-03
136 3.971397e-08 4.111686e-03
137 1.741828e-06 1.296036e-02
138 8.031126e-09 9.367370e-03
139 6.368770e-08 8.740371e-03
140 8.275171e-09 5.189920e-03
141 9.609411e-10 3.030557e-03
142 2.838392e-08 3.132734e-03
143 6.215581e-08 6.951127e-03
144 3.497529e-09 8.570693e-03
145 3.752797e-10 4.700487e-03
146 5.982564e-09 6.133112e-03
147 5.930798e-09 6.329735e-03
148 1.184423e-09 7.990627e-03
149 2.251930e-08 4.304141e-03
150 5.080891e-10 3.988103e-03
151 8.576673e-08 1.010949e-02
152 1.443391e-07 5.976812e-03
153 2.094449e-08 2.989835e-03
154 7.229416e-09 3.767047e-03
155 1.050079e-09 3.024349e-03
156 3.986482e-08 3.882703e-03
157 1.625932e-08 4.041833e-03
158 2.402858e-07 4.806437e-03
159 1.001223e-07 5.926981e-03
160 1.147653e-08 5.188975e-03
161 1.753766e-08 3.134990e-03
162 1.015090e-09 3.003915e-03
163 2.389431e-09 3.081636e-03
164 1.888007e-10 1.642615e-03
165 4.491656e-10 1.682314e-03
166 3.975230e-11 1.657502e-03
167 2.276312e-09 2.937932e-03
168 2.928337e-08 3.318049e-03
169 2.710236e-07 6.162708e-03
170 7.235151e-11 1.639732e-03
171 6.536415e-09 3.422997e-03
172 3.358639e-09 3.219764e-03
173 5.468567e-10 1.619444e-03
174 9.191913e-10 3.088039e-03
175 4.069319e-09 3.095292e-03
176 3.102265e-09 2.999344e-03
177 4.114937e-10 1.656922e-03
178 4.668346e-08 2.305763e-03
179 2.494057e-10 1.614977e-03
180 3.035602e-09 3.096181e-03
181 3.014843e-10 2.125491e-03
182 8.728546e-10 3.398075e-03
183 4.859166e-11 1.196614e-03
184 2.044212e-11 1.614903e-03
185 4.672931e-10 1.233340e-03
186 1.051381e-09 2.180149e-03
187 3.601302e-11 1.906957e-03
188 2.964853e-11 1.592575e-03
189 3.657121e-11 1.134015e-03
190 9.603147e-11 1.208936e-03
191 2.940728e-05 2.287251e-02
192 1.566760e-06 4.414130e-03
193 1.563023e-04 6.962031e-02
194 9.968090e-05 6.518169e-02
195 1.543013e-06 7.186822e-03
196 1.699657e-05 1.899544e-02
197 1.433153e-04 9.874466e-02
198 1.032079e-06 6.677765e-03
199 1.623940e-06 1.495783e-02
200 4.053661e-07 1.088979e-02
201 2.186697e-05 2.323602e-02
202 3.228558e-06 2.419730e-02
203 3.460268e-08 3.532798e-03
204 1.175613e-06 6.870110e-03
205 3.388311e-07 8.673771e-03
206 6.163729e-08 3.909275e-03
207 1.478819e-07 9.679961e-03
208 3.883901e-09 3.468848e-03
209 1.009608e-07 8.247063e-03
210 4.691472e-08 4.839099e-03
211 1.285692e-08 2.423778e-03
212 3.845609e-04 6.959695e-02
213 2.856330e-08 2.475858e-03
214 8.898003e-09 4.267674e-03
215 5.276785e-07 5.267715e-03
216 2.577575e-07 8.279108e-03
217 4.618419e-08 2.125589e-03
218 3.464930e-06 2.720394e-02
219 1.366271e-05 2.168522e-02
220 3.871001e-09 3.566348e-03
221 1.491127e-08 4.003732e-03
222 1.502714e-08 7.095195e-03
223 2.739069e-07 9.820030e-03
224 7.147969e-09 3.045233e-03
225 2.199348e-07 5.519723e-03
226 6.283838e-08 3.696864e-03
227 3.601322e-08 4.292402e-03
228 6.205646e-08 5.066664e-03
229 1.918075e-06 1.551654e-02
230 1.431826e-06 8.174695e-03
231 1.645184e-06 6.925122e-03
232 3.006014e-07 5.131891e-03
233 4.871772e-07 6.220388e-03
234 2.212694e-06 5.173304e-03
235 1.602265e-08 4.505056e-03
236 7.655942e-07 5.173332e-03
237 6.900203e-09 3.369167e-03
238 1.600157e-07 5.751894e-03
239 2.258844e-08 3.550496e-03
240 6.613512e-08 3.166763e-03
241 7.987719e-07 4.159838e-03
242 4.150934e-07 5.083022e-03
243 3.730959e-08 3.177110e-03
244 8.402516e-08 4.715935e-03
245 2.334512e-07 5.002890e-03
246 1.048822e-07 3.846591e-03
247 8.836306e-07 4.981124e-03
248 1.122615e-07 2.680987e-03
249 4.598475e-06 8.292757e-03
250 3.836413e-07 4.228712e-03
251 1.829022e-07 2.926693e-03
252 3.372045e-06 7.198030e-03
253 2.757648e-08 3.336179e-03
254 1.129011e-07 4.831888e-03
255 2.315666e-06 6.665202e-03
256 4.354461e-08 2.745869e-03
257 9.290064e-08 3.452312e-03
258 1.042239e-05 8.094068e-03
259 5.350549e-05 1.985503e-02
260 3.114137e-05 1.701265e-02
261 1.453080e-05 1.655405e-02
262 4.582410e-07 6.706597e-03
263 7.732241e-06 9.963266e-03
264 4.014085e-06 2.097230e-02
265 3.689442e-07 7.275600e-03
266 1.842197e-05 2.144565e-02
267 1.351289e-05 4.689732e-02
268 6.110177e-07 2.089435e-02
269 4.924286e-07 3.195869e-02
270 5.395877e-08 4.408329e-03
271 4.994724e-07 7.475594e-03
272 6.595475e-08 6.858992e-03
273 2.103676e-07 4.486253e-03
274 1.422938e-06 5.778097e-03
275 3.958925e-08 8.642435e-03
276 1.689629e-05 3.843529e-02
277 1.358763e-08 3.485725e-03
278 5.930892e-08 2.708509e-03
279 1.341958e-06 1.664450e-02
280 1.666060e-07 6.134677e-03
281 1.750685e-07 8.686731e-03
282 1.094273e-06 1.283930e-02
283 1.622767e-07 3.429631e-03
284 1.131358e-06 9.491483e-03
285 1.371456e-04 3.594949e-02
286 3.410554e-05 4.404728e-02
287 2.454111e-06 7.506820e-03
288 4.092790e-06 1.528951e-02
289 1.049228e-05 4.888088e-02
290 3.487458e-05 7.122578e-02
291 1.880988e-06 8.483449e-03
292 2.272042e-05 2.127262e-02
293 4.079006e-06 1.910364e-02
294 1.405184e-05 2.933092e-02
295 1.493064e-06 1.884967e-02
296 8.877914e-04 2.165782e-01
297 1.647901e-03 8.478724e-01
298 2.695130e-05 4.486918e-02
299 5.823506e-08 4.606833e-03
300 7.335676e-09 4.600869e-03
301 7.811141e-04 2.513291e-01
302 7.646604e-08 5.130476e-03
303 4.477383e-08 3.116011e-03
304 2.150892e-09 2.281677e-03
305 2.782184e-09 2.666710e-03
306 2.576131e-10 2.689719e-03
307 4.267981e-11 2.646541e-03
308 9.917809e-11 2.581895e-03
309 9.755878e-07 6.320696e-03
310 2.569101e-10 3.223249e-03
311 1.082217e-11 2.653570e-03
312 2.226608e-08 2.249974e-03
313 4.784026e-11 2.542544e-03
314 4.644733e-11 2.549021e-03
315 2.238611e-12 2.676365e-03
316 5.881631e-10 2.822426e-03
317 4.611757e-11 1.929810e-03
318 8.371744e-11 1.947587e-03
319 7.532078e-09 2.286155e-03
320 8.413252e-12 2.507136e-03
321 2.875893e-11 1.426056e-03
322 3.093853e-05 8.198598e-02
323 8.488108e-06 9.964826e-02
324 3.337900e-09 9.486899e-03
325 3.335077e-06 1.493898e-02
326 4.154256e-09 3.487126e-03
327 1.831583e-07 2.384207e-02
328 1.939867e-07 9.797714e-03
329 1.002153e-04 9.754302e-02
330 1.282210e-03 6.322125e-01
331 1.737905e-06 3.421220e-02
332 3.894969e-04 2.350152e-01
333 6.349437e-08 5.089575e-03
334 6.153741e-07 1.449029e-02
335 2.040252e-09 8.353854e-03
336 1.690554e-07 1.556656e-02
337 3.389640e-04 9.351249e-02
338 6.907289e-05 2.358402e-02
339 2.144119e-03 4.309016e-01
340 4.960497e-06 6.789159e-03
341 8.564071e-07 6.730887e-03
342 7.199310e-06 2.014795e-02
343 1.582652e-05 4.393051e-02
344 7.724019e-07 3.976766e-03
345 1.414299e-05 8.364932e-03
346 3.192704e-07 2.547958e-03
347 2.067417e-07 2.970875e-03
348 1.895379e-05 1.103833e-02
349 2.026235e-05 1.139910e-02
350 3.502181e-08 3.255015e-03
351 5.338309e-08 2.855743e-03
352 7.887267e-06 3.104892e-03
353 2.677752e-05 8.041175e-03
354 4.392188e-06 4.576442e-03
355 4.271382e-06 4.805691e-03
356 1.016218e-07 2.362247e-03
357 1.795480e-05 1.207166e-02
358 1.319877e-05 2.538806e-02
359 3.175357e-06 7.262586e-03
360 6.322332e-07 6.215720e-03
361 3.350807e-05 4.508261e-02
362 2.165390e-07 2.457079e-03
363 3.905432e-08 3.363270e-03
364 7.887267e-06 3.104892e-03
365 8.967676e-05 3.070264e-02
366 3.304267e-05 1.088041e-02
367 8.926302e-06 1.086078e-02
368 2.026235e-05 1.139910e-02
369 5.717323e-05 8.871339e-02
370 1.183191e-06 1.402126e-02
371 4.810637e-07 1.970716e-02
372 2.104524e-03 1.031096e+00
373 2.968579e-05 1.769869e-01
374 3.732160e-03 1.008278e+00
375 9.405854e-06 2.525073e-02
376 1.833623e-03 2.903503e-01
377 3.093133e-06 9.363682e-03
378 1.283717e-04 3.467201e-02
379 6.822096e-07 9.036295e-03
380 1.944099e-05 1.386771e-02
381 1.419003e-08 1.912859e-03
382 4.046302e-07 1.011959e-02
383 6.598979e-09 1.824142e-03
384 7.388673e-07 8.107535e-03
385 1.380620e-09 4.590630e-03
386 2.654082e-07 6.528983e-03
387 2.401870e-06 1.579940e-02
388 5.834452e-09 2.770075e-03
389 1.810401e-06 6.331089e-03
390 1.256893e-06 4.904442e-03
391 4.801995e-06 3.279553e-02
392 1.723319e-04 2.220131e-02
393 9.155909e-06 1.611472e-02
394 1.720194e-07 3.013395e-03
395 2.514715e-07 8.349984e-03
396 3.377872e-05 3.874119e-02
397 3.796687e-05 1.769910e-02
398 7.505083e-05 3.893223e-02
399 1.219572e-05 1.107020e-02
400 1.153130e-04 4.152971e-02
401 7.078321e-06 8.894481e-03
402 1.438978e-06 7.049065e-03
403 2.758594e-06 9.299527e-03
404 2.063727e-05 1.691812e-02
405 9.257595e-06 1.147665e-02
406 1.221219e-06 8.895720e-03
407 3.057452e-07 4.565621e-03
408 7.770236e-06 1.033625e-02
409 3.654356e-03 6.746828e-01
410 5.495427e-05 2.163924e-02
411 1.668601e-05 1.881497e-02
412 2.424161e-04 7.375167e-02
413 3.243407e-06 8.190415e-03
414 3.613341e-06 9.818655e-03
415 2.840247e-06 6.040644e-03
416 1.873412e-06 6.771221e-03
417 4.146727e-06 9.881199e-03
418 5.227153e-04 1.323325e-01
419 1.989483e-04 1.705410e-01
420 2.028484e-04 7.871526e-02
421 2.454932e-05 2.179437e-02
422 1.569339e-05 3.148397e-02
423 3.125648e-04 1.093623e-01
424 1.002028e-03 2.700075e-01
425 2.832562e-04 1.312968e-01
426 2.268451e-05 4.743910e-02
427 1.042926e-03 2.670706e-01
428 1.450336e-04 4.140462e-02
429 6.294235e-05 3.287964e-02
430 1.321734e-04 5.014641e-02
431 1.489160e-04 7.515587e-02
432 4.682741e-05 2.836977e-02
433 2.034635e-05 2.403277e-02
434 1.054684e-04 4.982959e-02
435 2.514356e-05 5.163465e-02
436 7.009427e-05 4.382177e-02
437 6.957808e-05 4.257733e-02
438 1.223023e-05 2.854877e-02
439 9.102202e-04 3.710020e-01
440 5.881209e-05 3.196392e-02
441 3.215611e-05 2.189654e-02
442 5.766927e-05 9.131979e-02
443 1.751088e-05 2.554856e-02
444 2.020599e-03 4.686464e-01
445 2.714554e-04 2.185876e-01
446 7.632974e-12 9.154248e-04
447 1.269699e-12 1.224538e-03
448 4.168681e-13 9.088608e-04
449 5.325356e-13 9.125942e-04
450 2.116554e-12 9.935043e-04
451 1.582241e-09 1.782253e-03
452 6.571011e-12 1.227391e-03
453 4.966004e-10 1.122161e-03
454 9.428733e-12 1.245291e-03
455 6.748779e-11 1.251103e-03
456 5.798728e-13 1.031946e-03
457 4.898052e-14 9.244452e-04
458 2.182838e-11 1.233127e-03
459 2.156775e-07 1.453490e-02
460 3.552004e-11 2.593576e-03
461 1.094801e-12 1.054475e-03
462 1.704050e-10 2.965555e-03
463 9.530492e-11 1.127616e-03
464 5.211921e-11 1.328801e-03
465 1.215702e-11 1.151013e-03
466 1.057799e-11 1.381003e-03
467 8.154712e-12 1.082766e-03
468 2.424516e-12 1.091935e-03
469 2.165202e-11 1.325868e-03
470 2.336492e-11 1.754953e-03
471 3.093563e-12 1.218722e-03
472 1.744682e-12 1.118994e-03
473 7.012113e-12 1.318777e-03
474 2.410823e-12 1.048071e-03
475 5.674672e-11 1.316114e-03
476 2.273047e-09 1.412609e-03
477 7.158849e-07 3.223747e-03
478 1.151054e-06 7.834966e-03
479 1.428247e-09 1.574764e-03
480 2.979238e-09 2.067347e-03
481 4.685860e-10 1.859003e-03
482 4.723681e-10 2.108250e-03
483 2.789678e-10 2.060977e-03
484 3.573559e-08 2.119857e-03
485 1.409328e-09 1.759943e-03
486 1.166526e-05 1.409087e-02
487 2.315761e-09 1.487498e-03
488 1.098539e-06 9.418608e-03
489 5.291054e-03 5.165674e-01
490 8.067305e-06 7.172203e-03
491 3.073934e-06 8.919680e-03
492 3.284831e-06 5.859572e-03
493 3.650689e-06 6.809190e-03
494 7.205439e-09 6.450182e-03
495 1.151279e-07 4.943717e-03
496 1.910403e-04 3.516852e-02
497 1.078356e-04 4.725772e-02
498 1.298744e-05 8.278798e-03
499 7.300198e-08 7.824633e-03
500 2.278624e-08 5.140881e-03
501 7.194031e-06 9.102066e-03
502 3.200766e-03 3.236467e-01
503 4.201849e-05 1.077712e-02
504 7.495167e-05 1.158016e-02
505 1.711888e-06 7.233944e-03
506 1.423804e-04 3.909433e-02
507 4.851434e-05 3.008718e-02
508 7.602464e-06 1.294662e-02
509 7.321640e-08 8.604403e-03
510 1.037549e-05 1.211020e-02
511 3.084968e-06 6.242697e-03
512 1.217667e-06 8.222105e-03
513 8.244220e-06 8.196574e-03
514 1.380367e-03 9.832221e-01
515 2.397283e-07 6.972817e-03
516 4.498422e-08 6.854542e-03
517 8.189929e-07 1.387775e-02
518 1.083388e-07 6.905349e-03
519 1.165812e-06 2.332566e-02
520 8.828947e-07 1.862308e-02
521 1.887040e-05 3.007505e-02
522 2.601208e-05 2.822005e-02
523 1.170840e-05 2.734754e-02
524 3.644019e-07 1.307989e-02
525 1.422300e-06 8.180982e-03
526 3.719553e-06 2.388731e-02
527 7.724983e-07 9.837240e-03
528 7.432913e-08 5.984166e-03
529 2.174722e-06 1.759672e-02
530 3.018989e-07 5.144398e-03
531 5.481910e-07 7.284063e-03
532 5.213088e-06 1.881756e-02
533 1.144442e-06 1.251306e-02
534 3.697981e-07 1.143784e-02
535 1.261414e-06 1.234251e-02
536 3.410109e-05 3.988660e-02
537 2.683879e-06 2.485892e-02
538 7.582261e-07 1.258532e-02
539 1.951228e-05 2.576907e-02
540 5.148315e-06 2.275213e-02
541 7.841666e-06 2.534145e-02
542 5.749523e-04 2.587122e-01
543 1.477347e-06 1.904595e-02
544 8.521242e-07 7.480983e-03
545 3.517911e-07 7.431284e-03
546 5.879030e-07 6.053508e-03
547 3.255152e-10 2.494620e-03
548 2.376655e-09 3.022834e-03
549 1.111138e-08 1.590754e-03
550 5.301315e-07 5.586751e-03
551 5.482949e-08 2.643845e-03
552 6.187713e-07 1.887916e-02
553 8.855910e-06 3.242284e-02
554 3.769719e-06 9.276387e-03
555 1.065352e-06 1.189346e-02
556 7.780332e-08 3.014474e-03
557 6.384194e-08 3.777794e-03
558 2.058990e-06 1.194455e-02
559 2.115586e-08 2.469940e-03
560 1.505471e-07 3.983629e-03
561 8.815196e-08 3.159091e-03
562 6.189686e-08 3.406250e-03
563 2.421946e-08 4.789554e-03
564 8.295970e-08 3.254795e-03
565 3.853883e-07 1.436848e-02
566 2.916043e-06 5.784265e-03
567 1.010379e-04 8.296388e-02
568 2.630837e-04 2.708170e-02
569 4.548650e-04 8.772733e-02
570 1.884242e-05 1.453428e-02
571 3.032673e-05 9.475664e-03
572 2.283126e-04 3.526689e-02
573 2.500317e-05 7.590306e-03
574 2.896929e-04 3.567161e-02
575 9.629777e-05 1.006515e-02
576 7.126868e-05 1.846137e-02
577 1.306464e-05 1.251201e-02
578 3.187452e-06 9.918850e-03
579 2.585912e-03 7.819032e-01
580 1.720468e-04 3.292118e-02
581 8.305469e-06 5.172616e-03
582 2.978378e-04 6.672432e-02
583 1.602573e-05 1.114622e-02
584 5.608159e-05 1.627836e-02
585 1.392302e-04 7.728414e-02
586 1.453186e-06 1.272027e-02
587 4.893863e-06 1.331192e-02
588 7.051908e-07 1.020938e-02
589 8.007985e-07 2.632216e-03
590 2.185871e-03 4.449451e-01
591 2.631753e-04 1.460772e-01
592 1.113656e-07 6.353210e-03
593 3.092389e-05 1.787304e-02
594 2.857722e-04 3.812493e-02
595 5.821206e-08 6.661450e-03
596 1.856338e-03 1.079409e+00
597 6.243824e-12 1.912640e-03
598 9.458179e-10 1.969100e-03
599 6.244780e-10 1.938492e-03
600 1.157162e-09 2.062473e-03
601 2.550079e-09 3.033954e-03
602 3.784074e-10 2.563969e-03
603 2.286464e-09 3.254280e-03
604 1.939286e-11 1.931492e-03
605 3.405051e-09 2.078681e-03
606 3.833440e-11 1.932132e-03
607 3.792752e-11 1.777692e-03
608 1.077258e-10 2.031258e-03
609 4.864113e-06 1.299543e-02
610 1.565875e-07 4.333097e-03
611 6.916294e-04 3.184941e-01
612 1.538794e-06 2.571658e-02
613 5.668106e-06 1.911152e-02
614 2.219003e-06 2.642967e-02
615 2.618598e-07 1.034844e-02
616 8.087130e-10 3.281119e-03
617 1.154131e-05 1.353068e-02
618 1.076022e-08 4.233007e-03
619 3.599897e-08 5.033488e-03
620 1.285821e-08 5.448279e-03
621 8.193209e-05 7.172684e-02
622 1.434989e-08 5.944230e-03
623 6.511470e-09 7.249630e-03
624 1.548680e-07 6.033131e-03
625 7.957692e-08 4.560849e-03
626 3.730145e-03 7.716811e-01
627 3.824350e-07 5.031415e-03
628 9.533651e-08 1.267143e-02
629 4.010342e-05 6.265005e-02
630 6.213266e-05 3.893106e-02
631 3.138265e-05 2.868461e-02
632 5.042511e-06 3.876888e-02
633 5.264005e-09 6.070321e-03
634 1.321421e-07 5.299491e-03
635 8.682450e-08 5.175350e-03
636 8.035724e-08 7.259101e-03
637 7.161846e-07 1.368115e-02
638 6.958067e-09 8.794549e-03
639 2.734364e-07 1.532354e-02
640 3.090652e-08 4.770874e-03
641 3.184933e-08 5.577532e-03
642 2.673115e-08 6.947773e-03
643 1.348034e-06 3.492001e-02
644 2.454600e-06 6.362549e-03
645 3.419126e-07 1.249534e-02
646 9.964189e-08 1.907561e-02
647 1.373485e-07 7.621571e-03
648 1.620293e-06 2.664264e-02
649 4.778657e-08 1.060372e-02
650 1.691166e-08 5.741855e-03
651 7.612386e-09 6.389241e-03
652 4.090558e-08 7.580718e-03
653 7.677368e-04 4.336455e-01
654 7.160456e-05 8.707406e-02
655 3.797621e-09 2.905177e-03
656 1.157947e-05 3.203970e-02
657 2.793656e-03 7.170612e-01
658 7.847173e-06 2.529324e-02
659 1.338180e-07 1.340753e-02
660 9.324146e-07 1.391789e-02
661 1.047099e-06 3.502327e-02
662 2.397347e-05 2.302233e-01
663 4.756712e-07 1.399761e-02
664 1.348707e-06 1.459313e-02
665 3.996494e-07 1.669205e-02
666 4.673567e-06 3.174605e-02
667 1.754662e-05 1.924114e-02
668 1.267716e-07 7.037150e-03
669 8.959745e-07 2.994246e-02
670 6.527312e-05 4.776027e-02
671 1.721053e-05 4.064507e-02
672 9.516756e-08 6.954829e-03
673 2.242649e-05 1.705805e-01
674 1.205585e-06 7.445570e-03
675 5.755964e-04 2.322890e-01
676 7.019125e-08 1.669868e-02
677 2.517509e-05 4.093302e-02
678 5.366376e-08 8.053042e-03
679 2.121100e-04 1.282674e-01
680 1.409741e-08 3.444402e-03
681 9.500295e-07 1.335905e-02
682 3.897582e-03 9.907546e-01
683 1.741535e-06 1.573701e-02
684 3.747887e-03 3.909989e-01
685 1.657912e-07 8.809814e-03
686 4.817499e-04 3.706002e-01
687 1.946628e-06 7.937953e-03
688 1.213279e-07 8.269756e-03
689 1.339180e-07 9.028989e-03
690 2.733225e-06 1.458322e-02
691 3.696187e-07 1.519735e-02
692 3.651105e-07 1.187126e-02
693 6.681050e-07 9.395855e-03
694 2.781860e-06 6.033865e-03
695 7.488956e-06 9.761539e-03
696 4.499749e-04 1.447523e-01
697 5.895161e-06 8.169858e-02
698 8.437148e-05 1.836186e-01
699 1.264776e-06 1.673032e-02
700 2.057658e-04 4.277236e-02
701 2.588405e-06 9.464803e-03
702 1.128908e-05 1.667465e-02
703 5.720262e-07 7.281762e-03
704 5.047846e-04 6.438476e-02
705 5.907526e-05 1.911447e-02
706 1.299122e-05 1.635816e-02
707 2.207336e-05 1.056037e-02
708 7.223790e-04 5.383103e-01
709 6.028502e-06 2.454423e-02
710 1.415074e-03 2.029090e-01
711 1.615723e-04 9.927531e-02
712 4.673824e-05 4.092925e-02
713 1.399223e-05 3.632606e-02
714 9.021231e-06 2.030218e-02
715 1.042659e-07 6.487395e-03
716 2.174955e-06 1.811322e-02
717 1.997183e-05 3.252058e-02
718 1.768674e-05 1.343383e-02
719 1.127895e-05 1.236846e-02
720 3.420925e-05 2.094957e-02
721 3.724215e-04 6.071595e-02
722 7.644450e-05 3.797882e-02
723 2.824459e-04 9.649895e-02
724 1.726027e-07 6.886275e-03
725 3.175923e-06 7.396438e-03
726 1.814586e-06 1.227138e-02
727 6.892606e-04 4.710968e-01
728 3.152285e-07 1.271927e-02
729 5.446716e-06 1.421680e-02
730 7.712400e-06 1.808394e-02
731 2.182383e-06 6.832173e-03
732 1.809166e-05 8.832206e-03
733 1.174698e-06 1.041330e-02
734 8.006516e-06 1.487622e-02
735 1.002545e-04 1.568467e-02
736 8.063663e-07 1.991760e-02
737 6.884516e-04 3.674748e-01
738 7.303997e-06 5.254634e-02
739 5.325326e-06 1.181733e-02
740 1.883870e-05 1.477709e-02
741 3.060543e-06 1.023276e-02
742 6.299747e-05 6.439476e-02
743 1.101565e-04 2.316676e-02
744 1.199639e-04 4.294557e-02
745 1.518030e-04 5.277331e-02
746 1.186827e-05 1.014864e-02
747 6.335102e-05 1.492258e-02
748 6.912695e-08 6.037398e-03
749 1.937533e-06 2.866329e-02
750 3.082753e-05 6.844295e-02
751 4.928486e-07 8.203011e-03
752 6.664815e-07 1.137105e-02
753 8.410964e-04 3.187811e-01
754 2.215153e-05 2.083906e-02
755 5.380904e-05 7.565315e-02
756 6.043802e-07 1.079792e-02
757 1.712492e-04 9.662596e-02
758 2.286333e-07 5.472392e-03
759 1.444977e-05 3.224174e-02
760 8.785645e-04 2.543583e-01
761 9.849407e-04 1.973658e-01
762 1.649586e-07 9.892424e-03
763 5.723043e-07 1.174365e-02
764 1.203070e-06 1.090189e-02
765 1.381664e-03 3.937494e-01
766 1.156720e-03 6.077571e-01
767 1.704703e-03 3.335602e-01
768 1.681111e-03 4.335751e-01
769 1.408127e-07 1.124584e-02
770 1.355666e-07 5.038374e-03
771 2.054386e-07 4.895454e-03
772 4.212016e-07 4.753831e-03
773 5.180642e-05 1.370827e-01
774 8.896643e-07 6.596871e-03
775 5.900777e-06 1.160464e-02
776 5.152775e-07 5.715241e-03
777 4.941620e-08 1.023107e-02
778 6.528399e-04 1.590961e-01
779 3.947206e-08 8.940230e-03
780 1.926730e-06 6.350737e-03
781 1.911858e-08 5.345789e-03
782 4.009842e-08 2.404111e-03
783 1.630984e-08 3.591845e-03
784 2.063967e-06 1.858693e-02
785 6.853484e-06 1.372893e-02
786 6.528623e-07 8.028698e-03
787 2.988337e-07 9.520005e-03
788 3.869002e-08 1.146834e-02
789 3.682029e-08 8.423889e-03
790 3.607953e-05 1.022474e-01
791 1.179015e-07 4.323115e-03
792 5.159788e-08 1.031507e-02
793 2.437058e-06 1.386100e-02
794 6.450173e-04 2.678702e-01
795 6.058079e-06 1.740590e-02
796 2.216325e-07 6.021958e-03
797 7.511666e-06 9.302639e-02
798 5.700303e-08 7.390079e-03
799 6.756041e-05 1.009974e-01
800 1.311345e-06 1.876750e-02
801 2.644833e-07 1.084210e-02
802 4.700892e-04 1.469779e-01
803 3.572500e-04 4.903901e-01
804 8.885919e-08 1.071694e-02
805 2.778235e-05 5.395812e-02
806 2.998858e-05 1.332282e-01
807 1.621403e-05 5.344373e-02
808 6.875102e-08 5.941278e-03
809 5.377666e-07 2.378177e-02
810 1.476876e-08 2.326491e-03
811 1.413428e-05 1.700911e-02
812 1.940007e-07 4.281281e-03
813 2.590308e-05 3.893126e-02
814 8.037985e-07 1.367928e-02
815 3.948902e-07 1.595752e-02
816 1.504887e-03 3.344210e-01
817 1.509730e-04 1.007943e-01
818 3.887233e-08 9.982272e-03
819 1.146315e-06 1.301820e-02
820 1.676942e-06 3.727600e-02
821 1.210977e-05 4.165973e-02
822 4.412133e-06 3.371598e-02
823 3.457942e-05 1.182456e-01
824 2.373377e-03 7.417570e-01
825 1.783922e-03 7.125664e-01
826 3.917753e-04 3.560276e-01
827 5.486727e-04 1.752774e-01
828 5.733897e-04 7.434495e-01
829 1.395695e-03 7.359657e-01
830 3.259670e-05 1.231368e-02
831 5.373073e-07 4.729922e-03
832 5.038847e-07 5.173450e-03
833 1.536668e-06 1.100048e-02
834 4.738722e-06 6.717750e-03
835 1.687676e-06 6.824738e-03
836 4.328918e-06 4.996152e-03
837 2.711929e-06 9.469253e-03
838 7.888487e-06 8.121094e-03
839 3.123055e-07 5.002405e-03
840 9.986139e-06 1.875565e-02
841 9.636864e-07 7.212905e-03
842 6.535090e-07 8.591358e-03
843 4.160943e-07 9.816763e-03
844 1.817461e-06 1.970204e-02
845 7.644658e-05 4.120316e-02
846 1.704242e-04 6.834848e-02
847 3.780103e-06 8.175981e-03
848 2.486112e-06 1.366224e-02
849 2.268577e-04 6.074935e-02
850 6.669424e-07 6.181788e-03
851 2.201199e-05 6.701682e-02
852 2.763813e-07 6.367497e-03
853 1.130179e-04 1.840973e-02
854 8.954867e-07 5.875462e-03
855 1.547814e-05 1.739842e-02
856 2.429351e-09 1.482425e-03
857 1.908829e-09 1.302530e-03
858 9.130860e-09 2.049515e-03
859 2.957308e-09 1.499135e-03
860 5.424673e-05 1.247803e-01
861 1.294461e-07 6.853951e-03
862 3.987762e-08 1.592106e-03
863 7.111845e-09 1.539579e-03
864 4.181114e-09 1.393882e-03
865 1.125586e-08 1.573962e-03
866 1.211181e-08 2.066482e-03
867 8.040323e-08 1.721027e-03
868 1.155746e-09 1.362957e-03
869 2.180018e-09 1.627067e-03
870 1.066537e-08 1.532657e-03
871 1.449506e-09 1.393993e-03
872 1.510530e-08 1.880613e-03
873 1.438645e-08 1.418189e-03
874 8.408420e-09 1.404615e-03
875 6.468583e-04 2.498371e-01
876 2.401055e-10 1.443966e-03
877 1.670552e-08 1.456631e-03
878 5.719727e-09 1.900696e-03
879 3.798342e-09 1.352614e-03
880 8.439200e-09 1.371449e-03
881 1.015751e-09 1.397941e-03
882 5.693883e-09 1.821401e-03
883 6.982551e-09 1.760235e-03
884 3.367801e-08 1.477103e-03
885 8.582282e-09 1.567401e-03
886 3.373774e-07 6.597990e-03
887 7.232716e-06 9.374939e-03
888 4.787507e-07 1.154511e-02
889 1.347590e-04 9.568103e-02
890 1.914039e-07 1.986289e-02
891 2.180519e-05 9.148800e-02
892 2.508622e-04 1.533252e-01
893 4.066221e-07 5.658518e-03
894 1.725210e-06 3.760193e-03
895 1.352927e-06 8.495225e-03
896 2.006708e-06 1.491492e-02
897 1.097995e-03 7.571412e-01
898 2.068497e-06 1.910540e-02
899 2.304733e-05 7.898230e-02
900 7.097920e-06 8.865982e-03
901 1.641889e-05 8.664857e-03
902 6.527583e-07 9.118130e-03
903 4.477733e-08 6.135450e-03
904 5.382261e-05 1.150989e-01
905 4.625429e-07 2.006155e-02
906 4.502220e-05 5.034543e-02
907 2.874315e-03 9.734976e-01
908 7.085449e-08 2.761676e-03
909 6.929142e-07 3.176715e-03
910 3.279596e-08 1.578212e-03
911 1.106335e-05 7.734496e-03
912 2.657556e-07 5.055927e-03
913 2.862435e-08 1.723103e-03
914 1.385726e-07 4.915124e-03
915 1.748103e-06 3.683161e-03
916 1.705422e-04 1.362729e-01
917 9.713085e-08 2.131727e-03
918 1.679938e-08 1.783073e-03
919 1.097855e-08 1.394236e-03
920 4.616865e-08 2.528541e-03
921 6.066162e-10 1.059921e-03
922 1.136574e-08 1.428666e-03
923 2.093465e-04 7.738462e-02
924 3.871243e-06 1.741958e-02
925 1.964427e-08 1.068952e-03
926 3.286935e-06 1.463969e-02
927 8.035485e-09 1.325517e-03
928 6.279909e-07 4.103395e-03
929 1.805931e-06 1.046799e-02
930 1.103592e-07 3.654874e-03
931 5.432499e-07 3.821990e-03
932 1.408973e-09 1.484637e-03
933 1.513263e-08 1.825078e-03
934 2.921042e-06 1.179286e-02
935 1.292086e-07 1.862645e-03
936 7.310277e-09 1.194739e-03
937 1.568700e-07 2.940090e-03
938 7.270388e-08 1.795325e-03
939 1.141044e-06 3.558713e-03
940 7.981151e-07 6.472037e-03
941 3.368550e-07 5.566337e-03
942 6.487701e-08 1.628669e-03
943 6.877190e-07 2.201395e-03
944 2.874809e-05 8.801632e-03
945 1.478748e-08 2.264907e-03
946 4.247586e-06 6.407899e-03
947 4.589768e-06 3.156551e-02
948 5.375365e-08 6.925374e-03
949 1.116072e-06 1.059002e-02
950 1.190261e-07 7.916138e-03
951 2.272471e-07 1.592941e-02
952 1.084724e-04 1.969107e-02
953 3.647253e-08 8.945163e-03
954 3.500873e-08 3.086025e-03
955 8.305388e-06 3.697049e-02
956 3.373444e-09 3.053758e-03
957 4.392575e-08 8.410581e-03
958 1.263609e-07 6.812049e-03
959 3.915958e-05 5.025999e-02
960 8.415591e-07 1.911385e-02
961 9.615042e-07 9.819110e-03
962 7.206085e-07 1.269540e-02
963 5.397551e-09 3.842561e-03
964 9.210017e-06 4.100735e-02
965 3.671718e-08 5.411304e-03
966 1.151401e-04 1.117697e-01
967 2.494965e-05 5.763410e-02
968 4.078450e-07 4.754720e-03
969 7.258890e-08 8.092285e-03
970 3.653227e-07 1.674781e-02
971 1.608243e-07 3.112395e-03
972 8.662092e-07 7.536722e-03
973 9.365794e-08 9.421216e-03
974 4.787131e-08 3.279439e-03
975 3.789917e-06 7.065149e-03
976 8.511211e-04 2.472233e-01
977 6.431960e-06 7.246073e-03
978 2.678432e-05 1.757935e-02
979 2.939446e-07 2.834338e-03
980 2.369766e-08 1.233143e-03
981 1.362053e-07 4.097349e-03
982 2.066364e-06 8.008217e-03
983 1.423114e-06 3.783110e-03
984 8.795599e-06 9.879123e-03
985 2.129403e-06 4.066981e-03
986 1.215247e-06 4.104771e-03
987 2.018873e-08 1.271437e-03
988 3.378490e-07 2.513189e-03
989 7.264022e-06 9.212284e-03
990 7.149565e-07 3.772899e-03
991 4.362348e-06 7.127427e-03
992 6.083481e-07 2.336697e-03
993 1.085658e-07 2.444326e-03
994 3.834065e-08 2.149892e-03
995 4.450165e-06 3.727640e-03
996 1.337969e-06 3.208249e-03
997 1.195835e-03 1.072171e-01
998 1.807619e-06 6.014197e-03
999 4.786755e-06 4.773246e-03
1000 2.174402e-07 1.896388e-03
1001 1.741195e-08 1.574332e-03
1002 1.526774e-06 5.828866e-03
1003 2.063723e-08 1.779192e-03
1004 1.073127e-05 5.349603e-03
1005 1.901234e-07 2.915443e-03
1006 3.087598e-05 1.237310e-02
1007 5.353166e-08 2.925665e-03
1008 2.679594e-05 7.691208e-03
1009 4.794648e-08 4.059220e-03
1010 8.746311e-08 2.856060e-03
1011 5.160830e-07 3.700037e-03
1012 3.320003e-06 3.737547e-03
1013 1.621979e-08 2.066851e-03
1014 2.444258e-07 3.431994e-03
1015 2.726803e-09 2.130810e-03
1016 1.515522e-06 2.996265e-03
1017 2.150119e-07 1.784225e-03
1018 1.380953e-07 2.889465e-03
1019 3.829534e-08 4.400354e-03
1020 2.087491e-08 1.748887e-03
1021 1.500326e-05 7.043571e-03
1022 5.737962e-09 1.165767e-03
1023 5.964510e-07 2.064546e-03
1024 7.326628e-09 1.398890e-03
1025 5.390822e-07 2.392402e-03
1026 6.828988e-04 8.061233e-01
1027 8.305933e-05 1.076820e-01
1028 8.590387e-05 7.488713e-02
1029 1.123957e-04 9.592816e-02
1030 2.029052e-04 3.142443e-01
1031 3.809923e-03 5.359910e-01
1032 8.745012e-07 7.827178e-03
1033 1.319128e-05 1.901394e-02
1034 2.521832e-04 2.356276e-01
1035 1.759870e-06 4.478261e-03
1036 1.261722e-06 9.660937e-03
1037 5.449739e-05 2.916896e-02
1038 1.453841e-06 3.076212e-03
1039 8.294046e-06 1.587054e-02
1040 3.997901e-06 9.270316e-03
1041 9.917145e-06 2.585327e-02
1042 5.323667e-07 1.083076e-02
1043 9.022121e-06 1.622858e-02
1044 1.381391e-07 1.705879e-02
1045 1.083119e-06 7.582373e-03
1046 5.864146e-04 6.989873e-02
1047 7.364568e-04 1.663116e-01
1048 1.040929e-03 9.214554e-02
1049 2.037403e-06 8.927141e-03
1050 4.353383e-04 4.558876e-01
1051 1.037538e-03 2.762385e-01
1052 3.325394e-09 1.227204e-03
1053 3.031466e-09 1.821373e-03
1054 2.252223e-04 7.095130e-02
1055 8.515510e-11 1.556026e-03
1056 5.787555e-10 4.673012e-03
1057 1.035832e-08 2.139362e-03
1058 4.730677e-08 2.025944e-03
1059 2.251448e-11 1.031696e-03
1060 2.769043e-11 9.550860e-04
1061 4.397437e-06 3.123963e-03
1062 1.433966e-10 1.812584e-03
1063 6.880566e-08 3.808453e-03
1064 1.474223e-03 1.742911e-01
1065 7.050350e-06 1.635931e-02
1066 2.811174e-10 1.577861e-03
1067 1.783327e-10 1.439750e-03
1068 2.481663e-11 1.465210e-03
1069 9.316219e-11 1.614061e-03
1070 7.316974e-08 1.408577e-02
1071 1.391286e-07 5.302035e-03
1072 2.599465e-07 3.307995e-03
1073 6.391905e-07 1.934642e-02
1074 4.683976e-10 1.055204e-03
1075 2.360199e-06 2.601340e-02
1076 1.358162e-06 6.030536e-03
1077 4.852348e-06 1.628907e-02
1078 2.630137e-10 1.632454e-03
1079 8.513443e-08 5.818986e-03
1080 9.924003e-08 1.582309e-03
1081 3.027487e-11 1.460187e-03
1082 1.169003e-09 1.485723e-03
1083 2.986859e-08 1.829785e-03
1084 2.435534e-10 1.228477e-03
1085 8.305718e-09 4.319427e-03
1086 1.131785e-09 1.239986e-03
1087 4.523234e-10 1.369613e-03
1088 3.220984e-10 4.681281e-03
1089 1.865181e-09 1.234619e-03
1090 1.330870e-10 1.195615e-03
1091 8.532496e-10 1.229165e-03
1092 7.196066e-04 5.809377e-01
1093 4.329070e-08 1.876862e-02
1094 1.084839e-07 1.384489e-02
1095 2.259911e-09 1.692864e-03
1096 6.019024e-11 1.481496e-03
1097 2.343045e-09 4.826439e-03
1098 2.472254e-07 7.859169e-03
1099 4.876588e-08 3.260798e-03
1100 1.325465e-08 2.807945e-03
1101 1.142626e-06 5.059103e-03
1102 1.085828e-08 3.181351e-03
1103 3.173145e-08 2.754384e-03
1104 1.545661e-05 6.936518e-02
1105 1.092027e-09 1.530114e-03
1106 9.491649e-11 2.235586e-03
1107 3.036515e-10 3.128511e-03
1108 3.430167e-09 1.737620e-03
1109 3.736961e-10 2.022626e-03
1110 3.015925e-08 4.733883e-03
1111 5.566670e-10 3.955451e-03
1112 6.642775e-06 4.002496e-02
1113 1.524614e-06 1.744459e-02
1114 1.309344e-08 2.057106e-03
1115 1.067071e-05 3.546775e-02
1116 1.446737e-10 1.479017e-03
1117 1.279512e-08 1.611390e-03
1118 9.606542e-07 6.679812e-03
1119 7.296322e-07 2.376496e-02
1120 4.919438e-08 4.048296e-03
1121 2.390220e-07 6.853463e-03
1122 1.022979e-07 4.103764e-03
1123 3.280557e-08 2.485612e-03
1124 1.294307e-07 3.790079e-03
1125 3.504182e-07 4.721971e-03
1126 1.953841e-07 5.124888e-03
1127 5.205984e-08 3.878459e-03
1128 3.959104e-07 4.603223e-03
1129 4.453960e-07 3.313371e-03
1130 1.476451e-06 5.141870e-03
1131 9.765261e-05 6.606599e-02
1132 2.911919e-04 2.253728e-01
1133 7.446402e-06 4.421064e-02
1134 2.353908e-07 9.174159e-03
1135 5.868597e-07 2.437376e-03
1136 7.042576e-07 4.841879e-03
1137 9.577416e-07 5.524971e-03
1138 7.508966e-06 1.463894e-02
1139 2.681851e-08 5.256269e-03
1140 5.795819e-04 2.669307e-01
1141 3.038434e-05 3.736415e-02
1142 2.486770e-06 9.413015e-03
1143 3.015056e-07 6.786784e-03
1144 2.475191e-06 3.737792e-02
1145 4.836385e-08 9.207678e-03
1146 7.623010e-05 8.817481e-02
1147 8.402001e-06 4.410870e-02
1148 5.085885e-05 2.377171e-02
1149 3.932359e-06 1.230543e-02
1150 2.528542e-06 1.172533e-02
1151 2.539573e-05 2.423916e-02
1152 2.263990e-06 6.422686e-03
1153 5.712036e-07 4.816857e-03
1154 1.619943e-05 1.302927e-02
1155 9.604810e-06 2.707041e-02
1156 1.130666e-04 4.330951e-02
1157 2.213872e-04 7.908274e-02
1158 9.876216e-07 1.518732e-02
1159 5.007916e-04 2.041842e-01
1160 3.365492e-05 1.229375e-02
1161 3.461000e-07 7.556044e-03
1162 6.726556e-05 5.218628e-02
1163 5.051883e-04 2.831262e-01
1164 1.450121e-04 2.947931e-02
1165 2.558016e-04 2.743000e-02
1166 3.858796e-05 5.129481e-02
1167 8.465828e-05 4.076888e-02
1168 9.081073e-05 3.355130e-02
1169 2.640989e-04 5.503926e-02
1170 1.264685e-04 4.121353e-02
1171 1.777167e-05 9.391341e-03
1172 1.368680e-06 2.609519e-02
1173 4.113151e-04 2.867888e-01
1174 3.339081e-04 2.231097e-01
1175 2.211142e-05 3.955061e-02
1176 1.033270e-02 2.085739e+00
1177 1.219816e-07 3.115411e-03
1178 3.993521e-05 3.562620e-02
1179 5.315845e-06 2.422675e-02
1180 6.322287e-05 1.063715e-01
1181 2.682814e-05 2.451510e-02
1182 8.041419e-05 7.035602e-02
1183 9.649622e-05 3.278823e-02
1184 8.785129e-04 1.989748e-01
1185 3.221227e-04 2.170146e-01
1186 3.440598e-05 3.191688e-02
1187 5.931167e-07 9.463497e-03
1188 4.122152e-06 1.061526e-02
1189 5.040013e-05 4.656008e-02
1190 4.259316e-04 2.770531e-01
1191 1.247132e-04 4.118457e-02
1192 1.398488e-04 1.066605e-01
1193 4.638988e-05 4.578806e-02
1194 3.317660e-04 2.057460e-01
1195 5.870453e-04 7.740745e-02
1196 5.094428e-04 1.994351e-01
1197 1.562223e-04 7.701990e-02
1198 1.046732e-05 2.923916e-02
1199 3.857066e-04 7.982499e-02
1200 2.377493e-04 1.940157e-01
1201 8.116502e-06 2.830765e-02
1202 1.440335e-06 1.645720e-02
1203 2.431476e-04 5.014433e-02
1204 9.771045e-05 8.551111e-02
1205 1.048466e-08 4.861976e-03
1206 4.362868e-07 1.821008e-02
1207 2.205411e-08 3.645863e-03
1208 2.401409e-04 1.140358e-01
1209 9.356446e-07 9.000785e-03
1210 7.015590e-09 8.345559e-03
1211 7.524595e-08 3.597366e-03
1212 4.797434e-06 6.002682e-03
1213 1.170545e-06 7.538944e-03
1214 5.176528e-06 9.305980e-03
1215 1.909878e-07 3.470787e-02
1216 4.260927e-10 4.242207e-03
1217 5.725394e-05 2.699794e-01
1218 8.620668e-07 6.777105e-03
1219 5.075536e-08 1.286114e-03
1220 1.325614e-07 3.405621e-03
1221 2.076867e-06 8.509098e-03
1222 2.371287e-03 3.814530e-01
1223 1.550194e-07 2.073920e-03
1224 1.541782e-06 2.286428e-03
1225 3.303018e-04 7.700913e-02
1226 2.189802e-09 2.309952e-03
1227 3.197524e-03 5.133423e-01
1228 6.619235e-06 1.109042e-02
1229 6.533845e-09 1.269164e-03
1230 1.225915e-06 2.701441e-03
1231 1.150200e-06 1.860158e-03
1232 2.284521e-08 2.022950e-03
1233 1.167564e-07 2.253339e-03
1234 4.650769e-05 6.387062e-03
1235 7.448560e-08 2.558943e-03
1236 6.365720e-07 2.979781e-03
1237 1.080992e-05 4.372045e-03
1238 5.891694e-06 4.575994e-03
1239 1.776377e-07 2.332886e-03
1240 3.503179e-03 8.893616e-01
1241 2.686763e-05 6.394996e-03
1242 2.115998e-05 5.204199e-03
1243 1.127175e-06 4.257463e-03
1244 6.491349e-06 4.248753e-03
1245 9.461549e-07 2.943775e-03
1246 1.418179e-06 2.914080e-03
1247 1.147360e-04 2.968949e-02
1248 5.015043e-06 4.656855e-02
1249 3.704768e-07 1.102001e-02
1250 3.276803e-05 2.695157e-02
1251 1.341678e-05 1.980384e-02
1252 2.353810e-06 1.729106e-02
1253 6.744773e-07 1.515927e-02
1254 5.279927e-06 8.544237e-03
1255 2.194673e-03 4.453531e-01
1256 8.038398e-06 9.241772e-03
1257 4.897608e-03 1.222979e+00
1258 5.846969e-04 9.784568e-02
1259 8.521296e-04 2.633471e-01
1260 4.436536e-04 4.642219e-02
1261 8.545605e-09 1.847709e-03
1262 3.267467e-03 3.584872e-01
1263 5.648247e-07 5.516528e-03
1264 8.772060e-05 8.847253e-02
1265 1.303406e-06 3.396736e-03
1266 3.284843e-08 6.922438e-03
1267 7.645747e-09 1.942634e-03
1268 2.483762e-06 7.431977e-03
1269 1.220511e-04 6.892517e-02
1270 1.784095e-04 8.530481e-02
1271 6.357710e-06 1.127755e-02
1272 4.980320e-07 3.330721e-03
1273 4.793242e-07 6.711115e-03
1274 3.872413e-06 2.196928e-02
1275 1.594256e-04 9.629735e-02
1276 1.147458e-04 1.217197e-01
1277 1.275274e-05 1.238189e-01
1278 4.733205e-04 2.211436e-01
1279 1.114708e-06 5.962134e-03
1280 1.047493e-07 7.393911e-03
1281 4.570129e-08 8.543362e-03
1282 6.749180e-07 1.552313e-02
1283 1.241089e-06 1.307573e-02
1284 3.626557e-04 2.851285e-01
1285 9.997477e-06 3.526724e-02
1286 2.930098e-04 1.399143e-01
1287 1.039637e-08 7.191140e-03
1288 3.840857e-05 1.231508e-01
1289 1.365728e-04 1.451479e-01
1290 1.764323e-09 1.825278e-03
1291 3.121089e-05 8.182992e-02
1292 6.627257e-07 1.590071e-02
1293 2.021583e-04 2.132641e-01
1294 1.039713e-07 2.438026e-03
1295 6.973337e-06 1.820520e-02
1296 3.634661e-05 2.251454e-02
1297 8.542063e-04 4.364299e-01
1298 3.363801e-04 2.062157e-01
1299 2.624317e-05 2.265684e-02
1300 2.021750e-03 4.966914e-01
1301 1.283926e-05 5.079436e-03
1302 5.341964e-07 3.789295e-03
1303 3.525902e-05 3.836506e-02
1304 1.841183e-04 5.537816e-02
1305 2.170986e-04 1.337434e-01
1306 3.009555e-04 6.184868e-02
1307 2.422198e-03 2.884639e-01
1308 2.620821e-06 1.045362e-02
1309 1.270715e-03 3.610937e-01
1310 1.376516e-03 4.607024e-01
1311 7.053059e-04 1.997571e-01
1312 2.728149e-03 1.190398e+00
1313 1.664789e-07 4.952499e-03
1314 5.649118e-05 4.899996e-02
1315 1.114307e-07 6.029268e-03
1316 1.192265e-09 4.991518e-03
1317 4.692962e-09 3.432206e-03
1318 4.644208e-08 2.008064e-03
1319 1.811081e-09 2.521091e-03
1320 4.506527e-08 4.481702e-03
1321 5.980821e-09 4.118748e-03
1322 2.167169e-10 1.540484e-03
1323 1.482405e-06 1.498249e-02
1324 5.510276e-06 3.363880e-03
1325 1.756864e-06 6.803957e-03
1326 2.857608e-06 8.346138e-03
1327 5.846499e-07 1.022026e-02
1328 6.314925e-06 7.475346e-03
1329 1.203086e-10 2.764878e-03
1330 1.232052e-06 9.840335e-03
1331 4.176587e-04 1.705238e-01
1332 2.594302e-04 2.403157e-01
1333 9.280750e-06 3.323427e-02
1334 1.450783e-07 2.101881e-02
1335 5.947617e-05 3.264776e-02
1336 2.421747e-06 1.062287e-02
1337 4.643382e-06 6.462154e-03
1338 8.209363e-05 3.479982e-02
1339 1.069033e-05 2.946834e-02
1340 1.965208e-06 1.033233e-02
1341 8.341002e-06 8.884794e-03
1342 7.675443e-09 1.658481e-03
1343 6.840664e-03 6.325670e-01
1344 1.009838e-07 5.164871e-03
1345 1.055002e-03 4.134155e-01
1346 4.533923e-04 9.078087e-02
1347 1.446832e-04 9.438887e-02
1348 3.021036e-05 2.973942e-02
1349 2.077813e-06 1.331176e-02
1350 1.010364e-03 7.244469e-01
1351 8.469029e-04 3.659915e-01
1352 1.976815e-03 4.492676e-01
1353 1.139903e-09 3.320884e-03
1354 4.386470e-08 3.137374e-03
1355 1.491674e-04 4.374605e-02
1356 7.279166e-07 4.606739e-03
1357 8.120218e-08 5.440614e-03
1358 1.091899e-03 4.262053e-01
1359 1.310619e-06 2.571353e-02
1360 6.226217e-06 5.654010e-03
1361 1.291624e-05 1.454520e-02
1362 6.112480e-07 3.805772e-03
1363 2.463390e-09 1.349254e-03
1364 9.015381e-09 1.292423e-03
1365 1.031531e-08 1.908182e-03
1366 2.784619e-07 7.148787e-03
1367 9.170883e-06 3.784638e-02
1368 3.236198e-07 3.351140e-03
1369 2.615858e-08 2.316821e-03
1370 4.479161e-09 1.156370e-03
1371 1.674896e-06 2.844917e-03
1372 2.143577e-08 1.248628e-03
1373 1.751310e-07 2.054799e-03
1374 6.107458e-07 9.144318e-03
1375 6.415972e-04 2.333268e-01
1376 5.251252e-05 3.013053e-02
1377 2.626678e-04 8.495113e-02
1378 2.509429e-07 1.158439e-02
1379 3.620175e-04 1.178054e-01
1380 1.135892e-04 6.613483e-02
1381 5.844466e-07 2.255037e-02
1382 9.293789e-08 2.287780e-03
1383 6.005282e-06 7.913314e-03
1384 1.776478e-03 4.682035e-01
1385 6.157017e-06 4.204181e-02
1386 1.300932e-04 1.710056e-01
1387 1.672953e-03 6.517038e-01
1388 1.954014e-03 5.583611e-01
1389 2.546582e-06 8.083595e-03
1390 4.334681e-04 2.180807e-01
1391 8.636450e-06 1.863684e-02
1392 1.559296e-07 1.609170e-02
1393 3.945417e-07 3.096589e-03
1394 1.921462e-07 1.088469e-02
1395 4.112470e-05 4.370732e-02
1396 1.023643e-06 5.281446e-03
1397 2.382637e-07 4.616313e-03
1398 1.215929e-03 5.023412e-01
1399 2.723864e-05 1.920423e-02
1400 1.445082e-05 8.871005e-03
1401 5.720570e-05 6.266034e-02
1402 6.935524e-07 4.044978e-03
1403 1.524207e-05 5.333508e-03
1404 4.468706e-05 4.250620e-02
1405 7.855727e-08 2.193710e-03
1406 5.806116e-05 2.051115e-02
1407 6.645325e-08 2.704283e-03
1408 1.216268e-08 2.398317e-03
1409 1.428600e-04 5.178926e-02
1410 1.344519e-03 2.014563e-01
1411 2.543912e-05 1.593623e-01
1412 1.081881e-03 3.042317e-01
1413 4.634259e-07 2.496521e-03
1414 3.782596e-03 7.356605e-01
1415 1.543678e-08 3.234333e-03
1416 1.241390e-05 6.038504e-03
1417 1.044376e-04 1.350992e-02
1418 8.815663e-07 3.984932e-03
1419 2.353113e-04 1.178055e-01
1420 1.416244e-03 3.949206e-01
1421 4.876557e-04 1.611103e-01
1422 7.516844e-04 8.719460e-02
1423 2.710074e-03 5.035869e-01
1424 1.556870e-07 9.898415e-03
1425 1.469452e-03 8.631542e-01
1426 1.025240e-03 4.733735e-01
1427 2.335270e-05 4.321979e-02
1428 6.004056e-05 1.782297e-02
1429 5.869559e-06 1.145794e-02
1430 4.975263e-05 4.567965e-02
1431 1.238769e-04 4.429380e-02
1432 2.225846e-04 9.249071e-02
1433 3.750022e-08 7.799522e-03
1434 1.261416e-07 3.259883e-02
1435 7.884272e-06 6.329401e-02
1436 2.883427e-04 4.124164e-01
1437 3.159837e-06 4.821251e-03
1438 5.716716e-05 1.054172e-02
1439 1.060684e-03 1.004812e+00
1440 8.779558e-05 7.323377e-02
1441 5.145010e-03 6.128504e-01
1442 1.314915e-10 2.166487e-03
1443 2.718522e-06 5.634252e-02
1444 1.325308e-06 3.606251e-02
1445 6.125067e-06 4.720761e-02
1446 5.422246e-07 6.443124e-03
1447 2.977084e-04 4.589868e-02
1448 3.893200e-07 9.885107e-03
1449 1.380791e-04 1.254479e-01
1450 3.672117e-05 1.276610e-01
1451 8.305454e-08 1.812650e-03
1452 4.674212e-07 1.410571e-02
1453 5.882976e-07 2.050604e-03
1454 2.336034e-08 1.287529e-02
1455 1.740371e-09 4.418634e-03
1456 1.441603e-05 1.011980e-02
1457 6.834634e-09 5.411483e-03
1458 5.191145e-09 2.875100e-03
1459 1.505516e-05 9.204904e-03
1460 4.723284e-08 4.510899e-03
1461 2.881305e-08 7.682174e-03
1462 8.214841e-08 8.566152e-03
1463 6.210979e-05 3.504598e-02
1464 8.896017e-04 7.889959e-01
1465 1.015788e-03 4.096892e-01
1466 6.073130e-04 3.961688e-01
1467 1.567242e-04 4.756352e-02
1468 2.232996e-03 7.960644e-01
1469 1.045933e-03 4.979057e-01
1470 1.609013e-04 4.064063e-02
1471 2.354169e-04 2.353139e-02
1472 1.102293e-04 1.236888e-01
1473 4.979503e-09 2.958804e-03
1474 5.078067e-09 1.252701e-02
1475 7.065523e-08 4.536267e-03
1476 7.888163e-06 8.868448e-03
1477 1.223230e-03 3.346705e-01
1478 1.238049e-06 2.847964e-02
1479 5.092928e-04 1.395184e-01
1480 4.681019e-04 1.668520e-01
1481 4.041776e-06 3.440048e-02
1482 1.901641e-05 6.518646e-02
1483 5.954246e-06 1.195204e-02
1484 7.996635e-06 7.880511e-03
1485 4.000496e-05 8.852126e-03
1486 2.433483e-03 3.687331e-01
1487 2.216978e-05 1.497002e-02
1488 1.248255e-04 4.639422e-02
1489 1.282922e-04 1.460095e-02
1490 8.685162e-05 8.485102e-03
1491 2.411162e-03 2.603510e-01
1492 1.029338e-05 2.273395e-02
1493 1.563439e-06 5.433893e-03
1494 1.083367e-05 2.246310e-02
1495 2.886676e-04 3.565658e-01
1496 2.694278e-05 1.162082e-02
1497 7.805393e-05 1.171750e-01
1498 1.719215e-03 7.384901e-01
1499 1.018274e-04 6.484448e-02
1500 5.382706e-07 1.030618e-02
1501 4.245836e-04 1.653884e-01
1502 4.829541e-04 1.657899e-01
1503 3.082300e-04 4.648562e-02
1504 2.160078e-03 6.920182e-01
1505 4.376952e-06 7.120536e-02
1506 7.116806e-07 1.729386e-03
1507 5.538082e-04 2.610629e-01
1508 2.205499e-03 9.163150e-01
1509 4.575906e-07 4.406986e-03
1510 1.233702e-07 3.754148e-03
1511 6.818443e-04 2.663824e-01
1512 1.338960e-07 1.067368e-03
1513 1.750782e-07 1.733207e-02
1514 2.602106e-08 5.217748e-03
1515 1.008872e-05 1.034212e-02
1516 2.891892e-05 1.109430e-01
1517 4.234514e-06 1.737894e-02
1518 2.432348e-05 8.613178e-02
1519 4.491837e-09 1.807316e-03
1520 1.789550e-04 7.572550e-02
1521 5.976311e-08 2.452010e-03
1522 6.701240e-08 4.725343e-03
1523 2.834201e-06 7.545452e-03
1524 9.099259e-04 3.796826e-01
1525 2.076952e-05 5.399286e-02
1526 5.214145e-06 2.409129e-02
1527 8.089474e-05 9.123491e-02
1528 1.465321e-05 9.924626e-03
1529 3.998204e-05 2.851308e-02
1530 1.781932e-06 7.318259e-03
1531 8.507738e-04 1.263467e-01
1532 2.408727e-06 2.063976e-02
1533 8.787066e-05 1.160482e-01
1534 1.353035e-03 5.024623e-01
1535 1.647967e-03 5.916398e-01
1536 4.058679e-04 3.257854e-01
1537 1.063032e-07 8.420067e-03
1538 6.992237e-05 3.880211e-01
1539 6.039891e-06 2.694331e-02
1540 9.566602e-08 4.668101e-02
1541 8.405990e-04 2.666515e-01
1542 1.529600e-03 1.340307e+00
1543 5.123376e-08 5.587106e-03
1544 7.973601e-07 1.682688e-02
1545 3.198139e-09 3.642843e-03
1546 3.293294e-05 1.605017e-01
1547 2.040007e-05 3.858020e-02
1548 1.949627e-07 3.961992e-02
1549 3.589187e-09 2.624595e-03
1550 5.231019e-04 6.882092e-02
1551 9.237779e-07 1.652562e-02
1552 1.681718e-08 1.275491e-03
1553 5.339537e-08 3.202006e-03
1554 2.280715e-03 4.848922e-01
1555 9.143084e-04 3.488078e-01
1556 5.242284e-06 4.129648e-02
1557 7.677897e-04 2.551682e-01
1558 8.729342e-04 3.426258e-01
1559 1.986687e-03 4.233660e-01
1560 3.224725e-06 5.745959e-03
1561 3.665027e-04 7.791584e-02
1562 1.688165e-06 1.418227e-02
1563 1.401241e-03 2.187582e-01
1564 3.356471e-07 8.065305e-03
1565 4.899150e-04 8.931537e-02
1566 8.599854e-05 3.546105e-02
1567 4.880538e-06 7.932093e-03
1568 2.051508e-04 3.441435e-02
1569 1.579204e-04 4.921546e-02
1570 1.135194e-04 9.218573e-02
1571 2.733099e-04 7.201659e-02
1572 6.074324e-09 1.951119e-03
1573 1.513242e-03 2.454509e-01
1574 7.117014e-07 5.641213e-03
1575 9.525196e-06 2.341649e-02
1576 1.632058e-05 1.693120e-02
1577 1.811109e-04 3.472588e-01
1578 1.874039e-07 6.673354e-03
1579 1.979611e-04 3.280611e-02
1580 3.378514e-09 2.504610e-03
1581 1.410889e-06 5.916979e-03
1582 9.360485e-06 7.460142e-03
1583 6.644734e-04 1.465333e-01
1584 1.406427e-05 9.708596e-03
1585 2.513979e-03 5.670457e-01
1586 9.896358e-04 5.182448e-01
1587 1.644979e-04 1.566312e-01
1588 4.513727e-04 2.474945e-01
1589 5.381052e-04 2.299031e-01
1590 3.689402e-04 3.362118e-01
1591 8.680461e-05 6.360240e-02
1592 8.359752e-05 3.922731e-02
1593 1.646792e-04 1.423964e-01
1594 1.909158e-05 5.113014e-02
1595 3.165945e-04 4.506384e-02
1596 1.012222e-04 3.419314e-02
1597 1.207179e-04 4.323645e-02
1598 1.549098e-04 1.401128e-01
1599 8.763220e-06 4.403419e-03
1600 7.778104e-04 1.852893e-01
1601 2.066674e-06 1.671753e-03
1602 3.622886e-03 8.085256e-01
1603 9.191992e-08 2.589646e-03
1604 4.883273e-09 2.526291e-03
1605 3.353572e-04 1.234608e-01
1606 7.113625e-10 2.940798e-03
1607 2.204583e-08 1.978658e-03
1608 1.756842e-07 2.091402e-03
1609 8.712539e-04 1.106816e-01
1610 2.612256e-04 1.235058e-01
1611 3.715223e-11 1.884621e-03
1612 4.689983e-08 2.243316e-03
1613 1.304618e-05 4.578740e-03
1614 1.142676e-06 5.463954e-03
1615 3.061087e-04 2.644699e-01
1616 1.931025e-04 1.553798e-01
1617 3.845253e-04 1.897209e-01
1618 1.342555e-04 7.524351e-02
1619 7.968820e-04 6.544869e-01
1620 1.455427e-06 1.118851e-02
1621 3.928490e-04 1.465397e-01
1622 5.988420e-07 5.915020e-03
1623 8.071587e-06 5.350266e-02
1624 7.353627e-08 5.300054e-03
1625 3.967895e-09 1.697708e-03
1626 2.112558e-08 9.853621e-03
1627 2.182310e-07 6.891624e-03
1628 1.136679e-09 1.990283e-03
1629 1.144839e-04 9.077122e-02
1630 1.118977e-09 1.722761e-03
1631 1.943997e-06 1.218394e-02
1632 6.801241e-08 1.016937e-02
1633 1.316878e-04 5.030206e-02
1634 1.434473e-03 7.208895e-01
1635 2.154055e-03 4.613075e-01
1636 2.525929e-03 1.248133e+00
1637 3.657956e-04 1.570757e-01
1638 1.431219e-03 9.372929e-02
1639 2.181680e-03 1.011860e+00
1640 2.120987e-03 2.177303e-01
1641 9.598902e-04 3.769158e-01
1642 3.243186e-04 1.022484e-01
1643 2.435607e-05 5.712732e-02
1644 6.214874e-04 1.705742e-01
1645 1.077137e-08 1.658946e-03
1646 6.031782e-04 7.321071e-02
1647 9.642281e-04 3.744161e-01
1648 1.238523e-06 6.579904e-03
1649 9.291104e-05 3.527650e-02
1650 6.358329e-04 4.091356e-01
1651 5.370302e-05 7.209750e-03
1652 1.846249e-03 8.248463e-01
1653 8.844787e-04 7.452485e-01
1654 2.421799e-07 2.844873e-03
1655 9.331249e-07 8.630718e-03
1656 2.542144e-10 3.791144e-03
1657 1.285504e-08 1.274870e-03
1658 1.821819e-07 3.467200e-03
1659 6.995831e-07 1.102412e-02
1660 2.890640e-10 2.013563e-03
1661 4.029841e-04 1.436449e-01
1662 1.634713e-08 8.359267e-03
1663 3.649765e-05 7.269129e-02
1664 2.917851e-09 7.017689e-03
1665 1.731320e-04 9.974831e-02
1666 2.254332e-05 1.034263e-01
1667 2.601548e-05 6.665300e-02
1668 9.686933e-07 3.163619e-03
1669 1.879819e-06 6.499209e-03
1670 9.728586e-07 1.142327e-02
1671 5.672485e-08 4.714167e-03
1672 7.474562e-06 3.268101e-02
1673 2.491610e-04 7.484924e-02
1674 1.631277e-05 4.301837e-03
1675 1.627578e-04 4.497099e-02
1676 2.540769e-08 1.487126e-03
1677 4.016282e-05 2.073029e-02
1678 7.327632e-05 3.121924e-01
1679 1.079007e-05 1.453339e-02
1680 4.087613e-06 1.878475e-02
1681 2.291640e-04 1.018122e-01
1682 1.659601e-06 8.452667e-03
1683 9.578694e-08 1.426855e-02
1684 7.160139e-08 7.035370e-03
1685 1.333499e-10 2.228344e-03
1686 7.719544e-06 4.924679e-02
1687 5.569498e-06 2.215882e-02
1688 4.293897e-09 1.180773e-03
1689 2.120853e-06 4.572088e-02
1690 2.217527e-06 1.133545e-02
1691 6.880837e-05 7.502223e-02
1692 5.165413e-04 7.676936e-01
1693 1.080067e-03 6.298724e-01
1694 1.006921e-03 2.017225e-01
1695 6.189776e-07 9.219576e-03
1696 2.252818e-08 3.057989e-03
1697 6.693518e-09 6.228100e-03
1698 5.631988e-04 1.476670e-01
1699 4.220710e-07 1.731085e-02
1700 7.898641e-05 4.247066e-02
1701 1.067692e-06 1.064100e-02
1702 6.723660e-07 6.269527e-03
1703 3.199205e-06 1.648709e-02
1704 1.214745e-06 7.289748e-03
1705 7.468207e-04 4.328801e-01
1706 1.825017e-05 5.435137e-02
1707 4.526659e-07 3.538819e-03
1708 2.303574e-11 2.066073e-03
1709 5.507257e-11 5.400186e-03
1710 7.111689e-10 1.420075e-03
1711 1.530791e-07 1.075249e-02
1712 3.494804e-07 5.672610e-03
1713 1.446537e-08 4.481139e-03
1714 5.624843e-08 6.152412e-03
1715 4.795032e-07 4.564985e-03
1716 3.049159e-08 6.170311e-03
1717 1.719777e-09 2.196839e-03
1718 2.966621e-07 1.828953e-02
1719 7.943510e-12 1.983143e-03
1720 3.729627e-07 4.856675e-03
1721 1.474232e-09 1.543012e-03
1722 3.507610e-07 1.302381e-02
1723 1.170388e-10 1.305808e-03
1724 3.402582e-11 1.416023e-03
1725 3.370583e-08 1.942468e-03
1726 1.364307e-06 3.789123e-02
1727 1.288265e-08 1.036261e-02
1728 5.408557e-09 2.570761e-03
1729 2.411087e-06 1.441941e-02
1730 1.527117e-07 4.528300e-03
1731 1.856599e-08 4.024825e-03
1732 9.728260e-04 1.371029e-01
1733 2.181473e-04 2.673136e-01
1734 6.726414e-04 4.430999e-01
1735 3.900909e-06 7.533364e-02
1736 7.897625e-08 7.936631e-03
1737 1.648776e-06 9.334627e-03
1738 2.020649e-04 2.534097e-01
1739 1.199591e-03 3.220818e-01
1740 3.516242e-06 2.510012e-02
1741 1.577068e-11 1.330462e-03
1742 4.485964e-08 1.709880e-03
1743 1.983191e-08 4.123925e-03
1744 2.578647e-08 2.078466e-03
1745 3.374778e-10 2.243337e-03
1746 1.171010e-07 8.583397e-03
1747 4.632332e-07 2.369505e-02
1748 2.432368e-05 1.265343e-02
1749 5.111788e-07 7.037696e-03
1750 1.209436e-06 8.834291e-03
1751 4.090904e-08 4.100609e-03
1752 2.191679e-08 7.635385e-03
1753 2.882149e-05 1.105227e-01
1754 9.326328e-04 5.152274e-01
1755 2.306938e-03 4.663590e-01
1756 1.112884e-06 2.006709e-02
1757 7.164386e-05 8.351233e-02
1758 2.456920e-03 7.947623e-01
1759 2.982241e-04 1.771565e-01
1760 5.987408e-04 3.238133e-01
1761 2.105508e-03 7.715456e-01
1762 1.274605e-03 7.924379e-01
1763 1.080128e-04 2.148701e-01
1764 9.653204e-05 2.896516e-02
1765 9.583089e-05 4.896940e-02
1766 1.424163e-03 3.160771e-01
1767 1.179619e-04 7.341350e-02
1768 1.269155e-05 3.660162e-02
1769 3.480395e-04 1.616513e-01
1770 2.183215e-03 2.205459e-01
1771 2.016925e-05 1.252239e-01
1772 2.594374e-08 4.458115e-03
1773 3.032852e-03 2.135888e+00
1774 1.010316e-03 3.647888e-01
1775 2.394514e-03 1.311362e+00
1776 6.271611e-04 2.621214e-01
1777 3.589788e-05 5.979768e-02
1778 5.547561e-04 7.201663e-01
1779 4.622193e-04 1.059736e-01
1780 2.781275e-05 7.311079e-02
1781 4.606351e-05 3.772468e-02
1782 7.569871e-05 3.876815e-02
1783 4.422440e-03 8.883664e-01
1784 2.145365e-04 8.327260e-02
1785 8.052152e-05 1.086552e-01
1786 2.830302e-04 4.195927e-02
1787 1.676298e-04 1.127693e-01
1788 1.399984e-03 4.004076e-01
1789 8.637040e-04 1.857390e-01
1790 1.797229e-05 2.039377e-02
1791 9.499758e-05 1.681871e-01
1792 1.395637e-03 3.142649e-01
1793 4.013897e-04 9.985246e-02
1794 3.468555e-04 4.127122e-02
1795 9.916328e-05 4.113133e-02
1796 1.355219e-04 1.210539e-01
1797 1.947796e-04 1.155647e-01
1798 1.957349e-05 5.030135e-02
1799 3.706688e-06 1.604878e-02
1800 1.547568e-04 2.155976e-01
1801 8.688600e-05 4.662387e-02
1802 5.089486e-03 7.477408e-01
1803 1.938308e-03 3.167033e-01
1804 2.774169e-04 3.011483e-01
1805 1.056325e-04 9.827588e-02
1806 3.138727e-05 7.331809e-02
1807 4.578344e-05 3.573451e-02
1808 5.446372e-04 3.148656e-01
1809 3.840853e-06 2.356778e-02
1810 8.832940e-08 9.320021e-03
1811 3.370923e-07 1.305705e-02
1812 4.911447e-05 2.528700e-02
1813 4.915393e-06 1.051090e-02
1814 9.033920e-08 2.086496e-02
1815 4.634871e-06 7.444722e-02
1816 3.880336e-06 3.058584e-02
1817 1.388140e-04 1.007050e-01
1818 1.240749e-06 4.658835e-02
1819 2.489444e-03 7.598058e-01
1820 4.555568e-04 1.652852e-01
1821 2.009562e-05 3.102184e-02
1822 1.749356e-06 2.100745e-02
1823 1.919281e-06 4.867046e-02
1824 1.322481e-03 9.951472e-02
1825 2.457325e-03 4.718087e-01
1826 7.806126e-04 1.227081e-01
1827 2.880221e-06 1.253326e-02
1828 3.057320e-06 1.819876e-02
1829 1.465615e-06 1.702525e-02
1830 1.688079e-03 1.183239e+00
1831 2.337742e-06 9.505531e-03
1832 6.110178e-04 5.226147e-02
1833 4.817363e-08 1.114202e-02
1834 2.287794e-05 2.430289e-02
1835 1.407355e-08 8.520478e-03
1836 4.577021e-06 6.806521e-03
1837 1.780992e-03 2.943175e-01
1838 4.962077e-05 3.668312e-02
1839 1.307257e-05 4.678509e-02
1840 3.510256e-05 8.630757e-02
1841 6.325118e-05 5.232207e-02
1842 4.476834e-06 2.234779e-02
1843 2.974795e-06 1.888129e-02
1844 3.372218e-06 2.152812e-02
1845 2.724732e-04 2.971925e-02
1846 1.471800e-06 7.338604e-03
1847 4.161594e-05 1.688299e-02
1848 1.555456e-06 1.287292e-02
1849 3.788230e-06 1.535731e-02
1850 3.086865e-06 1.000234e-02
1851 8.470781e-06 6.108689e-03
1852 8.634426e-07 4.834182e-03
1853 3.910004e-06 4.845620e-03
1854 2.592629e-04 1.129100e-01
1855 4.479704e-06 2.985317e-02
1856 1.120442e-04 1.081342e-01
1857 6.924761e-04 2.264918e-01
1858 1.151529e-04 1.129639e-01
1859 1.010036e-05 5.792756e-03
1860 1.680674e-03 1.359085e-01
1861 1.286569e-08 7.876231e-03
1862 4.942600e-06 9.867366e-03
1863 3.597651e-06 2.645163e-02
1864 1.691576e-03 1.899583e-01
1865 6.355801e-04 8.891487e-02
1866 1.377435e-05 5.033716e-02
1867 1.162454e-06 1.202888e-02
1868 1.106557e-08 9.838477e-03
1869 3.670274e-08 6.760680e-03
1870 3.796354e-07 1.601894e-02
1871 6.136025e-04 3.792416e-01
1872 2.331350e-04 2.560603e-01
1873 1.474188e-04 3.400508e-02
1874 3.409018e-05 9.924316e-02
1875 9.223154e-04 1.921215e-01
1876 5.415670e-05 1.290501e-02
1877 3.282053e-05 3.925058e-02
1878 3.608146e-05 1.060910e-02
1879 1.270108e-05 3.745094e-02
1880 2.154514e-05 2.226038e-02
1881 3.625905e-04 3.257755e-01
1882 4.897688e-06 6.488093e-02
1883 7.642631e-07 4.446228e-02
1884 8.368235e-05 8.905937e-02
1885 1.148786e-05 3.879181e-02
1886 3.764599e-05 1.158840e-01
1887 3.524011e-06 8.651549e-03
1888 4.836445e-07 1.632202e-02
1889 1.135397e-07 7.994783e-03
1890 1.205098e-09 5.479514e-03
1891 1.850613e-07 5.623194e-03
1892 1.063446e-06 6.037185e-03
1893 9.226516e-09 2.192657e-02
1894 4.093599e-05 6.280762e-02
1895 6.211407e-05 3.610505e-02
1896 3.703871e-07 5.055860e-03
1897 3.586063e-08 3.676144e-03
1898 1.456836e-06 3.900857e-03
1899 5.504745e-05 2.219810e-02
1900 2.314119e-05 2.377652e-02
1901 8.800056e-10 1.743918e-03
1902 2.124461e-03 3.756775e-01
1903 9.431839e-04 3.978167e-01
1904 2.312953e-04 4.431557e-02
1905 1.346906e-03 1.983405e-01
1906 3.151705e-03 7.183073e-01
1907 1.552789e-07 7.407418e-03
1908 2.481961e-06 8.202147e-03
1909 4.096179e-07 5.449385e-03
1910 5.600386e-04 4.479113e-02
1911 2.379880e-06 1.200303e-02
1912 9.342189e-05 7.837203e-02
1913 2.360638e-04 7.843819e-02
1914 1.132329e-03 1.989376e-01
1915 3.419981e-03 8.086014e-01
1916 1.269303e-03 2.879222e-01
1917 2.806617e-04 2.005039e-01
1918 5.347794e-04 2.119724e-01
1919 1.423766e-03 3.592506e-01
1920 3.726169e-05 7.178830e-02
1921 2.555311e-05 4.628726e-02
1922 3.918543e-04 2.311726e-01
1923 5.440242e-04 1.643442e-01
1924 7.356832e-04 4.073752e-01
1925 1.485420e-05 7.542794e-02
1926 7.919934e-06 2.499482e-02
1927 2.680810e-04 1.543131e-01
1928 3.090873e-04 3.578858e-01
1929 4.820171e-05 6.352138e-02
1930 3.003330e-07 6.088294e-03
1931 2.130069e-07 3.883893e-02
1932 4.003023e-07 2.589933e-02
1933 3.051826e-04 6.832021e-02
1934 9.908837e-07 7.607062e-03
1935 1.649900e-05 6.604007e-02
1936 7.480982e-06 2.253054e-02
1937 8.541604e-04 1.393783e-01
1938 5.586353e-04 1.666099e-01
1939 1.675933e-04 8.591984e-02
1940 9.758514e-05 1.018804e-01
1941 3.850326e-07 7.987742e-03
1942 1.847361e-04 1.747945e-01
1943 7.795467e-05 1.290989e-01
1944 1.930479e-05 3.748713e-02
1945 1.495327e-05 1.387528e-02
1946 1.164596e-04 1.412087e-01
1947 1.319595e-04 2.579531e-02
1948 1.688752e-03 1.675564e-01
1949 3.345188e-03 7.328022e-01
1950 2.721129e-03 2.687980e-01
1951 8.380803e-04 3.565595e-01
1952 4.734317e-05 1.501326e-01
1953 2.272724e-05 2.631160e-02
1954 2.654284e-05 1.837084e-02
1955 7.663257e-04 6.855405e-01
1956 6.070847e-04 4.755461e-01
1957 2.521104e-03 8.026051e-01
1958 8.016283e-04 4.925947e-01
1959 6.111541e-09 7.319652e-03
1960 9.521921e-06 1.859881e-02
1961 5.096248e-11 2.938943e-03
1962 3.249010e-08 7.222998e-03
1963 7.441741e-10 2.056917e-03
1964 2.493509e-09 3.510073e-03
1965 3.041211e-04 4.664284e-02
1966 2.993743e-06 1.208142e-02
1967 5.306781e-04 2.653976e-01
1968 8.379109e-05 2.585407e-02
1969 1.806440e-05 2.122423e-02
1970 3.150722e-06 9.691196e-03
1971 1.708087e-05 2.632641e-02
1972 6.987982e-08 7.142031e-03
1973 9.516212e-04 2.699393e-01
1974 1.044522e-05 4.098695e-02
1975 2.402294e-06 1.709413e-02
1976 3.480666e-05 3.335790e-02
1977 1.595644e-03 2.845265e-01
1978 8.770037e-05 7.077857e-02
1979 4.985865e-04 9.638598e-02
1980 4.556656e-04 1.137114e-01
1981 5.870091e-04 8.990872e-02
1982 3.385398e-04 1.659138e-01
1983 3.821485e-03 6.839949e-01
1984 1.275478e-04 9.792677e-02
1985 7.858386e-05 2.341316e-01
1986 8.582046e-05 8.829884e-02
1987 1.542210e-03 9.365825e-01
1988 1.940923e-05 5.375966e-02
1989 8.252890e-05 5.396901e-02
1990 4.434083e-04 2.313084e-01
1991 1.584251e-06 1.450282e-02
1992 9.023525e-05 5.941499e-02
1993 2.174046e-03 2.928218e-01
1994 7.812262e-04 8.119046e-02
1995 5.864961e-05 7.722591e-02
1996 5.825563e-04 7.542551e-02
1997 5.418277e-03 8.295777e-01
1998 4.815466e-04 2.630638e-01
1999 3.322582e-03 4.013551e-01
2000 1.030320e-03 2.136323e-01
