1 2.749295e-03 9.246924e-01
2 7.805938e-07 2.048146e-02
3 6.681924e-06 2.973657e-03
4 3.930340e-08 1.865687e-03
5 1.676023e-07 2.627974e-03
6 9.453788e-04 4.976235e-01
7 3.379506e-06 1.399506e-02
8 1.281160e-07 4.268414e-02
9 6.599948e-10 2.383806e-03
10 2.841132e-05 9.324534e-02
11 1.770466e-08 5.168638e-03
12 3.276074e-10 1.231074e-03
13 7.692704e-05 2.321677e-01
14 6.339716e-08 7.640138e-03
15 1.973025e-08 3.081622e-03
16 8.380566e-05 2.683413e-02
17 8.337812e-08 1.935239e-03
18 1.317648e-03 3.439610e-01
19 5.608892e-06 8.191816e-03
20 3.273011e-11 1.022714e-03
21 2.364929e-03 1.075546e+00
22 1.061555e-06 5.825586e-03
23 9.143757e-05 3.597200e-02
24 2.430256e-03 3.972481e-01
25 4.837312e-04 2.539850e-01
26 1.818802e-06 4.657057e-03
27 5.393844e-05 2.420063e-02
28 1.258239e-07 3.633349e-03
29 2.460026e-03 6.438349e-01
30 1.071613e-03 7.452054e-01
31 1.411184e-04 2.748828e-01
32 3.438881e-04 2.727673e-02
33 3.752939e-08 1.230797e-03
34 1.051644e-08 1.156500e-03
35 2.770849e-08 3.141469e-03
36 1.756773e-03 5.827671e-01
37 2.121599e-04 1.066661e-01
38 2.837273e-07 8.873681e-03
39 1.887515e-09 1.949557e-03
40 8.545090e-07 3.562031e-03
41 6.894453e-06 2.394891e-02
42 3.988209e-08 5.032682e-03
43 5.887651e-04 3.847761e-01
44 1.096128e-04 8.085433e-02
45 3.915356e-04 1.411513e-01
46 3.068937e-05 1.189236e-02
47 1.876595e-05 2.771113e-01
48 2.130425e-04 1.201813e-01
49 1.167096e-05 1.029524e-02
50 2.183695e-03 8.552005e-01
51 8.518264e-07 1.197755e-02
52 3.104606e-06 2.420926e-02
53 7.133397e-05 1.095655e-02
54 2.832804e-07 9.958210e-03
55 3.989595e-07 5.130604e-03
56 6.088308e-06 9.179267e-03
57 2.008895e-07 1.459863e-02
58 9.115450e-04 2.251687e-01
59 8.377001e-04 7.388813e-02
60 5.737352e-10 1.410641e-03
61 2.025757e-03 1.087589e+00
62 1.504269e-05 3.403561e-02
63 1.255571e-08 1.922805e-03
64 9.784209e-09 4.167399e-03
65 2.554961e-05 4.485669e-02
66 2.780134e-07 4.617610e-03
67 2.473562e-07 7.364041e-03
68 5.877024e-06 8.334951e-03
69 1.658157e-07 1.428791e-03
70 2.942137e-09 1.343107e-03
71 1.009066e-03 2.794546e-01
72 9.914169e-06 1.973512e-02
73 2.783652e-08 4.150155e-03
74 1.024857e-04 1.956711e-01
75 9.473239e-06 1.123899e-02
76 3.588142e-07 2.862485e-03
77 3.359285e-05 3.917105e-02
78 2.322495e-03 3.520180e-01
79 9.538199e-04 2.702944e-01
80 7.310483e-07 2.855856e-03
81 1.373189e-07 1.636507e-03
82 2.250421e-05 5.985279e-03
83 8.404930e-05 2.766760e-02
84 3.755692e-08 1.876095e-03
85 4.319637e-04 1.456486e-01
86 7.077623e-06 7.361944e-03
87 7.990697e-08 2.827439e-03
88 6.126275e-08 1.705630e-03
89 5.136743e-06 2.291325e-02
90 4.103473e-04 2.678309e-01
91 2.412348e-03 3.211821e-01
92 3.330645e-03 9.812534e-01
93 7.241185e-06 1.428365e-02
94 6.681453e-07 4.158945e-03
95 1.823321e-03 9.333511e-01
96 2.148901e-04 2.018057e-02
97 1.221602e-08 3.515167e-02
98 1.717923e-07 3.492479e-03
99 8.088916e-05 2.397577e-02
100 4.878680e-03 1.625655e+00
101 3.370723e-06 4.991050e-03
102 1.031583e-06 1.506968e-02
103 3.436697e-04 4.506141e-01
104 2.041080e-05 4.312034e-02
105 2.704310e-05 6.701668e-02
106 1.256028e-07 8.993292e-03
107 4.436456e-08 2.880083e-03
108 1.980111e-06 1.922830e-02
109 2.765206e-07 5.132711e-03
110 2.801343e-06 1.174694e-02
111 1.352947e-03 6.810729e-01
112 1.239138e-04 1.194332e-01
113 2.507380e-03 8.279980e-01
114 1.000677e-03 5.133722e-01
115 8.965475e-04 1.776698e-01
116 1.742323e-03 3.536529e-01
117 7.951658e-04 2.136077e-01
118 3.341885e-03 6.862797e-01
119 4.552795e-10 4.547731e-03
120 2.429282e-10 3.640475e-03
121 7.165009e-08 1.149821e-02
122 1.744258e-08 1.886229e-03
123 1.699862e-06 6.025398e-03
124 7.845591e-06 1.384571e-02
125 1.310915e-09 3.999699e-03
126 1.267209e-06 6.140858e-03
127 1.202284e-07 9.666714e-03
128 9.060652e-07 7.875795e-03
129 3.914919e-08 4.473262e-03
130 2.510790e-08 3.977859e-03
131 4.067069e-08 5.909594e-03
132 2.458027e-07 4.682898e-03
133 1.336990e-07 7.679451e-03
134 1.806830e-05 2.290812e-02
135 3.540614e-08 4.541081e-03
136 2.500208e-07 4.108464e-03
137 7.950013e-06 1.277808e-02
138 1.532455e-08 9.367046e-03
139 2.798037e-07 8.734417e-03
140 8.105438e-08 5.188967e-03
141 6.413826e-09 3.030480e-03
142 8.591479e-08 3.131250e-03
143 1.963151e-07 6.945654e-03
144 3.425791e-08 8.570290e-03
145 1.636270e-09 4.700458e-03
146 8.539788e-08 6.132196e-03
147 8.414936e-08 6.328736e-03
148 1.152926e-08 7.990497e-03
149 1.030992e-07 4.302669e-03
150 3.426964e-09 3.988058e-03
151 5.436231e-07 1.010249e-02
152 2.622096e-07 5.969372e-03
153 5.984187e-08 2.988726e-03
154 3.164545e-08 3.766469e-03
155 9.609024e-09 3.024216e-03
156 1.111618e-07 3.880541e-03
157 7.143323e-08 4.040313e-03
158 7.440278e-07 4.781088e-03
159 2.096620e-07 5.920577e-03
160 7.398376e-08 5.187926e-03
161 3.335242e-08 3.134086e-03
162 1.891353e-09 3.003854e-03
163 6.390767e-09 3.081531e-03
164 5.123890e-10 1.642607e-03
165 8.477484e-10 1.682296e-03
166 6.866274e-11 1.657500e-03
167 1.850951e-09 2.937835e-03
168 8.288037e-08 3.315998e-03
169 5.217532e-07 6.148849e-03
170 9.186239e-11 1.639729e-03
171 1.262693e-08 3.422645e-03
172 4.402223e-09 3.219636e-03
173 4.618336e-10 1.619426e-03
174 1.775576e-09 3.087997e-03
175 8.250049e-09 3.095122e-03
176 1.800991e-09 2.999265e-03
177 5.419500e-10 1.656908e-03
178 6.146984e-08 2.303710e-03
179 5.056397e-10 1.614966e-03
180 4.230583e-09 3.096083e-03
181 2.546107e-10 2.125482e-03
182 1.147277e-09 3.398049e-03
183 1.404488e-10 1.196611e-03
184 8.824859e-11 1.614902e-03
185 6.344784e-10 1.233321e-03
186 3.017856e-09 2.180089e-03
187 1.540324e-10 1.906955e-03
188 5.613255e-11 1.592574e-03
189 6.992705e-11 1.134013e-03
190 1.750011e-10 1.208931e-03
191 2.842759e-05 2.193670e-02
192 3.164051e-06 4.324294e-03
193 3.064762e-04 6.314986e-02
194 2.055044e-04 6.036203e-02
195 4.716065e-06 7.091722e-03
196 1.649936e-05 1.839687e-02
197 2.020358e-04 9.247110e-02
198 1.007954e-06 6.646492e-03
199 4.823177e-06 1.486992e-02
200 1.168074e-06 1.086919e-02
201 6.494591e-05 2.205227e-02
202 1.413225e-05 2.396626e-02
203 7.139677e-08 3.530934e-03
204 3.688995e-06 6.797836e-03
205 6.991205e-07 8.655521e-03
206 1.215635e-07 3.906676e-03
207 2.050549e-07 9.674432e-03
208 7.221871e-09 3.468714e-03
209 2.083155e-07 8.241624e-03
210 1.405360e-07 4.836245e-03
211 2.450319e-08 2.423210e-03
212 1.714132e-04 6.163241e-02
213 3.833688e-08 2.474830e-03
214 1.124355e-08 4.267406e-03
215 2.272917e-06 5.234040e-03
216 7.317542e-07 8.268358e-03
217 5.953345e-08 2.124349e-03
218 4.466447e-06 2.711093e-02
219 2.598380e-05 2.121797e-02
220 1.106159e-08 3.566123e-03
221 6.422865e-08 4.002780e-03
222 4.286858e-08 7.094532e-03
223 3.784149e-07 9.811025e-03
224 3.960478e-09 3.044993e-03
225 2.668616e-07 5.511771e-03
226 1.144373e-07 3.692898e-03
227 1.011900e-07 4.290385e-03
228 7.822043e-08 5.063823e-03
229 5.377019e-06 1.541545e-02
230 4.013899e-06 8.099235e-03
231 1.991622e-06 6.871024e-03
232 3.639012e-07 5.122007e-03
233 3.824807e-07 6.206245e-03
234 1.771294e-06 5.103914e-03
235 1.892351e-08 4.504430e-03
236 1.391889e-06 5.137498e-03
237 8.149468e-09 3.368898e-03
238 2.909168e-07 5.744404e-03
239 2.733416e-08 3.549437e-03
240 8.149669e-08 3.164341e-03
241 6.394283e-07 4.134789e-03
242 5.115094e-07 5.067824e-03
243 4.509016e-08 3.175835e-03
244 1.565192e-07 4.711327e-03
245 1.832815e-07 4.996112e-03
246 1.238709e-07 3.842495e-03
247 4.702134e-07 4.959990e-03
248 1.358472e-07 2.675723e-03
249 5.431017e-06 8.113173e-03
250 4.642426e-07 4.210722e-03
251 2.213291e-07 2.918117e-03
252 1.794393e-06 7.117379e-03
253 1.467449e-08 3.335520e-03
254 6.262414e-08 4.828805e-03
255 1.284457e-06 6.601957e-03
256 8.111342e-08 2.743481e-03
257 1.097201e-07 3.448684e-03
258 6.751384e-06 7.838605e-03
259 3.443592e-05 1.815654e-02
260 8.962574e-06 1.614237e-02
261 1.330524e-05 1.594419e-02
262 2.856360e-07 6.691750e-03
263 7.449971e-06 9.666829e-03
264 1.712705e-06 2.084596e-02
265 2.472644e-07 7.263530e-03
266 7.860175e-06 2.086585e-02
267 8.614584e-06 4.659430e-02
268 3.787563e-07 2.087725e-02
269 4.660088e-07 3.193348e-02
270 2.391363e-08 4.406869e-03
271 4.714789e-07 7.455627e-03
272 4.244822e-08 6.856898e-03
273 5.758325e-08 4.481453e-03
274 4.180729e-07 5.739859e-03
275 5.373578e-08 8.640815e-03
276 7.193730e-06 3.807475e-02
277 2.788993e-08 3.485002e-03
278 3.817098e-08 2.706627e-03
279 8.636788e-07 1.660190e-02
280 1.541841e-07 6.129281e-03
281 1.640456e-07 8.679415e-03
282 1.006872e-06 1.279814e-02
283 1.044406e-07 3.424480e-03
284 1.081672e-06 9.453767e-03
285 4.134144e-05 3.305500e-02
286 2.195019e-05 4.296463e-02
287 1.579456e-06 7.428916e-03
288 2.511026e-06 1.515855e-02
289 2.193937e-05 4.842906e-02
290 3.334300e-05 7.006316e-02
291 1.210597e-06 8.423738e-03
292 9.694209e-06 2.055753e-02
293 2.552087e-06 1.898964e-02
294 5.995552e-06 2.888867e-02
295 4.176969e-06 1.877305e-02
296 1.158360e-03 1.732475e-01
297 3.219486e-03 7.764908e-01
298 3.517219e-05 4.391250e-02
299 2.686132e-07 4.602259e-03
300 2.294308e-08 4.600471e-03
301 1.561765e-03 2.146022e-01
302 2.391554e-07 5.126328e-03
303 8.648678e-08 3.114570e-03
304 9.671696e-09 2.281530e-03
305 8.275982e-09 2.666583e-03
306 7.940391e-10 2.689705e-03
307 1.269568e-10 2.646539e-03
308 1.989979e-10 2.581891e-03
309 1.830796e-06 6.278244e-03
310 3.591314e-10 3.223234e-03
311 3.172565e-11 2.653569e-03
312 6.753469e-08 2.248737e-03
313 9.274108e-11 2.542542e-03
314 9.229082e-11 2.549019e-03
315 1.488103e-11 2.676365e-03
316 2.545135e-09 2.822390e-03
317 6.030372e-11 1.929808e-03
318 1.679765e-10 1.947584e-03
319 3.561040e-08 2.285541e-03
320 2.542268e-11 2.507136e-03
321 3.915957e-11 1.426055e-03
322 1.251017e-04 8.000999e-02
323 1.611860e-05 9.928422e-02
324 2.110455e-08 9.486592e-03
325 6.256003e-06 1.481623e-02
326 3.592467e-08 3.486676e-03
327 4.756205e-07 2.383239e-02
328 1.165458e-06 9.783627e-03
329 1.172657e-04 9.461138e-02
330 7.434090e-04 5.872368e-01
331 3.161163e-06 3.415895e-02
332 4.390015e-04 2.189745e-01
333 1.617852e-07 5.086077e-03
334 1.567988e-06 1.445639e-02
335 1.222972e-08 8.353707e-03
336 1.403838e-07 1.556372e-02
337 1.197569e-04 8.676682e-02
338 1.690944e-05 2.232627e-02
339 1.977439e-03 3.783273e-01
340 4.338388e-06 6.676745e-03
341 2.525797e-06 6.695539e-03
342 1.474669e-05 1.988992e-02
343 1.371132e-05 4.356653e-02
344 3.012126e-07 3.962445e-03
345 5.654582e-06 8.137407e-03
346 1.833729e-07 2.540732e-03
347 8.272191e-08 2.966561e-03
348 7.583829e-06 1.064281e-02
349 3.699204e-06 1.115730e-02
350 2.089046e-08 3.254313e-03
351 2.111037e-08 2.854687e-03
352 2.129479e-06 2.993155e-03
353 7.212521e-06 7.689350e-03
354 1.789019e-06 4.509132e-03
355 1.152971e-06 4.723773e-03
356 6.061729e-08 2.360211e-03
357 1.605802e-05 1.170037e-02
358 5.429525e-06 2.515532e-02
359 2.991600e-06 7.179117e-03
360 8.160451e-07 6.200160e-03
361 2.807786e-05 4.436315e-02
362 8.444346e-08 2.453064e-03
363 1.544405e-08 3.362497e-03
364 2.129479e-06 2.993155e-03
365 5.062346e-05 2.919914e-02
366 1.292474e-05 1.038684e-02
367 5.038990e-06 1.071113e-02
368 3.699204e-06 1.115730e-02
369 4.790792e-05 8.748581e-02
370 1.452510e-06 1.398538e-02
371 8.824191e-07 1.968578e-02
372 1.753524e-03 9.847176e-01
373 8.081416e-05 1.756409e-01
374 2.163526e-03 8.602897e-01
375 1.209532e-05 2.478394e-02
376 7.009546e-04 2.536336e-01
377 2.522871e-06 9.271366e-03
378 7.167089e-05 3.094512e-02
379 2.027542e-06 9.009915e-03
380 2.577335e-05 1.314344e-02
381 4.168905e-08 1.911809e-03
382 3.635905e-07 1.010780e-02
383 2.880832e-08 1.823538e-03
384 2.199640e-06 8.062990e-03
385 5.508006e-09 4.590507e-03
386 1.040854e-06 6.516022e-03
387 9.457806e-06 1.565146e-02
388 7.027650e-09 2.769833e-03
389 9.782429e-07 6.287157e-03
390 2.233727e-06 4.846342e-03
391 1.897110e-05 3.259838e-02
392 4.739258e-05 1.889596e-02
393 8.088327e-06 1.586054e-02
394 3.243214e-07 3.008652e-03
395 1.101456e-06 8.334893e-03
396 6.483512e-05 3.752781e-02
397 3.211513e-05 1.668348e-02
398 7.089146e-05 3.476794e-02
399 1.631443e-05 1.044917e-02
400 4.622613e-05 3.852588e-02
401 1.361540e-05 8.522385e-03
402 1.273410e-06 7.000104e-03
403 2.556979e-06 9.180264e-03
404 2.760685e-05 1.586722e-02
405 5.676583e-06 1.120875e-02
406 1.131964e-06 8.842923e-03
407 5.659640e-07 4.551723e-03
408 1.047738e-05 9.911820e-03
409 6.579424e-03 5.549913e-01
410 3.232740e-05 2.020898e-02
411 3.202725e-05 1.821558e-02
412 4.891514e-04 6.120148e-02
413 1.965446e-06 8.064357e-03
414 4.833632e-06 9.634655e-03
415 3.656366e-06 5.916035e-03
416 1.657858e-06 6.707478e-03
417 3.669607e-06 9.740106e-03
418 6.824789e-04 1.189493e-01
419 4.000114e-04 1.633519e-01
420 6.069004e-04 6.807941e-02
421 9.841212e-06 2.115488e-02
422 1.414291e-05 3.087735e-02
423 6.306987e-04 9.318043e-02
424 8.867351e-04 2.359134e-01
425 8.474719e-04 1.164450e-01
426 3.129121e-05 4.631675e-02
427 2.170019e-03 2.145573e-01
428 1.301027e-04 3.790314e-02
429 8.556226e-05 3.041067e-02
430 2.667019e-04 4.330362e-02
431 4.320748e-04 6.714583e-02
432 6.250742e-05 2.675016e-02
433 4.254048e-05 2.288703e-02
434 2.128161e-04 4.436936e-02
435 5.073511e-05 5.033294e-02
436 3.170143e-04 3.830200e-02
437 1.454750e-04 3.865927e-02
438 3.846762e-05 2.762413e-02
439 1.903103e-03 3.197461e-01
440 1.849811e-04 2.751757e-02
441 1.011403e-04 1.946545e-02
442 5.473513e-04 8.380908e-02
443 3.220660e-05 2.485451e-02
444 1.662807e-03 4.114745e-01
445 4.783634e-04 2.031635e-01
446 3.374008e-11 9.154243e-04
447 1.142381e-11 1.224538e-03
448 2.566373e-12 9.088608e-04
449 1.120087e-11 9.125941e-04
450 1.311322e-11 9.935041e-04
451 6.333008e-09 1.782169e-03
452 6.289068e-11 1.227390e-03
453 3.082466e-09 1.122125e-03
454 6.252910e-11 1.245290e-03
455 9.520959e-10 1.251094e-03
456 8.266800e-12 1.031946e-03
457 1.980951e-13 9.244452e-04
458 3.004079e-10 1.233124e-03
459 6.212779e-07 1.452183e-02
460 2.280109e-10 2.593573e-03
461 1.026705e-11 1.054475e-03
462 1.111367e-09 2.965541e-03
463 8.937703e-10 1.127607e-03
464 3.195426e-10 1.328797e-03
465 4.999337e-11 1.151012e-03
466 1.455770e-10 1.381001e-03
467 3.344247e-11 1.082766e-03
468 2.273714e-11 1.091935e-03
469 2.979808e-10 1.325865e-03
470 1.499845e-10 1.754951e-03
471 6.404623e-11 1.218721e-03
472 2.487259e-11 1.118994e-03
473 1.451722e-10 1.318776e-03
474 2.232705e-11 1.048071e-03
475 7.768872e-10 1.316106e-03
476 2.953457e-09 1.412493e-03
477 4.166794e-07 3.201521e-03
478 2.202127e-06 7.773754e-03
479 2.704749e-09 1.574699e-03
480 7.992387e-10 2.067297e-03
481 3.795285e-10 1.858991e-03
482 5.866282e-10 2.108236e-03
483 3.464468e-10 2.060969e-03
484 2.131891e-08 2.118965e-03
485 7.853676e-10 1.759911e-03
486 4.748376e-06 1.384740e-02
487 3.002499e-09 1.487417e-03
488 4.398359e-07 9.392780e-03
489 2.189053e-03 4.201264e-01
490 3.301998e-06 6.976022e-03
491 2.854993e-06 8.823352e-03
492 2.044667e-06 5.762875e-03
493 1.548478e-06 6.730808e-03
494 1.022535e-08 6.449926e-03
495 6.591889e-08 4.940366e-03
496 1.179480e-04 3.047318e-02
497 1.899702e-05 4.536980e-02
498 3.516587e-06 8.065473e-03
499 4.380115e-08 7.822917e-03
500 3.151767e-08 5.140195e-03
501 4.300644e-06 8.948228e-03
502 8.666661e-04 2.710723e-01
503 1.160072e-05 1.003965e-02
504 1.375564e-05 1.051143e-02
505 2.187406e-06 7.169718e-03
506 8.122505e-05 3.544216e-02
507 2.906238e-05 2.902823e-02
508 6.861991e-06 1.272058e-02
509 2.133722e-07 8.601608e-03
510 6.364036e-06 1.185788e-02
511 1.287990e-06 6.176228e-03
512 7.334131e-07 8.185901e-03
513 3.442005e-06 8.018944e-03
514 3.732409e-03 9.108274e-01
515 4.255244e-07 6.961434e-03
516 1.829017e-07 6.850824e-03
517 2.237814e-06 1.383153e-02
518 1.939566e-07 6.899407e-03
519 4.845501e-06 2.321910e-02
520 2.412419e-06 1.857325e-02
521 5.156142e-05 2.900998e-02
522 7.107535e-05 2.675189e-02
523 3.310699e-05 2.641296e-02
524 9.755212e-07 1.305518e-02
525 3.886290e-06 8.100706e-03
526 1.016330e-05 2.367738e-02
527 2.110772e-06 9.793639e-03
528 2.906953e-07 5.978835e-03
529 5.942204e-06 1.747398e-02
530 5.358790e-07 5.130063e-03
531 1.497876e-06 7.253122e-03
532 4.320084e-06 1.863377e-02
533 2.031416e-06 1.245872e-02
534 6.564018e-07 1.142028e-02
535 3.446684e-06 1.227131e-02
536 4.102751e-05 3.859901e-02
537 7.333424e-06 2.470744e-02
538 1.345872e-06 1.254932e-02
539 3.591776e-05 2.497444e-02
540 9.138403e-06 2.250768e-02
541 1.391917e-05 2.496911e-02
542 1.570998e-03 2.262611e-01
543 3.954927e-06 1.894575e-02
544 1.639418e-06 7.432827e-03
545 1.019182e-06 7.411099e-03
546 1.699311e-06 6.022035e-03
547 4.052741e-10 2.494609e-03
548 6.866992e-09 3.022689e-03
549 9.171245e-09 1.590396e-03
550 6.842115e-07 5.568548e-03
551 1.584216e-07 2.640500e-03
552 1.776526e-06 1.884210e-02
553 7.577443e-06 3.212356e-02
554 4.974027e-06 9.142277e-03
555 3.078176e-06 1.182845e-02
556 1.563374e-07 3.009884e-03
557 5.626903e-08 3.775949e-03
558 3.944606e-06 1.185290e-02
559 1.777511e-08 2.469322e-03
560 2.001182e-07 3.977702e-03
561 2.547020e-07 3.153712e-03
562 1.183092e-07 3.403731e-03
563 7.287061e-08 4.788022e-03
564 4.847448e-08 3.252427e-03
565 7.456552e-07 1.434595e-02
566 1.735193e-06 5.687855e-03
567 9.232238e-05 8.074100e-02
568 1.064543e-04 2.241681e-02
569 2.747145e-04 7.569956e-02
570 1.601629e-05 1.385813e-02
571 1.855006e-05 8.678305e-03
572 2.067023e-04 2.885668e-02
573 6.612991e-06 7.045426e-03
574 1.172215e-04 3.053489e-02
575 2.547451e-05 8.541235e-03
576 4.230400e-05 1.633511e-02
577 7.481353e-06 1.215715e-02
578 2.899693e-06 9.820135e-03
579 2.263867e-03 7.147731e-01
580 6.879971e-05 2.889353e-02
581 5.009814e-06 4.976075e-03
582 1.767919e-04 5.783850e-02
583 2.015743e-05 1.056774e-02
584 2.242644e-05 1.496547e-02
585 8.099403e-05 7.332433e-02
586 8.492873e-07 1.268800e-02
587 2.770071e-06 1.320086e-02
588 9.471082e-07 1.017996e-02
589 4.707511e-07 2.612649e-03
590 1.893911e-03 3.920460e-01
591 7.713861e-04 1.348228e-01
592 3.350054e-07 6.344945e-03
593 1.849535e-05 1.701236e-02
594 1.632419e-04 3.097644e-02
595 4.980839e-08 6.659483e-03
596 2.285088e-03 1.002560e+00
597 4.237263e-11 1.912639e-03
598 4.320759e-09 1.969035e-03
599 2.852789e-09 1.938449e-03
600 5.286238e-09 2.062393e-03
601 1.665023e-08 3.033748e-03
602 1.728670e-09 2.563943e-03
603 4.615626e-09 3.254198e-03
604 1.316063e-10 1.931491e-03
605 1.039059e-08 2.078498e-03
606 1.720584e-10 1.932130e-03
607 1.106228e-10 1.777690e-03
608 3.287278e-10 2.031252e-03
609 6.414832e-06 1.286028e-02
610 4.427591e-07 4.320014e-03
611 6.044501e-04 2.939563e-01
612 2.041652e-06 2.564424e-02
613 5.185157e-06 1.887985e-02
614 4.226765e-06 2.631261e-02
615 5.089792e-07 1.033168e-02
616 1.574617e-09 3.281065e-03
617 1.021513e-05 1.295711e-02
618 2.095086e-08 4.232294e-03
619 4.636481e-08 5.031833e-03
620 1.696926e-08 5.447574e-03
621 1.570241e-04 6.624698e-02
622 1.893785e-08 5.943444e-03
623 8.593327e-09 7.249273e-03
624 2.043826e-07 6.024645e-03
625 1.050194e-07 4.556488e-03
626 3.362635e-03 6.551898e-01
627 7.446261e-07 5.006069e-03
628 2.824259e-07 1.266665e-02
629 7.603407e-05 6.116260e-02
630 5.463981e-05 3.690601e-02
631 4.137907e-05 2.756198e-02
632 4.558290e-06 3.863899e-02
633 1.054504e-08 6.070114e-03
634 1.859534e-07 5.296066e-03
635 1.724445e-07 5.171489e-03
636 1.082570e-07 7.256200e-03
637 9.648412e-07 1.365529e-02
638 2.027683e-08 8.794190e-03
639 5.646748e-07 1.531370e-02
640 6.382519e-08 4.769762e-03
641 2.964257e-08 5.576834e-03
642 5.520263e-08 6.946811e-03
643 2.783832e-06 3.487153e-02
644 1.588768e-06 6.310364e-03
645 1.062955e-06 1.247289e-02
646 2.057709e-07 1.907202e-02
647 6.139868e-07 7.612126e-03
648 6.909855e-06 2.654411e-02
649 1.468459e-07 1.060123e-02
650 1.091055e-07 5.740384e-03
651 2.339250e-08 6.388844e-03
652 1.257009e-07 7.578583e-03
653 1.524396e-03 3.976747e-01
654 3.079257e-04 8.266844e-02
655 1.487372e-08 2.904864e-03
656 4.491822e-05 3.114305e-02
657 2.368660e-03 6.227137e-01
658 1.529958e-05 2.494467e-02
659 2.700310e-07 1.340190e-02
660 1.324644e-06 1.388434e-02
661 3.189227e-06 3.497272e-02
662 1.021973e-04 2.286121e-01
663 9.487603e-07 1.397227e-02
664 4.042390e-06 1.451902e-02
665 1.184162e-06 1.666897e-02
666 9.462402e-06 3.157856e-02
667 2.461621e-05 1.871864e-02
668 2.548741e-07 7.029926e-03
669 2.549924e-06 2.989932e-02
670 1.260485e-04 4.464543e-02
671 3.484555e-05 4.002826e-02
672 1.944083e-07 6.951270e-03
673 4.606026e-05 1.695845e-01
674 1.694171e-06 7.398078e-03
675 1.105215e-03 2.148091e-01
676 3.181226e-07 1.669376e-02
677 1.628368e-04 3.875697e-02
678 5.077723e-08 8.049979e-03
679 4.167513e-04 1.212271e-01
680 6.184496e-08 3.443468e-03
681 2.702018e-06 1.331867e-02
682 3.324395e-03 8.577642e-01
683 4.648854e-07 1.570013e-02
684 1.502435e-03 2.933689e-01
685 1.492226e-07 8.803370e-03
686 1.326411e-03 3.453834e-01
687 1.751738e-06 7.832781e-03
688 1.108240e-07 8.263364e-03
689 1.744992e-07 9.022291e-03
690 3.549661e-06 1.441470e-02
691 5.047394e-07 1.517293e-02
692 3.454715e-07 1.185041e-02
693 9.669684e-07 9.353160e-03
694 8.355332e-06 5.815541e-03
695 1.393016e-05 9.384708e-03
696 5.765216e-04 1.271902e-01
697 1.139038e-05 8.145348e-02
698 3.701354e-04 1.780255e-01
699 2.496894e-06 1.668061e-02
700 2.556750e-04 3.366709e-02
701 1.501869e-06 9.381987e-03
702 2.216702e-05 1.590982e-02
703 1.553039e-06 7.246663e-03
704 4.285050e-04 4.710378e-02
705 7.801217e-05 1.618035e-02
706 3.594309e-05 1.535833e-02
707 2.828213e-05 9.620113e-03
708 6.201715e-04 5.115788e-01
709 4.833200e-06 2.434565e-02
710 1.913000e-03 1.424767e-01
711 9.403440e-05 9.522496e-02
712 1.959247e-05 3.991615e-02
713 1.192942e-05 3.587688e-02
714 7.837145e-06 2.001741e-02
715 1.360443e-07 6.483872e-03
716 2.946635e-06 1.804063e-02
717 3.951943e-05 3.174953e-02
718 2.330349e-05 1.280711e-02
719 9.860257e-06 1.203530e-02
720 2.980570e-05 1.997326e-02
721 3.344980e-04 4.842706e-02
722 9.912877e-05 3.583489e-02
723 1.595756e-04 9.024710e-02
724 7.076104e-07 6.871763e-03
725 2.582477e-06 7.250864e-03
726 5.008468e-06 1.218322e-02
727 6.139206e-04 4.503411e-01
728 2.664116e-07 1.271097e-02
729 7.001271e-06 1.404697e-02
730 4.565476e-06 1.781804e-02
731 4.166867e-06 6.743804e-03
732 1.585252e-05 8.422486e-03
733 1.510011e-06 1.037343e-02
734 1.047628e-05 1.464916e-02
735 2.455575e-05 1.410645e-02
736 3.476883e-06 1.988043e-02
737 1.387219e-03 3.404608e-01
738 2.104697e-05 5.214578e-02
739 1.565178e-05 1.156482e-02
740 2.472579e-05 1.417373e-02
741 6.183531e-06 1.012016e-02
742 8.765388e-05 6.244357e-02
743 6.408565e-05 2.090547e-02
744 1.557709e-04 3.864315e-02
745 2.964906e-04 4.610678e-02
746 4.665143e-06 9.869973e-03
747 3.687004e-05 1.333448e-02
748 1.234832e-07 6.035178e-03
749 7.538207e-07 2.861654e-02
750 8.515154e-05 6.724447e-02
751 2.003958e-07 8.191901e-03
752 3.894257e-07 1.135136e-02
753 1.080614e-03 2.966307e-01
754 4.166847e-05 2.007700e-02
755 1.069559e-04 7.377316e-02
756 2.451155e-07 1.078122e-02
757 2.310937e-04 9.171073e-02
758 4.292651e-07 5.462697e-03
759 1.845509e-05 3.174711e-02
760 5.335401e-04 2.337995e-01
761 6.242213e-04 1.729879e-01
762 6.840989e-07 9.879467e-03
763 1.117275e-06 1.171814e-02
764 3.662756e-06 1.084192e-02
765 7.312075e-04 3.673652e-01
766 3.922413e-04 5.864399e-01
767 6.374474e-04 2.957331e-01
768 1.337023e-03 3.937880e-01
769 1.784467e-07 1.123958e-02
770 1.707319e-07 5.032655e-03
771 2.657785e-07 4.886806e-03
772 3.509147e-07 4.741934e-03
773 6.933401e-05 1.353217e-01
774 7.412041e-07 6.571742e-03
775 4.833393e-06 1.144554e-02
776 6.234229e-07 5.697400e-03
777 9.226403e-08 1.022862e-02
778 3.665162e-04 1.419767e-01
779 7.369752e-08 8.938279e-03
780 1.072252e-06 6.304419e-03
781 2.337472e-08 5.345043e-03
782 4.887468e-08 2.402556e-03
783 2.982920e-08 3.590999e-03
784 2.599351e-06 1.849985e-02
785 8.612583e-06 1.342376e-02
786 2.649183e-06 7.980470e-03
787 8.021757e-07 9.505300e-03
788 1.046628e-07 1.146608e-02
789 1.479663e-07 8.421547e-03
790 9.779928e-05 1.003911e-01
791 3.195906e-07 4.317049e-03
792 1.385070e-07 1.031254e-02
793 6.541927e-06 1.374108e-02
794 3.453469e-04 2.524518e-01
795 1.629701e-05 1.696872e-02
796 5.949402e-07 6.011052e-03
797 2.016397e-05 9.265677e-02
798 2.290729e-07 7.386454e-03
799 1.812864e-04 9.716764e-02
800 3.554608e-06 1.870003e-02
801 1.073220e-06 1.082256e-02
802 1.837249e-04 1.375095e-01
803 4.615701e-04 4.773907e-01
804 2.385296e-07 1.071257e-02
805 4.957514e-05 5.294588e-02
806 5.410154e-05 1.316452e-01
807 2.935824e-05 5.277748e-02
808 1.883229e-07 5.937335e-03
809 6.554665e-07 2.376091e-02
810 1.239569e-08 2.326018e-03
811 1.169295e-05 1.660750e-02
812 1.094249e-07 4.276931e-03
813 3.166898e-05 3.804863e-02
814 2.239024e-06 1.363479e-02
815 7.561509e-07 1.594103e-02
816 8.884925e-04 2.900333e-01
817 5.896557e-05 9.779737e-02
818 7.530373e-08 9.980214e-03
819 2.242305e-06 1.294821e-02
820 2.990791e-06 3.721038e-02
821 6.736512e-06 4.142098e-02
822 2.454413e-06 3.362899e-02
823 1.911355e-05 1.177282e-01
824 1.952110e-03 6.920903e-01
825 2.335185e-03 6.299827e-01
826 3.265966e-04 3.483037e-01
827 7.078069e-04 1.532686e-01
828 7.661496e-04 7.210682e-01
829 4.077615e-03 6.741064e-01
830 1.683511e-05 1.166185e-02
831 2.802074e-07 4.716347e-03
832 3.728409e-07 5.160491e-03
833 1.739170e-06 1.095827e-02
834 5.363191e-06 6.587587e-03
835 1.910078e-06 6.778382e-03
836 2.123461e-06 4.889673e-03
837 1.514634e-06 9.378235e-03
838 1.374877e-05 7.825181e-03
839 3.534611e-07 4.993827e-03
840 7.492768e-06 1.848610e-02
841 1.149696e-06 7.178430e-03
842 7.667246e-07 8.568296e-03
843 3.341617e-07 9.802566e-03
844 3.167635e-06 1.963386e-02
845 8.652070e-05 3.910334e-02
846 9.054108e-05 6.444405e-02
847 4.278245e-06 8.072150e-03
848 2.813732e-06 1.359395e-02
849 1.740516e-04 5.597168e-02
850 7.879904e-07 6.162391e-03
851 1.718510e-05 6.636270e-02
852 9.532968e-08 6.360941e-03
853 3.899004e-05 1.648252e-02
854 4.757443e-07 5.854946e-03
855 1.187526e-05 1.707245e-02
856 4.199039e-09 1.482329e-03
857 1.101568e-08 1.302345e-03
858 1.596596e-08 2.049176e-03
859 3.541855e-09 1.499035e-03
860 2.320876e-05 1.234336e-01
861 1.574115e-07 6.849299e-03
862 4.775990e-08 1.590758e-03
863 1.229255e-08 1.539298e-03
864 5.007562e-09 1.393741e-03
865 1.945531e-08 1.573516e-03
866 2.093479e-08 2.066003e-03
867 1.441596e-07 1.717724e-03
868 1.384193e-09 1.362918e-03
869 3.908680e-09 1.626977e-03
870 1.277351e-08 1.532296e-03
871 1.736018e-09 1.393944e-03
872 1.856206e-08 1.880009e-03
873 1.767872e-08 1.417614e-03
874 1.580931e-08 1.403995e-03
875 1.291705e-03 2.150439e-01
876 1.331146e-09 1.443945e-03
877 2.000756e-08 1.456067e-03
878 1.458590e-08 1.900411e-03
879 6.606299e-09 1.352457e-03
880 1.010731e-08 1.371164e-03
881 1.216526e-09 1.397907e-03
882 4.771804e-08 1.820662e-03
883 2.731241e-08 1.759714e-03
884 6.038326e-08 1.475719e-03
885 1.483414e-08 1.567061e-03
886 8.902670e-07 6.573688e-03
887 8.895401e-06 9.002659e-03
888 6.020651e-07 1.152514e-02
889 2.445234e-04 8.714308e-02
890 5.474896e-07 1.984889e-02
891 8.262659e-05 8.991770e-02
892 6.610886e-04 1.359203e-01
893 1.071557e-06 5.630307e-03
894 1.372893e-06 3.688172e-03
895 3.638214e-06 8.365913e-03
896 2.485345e-06 1.482221e-02
897 1.855337e-03 7.016995e-01
898 5.451038e-06 1.896188e-02
899 1.288483e-04 7.685961e-02
900 5.648404e-06 8.569672e-03
901 4.227256e-05 7.572023e-03
902 3.834694e-06 9.032068e-03
903 3.891791e-07 6.129031e-03
904 2.072898e-04 1.102547e-01
905 2.740980e-06 2.001348e-02
906 2.762010e-05 4.908870e-02
907 2.335187e-03 8.790797e-01
908 5.586280e-08 2.759675e-03
909 1.271230e-06 3.143253e-03
910 4.029874e-08 1.576646e-03
911 4.253891e-05 6.902867e-03
912 7.008706e-07 5.043482e-03
913 7.578887e-08 1.721444e-03
914 2.457519e-07 4.906673e-03
915 3.207093e-06 3.598742e-03
916 6.428113e-04 1.240698e-01
917 1.157612e-07 2.127631e-03
918 4.703911e-08 1.781859e-03
919 2.799479e-08 1.393589e-03
920 6.249533e-07 2.520954e-03
921 2.677891e-09 1.059876e-03
922 1.133241e-07 1.427018e-03
923 2.517865e-04 6.799709e-02
924 7.151075e-06 1.724858e-02
925 1.894893e-07 1.065650e-03
926 3.680698e-06 1.450176e-02
927 7.102111e-08 1.324329e-03
928 3.614597e-06 4.046742e-03
929 1.509516e-05 1.025414e-02
930 2.996995e-07 3.648288e-03
931 1.000308e-06 3.791504e-03
932 5.611996e-09 1.484524e-03
933 2.012800e-07 1.822473e-03
934 7.664621e-06 1.163867e-02
935 3.386123e-07 1.856576e-03
936 2.841170e-08 1.194228e-03
937 6.402069e-07 2.927520e-03
938 1.977439e-07 1.791104e-03
939 3.134311e-06 3.475911e-03
940 4.694256e-06 6.408188e-03
941 8.472742e-07 5.550684e-03
942 1.227159e-07 1.625025e-03
943 1.199552e-06 2.174150e-03
944 1.116920e-04 6.486804e-03
945 7.881916e-08 2.263391e-03
946 7.597422e-06 6.242359e-03
947 1.854962e-06 3.142740e-02
948 3.456502e-07 6.920422e-03
949 6.901436e-07 1.055594e-02
950 7.723581e-08 7.912464e-03
951 3.205830e-07 1.591912e-02
952 4.799083e-05 1.698555e-02
953 6.669931e-08 8.944039e-03
954 3.299002e-08 3.084728e-03
955 7.958546e-06 3.673235e-02
956 3.287638e-09 3.053629e-03
957 2.859524e-08 8.409164e-03
958 7.981430e-08 6.808245e-03
959 3.732523e-05 4.863429e-02
960 3.695373e-07 1.908915e-02
961 4.248250e-07 9.778525e-03
962 7.022792e-07 1.266791e-02
963 1.620217e-08 3.842159e-03
964 8.769711e-06 4.056593e-02
965 3.459996e-08 5.409944e-03
966 5.237391e-05 1.079751e-01
967 1.595714e-05 5.649383e-02
968 2.616881e-07 4.735254e-03
969 2.170362e-07 8.087940e-03
970 3.560304e-07 1.673387e-02
971 4.827562e-07 3.100432e-03
972 1.238832e-06 7.490248e-03
973 8.825734e-08 9.417748e-03
974 2.899690e-08 3.277888e-03
975 2.208653e-06 6.926386e-03
976 1.038762e-03 2.039596e-01
977 8.309722e-06 6.912483e-03
978 5.218849e-05 1.565238e-02
979 5.599033e-07 2.820722e-03
980 4.585904e-08 1.232221e-03
981 2.594427e-07 4.091040e-03
982 2.714850e-06 7.937870e-03
983 1.258625e-06 3.737777e-03
984 1.122658e-05 9.546223e-03
985 2.755418e-06 3.974042e-03
986 4.862321e-06 4.031241e-03
987 5.259071e-08 1.269912e-03
988 4.114146e-07 2.499231e-03
989 1.320200e-05 8.653243e-03
990 8.530867e-07 3.750981e-03
991 5.312236e-06 6.947197e-03
992 6.975583e-07 2.316380e-03
993 2.984460e-07 2.438201e-03
994 1.020201e-07 2.147833e-03
995 5.611610e-06 3.563000e-03
996 1.074675e-06 3.169444e-03
997 3.162844e-04 8.084482e-02
998 6.719989e-06 5.888192e-03
999 5.755106e-06 4.527925e-03
1000 3.746212e-07 1.882309e-03
1001 6.510361e-08 1.573078e-03
1002 6.340504e-06 5.665492e-03
1003 4.958516e-08 1.778244e-03
1004 5.994414e-06 5.044363e-03
1005 1.546475e-07 2.911070e-03
1006 1.729907e-05 1.148165e-02
1007 6.705421e-08 2.923979e-03
1008 1.496803e-05 6.929025e-03
1009 6.119823e-08 4.057405e-03
1010 7.402722e-08 2.854113e-03
1011 2.917477e-07 3.690284e-03
1012 1.876836e-06 3.674810e-03
1013 1.954653e-08 2.066468e-03
1014 1.373378e-07 3.426639e-03
1015 7.516856e-09 2.130680e-03
1016 4.051504e-06 2.922247e-03
1017 6.071708e-07 1.772061e-03
1018 3.835072e-07 2.882532e-03
1019 4.872564e-08 4.398914e-03
1020 3.927396e-08 1.748110e-03
1021 1.220374e-05 6.698444e-03
1022 2.422681e-08 1.165328e-03
1023 1.143317e-06 2.027907e-03
1024 3.149445e-08 1.398333e-03
1025 1.034155e-06 2.364129e-03
1026 9.066379e-04 7.676751e-01
1027 1.550807e-04 1.044357e-01
1028 1.060803e-04 7.210182e-02
1029 6.393381e-05 9.361497e-02
1030 5.161880e-04 2.981427e-01
1031 1.893239e-03 4.595482e-01
1032 1.537542e-06 7.787221e-03
1033 1.533968e-05 1.847978e-02
1034 1.282396e-04 2.292799e-01
1035 2.056848e-06 4.417291e-03
1036 1.570575e-06 9.622537e-03
1037 1.977293e-05 2.798892e-02
1038 1.123832e-06 3.030867e-03
1039 4.368894e-06 1.568038e-02
1040 3.125934e-06 9.152978e-03
1041 8.235310e-06 2.556775e-02
1042 1.934080e-07 1.082040e-02
1043 7.139932e-06 1.593026e-02
1044 1.135818e-07 1.705386e-02
1045 5.833735e-07 7.549517e-03
1046 2.317103e-04 5.547222e-02
1047 6.020302e-04 1.472485e-01
1048 5.835467e-04 6.230023e-02
1049 3.575585e-06 8.828179e-03
1050 1.864303e-03 4.185786e-01
1051 9.661832e-04 2.376779e-01
1052 2.682980e-09 1.227097e-03
1053 8.132423e-09 1.821222e-03
1054 2.815677e-04 6.325549e-02
1055 2.286744e-10 1.556022e-03
1056 2.546999e-09 4.672972e-03
1057 1.995143e-08 2.138944e-03
1058 3.855563e-08 2.024468e-03
1059 1.319507e-10 1.031694e-03
1060 3.701523e-11 9.550847e-04
1061 2.554121e-06 2.970269e-03
1062 8.704844e-10 1.812570e-03
1063 8.765191e-08 3.805905e-03
1064 1.231407e-03 1.413456e-01
1065 9.000259e-06 1.614752e-02
1066 4.996163e-10 1.577848e-03
1067 3.324600e-10 1.439743e-03
1068 4.327381e-11 1.465209e-03
1069 1.741553e-10 1.614056e-03
1070 1.435124e-07 1.408163e-02
1071 3.889767e-07 5.295344e-03
1072 7.271075e-07 3.295455e-03
1073 1.820112e-06 1.930798e-02
1074 2.717582e-09 1.055176e-03
1075 2.887342e-06 2.592900e-02
1076 2.511373e-06 5.972785e-03
1077 9.140486e-06 1.609437e-02
1078 1.193189e-09 1.632434e-03
1079 2.357427e-07 5.815090e-03
1080 8.315007e-08 1.578636e-03
1081 7.919209e-11 1.460185e-03
1082 9.763224e-10 1.485681e-03
1083 1.766274e-08 1.828703e-03
1084 4.386961e-10 1.228468e-03
1085 2.299906e-08 4.319046e-03
1086 9.343527e-10 1.239950e-03
1087 8.567562e-10 1.369592e-03
1088 6.304393e-10 4.681262e-03
1089 2.261560e-09 1.234548e-03
1090 2.412180e-10 1.195609e-03
1091 1.502427e-09 1.229125e-03
1092 6.512852e-04 5.585860e-01
1093 7.784953e-08 1.876642e-02
1094 9.120433e-08 1.384218e-02
1095 5.715697e-09 1.692746e-03
1096 2.332151e-10 1.481491e-03
1097 9.745490e-09 4.826138e-03
1098 1.464119e-06 7.832699e-03
1099 8.699228e-08 3.258211e-03
1100 5.135692e-08 2.806903e-03
1101 4.609577e-06 4.977002e-03
1102 1.934434e-08 3.180870e-03
1103 5.439631e-08 2.753109e-03
1104 2.866520e-05 6.857398e-02
1105 4.241155e-09 1.530015e-03
1106 5.560446e-10 2.235577e-03
1107 8.201446e-10 3.128484e-03
1108 1.406941e-08 1.737250e-03
1109 1.543392e-09 2.022592e-03
1110 7.436515e-08 4.732128e-03
1111 2.161952e-09 3.955401e-03
1112 8.692992e-06 3.967305e-02
1113 1.977088e-06 1.737122e-02
1114 1.579096e-08 2.056584e-03
1115 1.921551e-05 3.466915e-02
1116 1.678385e-10 1.479009e-03
1117 1.491896e-08 1.610815e-03
1118 7.972716e-07 6.653465e-03
1119 3.151848e-06 2.369293e-02
1120 2.229212e-07 4.044033e-03
1121 4.809423e-07 6.841344e-03
1122 6.502379e-07 4.094200e-03
1123 1.457226e-07 2.482449e-03
1124 3.717174e-07 3.783883e-03
1125 1.052862e-06 4.700415e-03
1126 1.241924e-06 5.106621e-03
1127 2.194106e-07 3.874983e-03
1128 7.732037e-07 4.578449e-03
1129 5.107201e-07 3.295125e-03
1130 3.990154e-06 5.054763e-03
1131 1.287724e-04 6.219828e-02
1132 2.529027e-04 2.137184e-01
1133 6.829438e-06 4.397736e-02
1134 4.496546e-07 9.163398e-03
1135 5.059746e-07 2.420408e-03
1136 1.345306e-06 4.809683e-03
1137 8.257390e-07 5.497279e-03
1138 2.358022e-05 1.419495e-02
1139 7.745716e-08 5.254873e-03
1140 2.368070e-04 2.548338e-01
1141 2.710377e-05 3.671708e-02
1142 2.280731e-06 9.335110e-03
1143 3.976212e-07 6.777062e-03
1144 3.264246e-06 3.729811e-02
1145 9.548405e-08 9.205779e-03
1146 1.012699e-04 8.479108e-02
1147 5.005905e-06 4.387362e-02
1148 4.384913e-05 2.230120e-02
1149 7.840876e-06 1.216134e-02
1150 5.249065e-06 1.161466e-02
1151 7.972414e-05 2.275404e-02
1152 2.985717e-06 6.349684e-03
1153 3.424915e-07 4.800683e-03
1154 5.019553e-05 1.207322e-02
1155 4.277760e-05 2.645996e-02
1156 6.875724e-05 4.007605e-02
1157 4.205768e-04 6.983715e-02
1158 2.801547e-06 1.513510e-02
1159 6.482920e-04 1.890948e-01
1160 1.906693e-05 1.159721e-02
1161 2.178339e-06 7.525587e-03
1162 1.277867e-04 4.937713e-02
1163 9.949077e-04 2.632476e-01
1164 8.048930e-05 2.634386e-02
1165 1.490179e-04 2.230009e-02
1166 1.094828e-04 4.969057e-02
1167 1.107044e-04 3.811931e-02
1168 1.725163e-04 2.975886e-02
1169 2.314444e-04 4.845128e-02
1170 1.102944e-04 3.824744e-02
1171 1.530218e-05 8.966966e-03
1172 8.801090e-06 2.597181e-02
1173 8.020523e-04 2.695380e-01
1174 1.876974e-04 2.120985e-01
1175 1.242889e-05 3.885539e-02
1176 3.755264e-03 1.978797e+00
1177 3.141538e-07 3.107379e-03
1178 1.541273e-04 3.299656e-02
1179 9.145014e-06 2.393584e-02
1180 1.680242e-04 1.032816e-01
1181 4.615329e-05 2.304692e-02
1182 2.137127e-04 6.642590e-02
1183 9.169834e-05 3.042713e-02
1184 1.773585e-03 1.605723e-01
1185 4.281699e-04 1.949985e-01
1186 9.818702e-05 2.985909e-02
1187 2.540213e-06 9.417749e-03
1188 3.660666e-06 1.042684e-02
1189 1.453046e-04 4.297182e-02
1190 5.551360e-04 2.603478e-01
1191 1.066123e-04 3.668281e-02
1192 1.195512e-04 1.016124e-01
1193 9.118716e-05 4.328889e-02
1194 2.888119e-04 1.964508e-01
1195 1.512408e-04 6.489725e-02
1196 6.639798e-04 1.794545e-01
1197 4.467293e-04 6.862811e-02
1198 2.014905e-05 2.871837e-02
1199 3.297251e-04 6.590217e-02
1200 2.032423e-04 1.854337e-01
1201 1.057164e-05 2.782700e-02
1202 6.106127e-06 1.636259e-02
1203 9.471193e-05 4.462434e-02
1204 1.273505e-04 8.167885e-02
1205 4.022599e-08 4.861236e-03
1206 2.576695e-06 1.817439e-02
1207 8.420510e-08 3.644147e-03
1208 1.880432e-04 1.067848e-01
1209 2.363248e-06 8.952291e-03
1210 4.123366e-08 8.344901e-03
1211 6.560258e-08 3.595188e-03
1212 1.350650e-05 5.571613e-03
1213 1.279798e-06 7.495954e-03
1214 5.687162e-06 9.124203e-03
1215 4.918737e-07 3.469529e-02
1216 1.130629e-09 4.242184e-03
1217 2.229465e-04 2.655608e-01
1218 1.105025e-06 6.738603e-03
1219 6.589570e-08 1.283324e-03
1220 1.138523e-07 3.400756e-03
1221 2.007667e-06 8.423885e-03
1222 1.889002e-03 3.228379e-01
1223 2.807914e-07 2.066368e-03
1224 1.297109e-06 2.226474e-03
1225 1.913527e-04 6.640261e-02
1226 4.670665e-09 2.309852e-03
1227 1.803080e-03 4.441854e-01
1228 7.952767e-06 1.077559e-02
1229 7.786730e-09 1.268838e-03
1230 1.000278e-06 2.656585e-03
1231 9.384988e-07 1.818073e-03
1232 1.864042e-08 2.022114e-03
1233 1.403671e-07 2.248946e-03
1234 2.525015e-05 5.246807e-03
1235 8.825974e-08 2.555578e-03
1236 7.542891e-07 2.951023e-03
1237 8.733244e-06 3.992133e-03
1238 6.981206e-06 4.309831e-03
1239 2.135600e-07 2.326201e-03
1240 5.826360e-04 8.383532e-01
1241 1.075450e-05 5.869232e-03
1242 1.177168e-05 4.584419e-03
1243 9.291831e-07 4.225063e-03
1244 3.524311e-06 4.089601e-03
1245 1.627655e-06 2.897333e-03
1246 1.663389e-06 2.860459e-03
1247 1.535009e-04 2.386611e-02
1248 1.367473e-05 4.623498e-02
1249 1.068967e-06 1.099677e-02
1250 6.377360e-05 2.479166e-02
1251 1.187433e-05 1.934882e-02
1252 4.678050e-06 1.716194e-02
1253 8.153846e-07 1.511617e-02
1254 2.998125e-06 8.395018e-03
1255 1.207205e-03 3.994463e-01
1256 1.076886e-05 9.019373e-03
1257 2.875607e-03 1.123273e+00
1258 9.817673e-05 8.846526e-02
1259 3.695982e-04 2.475282e-01
1260 2.669093e-04 3.517416e-02
1261 7.014759e-09 1.847432e-03
1262 2.703354e-03 2.903084e-01
1263 7.294275e-07 5.492848e-03
1264 1.745839e-04 8.452401e-02
1265 2.492292e-06 3.328149e-03
1266 9.145632e-08 6.919871e-03
1267 1.427342e-08 1.942343e-03
1268 5.004207e-06 7.215189e-03
1269 1.008345e-04 6.585659e-02
1270 1.060146e-04 8.072507e-02
1271 5.096129e-06 1.111309e-02
1272 6.194848e-07 3.310618e-03
1273 1.424935e-06 6.682916e-03
1274 1.523720e-05 2.168700e-02
1275 2.123506e-04 9.031697e-02
1276 2.332724e-04 1.147402e-01
1277 1.116231e-05 1.234148e-01
1278 4.446686e-04 2.022542e-01
1279 1.390883e-06 5.923591e-03
1280 2.810597e-07 7.386158e-03
1281 1.259724e-07 8.539993e-03
1282 1.200483e-06 1.547982e-02
1283 1.606973e-06 1.303719e-02
1284 7.138300e-04 2.655580e-01
1285 2.779360e-05 3.482587e-02
1286 1.817290e-04 1.328024e-01
1287 6.503922e-08 7.190127e-03
1288 1.312381e-05 1.224240e-01
1289 4.054036e-05 1.424807e-01
1290 4.872466e-09 1.825169e-03
1291 1.945092e-05 8.110662e-02
1292 1.883474e-06 1.585637e-02
1293 1.142199e-04 2.082961e-01
1294 1.965391e-07 2.433874e-03
1295 8.769208e-06 1.786071e-02
1296 4.754337e-05 2.088581e-02
1297 4.959503e-04 4.148944e-01
1298 3.155243e-04 1.928423e-01
1299 3.609141e-05 2.137685e-02
1300 1.202086e-03 4.325610e-01
1301 4.867352e-06 4.686914e-03
1302 4.597120e-07 3.767634e-03
1303 1.556048e-04 3.592122e-02
1304 1.061028e-04 5.195482e-02
1305 8.959757e-04 1.219618e-01
1306 5.949603e-04 4.680783e-02
1307 2.177661e-03 2.336359e-01
1308 3.632500e-06 1.037528e-02
1309 1.672159e-03 3.235424e-01
1310 1.316884e-03 4.210720e-01
1311 9.207386e-04 1.794134e-01
1312 2.401189e-03 1.056182e+00
1313 9.370027e-07 4.941569e-03
1314 6.626959e-05 4.666997e-02
1315 3.035481e-07 6.023627e-03
1316 4.573411e-09 4.991468e-03
1317 1.189489e-08 3.431936e-03
1318 1.176526e-07 2.006010e-03
1319 1.660993e-08 2.520938e-03
1320 4.116972e-07 4.478064e-03
1321 5.434726e-08 4.118242e-03
1322 4.449551e-09 1.540446e-03
1323 1.184202e-06 1.495761e-02
1324 4.112364e-06 3.246205e-03
1325 6.280154e-07 6.782067e-03
1326 3.588000e-06 8.261862e-03
1327 7.152993e-07 1.020197e-02
1328 4.981400e-06 7.345010e-03
1329 1.461769e-10 2.764874e-03
1330 1.551647e-06 9.807551e-03
1331 2.271941e-04 1.614479e-01
1332 3.073288e-04 2.331185e-01
1333 1.172523e-05 3.287427e-02
1334 4.096619e-07 2.101073e-02
1335 1.149120e-04 2.892028e-02
1336 2.339974e-05 1.041354e-02
1337 2.943319e-05 6.063089e-03
1338 7.148049e-05 3.165039e-02
1339 9.493529e-06 2.903558e-02
1340 2.577136e-06 1.022590e-02
1341 2.230357e-05 8.486288e-03
1342 4.713335e-08 1.657826e-03
1343 3.815624e-03 5.325235e-01
1344 5.420637e-08 5.162076e-03
1345 2.057584e-03 3.764724e-01
1346 7.831725e-04 8.145787e-02
1347 1.690297e-04 9.138993e-02
1348 8.310108e-05 2.824614e-02
1349 1.205150e-06 1.327165e-02
1350 1.775904e-03 6.968600e-01
1351 1.730952e-03 3.336381e-01
1352 1.115114e-03 4.007987e-01
1353 4.968628e-09 3.320820e-03
1354 8.632199e-08 3.135114e-03
1355 1.305641e-04 4.022168e-02
1356 1.391710e-06 4.586977e-03
1357 3.275462e-07 5.432624e-03
1358 1.974531e-03 3.750772e-01
1359 1.062570e-06 2.568196e-02
1360 7.232376e-06 5.466895e-03
1361 2.200804e-05 1.406395e-02
1362 1.786973e-06 3.762923e-03
1363 1.988426e-09 1.349149e-03
1364 3.788714e-08 1.291576e-03
1365 1.345223e-08 1.907733e-03
1366 5.523314e-07 7.136134e-03
1367 1.226999e-05 3.749758e-02
1368 2.990942e-07 3.339251e-03
1369 3.218526e-08 2.315554e-03
1370 1.237185e-08 1.155987e-03
1371 3.036235e-06 2.769487e-03
1372 1.317099e-07 1.246615e-03
1373 5.078419e-08 2.050535e-03
1374 1.270625e-06 9.104802e-03
1375 4.069370e-04 2.135568e-01
1376 2.169680e-05 2.862824e-02
1377 3.663887e-04 6.793021e-02
1378 1.515672e-07 1.157614e-02
1379 2.809445e-04 1.065451e-01
1380 3.429967e-05 6.329373e-02
1381 5.569859e-07 2.252814e-02
1382 1.070277e-07 2.283325e-03
1383 5.110648e-06 7.648988e-03
1384 7.359621e-04 4.371982e-01
1385 1.689287e-05 4.174598e-02
1386 1.617715e-04 1.673677e-01
1387 2.067636e-03 5.859740e-01
1388 1.601035e-03 4.826044e-01
1389 6.381361e-06 7.932331e-03
1390 3.749241e-04 2.008877e-01
1391 7.438772e-06 1.837295e-02
1392 4.180629e-07 1.608449e-02
1393 7.015442e-07 3.076051e-03
1394 3.714416e-07 1.087551e-02
1395 2.537402e-05 4.292234e-02
1396 1.809932e-06 5.229570e-03
1397 2.768862e-07 4.607646e-03
1398 1.035231e-03 4.713437e-01
1399 1.566486e-05 1.853529e-02
1400 5.379217e-06 8.690742e-03
1401 1.669171e-04 5.975530e-02
1402 4.154192e-07 4.022967e-03
1403 1.113306e-05 4.771133e-03
1404 5.660371e-05 4.089944e-02
1405 4.438662e-08 2.190731e-03
1406 6.956245e-05 1.893996e-02
1407 1.701739e-07 2.701622e-03
1408 1.432331e-08 2.397939e-03
1409 1.655840e-04 4.715168e-02
1410 4.820211e-04 1.650701e-01
1411 1.570642e-05 1.586402e-01
1412 6.351230e-04 2.836960e-01
1413 8.892402e-07 2.472649e-03
1414 3.300900e-03 6.541400e-01
1415 1.441347e-07 3.233025e-03
1416 2.302040e-05 5.487172e-03
1417 8.963972e-05 1.039743e-02
1418 3.587183e-06 3.921093e-03
1419 4.756050e-04 1.068284e-01
1420 1.177137e-03 3.616819e-01
1421 4.257477e-04 1.522975e-01
1422 1.823596e-04 7.627506e-02
1423 1.502247e-03 4.250523e-01
1424 1.928395e-07 9.890604e-03
1425 7.772754e-04 8.380893e-01
1426 5.902740e-04 4.453585e-01
1427 8.111968e-06 4.280212e-02
1428 6.844500e-05 1.582297e-02
1429 4.670579e-06 1.126779e-02
1430 2.618395e-05 4.447666e-02
1431 3.143802e-05 4.172414e-02
1432 5.764779e-04 7.891938e-02
1433 7.498995e-08 7.797287e-03
1434 1.651468e-07 3.259284e-02
1435 3.407500e-05 6.269961e-02
1436 4.061022e-04 4.016710e-01
1437 7.639871e-07 4.757860e-03
1438 2.010700e-05 9.106261e-03
1439 1.474926e-03 9.663718e-01
1440 1.741784e-04 6.879161e-02
1441 2.912314e-03 4.842794e-01
1442 1.179500e-09 2.166460e-03
1443 1.429450e-06 5.629956e-02
1444 5.171305e-07 3.603931e-02
1445 5.105193e-06 4.708868e-02
1446 6.866894e-07 6.424589e-03
1447 2.327213e-04 3.316858e-02
1448 7.004574e-07 9.868799e-03
1449 2.439864e-04 1.194751e-01
1450 1.007689e-04 1.257659e-01
1451 7.051356e-08 1.810563e-03
1452 3.968193e-07 1.409283e-02
1453 1.140838e-06 2.020266e-03
1454 7.495638e-08 1.287357e-02
1455 8.038989e-09 4.418479e-03
1456 1.975328e-05 9.188036e-03
1457 2.993235e-08 5.410938e-03
1458 3.199619e-08 2.874784e-03
1459 2.930237e-05 8.410023e-03
1460 1.366422e-07 4.507315e-03
1461 4.339400e-08 7.680817e-03
1462 1.670478e-07 8.561591e-03
1463 1.070587e-05 3.436176e-02
1464 7.888385e-04 7.640393e-01
1465 3.857760e-04 3.902095e-01
1466 3.545245e-04 3.806246e-01
1467 1.947209e-04 4.277280e-02
1468 1.305579e-03 7.479155e-01
1469 1.375547e-03 4.500375e-01
1470 9.478048e-05 3.522547e-02
1471 9.265021e-05 1.934166e-02
1472 1.415337e-04 1.197700e-01
1473 1.416684e-08 2.958482e-03
1474 3.354605e-08 1.252659e-02
1475 6.181532e-08 4.534671e-03
1476 2.337922e-05 8.361710e-03
1477 1.621138e-03 2.921662e-01
1478 5.593136e-06 2.840149e-02
1479 4.474683e-04 1.220112e-01
1480 6.353642e-04 1.480070e-01
1481 3.396192e-06 3.426098e-02
1482 2.486785e-05 6.452223e-02
1483 1.588865e-05 1.175459e-02
1484 9.263488e-06 7.536113e-03
1485 2.275593e-05 8.105430e-03
1486 1.466480e-03 2.972079e-01
1487 7.773668e-06 1.452645e-02
1488 1.042933e-04 4.227059e-02
1489 1.614028e-04 1.161267e-02
1490 2.129119e-05 7.134308e-03
1491 1.397586e-03 2.175372e-01
1492 2.794852e-05 2.218895e-02
1493 8.450309e-07 5.378615e-03
1494 1.325653e-05 2.200297e-02
1495 5.555313e-04 3.444985e-01
1496 3.389925e-05 1.019405e-02
1497 1.579056e-04 1.121343e-01
1498 1.523863e-03 6.806196e-01
1499 1.947612e-04 5.958014e-02
1500 6.618555e-07 1.028016e-02
1501 5.421827e-04 1.463944e-01
1502 4.192937e-04 1.493996e-01
1503 1.140402e-04 3.663870e-02
1504 2.981963e-03 6.027048e-01
1505 8.496265e-06 7.096460e-02
1506 4.197856e-07 1.702094e-03
1507 1.780401e-03 2.194896e-01
1508 6.332782e-04 8.711521e-01
1509 1.859747e-06 4.349110e-03
1510 3.557820e-07 3.747993e-03
1511 1.353170e-03 2.279295e-01
1512 1.016801e-07 1.062574e-03
1513 5.043305e-07 1.732148e-02
1514 7.551819e-08 5.216181e-03
1515 5.911133e-06 1.010602e-02
1516 1.134540e-04 1.094012e-01
1517 1.676325e-06 1.726703e-02
1518 1.339212e-05 8.550690e-02
1519 1.176002e-09 1.807243e-03
1520 7.193294e-05 7.226304e-02
1521 4.715288e-08 2.450637e-03
1522 8.053081e-08 4.723428e-03
1523 1.178782e-05 7.365268e-03
1524 5.744045e-04 3.523372e-01
1525 3.712550e-05 5.310724e-02
1526 6.600319e-06 2.386171e-02
1527 2.362269e-04 8.685249e-02
1528 2.699039e-05 9.112959e-03
1529 7.035178e-05 2.668162e-02
1530 2.195652e-06 7.266535e-03
1531 3.039584e-04 1.108300e-01
1532 4.627706e-06 2.049495e-02
1533 5.302958e-05 1.130374e-01
1534 1.896433e-03 4.363270e-01
1535 1.555918e-03 5.263589e-01
1536 1.027935e-04 3.178236e-01
1537 1.993311e-07 8.412258e-03
1538 3.916207e-05 3.866554e-01
1539 1.091756e-05 2.663241e-02
1540 1.966988e-07 4.667475e-02
1541 4.687823e-04 2.452192e-01
1542 2.973325e-03 1.270024e+00
1543 1.003130e-07 5.584300e-03
1544 1.057319e-06 1.679696e-02
1545 6.078978e-09 3.642686e-03
1546 3.156690e-04 1.576288e-01
1547 2.581631e-05 3.760414e-02
1548 2.708647e-07 3.961310e-02
1549 4.607881e-09 2.624479e-03
1550 6.732865e-04 4.259298e-02
1551 1.717861e-06 1.648321e-02
1552 6.664933e-08 1.274315e-03
1553 1.113306e-07 3.198202e-03
1554 8.977965e-04 4.332844e-01
1555 1.908942e-03 3.102873e-01
1556 4.698905e-06 4.113188e-02
1557 2.963892e-04 2.346712e-01
1558 1.636974e-04 3.276211e-01
1559 1.696471e-03 3.604627e-01
1560 9.030289e-06 5.643049e-03
1561 2.160567e-04 6.579203e-02
1562 3.110738e-06 1.407805e-02
1563 2.592691e-03 1.410676e-01
1564 9.140392e-07 8.049001e-03
1565 1.762893e-04 8.084458e-02
1566 2.281864e-05 3.394159e-02
1567 6.632496e-06 7.802921e-03
1568 2.392370e-04 2.646128e-02
1569 1.290660e-04 4.487797e-02
1570 4.971073e-04 8.089556e-02
1571 1.521012e-04 6.634894e-02
1572 7.590847e-09 1.950946e-03
1573 5.613087e-04 1.991952e-01
1574 2.848538e-07 5.621454e-03
1575 8.516932e-06 2.303917e-02
1576 9.662215e-06 1.628448e-02
1577 1.530883e-04 3.411070e-01
1578 3.448467e-07 6.667448e-03
1579 1.029977e-04 2.892989e-02
1580 1.368448e-08 2.504321e-03
1581 9.533357e-06 5.806104e-03
1582 4.983931e-06 7.253235e-03
1583 5.764405e-04 1.238621e-01
1584 1.743079e-05 9.304931e-03
1585 1.005976e-03 5.195632e-01
1586 8.324592e-04 4.911472e-01
1587 9.845961e-05 1.521066e-01
1588 8.468355e-04 2.254499e-01
1589 3.027704e-04 2.141472e-01
1590 4.896981e-04 3.216095e-01
1591 7.214192e-05 6.143697e-02
1592 5.023157e-05 3.703340e-02
1593 2.229981e-04 1.363401e-01
1594 3.837909e-05 4.962189e-02
1595 4.179196e-04 3.362704e-02
1596 4.305794e-05 3.177132e-02
1597 1.588458e-04 3.740381e-02
1598 1.452631e-04 1.346341e-01
1599 1.061185e-05 4.135909e-03
1600 6.196965e-04 1.668692e-01
1601 3.746446e-06 1.578680e-03
1602 3.177691e-03 6.825805e-01
1603 1.599243e-07 2.585840e-03
1604 1.999017e-08 2.525937e-03
1605 6.139119e-04 1.127919e-01
1606 1.212697e-09 2.940776e-03
1607 5.351162e-09 1.978093e-03
1608 4.378282e-07 2.085791e-03
1609 7.662079e-04 9.056819e-02
1610 4.825179e-04 1.099771e-01
1611 4.105282e-11 1.884620e-03
1612 2.553996e-08 2.242368e-03
1613 1.072890e-05 4.203406e-03
1614 1.374246e-06 5.423367e-03
1615 8.741011e-04 2.431848e-01
1616 5.554351e-04 1.465870e-01
1617 2.265339e-04 1.803237e-01
1618 1.779313e-04 7.055058e-02
1619 5.197534e-04 6.361942e-01
1620 7.555535e-07 1.114394e-02
1621 1.099007e-04 1.400781e-01
1622 4.785198e-07 5.898585e-03
1623 2.333961e-05 5.312023e-02
1624 3.220529e-07 5.294195e-03
1625 1.088132e-08 1.697464e-03
1626 9.065938e-08 9.852227e-03
1627 9.234212e-07 6.878604e-03
1628 2.226870e-09 1.990225e-03
1629 5.002072e-04 8.286586e-02
1630 3.020110e-09 1.722708e-03
1631 5.443828e-06 1.212190e-02
1632 1.453308e-07 1.016614e-02
1633 4.643477e-05 4.810711e-02
1634 9.403241e-04 6.833220e-01
1635 1.167818e-03 4.247110e-01
1636 1.014202e-03 1.170380e+00
1637 1.945884e-04 1.487245e-01
1638 7.863606e-04 6.570986e-02
1639 3.132052e-03 9.219578e-01
1640 1.858171e-03 1.633188e-01
1641 1.177951e-03 3.498138e-01
1642 4.260542e-04 9.017923e-02
1643 4.722076e-05 5.598659e-02
1644 8.539827e-04 1.425646e-01
1645 4.854592e-08 1.657864e-03
1646 5.012072e-04 5.645513e-02
1647 8.801447e-04 3.321767e-01
1648 1.590283e-06 6.523730e-03
1649 7.920906e-05 3.195047e-02
1650 5.655640e-04 3.868044e-01
1651 7.520172e-05 4.556430e-03
1652 2.420079e-03 7.285291e-01
1653 1.691600e-03 7.042908e-01
1654 3.976177e-07 2.829345e-03
1655 5.430322e-06 8.555798e-03
1656 3.319691e-09 3.791100e-03
1657 5.071881e-08 1.273929e-03
1658 5.016618e-07 3.456832e-03
1659 1.214651e-06 1.097166e-02
1660 4.969491e-10 2.013546e-03
1661 4.574625e-04 1.281773e-01
1662 2.075777e-08 8.358622e-03
1663 4.683728e-05 7.088995e-02
1664 1.228869e-08 7.017493e-03
1665 7.358381e-04 7.948633e-02
1666 5.573862e-05 1.021640e-01
1667 3.165453e-05 6.536106e-02
1668 1.635236e-06 3.094663e-03
1669 2.084261e-06 6.432624e-03
1670 1.139798e-06 1.137625e-02
1671 9.955589e-08 4.711275e-03
1672 4.105334e-06 3.240161e-02
1673 6.232947e-05 6.818027e-02
1674 8.195017e-06 3.983962e-03
1675 1.916494e-04 3.290685e-02
1676 2.927346e-08 1.486116e-03
1677 3.277340e-05 1.986809e-02
1678 4.048911e-05 3.103747e-01
1679 6.020607e-06 1.424189e-02
1680 3.107923e-06 1.861448e-02
1681 2.864569e-04 9.150295e-02
1682 9.379323e-07 8.402931e-03
1683 1.619231e-07 1.426431e-02
1684 1.918694e-07 7.030920e-03
1685 2.439355e-10 2.228333e-03
1686 1.974314e-05 4.886104e-02
1687 1.421213e-05 2.183942e-02
1688 1.814840e-08 1.180345e-03
1689 8.484968e-06 4.558266e-02
1690 3.884436e-06 1.122611e-02
1691 1.823856e-04 7.103034e-02
1692 6.243487e-04 7.401740e-01
1693 1.336395e-03 5.931990e-01
1694 7.855244e-04 1.679867e-01
1695 4.875997e-07 9.203758e-03
1696 9.453220e-08 3.056344e-03
1697 1.872223e-08 6.227718e-03
1698 1.108242e-03 1.134341e-01
1699 5.341212e-07 1.728874e-02
1700 1.510674e-04 3.762752e-02
1701 1.438498e-06 1.059469e-02
1702 8.305505e-07 6.253793e-03
1703 9.477448e-06 1.632679e-02
1704 2.192654e-06 7.219195e-03
1705 1.311210e-03 3.906572e-01
1706 1.473882e-05 5.395553e-02
1707 1.282549e-06 3.498010e-03
1708 1.336395e-10 2.066070e-03
1709 1.480383e-10 5.400182e-03
1710 2.728125e-09 1.420023e-03
1711 4.160602e-07 1.074115e-02
1712 6.421732e-07 5.653437e-03
1713 9.075771e-08 4.479368e-03
1714 1.647555e-07 6.148167e-03
1715 1.364993e-06 4.531358e-03
1716 7.741178e-08 6.168424e-03
1717 2.073298e-09 2.196768e-03
1718 2.217884e-07 1.828053e-02
1719 1.392483e-11 1.983143e-03
1720 1.480558e-06 4.837233e-03
1721 5.647668e-09 1.542942e-03
1722 4.311165e-07 1.301109e-02
1723 4.508324e-10 1.305796e-03
1724 2.908911e-10 1.416018e-03
1725 1.357547e-07 1.939793e-03
1726 7.056878e-07 3.786178e-02
1727 3.426338e-08 1.036168e-02
1728 6.245659e-09 2.570505e-03
1729 6.592950e-06 1.422741e-02
1730 5.817599e-08 4.523451e-03
1731 2.308599e-08 4.023501e-03
1732 5.166657e-04 1.051284e-01
1733 2.725752e-04 2.570666e-01
1734 9.249617e-04 4.128154e-01
1735 7.644018e-06 7.505215e-02
1736 1.526493e-07 7.931986e-03
1737 4.464031e-06 9.190970e-03
1738 3.477768e-04 2.383661e-01
1739 1.550607e-03 2.691510e-01
1740 1.501933e-05 2.479153e-02
1741 9.598755e-11 1.330461e-03
1742 8.393828e-08 1.707140e-03
1743 8.404487e-08 4.122302e-03
1744 1.490705e-08 2.077687e-03
1745 6.639502e-10 2.243324e-03
1746 6.679823e-08 8.579709e-03
1747 8.163926e-07 2.366561e-02
1748 2.048311e-05 1.162025e-02
1749 1.460858e-06 6.999822e-03
1750 9.228898e-07 8.794143e-03
1751 7.484504e-08 4.098234e-03
1752 2.576524e-08 7.634349e-03
1753 2.261996e-05 1.092550e-01
1754 5.345476e-04 4.870821e-01
1755 1.261813e-03 4.109385e-01
1756 3.269747e-06 2.001904e-02
1757 1.435179e-04 8.118288e-02
1758 2.108133e-03 7.370665e-01
1759 5.346187e-04 1.625928e-01
1760 7.717080e-04 3.085865e-01
1761 2.726899e-03 6.942260e-01
1762 1.563404e-03 7.450773e-01
1763 1.393071e-04 2.111044e-01
1764 8.715434e-05 2.650473e-02
1765 7.746321e-05 4.638059e-02
1766 8.477950e-04 2.865049e-01
1767 2.170115e-04 6.764382e-02
1768 1.141312e-05 3.615392e-02
1769 2.922072e-04 1.538592e-01
1770 1.828470e-03 1.749198e-01
1771 2.644707e-05 1.244180e-01
1772 7.607442e-08 4.456859e-03
1773 3.981630e-03 1.996669e+00
1774 2.823133e-04 3.448409e-01
1775 1.460301e-03 1.228478e+00
1776 5.430967e-04 2.397644e-01
1777 2.779279e-05 5.861088e-02
1778 7.117803e-04 6.930341e-01
1779 2.695925e-04 9.535911e-02
1780 3.591794e-05 7.206120e-02
1781 4.055899e-05 3.634822e-02
1782 2.973640e-05 3.742885e-02
1783 3.608849e-03 7.580241e-01
1784 8.101128e-05 7.909957e-02
1785 4.414342e-05 1.069842e-01
1786 2.311957e-04 3.041043e-02
1787 2.099816e-04 1.011448e-01
1788 1.196470e-03 3.590538e-01
1789 4.960550e-04 1.678169e-01
1790 1.545270e-05 1.994796e-02
1791 8.751681e-05 1.653900e-01
1792 5.691590e-04 2.874716e-01
1793 3.489212e-04 8.144077e-02
1794 1.973392e-04 2.923905e-02
1795 5.998774e-05 3.821088e-02
1796 1.788059e-04 1.173026e-01
1797 7.792245e-05 1.110774e-01
1798 4.994181e-06 4.992563e-02
1799 6.512566e-07 1.598677e-02
1800 2.940618e-04 2.087430e-01
1801 7.005068e-05 4.434094e-02
1802 3.937309e-03 5.999542e-01
1803 1.092390e-03 2.618879e-01
1804 7.399380e-04 2.899982e-01
1805 2.873836e-04 9.280172e-02
1806 5.661095e-05 7.171549e-02
1807 1.221155e-04 3.389435e-02
1808 1.076653e-03 2.728021e-01
1809 7.427911e-06 2.338234e-02
1810 3.578955e-07 9.313913e-03
1811 4.531634e-07 1.304546e-02
1812 2.758382e-05 2.392760e-02
1813 4.123054e-06 1.036020e-02
1814 5.180489e-08 2.086249e-02
1815 3.859863e-06 7.427756e-02
1816 5.051654e-06 3.040842e-02
1817 2.545341e-04 9.355171e-02
1818 1.506525e-06 4.654219e-02
1819 3.208896e-03 6.498568e-01
1820 1.144442e-04 1.585151e-01
1821 8.363408e-05 2.968130e-02
1822 3.086677e-06 2.091477e-02
1823 3.431794e-06 4.857603e-02
1824 7.146653e-04 6.561325e-02
1825 1.976013e-03 3.813615e-01
1826 6.640517e-04 9.968747e-02
1827 2.393680e-06 1.243197e-02
1828 5.580573e-06 1.806726e-02
1829 1.778332e-06 1.697885e-02
1830 2.942625e-03 1.111116e+00
1831 3.006341e-06 9.445472e-03
1832 1.021136e-04 4.221312e-02
1833 5.720739e-08 1.114021e-02
1834 2.784657e-05 2.350151e-02
1835 7.485596e-09 8.520160e-03
1836 2.411419e-06 6.670675e-03
1837 1.494294e-03 2.374681e-01
1838 4.162628e-05 3.526929e-02
1839 7.253002e-06 4.645646e-02
1840 6.672824e-05 8.483666e-02
1841 8.314662e-05 5.039553e-02
1842 8.190951e-06 2.214397e-02
1843 1.226133e-05 1.869068e-02
1844 5.879281e-06 2.142193e-02
1845 1.023015e-04 2.449448e-02
1846 8.548784e-07 7.295405e-03
1847 2.369343e-05 1.521151e-02
1848 1.791665e-06 1.280365e-02
1849 1.978225e-06 1.525873e-02
1850 7.624206e-07 9.945418e-03
1851 4.274652e-06 5.857433e-03
1852 4.610914e-07 4.819154e-03
1853 3.046153e-06 4.730310e-03
1854 1.530100e-04 1.069007e-01
1855 8.080684e-06 2.968475e-02
1856 9.227203e-05 1.053688e-01
1857 8.746860e-04 2.038379e-01
1858 2.012012e-04 1.083145e-01
1859 1.640402e-06 5.640550e-03
1860 2.633731e-04 1.070431e-01
1861 1.018516e-08 7.875809e-03
1862 1.193602e-06 9.784091e-03
1863 2.066204e-06 2.637049e-02
1864 4.675476e-04 1.632481e-01
1865 2.202704e-04 7.898124e-02
1866 1.034965e-05 4.984667e-02
1867 8.981969e-07 1.198184e-02
1868 4.760770e-08 9.837531e-03
1869 2.155172e-07 6.758391e-03
1870 5.217581e-06 1.597729e-02
1871 7.332329e-04 3.600640e-01
1872 5.897120e-05 2.513280e-01
1873 2.901282e-04 2.619725e-02
1874 1.466557e-04 9.623978e-02
1875 1.598952e-03 1.617545e-01
1876 4.588426e-05 1.090619e-02
1877 2.126942e-04 3.541612e-02
1878 4.314065e-05 9.202466e-03
1879 3.501903e-05 3.664254e-02
1880 3.843255e-05 2.088850e-02
1881 4.312803e-04 3.144158e-01
1882 1.795874e-06 6.479101e-02
1883 1.278902e-06 4.443026e-02
1884 2.129119e-05 8.771602e-02
1885 6.488165e-06 3.843961e-02
1886 1.433245e-04 1.136002e-01
1887 4.230273e-06 8.531038e-03
1888 1.338489e-06 1.629776e-02
1889 1.325506e-07 7.989861e-03
1890 4.855883e-09 5.479455e-03
1891 4.904358e-07 5.611758e-03
1892 5.830433e-07 6.002046e-03
1893 1.144022e-08 2.192628e-02
1894 3.448060e-05 6.189468e-02
1895 7.128652e-05 3.357083e-02
1896 9.600962e-07 5.038134e-03
1897 2.916826e-08 3.675282e-03
1898 1.308109e-06 3.866642e-03
1899 6.777766e-05 2.045665e-02
1900 3.062294e-05 2.273264e-02
1901 1.157267e-09 1.743893e-03
1902 1.669320e-03 3.120190e-01
1903 4.963003e-04 3.768042e-01
1904 2.199874e-04 3.853758e-02
1905 1.167175e-03 1.556147e-01
1906 1.113017e-03 6.543045e-01
1907 5.385265e-08 7.404399e-03
1908 3.922770e-07 8.159569e-03
1909 1.453141e-07 5.439614e-03
1910 5.923920e-05 3.748457e-02
1911 5.911701e-07 1.194976e-02
1912 1.589877e-04 7.458717e-02
1913 1.308017e-04 7.198295e-02
1914 1.443881e-03 1.637400e-01
1915 1.226561e-03 7.512573e-01
1916 1.619224e-03 2.464494e-01
1917 2.218583e-04 1.925601e-01
1918 7.091766e-04 1.942670e-01
1919 7.681394e-04 3.229193e-01
1920 4.667394e-05 7.074547e-02
1921 4.579563e-05 4.496191e-02
1922 4.807823e-04 2.167272e-01
1923 6.382415e-04 1.430394e-01
1924 2.849700e-03 3.697205e-01
1925 1.681377e-05 7.471970e-02
1926 9.044272e-06 2.471022e-02
1927 7.045925e-04 1.397323e-01
1928 3.794420e-04 3.425936e-01
1929 1.302740e-04 6.056015e-02
1930 1.146044e-06 6.063417e-03
1931 5.782699e-07 3.883233e-02
1932 2.214110e-07 2.589000e-02
1933 3.745306e-04 5.865809e-02
1934 3.740026e-07 7.592997e-03
1935 1.896974e-05 6.543228e-02
1936 1.345190e-05 2.216456e-02
1937 4.790193e-04 1.224679e-01
1938 1.006057e-03 1.447834e-01
1939 6.083823e-05 8.122342e-02
1940 5.082372e-05 9.948124e-02
1941 4.518452e-07 7.977665e-03
1942 1.664294e-04 1.705540e-01
1943 1.021480e-04 1.270670e-01
1944 2.435347e-05 3.697201e-02
1945 1.870452e-05 1.332499e-02
1946 9.114639e-05 1.384717e-01
1947 4.728836e-05 2.341157e-02
1948 8.904044e-04 1.369336e-01
1949 3.941325e-03 5.925909e-01
1950 1.497654e-03 2.139563e-01
1951 6.329965e-04 3.348286e-01
1952 5.845898e-05 1.473622e-01
1953 4.224696e-05 2.547966e-02
1954 1.547017e-05 1.748056e-02
1955 9.450765e-04 6.570051e-01
1956 1.135923e-03 4.418060e-01
1957 2.076004e-03 6.819269e-01
1958 6.601013e-04 4.542230e-01
1959 1.638587e-08 7.319309e-03
1960 1.758464e-05 1.810855e-02
1961 1.375343e-10 2.938940e-03
1962 5.790618e-08 7.221651e-03
1963 2.100367e-09 2.056879e-03
1964 6.770077e-09 3.509948e-03
1965 1.083232e-04 4.021911e-02
1966 1.563963e-06 1.200457e-02
1967 9.310964e-04 2.486062e-01
1968 6.298862e-05 2.430913e-02
1969 1.329159e-05 2.079479e-02
1970 2.411069e-06 9.623230e-03
1971 2.130314e-05 2.582185e-02
1972 3.759965e-08 7.140025e-03
1973 1.199499e-03 2.385938e-01
1974 1.934243e-05 4.057868e-02
1975 8.989233e-07 1.702609e-02
1976 1.253914e-05 3.265923e-02
1977 8.814677e-04 2.489738e-01
1978 1.613381e-04 6.750672e-02
1979 1.885320e-04 8.330982e-02
1980 3.723380e-04 9.965145e-02
1981 4.998697e-04 7.606994e-02
1982 2.756514e-04 1.566099e-01
1983 1.400615e-03 6.046103e-01
1984 1.128149e-04 9.424349e-02
1985 8.942052e-05 2.319329e-01
1986 6.661531e-05 8.663437e-02
1987 1.754880e-03 8.934325e-01
1988 3.206431e-05 5.315679e-02
1989 4.251829e-05 5.239707e-02
1990 2.284407e-04 2.228627e-01
1991 1.894487e-06 1.446062e-02
1992 7.451581e-05 5.748307e-02
1993 1.271370e-03 2.315465e-01
1994 1.413260e-04 6.803178e-02
1995 3.355589e-05 7.585138e-02
1996 1.504341e-04 6.636303e-02
1997 4.183752e-03 6.999043e-01
1998 5.737594e-04 2.434472e-01
1999 5.683040e-04 3.653717e-01
2000 2.665265e-04 1.992299e-01
