1 1.693680e-03 1.134372e+00
2 2.139330e-07 2.052140e-02
3 4.159401e-06 3.352569e-03
4 1.410614e-08 1.867088e-03
5 2.118816e-08 2.633551e-03
6 1.624835e-03 5.929714e-01
7 2.377092e-06 1.423415e-02
8 3.101701e-08 4.268947e-02
9 4.946600e-11 2.383825e-03
10 1.351125e-04 1.011142e-01
11 6.701078e-09 5.169555e-03
12 6.131306e-11 1.231083e-03
13 1.877723e-05 2.345224e-01
14 5.396623e-09 7.641268e-03
15 5.017297e-09 3.082625e-03
16 3.800754e-05 3.012208e-02
17 5.941757e-09 1.937452e-03
18 6.938798e-04 4.197120e-01
19 1.564421e-06 8.383785e-03
20 3.996727e-12 1.022714e-03
21 2.981334e-03 1.290602e+00
22 1.119361e-07 5.869408e-03
23 1.342365e-04 4.318248e-02
24 2.156744e-03 5.363105e-01
25 7.152307e-04 3.044698e-01
26 8.231567e-07 4.763780e-03
27 1.917376e-06 2.563864e-02
28 1.465658e-08 3.637788e-03
29 7.368781e-03 9.432863e-01
30 1.300290e-03 8.591929e-01
31 8.606437e-04 3.222381e-01
32 4.203363e-04 4.444902e-02
33 2.999271e-08 1.232969e-03
34 2.481655e-09 1.156856e-03
35 1.740780e-08 3.143406e-03
36 4.215245e-04 6.689253e-01
37 4.270794e-05 1.176631e-01
38 1.212556e-07 8.885212e-03
39 2.969898e-10 1.949643e-03
40 5.934121e-08 3.581112e-03
41 2.610101e-05 2.494229e-02
42 3.148472e-09 5.033625e-03
43 4.375561e-04 4.312923e-01
44 1.061501e-04 9.299361e-02
45 4.459872e-05 1.560522e-01
46 7.393183e-06 1.269942e-02
47 1.313991e-04 2.856705e-01
48 9.778310e-05 1.257394e-01
49 8.306519e-07 1.087301e-02
50 3.418623e-03 1.068113e+00
51 1.461188e-06 1.201578e-02
52 4.779289e-06 2.457530e-02
53 1.151330e-05 1.307369e-02
54 3.267759e-08 9.965564e-03
55 3.601435e-07 5.160442e-03
56 2.000301e-05 1.005781e-02
57 9.397853e-09 1.460272e-02
58 2.854567e-04 2.642197e-01
59 4.896504e-04 1.169682e-01
60 1.403905e-11 1.410655e-03
61 2.243761e-03 1.331248e+00
62 1.920773e-05 3.542194e-02
63 5.005988e-09 1.923892e-03
64 1.682160e-09 4.167741e-03
65 6.253332e-05 4.971185e-02
66 2.208690e-08 4.633495e-03
67 8.591452e-09 7.372118e-03
68 2.065025e-06 8.625923e-03
69 4.812007e-08 1.438108e-03
70 3.853688e-10 1.343185e-03
71 1.716972e-03 3.832234e-01
72 5.234091e-06 2.042100e-02
73 3.588220e-08 4.152578e-03
74 2.414262e-04 2.074466e-01
75 2.331715e-05 1.243384e-02
76 2.870642e-07 2.889929e-03
77 5.188002e-06 4.003648e-02
78 1.213720e-03 5.537610e-01
79 1.268549e-03 3.445001e-01
80 4.095720e-07 2.897894e-03
81 3.629906e-08 1.643516e-03
82 4.113762e-05 8.771985e-03
83 4.588764e-05 3.405473e-02
84 2.829248e-08 1.878203e-03
85 7.536532e-04 1.894276e-01
86 1.861582e-06 7.731178e-03
87 2.459206e-09 2.829467e-03
88 4.660623e-08 1.709402e-03
89 1.231777e-06 2.309925e-02
90 1.573924e-04 2.903831e-01
91 5.843351e-04 4.473846e-01
92 4.095998e-03 1.349529e+00
93 7.941706e-07 1.455733e-02
94 1.701080e-07 4.187341e-03
95 1.359339e-03 1.134372e+00
96 2.108094e-04 3.928247e-02
97 9.169734e-10 3.515204e-02
98 5.140523e-08 3.500400e-03
99 3.170680e-04 3.653053e-02
100 3.245521e-03 2.043382e+00
101 2.583150e-06 5.159583e-03
102 2.555588e-07 1.510454e-02
103 5.590635e-04 4.764686e-01
104 3.049248e-06 4.385541e-02
105 1.331949e-05 6.838761e-02
106 9.670750e-09 8.996780e-03
107 2.332691e-08 2.882160e-03
108 4.973110e-07 1.932102e-02
109 9.267221e-08 5.144966e-03
110 6.150253e-07 1.187237e-02
111 6.562137e-04 8.333618e-01
112 4.549443e-05 1.250460e-01
113 1.546689e-03 1.026579e+00
114 1.755991e-03 6.096774e-01
115 1.401237e-04 1.996047e-01
116 6.305492e-04 4.104483e-01
117 8.694293e-04 3.507421e-01
118 2.688867e-03 8.949321e-01
119 2.716355e-11 4.547740e-03
120 2.603094e-11 3.640480e-03
121 2.367812e-08 1.150367e-02
122 2.861366e-09 1.886696e-03
123 2.009201e-07 6.061390e-03
124 1.340636e-06 1.406009e-02
125 4.083989e-11 3.999722e-03
126 2.946560e-08 6.172012e-03
127 4.344153e-09 9.668702e-03
128 6.724633e-08 7.911872e-03
129 1.351099e-09 4.474353e-03
130 4.393136e-09 3.978616e-03
131 4.627231e-09 5.911209e-03
132 8.220861e-09 4.687937e-03
133 1.026711e-08 7.681713e-03
134 4.873619e-06 2.458886e-02
135 6.341435e-09 4.541956e-03
136 2.896850e-08 4.113133e-03
137 1.143253e-06 1.302885e-02
138 2.380832e-09 9.367558e-03
139 1.827149e-08 8.741638e-03
140 3.796326e-09 5.190160e-03
141 2.912474e-10 3.030582e-03
142 2.788441e-08 3.133915e-03
143 3.110276e-08 6.953428e-03
144 6.965567e-10 8.570764e-03
145 1.250471e-10 4.700497e-03
146 2.005922e-09 6.133293e-03
147 2.887706e-09 6.329913e-03
148 2.608481e-10 7.990658e-03
149 1.131467e-08 4.305154e-03
150 7.855574e-11 3.988115e-03
151 4.172481e-08 1.011222e-02
152 1.065006e-07 5.982121e-03
153 1.515009e-08 2.990717e-03
154 2.118703e-09 3.767214e-03
155 7.757946e-10 3.024392e-03
156 1.954700e-08 3.883934e-03
157 1.187522e-08 4.042494e-03
158 1.159412e-07 4.813861e-03
159 7.495924e-08 5.930887e-03
160 7.852297e-09 5.189531e-03
161 6.933801e-09 3.135404e-03
162 3.899815e-10 3.003936e-03
163 6.605908e-10 3.081689e-03
164 5.219654e-11 1.642620e-03
165 1.241780e-10 1.682324e-03
166 1.067923e-11 1.657503e-03
167 6.178069e-10 2.937988e-03
168 8.176662e-09 3.318709e-03
169 5.325050e-07 6.182827e-03
170 1.370241e-11 1.639733e-03
171 4.428942e-09 3.423349e-03
172 6.550342e-10 3.219840e-03
173 1.586597e-10 1.619458e-03
174 2.569085e-10 3.088062e-03
175 1.220822e-09 3.095461e-03
176 1.394522e-09 2.999470e-03
177 1.193868e-10 1.656933e-03
178 3.125782e-08 2.308282e-03
179 3.242161e-11 1.614982e-03
180 5.877899e-10 3.096263e-03
181 8.758192e-11 2.125500e-03
182 2.638512e-10 3.398114e-03
183 2.098578e-11 1.196617e-03
184 3.958249e-12 1.614904e-03
185 9.227660e-11 1.233358e-03
186 7.132244e-10 2.180201e-03
187 1.550603e-11 1.906959e-03
188 1.234312e-11 1.592576e-03
189 1.048991e-11 1.134016e-03
190 2.764422e-11 1.208941e-03
191 2.486271e-05 2.368130e-02
192 1.050652e-06 4.469995e-03
193 1.046734e-04 7.517854e-02
194 9.930595e-05 6.940155e-02
195 6.032230e-07 7.214838e-03
196 1.490087e-05 1.955705e-02
197 1.888724e-04 1.049552e-01
198 2.656879e-07 6.692808e-03
199 1.560624e-06 1.502424e-02
200 3.980094e-07 1.090661e-02
201 1.451871e-05 2.400586e-02
202 3.102678e-06 2.432931e-02
203 4.954318e-08 3.534468e-03
204 1.161499e-06 6.930690e-03
205 3.313354e-07 8.687399e-03
206 9.134171e-08 3.912394e-03
207 9.638593e-08 9.684390e-03
208 5.849123e-09 3.469070e-03
209 1.481363e-07 8.252096e-03
210 4.587687e-08 4.840986e-03
211 1.922051e-08 2.424576e-03
212 2.558706e-04 8.214918e-02
213 1.932075e-08 2.476899e-03
214 1.247234e-09 4.267825e-03
215 3.605860e-07 5.287257e-03
216 3.737105e-07 8.292873e-03
217 2.116993e-08 2.127012e-03
218 2.233621e-06 2.732855e-02
219 9.336331e-06 2.219122e-02
220 2.694150e-09 3.566503e-03
221 1.531720e-08 4.004444e-03
222 1.036946e-08 7.095777e-03
223 1.785334e-07 9.828608e-03
224 2.301228e-09 3.045398e-03
225 1.012978e-07 5.525581e-03
226 6.523967e-08 3.699800e-03
227 3.741434e-08 4.294007e-03
228 6.182047e-08 5.068918e-03
229 1.992698e-06 1.560200e-02
230 9.600926e-07 8.215869e-03
231 5.470012e-07 6.957747e-03
232 2.077390e-07 5.140191e-03
233 3.482316e-07 6.237569e-03
234 7.138861e-07 5.223763e-03
235 2.234855e-09 4.505246e-03
236 3.720280e-07 5.193444e-03
237 6.390096e-10 3.369242e-03
238 5.042193e-08 5.754712e-03
239 1.097648e-08 3.551090e-03
240 4.637230e-08 3.169130e-03
241 2.577094e-07 4.178054e-03
242 1.286603e-07 5.091620e-03
243 5.082417e-09 3.177626e-03
244 1.795959e-08 4.717499e-03
245 4.982961e-08 5.007328e-03
246 9.712865e-09 3.847733e-03
247 1.888665e-07 4.995868e-03
248 5.455167e-08 2.683936e-03
249 1.478342e-06 8.390729e-03
250 8.199974e-08 4.235854e-03
251 3.909363e-08 2.930099e-03
252 3.219542e-07 7.252342e-03
253 3.799040e-09 3.336483e-03
254 1.622156e-08 4.833747e-03
255 3.327135e-07 6.703325e-03
256 1.437202e-08 2.747098e-03
257 8.830742e-09 3.453676e-03
258 4.284217e-06 8.509260e-03
259 1.421806e-05 2.120073e-02
260 8.291485e-06 1.787742e-02
261 5.961301e-06 1.707417e-02
262 3.959618e-07 6.728344e-03
263 4.527561e-06 1.025943e-02
264 2.430692e-06 2.110011e-02
265 2.229725e-07 7.286504e-03
266 1.663117e-05 2.228615e-02
267 5.156022e-06 4.731616e-02
268 1.669309e-07 2.090747e-02
269 2.927264e-07 3.197351e-02
270 3.227218e-08 4.410150e-03
271 1.305991e-07 7.485803e-03
272 3.920709e-08 6.860977e-03
273 2.884796e-07 4.497668e-03
274 1.300617e-06 5.838925e-03
275 5.428920e-08 8.644583e-03
276 4.426624e-06 3.881170e-02
277 3.712160e-09 3.486017e-03
278 5.388102e-08 2.710850e-03
279 3.687782e-07 1.667178e-02
280 2.284687e-07 6.143717e-03
281 4.782898e-08 8.690491e-03
282 6.925026e-07 1.287755e-02
283 1.437871e-07 3.436335e-03
284 1.030070e-06 9.541227e-03
285 3.750257e-05 4.035923e-02
286 1.401939e-05 4.540593e-02
287 9.345616e-07 7.576317e-03
288 5.427143e-06 1.554566e-02
289 2.069732e-05 4.974654e-02
290 4.624457e-05 7.340845e-02
291 2.606107e-06 8.611079e-03
292 4.481884e-05 2.314717e-02
293 3.574392e-06 1.930796e-02
294 1.239537e-05 2.997666e-02
295 8.541930e-07 1.892254e-02
296 2.139690e-03 3.142221e-01
297 2.509963e-03 9.660483e-01
298 9.497733e-05 4.803772e-02
299 2.760018e-08 4.608661e-03
300 1.483008e-09 4.600989e-03
301 1.945804e-03 3.054160e-01
302 5.411557e-08 5.132043e-03
303 6.867462e-08 3.118827e-03
304 3.299063e-09 2.281813e-03
305 1.866880e-09 2.666811e-03
306 5.138620e-11 2.689722e-03
307 2.639629e-11 2.646543e-03
308 2.936060e-11 2.581898e-03
309 1.472772e-06 6.379992e-03
310 3.156318e-11 3.223253e-03
311 8.905236e-13 2.653570e-03
312 7.952989e-08 2.251622e-03
313 5.926106e-12 2.542544e-03
314 3.107458e-11 2.549022e-03
315 1.968730e-13 2.676365e-03
316 3.681680e-10 2.822452e-03
317 4.049298e-12 1.929810e-03
318 2.634944e-11 1.947589e-03
319 3.534140e-09 2.286410e-03
320 3.332029e-13 2.507136e-03
321 8.997498e-12 1.426056e-03
322 9.791163e-05 8.470583e-02
323 3.885673e-05 1.004926e-01
324 9.334428e-10 9.486964e-03
325 1.698907e-05 1.535625e-02
326 5.414206e-10 3.487220e-03
327 1.741684e-07 2.384933e-02
328 3.787242e-08 9.803704e-03
329 4.590071e-05 1.023056e-01
330 5.148114e-04 6.591831e-01
331 1.661777e-06 3.427046e-02
332 1.340601e-03 2.652047e-01
333 9.445479e-08 5.092723e-03
334 2.038254e-06 1.453365e-02
335 5.454376e-10 8.353919e-03
336 1.134078e-07 1.557407e-02
337 6.750316e-04 1.085637e-01
338 5.887989e-05 2.536083e-02
339 1.458256e-03 5.360271e-01
340 1.592666e-06 6.928687e-03
341 8.853590e-07 6.790058e-03
342 2.261971e-06 2.042381e-02
343 1.986965e-06 4.419375e-02
344 2.166610e-07 4.007107e-03
345 2.157426e-05 9.583013e-03
346 1.424373e-07 2.560563e-03
347 9.111134e-08 2.982150e-03
348 5.735289e-06 1.176930e-02
349 1.336378e-05 1.266016e-02
350 2.362642e-08 3.257370e-03
351 2.352600e-08 2.858655e-03
352 7.982856e-06 3.723172e-03
353 4.084747e-05 1.034742e-02
354 4.465840e-06 4.894495e-03
355 5.771920e-06 5.118931e-03
356 1.033259e-07 2.369606e-03
357 2.715785e-05 1.368944e-02
358 1.213584e-05 2.616845e-02
359 1.470845e-06 7.412780e-03
360 9.619098e-07 6.283208e-03
361 6.466261e-06 4.599163e-02
362 1.460816e-07 2.471643e-03
363 1.721129e-08 3.365400e-03
364 7.982856e-06 3.723172e-03
365 9.794891e-05 3.738747e-02
366 2.296264e-05 1.269591e-02
367 3.942644e-06 1.119000e-02
368 1.336378e-05 1.266016e-02
369 2.473728e-05 9.086669e-02
370 4.403910e-07 1.405015e-02
371 6.559451e-07 1.973291e-02
372 2.962677e-03 1.171327e+00
373 9.249766e-05 1.797158e-01
374 3.634113e-03 1.303710e+00
375 1.323128e-05 2.584980e-02
376 1.650650e-03 3.632032e-01
377 1.268719e-06 9.432676e-03
378 1.227105e-04 3.927213e-02
379 3.382240e-07 9.069620e-03
380 8.999695e-06 1.490172e-02
381 1.424027e-09 1.913130e-03
382 1.811903e-07 1.013373e-02
383 3.354387e-09 1.824364e-03
384 2.282883e-07 8.134274e-03
385 3.161015e-10 4.590670e-03
386 1.249437e-07 6.539068e-03
387 1.132159e-06 1.590692e-02
388 1.343270e-09 2.770198e-03
389 1.350965e-06 6.391817e-03
390 1.362813e-06 4.960461e-03
391 3.626549e-06 3.313196e-02
392 3.456156e-04 4.098924e-02
393 9.710690e-06 1.674063e-02
394 3.242988e-08 3.017650e-03
395 7.126593e-08 8.357682e-03
396 9.349091e-06 3.984213e-02
397 3.376896e-05 1.994615e-02
398 3.007279e-05 4.194268e-02
399 7.439088e-06 1.172926e-02
400 1.046365e-04 4.919316e-02
401 2.040352e-06 9.171892e-03
402 8.718557e-07 7.113600e-03
403 1.682675e-06 9.448603e-03
404 1.835546e-05 1.813953e-02
405 5.609042e-06 1.189183e-02
406 7.548766e-07 8.956539e-03
407 1.249790e-07 4.578543e-03
408 2.080233e-06 1.057294e-02
409 5.242353e-03 1.007880e+00
410 2.309813e-05 2.393140e-02
411 7.643391e-06 1.963138e-02
412 1.468764e-04 8.462341e-02
413 1.299630e-06 8.320515e-03
414 2.189271e-06 9.980704e-03
415 1.286187e-06 6.178475e-03
416 1.135073e-06 6.855238e-03
417 1.664468e-06 1.002799e-02
418 3.211149e-04 1.505289e-01
419 5.731806e-05 1.768639e-01
420 8.799187e-05 8.694286e-02
421 9.914196e-06 2.275445e-02
422 9.508397e-06 3.218778e-02
423 2.792135e-04 1.239529e-01
424 9.031561e-04 3.251340e-01
425 8.083687e-05 1.419977e-01
426 1.374421e-05 4.845645e-02
427 4.290408e-04 3.086920e-01
428 8.583108e-05 4.671498e-02
429 1.814336e-05 3.534646e-02
430 3.772023e-05 5.513968e-02
431 1.416169e-04 8.320245e-02
432 4.122576e-05 3.042749e-02
433 1.312364e-05 2.509247e-02
434 6.802841e-05 5.532271e-02
435 1.523412e-05 5.276228e-02
436 3.007103e-05 4.678262e-02
437 4.487869e-05 4.620117e-02
438 7.410116e-06 2.909727e-02
439 5.871029e-04 4.184091e-01
440 1.543813e-05 3.352937e-02
441 8.694305e-06 2.291970e-02
442 1.173004e-04 9.528904e-02
443 9.814146e-06 2.622350e-02
444 1.772299e-03 5.986874e-01
445 3.878324e-04 2.524870e-01
446 2.375726e-12 9.154251e-04
447 1.854443e-13 1.224538e-03
448 1.436134e-13 9.088609e-04
449 1.080660e-13 9.125942e-04
450 4.422651e-13 9.935044e-04
451 1.452630e-10 1.782291e-03
452 4.938960e-12 1.227391e-03
453 6.977389e-11 1.122175e-03
454 2.112353e-12 1.245292e-03
455 2.263795e-11 1.251106e-03
456 3.002992e-13 1.031946e-03
457 4.540456e-15 9.244453e-04
458 5.089697e-12 1.233128e-03
459 2.268246e-07 1.455427e-02
460 2.409109e-11 2.593579e-03
461 1.738934e-13 1.054475e-03
462 5.910787e-11 2.965566e-03
463 3.203324e-11 1.127621e-03
464 6.897559e-12 1.328802e-03
465 1.126946e-12 1.151013e-03
466 1.106374e-12 1.381003e-03
467 2.772265e-12 1.082766e-03
468 5.653216e-13 1.091935e-03
469 5.048576e-12 1.325869e-03
470 7.973936e-12 1.754954e-03
471 2.309381e-12 1.218722e-03
472 5.824186e-13 1.118995e-03
473 2.340819e-12 1.318778e-03
474 5.583019e-13 1.048071e-03
475 1.766214e-11 1.316116e-03
476 1.070128e-09 1.412673e-03
477 3.270290e-07 3.259190e-03
478 3.646148e-07 7.858497e-03
479 1.023551e-09 1.574813e-03
480 6.408450e-10 2.067416e-03
481 4.502962e-11 1.859011e-03
482 6.798726e-11 2.108260e-03
483 2.589968e-11 2.060983e-03
484 3.598633e-08 2.121761e-03
485 2.818703e-10 1.759980e-03
486 3.716175e-06 1.455037e-02
487 7.789687e-10 1.487553e-03
488 1.562269e-06 9.493294e-03
489 3.274233e-03 6.720984e-01
490 5.834885e-06 7.500426e-03
491 3.223404e-06 9.062157e-03
492 5.396129e-06 6.067997e-03
493 1.169098e-06 6.935614e-03
494 1.758243e-08 6.450645e-03
495 8.589820e-08 4.948540e-03
496 2.015305e-04 4.548669e-02
497 5.576834e-05 5.278256e-02
498 6.314439e-06 8.734319e-03
499 3.480347e-08 7.827270e-03
500 1.064127e-08 5.141745e-03
501 3.586245e-05 1.013132e-02
502 1.563729e-03 4.805296e-01
503 4.760946e-05 1.307479e-02
504 1.750697e-04 1.651122e-02
505 1.745796e-06 7.313709e-03
506 1.495776e-04 4.632210e-02
507 1.279123e-04 3.386234e-02
508 1.737446e-05 1.355981e-02
509 1.993153e-08 8.606134e-03
510 1.017730e-05 1.270709e-02
511 4.821214e-06 6.404327e-03
512 8.301925e-07 8.266385e-03
513 1.366154e-05 8.629083e-03
514 1.452991e-03 1.067520e+00
515 5.516767e-08 6.980123e-03
516 1.035203e-08 6.855913e-03
517 9.414922e-07 1.394621e-02
518 3.708845e-08 6.908689e-03
519 1.299691e-06 2.338419e-02
520 6.828188e-07 1.866372e-02
521 3.098968e-05 3.185682e-02
522 1.969836e-05 2.960949e-02
523 1.292532e-05 2.824687e-02
524 1.885608e-07 1.309327e-02
525 6.741495e-07 8.234885e-03
526 4.146699e-06 2.407405e-02
527 2.486092e-07 9.863545e-03
528 2.585475e-08 5.986854e-03
529 1.030786e-06 1.767914e-02
530 1.505340e-07 5.160326e-03
531 1.261529e-07 7.300769e-03
532 1.819141e-06 1.898244e-02
533 3.839261e-07 1.256269e-02
534 1.900066e-07 1.145334e-02
535 6.684642e-07 1.239320e-02
536 1.807127e-05 4.125706e-02
537 6.113242e-07 2.496691e-02
538 3.857080e-07 1.261948e-02
539 1.402423e-05 2.655496e-02
540 2.618937e-06 2.298407e-02
541 3.989038e-06 2.569472e-02
542 6.347101e-04 3.028748e-01
543 2.344750e-07 1.908773e-02
544 4.292720e-07 7.515924e-03
545 2.037299e-07 7.447901e-03
546 3.379006e-07 6.079062e-03
547 5.732931e-11 2.494629e-03
548 9.252169e-10 3.022929e-03
549 4.287481e-09 1.591129e-03
550 3.406972e-07 5.610766e-03
551 1.509905e-08 2.645313e-03
552 2.477076e-07 1.889549e-02
553 3.573054e-06 3.276975e-02
554 1.546300e-06 9.406902e-03
555 4.688162e-07 1.192826e-02
556 4.806758e-08 3.017529e-03
557 2.618730e-08 3.780005e-03
558 8.445762e-07 1.201584e-02
559 5.825941e-09 2.470507e-03
560 9.300931e-08 3.989539e-03
561 3.615901e-08 3.162143e-03
562 6.213327e-08 3.410192e-03
563 6.835248e-09 4.790237e-03
564 3.402920e-08 3.257667e-03
565 1.879606e-07 1.438713e-02
566 1.252499e-06 5.915996e-03
567 1.927635e-05 8.580353e-02
568 7.171575e-05 3.456115e-02
569 5.654972e-05 9.882684e-02
570 8.420164e-06 1.553062e-02
571 2.021296e-05 1.132673e-02
572 1.424339e-04 4.847117e-02
573 9.460206e-06 8.550310e-03
574 1.211855e-04 4.560412e-02
575 2.507472e-05 1.278547e-02
576 2.784140e-05 2.073289e-02
577 7.433184e-06 1.309716e-02
578 2.951346e-06 1.013045e-02
579 1.027294e-03 8.675632e-01
580 4.464279e-05 3.918037e-02
581 3.804330e-06 5.679779e-03
582 7.728311e-05 7.755988e-02
583 6.238715e-06 1.178873e-02
584 2.183221e-05 1.852681e-02
585 3.612754e-05 8.234944e-02
586 8.977912e-07 1.277732e-02
587 2.034236e-06 1.348971e-02
588 1.360609e-07 1.022976e-02
589 3.345271e-07 2.669339e-03
590 1.555600e-03 5.894941e-01
591 2.467689e-04 1.640668e-01
592 7.375499e-08 6.358384e-03
593 1.854973e-05 1.906419e-02
594 1.191291e-04 5.049178e-02
595 2.419706e-08 6.663565e-03
596 4.635517e-03 1.224545e+00
597 1.354304e-12 1.912640e-03
598 1.199073e-10 1.969116e-03
599 1.344037e-10 1.938508e-03
600 3.627215e-10 2.062515e-03
601 8.050679e-10 3.034053e-03
602 8.144296e-11 2.563979e-03
603 1.475878e-10 3.254319e-03
604 1.901836e-12 1.931493e-03
605 4.915912e-10 2.078755e-03
606 8.395614e-12 1.932133e-03
607 5.630512e-12 1.777694e-03
608 6.884280e-12 2.031260e-03
609 1.160372e-06 1.313819e-02
610 1.208531e-07 4.341265e-03
611 5.508580e-04 3.628943e-01
612 7.454259e-07 2.578093e-02
613 4.478435e-06 1.945339e-02
614 5.455440e-07 2.651860e-02
615 2.872032e-08 1.035579e-02
616 8.783157e-11 3.281137e-03
617 2.850935e-06 1.397573e-02
618 3.621425e-09 4.233327e-03
619 5.767809e-09 5.034440e-03
620 1.342474e-09 5.448541e-03
621 9.604239e-05 7.704832e-02
622 4.829551e-09 5.944656e-03
623 1.043270e-09 7.249781e-03
624 5.367319e-08 6.037361e-03
625 2.705636e-08 4.563247e-03
626 2.887070e-03 9.781245e-01
627 8.031285e-08 5.039709e-03
628 1.033529e-07 1.268036e-02
629 6.582127e-05 6.670215e-02
630 2.255781e-04 5.138592e-02
631 2.258104e-05 3.042017e-02
632 3.387212e-06 3.905723e-02
633 7.017164e-10 6.070452e-03
634 8.688449e-08 5.305817e-03
635 8.815413e-08 5.181390e-03
636 5.895202e-08 7.264720e-03
637 5.143885e-07 1.374169e-02
638 2.136399e-09 8.794831e-03
639 5.530060e-08 1.533067e-02
640 1.409730e-08 4.772269e-03
641 7.239100e-09 5.578788e-03
642 1.219281e-08 6.948980e-03
643 1.420744e-06 3.502824e-02
644 2.583119e-06 6.511312e-03
645 5.248258e-07 1.253476e-02
646 1.050164e-07 1.908361e-02
647 1.447567e-07 7.632599e-03
648 5.118550e-07 2.672135e-02
649 3.262205e-08 1.060631e-02
650 1.198143e-08 5.742975e-03
651 5.386252e-09 6.389690e-03
652 4.311194e-08 7.584002e-03
653 6.585137e-04 4.700596e-01
654 2.096813e-04 9.436289e-02
655 8.762402e-09 2.905739e-03
656 2.604052e-05 3.328043e-02
657 5.410175e-03 9.286222e-01
658 8.486065e-06 2.580237e-02
659 1.951665e-07 1.341884e-02
660 1.028168e-06 1.399100e-02
661 9.976163e-07 3.508983e-02
662 3.706247e-05 2.320270e-01
663 6.652541e-07 1.402966e-02
664 8.589112e-07 1.464324e-02
665 8.402046e-07 1.672930e-02
666 1.550031e-05 3.244893e-02
667 2.572312e-05 2.027552e-02
668 1.703582e-07 7.047112e-03
669 1.247904e-06 3.000301e-02
670 5.941928e-05 5.083042e-02
671 3.533437e-05 4.223271e-02
672 8.658963e-08 6.959452e-03
673 2.043853e-05 1.717393e-01
674 1.077739e-06 7.515399e-03
675 1.166713e-03 2.737401e-01
676 6.503441e-08 1.670221e-02
677 3.615594e-05 4.257868e-02
678 1.490388e-08 8.054804e-03
679 2.306407e-04 1.386095e-01
680 1.715760e-09 3.444621e-03
681 8.253713e-08 1.337444e-02
682 2.503531e-03 1.143002e+00
683 7.270692e-07 1.580891e-02
684 1.012421e-03 5.093616e-01
685 3.050462e-08 8.813867e-03
686 2.119137e-04 3.859951e-01
687 8.507703e-07 8.010595e-03
688 5.065290e-08 8.274765e-03
689 5.330022e-08 9.033874e-03
690 1.228277e-06 1.469290e-02
691 9.888983e-08 1.520903e-02
692 9.768367e-08 1.188279e-02
693 2.659101e-07 9.420227e-03
694 5.199475e-07 6.118857e-03
695 9.601895e-07 9.923921e-03
696 5.769312e-05 1.545091e-01
697 1.169106e-06 8.183992e-02
698 1.179169e-04 1.891190e-01
699 3.587020e-07 1.676185e-02
700 5.937965e-05 5.112735e-02
701 1.030202e-06 9.559228e-03
702 2.110001e-06 1.701956e-02
703 1.060133e-07 7.299880e-03
704 6.288656e-05 7.870380e-02
705 2.470716e-05 2.138071e-02
706 3.612157e-06 1.681186e-02
707 6.137412e-06 1.133125e-02
708 1.649766e-03 6.106733e-01
709 2.944971e-06 2.488140e-02
710 9.725495e-04 2.841669e-01
711 1.179954e-04 1.106329e-01
712 9.643530e-05 4.613893e-02
713 1.486253e-05 3.741963e-02
714 1.979708e-06 2.057726e-02
715 3.311816e-08 6.490975e-03
716 1.018989e-06 1.820919e-02
717 2.161910e-05 3.362159e-02
718 1.284617e-05 1.422436e-02
719 7.875562e-06 1.298062e-02
720 1.605699e-05 2.256715e-02
721 5.741740e-04 9.020307e-02
722 1.289527e-04 4.377413e-02
723 2.998801e-04 1.146921e-01
724 8.167402e-08 6.893969e-03
725 2.310467e-06 7.575784e-03
726 1.857402e-06 1.238644e-02
727 1.596844e-03 5.373257e-01
728 2.120578e-07 1.273834e-02
729 1.079441e-06 1.439165e-02
730 8.152638e-06 1.867213e-02
731 2.316398e-06 7.012425e-03
732 6.102602e-05 1.086846e-02
733 5.582135e-07 1.046486e-02
734 8.565956e-06 1.540637e-02
735 1.001500e-04 2.241852e-02
736 1.925229e-07 1.995347e-02
737 1.648366e-03 4.479607e-01
738 5.545826e-06 5.302619e-02
739 2.713768e-06 1.214837e-02
740 8.722953e-06 1.570013e-02
741 3.219975e-06 1.047457e-02
742 2.145603e-05 6.822002e-02
743 2.686189e-04 3.808126e-02
744 2.009991e-04 5.117991e-02
745 3.388693e-05 5.882010e-02
746 5.560408e-06 1.067231e-02
747 3.046511e-05 1.832540e-02
748 1.978032e-08 6.039997e-03
749 8.211407e-07 2.876425e-02
750 3.016877e-05 6.989616e-02
751 4.745427e-07 8.222375e-03
752 6.417264e-07 1.139724e-02
753 7.786511e-04 3.705513e-01
754 2.247439e-05 2.236748e-02
755 8.091621e-05 7.893666e-02
756 8.815885e-07 1.082897e-02
757 6.812828e-05 1.043384e-01
758 2.214245e-07 5.482341e-03
759 9.896536e-06 3.277157e-02
760 5.835246e-04 2.888957e-01
761 6.623273e-04 2.336580e-01
762 1.041631e-07 9.898420e-03
763 5.387404e-07 1.176969e-02
764 3.112029e-07 1.092234e-02
765 8.356130e-04 4.478153e-01
766 2.097816e-04 6.334371e-01
767 1.615984e-03 3.864951e-01
768 1.082784e-03 4.995768e-01
769 1.352906e-07 1.125205e-02
770 9.241542e-08 5.044231e-03
771 2.031094e-07 4.904842e-03
772 1.801938e-07 4.763367e-03
773 4.951628e-05 1.392302e-01
774 5.548360e-07 6.625626e-03
775 3.626768e-06 1.178677e-02
776 3.552837e-07 5.735772e-03
777 3.191556e-08 1.023286e-02
778 1.265736e-03 2.083626e-01
779 1.823367e-08 8.941610e-03
780 8.242725e-07 6.394357e-03
781 9.098587e-09 5.346434e-03
782 3.914445e-08 2.405679e-03
783 1.159556e-08 3.592574e-03
784 1.423105e-06 1.866916e-02
785 9.851282e-06 1.408241e-02
786 1.347274e-06 8.067626e-03
787 6.723809e-07 9.538812e-03
788 5.344218e-08 1.147025e-02
789 3.414470e-08 8.425237e-03
790 3.557571e-05 1.035501e-01
791 1.694730e-07 4.329196e-03
792 3.078195e-08 1.031653e-02
793 2.496641e-06 1.399073e-02
794 5.796241e-04 3.061205e-01
795 5.549509e-06 1.761992e-02
796 1.919089e-07 6.027252e-03
797 1.072478e-05 9.343024e-02
798 3.626147e-08 7.391538e-03
799 2.178863e-04 1.067376e-01
800 1.758839e-06 1.882291e-02
801 5.505024e-07 1.085803e-02
802 4.420611e-04 1.667071e-01
803 7.381161e-04 5.131459e-01
804 4.881824e-08 1.071907e-02
805 1.317320e-04 5.699376e-02
806 2.047986e-05 1.341530e-01
807 1.147498e-05 5.401328e-02
808 7.095379e-08 5.944664e-03
809 4.921060e-07 2.380246e-02
810 9.206414e-09 2.327018e-03
811 9.240892e-06 1.758292e-02
812 1.799034e-07 4.288386e-03
813 1.930080e-05 4.030723e-02
814 8.348311e-07 1.371367e-02
815 2.724751e-07 1.597090e-02
816 6.800166e-04 3.952240e-01
817 6.680742e-05 1.057393e-01
818 7.749859e-09 9.982928e-03
819 4.999667e-07 1.305317e-02
820 2.303309e-06 3.735216e-02
821 1.118776e-05 4.201792e-02
822 4.152935e-06 3.384705e-02
823 4.962422e-05 1.196221e-01
824 3.546984e-03 8.482779e-01
825 2.662620e-03 8.506327e-01
826 1.256117e-03 3.994095e-01
827 7.825733e-04 2.038993e-01
828 5.637643e-04 7.613101e-01
829 4.415311e-03 8.829381e-01
830 3.510226e-05 1.393796e-02
831 3.856205e-07 4.751117e-03
832 5.347033e-07 5.202473e-03
833 2.583199e-06 1.110140e-02
834 5.149267e-06 6.927621e-03
835 4.176307e-06 6.957376e-03
836 4.586476e-06 5.206551e-03
837 4.154904e-06 9.616647e-03
838 1.972860e-05 8.811425e-03
839 5.195854e-07 5.022128e-03
840 1.625405e-05 1.927613e-02
841 1.512869e-06 7.264986e-03
842 1.539364e-06 8.638235e-03
843 4.353964e-07 9.835222e-03
844 2.858798e-06 1.981189e-02
845 1.201120e-04 4.547256e-02
846 1.112414e-04 7.286674e-02
847 3.955458e-06 8.343677e-03
848 6.218344e-06 1.389476e-02
849 2.394298e-04 7.094355e-02
850 6.978811e-07 6.211375e-03
851 5.195193e-05 6.877217e-02
852 6.365266e-07 6.388351e-03
853 1.774453e-04 2.487494e-02
854 9.056240e-07 5.912246e-03
855 1.633591e-05 1.809395e-02
856 6.513264e-10 1.482507e-03
857 1.792324e-09 1.302663e-03
858 5.341774e-09 2.049838e-03
859 7.928753e-10 1.499235e-03
860 9.297913e-05 1.280457e-01
861 3.473787e-08 6.857120e-03
862 3.479592e-08 1.593972e-03
863 2.867169e-09 1.539829e-03
864 2.452442e-09 1.394049e-03
865 2.030488e-09 1.574205e-03
866 3.414431e-09 2.066888e-03
867 4.779145e-08 1.723949e-03
868 6.779051e-10 1.363003e-03
869 5.907972e-10 1.627134e-03
870 6.639890e-09 1.533035e-03
871 5.704936e-10 1.394056e-03
872 8.348157e-09 1.881189e-03
873 8.097411e-09 1.418852e-03
874 8.036805e-09 1.405052e-03
875 6.851659e-04 2.921154e-01
876 6.506996e-11 1.443973e-03
877 9.798658e-09 1.457298e-03
878 1.612444e-09 1.900887e-03
879 2.227926e-09 1.352765e-03
880 3.507651e-09 1.371739e-03
881 4.058556e-10 1.397973e-03
882 3.667495e-09 1.821676e-03
883 4.407285e-09 1.760650e-03
884 1.993149e-08 1.478618e-03
885 5.079209e-09 1.567787e-03
886 5.001088e-07 6.627053e-03
887 3.042051e-06 9.611172e-03
888 1.917726e-07 1.156121e-02
889 5.737197e-05 1.005956e-01
890 1.222708e-07 1.987212e-02
891 9.619856e-06 9.237522e-02
892 1.129663e-04 1.666574e-01
893 2.800342e-07 5.681600e-03
894 7.256164e-07 3.816542e-03
895 1.290156e-06 8.560802e-03
896 8.249528e-07 1.495712e-02
897 4.920002e-04 8.002882e-01
898 6.239127e-07 1.916370e-02
899 2.272420e-05 8.036617e-02
900 1.453365e-06 9.115742e-03
901 4.887919e-06 9.240960e-03
902 6.570111e-07 9.159952e-03
903 6.571721e-08 6.138618e-03
904 5.479097e-05 1.193416e-01
905 4.656045e-07 2.009073e-02
906 6.840885e-05 5.403187e-02
907 3.174118e-03 1.118178e+00
908 3.089812e-08 2.764708e-03
909 9.845707e-07 3.207743e-03
910 8.566940e-09 1.579306e-03
911 5.624064e-05 8.999822e-03
912 4.032794e-07 5.069895e-03
913 1.974751e-08 1.724260e-03
914 9.433381e-08 4.920248e-03
915 5.866175e-06 3.800402e-03
916 2.633394e-04 1.453383e-01
917 2.838751e-08 2.134420e-03
918 4.490674e-09 1.783490e-03
919 3.244325e-09 1.394575e-03
920 6.443460e-08 2.530720e-03
921 2.409927e-10 1.059945e-03
922 1.095591e-08 1.429104e-03
923 3.714553e-04 8.632854e-02
924 2.909695e-06 1.757469e-02
925 1.876749e-08 1.069741e-03
926 8.242780e-06 1.497358e-02
927 8.186171e-09 1.325847e-03
928 6.005703e-07 4.132470e-03
929 2.678536e-06 1.057650e-02
930 5.247615e-08 3.658492e-03
931 2.462714e-07 3.843076e-03
932 4.042972e-10 1.484668e-03
933 9.013906e-09 1.825634e-03
934 4.454787e-06 1.191157e-02
935 5.775207e-08 1.865048e-03
936 3.020325e-09 1.194942e-03
937 1.560456e-07 2.945931e-03
938 2.122552e-08 1.797334e-03
939 1.673347e-06 3.613327e-03
940 1.103802e-06 6.503995e-03
941 2.178001e-07 5.573697e-03
942 9.281424e-08 1.631741e-03
943 1.418962e-06 2.242826e-03
944 6.059528e-05 1.145082e-02
945 4.633444e-08 2.265680e-03
946 2.786956e-06 6.548860e-03
947 2.389755e-06 3.174908e-02
948 8.798927e-08 6.931773e-03
949 3.804203e-07 1.064901e-02
950 7.925560e-08 7.921228e-03
951 3.082864e-08 1.593376e-02
952 2.198682e-05 2.174126e-02
953 5.086298e-09 8.945701e-03
954 4.799372e-09 3.086986e-03
955 2.762147e-06 3.727412e-02
956 9.800766e-10 3.053874e-03
957 9.131313e-09 8.411830e-03
958 9.746162e-08 6.817134e-03
959 8.055084e-06 5.148980e-02
960 1.689205e-07 1.913935e-02
961 6.436501e-07 9.870084e-03
962 2.093562e-07 1.272025e-02
963 2.674218e-09 3.842847e-03
964 1.843338e-06 4.126020e-02
965 4.973387e-09 5.412231e-03
966 1.103057e-04 1.177876e-01
967 1.248328e-05 5.925129e-02
968 1.819574e-07 4.772090e-03
969 3.625059e-08 8.095529e-03
970 7.629750e-08 1.676003e-02
971 8.277581e-08 3.119457e-03
972 1.150282e-07 7.559279e-03
973 5.890093e-09 9.423334e-03
974 1.584726e-08 3.281521e-03
975 2.785143e-06 7.325833e-03
976 5.470329e-04 2.794260e-01
977 1.347117e-05 7.655134e-03
978 5.917668e-05 1.881650e-02
979 5.131676e-08 2.840114e-03
980 1.414507e-08 1.233990e-03
981 3.429388e-08 4.100388e-03
982 5.281900e-07 8.052677e-03
983 3.637666e-07 3.813729e-03
984 3.503591e-06 1.013030e-02
985 5.541036e-07 4.118914e-03
986 3.162260e-07 4.134409e-03
987 1.913800e-08 1.272316e-03
988 9.150794e-08 2.520766e-03
989 2.923305e-06 9.482977e-03
990 2.882478e-07 3.799914e-03
991 1.780376e-06 7.282617e-03
992 1.583016e-07 2.351534e-03
993 6.375977e-08 2.447549e-03
994 1.503292e-08 2.150991e-03
995 1.801055e-06 3.858447e-03
996 3.558148e-07 3.245525e-03
997 1.522085e-03 1.697821e-01
998 7.404509e-07 6.084033e-03
999 1.960788e-06 4.958178e-03
1000 1.413746e-07 1.904914e-03
1001 1.132085e-08 1.575015e-03
1002 6.354591e-07 5.890031e-03
1003 8.958043e-09 1.779978e-03
1004 2.792442e-06 5.611322e-03
1005 7.573272e-08 2.920872e-03
1006 1.152462e-05 1.339484e-02
1007 2.132351e-08 2.927194e-03
1008 6.972717e-06 8.344720e-03
1009 1.875842e-08 4.060666e-03
1010 4.903839e-08 2.859015e-03
1011 2.019105e-07 3.715605e-03
1012 1.298907e-06 3.837699e-03
1013 4.334062e-09 2.067294e-03
1014 9.562830e-08 3.439368e-03
1015 2.503843e-09 2.130959e-03
1016 6.446441e-07 3.066611e-03
1017 8.565431e-08 1.790569e-03
1018 7.674585e-08 2.893354e-03
1019 1.453558e-08 4.401286e-03
1020 5.381021e-09 1.749401e-03
1021 4.280027e-06 7.397978e-03
1022 1.711138e-09 1.165939e-03
1023 4.071317e-07 2.089880e-03
1024 3.451497e-09 1.399196e-03
1025 3.552376e-07 2.418043e-03
1026 2.135764e-03 8.768511e-01
1027 4.514889e-04 1.207755e-01
1028 2.017978e-04 8.405197e-02
1029 5.046565e-05 1.002306e-01
1030 1.495362e-04 3.237654e-01
1031 2.875324e-03 6.645445e-01
1032 6.391635e-07 7.857654e-03
1033 8.614581e-06 1.950512e-02
1034 2.922983e-04 2.529010e-01
1035 1.192463e-06 4.550461e-03
1036 3.471214e-07 9.686913e-03
1037 3.698603e-05 3.174927e-02
1038 2.995130e-07 3.116545e-03
1039 8.769184e-06 1.632484e-02
1040 3.771838e-06 9.415842e-03
1041 9.094935e-06 2.623494e-02
1042 7.722229e-08 1.084356e-02
1043 1.916763e-06 1.637491e-02
1044 9.532166e-08 1.706338e-02
1045 7.031720e-07 7.615766e-03
1046 1.515077e-04 7.795137e-02
1047 8.158662e-04 2.106402e-01
1048 6.779169e-04 1.210165e-01
1049 6.220392e-07 8.989442e-03
1050 4.509517e-04 4.774780e-01
1051 2.125308e-03 3.792850e-01
1052 1.456695e-09 1.227332e-03
1053 9.702028e-10 1.821554e-03
1054 4.585907e-05 7.786249e-02
1055 4.229990e-11 1.556030e-03
1056 2.864302e-10 4.673048e-03
1057 3.768653e-09 2.140192e-03
1058 2.082064e-08 2.027681e-03
1059 1.751871e-11 1.031698e-03
1060 1.295477e-11 9.550874e-04
1061 4.237104e-06 3.398758e-03
1062 3.543755e-10 1.812608e-03
1063 3.355004e-08 3.812150e-03
1064 7.388267e-04 2.533757e-01
1065 5.666258e-06 1.686193e-02
1066 7.888361e-11 1.577867e-03
1067 1.324083e-10 1.439760e-03
1068 6.547466e-12 1.465211e-03
1069 1.668879e-11 1.614063e-03
1070 2.279382e-08 1.408859e-02
1071 4.543481e-08 5.310464e-03
1072 8.644748e-08 3.324227e-03
1073 2.017953e-07 1.937248e-02
1074 2.397640e-10 1.055247e-03
1075 1.694399e-06 2.616413e-02
1076 6.687493e-07 6.096319e-03
1077 1.608849e-06 1.650307e-02
1078 2.871573e-10 1.632474e-03
1079 4.689054e-08 5.828559e-03
1080 1.981609e-08 1.584922e-03
1081 9.192781e-12 1.460188e-03
1082 5.205851e-10 1.485778e-03
1083 8.853889e-09 1.830743e-03
1084 1.078238e-10 1.228489e-03
1085 2.676860e-09 4.319896e-03
1086 3.431977e-10 1.240024e-03
1087 3.403736e-10 1.369649e-03
1088 2.273907e-10 4.681297e-03
1089 9.058876e-10 1.234716e-03
1090 6.499905e-11 1.195624e-03
1091 6.067630e-10 1.229216e-03
1092 1.488460e-03 6.263623e-01
1093 4.629710e-08 1.877014e-02
1094 4.767832e-08 1.384788e-02
1095 4.391488e-10 1.692922e-03
1096 5.053869e-12 1.481497e-03
1097 2.914242e-10 4.826491e-03
1098 1.666884e-07 7.869716e-03
1099 6.927553e-09 3.261601e-03
1100 9.189654e-09 2.808352e-03
1101 8.209804e-07 5.088961e-03
1102 2.206495e-09 3.181545e-03
1103 6.675861e-09 2.754842e-03
1104 9.729041e-06 7.009377e-02
1105 3.208958e-10 1.530145e-03
1106 4.065939e-11 2.235589e-03
1107 1.954120e-10 3.128528e-03
1108 1.659676e-09 1.737735e-03
1109 1.681639e-10 2.022646e-03
1110 1.447688e-08 4.734884e-03
1111 1.651924e-10 3.955471e-03
1112 4.292389e-06 4.048331e-02
1113 4.083140e-07 1.748892e-02
1114 2.573568e-09 2.057395e-03
1115 1.521357e-05 3.636028e-02
1116 1.918574e-11 1.479020e-03
1117 2.306601e-09 1.611635e-03
1118 2.849913e-07 6.717463e-03
1119 6.953593e-07 2.381044e-02
1120 2.388688e-08 4.051753e-03
1121 5.118052e-08 6.862881e-03
1122 6.934108e-08 4.109805e-03
1123 1.627644e-08 2.488019e-03
1124 8.773393e-08 3.796964e-03
1125 2.399745e-07 4.742587e-03
1126 1.903221e-07 5.133886e-03
1127 5.145498e-08 3.881807e-03
1128 3.873155e-07 4.636164e-03
1129 5.734049e-08 3.320464e-03
1130 9.863213e-07 5.204247e-03
1131 1.042769e-04 7.501906e-02
1132 2.060011e-04 2.442630e-01
1133 4.010784e-05 4.608080e-02
1134 2.474946e-07 9.189524e-03
1135 6.170360e-07 2.475682e-03
1136 7.404705e-07 4.887848e-03
1137 1.589731e-06 5.599642e-03
1138 1.556335e-05 1.520468e-02
1139 4.152945e-08 5.258195e-03
1140 6.540503e-04 3.112508e-01
1141 7.278961e-05 4.112094e-02
1142 4.127725e-06 9.606897e-03
1143 5.009265e-07 6.810505e-03
1144 5.989252e-06 3.765591e-02
1145 7.339077e-08 9.212562e-03
1146 1.239940e-04 9.654401e-02
1147 8.871408e-06 4.492840e-02
1148 5.680096e-05 2.768489e-02
1149 6.468262e-06 1.264540e-02
1150 1.601479e-06 1.183627e-02
1151 6.083875e-05 2.737914e-02
1152 2.394160e-06 6.586524e-03
1153 9.291058e-07 4.879568e-03
1154 1.559412e-05 1.385045e-02
1155 3.446500e-05 2.831819e-02
1156 2.223602e-04 5.709459e-02
1157 2.152748e-04 9.155151e-02
1158 5.290534e-06 1.536078e-02
1159 7.244197e-04 2.387120e-01
1160 1.012907e-05 1.329700e-02
1161 1.554093e-07 7.568171e-03
1162 2.984830e-05 5.425271e-02
1163 4.938156e-04 3.191931e-01
1164 4.271768e-05 3.374342e-02
1165 1.157310e-04 3.714823e-02
1166 2.551952e-05 5.279445e-02
1167 4.098240e-05 4.476240e-02
1168 9.011183e-05 3.791209e-02
1169 1.777483e-04 6.718372e-02
1170 1.219247e-04 4.824475e-02
1171 1.706625e-05 1.054043e-02
1172 1.449592e-06 2.620272e-02
1173 1.529901e-03 3.444084e-01
1174 3.547594e-04 2.531088e-01
1175 5.255295e-05 4.060267e-02
1176 3.008735e-03 2.370815e+00
1177 8.415300e-08 3.120499e-03
1178 8.944901e-05 3.777012e-02
1179 7.635450e-06 2.450716e-02
1180 2.508583e-04 1.150014e-01
1181 6.081220e-05 2.671641e-02
1182 4.238722e-04 8.035814e-02
1183 3.406521e-04 4.310882e-02
1184 1.943678e-03 2.931547e-01
1185 1.134232e-03 2.518931e-01
1186 5.765153e-05 3.428641e-02
1187 9.386098e-07 9.494328e-03
1188 1.413566e-05 1.101256e-02
1189 1.196749e-04 5.096592e-02
1190 1.022795e-03 3.110899e-01
1191 6.530961e-04 5.412387e-02
1192 2.201327e-04 1.173391e-01
1193 7.773207e-05 4.898292e-02
1194 7.717777e-04 2.333100e-01
1195 4.208627e-04 1.059669e-01
1196 1.185102e-03 2.417610e-01
1197 5.316014e-04 9.365628e-02
1198 1.719495e-05 2.980715e-02
1199 6.155010e-04 1.021633e-01
1200 5.898843e-04 2.111328e-01
1201 1.209316e-05 2.867875e-02
1202 3.508131e-06 1.658262e-02
1203 5.340490e-04 7.657990e-02
1204 2.261942e-04 9.174235e-02
1205 7.028401e-09 4.862316e-03
1206 6.538692e-07 1.823190e-02
1207 6.867368e-08 3.647859e-03
1208 9.219353e-04 1.312524e-01
1209 8.694027e-07 9.030159e-03
1210 6.654085e-09 8.345799e-03
1211 1.630323e-08 3.600295e-03
1212 2.232818e-06 6.186988e-03
1213 7.042202e-07 7.571002e-03
1214 1.062355e-06 9.422965e-03
1215 6.296465e-07 3.472371e-02
1216 1.299093e-10 4.242217e-03
1217 2.577309e-05 2.718294e-01
1218 1.286694e-06 6.851579e-03
1219 1.595302e-08 1.287659e-03
1220 4.166562e-08 3.409655e-03
1221 4.172720e-07 8.551255e-03
1222 2.092666e-03 4.989737e-01
1223 4.589622e-08 2.078445e-03
1224 1.034337e-06 2.360734e-03
1225 2.250367e-04 8.994057e-02
1226 1.574358e-09 2.310087e-03
1227 4.289819e-04 5.872028e-01
1228 6.512729e-06 1.144764e-02
1229 1.390784e-08 1.269584e-03
1230 5.228051e-07 2.738139e-03
1231 7.442041e-07 1.893181e-03
1232 6.288128e-09 2.023391e-03
1233 3.265199e-08 2.255655e-03
1234 2.751347e-05 7.718423e-03
1235 2.050211e-08 2.560382e-03
1236 2.628731e-07 2.993652e-03
1237 6.507436e-06 4.708070e-03
1238 1.621684e-06 4.689828e-03
1239 4.868110e-08 2.337318e-03
1240 1.973880e-03 9.793823e-01
1241 1.565474e-05 7.706138e-03
1242 5.824269e-06 5.613033e-03
1243 6.580221e-07 4.291678e-03
1244 3.907709e-06 4.450535e-03
1245 2.604284e-07 2.962055e-03
1246 3.903528e-07 2.941481e-03
1247 7.749918e-05 3.985058e-02
1248 5.157157e-06 4.726962e-02
1249 5.750653e-07 1.108989e-02
1250 1.535440e-05 2.971975e-02
1251 3.906941e-06 2.042688e-02
1252 1.589897e-06 1.749952e-02
1253 5.804348e-07 1.518985e-02
1254 1.800593e-06 8.798756e-03
1255 1.946542e-03 5.351500e-01
1256 5.217934e-06 9.628802e-03
1257 2.149475e-03 1.346506e+00
1258 1.656757e-04 1.075625e-01
1259 1.232389e-03 3.551047e-01
1260 6.459730e-04 7.053693e-02
1261 1.824911e-09 1.848017e-03
1262 5.024003e-03 5.276293e-01
1263 1.814007e-07 5.536454e-03
1264 9.845311e-05 9.351556e-02
1265 8.379389e-07 3.436736e-03
1266 5.005157e-08 6.924242e-03
1267 4.870137e-09 1.942924e-03
1268 1.820488e-06 7.539793e-03
1269 2.445471e-05 7.215033e-02
1270 4.205137e-04 9.834674e-02
1271 2.870752e-06 1.146313e-02
1272 1.389712e-07 3.338824e-03
1273 9.931003e-07 6.737999e-03
1274 1.269580e-05 2.226901e-02
1275 6.657240e-05 1.006420e-01
1276 1.519480e-04 1.282898e-01
1277 2.362370e-05 1.246279e-01
1278 2.880855e-04 2.452547e-01
1279 1.432650e-07 5.986682e-03
1280 2.091987e-08 7.396977e-03
1281 1.370297e-08 8.544551e-03
1282 4.632855e-07 1.555012e-02
1283 9.165397e-07 1.313549e-02
1284 7.249967e-04 3.119126e-01
1285 8.758030e-06 3.561557e-02
1286 1.621330e-04 1.498404e-01
1287 1.925555e-09 7.191321e-03
1288 3.657655e-05 1.246260e-01
1289 1.205258e-04 1.518383e-01
1290 4.700772e-10 1.825318e-03
1291 1.811911e-05 8.272996e-02
1292 5.890918e-07 1.592819e-02
1293 8.965328e-05 2.221324e-01
1294 6.657406e-08 2.441819e-03
1295 1.937819e-06 1.838629e-02
1296 3.270390e-05 2.494414e-02
1297 7.637489e-04 4.850601e-01
1298 7.347255e-05 2.194222e-01
1299 3.839256e-06 2.321017e-02
1300 8.142342e-04 5.782392e-01
1301 1.313874e-06 5.264501e-03
1302 5.057633e-08 3.798388e-03
1303 1.209103e-05 3.967780e-02
1304 2.573866e-05 5.917961e-02
1305 1.083078e-04 1.403390e-01
1306 1.466253e-04 7.670267e-02
1307 1.217434e-03 4.105987e-01
1308 2.574277e-07 1.052183e-02
1309 2.863927e-04 3.950479e-01
1310 1.153608e-03 5.386696e-01
1311 4.789726e-04 2.270957e-01
1312 1.900989e-03 1.330232e+00
1313 1.293964e-07 4.959301e-03
1314 1.829881e-05 5.004504e-02
1315 9.238807e-08 6.034613e-03
1316 1.333740e-09 4.991581e-03
1317 3.570269e-09 3.432576e-03
1318 1.735550e-07 2.012551e-03
1319 8.942556e-10 2.521157e-03
1320 1.308618e-08 4.482516e-03
1321 1.911938e-09 4.118889e-03
1322 3.968912e-10 1.540503e-03
1323 1.906123e-07 1.499924e-02
1324 1.955814e-05 3.877959e-03
1325 1.603408e-07 6.826411e-03
1326 1.254304e-06 8.438225e-03
1327 1.171196e-06 1.026358e-02
1328 1.194111e-06 7.568960e-03
1329 2.443322e-11 2.764879e-03
1330 7.941983e-07 9.879912e-03
1331 2.649805e-04 1.849381e-01
1332 3.558548e-04 2.519245e-01
1333 5.865976e-06 3.350349e-02
1334 6.831657e-08 2.102533e-02
1335 1.268052e-05 3.440818e-02
1336 5.140886e-07 1.069929e-02
1337 1.079574e-06 6.545803e-03
1338 6.250022e-05 3.857234e-02
1339 2.415253e-05 3.007328e-02
1340 4.487872e-06 1.044597e-02
1341 2.830725e-06 9.229416e-03
1342 1.196391e-09 1.658654e-03
1343 5.194109e-03 8.202354e-01
1344 7.588947e-08 5.169891e-03
1345 5.704647e-04 4.437156e-01
1346 4.162370e-05 9.826864e-02
1347 1.016180e-04 9.890240e-02
1348 2.650294e-05 3.116958e-02
1349 3.689507e-06 1.342358e-02
1350 2.328414e-03 7.933857e-01
1351 1.469436e-03 4.017238e-01
1352 1.623281e-03 5.098640e-01
1353 4.118889e-10 3.320913e-03
1354 2.017673e-08 3.139098e-03
1355 4.557910e-04 5.031227e-02
1356 5.169004e-07 4.633886e-03
1357 7.083426e-07 5.466299e-03
1358 1.138686e-03 5.415167e-01
1359 8.964818e-07 2.575649e-02
1360 4.331214e-06 5.877503e-03
1361 3.535775e-06 1.475876e-02
1362 1.302479e-07 3.818028e-03
1363 1.657141e-09 1.349347e-03
1364 6.815883e-09 1.292783e-03
1365 3.079459e-09 1.908601e-03
1366 1.231429e-07 7.159084e-03
1367 2.459264e-06 3.806943e-02
1368 9.148804e-08 3.360305e-03
1369 1.668447e-08 2.317733e-03
1370 4.147865e-10 1.156468e-03
1371 2.455250e-06 2.917582e-03
1372 1.549796e-08 1.249525e-03
1373 1.049407e-07 2.060479e-03
1374 1.677002e-07 9.160650e-03
1375 2.797634e-03 3.079763e-01
1376 2.058577e-05 3.187202e-02
1377 2.488351e-04 1.045490e-01
1378 7.462453e-08 1.159131e-02
1379 1.762846e-03 1.592990e-01
1380 1.054193e-04 7.097331e-02
1381 7.961545e-07 2.259061e-02
1382 1.225595e-07 2.295729e-03
1383 5.662460e-06 8.185883e-03
1384 2.816570e-03 6.084457e-01
1385 9.246287e-06 4.250134e-02
1386 2.874164e-04 1.842124e-01
1387 2.636514e-03 7.614746e-01
1388 1.833641e-03 6.580412e-01
1389 5.367492e-07 8.142141e-03
1390 4.307239e-04 2.393842e-01
1391 4.057962e-06 1.902790e-02
1392 9.576302e-08 1.609605e-02
1393 5.558337e-08 3.105401e-03
1394 4.197973e-08 1.089312e-02
1395 8.359128e-06 4.543691e-02
1396 1.481133e-07 5.305446e-03
1397 7.457395e-08 4.620785e-03
1398 7.997392e-04 5.498297e-01
1399 2.997146e-05 2.082972e-02
1400 2.566642e-06 9.172493e-03
1401 7.918075e-05 6.481837e-02
1402 3.000388e-07 4.066704e-03
1403 1.238446e-04 7.190165e-03
1404 2.000748e-05 4.405006e-02
1405 5.374364e-08 2.197818e-03
1406 3.552994e-05 2.274993e-02
1407 7.037287e-08 2.708117e-03
1408 2.844927e-08 2.399261e-03
1409 5.944513e-05 5.687077e-02
1410 3.478472e-04 2.265104e-01
1411 2.351115e-05 1.608435e-01
1412 1.634123e-03 4.205056e-01
1413 4.422272e-07 2.514854e-03
1414 2.672340e-03 8.551871e-01
1415 1.010941e-08 3.235005e-03
1416 1.574806e-06 6.280138e-03
1417 1.330689e-05 1.511618e-02
1418 6.060248e-07 4.021415e-03
1419 1.952299e-04 1.257086e-01
1420 7.093471e-04 4.331810e-01
1421 1.132246e-04 1.698969e-01
1422 4.178269e-04 1.155594e-01
1423 2.864681e-03 5.927472e-01
1424 6.854057e-08 9.903481e-03
1425 7.015949e-04 9.471445e-01
1426 1.052634e-03 5.322420e-01
1427 3.750843e-05 4.460113e-02
1428 6.254744e-05 2.117895e-02
1429 2.986115e-06 1.168084e-02
1430 4.701843e-05 4.744289e-02
1431 6.225797e-05 4.917312e-02
1432 2.471145e-04 1.051061e-01
1433 8.194698e-08 7.802775e-03
1434 1.192323e-07 3.260594e-02
1435 7.470342e-06 6.378501e-02
1436 1.566751e-03 4.550367e-01
1437 9.348124e-07 4.915334e-03
1438 2.546386e-05 1.270342e-02
1439 5.860838e-04 1.062982e+00
1440 1.938452e-04 8.072513e-02
1441 2.296798e-03 8.770498e-01
1442 5.590644e-11 2.166490e-03
1443 3.597875e-07 5.637596e-02
1444 5.062248e-07 3.609911e-02
1445 1.686503e-06 4.732289e-02
1446 1.549623e-07 6.451361e-03
1447 3.117128e-04 6.349602e-02
1448 2.730614e-07 9.897492e-03
1449 2.068963e-04 1.365499e-01
1450 2.209622e-04 1.319130e-01
1451 2.569073e-08 1.814440e-03
1452 3.429785e-07 1.412332e-02
1453 2.798659e-07 2.080614e-03
1454 1.748469e-08 1.287626e-02
1455 1.272492e-09 4.418736e-03
1456 4.728042e-06 1.065238e-02
1457 7.038335e-09 5.411831e-03
1458 1.646029e-09 2.875256e-03
1459 1.148139e-05 1.015037e-02
1460 4.893458e-09 4.512081e-03
1461 6.753331e-09 7.683350e-03
1462 4.243374e-08 8.573298e-03
1463 4.872325e-06 3.609023e-02
1464 3.519743e-04 8.246230e-01
1465 6.261009e-04 4.625069e-01
1466 1.779089e-03 4.481184e-01
1467 2.345509e-04 5.634868e-02
1468 1.321788e-03 8.721241e-01
1469 9.110279e-04 5.393247e-01
1470 1.432578e-04 4.694107e-02
1471 1.353257e-04 3.035137e-02
1472 9.981014e-05 1.290667e-01
1473 3.638570e-09 2.959045e-03
1474 4.934146e-10 1.252710e-02
1475 5.101628e-08 4.540011e-03
1476 5.664393e-06 9.374674e-03
1477 3.892327e-04 3.911619e-01
1478 7.895990e-07 2.853512e-02
1479 8.116529e-04 1.795964e-01
1480 2.372410e-04 1.994049e-01
1481 2.827919e-06 3.457632e-02
1482 3.041611e-05 6.654442e-02
1483 1.724797e-06 1.210872e-02
1484 6.192117e-06 8.220079e-03
1485 7.197376e-06 9.557215e-03
1486 1.221691e-03 4.702701e-01
1487 3.397700e-05 1.645556e-02
1488 5.710828e-05 4.994706e-02
1489 1.322642e-04 2.219663e-02
1490 1.673091e-05 1.124104e-02
1491 1.448449e-03 3.390059e-01
1492 1.057076e-06 2.293904e-02
1493 2.136137e-06 5.515330e-03
1494 4.491333e-06 2.288322e-02
1495 2.473612e-04 3.726833e-01
1496 3.734148e-05 1.297419e-02
1497 1.686276e-04 1.240839e-01
1498 4.012237e-03 8.857531e-01
1499 9.257417e-05 6.964375e-02
1500 7.209139e-07 1.033656e-02
1501 4.218706e-04 1.880226e-01
1502 1.487948e-03 2.161672e-01
1503 8.736324e-05 5.971452e-02
1504 1.046360e-03 7.928116e-01
1505 1.822547e-06 7.140851e-02
1506 1.985091e-06 1.787515e-03
1507 6.329638e-04 3.038792e-01
1508 5.215967e-03 1.085411e+00
1509 4.626188e-07 4.430455e-03
1510 5.216477e-08 3.759103e-03
1511 1.095146e-03 3.207302e-01
1512 2.213453e-07 1.076338e-03
1513 5.133386e-07 1.734807e-02
1514 5.620971e-08 5.219716e-03
1515 9.009377e-06 1.090026e-02
1516 2.772793e-05 1.126726e-01
1517 8.623312e-06 1.765201e-02
1518 2.090544e-05 8.745262e-02
1519 8.056582e-10 1.807406e-03
1520 5.877232e-04 1.023090e-01
1521 2.316165e-08 2.453516e-03
1522 3.114251e-08 4.727784e-03
1523 1.849446e-06 7.632711e-03
1524 1.884740e-03 4.566736e-01
1525 7.096650e-05 5.722248e-02
1526 5.053661e-06 2.434216e-02
1527 1.190598e-04 9.814865e-02
1528 2.130898e-05 1.146875e-02
1529 1.777811e-05 2.945500e-02
1530 1.750127e-06 7.406274e-03
1531 1.949592e-03 1.822140e-01
1532 1.460445e-06 2.072921e-02
1533 9.625102e-05 1.236152e-01
1534 1.293419e-03 5.909190e-01
1535 1.134039e-03 6.930054e-01
1536 9.992191e-04 3.719705e-01
1537 8.503021e-08 8.425731e-03
1538 3.450232e-05 3.920357e-01
1539 8.127001e-07 2.705443e-02
1540 1.492822e-08 4.668497e-02
1541 6.186058e-04 3.068416e-01
1542 1.610221e-03 1.475024e+00
1543 1.575545e-08 5.589502e-03
1544 5.194058e-07 1.685350e-02
1545 4.136239e-10 3.642912e-03
1546 6.924921e-05 1.628799e-01
1547 8.626793e-06 3.927659e-02
1548 5.835368e-08 3.962569e-02
1549 7.340022e-10 2.624699e-03
1550 1.097653e-04 8.170046e-02
1551 2.674134e-07 1.656798e-02
1552 1.956615e-08 1.276166e-03
1553 8.080486e-08 3.208026e-03
1554 1.405770e-03 5.601315e-01
1555 1.262549e-03 4.076276e-01
1556 6.627374e-06 4.162696e-02
1557 4.624590e-04 2.913280e-01
1558 1.162175e-03 4.000446e-01
1559 1.313498e-03 5.267100e-01
1560 1.483888e-06 5.839229e-03
1561 3.971254e-04 1.015165e-01
1562 8.584940e-07 1.426938e-02
1563 6.043468e-04 2.384754e-01
1564 1.674460e-07 8.074900e-03
1565 9.946623e-05 1.018089e-01
1566 1.104885e-04 4.177293e-02
1567 8.437557e-06 8.261837e-03
1568 6.611012e-04 4.399598e-02
1569 1.288318e-03 6.365735e-02
1570 1.174399e-04 9.646752e-02
1571 1.785896e-04 8.634003e-02
1572 8.229050e-10 1.951188e-03
1573 1.427468e-03 3.616023e-01
1574 1.008243e-06 5.705634e-03
1575 2.885287e-05 2.486880e-02
1576 3.554672e-05 1.825713e-02
1577 8.200138e-04 3.691105e-01
1578 8.363647e-08 6.680326e-03
1579 6.335933e-05 3.968632e-02
1580 3.620608e-09 2.504810e-03
1581 6.730201e-06 6.172079e-03
1582 2.773231e-06 7.681734e-03
1583 2.227976e-03 2.027534e-01
1584 1.765299e-06 9.908505e-03
1585 2.529556e-03 7.183598e-01
1586 1.537331e-03 6.076075e-01
1587 2.002637e-04 1.638037e-01
1588 4.540911e-04 2.668609e-01
1589 5.829146e-04 2.504371e-01
1590 8.124700e-04 3.958954e-01
1591 2.394409e-05 6.488370e-02
1592 3.339779e-05 4.080400e-02
1593 2.843099e-04 1.526429e-01
1594 4.758614e-05 5.312659e-02
1595 1.002300e-03 7.971634e-02
1596 1.345099e-04 4.174520e-02
1597 7.833422e-05 5.030327e-02
1598 6.637722e-05 1.463105e-01
1599 5.846823e-06 4.914993e-03
1600 1.053190e-03 2.288686e-01
1601 2.098059e-06 1.773819e-03
1602 5.582396e-03 1.028627e+00
1603 1.997757e-08 2.590648e-03
1604 4.762215e-09 2.526559e-03
1605 2.243965e-04 1.330904e-01
1606 1.012664e-10 2.940808e-03
1607 1.569647e-08 1.979305e-03
1608 9.028018e-08 2.094937e-03
1609 8.521619e-04 1.649576e-01
1610 1.912789e-04 1.360797e-01
1611 8.086907e-12 1.884622e-03
1612 3.244085e-08 2.244391e-03
1613 1.260929e-05 5.075697e-03
1614 7.455819e-07 5.504291e-03
1615 6.602361e-04 3.032849e-01
1616 2.921923e-04 1.663196e-01
1617 3.578764e-04 2.187821e-01
1618 1.821186e-04 8.661286e-02
1619 7.694724e-04 6.964526e-01
1620 6.959498e-06 1.131128e-02
1621 5.410509e-04 1.682354e-01
1622 5.976748e-07 5.937378e-03
1623 8.615348e-06 5.392952e-02
1624 2.247762e-08 5.302115e-03
1625 1.187502e-09 1.697792e-03
1626 3.034660e-08 9.854569e-03
1627 9.775040e-08 6.898341e-03
1628 7.296446e-10 1.990316e-03
1629 1.809901e-04 9.582716e-02
1630 3.462885e-10 1.722788e-03
1631 9.433924e-07 1.227643e-02
1632 3.125637e-08 1.017232e-02
1633 5.766352e-05 5.454030e-02
1634 2.047593e-03 8.203543e-01
1635 9.206097e-04 5.267876e-01
1636 2.416562e-03 1.352503e+00
1637 7.414915e-04 1.796425e-01
1638 1.359269e-03 1.458783e-01
1639 3.204737e-03 1.196382e+00
1640 1.530991e-03 3.952009e-01
1641 6.730864e-04 4.154565e-01
1642 4.681519e-04 1.185599e-01
1643 1.861228e-05 5.847052e-02
1644 4.476402e-04 2.010552e-01
1645 1.242685e-08 1.659552e-03
1646 1.566727e-03 1.429900e-01
1647 1.323028e-04 4.002350e-01
1648 8.692759e-07 6.657402e-03
1649 1.316428e-05 3.788157e-02
1650 9.626361e-04 4.560907e-01
1651 1.232481e-04 1.205043e-02
1652 1.761770e-03 9.163417e-01
1653 1.514986e-03 8.404509e-01
1654 5.215310e-08 2.855056e-03
1655 1.667060e-06 8.711470e-03
1656 1.785711e-10 3.791156e-03
1657 1.844977e-09 1.275092e-03
1658 4.311586e-08 3.472722e-03
1659 4.471668e-07 1.106278e-02
1660 3.680525e-11 2.013570e-03
1661 4.384718e-04 1.683389e-01
1662 7.526974e-09 8.360056e-03
1663 5.841513e-05 7.514501e-02
1664 2.180932e-09 7.017831e-03
1665 2.624961e-03 1.603611e-01
1666 1.589587e-05 1.053987e-01
1667 4.555853e-05 7.009964e-02
1668 9.574040e-07 3.209585e-03
1669 1.871436e-06 6.650746e-03
1670 9.478739e-07 1.148835e-02
1671 2.843351e-08 4.716033e-03
1672 2.136304e-06 3.288129e-02
1673 1.483078e-04 8.482274e-02
1674 3.762437e-05 5.185462e-03
1675 1.206511e-04 5.469219e-02
1676 1.306369e-08 1.488635e-03
1677 1.838368e-05 2.171497e-02
1678 5.731159e-04 3.254256e-01
1679 2.454432e-05 1.504844e-02
1680 2.096455e-06 1.892984e-02
1681 2.473420e-04 1.189084e-01
1682 4.369657e-06 8.584453e-03
1683 5.315684e-09 1.427040e-02
1684 1.414073e-08 7.037383e-03
1685 2.831610e-11 2.228347e-03
1686 5.593527e-06 4.963494e-02
1687 1.841690e-05 2.267453e-02
1688 3.973500e-09 1.181034e-03
1689 4.908565e-06 4.594615e-02
1690 2.328677e-06 1.144000e-02
1691 2.356991e-04 8.493336e-02
1692 1.045571e-03 8.157002e-01
1693 3.264890e-04 6.558319e-01
1694 6.539816e-04 2.303544e-01
1695 8.419581e-07 9.287073e-03
1696 1.133118e-08 3.059688e-03
1697 2.944673e-09 6.228391e-03
1698 1.068422e-04 1.644763e-01
1699 2.616788e-07 1.733371e-02
1700 4.323540e-04 6.138754e-02
1701 6.718433e-07 1.070440e-02
1702 1.617565e-06 6.355176e-03
1703 9.776203e-06 1.679057e-02
1704 2.759602e-06 7.447951e-03
1705 5.829153e-04 4.680057e-01
1706 4.816729e-05 5.789084e-02
1707 4.158551e-07 3.556419e-03
1708 3.080981e-12 2.066073e-03
1709 2.467001e-11 5.400189e-03
1710 1.569300e-10 1.420091e-03
1711 4.849484e-08 1.075620e-02
1712 1.039684e-07 5.684371e-03
1713 1.921417e-09 4.481554e-03
1714 3.966229e-08 6.154759e-03
1715 2.234071e-07 4.577605e-03
1716 1.164294e-09 6.170876e-03
1717 5.959130e-10 2.196913e-03
1718 1.763709e-07 1.829892e-02
1719 7.830822e-13 1.983144e-03
1720 4.033883e-07 4.897789e-03
1721 3.178108e-10 1.543075e-03
1722 5.928879e-07 1.303864e-02
1723 2.300853e-11 1.305811e-03
1724 4.619773e-12 1.416024e-03
1725 4.473723e-09 1.943320e-03
1726 1.030071e-06 3.794925e-02
1727 1.788914e-09 1.036304e-02
1728 2.553617e-09 2.571037e-03
1729 9.534302e-07 1.451217e-02
1730 3.199306e-08 4.534041e-03
1731 1.766612e-08 4.025990e-03
1732 1.134237e-03 2.074386e-01
1733 2.420969e-03 3.659622e-01
1734 7.711147e-04 5.198940e-01
1735 5.438524e-06 7.572070e-02
1736 3.333408e-08 7.940474e-03
1737 2.633815e-06 9.482640e-03
1738 1.363931e-04 2.629162e-01
1739 1.745618e-03 4.447073e-01
1740 2.353259e-06 2.538019e-02
1741 3.811625e-11 1.330464e-03
1742 2.048278e-08 1.711742e-03
1743 1.683108e-08 4.125450e-03
1744 4.188410e-08 2.080159e-03
1745 1.608444e-10 2.243354e-03
1746 7.472110e-08 8.587993e-03
1747 4.660873e-07 2.371194e-02
1748 1.663768e-04 1.675040e-02
1749 7.850896e-07 7.093135e-03
1750 1.315909e-06 8.897395e-03
1751 5.710574e-09 4.101546e-03
1752 4.617919e-09 7.636111e-03
1753 2.097285e-05 1.128016e-01
1754 5.897201e-04 5.823690e-01
1755 3.871719e-03 6.121269e-01
1756 7.349814e-07 2.011707e-02
1757 4.826800e-05 8.653287e-02
1758 1.516547e-03 8.711455e-01
1759 4.023021e-04 1.896552e-01
1760 5.527879e-04 3.558239e-01
1761 2.943450e-03 9.165733e-01
1762 2.816922e-03 8.705441e-01
1763 4.727010e-05 2.185477e-01
1764 4.060581e-05 3.140535e-02
1765 2.778324e-05 5.143432e-02
1766 6.158423e-04 3.552399e-01
1767 4.957809e-05 7.742062e-02
1768 1.365044e-05 3.725390e-02
1769 9.837670e-05 1.688307e-01
1770 9.640236e-04 2.758771e-01
1771 1.339747e-05 1.258822e-01
1772 1.798064e-08 4.459007e-03
1773 2.839548e-03 2.265772e+00
1774 1.439250e-03 4.401549e-01
1775 2.292999e-03 1.457783e+00
1776 9.739534e-04 3.093139e-01
1777 5.633908e-05 6.205517e-02
1778 1.396570e-03 7.587485e-01
1779 1.753125e-03 1.637074e-01
1780 2.461272e-05 7.453434e-02
1781 6.407034e-05 4.052558e-02
1782 1.286450e-05 4.049469e-02
1783 2.557794e-03 1.119290e+00
1784 2.744305e-05 8.611327e-02
1785 2.275295e-05 1.100538e-01
1786 1.328034e-03 7.619932e-02
1787 7.948482e-04 1.307493e-01
1788 8.826436e-04 4.452739e-01
1789 7.430912e-05 1.954113e-01
1790 7.580017e-06 2.076957e-02
1791 2.488482e-05 1.702664e-01
1792 5.691303e-04 3.560074e-01
1793 3.507561e-04 1.110457e-01
1794 9.094155e-05 4.778376e-02
1795 9.523985e-05 4.631564e-02
1796 5.713316e-05 1.247098e-01
1797 3.632952e-05 1.203434e-01
1798 5.300921e-06 5.079289e-02
1799 1.054366e-06 1.615996e-02
1800 6.600354e-05 2.214226e-01
1801 3.697623e-05 4.924047e-02
1802 1.416999e-03 8.876554e-01
1803 8.249568e-04 3.901617e-01
1804 5.463909e-04 3.273870e-01
1805 6.500985e-05 1.021026e-01
1806 6.945784e-05 7.689148e-02
1807 4.034112e-05 3.870568e-02
1808 5.121860e-04 3.391583e-01
1809 3.582666e-06 2.375966e-02
1810 7.813586e-08 9.325753e-03
1811 1.985550e-07 1.307055e-02
1812 6.586230e-05 2.787130e-02
1813 7.477317e-06 1.080197e-02
1814 3.856935e-08 2.086809e-02
1815 1.953330e-06 7.464413e-02
1816 5.979717e-06 3.082688e-02
1817 2.040002e-04 1.094700e-01
1818 1.252544e-06 4.663606e-02
1819 7.328700e-04 8.613210e-01
1820 1.803065e-04 1.789080e-01
1821 3.031960e-05 3.227839e-02
1822 1.228432e-06 2.105358e-02
1823 1.849046e-06 4.878725e-02
1824 5.394501e-04 1.555593e-01
1825 1.478328e-03 5.707309e-01
1826 2.229920e-04 1.438866e-01
1827 1.747517e-06 1.262600e-02
1828 2.809714e-06 1.840424e-02
1829 1.858483e-06 1.710939e-02
1830 3.425087e-03 1.360047e+00
1831 4.542868e-06 9.751127e-03
1832 3.214659e-04 8.169600e-02
1833 2.517447e-09 1.114253e-02
1834 6.561116e-06 2.491061e-02
1835 1.859341e-09 8.520722e-03
1836 9.334021e-07 6.951721e-03
1837 1.120817e-03 3.571686e-01
1838 4.606291e-05 3.982977e-02
1839 5.417156e-06 4.709061e-02
1840 3.109996e-05 8.732966e-02
1841 1.699443e-05 5.360506e-02
1842 3.952647e-06 2.252414e-02
1843 1.410488e-05 1.928046e-02
1844 7.096359e-06 2.172193e-02
1845 1.685769e-04 3.998547e-02
1846 1.587642e-06 7.446219e-03
1847 4.325602e-05 1.939892e-02
1848 9.764625e-07 1.293655e-02
1849 1.989900e-07 1.539925e-02
1850 3.630153e-07 1.006547e-02
1851 6.977999e-07 6.223199e-03
1852 1.689476e-07 4.856721e-03
1853 1.293774e-05 5.276591e-03
1854 3.482961e-04 1.324636e-01
1855 3.995794e-06 3.003599e-02
1856 2.703710e-04 1.264046e-01
1857 3.823844e-04 2.638375e-01
1858 6.870105e-05 1.173041e-01
1859 1.979424e-06 6.095539e-03
1860 1.493706e-03 2.451114e-01
1861 8.018030e-09 7.876730e-03
1862 2.076310e-06 1.003795e-02
1863 1.407875e-06 2.652115e-02
1864 9.686912e-04 2.458887e-01
1865 5.851645e-04 1.159533e-01
1866 2.453410e-06 5.058500e-02
1867 4.994557e-07 1.206266e-02
1868 2.673913e-08 9.839470e-03
1869 2.504235e-08 6.762544e-03
1870 3.858269e-07 1.604473e-02
1871 6.082397e-04 4.086690e-01
1872 8.277031e-04 2.802390e-01
1873 1.024179e-04 4.266575e-02
1874 1.638388e-05 1.011759e-01
1875 9.432436e-04 2.722702e-01
1876 8.700120e-05 1.757621e-02
1877 5.387833e-05 4.184934e-02
1878 2.503558e-05 1.282341e-02
1879 2.000760e-05 3.862060e-02
1880 2.358298e-05 2.401172e-02
1881 2.137920e-04 3.436017e-01
1882 1.233066e-06 6.505357e-02
1883 1.572151e-06 4.453211e-02
1884 1.464570e-05 9.064267e-02
1885 1.410837e-06 3.903556e-02
1886 6.721357e-06 1.167598e-01
1887 4.516501e-07 8.735619e-03
1888 9.255951e-08 1.633584e-02
1889 5.132296e-08 7.997767e-03
1890 1.064060e-10 5.479534e-03
1891 2.324151e-08 5.628709e-03
1892 7.489911e-07 6.083530e-03
1893 4.828404e-10 2.192671e-02
1894 7.572540e-06 6.387130e-02
1895 8.904060e-05 4.015160e-02
1896 1.493584e-07 5.068770e-03
1897 4.729432e-09 3.676899e-03
1898 5.588904e-06 4.115178e-03
1899 2.399193e-05 2.552965e-02
1900 1.024398e-05 2.507376e-02
1901 1.842742e-10 1.743948e-03
1902 2.821512e-03 4.791938e-01
1903 5.606397e-04 4.186515e-01
1904 3.078536e-04 5.539154e-02
1905 8.678074e-04 2.524712e-01
1906 3.051503e-03 8.781976e-01
1907 4.385430e-08 7.412489e-03
1908 3.129278e-07 8.252862e-03
1909 1.432228e-06 5.488098e-03
1910 1.043195e-04 5.939426e-02
1911 4.598526e-07 1.206287e-02
1912 6.242713e-05 8.291810e-02
1913 9.713723e-05 8.411255e-02
1914 3.189137e-04 2.326641e-01
1915 2.414101e-03 9.169648e-01
1916 6.150242e-04 3.371141e-01
1917 3.167465e-04 2.153616e-01
1918 3.623918e-04 2.274260e-01
1919 1.354059e-03 4.554269e-01
1920 1.576631e-05 7.334023e-02
1921 1.043396e-05 4.723638e-02
1922 5.434880e-04 2.592500e-01
1923 5.042101e-04 1.977097e-01
1924 1.025820e-03 4.646253e-01
1925 8.702663e-06 7.633304e-02
1926 4.521660e-06 2.534607e-02
1927 2.332442e-04 1.708806e-01
1928 2.614059e-04 3.789917e-01
1929 1.417378e-04 7.022877e-02
1930 2.602672e-07 6.101366e-03
1931 1.346804e-07 3.884706e-02
1932 6.862069e-08 2.590843e-02
1933 1.799510e-04 7.988038e-02
1934 4.058588e-07 7.639759e-03
1935 2.511448e-05 6.714211e-02
1936 5.315245e-06 2.278460e-02
1937 3.718916e-04 1.817411e-01
1938 1.424976e-03 2.242074e-01
1939 1.140057e-04 9.249006e-02
1940 4.087379e-05 1.060120e-01
1941 1.140182e-07 7.998661e-03
1942 1.729120e-04 1.893261e-01
1943 3.618805e-04 1.394154e-01
1944 1.191040e-05 3.842675e-02
1945 1.801605e-06 1.414972e-02
1946 4.527455e-05 1.448993e-01
1947 2.502761e-05 2.810686e-02
1948 5.177097e-04 2.129160e-01
1949 1.294721e-03 8.036529e-01
1950 7.745471e-04 3.206967e-01
1951 1.369585e-03 4.088400e-01
1952 7.074823e-05 1.525065e-01
1953 3.417954e-05 2.771929e-02
1954 5.832358e-05 1.971470e-02
1955 1.070500e-03 7.244804e-01
1956 2.843334e-03 5.440780e-01
1957 3.476110e-03 9.446655e-01
1958 1.105289e-03 5.377653e-01
1959 2.620736e-09 7.319802e-03
1960 3.528691e-05 2.017724e-02
1961 1.000013e-11 2.938944e-03
1962 2.260283e-08 7.224957e-03
1963 9.349041e-11 2.056926e-03
1964 2.876617e-10 3.510104e-03
1965 2.569299e-05 5.413294e-02
1966 8.020818e-07 1.214309e-02
1967 5.428634e-04 3.004692e-01
1968 2.273773e-05 2.723558e-02
1969 9.043300e-06 2.184649e-02
1970 1.393171e-06 9.811798e-03
1971 3.039869e-06 2.668509e-02
1972 2.014970e-08 7.143391e-03
1973 8.641915e-04 3.324542e-01
1974 4.090303e-06 4.123425e-02
1975 1.502592e-06 1.715004e-02
1976 2.168983e-05 3.437283e-02
1977 1.092149e-03 3.266979e-01
1978 1.920809e-04 7.511653e-02
1979 5.404276e-04 1.176662e-01
1980 1.239066e-03 1.764818e-01
1981 2.139243e-03 1.343560e-01
1982 6.167552e-05 1.731491e-01
1983 1.059776e-03 7.733027e-01
1984 5.473282e-05 1.020627e-01
1985 3.225802e-05 2.358429e-01
1986 5.136837e-05 9.036537e-02
1987 9.770896e-04 9.723373e-01
1988 1.873451e-05 5.422390e-02
1989 1.429434e-05 5.538910e-02
1990 9.058448e-04 2.672049e-01
1991 1.864166e-07 1.452110e-02
1992 8.712240e-05 6.419816e-02
1993 1.204624e-03 3.687655e-01
1994 4.468567e-04 1.057178e-01
1995 2.292742e-05 7.878728e-02
1996 1.577452e-04 1.007956e-01
1997 2.253334e-03 1.070814e+00
1998 8.646106e-05 2.763124e-01
1999 4.350374e-03 6.148529e-01
2000 1.556553e-03 2.905804e-01
