1 5.430674e-03 3.360742e-01
2 1.517697e-05 1.901281e-02
3 3.704546e-06 2.373351e-03
4 4.048618e-07 1.838138e-03
5 9.889871e-07 2.573446e-03
6 1.522872e-03 2.184138e-01
7 1.926217e-05 1.010740e-02
8 1.188015e-05 4.138241e-02
9 1.392903e-08 2.382765e-03
10 7.986599e-05 8.393265e-02
11 7.696781e-07 5.135112e-03
12 4.859329e-08 1.229279e-03
13 4.338393e-04 1.926410e-01
14 4.052051e-07 7.596563e-03
15 1.270853e-06 2.936199e-03
16 2.938194e-05 2.388215e-02
17 6.576331e-07 1.893959e-03
18 1.222966e-03 1.578978e-01
19 3.048975e-06 7.543985e-03
20 9.796010e-10 1.022686e-03
21 5.776534e-03 5.023220e-01
22 1.398934e-05 4.724221e-03
23 2.679867e-05 2.661126e-02
24 1.067667e-03 1.780773e-01
25 7.878554e-04 1.220557e-01
26 4.065530e-06 3.669271e-03
27 9.272535e-05 9.923011e-03
28 1.435311e-06 3.503882e-03
29 1.683892e-03 3.339014e-01
30 1.936325e-03 5.191486e-01
31 4.070984e-04 2.220254e-01
32 3.838170e-05 8.032487e-03
33 1.074710e-07 1.219080e-03
34 9.763665e-08 1.147327e-03
35 1.513908e-06 3.007395e-03
36 1.086422e-03 3.285827e-01
37 2.612117e-04 4.937729e-02
38 3.021483e-06 8.444199e-03
39 6.426891e-08 1.947131e-03
40 7.023519e-07 3.474336e-03
41 1.494695e-04 1.734606e-02
42 8.507110e-07 4.985586e-03
43 7.383662e-04 2.375537e-01
44 1.008019e-04 6.034708e-02
45 2.605973e-04 1.109408e-01
46 1.592377e-05 8.506467e-03
47 1.653338e-04 2.612254e-01
48 1.310286e-04 9.007206e-02
49 1.061658e-05 8.298922e-03
50 2.908587e-03 3.385696e-01
51 1.530985e-05 1.139640e-02
52 1.248410e-05 2.317521e-02
53 3.061539e-05 5.243600e-03
54 2.330611e-06 9.714309e-03
55 4.165106e-06 4.941292e-03
56 8.199146e-05 6.975840e-03
57 5.709226e-06 1.425229e-02
58 5.057910e-04 5.556987e-02
59 1.377265e-04 3.269189e-02
60 1.353879e-08 1.409839e-03
61 3.304015e-03 6.058695e-01
62 3.078046e-06 3.262652e-02
63 1.539380e-06 1.867033e-03
64 4.393095e-07 4.149315e-03
65 1.077896e-04 3.854283e-02
66 1.244101e-05 4.130494e-03
67 1.493051e-06 7.184235e-03
68 1.196122e-05 7.415312e-03
69 1.628486e-07 1.415604e-03
70 2.131744e-07 1.336250e-03
71 3.354854e-04 1.797888e-01
72 3.130767e-05 1.848289e-02
73 4.317349e-07 4.132699e-03
74 2.658884e-04 1.664571e-01
75 7.075410e-05 7.982522e-03
76 2.511750e-06 2.751968e-03
77 1.688674e-05 3.654393e-02
78 4.746771e-04 2.181105e-01
79 5.392813e-04 6.605191e-02
80 6.877089e-06 2.449395e-03
81 3.736331e-06 1.507235e-03
82 1.474999e-05 3.727271e-03
83 1.963937e-04 1.413954e-02
84 5.235666e-07 1.839087e-03
85 2.529397e-04 4.061099e-02
86 5.920598e-06 6.250440e-03
87 8.444780e-07 2.790715e-03
88 2.545551e-07 1.690403e-03
89 2.533872e-05 2.142299e-02
90 7.235694e-04 1.362972e-01
91 1.367186e-03 7.915327e-02
92 6.026931e-03 4.834941e-01
93 8.825038e-06 1.332658e-02
94 7.073366e-06 3.843188e-03
95 4.538982e-03 4.454460e-01
96 1.994688e-05 8.859124e-03
97 4.128020e-06 3.502611e-02
98 4.213968e-06 3.365591e-03
99 8.393288e-05 7.830752e-03
100 5.267789e-03 7.186424e-01
101 1.196280e-05 4.521430e-03
102 7.377393e-06 1.456844e-02
103 2.584616e-03 1.627076e-01
104 1.538622e-04 3.102302e-02
105 3.604030e-04 4.421004e-02
106 9.791408e-07 8.947632e-03
107 2.292140e-07 2.870141e-03
108 6.255077e-06 1.866443e-02
109 7.946908e-07 5.076082e-03
110 1.058074e-05 1.095008e-02
111 2.560295e-03 2.671365e-01
112 5.493795e-04 6.675285e-02
113 2.660733e-03 3.425922e-01
114 1.713909e-03 2.317331e-01
115 5.495608e-04 1.066157e-01
116 1.412629e-03 1.444053e-01
117 7.434650e-04 6.581819e-02
118 2.168770e-03 1.725871e-01
119 2.503572e-08 4.547088e-03
120 2.115569e-08 3.639890e-03
121 1.876355e-07 1.148694e-02
122 4.290380e-07 1.856200e-03
123 4.143003e-06 5.632482e-03
124 5.163431e-05 1.121616e-02
125 2.571263e-08 3.997583e-03
126 1.956962e-06 5.932097e-03
127 3.237463e-07 9.641326e-03
128 1.217279e-06 7.751675e-03
129 3.848136e-07 4.447187e-03
130 3.394694e-07 3.957104e-03
131 2.303370e-07 5.879654e-03
132 8.673950e-07 4.586377e-03
133 3.338604e-07 7.647393e-03
134 1.957539e-05 1.996077e-02
135 1.720424e-07 4.521891e-03
136 8.135471e-07 4.029366e-03
137 7.638899e-06 1.207706e-02
138 3.999805e-07 9.348655e-03
139 9.166681e-07 8.671398e-03
140 2.298602e-07 5.164615e-03
141 4.902002e-08 3.027726e-03
142 2.906533e-07 3.096402e-03
143 7.373368e-07 6.834992e-03
144 2.760317e-07 8.552406e-03
145 4.674873e-08 4.696422e-03
146 3.006847e-07 6.105947e-03
147 4.961132e-07 6.278431e-03
148 1.515887e-07 7.978745e-03
149 8.900599e-07 4.224709e-03
150 5.860773e-08 3.985642e-03
151 2.067189e-06 9.881684e-03
152 9.160318e-07 5.881778e-03
153 2.807664e-07 2.967556e-03
154 9.736856e-08 3.758335e-03
155 4.883822e-08 3.021491e-03
156 7.556714e-07 3.807744e-03
157 1.567292e-07 4.018641e-03
158 3.152968e-06 4.407008e-03
159 1.377698e-06 5.811358e-03
160 1.018792e-06 5.088239e-03
161 9.285720e-08 3.124336e-03
162 3.369219e-08 3.001084e-03
163 1.214750e-07 3.074457e-03
164 9.739433e-09 1.642040e-03
165 1.062249e-08 1.681666e-03
166 4.316106e-09 1.657271e-03
167 6.089567e-08 2.935041e-03
168 4.585161e-07 3.273832e-03
169 3.526627e-06 5.850502e-03
170 6.346491e-09 1.639476e-03
171 2.524162e-07 3.406548e-03
172 5.721045e-08 3.216704e-03
173 3.106220e-08 1.618531e-03
174 1.171446e-07 3.084124e-03
175 1.518013e-07 3.089381e-03
176 7.195195e-08 2.996049e-03
177 2.469843e-08 1.656122e-03
178 5.336511e-07 2.267367e-03
179 2.029519e-08 1.614232e-03
180 1.166628e-07 3.091729e-03
181 5.556771e-08 2.123850e-03
182 1.176988e-07 3.395485e-03
183 6.997161e-09 1.196318e-03
184 9.009259e-09 1.614625e-03
185 1.977831e-08 1.232603e-03
186 1.432918e-07 2.174827e-03
187 2.285212e-08 1.906442e-03
188 3.709006e-09 1.592469e-03
189 4.477303e-09 1.133857e-03
190 1.171220e-08 1.208374e-03
191 2.666281e-05 1.699284e-02
192 4.909475e-06 3.670969e-03
193 1.847804e-04 2.913420e-02
194 2.010387e-04 2.652212e-02
195 9.738980e-06 5.974785e-03
196 3.251252e-05 1.243344e-02
197 1.592688e-04 2.009978e-02
198 1.136503e-05 5.923970e-03
199 1.418665e-05 1.291459e-02
200 2.826116e-05 9.467171e-03
201 5.872568e-05 1.087353e-02
202 4.269189e-05 1.917619e-02
203 1.282732e-06 3.472750e-03
204 1.296076e-05 4.903300e-03
205 7.752295e-06 7.853544e-03
206 3.302901e-06 3.768203e-03
207 7.693631e-06 9.292792e-03
208 4.040064e-07 3.450166e-03
209 7.531799e-06 7.848659e-03
210 5.232483e-06 4.508686e-03
211 1.002700e-06 2.381484e-03
212 1.184602e-04 1.993310e-02
213 1.600946e-06 2.406562e-03
214 1.107188e-06 4.225996e-03
215 5.818176e-06 4.460251e-03
216 4.287700e-05 6.603528e-03
217 1.020888e-06 2.070262e-03
218 5.490337e-05 2.213628e-02
219 4.329082e-05 1.377894e-02
220 1.398806e-06 3.496925e-03
221 2.405443e-06 3.828914e-03
222 3.834057e-06 6.887921e-03
223 2.683912e-06 9.606168e-03
224 2.226940e-08 3.042231e-03
225 4.408367e-07 5.410142e-03
226 3.001704e-07 3.626676e-03
227 3.716267e-07 4.242325e-03
228 5.866954e-07 4.999301e-03
229 5.299089e-06 1.331221e-02
230 1.263082e-06 7.678753e-03
231 2.425090e-06 6.540856e-03
232 5.996250e-07 5.019339e-03
233 6.321485e-07 6.108039e-03
234 5.958517e-07 4.885858e-03
235 4.054279e-08 4.500378e-03
236 8.417932e-07 4.931124e-03
237 2.139930e-08 3.366631e-03
238 4.011850e-07 5.694808e-03
239 4.782993e-08 3.543142e-03
240 3.963417e-07 3.135776e-03
241 4.906491e-07 4.008765e-03
242 7.941511e-07 4.925655e-03
243 3.305951e-08 3.169290e-03
244 2.502028e-07 4.664868e-03
245 5.436575e-07 4.943315e-03
246 8.726085e-08 3.831171e-03
247 5.485979e-07 4.895648e-03
248 6.283347e-08 2.657239e-03
249 1.535503e-06 7.517823e-03
250 3.346853e-07 4.134964e-03
251 1.653898e-07 2.878646e-03
252 2.411031e-06 6.708731e-03
253 2.328602e-08 3.332697e-03
254 1.050584e-07 4.815427e-03
255 6.827904e-07 6.398225e-03
256 8.929571e-08 2.729361e-03
257 1.120377e-07 3.434449e-03
258 3.643757e-05 4.672122e-03
259 5.843740e-05 9.213460e-03
260 7.779956e-05 1.299598e-02
261 1.008391e-04 1.019298e-02
262 2.641602e-05 6.198745e-03
263 2.573488e-05 6.843537e-03
264 6.218253e-05 1.887938e-02
265 4.291025e-06 7.107377e-03
266 7.846766e-05 1.600503e-02
267 1.037001e-04 3.897124e-02
268 1.572577e-05 2.055500e-02
269 2.816338e-05 3.154161e-02
270 4.539453e-06 4.296872e-03
271 1.233054e-05 7.086412e-03
272 2.692011e-06 6.809355e-03
273 3.070069e-06 4.400491e-03
274 4.617651e-06 5.413214e-03
275 4.233755e-06 8.548479e-03
276 1.261963e-04 3.282177e-02
277 8.056376e-07 3.456427e-03
278 2.111384e-06 2.658723e-03
279 2.935265e-05 1.591078e-02
280 5.691468e-06 5.978981e-03
281 4.698904e-06 8.515369e-03
282 5.544813e-06 1.240351e-02
283 3.988583e-06 3.286932e-03
284 3.841675e-05 7.604361e-03
285 2.281351e-04 1.963958e-02
286 2.563274e-04 2.786343e-02
287 1.799431e-05 6.442243e-03
288 4.012309e-05 1.347327e-02
289 2.334258e-04 3.507758e-02
290 3.594945e-04 4.553476e-02
291 1.944363e-05 7.443979e-03
292 1.062872e-04 1.585222e-02
293 4.126914e-05 1.705116e-02
294 6.144327e-05 2.622115e-02
295 3.386446e-06 1.795061e-02
296 2.715821e-04 8.771193e-02
297 2.324009e-03 3.239690e-01
298 8.451458e-05 2.848072e-02
299 6.314604e-06 4.314629e-03
300 1.388782e-06 4.553354e-03
301 1.166785e-03 4.554307e-02
302 1.019958e-06 5.049517e-03
303 2.681505e-07 3.063390e-03
304 4.468026e-08 2.273371e-03
305 5.992192e-08 2.658670e-03
306 4.572819e-08 2.686989e-03
307 2.132560e-09 2.646300e-03
308 7.950609e-09 2.581216e-03
309 4.277189e-06 4.644265e-03
310 2.280633e-08 3.221678e-03
311 3.321150e-09 2.653430e-03
312 2.439110e-07 2.195738e-03
313 2.950197e-09 2.542405e-03
314 1.107739e-08 2.548157e-03
315 3.303132e-09 2.676239e-03
316 1.973924e-08 2.819707e-03
317 2.701558e-09 1.929699e-03
318 1.441534e-08 1.946365e-03
319 8.312714e-07 2.175129e-03
320 2.117918e-09 2.507053e-03
321 2.379190e-09 1.425948e-03
322 1.045329e-04 5.658481e-02
323 3.838299e-04 7.519420e-02
324 5.187387e-07 9.466926e-03
325 2.501933e-05 1.272274e-02
326 1.789745e-07 3.474957e-03
327 2.819057e-05 2.260932e-02
328 3.494553e-06 9.488027e-03
329 2.528534e-04 7.544314e-02
330 3.490338e-03 3.124978e-01
331 7.641868e-05 3.053092e-02
332 3.800171e-04 1.492616e-01
333 2.567069e-06 4.864156e-03
334 9.371349e-06 1.385330e-02
335 2.859145e-06 8.256638e-03
336 9.363285e-06 1.493131e-02
337 1.582967e-04 5.587657e-02
338 3.557801e-05 1.797881e-02
339 1.764084e-03 1.725233e-01
340 1.199524e-05 4.715196e-03
341 3.050124e-05 4.543473e-03
342 6.041112e-05 1.319142e-02
343 1.028541e-04 3.284617e-02
344 9.289878e-06 3.745955e-03
345 2.074787e-05 6.946874e-03
346 2.110797e-06 2.445146e-03
347 2.273009e-06 2.910410e-03
348 2.873000e-05 8.691711e-03
349 1.674839e-05 9.868041e-03
350 6.583263e-07 3.241831e-03
351 1.504619e-06 2.826230e-03
352 4.864038e-06 2.582391e-03
353 1.153074e-05 4.812112e-03
354 9.879108e-06 3.944308e-03
355 4.605464e-06 4.142675e-03
356 1.109341e-06 2.338758e-03
357 4.605606e-05 8.147870e-03
358 9.081725e-05 2.021447e-02
359 3.938141e-05 6.077718e-03
360 1.101101e-05 5.782199e-03
361 7.202486e-05 3.618034e-02
362 1.719888e-06 2.418283e-03
363 1.627271e-06 3.335434e-03
364 4.864038e-06 2.582391e-03
365 7.724494e-05 2.164520e-02
366 3.002812e-05 7.589363e-03
367 1.698600e-05 9.455020e-03
368 1.674839e-05 9.868041e-03
369 2.732608e-04 7.122585e-02
370 4.379698e-06 1.344598e-02
371 1.231482e-05 1.873448e-02
372 2.307486e-03 5.893082e-01
373 1.677288e-04 1.611556e-01
374 3.184272e-03 3.702156e-01
375 9.883066e-06 2.376898e-02
376 4.839257e-04 1.021979e-01
377 2.175723e-06 8.816732e-03
378 6.344668e-05 1.848534e-02
379 1.003272e-05 8.124824e-03
380 3.503932e-05 8.562789e-03
381 8.273715e-07 1.863437e-03
382 1.098927e-05 9.785412e-03
383 3.836996e-07 1.804634e-03
384 2.762221e-05 6.919296e-03
385 1.415858e-07 4.583531e-03
386 9.787243e-06 6.106204e-03
387 3.470217e-05 1.361493e-02
388 9.742446e-08 2.758857e-03
389 2.542144e-06 5.750740e-03
390 7.011948e-07 4.656931e-03
391 2.254407e-05 2.949584e-02
392 3.460559e-05 8.510379e-03
393 7.978890e-05 1.311706e-02
394 1.291914e-06 2.909967e-03
395 1.612914e-05 7.803467e-03
396 5.176181e-05 3.224710e-02
397 3.309001e-05 1.374274e-02
398 1.230326e-04 1.963492e-02
399 1.623542e-05 8.633884e-03
400 1.397668e-04 2.616811e-02
401 4.602697e-06 7.734585e-03
402 1.417774e-06 6.853980e-03
403 1.277712e-05 8.448661e-03
404 2.048950e-05 1.307494e-02
405 9.069382e-06 1.034186e-02
406 8.136259e-06 8.492236e-03
407 6.245768e-07 4.497081e-03
408 1.705659e-05 8.565353e-03
409 7.652132e-04 9.124248e-02
410 2.355092e-05 1.738895e-02
411 1.572199e-05 1.618666e-02
412 1.053418e-04 3.084084e-02
413 1.004340e-05 7.242922e-03
414 5.542271e-06 9.106324e-03
415 3.805886e-06 5.479292e-03
416 2.786801e-06 6.547452e-03
417 5.543988e-06 9.283075e-03
418 2.978696e-04 5.328255e-02
419 4.121948e-04 1.150673e-01
420 5.402510e-05 3.753597e-02
421 5.327314e-05 1.867141e-02
422 4.950774e-05 2.797672e-02
423 1.446490e-04 6.225035e-02
424 2.999203e-04 1.776559e-01
425 2.809289e-04 5.891483e-02
426 7.731312e-05 4.161287e-02
427 5.225209e-04 1.235971e-01
428 4.458242e-05 3.037634e-02
429 2.931970e-05 2.546065e-02
430 6.580918e-05 3.280617e-02
431 5.386992e-05 4.177300e-02
432 4.032946e-05 2.039035e-02
433 2.582373e-05 1.849170e-02
434 4.707637e-05 3.396485e-02
435 5.541771e-05 4.589791e-02
436 3.119110e-05 2.643576e-02
437 4.381021e-05 3.058794e-02
438 1.915899e-05 2.456351e-02
439 3.574568e-04 1.516772e-01
440 2.527460e-05 1.665508e-02
441 2.473990e-05 1.530330e-02
442 3.593603e-05 5.018290e-02
443 8.595429e-06 2.252615e-02
444 9.405214e-04 1.681526e-01
445 4.024693e-04 1.414952e-01
446 7.103651e-09 9.153115e-04
447 7.332735e-09 1.224438e-03
448 4.981249e-10 9.088519e-04
449 4.762308e-09 9.125158e-04
450 5.316055e-09 9.934000e-04
451 2.811923e-07 1.775179e-03
452 1.722098e-08 1.226965e-03
453 6.096326e-08 1.120621e-03
454 1.863342e-08 1.244927e-03
455 1.358782e-07 1.248617e-03
456 3.438144e-09 1.031885e-03
457 9.089435e-11 9.244440e-04
458 3.999930e-08 1.232402e-03
459 1.135244e-05 1.423581e-02
460 2.894694e-08 2.592880e-03
461 1.465725e-09 1.054439e-03
462 1.414548e-07 2.961886e-03
463 5.853563e-08 1.126397e-03
464 1.094694e-07 1.327023e-03
465 4.894213e-09 1.150929e-03
466 2.901860e-08 1.380627e-03
467 8.207544e-09 1.082654e-03
468 2.983360e-09 1.091880e-03
469 4.487984e-08 1.325106e-03
470 4.375450e-08 1.754168e-03
471 1.423384e-08 1.218470e-03
472 7.397059e-09 1.118892e-03
473 2.833943e-08 1.318223e-03
474 1.342521e-09 1.048041e-03
475 6.522591e-08 1.314692e-03
476 1.683769e-08 1.410858e-03
477 6.909209e-07 3.052578e-03
478 1.115094e-05 6.397605e-03
479 1.812369e-07 1.562641e-03
480 7.998350e-08 2.064698e-03
481 3.541303e-08 1.857956e-03
482 1.875065e-08 2.107436e-03
483 7.246686e-09 2.060603e-03
484 2.447860e-07 2.105189e-03
485 2.274420e-08 1.758888e-03
486 6.073565e-06 1.305859e-02
487 1.866348e-08 1.486108e-03
488 7.484734e-06 9.063487e-03
489 7.442031e-04 1.488016e-01
490 8.769611e-06 6.215293e-03
491 5.104923e-06 8.349684e-03
492 1.028378e-06 5.576430e-03
493 1.953377e-06 6.410971e-03
494 1.409605e-07 6.440377e-03
495 4.372017e-07 4.906954e-03
496 8.993902e-05 1.928833e-02
497 5.217403e-05 3.626972e-02
498 6.743003e-06 7.349719e-03
499 9.227623e-07 7.766636e-03
500 4.676003e-07 5.113063e-03
501 5.178428e-06 8.325015e-03
502 9.529769e-04 1.400246e-01
503 1.355971e-05 7.023402e-03
504 1.051246e-05 7.516994e-03
505 9.000516e-06 6.284087e-03
506 1.950499e-05 1.999420e-02
507 2.520373e-05 2.080487e-02
508 1.869199e-05 1.133976e-02
509 3.194112e-06 8.395322e-03
510 8.815446e-06 1.088130e-02
511 3.798667e-06 5.837250e-03
512 4.519394e-06 7.751920e-03
513 9.235090e-06 6.845932e-03
514 2.134219e-03 4.265912e-01
515 1.005635e-06 6.879665e-03
516 3.004509e-07 6.810971e-03
517 2.136053e-06 1.335977e-02
518 4.774960e-07 6.849851e-03
519 6.615226e-06 2.213617e-02
520 2.450516e-06 1.801495e-02
521 2.172891e-05 2.317322e-02
522 3.078574e-05 2.042620e-02
523 2.172444e-05 2.324210e-02
524 1.502012e-06 1.288942e-02
525 2.530160e-06 7.638910e-03
526 9.505966e-06 2.213906e-02
527 3.135751e-06 9.439218e-03
528 3.181874e-07 5.938627e-03
529 8.827701e-06 1.647622e-02
530 5.268442e-07 5.058783e-03
531 2.397719e-06 7.029043e-03
532 6.936107e-06 1.792115e-02
533 3.151363e-06 1.217267e-02
534 2.388635e-06 1.129348e-02
535 1.554235e-06 1.185478e-02
536 1.990473e-05 3.369088e-02
537 7.820164e-06 2.373756e-02
538 4.789641e-06 1.226614e-02
539 1.566070e-05 2.144466e-02
540 1.462826e-05 2.114059e-02
541 2.240000e-05 2.304315e-02
542 4.629432e-04 1.168478e-01
543 4.217427e-06 1.842269e-02
544 1.035980e-06 7.187453e-03
545 1.332120e-05 6.478845e-03
546 9.552516e-06 4.971276e-03
547 5.951801e-08 2.493682e-03
548 7.424496e-07 3.009687e-03
549 1.234612e-07 1.585651e-03
550 6.024311e-06 5.349551e-03
551 8.367817e-07 2.548283e-03
552 2.222226e-05 1.565805e-02
553 8.135923e-05 2.258892e-02
554 1.960115e-05 7.655463e-03
555 1.159771e-05 1.052369e-02
556 3.638724e-06 2.842537e-03
557 2.766175e-06 3.687529e-03
558 3.151341e-05 8.160663e-03
559 2.866046e-07 2.459793e-03
560 3.122898e-06 3.800793e-03
561 1.826991e-06 2.980895e-03
562 2.824314e-06 3.235811e-03
563 7.590523e-07 4.724625e-03
564 2.578912e-06 3.172860e-03
565 1.096233e-05 1.370106e-02
566 7.467831e-06 4.614525e-03
567 4.177004e-04 4.642719e-02
568 1.080881e-04 1.292417e-02
569 2.906431e-04 2.424097e-02
570 3.616613e-05 1.131945e-02
571 2.678542e-05 6.967435e-03
572 1.105790e-04 1.251250e-02
573 1.693022e-05 5.026500e-03
574 7.444509e-05 1.608486e-02
575 1.825223e-05 6.475966e-03
576 5.029354e-05 9.204817e-03
577 4.361835e-05 9.816075e-03
578 1.135975e-05 9.059879e-03
579 4.059868e-03 3.183247e-01
580 8.411976e-05 1.345490e-02
581 1.184766e-05 3.585906e-03
582 2.034614e-04 1.978963e-02
583 2.888263e-05 7.979631e-03
584 6.403337e-05 8.535947e-03
585 4.820637e-04 3.347897e-02
586 1.480814e-05 1.154162e-02
587 1.982059e-05 1.189497e-02
588 2.226753e-05 9.387515e-03
589 2.023910e-06 2.442504e-03
590 6.908578e-04 2.126281e-01
591 6.304029e-04 4.288824e-02
592 9.339800e-06 5.886147e-03
593 1.239533e-05 1.547357e-02
594 1.608361e-04 1.275745e-02
595 6.299110e-07 6.625460e-03
596 3.458757e-03 4.801411e-01
597 6.847879e-09 1.912491e-03
598 1.531368e-07 1.965409e-03
599 1.139115e-07 1.935308e-03
600 2.095702e-07 2.053933e-03
601 9.830646e-07 3.009815e-03
602 1.572200e-07 2.559521e-03
603 2.005106e-07 3.248097e-03
604 3.625423e-08 1.931040e-03
605 2.122173e-07 2.069890e-03
606 3.561041e-08 1.931689e-03
607 1.955169e-08 1.777446e-03
608 2.884963e-08 2.030728e-03
609 8.520138e-06 1.207960e-02
610 1.636078e-06 4.180269e-03
611 9.355563e-04 1.671929e-01
612 1.347529e-05 2.488488e-02
613 2.598172e-05 1.714043e-02
614 3.592093e-05 2.464173e-02
615 5.748564e-06 1.012105e-02
616 2.838909e-08 3.280070e-03
617 1.460709e-05 1.179873e-02
618 1.086284e-07 4.226519e-03
619 7.992869e-07 4.999817e-03
620 2.307188e-07 5.440142e-03
621 1.000848e-04 4.244145e-02
622 8.036382e-07 5.913520e-03
623 1.912116e-07 7.243442e-03
624 5.525105e-07 5.996995e-03
625 7.748452e-07 4.515757e-03
626 2.332731e-03 3.039835e-01
627 8.262362e-07 4.913499e-03
628 4.000019e-06 1.240458e-02
629 3.811741e-04 3.780802e-02
630 1.302447e-04 2.433141e-02
631 5.463842e-05 2.066129e-02
632 1.590961e-04 3.432163e-02
633 9.712262e-07 6.041191e-03
634 3.850099e-06 5.068586e-03
635 2.411079e-06 5.055489e-03
636 1.805852e-06 7.174911e-03
637 1.121798e-05 1.315883e-02
638 1.270512e-06 8.752128e-03
639 1.410319e-05 1.474054e-02
640 2.244265e-06 4.660379e-03
641 1.603766e-06 5.540047e-03
642 1.843632e-06 6.860142e-03
643 6.803437e-05 3.216374e-02
644 2.788069e-06 6.006596e-03
645 5.774705e-06 1.199876e-02
646 7.659430e-06 1.872453e-02
647 2.046278e-06 7.403591e-03
648 1.871806e-05 2.411679e-02
649 5.777713e-06 1.039073e-02
650 1.898193e-06 5.639080e-03
651 8.924664e-07 6.341828e-03
652 1.028068e-06 7.442141e-03
653 3.540487e-04 2.944206e-01
654 1.518483e-05 6.319921e-02
655 6.764569e-07 2.891158e-03
656 3.034761e-05 2.294061e-02
657 2.077972e-03 3.141136e-01
658 3.427544e-05 1.872660e-02
659 6.235646e-06 1.307780e-02
660 1.413213e-05 1.231434e-02
661 1.048463e-04 3.021638e-02
662 5.430642e-04 1.616704e-01
663 1.496348e-05 1.327666e-02
664 9.422141e-06 1.362848e-02
665 3.956000e-05 1.513418e-02
666 6.999004e-05 2.621411e-02
667 4.793143e-05 1.415392e-02
668 3.371890e-06 6.865986e-03
669 1.402145e-04 2.561388e-02
670 5.658536e-05 2.559668e-02
671 1.562048e-04 3.064277e-02
672 4.764104e-07 6.881505e-03
673 2.767744e-04 1.510178e-01
674 6.756674e-06 6.669942e-03
675 7.252833e-04 1.082986e-01
676 2.234676e-05 1.599054e-02
677 6.437273e-06 2.953453e-02
678 2.895259e-06 7.926922e-03
679 9.538237e-05 7.098605e-02
680 6.773350e-08 3.431630e-03
681 3.525067e-05 1.151715e-02
682 1.125491e-03 4.770257e-01
683 5.726553e-05 1.430051e-02
684 6.315870e-04 8.577609e-02
685 2.045278e-05 8.388469e-03
686 8.919980e-04 2.099146e-01
687 4.481760e-05 5.948375e-03
688 4.085495e-06 8.108074e-03
689 1.421828e-05 8.712398e-03
690 1.293291e-04 1.110999e-02
691 1.254855e-05 1.477008e-02
692 8.982343e-06 1.157753e-02
693 3.363080e-05 7.964131e-03
694 1.463962e-05 4.572913e-03
695 3.492046e-06 8.101486e-03
696 2.157119e-04 6.902171e-02
697 5.158163e-05 7.750088e-02
698 3.790737e-04 8.870349e-02
699 1.053900e-06 1.643951e-02
700 8.155858e-05 1.811579e-02
701 1.168005e-05 8.906208e-03
702 3.582115e-05 1.337227e-02
703 2.930598e-06 6.967540e-03
704 3.095957e-05 2.449430e-02
705 3.575072e-05 8.671152e-03
706 2.985235e-05 1.179795e-02
707 1.553702e-05 6.828016e-03
708 6.186826e-04 3.719628e-01
709 3.423580e-05 2.213031e-02
710 4.532207e-04 4.417342e-02
711 2.452357e-04 6.344059e-02
712 5.307274e-05 3.327850e-02
713 8.278073e-05 2.595627e-02
714 5.208404e-05 1.458528e-02
715 1.282172e-06 6.375271e-03
716 1.824461e-05 1.563597e-02
717 3.381769e-05 2.891601e-02
718 1.892981e-05 9.831580e-03
719 1.810404e-05 1.021338e-02
720 1.699918e-05 1.731931e-02
721 8.030560e-05 1.940378e-02
722 8.921539e-05 2.024386e-02
723 3.004389e-04 5.238075e-02
724 1.981149e-06 6.726184e-03
725 4.229176e-06 6.811927e-03
726 1.475138e-05 1.085798e-02
727 3.928455e-03 2.855738e-01
728 1.634812e-05 1.211033e-02
729 1.642949e-05 1.278938e-02
730 2.909087e-05 1.571598e-02
731 1.081089e-05 5.593615e-03
732 7.328073e-06 6.305428e-03
733 1.301516e-05 9.004051e-03
734 1.219743e-05 1.265959e-02
735 4.281975e-05 8.392270e-03
736 2.202070e-05 1.865874e-02
737 1.466930e-03 1.099301e-01
738 1.404525e-04 3.889133e-02
739 2.942642e-05 7.823957e-03
740 3.196734e-05 9.039826e-03
741 2.652889e-05 7.198690e-03
742 2.389756e-04 2.809309e-02
743 3.228627e-05 1.070966e-02
744 7.745643e-05 1.446285e-02
745 1.108688e-04 2.341513e-02
746 1.978097e-05 8.478982e-03
747 1.978097e-05 8.478982e-03
748 2.518869e-06 5.879835e-03
749 1.469927e-05 2.748578e-02
750 3.161480e-04 4.262017e-02
751 4.810651e-06 8.070353e-03
752 1.225401e-05 1.089166e-02
753 5.477822e-04 1.652341e-01
754 2.830579e-05 1.633571e-02
755 2.462076e-04 3.865685e-02
756 5.711253e-06 1.063557e-02
757 2.559535e-04 6.858149e-02
758 7.602947e-06 5.299995e-03
759 1.993532e-04 1.689305e-02
760 1.258578e-03 1.114548e-01
761 6.873720e-04 7.353777e-02
762 5.552098e-06 9.478671e-03
763 8.833120e-06 1.095084e-02
764 6.714956e-06 9.744735e-03
765 1.063576e-03 2.425891e-01
766 2.166703e-03 4.425213e-01
767 1.600434e-03 1.312102e-01
768 1.308469e-03 1.965967e-01
769 1.061600e-05 1.080614e-02
770 2.104185e-06 4.954344e-03
771 3.028123e-06 4.791954e-03
772 2.970808e-06 4.621255e-03
773 4.892229e-04 9.136797e-02
774 1.760026e-05 6.130263e-03
775 8.254413e-06 1.070469e-02
776 5.063165e-06 5.493898e-03
777 7.424857e-06 1.006410e-02
778 9.720907e-04 6.732740e-02
779 4.692621e-06 8.850584e-03
780 1.151211e-05 5.977696e-03
781 6.000991e-07 5.329392e-03
782 1.290729e-06 2.367612e-03
783 1.051657e-06 3.562761e-03
784 6.388025e-05 1.701771e-02
785 2.201823e-05 9.834651e-03
786 1.127699e-05 6.950727e-03
787 2.146251e-05 8.804103e-03
788 1.050214e-05 1.125314e-02
789 4.296119e-06 8.307722e-03
790 2.621061e-04 7.988099e-02
791 1.826067e-06 4.113440e-03
792 4.408205e-06 1.021680e-02
793 1.642002e-05 1.035217e-02
794 5.452534e-04 1.983605e-01
795 4.001441e-05 1.323645e-02
796 7.702597e-06 5.719152e-03
797 3.939468e-04 8.148767e-02
798 5.990822e-06 7.187903e-03
799 3.182827e-04 5.100955e-02
800 3.193882e-05 1.637130e-02
801 2.097870e-05 9.923104e-03
802 1.020834e-03 6.593180e-02
803 4.313555e-03 2.465970e-01
804 2.173152e-05 1.018293e-02
805 1.503849e-04 3.510028e-02
806 1.256071e-04 1.117039e-01
807 1.090092e-04 4.422456e-02
808 7.719321e-06 5.785786e-03
809 2.051929e-05 2.325449e-02
810 3.422295e-07 2.318461e-03
811 4.261485e-05 1.431391e-02
812 1.416943e-06 4.223662e-03
813 5.153443e-05 2.791734e-02
814 1.470817e-05 1.283023e-02
815 2.175706e-05 1.492453e-02
816 2.042786e-03 1.300288e-01
817 7.039684e-04 6.393158e-02
818 1.654889e-06 9.860067e-03
819 1.413768e-05 1.177160e-02
820 2.747321e-05 3.513751e-02
821 6.005883e-05 3.598130e-02
822 1.470418e-05 3.171046e-02
823 1.126711e-04 1.097161e-01
824 2.217603e-03 3.764118e-01
825 1.617549e-03 2.839469e-01
826 8.829593e-04 2.621874e-01
827 1.190833e-04 8.627811e-02
828 1.577775e-03 4.697613e-01
829 2.470625e-03 2.794413e-01
830 1.431711e-05 8.083790e-03
831 3.701297e-07 4.623296e-03
832 2.314884e-06 4.930035e-03
833 3.295409e-06 1.024491e-02
834 2.196478e-06 5.768013e-03
835 7.522165e-07 6.508825e-03
836 8.709565e-07 4.566735e-03
837 3.012865e-06 8.650538e-03
838 8.735488e-06 5.837024e-03
839 1.141452e-06 4.874964e-03
840 4.624124e-06 1.514869e-02
841 3.738993e-06 6.800953e-03
842 1.461656e-06 8.275909e-03
843 9.475737e-07 9.636035e-03
844 9.386114e-06 1.871036e-02
845 5.257199e-05 2.349230e-02
846 1.773466e-04 4.097234e-02
847 9.146972e-06 7.190320e-03
848 8.581439e-06 1.289459e-02
849 1.198930e-04 3.610167e-02
850 1.596895e-06 5.976967e-03
851 3.396537e-05 6.215289e-02
852 4.108145e-07 6.324669e-03
853 2.490328e-05 1.172897e-02
854 9.110445e-07 5.744126e-03
855 2.499814e-05 1.384175e-02
856 5.776574e-08 1.479799e-03
857 2.243453e-07 1.292722e-03
858 2.007840e-07 2.035182e-03
859 6.798766e-08 1.495941e-03
860 2.842528e-04 6.865119e-02
861 5.195382e-06 6.568760e-03
862 4.242434e-07 1.568821e-03
863 5.775433e-07 1.506528e-03
864 1.767295e-08 1.392070e-03
865 5.884545e-07 1.527345e-03
866 6.522761e-07 2.021989e-03
867 1.438851e-06 1.608648e-03
868 5.497826e-08 1.360639e-03
869 2.580845e-07 1.617699e-03
870 1.664314e-07 1.523052e-03
871 2.552596e-08 1.393013e-03
872 1.182218e-07 1.873021e-03
873 6.575281e-08 1.412172e-03
874 1.073398e-07 1.393980e-03
875 4.821151e-04 4.487567e-02
876 9.134387e-08 1.441154e-03
877 1.514359e-07 1.441575e-03
878 4.750433e-07 1.875691e-03
879 2.508196e-08 1.350102e-03
880 5.765330e-08 1.365058e-03
881 3.862478e-08 1.396860e-03
882 6.937817e-07 1.798464e-03
883 1.350250e-06 1.644017e-03
884 5.394807e-07 1.450298e-03
885 4.209982e-07 1.546542e-03
886 4.059141e-05 4.842826e-03
887 3.007783e-05 7.046626e-03
888 6.474582e-06 1.124091e-02
889 3.426236e-04 4.557082e-02
890 9.204470e-06 1.930423e-02
891 1.313841e-04 7.586512e-02
892 1.375224e-04 1.030909e-01
893 1.776289e-06 5.389067e-03
894 1.583242e-06 3.465912e-03
895 1.358918e-05 7.183937e-03
896 1.340058e-05 1.348530e-02
897 2.828308e-03 2.844193e-01
898 1.578966e-05 1.759634e-02
899 1.516174e-04 6.531842e-02
900 9.945667e-06 7.218845e-03
901 1.263362e-05 4.654494e-03
902 1.495673e-05 8.192846e-03
903 1.554987e-06 6.028095e-03
904 1.010235e-04 9.140003e-02
905 4.916471e-05 1.789029e-02
906 2.359959e-04 4.305747e-02
907 2.881486e-03 3.796412e-01
908 3.968192e-07 2.742673e-03
909 6.738565e-07 3.003650e-03
910 1.035227e-07 1.568677e-03
911 5.080814e-06 5.653054e-03
912 5.166552e-06 4.826050e-03
913 1.497257e-07 1.712539e-03
914 7.986982e-07 4.860984e-03
915 2.911052e-06 3.238924e-03
916 3.979820e-04 6.720817e-02
917 2.190054e-07 2.107637e-03
918 1.282520e-07 1.772145e-03
919 1.554802e-08 1.391577e-03
920 1.767704e-06 2.434479e-03
921 1.454368e-08 1.059206e-03
922 2.179479e-07 1.403785e-03
923 2.148275e-04 2.635073e-02
924 7.174967e-05 1.245604e-02
925 7.450545e-08 1.054471e-03
926 7.432953e-05 9.126382e-03
927 2.252580e-07 1.314332e-03
928 4.442471e-06 3.762181e-03
929 1.388471e-05 9.218157e-03
930 2.401678e-06 3.581174e-03
931 3.446620e-06 3.653517e-03
932 2.101372e-08 1.483569e-03
933 2.336544e-06 1.719732e-03
934 1.057140e-04 7.927538e-03
935 1.627025e-06 1.754356e-03
936 4.688949e-07 1.169618e-03
937 1.476178e-05 2.488486e-03
938 6.495445e-07 1.749393e-03
939 9.777798e-06 2.945056e-03
940 3.186192e-05 4.867888e-03
941 4.123173e-05 4.427967e-03
942 1.788474e-07 1.610829e-03
943 5.523760e-06 1.927601e-03
944 1.506428e-05 3.675736e-03
945 3.322451e-07 2.239279e-03
946 1.590851e-05 5.265030e-03
947 8.127327e-06 3.032128e-02
948 1.092074e-06 6.782124e-03
949 9.752174e-07 1.046501e-02
950 5.060639e-07 7.887518e-03
951 1.472941e-06 1.586782e-02
952 1.304981e-05 1.482238e-02
953 2.261155e-06 8.835654e-03
954 2.752067e-07 3.073273e-03
955 3.525387e-05 3.469605e-02
956 7.363392e-08 3.050376e-03
957 8.613563e-07 8.382806e-03
958 5.927680e-07 6.779845e-03
959 3.724331e-05 4.514264e-02
960 2.495425e-06 1.896049e-02
961 6.143343e-06 9.592912e-03
962 3.397647e-06 1.241941e-02
963 5.095453e-07 3.825399e-03
964 5.202764e-05 3.716242e-02
965 2.191971e-07 5.396944e-03
966 3.487896e-05 1.029059e-01
967 3.921229e-05 5.346513e-02
968 3.910139e-06 4.594884e-03
969 2.324066e-06 7.970423e-03
970 2.289643e-06 1.658840e-02
971 1.193055e-06 3.027838e-03
972 2.196980e-06 7.237984e-03
973 1.386197e-06 9.358651e-03
974 1.440918e-07 3.268896e-03
975 1.599880e-06 6.676594e-03
976 1.813646e-04 8.639237e-02
977 7.167259e-06 6.215781e-03
978 5.372242e-05 6.660922e-03
979 1.937564e-06 2.714598e-03
980 2.038684e-07 1.219185e-03
981 6.033884e-06 3.916989e-03
982 3.836224e-05 6.609993e-03
983 1.265705e-05 3.224260e-03
984 7.944680e-05 6.451057e-03
985 8.263824e-06 3.391745e-03
986 3.817584e-06 3.387910e-03
987 2.178511e-07 1.248519e-03
988 2.936855e-06 2.361145e-03
989 7.444122e-06 6.041692e-03
990 3.782232e-06 3.442749e-03
991 1.193069e-05 5.815180e-03
992 2.492956e-06 2.188383e-03
993 1.932908e-06 2.325000e-03
994 6.887853e-07 2.115332e-03
995 6.724121e-06 2.775951e-03
996 3.343183e-06 2.959617e-03
997 5.694226e-04 2.927338e-02
998 1.310023e-05 4.014896e-03
999 1.123139e-05 3.474694e-03
1000 2.141993e-06 1.705293e-03
1001 2.498765e-07 1.551034e-03
1002 1.299877e-05 4.321446e-03
1003 6.537759e-07 1.748774e-03
1004 9.261553e-06 4.075997e-03
1005 2.309153e-06 2.825350e-03
1006 1.061737e-04 7.989312e-03
1007 6.059322e-07 2.892404e-03
1008 3.928971e-05 3.790743e-03
1009 6.420368e-06 3.936040e-03
1010 3.325510e-06 2.774956e-03
1011 3.863666e-06 3.572078e-03
1012 7.674933e-06 3.343853e-03
1013 2.850606e-07 2.048140e-03
1014 3.936726e-06 3.294662e-03
1015 2.071442e-07 2.124280e-03
1016 7.323446e-06 2.037413e-03
1017 1.430057e-06 1.640612e-03
1018 3.147698e-06 2.705693e-03
1019 2.765075e-06 4.344646e-03
1020 1.036556e-06 1.724563e-03
1021 1.897534e-05 3.958092e-03
1022 3.053986e-07 1.141495e-03
1023 1.395381e-06 1.753335e-03
1024 5.976841e-08 1.389030e-03
1025 7.705989e-07 2.197322e-03
1026 4.595358e-03 4.799521e-01
1027 1.718815e-04 7.301579e-02
1028 3.152423e-05 6.359831e-02
1029 4.321973e-04 4.486433e-02
1030 1.459586e-03 1.830286e-01
1031 1.577476e-03 2.765170e-01
1032 7.035772e-06 7.304591e-03
1033 3.602473e-05 1.535892e-02
1034 8.108390e-04 1.048218e-01
1035 4.689536e-06 3.956411e-03
1036 6.565250e-06 8.772134e-03
1037 3.675940e-05 2.064833e-02
1038 1.698654e-06 2.862202e-03
1039 3.336403e-05 1.234431e-02
1040 5.083658e-06 8.705808e-03
1041 3.377172e-06 2.513645e-02
1042 4.263445e-06 1.052696e-02
1043 1.229164e-05 1.365570e-02
1044 3.716104e-06 1.695293e-02
1045 2.370370e-06 7.366085e-03
1046 7.200690e-05 2.626547e-02
1047 3.744920e-04 9.276077e-02
1048 5.221046e-05 3.537279e-02
1049 2.940146e-06 8.439134e-03
1050 1.149033e-03 1.709867e-01
1051 4.056691e-04 1.000148e-01
1052 6.718939e-08 1.225104e-03
1053 1.837104e-07 1.815063e-03
1054 5.395662e-05 2.265276e-02
1055 6.073939e-08 1.554689e-03
1056 3.194603e-07 4.665068e-03
1057 2.067017e-07 2.132469e-03
1058 1.180439e-07 2.013139e-03
1059 5.321834e-09 1.031396e-03
1060 3.296750e-09 9.549902e-04
1061 2.019609e-06 2.792704e-03
1062 1.293759e-07 1.805253e-03
1063 1.179720e-06 3.754663e-03
1064 3.485561e-04 7.088321e-02
1065 1.848827e-05 1.500349e-02
1066 2.906090e-08 1.577095e-03
1067 2.093861e-09 1.439665e-03
1068 4.405537e-09 1.465094e-03
1069 8.203399e-09 1.613783e-03
1070 4.114604e-06 1.394832e-02
1071 2.062981e-06 5.173800e-03
1072 3.821214e-06 3.125042e-03
1073 3.211349e-05 1.831469e-02
1074 5.919197e-08 1.052666e-03
1075 3.637856e-05 2.402297e-02
1076 1.020257e-05 5.331641e-03
1077 2.808865e-05 1.360109e-02
1078 5.328112e-08 1.629864e-03
1079 1.520546e-06 5.760791e-03
1080 1.281363e-07 1.569038e-03
1081 5.891679e-09 1.459983e-03
1082 3.331161e-08 1.484495e-03
1083 2.270456e-07 1.819875e-03
1084 7.967622e-09 1.228190e-03
1085 2.438505e-06 4.266629e-03
1086 1.244001e-08 1.239295e-03
1087 2.785662e-08 1.368236e-03
1088 1.128063e-08 4.680828e-03
1089 1.157077e-08 1.233933e-03
1090 6.660242e-09 1.195460e-03
1091 1.204388e-08 1.228584e-03
1092 1.506844e-03 3.869097e-01
1093 1.569255e-06 1.867771e-02
1094 9.473024e-07 1.376814e-02
1095 5.028837e-07 1.672856e-03
1096 1.003724e-07 1.478923e-03
1097 2.860318e-06 4.783723e-03
1098 7.789516e-06 7.228042e-03
1099 8.964572e-07 3.221024e-03
1100 6.477374e-07 2.772170e-03
1101 7.971179e-06 3.974761e-03
1102 2.534402e-06 3.092346e-03
1103 1.397737e-06 2.708963e-03
1104 1.035479e-04 5.473843e-02
1105 1.642890e-07 1.524117e-03
1106 2.346252e-07 2.230383e-03
1107 8.795903e-07 3.112317e-03
1108 4.571172e-07 1.722346e-03
1109 3.233928e-07 2.014059e-03
1110 9.334850e-07 4.669162e-03
1111 1.517714e-06 3.932315e-03
1112 2.602148e-04 3.419204e-02
1113 3.709106e-05 1.594077e-02
1114 1.175966e-06 2.025928e-03
1115 2.319541e-04 2.347790e-02
1116 5.110850e-08 1.477727e-03
1117 2.243625e-07 1.600999e-03
1118 1.527001e-05 6.323824e-03
1119 9.425531e-05 1.959745e-02
1120 5.254251e-06 3.866796e-03
1121 1.820892e-05 6.359263e-03
1122 1.102709e-05 3.770430e-03
1123 1.808797e-06 2.403616e-03
1124 1.222224e-05 3.518088e-03
1125 1.814963e-05 4.025643e-03
1126 1.313760e-05 4.677355e-03
1127 1.205124e-05 3.670907e-03
1128 1.251349e-05 4.308674e-03
1129 8.768509e-06 2.860017e-03
1130 1.196683e-05 4.346463e-03
1131 6.908526e-05 3.908663e-02
1132 4.518747e-04 1.397326e-01
1133 3.093108e-05 4.215103e-02
1134 4.959320e-06 8.958987e-03
1135 1.955835e-06 2.199884e-03
1136 8.694051e-06 4.260704e-03
1137 7.261600e-06 5.192843e-03
1138 1.633134e-05 8.089032e-03
1139 3.425171e-06 5.122452e-03
1140 4.323219e-04 1.725067e-01
1141 1.507259e-04 2.411928e-02
1142 1.927527e-05 7.506377e-03
1143 8.019263e-06 6.460855e-03
1144 2.799465e-05 3.542733e-02
1145 2.715955e-06 9.088042e-03
1146 7.533089e-05 5.949854e-02
1147 2.974112e-05 4.023729e-02
1148 3.380232e-05 1.298732e-02
1149 3.365633e-05 9.309005e-03
1150 1.843145e-05 8.916747e-03
1151 4.170261e-05 1.119136e-02
1152 4.623898e-06 5.624144e-03
1153 6.297909e-06 4.489971e-03
1154 1.606670e-05 6.847772e-03
1155 1.142915e-04 8.461502e-03
1156 2.253144e-04 2.782407e-02
1157 7.175310e-05 4.209832e-02
1158 1.006086e-05 1.392104e-02
1159 1.999573e-04 1.130603e-01
1160 1.276256e-05 9.405956e-03
1161 5.193235e-06 6.597677e-03
1162 4.908364e-05 3.759443e-02
1163 1.127909e-03 1.400710e-01
1164 4.632737e-05 1.698513e-02
1165 2.781614e-05 9.131169e-03
1166 4.537629e-05 3.540315e-02
1167 7.377781e-05 2.976340e-02
1168 4.490981e-05 1.446695e-02
1169 3.307215e-05 3.405540e-02
1170 4.624232e-05 2.717600e-02
1171 2.403268e-06 7.921103e-03
1172 4.448322e-05 2.188883e-02
1173 1.463404e-03 1.314341e-01
1174 3.132583e-04 7.637506e-02
1175 3.738038e-05 3.350468e-02
1176 1.158512e-02 1.144532e+00
1177 2.232196e-07 3.057755e-03
1178 4.330904e-05 2.056280e-02
1179 1.254614e-05 2.188884e-02
1180 2.183956e-04 3.166298e-02
1181 3.774285e-05 1.656590e-02
1182 1.780933e-04 3.068871e-02
1183 1.112201e-04 2.167805e-02
1184 3.110219e-04 6.100391e-02
1185 6.426539e-04 8.677826e-02
1186 7.780425e-05 1.651521e-02
1187 1.728736e-05 8.065691e-03
1188 7.716303e-06 9.764912e-03
1189 8.492785e-05 2.233777e-02
1190 7.637356e-04 9.118864e-02
1191 2.089685e-04 1.884766e-02
1192 3.617913e-04 5.521864e-02
1193 8.591945e-05 2.515812e-02
1194 8.639037e-04 1.257545e-01
1195 2.584981e-04 4.536956e-02
1196 9.292600e-04 7.231379e-02
1197 1.097170e-04 1.946046e-02
1198 3.770866e-05 2.468921e-02
1199 2.030730e-04 3.547231e-02
1200 9.152725e-04 8.766145e-02
1201 1.061064e-05 2.626116e-02
1202 3.079294e-05 1.308347e-02
1203 4.901286e-05 3.639714e-02
1204 1.599214e-04 4.832667e-02
1205 9.051467e-07 4.795791e-03
1206 1.120007e-05 1.567393e-02
1207 3.255086e-07 3.604829e-03
1208 5.990059e-04 5.857203e-02
1209 5.763217e-06 8.544799e-03
1210 1.471855e-06 8.289064e-03
1211 2.071888e-06 3.505322e-03
1212 1.097911e-05 4.284209e-03
1213 2.096805e-06 7.198058e-03
1214 4.556163e-06 8.390374e-03
1215 1.605471e-05 3.349864e-02
1216 1.316442e-07 4.236820e-03
1217 2.993479e-04 1.846764e-01
1218 6.197210e-06 6.268504e-03
1219 8.469657e-07 1.257332e-03
1220 9.815488e-07 3.367031e-03
1221 3.129495e-05 4.857554e-03
1222 8.989029e-04 1.252242e-01
1223 4.792388e-07 2.028885e-03
1224 2.454042e-06 2.081183e-03
1225 5.898728e-05 4.210116e-02
1226 3.971163e-07 2.297097e-03
1227 1.614626e-03 2.572017e-01
1228 5.307549e-05 7.327444e-03
1229 9.416653e-08 1.266250e-03
1230 1.897761e-06 2.482173e-03
1231 2.079517e-06 1.623693e-03
1232 4.200659e-07 2.012310e-03
1233 4.658873e-07 2.227622e-03
1234 1.257177e-05 3.475958e-03
1235 5.497731e-07 2.525239e-03
1236 2.139092e-06 2.786988e-03
1237 7.337721e-06 2.968142e-03
1238 8.208195e-06 3.569272e-03
1239 7.645762e-07 2.287748e-03
1240 2.096287e-03 5.401005e-01
1241 1.186189e-05 4.527460e-03
1242 1.017510e-05 2.891232e-03
1243 1.792378e-05 3.424937e-03
1244 1.589849e-05 3.350125e-03
1245 3.133027e-06 2.669065e-03
1246 4.706708e-06 2.516452e-03
1247 3.311101e-05 1.172196e-02
1248 8.890681e-05 3.468698e-02
1249 4.241156e-06 1.026239e-02
1250 4.315642e-05 1.563672e-02
1251 4.487834e-05 1.568889e-02
1252 5.063320e-06 1.639824e-02
1253 1.001223e-05 1.466199e-02
1254 1.046954e-06 8.100667e-03
1255 1.747256e-03 2.271004e-01
1256 1.927631e-05 6.505646e-03
1257 4.225347e-03 6.545939e-01
1258 1.979545e-04 6.474521e-02
1259 1.630011e-03 1.440241e-01
1260 6.816655e-05 1.515599e-02
1261 2.192891e-07 1.839405e-03
1262 1.227082e-03 7.477585e-02
1263 3.397591e-05 4.561898e-03
1264 9.735097e-05 3.169426e-02
1265 1.392663e-06 2.884291e-03
1266 4.624463e-06 6.733727e-03
1267 5.203999e-08 1.936571e-03
1268 7.366718e-06 5.284655e-03
1269 1.074886e-04 5.296054e-02
1270 1.431625e-04 2.602888e-02
1271 3.415934e-05 9.139300e-03
1272 4.624764e-06 3.104934e-03
1273 8.871815e-06 5.406574e-03
1274 1.542018e-05 1.881978e-02
1275 2.364058e-04 4.600577e-02
1276 7.520557e-04 6.049664e-02
1277 4.751638e-04 9.130578e-02
1278 8.074389e-04 8.644511e-02
1279 9.924724e-06 4.312843e-03
1280 1.206484e-06 7.210238e-03
1281 3.272286e-06 8.432419e-03
1282 4.507667e-06 1.514834e-02
1283 2.966941e-05 1.142902e-02
1284 2.200891e-03 1.295863e-01
1285 2.413535e-04 1.759793e-02
1286 1.478797e-03 7.614613e-02
1287 3.905704e-06 6.997259e-03
1288 6.392237e-04 1.000308e-01
1289 3.505683e-04 1.199294e-01
1290 9.508985e-07 1.802682e-03
1291 6.392001e-04 5.834495e-02
1292 6.295426e-05 9.752673e-03
1293 5.938430e-04 1.632722e-01
1294 8.829751e-07 2.331030e-03
1295 3.856667e-05 1.481054e-02
1296 1.825337e-05 1.571030e-02
1297 1.495836e-03 1.962033e-01
1298 1.053212e-03 1.451628e-01
1299 4.842467e-05 1.586189e-02
1300 2.468987e-03 2.103655e-01
1301 1.019076e-05 3.492683e-03
1302 8.909313e-07 3.624689e-03
1303 7.852360e-05 1.651100e-02
1304 1.060670e-04 2.788885e-02
1305 2.761633e-04 2.396710e-02
1306 3.709925e-05 1.386715e-02
1307 5.108818e-04 2.503260e-02
1308 3.200500e-06 9.675087e-03
1309 1.270445e-03 8.847880e-02
1310 2.503275e-03 1.967721e-01
1311 6.719126e-04 9.383945e-02
1312 2.243389e-03 5.121174e-01
1313 1.298737e-05 4.048691e-03
1314 1.505565e-04 2.197791e-02
1315 2.328797e-07 5.980873e-03
1316 2.940777e-08 4.986736e-03
1317 2.411948e-07 3.420141e-03
1318 8.451947e-07 1.946689e-03
1319 1.923354e-07 2.508984e-03
1320 8.794107e-07 4.342912e-03
1321 4.323103e-07 4.068725e-03
1322 6.309398e-08 1.538282e-03
1323 4.227902e-06 1.430846e-02
1324 9.055043e-06 2.343334e-03
1325 3.505361e-06 6.595633e-03
1326 1.056414e-05 7.717736e-03
1327 3.549746e-05 8.411757e-03
1328 4.098678e-05 5.321581e-03
1329 1.029655e-08 2.764600e-03
1330 1.261970e-05 9.198336e-03
1331 7.016117e-04 1.191461e-01
1332 4.911363e-04 1.818989e-01
1333 1.311304e-04 2.824710e-02
1334 5.482576e-06 2.083724e-02
1335 9.449308e-05 1.351090e-02
1336 4.499686e-05 8.356152e-03
1337 9.928933e-06 3.980870e-03
1338 1.981801e-04 1.109407e-02
1339 1.944465e-05 2.772389e-02
1340 5.513649e-06 9.873126e-03
1341 5.189511e-06 6.940995e-03
1342 2.814364e-07 1.642306e-03
1343 1.851027e-03 2.125226e-01
1344 2.120965e-06 5.047882e-03
1345 1.396404e-03 1.614827e-01
1346 2.381729e-04 3.073389e-02
1347 3.236325e-04 4.892812e-02
1348 5.793606e-05 1.776002e-02
1349 1.375192e-05 1.220859e-02
1350 2.268770e-03 2.034557e-01
1351 3.427960e-04 2.094946e-01
1352 1.703624e-03 1.501621e-01
1353 5.854878e-07 3.304723e-03
1354 1.860704e-06 3.040459e-03
1355 4.616906e-05 3.409548e-02
1356 1.918112e-06 4.437759e-03
1357 2.218795e-06 5.305709e-03
1358 1.813157e-03 1.338047e-01
1359 5.043421e-05 2.458519e-02
1360 2.760545e-05 3.067587e-03
1361 3.748845e-05 1.067417e-02
1362 5.545298e-06 3.159327e-03
1363 5.788786e-08 1.345625e-03
1364 8.371566e-07 1.268354e-03
1365 1.683818e-07 1.899122e-03
1366 1.397669e-06 6.965279e-03
1367 1.743782e-04 2.808526e-02
1368 4.366333e-06 3.141828e-03
1369 6.272398e-07 2.290607e-03
1370 6.353683e-07 1.137965e-03
1371 7.610183e-06 1.871479e-03
1372 1.818668e-06 1.181423e-03
1373 5.264855e-07 2.004564e-03
1374 3.745380e-05 5.501764e-03
1375 8.708783e-04 7.554945e-02
1376 8.776203e-05 7.014431e-03
1377 5.421606e-04 3.030173e-02
1378 1.132280e-05 1.070563e-02
1379 4.003424e-04 4.019842e-02
1380 8.932305e-05 3.205088e-02
1381 1.146358e-06 2.240105e-02
1382 3.150606e-07 2.221490e-03
1383 4.483469e-05 5.691995e-03
1384 1.454983e-03 2.085191e-01
1385 4.047357e-05 2.064394e-02
1386 3.475250e-04 7.849062e-02
1387 2.328982e-03 2.035062e-01
1388 1.179397e-03 2.562067e-01
1389 7.012205e-06 6.069833e-03
1390 9.315359e-04 8.195485e-02
1391 1.236040e-05 1.522790e-02
1392 5.109796e-06 1.580413e-02
1393 1.621063e-06 2.860404e-03
1394 6.474527e-06 1.028027e-02
1395 5.871211e-05 3.820348e-02
1396 2.223970e-06 4.930647e-03
1397 2.426960e-05 3.372789e-03
1398 8.803041e-04 2.048379e-01
1399 9.129771e-05 1.244940e-02
1400 3.038103e-05 6.491350e-03
1401 2.281461e-04 3.547729e-02
1402 1.017580e-05 3.545683e-03
1403 8.912647e-06 2.401538e-03
1404 3.447028e-05 3.229671e-02
1405 1.164834e-06 2.136224e-03
1406 5.230344e-05 7.344122e-03
1407 1.894071e-06 2.553862e-03
1408 3.164790e-07 2.383654e-03
1409 2.153859e-04 1.401090e-02
1410 9.430628e-04 5.265593e-02
1411 8.587525e-05 1.508478e-01
1412 1.168911e-03 1.261640e-01
1413 2.367414e-06 2.272001e-03
1414 2.830391e-03 3.365580e-01
1415 9.033686e-07 3.156027e-03
1416 5.002456e-06 3.844386e-03
1417 6.058334e-06 2.609548e-03
1418 3.292627e-06 3.511883e-03
1419 1.933919e-04 4.491616e-02
1420 5.388703e-04 1.172396e-01
1421 4.246315e-04 1.000196e-01
1422 4.255299e-04 3.159783e-02
1423 1.210499e-03 1.601735e-01
1424 4.353718e-06 9.646492e-03
1425 1.413879e-03 5.096565e-01
1426 2.781448e-03 2.321049e-01
1427 9.855985e-05 3.588228e-02
1428 4.988888e-05 5.929944e-03
1429 1.451674e-05 8.681158e-03
1430 9.305562e-05 4.020176e-02
1431 3.008559e-05 3.626612e-02
1432 1.815661e-04 2.777190e-02
1433 1.872554e-06 7.717052e-03
1434 1.371337e-05 3.213092e-02
1435 2.279302e-04 3.688875e-02
1436 1.089207e-03 1.815651e-01
1437 3.923848e-06 4.544660e-03
1438 3.019641e-05 5.929675e-03
1439 3.425914e-03 5.187680e-01
1440 1.042634e-04 2.793416e-02
1441 8.866344e-04 2.782457e-01
1442 1.092057e-07 2.159861e-03
1443 2.553775e-04 4.200006e-02
1444 2.096895e-05 3.333461e-02
1445 6.938059e-05 3.855867e-02
1446 3.403498e-06 5.926511e-03
1447 6.981714e-05 6.730457e-03
1448 4.938364e-06 9.427081e-03
1449 3.614556e-04 6.912432e-02
1450 3.496995e-04 6.789705e-02
1451 4.090468e-07 1.778779e-03
1452 3.119967e-06 1.348431e-02
1453 1.433532e-06 1.878295e-03
1454 1.821448e-06 1.276290e-02
1455 1.544809e-07 4.412101e-03
1456 3.997587e-06 7.864402e-03
1457 1.563927e-06 5.329244e-03
1458 2.261931e-07 2.863496e-03
1459 1.421249e-05 5.847042e-03
1460 4.616152e-07 4.488816e-03
1461 2.592126e-06 7.591187e-03
1462 3.186735e-06 8.357193e-03
1463 7.768189e-05 2.249855e-02
1464 1.887401e-03 4.054517e-01
1465 2.298511e-03 2.422154e-01
1466 9.389037e-04 2.060184e-01
1467 5.385844e-05 2.511723e-02
1468 1.199423e-03 3.292893e-01
1469 9.381827e-04 2.267655e-01
1470 1.537886e-04 2.056555e-02
1471 2.098051e-05 1.326357e-02
1472 3.355655e-04 5.382257e-02
1473 4.845587e-08 2.952893e-03
1474 3.570918e-07 1.249080e-02
1475 9.796643e-07 4.485015e-03
1476 1.475781e-05 4.852723e-03
1477 2.883694e-04 1.333533e-01
1478 3.460339e-05 2.247494e-02
1479 1.082649e-04 5.901082e-02
1480 2.646000e-04 8.273179e-02
1481 1.307937e-05 3.261418e-02
1482 7.543529e-05 5.664751e-02
1483 1.955565e-05 7.903365e-03
1484 1.321653e-05 5.976306e-03
1485 1.361937e-05 5.478418e-03
1486 2.553207e-04 9.717967e-02
1487 8.128652e-05 7.973902e-03
1488 2.032813e-04 1.892260e-02
1489 8.699532e-06 3.589240e-03
1490 8.787578e-06 4.289961e-03
1491 3.258395e-04 9.005162e-02
1492 5.573723e-05 1.303202e-02
1493 1.467508e-05 3.794849e-03
1494 6.162872e-05 1.749679e-02
1495 1.436952e-03 1.173774e-01
1496 3.059369e-05 4.275557e-03
1497 3.860650e-04 6.183564e-02
1498 2.636071e-03 2.953016e-01
1499 1.892688e-04 1.165006e-02
1500 1.003451e-05 9.654223e-03
1501 1.566128e-04 6.260157e-02
1502 2.236638e-04 7.291200e-02
1503 9.818462e-05 2.007661e-02
1504 2.920342e-03 3.321771e-01
1505 1.643271e-04 6.370127e-02
1506 5.281279e-07 1.645765e-03
1507 7.696074e-04 6.716163e-02
1508 2.330226e-03 5.945091e-01
1509 1.298813e-05 3.683178e-03
1510 5.128288e-06 3.500609e-03
1511 6.314463e-04 5.626735e-02
1512 1.052801e-07 1.042482e-03
1513 2.207108e-05 1.632435e-02
1514 1.165635e-06 5.177716e-03
1515 6.970947e-06 9.422407e-03
1516 3.659279e-04 7.616251e-02
1517 5.483379e-05 1.291885e-02
1518 1.346981e-04 7.457888e-02
1519 1.073361e-07 1.804265e-03
1520 5.535747e-04 4.496592e-02
1521 1.202953e-06 2.398459e-03
1522 1.723726e-06 4.645551e-03
1523 1.193916e-05 5.073586e-03
1524 4.503747e-04 1.232921e-01
1525 1.339038e-04 1.888978e-02
1526 3.041920e-05 2.199847e-02
1527 2.632689e-04 2.403054e-02
1528 1.040403e-05 6.545734e-03
1529 7.129006e-05 1.481081e-02
1530 4.232129e-06 6.312170e-03
1531 7.054239e-05 7.346565e-02
1532 7.083400e-05 1.086365e-02
1533 4.089911e-04 8.379142e-02
1534 9.542149e-04 1.742515e-01
1535 1.613484e-03 2.826072e-01
1536 1.172647e-03 2.169732e-01
1537 1.143371e-05 8.136851e-03
1538 2.860951e-03 2.718559e-01
1539 4.952817e-05 2.405972e-02
1540 4.452220e-06 4.638983e-02
1541 2.900942e-04 1.837652e-01
1542 2.509552e-03 5.550969e-01
1543 2.059124e-06 5.505463e-03
1544 2.335743e-05 1.580733e-02
1545 2.938404e-07 3.627538e-03
1546 5.405700e-04 4.640547e-02
1547 4.902407e-05 3.144634e-02
1548 5.916766e-06 3.922595e-02
1549 3.381529e-07 2.613780e-03
1550 8.931463e-05 2.070356e-02
1551 2.418870e-05 1.504870e-02
1552 3.741827e-08 1.267016e-03
1553 5.949872e-07 3.160388e-03
1554 1.635069e-03 1.720775e-01
1555 4.149381e-04 1.292198e-01
1556 1.036198e-04 3.158586e-02
1557 6.433874e-04 1.331103e-01
1558 2.974528e-04 2.340698e-01
1559 7.218711e-04 9.144853e-02
1560 6.563457e-06 4.337946e-03
1561 2.987574e-04 2.488704e-02
1562 1.024283e-05 1.254971e-02
1563 2.361192e-04 1.038169e-02
1564 1.046836e-05 7.584642e-03
1565 2.438571e-04 3.919960e-02
1566 7.071920e-05 1.426447e-02
1567 3.085276e-05 5.646557e-03
1568 2.794491e-05 4.860951e-03
1569 1.139943e-04 1.316993e-02
1570 1.717812e-05 3.378200e-02
1571 2.279928e-04 4.045329e-02
1572 2.092266e-07 1.937986e-03
1573 2.968582e-04 9.433097e-02
1574 6.858898e-06 5.195735e-03
1575 3.142823e-05 1.821497e-02
1576 3.626094e-06 1.438795e-02
1577 1.735850e-03 2.165447e-01
1578 1.338276e-06 6.527917e-03
1579 1.670962e-05 1.957637e-02
1580 6.972908e-08 2.497977e-03
1581 4.455895e-06 4.099325e-03
1582 3.006534e-06 5.769530e-03
1583 2.870557e-04 5.674959e-02
1584 4.195555e-06 6.627278e-03
1585 3.218886e-03 2.526462e-01
1586 2.591990e-03 2.382039e-01
1587 3.219538e-04 1.069218e-01
1588 3.152620e-04 6.044185e-02
1589 8.885619e-04 1.173206e-01
1590 8.885626e-04 1.716562e-01
1591 4.922400e-05 5.438235e-02
1592 6.904639e-05 2.869450e-02
1593 1.320516e-04 9.704193e-02
1594 1.036246e-04 3.494259e-02
1595 5.010852e-05 1.553084e-02
1596 8.423817e-05 2.051263e-02
1597 9.104987e-05 2.640242e-02
1598 2.867113e-04 9.489517e-02
1599 1.029253e-05 3.125054e-03
1600 5.526327e-04 9.195391e-02
1601 1.207110e-06 1.400341e-03
1602 2.593982e-03 2.474831e-01
1603 2.071302e-06 2.465255e-03
1604 4.096449e-08 2.523179e-03
1605 2.444584e-04 3.156193e-02
1606 1.235763e-08 2.939997e-03
1607 2.533648e-07 1.954686e-03
1608 5.942206e-07 1.930103e-03
1609 2.980906e-04 1.883948e-02
1610 6.818477e-04 5.333546e-02
1611 1.072831e-08 1.884077e-03
1612 1.716756e-07 2.225284e-03
1613 1.223192e-05 2.830102e-03
1614 1.159076e-05 4.928062e-03
1615 4.503369e-04 9.141173e-02
1616 1.230447e-03 5.655245e-02
1617 8.434082e-04 8.692702e-02
1618 1.477190e-04 3.363343e-02
1619 1.994983e-03 3.830444e-01
1620 1.553416e-05 1.032535e-02
1621 4.721109e-04 9.782662e-02
1622 1.488348e-05 5.082498e-03
1623 6.937352e-05 4.710760e-02
1624 4.473980e-07 5.227606e-03
1625 2.614126e-07 1.677660e-03
1626 1.091470e-05 9.617258e-03
1627 8.738069e-06 6.341786e-03
1628 4.978058e-08 1.987676e-03
1629 2.326686e-04 5.237172e-02
1630 1.512589e-07 1.718529e-03
1631 3.886546e-05 1.064031e-02
1632 2.559604e-06 9.987083e-03
1633 8.376034e-05 3.309798e-02
1634 1.179698e-03 4.010256e-01
1635 7.148749e-04 1.363849e-01
1636 1.323612e-03 8.066075e-01
1637 2.403631e-04 1.092880e-01
1638 5.458022e-05 1.783818e-02
1639 1.880055e-03 5.205156e-01
1640 3.174619e-04 1.081541e-01
1641 9.626414e-04 2.337685e-01
1642 7.895694e-05 4.297811e-02
1643 1.594582e-04 3.976417e-02
1644 2.296246e-04 9.586394e-02
1645 4.093853e-07 1.618366e-03
1646 8.293220e-05 7.135400e-03
1647 2.609283e-04 2.397314e-01
1648 3.072018e-06 5.805216e-03
1649 8.955467e-05 2.019587e-02
1650 8.664078e-04 1.932873e-01
1651 4.910575e-06 1.839214e-03
1652 2.927970e-03 2.388674e-01
1653 1.820238e-03 3.441936e-01
1654 4.141130e-07 2.763828e-03
1655 2.069988e-05 5.457375e-03
1656 4.400400e-07 3.770044e-03
1657 2.019543e-07 1.264132e-03
1658 4.526128e-06 3.237500e-03
1659 3.612584e-05 7.944003e-03
1660 1.811429e-08 2.012338e-03
1661 3.969519e-04 6.978921e-02
1662 1.229590e-06 8.287684e-03
1663 2.258939e-04 2.062987e-02
1664 7.369519e-07 6.982874e-03
1665 1.143184e-04 1.716201e-02
1666 4.816202e-04 4.534804e-02
1667 2.858352e-04 4.503459e-02
1668 2.276512e-06 2.463177e-03
1669 3.948789e-06 4.769428e-03
1670 9.597183e-06 1.013692e-02
1671 2.986766e-06 4.573584e-03
1672 1.523247e-05 2.991430e-02
1673 3.719446e-04 4.451036e-02
1674 1.738960e-06 2.729800e-03
1675 5.280225e-05 7.469912e-03
1676 4.344684e-07 1.439381e-03
1677 2.725920e-05 1.286289e-02
1678 1.446284e-03 1.803674e-01
1679 1.174915e-05 1.338350e-02
1680 7.534276e-05 1.508308e-02
1681 1.588103e-04 4.539187e-02
1682 1.282042e-05 7.988772e-03
1683 2.994867e-06 1.413342e-02
1684 1.090171e-05 6.620408e-03
1685 3.402217e-08 2.227424e-03
1686 2.527596e-04 2.418469e-02
1687 1.381932e-04 9.471250e-03
1688 1.781754e-07 1.171624e-03
1689 1.078835e-04 4.160163e-02
1690 9.100255e-06 1.057189e-02
1691 1.084041e-04 5.708779e-02
1692 2.525816e-03 3.818934e-01
1693 2.722323e-03 2.258767e-01
1694 3.136137e-04 5.866357e-02
1695 1.394295e-05 8.025129e-03
1696 1.421009e-06 2.873253e-03
1697 5.088219e-07 6.201534e-03
1698 1.135075e-04 4.804997e-02
1699 9.833706e-06 1.685233e-02
1700 4.183442e-05 8.068248e-03
1701 1.699726e-05 9.869221e-03
1702 1.896163e-06 6.117449e-03
1703 3.459082e-05 1.384478e-02
1704 6.836431e-06 6.750814e-03
1705 1.186636e-03 2.728990e-01
1706 2.393365e-04 4.332900e-02
1707 1.548409e-06 3.155078e-03
1708 1.986683e-08 2.065709e-03
1709 1.591997e-07 5.396018e-03
1710 1.707249e-08 1.419064e-03
1711 1.838508e-06 1.051028e-02
1712 2.966483e-06 5.378616e-03
1713 4.190462e-07 4.425362e-03
1714 1.782469e-06 5.987392e-03
1715 2.009262e-06 4.399226e-03
1716 6.739015e-07 6.133198e-03
1717 1.116430e-08 2.195439e-03
1718 1.820531e-05 1.777154e-02
1719 1.544024e-09 1.983078e-03
1720 2.355945e-06 4.558763e-03
1721 2.026714e-07 1.537253e-03
1722 1.610497e-05 1.103112e-02
1723 1.854139e-08 1.305019e-03
1724 3.915964e-09 1.415715e-03
1725 3.782264e-07 1.920108e-03
1726 5.711634e-06 3.600612e-02
1727 4.065557e-07 1.033192e-02
1728 1.502938e-07 2.563030e-03
1729 2.468227e-05 9.775240e-03
1730 6.928960e-07 4.487704e-03
1731 2.274408e-06 3.952908e-03
1732 5.707485e-04 5.088588e-02
1733 7.475551e-04 1.905955e-01
1734 1.655355e-03 2.111303e-01
1735 5.889996e-05 7.113544e-02
1736 8.818586e-07 7.877511e-03
1737 1.254315e-05 8.420957e-03
1738 5.125542e-04 2.007210e-01
1739 9.278913e-04 1.168637e-01
1740 3.238211e-05 2.275512e-02
1741 1.130626e-08 1.330130e-03
1742 9.312271e-07 1.664107e-03
1743 3.582973e-07 4.087194e-03
1744 1.275994e-07 2.069770e-03
1745 3.109125e-07 2.236117e-03
1746 4.397700e-06 8.432484e-03
1747 3.711680e-05 2.246283e-02
1748 1.809727e-05 8.600334e-03
1749 3.475985e-06 6.770424e-03
1750 2.378301e-06 8.645859e-03
1751 1.313539e-06 4.063999e-03
1752 1.185298e-06 7.579053e-03
1753 1.245223e-04 8.425227e-02
1754 6.173864e-04 2.553553e-01
1755 2.428037e-03 1.961485e-01
1756 9.605341e-06 1.919050e-02
1757 1.781721e-04 5.908088e-02
1758 2.484685e-03 4.240295e-01
1759 2.134815e-04 1.242271e-01
1760 7.320851e-04 1.308748e-01
1761 2.305114e-03 4.519823e-01
1762 1.850261e-03 4.438412e-01
1763 4.976166e-04 1.515543e-01
1764 1.810687e-05 2.079065e-02
1765 1.204469e-04 3.387227e-02
1766 8.871315e-04 1.840479e-01
1767 1.168016e-04 2.739827e-02
1768 3.264182e-05 3.049547e-02
1769 2.075216e-04 1.101230e-01
1770 3.707745e-04 6.809362e-02
1771 1.690551e-04 9.868577e-02
1772 5.541094e-07 4.375393e-03
1773 5.780322e-03 1.026163e+00
1774 1.120798e-03 2.128514e-01
1775 4.968045e-03 6.450670e-01
1776 1.012882e-03 1.014450e-01
1777 1.952771e-04 5.081501e-02
1778 2.720352e-03 3.481392e-01
1779 2.766011e-04 6.310137e-02
1780 4.186913e-04 5.030826e-02
1781 1.214025e-04 2.670800e-02
1782 6.948014e-05 2.905864e-02
1783 1.936984e-03 2.539549e-01
1784 3.585263e-04 6.154549e-02
1785 4.693705e-04 8.969354e-02
1786 6.006286e-05 8.564024e-03
1787 2.684412e-04 2.210783e-02
1788 1.227934e-03 1.979389e-01
1789 3.123302e-04 1.047200e-01
1790 5.029405e-05 1.584351e-02
1791 2.874083e-04 1.428975e-01
1792 7.736963e-04 1.288553e-01
1793 1.225932e-04 4.690004e-02
1794 3.803270e-05 1.709206e-02
1795 8.688028e-05 2.616187e-02
1796 1.142630e-04 8.485516e-02
1797 1.136097e-04 9.250292e-02
1798 5.714609e-05 4.535550e-02
1799 1.028033e-05 1.537992e-02
1800 9.829632e-04 1.369295e-01
1801 2.334323e-04 3.184065e-02
1802 2.695846e-03 1.381529e-01
1803 1.660888e-03 1.002202e-01
1804 5.939365e-04 1.061995e-01
1805 2.075463e-04 4.036417e-02
1806 1.136012e-04 5.613291e-02
1807 3.092544e-05 2.009370e-02
1808 3.383046e-04 1.273632e-01
1809 5.613602e-05 2.150892e-02
1810 2.382173e-06 9.143195e-03
1811 3.740747e-05 1.107062e-02
1812 1.665445e-05 1.744290e-02
1813 7.774284e-06 9.104115e-03
1814 7.142913e-07 2.080512e-02
1815 8.305367e-05 6.809530e-02
1816 6.240580e-05 2.529111e-02
1817 5.210890e-05 5.517729e-02
1818 1.897112e-05 4.565283e-02
1819 1.257281e-03 2.536005e-01
1820 8.267619e-04 9.225720e-02
1821 6.697353e-05 1.790569e-02
1822 2.850160e-05 1.808477e-02
1823 3.170621e-05 4.732267e-02
1824 7.365705e-05 2.892227e-02
1825 7.145802e-04 2.231752e-01
1826 3.301786e-04 4.220059e-02
1827 2.092316e-05 1.133367e-02
1828 5.429808e-06 1.636003e-02
1829 8.586274e-06 1.504155e-02
1830 2.472911e-03 4.676573e-01
1831 4.572344e-06 8.957256e-03
1832 5.969294e-05 3.295592e-02
1833 1.308361e-06 1.109014e-02
1834 5.722495e-05 1.543280e-02
1835 4.816401e-07 8.502995e-03
1836 1.080166e-05 5.760548e-03
1837 2.918258e-04 4.440682e-02
1838 6.198020e-05 2.764547e-02
1839 3.226828e-05 4.371786e-02
1840 9.587154e-05 6.849172e-02
1841 1.171601e-04 3.605008e-02
1842 1.701093e-05 2.059012e-02
1843 2.785586e-05 1.576771e-02
1844 4.363280e-05 1.900603e-02
1845 7.605414e-05 1.367295e-02
1846 3.134789e-06 7.165174e-03
1847 8.392228e-05 1.044046e-02
1848 8.806356e-06 1.241321e-02
1849 2.007358e-05 1.471673e-02
1850 1.755612e-06 9.794236e-03
1851 6.295453e-06 5.580512e-03
1852 6.459986e-06 4.547889e-03
1853 3.985021e-06 4.265889e-03
1854 3.361061e-04 5.559255e-02
1855 3.341101e-05 2.721137e-02
1856 3.166384e-04 7.337839e-02
1857 8.736531e-04 5.918260e-02
1858 1.214460e-04 5.321974e-02
1859 1.139860e-05 5.177583e-03
1860 3.740401e-04 6.761748e-02
1861 4.419611e-07 7.863843e-03
1862 7.541748e-06 9.409471e-03
1863 6.842571e-06 2.547684e-02
1864 4.799815e-04 9.843719e-02
1865 2.005969e-04 4.897215e-02
1866 9.728100e-05 4.321889e-02
1867 7.302050e-06 1.136158e-02
1868 2.223565e-06 9.775418e-03
1869 3.186779e-06 6.613614e-03
1870 6.897724e-06 1.519063e-02
1871 9.372590e-04 1.452870e-01
1872 1.336621e-03 1.460980e-01
1873 3.941047e-05 1.403523e-02
1874 2.124682e-04 6.581787e-02
1875 1.015322e-03 5.793876e-02
1876 1.312862e-05 6.074704e-03
1877 1.411395e-04 1.855247e-02
1878 9.042777e-06 6.961943e-03
1879 1.237089e-04 2.817422e-02
1880 6.409849e-05 1.391465e-02
1881 5.356820e-04 2.387401e-01
1882 8.924123e-05 6.271845e-02
1883 1.516949e-05 4.349327e-02
1884 2.065068e-04 7.216405e-02
1885 1.035269e-04 3.154721e-02
1886 4.458256e-04 6.494589e-02
1887 3.669481e-06 7.899203e-03
1888 2.407551e-06 1.603375e-02
1889 4.378677e-07 7.969166e-03
1890 8.493700e-08 5.475031e-03
1891 3.002476e-06 5.458819e-03
1892 1.699219e-06 5.900274e-03
1893 7.195219e-07 2.190699e-02
1894 1.528361e-04 5.264051e-02
1895 1.801259e-04 1.987913e-02
1896 7.860575e-07 4.986724e-03
1897 2.295555e-07 3.660999e-03
1898 3.652105e-06 3.668715e-03
1899 1.675701e-05 1.716967e-02
1900 6.061370e-05 1.914399e-02
1901 6.240964e-08 1.741917e-03
1902 3.703808e-03 1.184737e-01
1903 2.771417e-03 2.354454e-01
1904 1.404306e-04 2.064211e-02
1905 1.039098e-03 4.612997e-02
1906 4.992707e-03 4.092458e-01
1907 7.000724e-07 7.367085e-03
1908 2.552395e-06 8.027158e-03
1909 1.083160e-06 5.390157e-03
1910 1.699986e-04 2.811104e-02
1911 1.257224e-06 1.188983e-02
1912 2.437880e-04 4.496874e-02
1913 3.277680e-05 6.507365e-02
1914 5.638932e-04 6.931134e-02
1915 3.893814e-03 5.538054e-01
1916 7.708843e-04 1.114572e-01
1917 2.928926e-04 1.538301e-01
1918 3.802085e-04 7.809065e-02
1919 1.544615e-03 1.615989e-01
1920 9.654136e-05 6.424549e-02
1921 9.287696e-05 3.537775e-02
1922 3.485618e-04 1.447845e-01
1923 8.886251e-04 8.157957e-02
1924 8.189187e-04 1.782150e-01
1925 2.522582e-04 6.643466e-02
1926 2.388653e-05 2.357115e-02
1927 3.941650e-04 5.901579e-02
1928 1.724748e-03 2.442063e-01
1929 1.344958e-04 4.251487e-02
1930 4.954723e-06 5.879313e-03
1931 3.879043e-05 3.748878e-02
1932 4.142143e-07 2.585549e-02
1933 2.218246e-04 2.492742e-02
1934 6.001428e-07 7.521959e-03
1935 2.671067e-04 5.579929e-02
1936 4.095289e-05 1.848363e-02
1937 9.530935e-04 3.970146e-02
1938 5.349813e-04 4.105501e-02
1939 2.363296e-04 5.896169e-02
1940 1.100244e-04 8.574254e-02
1941 2.241160e-06 7.843068e-03
1942 3.744230e-04 1.014588e-01
1943 3.511427e-04 1.070802e-01
1944 2.489527e-05 3.393225e-02
1945 1.350354e-05 1.150101e-02
1946 5.762974e-04 1.147336e-01
1947 2.972279e-05 1.916001e-02
1948 8.458783e-04 4.780440e-02
1949 5.057063e-03 2.269846e-01
1950 1.357177e-03 6.485263e-02
1951 9.155712e-04 1.687728e-01
1952 2.789039e-04 1.020203e-01
1953 5.528760e-05 2.044990e-02
1954 2.363635e-05 1.350003e-02
1955 2.749582e-03 4.027432e-01
1956 1.164702e-03 2.213291e-01
1957 1.928974e-03 3.565441e-01
1958 1.495505e-03 2.121149e-01
1959 8.235275e-07 7.297031e-03
1960 5.391381e-05 1.364669e-02
1961 3.591694e-08 2.938507e-03
1962 9.989937e-06 6.932979e-03
1963 2.918966e-08 2.055837e-03
1964 3.327099e-07 3.503739e-03
1965 1.887334e-04 2.816045e-02
1966 5.878725e-06 1.181346e-02
1967 1.345290e-03 1.489146e-01
1968 1.268717e-04 1.772317e-02
1969 2.414204e-05 1.919149e-02
1970 2.900481e-06 9.388170e-03
1971 1.142027e-05 2.253332e-02
1972 8.387742e-07 7.108883e-03
1973 1.347392e-03 1.120182e-01
1974 3.571266e-05 3.604408e-02
1975 7.354187e-06 1.666235e-02
1976 8.813141e-05 2.919360e-02
1977 1.272840e-03 1.399742e-01
1978 2.350214e-04 3.954919e-02
1979 4.110454e-04 4.428546e-02
1980 7.991006e-04 4.523645e-02
1981 3.220384e-04 2.258721e-02
1982 4.682430e-04 8.859822e-02
1983 1.356173e-03 3.222613e-01
1984 8.057026e-05 8.254474e-02
1985 5.670272e-04 1.407510e-01
1986 1.872270e-04 6.165933e-02
1987 2.355240e-03 4.283888e-01
1988 1.007994e-04 3.937209e-02
1989 4.006132e-05 4.741635e-02
1990 7.610619e-04 1.491386e-01
1991 6.259076e-06 1.331681e-02
1992 1.289755e-04 2.760853e-02
1993 5.878762e-04 5.232479e-02
1994 2.141788e-04 3.568530e-02
1995 4.633727e-04 3.643004e-02
1996 1.233752e-04 1.470225e-02
1997 1.586538e-03 1.161146e-01
1998 5.558163e-04 1.208772e-01
1999 9.962712e-04 2.622468e-01
2000 7.071397e-04 1.142445e-01
