2 2.975754e-04 1.597692e-01
3 6.370850e-04 9.416382e-01
4 2.392478e-03 4.023440e-01
5 3.085806e-04 1.404731e-01
6 1.100999e-02 1.263118e+00
7 3.088065e-03 3.593777e-01
8 5.916614e-06 5.458131e-02
9 4.499931e-06 1.105534e-02
10 3.800319e-03 1.645501e-01
11 1.000512e-03 4.940243e-01
12 4.472419e-05 4.352564e-02
13 1.223537e-03 6.219751e-01
14 2.056577e-04 1.762334e-01
15 5.359145e-04 8.383204e-02
16 5.020697e-05 6.145975e-02
17 5.673528e-05 2.157562e-02
18 1.154402e-03 1.957701e-01
19 6.771110e-05 3.335072e-01
20 1.850376e-03 5.518035e-01
21 2.719195e-03 2.585216e-01
22 1.866081e-05 3.265921e-02
23 2.976995e-03 8.071290e-01
24 2.405787e-03 4.427706e-01
25 6.333289e-05 5.744640e-02
26 1.430740e-03 7.493323e-01
27 4.865969e-04 1.058352e-01
28 8.292029e-05 6.093935e-02
29 4.583513e-03 9.073934e-01
30 2.851444e-06 7.830346e-03
31 6.066581e-03 3.145464e-01
32 4.096103e-03 4.018317e-01
33 1.109204e-04 3.934481e-02
34 7.612784e-06 9.894411e-03
35 6.436441e-04 2.621145e-01
36 2.367514e-04 9.267456e-02
37 3.668001e-03 1.147158e+00
38 7.949478e-03 1.528205e+00
39 5.751877e-03 7.721427e-01
40 6.109350e-04 2.768381e-01
41 4.463710e-07 7.191402e-03
42 4.633594e-03 9.734903e-01
43 3.528150e-05 1.881172e-02
44 7.026546e-08 3.023672e-03
45 1.376884e-06 2.748135e-03
46 1.948044e-08 1.440947e-03
47 1.119524e-07 6.335692e-03
48 4.725402e-07 7.246536e-03
49 7.079183e-07 9.144933e-03
50 1.085660e-05 3.315514e-02
51 5.729078e-07 3.174839e-03
52 1.434376e-07 5.681408e-03
53 1.589964e-07 5.696881e-03
54 1.351325e-07 4.304432e-03
55 7.882847e-08 3.400404e-03
56 1.532699e-05 2.221071e-02
57 6.528911e-06 4.274780e-02
58 2.182543e-08 1.717529e-03
59 6.210912e-06 1.286193e-02
60 3.315272e-07 2.444447e-03
61 8.100866e-08 4.238740e-03
62 1.204123e-07 1.356608e-03
63 1.298117e-06 5.761995e-03
64 3.016863e-08 1.184273e-02
65 2.104594e-07 2.822551e-03
66 6.575019e-07 4.898435e-03
67 5.419225e-08 4.814569e-03
68 3.867403e-06 1.139150e-02
69 1.251702e-05 1.073855e-02
70 2.956676e-03 7.302914e-01
71 6.186543e-10 4.412630e-03
72 1.298244e-04 7.601638e-02
73 4.715610e-07 4.591790e-03
74 1.681317e-07 5.792393e-03
75 1.811230e-06 5.828846e-03
76 1.183790e-05 7.308968e-03
77 1.462451e-06 4.772795e-03
78 9.174248e-05 5.053584e-02
79 2.943861e-06 1.144770e-02
80 1.138387e-04 9.689127e-02
81 2.902233e-07 3.188586e-03
82 5.193673e-05 4.257383e-02
83 2.533899e-08 2.529657e-03
84 1.415013e-04 1.998847e-02
85 1.469980e-06 7.945409e-03
86 1.067469e-04 3.418962e-02
87 5.886709e-04 2.596979e-01
88 1.339708e-08 2.775360e-03
89 2.222539e-04 6.139713e-02
90 6.015420e-05 1.315129e-01
91 2.141282e-05 1.952154e-02
92 3.450051e-04 9.113081e-02
93 9.572538e-05 5.143283e-02
94 3.179370e-07 9.022898e-03
95 8.914831e-09 5.392545e-03
96 1.104886e-05 1.456503e-02
97 3.314011e-05 2.294262e-02
98 2.949521e-04 4.076696e-02
99 3.903000e-04 3.458118e-01
100 2.654778e-03 1.048355e+00
101 2.635174e-04 1.767962e-01
102 2.468970e-06 6.724033e-03
103 5.039148e-04 2.626681e-01
104 3.423582e-08 2.473104e-02
105 1.287087e-04 1.030270e-01
106 1.786996e-04 7.169538e-02
107 8.942511e-07 1.219532e-02
108 1.403623e-05 1.159563e-01
109 3.581380e-07 1.217887e-02
110 2.757137e-06 4.540470e-03
111 3.631075e-07 1.086425e-02
112 1.512286e-07 1.960895e-02
113 8.428500e-04 1.466688e-01
114 5.040924e-05 1.560516e-02
115 6.614194e-05 2.857186e-02
116 2.920581e-04 1.066485e-01
117 2.450930e-06 7.447049e-03
118 2.037450e-07 3.727502e-03
119 1.324746e-03 7.748083e-01
120 2.497515e-04 3.642438e-02
121 3.485365e-07 9.060224e-03
122 1.660023e-06 5.239466e-03
123 5.657693e-04 1.243524e-01
124 2.394514e-06 1.446388e-02
125 1.879890e-04 1.647947e-01
126 2.188549e-05 1.523769e-02
127 4.645289e-07 1.167713e-02
128 5.514804e-04 4.319739e-01
129 2.715683e-03 5.995333e-01
130 1.193650e-05 7.861596e-02
131 1.457880e-03 2.250322e-01
132 2.253583e-05 2.923261e-02
133 3.043775e-03 1.049038e+00
134 8.459160e-05 5.047039e-02
135 2.414288e-03 3.962522e-01
136 1.513097e-09 2.287476e-03
137 5.131592e-07 1.303353e-02
138 1.078746e-06 4.112860e-03
139 6.452326e-06 1.027209e-02
140 5.615504e-04 6.057520e-02
141 1.085811e-05 8.156254e-03
142 1.232001e-03 2.599087e-01
143 3.848050e-04 1.050587e-01
144 2.192302e-04 2.593159e-01
145 3.183109e-05 6.164978e-02
146 2.241239e-06 1.461623e-02
147 1.011368e-04 8.114532e-02
148 2.523015e-06 6.582385e-03
149 2.190148e-04 7.830549e-02
150 1.491622e-04 1.036066e-01
151 4.025680e-04 7.776118e-02
152 8.853886e-05 3.969935e-02
153 3.199038e-06 1.069180e-02
154 1.921681e-05 1.679426e-02
155 2.394522e-07 3.175623e-03
156 1.296288e-04 2.807151e-02
157 4.158779e-07 1.320191e-02
158 6.780278e-10 3.780402e-03
159 8.233072e-07 1.788468e-02
160 3.058003e-06 1.024628e-02
161 7.716651e-07 5.308681e-03
162 3.351540e-07 1.726175e-02
163 2.952139e-06 1.748850e-02
164 7.709016e-05 1.529267e-02
165 3.156512e-07 1.791507e-03
166 1.422548e-06 2.550392e-03
167 1.505954e-05 9.337810e-03
168 2.329228e-06 5.702230e-03
169 4.479391e-05 3.850017e-02
170 8.974076e-06 7.803497e-03
171 1.759712e-04 5.025736e-02
172 1.266788e-03 6.153936e-01
173 2.662335e-04 9.076323e-02
174 2.075890e-03 2.422925e-01
175 2.045230e-09 1.263790e-03
176 3.903268e-06 1.511310e-02
177 7.224828e-09 3.190653e-03
178 1.329932e-07 7.874984e-03
179 3.481841e-06 1.297415e-02
180 1.969688e-09 1.277222e-03
181 1.023468e-04 1.158661e-01
182 2.495334e-03 8.438809e-02
183 3.356724e-05 4.251705e-02
184 4.702374e-06 9.290578e-03
185 7.530601e-09 1.523500e-03
186 4.486896e-06 4.926226e-02
187 2.695532e-03 8.131631e-01
188 1.410917e-04 5.492909e-02
189 2.531766e-06 1.558155e-02
190 1.650037e-06 5.661641e-03
191 1.532734e-06 7.040897e-03
192 1.012093e-07 5.860098e-03
193 8.818276e-09 6.283812e-03
194 4.805957e-08 6.116803e-03
195 1.775714e-04 3.303161e-02
196 2.449102e-06 8.322628e-03
197 3.544627e-07 2.126214e-02
198 2.499956e-05 1.519006e-02
199 5.669563e-06 2.048511e-02
200 2.335388e-04 1.240190e-01
201 1.822293e-05 9.266721e-02
202 5.427409e-05 1.623565e-02
203 1.199645e-04 2.074807e-01
204 1.234408e-05 4.583981e-03
205 1.731649e-04 4.459994e-02
206 4.344658e-04 5.829051e-02
207 1.167041e-05 3.300500e-02
208 7.388571e-05 9.830244e-02
209 1.212685e-03 1.935655e-01
210 3.477831e-05 5.808501e-02
211 3.054693e-04 2.065400e-01
212 1.164917e-07 5.023378e-03
213 4.176735e-06 1.638460e-02
214 2.413925e-06 1.408018e-02
215 3.502529e-07 1.243001e-02
216 2.425313e-05 3.988997e-02
217 2.136099e-06 2.877928e-03
218 7.463844e-07 4.724744e-03
219 7.907186e-08 2.557772e-03
220 6.136001e-05 2.580527e-01
221 1.512039e-07 5.690422e-03
222 1.432740e-06 4.368556e-02
223 1.163050e-03 1.787802e-01
224 7.907692e-09 2.300355e-03
225 9.735042e-09 3.232367e-03
226 3.614382e-06 1.213306e-02
227 1.665967e-07 4.275726e-03
228 2.210019e-06 6.333941e-03
229 3.591616e-06 1.824834e-02
230 6.401522e-04 3.491893e-01
231 9.264566e-10 2.043694e-03
232 1.696118e-03 7.384438e-01
233 2.049055e-07 9.445372e-03
234 1.474467e-06 5.278633e-03
235 1.167474e-09 7.405300e-03
236 1.138544e-03 1.410986e-01
237 2.083376e-03 3.567519e-01
238 1.483958e-07 5.102027e-03
239 2.899600e-05 1.463021e-02
240 7.638898e-06 6.884527e-02
241 8.472163e-04 5.089329e-01
242 7.991617e-06 3.887670e-02
243 7.181078e-07 4.551993e-03
244 7.735663e-09 1.878947e-03
245 1.426459e-08 1.283882e-03
246 9.007442e-04 2.184493e-01
247 1.228273e-03 1.378501e-01
248 1.056527e-03 3.603277e-01
249 1.518949e-03 4.248849e-01
250 5.370906e-04 3.252249e-01
251 2.147016e-09 1.293826e-03
252 1.837899e-07 8.785770e-03
253 6.052752e-08 4.241620e-03
254 1.259097e-05 2.291305e-02
255 1.595896e-06 9.007439e-03
256 2.211522e-09 2.437776e-03
257 4.855492e-07 5.284402e-03
258 6.775485e-04 1.144339e-01
259 5.455904e-08 1.455877e-03
260 7.286904e-07 1.004299e-02
261 4.546211e-05 1.046236e-02
262 8.970742e-07 1.795469e-03
263 3.586636e-05 7.197902e-03
264 2.140271e-06 2.987422e-02
265 2.085854e-05 7.997568e-02
266 1.684741e-06 1.250505e-02
267 5.257771e-07 1.987640e-02
268 4.612497e-06 1.016751e-02
269 3.699481e-04 1.848544e-01
270 2.438254e-09 3.605403e-03
271 1.933984e-05 1.954406e-02
272 2.044229e-05 1.333466e-02
273 5.018038e-04 1.298199e-01
274 1.405839e-09 1.879305e-03
275 3.084184e-03 1.922056e-01
276 2.944977e-06 1.857221e-02
277 1.569300e-09 4.011021e-03
278 6.047117e-05 1.118971e-01
279 2.146244e-06 5.188435e-03
280 3.197787e-05 7.892421e-02
281 5.447680e-04 1.733983e-01
282 4.636986e-08 2.087955e-03
283 1.430085e-06 6.983926e-03
284 4.423474e-08 4.748688e-03
285 5.244791e-08 9.254486e-03
286 7.542972e-07 6.139397e-03
287 8.509306e-08 5.089541e-03
288 8.214547e-08 2.223001e-03
289 1.308435e-03 3.528927e-01
290 4.160409e-09 1.421790e-03
291 2.617964e-05 2.037967e-02
292 1.138651e-03 4.715933e-01
293 2.303429e-06 5.808737e-03
294 2.335409e-08 4.364120e-03
295 4.179460e-08 1.780735e-02
296 1.379080e-05 1.249226e-01
297 9.192370e-06 1.876293e-02
298 2.348189e-06 5.856897e-03
299 9.799142e-08 4.261026e-03
300 5.131340e-06 1.578462e-02
301 9.186889e-04 3.865403e-01
302 4.159845e-07 3.596078e-03
303 1.285317e-06 2.056594e-02
304 2.513032e-04 1.548863e-01
305 2.265337e-04 2.689711e-02
306 1.702442e-04 2.787381e-02
307 2.838198e-03 3.490748e-01
308 1.034175e-06 1.098351e-02
309 4.489449e-04 3.112597e-01
310 9.599465e-05 2.628044e-02
311 1.449014e-06 1.356520e-02
312 8.050751e-06 5.735045e-03
313 4.455239e-03 1.015470e+00
314 2.076233e-05 4.182290e-03
315 6.056436e-09 4.746970e-03
316 2.820472e-03 6.711740e-01
317 4.601238e-03 4.840143e-01
318 7.768363e-04 2.379506e-01
319 7.663519e-05 9.538541e-02
320 3.500308e-05 4.301904e-02
321 4.011729e-04 3.823754e-01
322 3.700369e-10 6.874484e-03
323 3.252161e-06 2.746250e-02
324 4.643676e-08 5.422401e-03
325 2.710401e-08 5.310829e-03
326 3.678928e-06 4.681164e-02
327 4.171145e-03 8.685153e-01
328 8.698834e-04 2.153583e-01
329 1.828548e-03 4.811717e-01
330 5.356466e-06 1.167940e-02
331 2.328757e-04 3.317251e-02
332 4.401421e-04 3.268357e-01
333 1.587185e-07 1.670256e-02
334 5.442781e-06 4.978892e-02
335 1.746439e-08 2.171911e-03
336 2.743022e-06 1.101032e-02
337 1.098831e-06 1.352538e-02
338 3.746522e-03 1.803225e-01
339 1.649305e-03 3.302667e-01
340 1.184723e-05 1.519305e-02
341 6.519253e-07 1.046731e-02
342 2.231553e-05 8.456190e-03
343 1.136656e-07 3.918113e-02
344 2.174016e-05 1.967252e-02
345 3.244923e-03 9.265027e-01
346 2.856784e-03 5.220280e-01
347 4.156370e-08 4.230645e-03
348 1.322104e-04 5.383230e-02
349 1.312335e-05 7.978471e-03
350 1.992962e-06 3.300983e-03
351 2.974577e-03 8.817236e-01
352 4.875502e-05 2.183434e-01
353 3.510682e-08 1.288497e-03
354 2.597158e-04 1.453937e-01
355 1.329841e-05 2.669868e-02
356 2.047592e-03 5.349280e-01
357 4.789681e-04 1.945366e-01
358 1.895332e-05 6.106347e-03
359 8.350079e-06 1.239775e-02
360 1.328905e-04 1.513766e-01
361 1.460806e-03 2.415622e-01
362 1.487153e-03 1.427493e-01
363 3.010425e-04 4.524952e-02
364 1.241142e-05 5.327425e-02
365 9.152359e-06 4.139447e-02
366 1.577235e-06 2.104351e-02
367 5.461005e-07 1.709234e-02
368 9.468955e-06 1.244938e-02
369 3.014765e-07 1.179193e-02
370 6.271579e-06 2.048209e-02
371 8.580010e-06 8.688587e-02
372 2.102167e-07 3.669501e-02
373 4.372237e-05 7.063061e-02
374 7.894213e-09 6.334285e-03
375 6.631506e-08 1.467723e-03
376 1.943333e-07 3.677519e-03
377 3.542542e-03 6.239616e-01
378 2.178124e-04 2.715622e-02
379 2.221892e-06 6.151024e-03
380 3.899260e-06 2.057819e-02
381 1.573022e-03 6.877003e-01
382 2.678835e-04 3.487221e-02
383 5.504635e-04 2.045026e-01
384 5.035107e-05 2.107242e-02
385 9.674491e-04 6.672908e-01
386 5.317814e-05 1.735698e-02
387 8.653606e-06 2.075057e-02
388 5.096708e-07 4.069481e-03
389 3.873887e-07 1.071571e-02
390 5.362036e-09 4.438041e-03
391 1.035196e-04 3.781047e-02
392 8.877106e-06 2.868350e-02
393 4.891439e-09 2.653659e-03
394 1.628516e-03 7.924990e-01
395 1.080737e-06 1.838092e-03
396 1.348659e-05 3.992213e-02
397 4.542237e-06 2.291746e-02
398 7.526281e-10 2.559534e-03
399 2.810501e-07 9.121391e-03
400 5.788029e-03 1.610595e+00
401 6.195662e-06 2.786016e-02
402 8.068251e-04 5.833606e-01
403 5.142635e-05 3.330430e-02
404 1.490327e-05 2.923543e-02
405 8.722522e-07 5.168767e-03
406 2.402637e-04 2.665696e-01
407 1.014155e-04 1.213144e-01
408 5.109146e-04 7.323689e-01
409 6.945009e-05 8.698092e-02
410 8.321194e-06 1.549588e-02
411 3.799785e-05 4.390723e-02
412 2.483856e-05 1.295382e-02
413 7.974899e-04 5.025436e-01
414 4.763763e-04 4.493108e-02
415 4.690733e-08 1.966927e-03
416 1.033820e-04 1.263701e-01
417 3.303391e-06 2.963954e-03
418 2.664917e-03 5.418925e-01
419 1.719584e-03 8.275239e-01
420 6.530520e-06 9.647723e-03
421 3.080318e-04 2.743556e-02
422 1.157458e-05 3.020805e-02
423 9.629869e-06 1.271479e-02
424 1.230267e-04 6.889921e-02
425 3.439771e-05 1.556206e-02
426 4.426480e-08 3.759563e-03
427 5.355085e-05 1.532336e-01
428 2.140641e-04 4.376089e-02
429 9.331089e-04 3.622784e-01
430 5.447941e-07 1.724812e-03
431 3.036340e-09 4.157726e-03
432 2.791427e-04 1.445010e-01
433 3.775043e-09 1.257088e-03
434 1.730660e-07 5.216905e-03
435 5.544670e-06 5.881077e-03
436 8.007656e-09 2.357642e-03
437 2.069245e-04 1.414065e-01
438 1.167806e-07 5.839344e-03
439 2.390552e-07 4.599590e-03
440 3.122109e-07 4.335522e-03
441 7.404476e-05 4.342495e-02
442 1.188157e-08 6.772091e-03
443 1.678841e-06 5.404333e-03
444 1.005710e-04 5.037664e-02
445 1.709236e-04 9.465221e-02
446 1.400335e-06 1.742864e-02
447 6.145702e-08 2.495302e-03
448 2.158122e-06 2.745949e-03
449 3.934070e-08 2.387278e-03
450 1.010733e-06 3.695651e-03
451 2.328241e-07 1.339097e-03
452 3.386002e-05 1.331525e-02
453 5.976426e-07 5.153498e-03
454 5.410403e-05 4.158282e-02
455 4.296177e-04 1.692245e-01
456 2.777950e-07 5.633444e-03
457 2.841203e-05 4.445151e-02
458 4.727890e-05 7.059115e-02
459 2.584909e-05 7.261924e-02
460 9.501450e-07 4.060920e-03
461 3.035412e-05 3.868528e-02
462 5.554678e-04 3.070029e-01
463 2.525381e-05 7.495740e-02
464 4.371466e-05 1.046099e-02
465 5.880974e-08 1.843528e-03
466 4.639144e-08 2.731728e-03
467 1.451820e-03 5.656508e-01
468 3.213112e-09 5.934336e-03
469 8.033179e-04 1.408901e-01
470 5.230896e-05 2.101937e-02
471 2.124864e-05 3.824952e-02
472 1.333880e-05 7.442743e-03
473 1.283095e-05 1.619286e-02
474 5.834703e-06 5.016053e-03
475 1.019736e-04 4.070062e-02
476 4.400377e-09 2.276397e-03
477 4.438502e-04 1.024882e-01
478 2.113612e-09 3.581632e-03
479 4.434263e-09 1.840711e-03
480 4.541777e-06 1.382911e-02
481 3.101146e-07 8.189569e-03
482 1.303027e-03 2.951963e-01
483 4.073057e-08 1.193818e-03
484 8.806498e-08 1.952935e-03
485 8.402917e-05 1.029476e-01
486 4.722438e-07 5.288277e-03
487 2.699886e-05 9.069675e-02
488 5.614543e-07 6.578374e-03
489 1.130023e-05 1.367612e-02
490 3.825655e-06 4.767188e-02
491 1.444195e-06 1.094390e-02
492 1.065041e-04 1.791960e-02
493 3.183354e-08 2.366963e-03
494 3.672515e-04 1.400309e-01
495 8.806286e-04 1.959965e-01
496 5.472605e-05 1.957194e-01
497 6.076666e-05 1.467784e-01
498 2.470751e-05 4.276420e-02
499 2.644739e-05 1.254190e-02
500 1.396996e-08 9.723951e-03
501 5.521845e-03 8.675377e-01
502 4.326093e-06 1.978748e-02
503 1.582593e-04 7.560067e-02
504 5.021806e-03 1.115954e+00
505 2.543981e-07 6.446555e-03
506 5.480548e-07 1.313886e-02
507 4.207125e-07 9.701645e-03
508 2.221723e-05 1.555414e-02
509 6.288520e-04 3.594656e-01
510 3.055917e-07 9.912112e-03
511 1.218659e-06 4.991391e-03
512 1.179912e-08 2.039365e-03
513 3.693453e-05 3.549124e-02
514 5.094680e-08 1.969233e-02
515 1.518904e-06 5.775159e-02
516 1.987545e-04 8.313985e-02
517 2.703635e-06 7.824684e-03
518 3.504310e-08 4.541348e-03
519 2.119491e-06 1.088810e-02
520 7.445481e-10 1.504598e-03
521 6.841132e-06 3.000221e-02
522 2.719227e-06 3.429511e-03
523 1.407967e-06 8.470938e-03
524 1.408272e-04 8.211660e-02
525 6.051385e-04 1.075075e-01
526 4.664440e-06 1.755813e-02
527 4.988455e-04 1.971277e-01
528 5.595132e-04 1.615873e-01
529 1.036704e-03 2.648264e-01
530 3.354025e-04 6.969272e-02
531 7.243606e-11 1.574193e-03
532 7.972775e-07 9.702488e-03
533 2.488896e-06 2.872566e-03
534 2.766220e-06 8.942413e-02
535 1.641933e-03 3.031518e-01
536 4.712877e-04 1.032309e-01
537 1.827037e-03 3.450742e-01
538 1.084672e-06 9.627371e-02
539 6.335919e-05 6.177024e-02
540 1.706636e-06 2.845606e-02
541 2.947186e-03 8.451710e-01
542 7.396519e-06 1.322472e-02
543 8.770379e-05 9.360930e-03
544 8.943553e-05 7.914443e-02
545 1.582326e-07 9.542895e-03
546 5.205826e-06 1.575814e-02
547 1.110867e-05 5.523331e-02
548 1.680833e-04 3.656878e-02
549 1.538530e-06 2.926287e-02
550 3.490357e-09 5.838572e-03
551 4.670140e-04 2.782507e-02
552 1.635090e-07 2.688724e-03
553 1.045036e-06 7.536753e-03
554 2.233404e-09 3.020655e-03
555 4.496508e-06 7.067270e-02
556 1.099515e-06 7.640093e-03
557 2.142556e-04 9.471596e-02
558 7.377206e-08 8.196950e-03
559 3.624779e-04 6.581930e-02
560 8.782855e-08 3.361644e-03
561 9.686862e-06 3.343726e-02
562 7.614257e-07 1.831536e-03
563 3.614534e-03 1.773125e+00
564 5.520963e-03 9.008893e-01
565 2.667818e-06 3.856349e-03
566 1.014051e-03 4.547655e-02
567 1.422276e-04 6.653323e-02
568 6.161805e-04 1.054603e-01
569 1.192063e-05 1.220679e-02
570 1.950953e-05 5.156747e-02
571 9.699859e-05 6.450274e-02
572 6.794395e-04 1.067177e-01
573 1.374907e-03 1.963199e-01
574 3.212248e-06 5.864450e-03
575 7.244518e-08 4.061746e-03
576 2.421455e-06 9.627155e-03
577 1.829781e-08 2.689215e-03
578 1.723499e-06 4.110218e-03
579 1.134765e-04 2.577558e-02
580 1.911921e-07 6.032246e-03
581 5.175452e-04 1.047329e-01
582 1.311478e-06 1.519296e-02
583 3.027654e-04 4.676761e-01
584 1.819417e-05 7.826474e-02
585 1.574672e-05 4.552598e-02
586 5.786884e-04 1.335285e-01
587 1.276101e-05 1.319726e-02
588 7.212419e-06 5.905958e-02
589 2.739477e-04 5.215132e-02
590 3.889819e-07 1.234522e-02
591 2.557310e-06 2.683563e-02
592 2.978449e-03 6.829458e-01
593 1.080118e-06 9.336754e-03
594 7.714136e-05 9.680871e-02
595 4.083924e-07 5.609144e-03
596 3.162336e-08 1.379393e-03
597 2.123476e-07 2.283739e-03
598 7.467176e-05 4.604308e-02
599 7.518039e-05 1.913097e-02
600 1.271476e-06 5.156987e-03
601 6.458133e-07 4.322712e-03
602 2.369267e-05 2.794751e-02
603 2.600922e-05 3.362189e-02
604 1.923662e-08 2.068151e-03
605 3.846311e-04 1.613725e-01
606 3.373795e-04 9.889406e-02
607 1.544533e-07 5.244714e-03
608 3.533271e-04 2.847463e-02
609 4.830484e-05 1.625176e-02
610 3.827814e-06 1.626360e-02
611 5.479200e-08 2.535645e-03
612 8.175726e-06 3.628271e-02
613 3.971709e-08 5.337955e-03
614 9.989994e-07 5.654937e-03
615 2.245295e-08 5.944643e-03
616 1.621279e-04 4.339959e-02
617 2.369131e-06 1.406019e-02
618 1.380893e-07 8.402287e-03
619 1.190295e-05 7.278916e-03
620 4.511286e-07 3.877704e-03
621 3.127142e-07 3.421122e-03
622 6.111903e-04 2.719470e-01
623 1.324128e-05 1.738464e-02
624 9.446607e-07 4.428862e-03
625 7.903451e-07 1.184840e-02
626 8.158775e-07 6.373466e-03
627 4.274729e-07 3.674239e-03
628 5.631394e-05 3.219454e-02
629 1.387492e-06 2.123108e-03
630 1.941998e-05 1.448619e-02
631 9.947631e-06 1.216708e-02
632 5.335742e-08 1.264127e-03
633 4.050126e-04 3.001998e-01
634 1.168450e-04 2.683886e-02
635 3.601162e-07 8.787029e-03
636 9.731411e-08 2.104396e-02
637 2.740147e-07 1.159546e-02
638 9.804607e-09 2.182615e-03
639 1.857352e-09 1.581172e-03
640 7.062576e-09 2.443732e-03
641 4.246627e-09 1.528469e-03
642 1.541112e-07 5.430119e-03
643 4.773960e-05 8.569621e-02
644 1.550467e-03 1.846647e-01
645 4.186692e-04 6.826800e-02
646 3.465763e-06 1.423971e-02
647 8.795818e-07 6.021894e-03
648 9.195724e-05 3.678402e-02
649 1.591618e-03 6.190335e-01
650 2.453422e-06 5.000351e-03
651 4.632586e-07 8.522364e-03
652 1.358147e-04 7.195993e-02
653 3.457512e-08 4.782538e-03
654 6.632543e-07 4.933452e-03
655 8.553382e-07 9.175312e-03
656 1.061372e-07 2.808696e-03
657 2.369744e-04 3.611494e-02
658 3.133392e-04 1.432503e-01
659 1.459432e-04 1.998869e-02
660 1.312693e-04 1.172451e-01
661 3.375027e-07 5.551722e-03
662 3.803669e-04 2.445808e-01
663 7.540529e-04 7.731274e-01
664 4.981682e-05 5.159031e-02
665 5.401026e-07 9.374723e-03
666 1.156868e-04 1.548916e-02
667 1.016510e-03 3.881452e-02
668 1.763109e-03 3.408534e-01
669 1.019136e-03 2.261078e-01
670 9.152335e-08 9.343764e-03
671 2.327418e-05 2.175011e-02
672 1.321929e-06 2.505972e-02
673 2.201942e-05 1.145165e-02
674 3.865254e-07 2.100848e-03
675 3.128055e-05 1.376667e-01
676 2.401074e-06 5.668536e-03
677 4.747652e-10 1.338939e-03
678 1.136266e-05 7.198496e-03
679 1.593791e-03 1.811926e-01
680 1.798561e-05 4.591206e-02
681 3.674961e-05 7.006157e-02
682 1.709184e-05 1.274243e-02
683 3.663641e-06 3.056974e-02
684 6.780763e-06 1.896282e-02
685 1.219690e-08 2.170942e-03
686 7.467883e-06 1.908530e-02
687 3.330874e-03 6.429541e-01
688 5.385854e-06 2.485604e-02
689 9.122168e-07 1.031676e-02
690 2.835985e-08 2.015032e-03
691 8.995855e-04 1.623733e-01
692 1.676896e-07 2.928012e-03
693 1.744554e-05 2.176651e-02
694 3.032354e-04 8.398835e-02
695 3.889330e-04 2.432418e-01
696 3.420573e-03 6.792334e-01
697 3.063537e-05 9.050583e-03
698 1.007730e-04 1.374064e-01
699 9.424029e-08 1.537482e-03
700 1.505823e-04 4.911833e-02
701 3.908076e-06 1.961821e-02
702 2.072072e-08 1.237034e-03
703 4.775737e-08 4.010555e-03
704 6.972058e-11 1.311533e-03
705 2.157605e-03 2.799548e-01
706 2.729012e-08 1.731828e-03
707 9.469587e-04 8.651812e-02
708 2.250456e-11 4.995842e-03
709 1.433416e-10 2.939364e-03
710 6.743046e-07 6.289871e-03
711 1.005650e-09 1.204885e-03
712 5.444308e-07 4.808871e-03
713 3.394810e-07 6.461137e-03
714 8.579744e-10 2.451224e-03
715 2.022948e-05 1.634994e-02
716 1.220189e-04 2.814393e-02
717 6.592362e-08 5.328729e-03
718 7.026269e-11 2.642272e-03
719 2.351939e-03 6.562507e-01
720 1.843285e-10 1.188320e-03
721 2.833244e-05 8.211690e-03
722 1.305101e-09 2.732693e-03
723 6.372005e-06 1.658228e-02
724 1.691124e-07 3.484833e-03
725 3.521898e-10 1.464597e-03
726 1.413558e-04 4.598533e-02
727 4.701641e-09 4.371330e-03
728 1.486257e-07 7.905884e-03
729 2.593253e-09 7.307641e-03
730 7.293170e-08 2.751915e-03
731 2.565813e-04 9.977910e-02
732 5.056314e-12 1.364472e-03
733 3.257238e-13 9.157500e-04
734 1.329411e-07 2.989050e-03
735 7.708173e-08 3.404661e-03
736 1.586333e-05 1.654844e-02
737 1.724615e-10 1.363519e-03
738 7.759275e-05 9.571687e-02
739 2.801424e-08 3.515023e-03
740 3.127122e-05 3.677720e-02
741 2.220039e-07 8.483274e-03
742 1.306111e-05 2.180984e-02
743 1.713592e-03 7.094866e-01
744 2.588941e-10 2.638475e-03
745 3.616238e-08 2.531033e-03
746 1.404978e-06 1.279508e-02
747 5.376988e-04 5.218000e-02
748 9.871971e-04 1.628868e-01
749 1.335770e-04 1.820498e-01
750 1.036492e-06 6.847346e-03
751 1.477066e-06 1.232360e-02
752 3.164614e-07 1.981059e-03
753 1.533905e-08 2.987062e-03
754 1.307311e-04 1.059853e-01
755 1.778093e-05 2.146576e-02
756 6.310549e-05 3.530322e-02
757 2.408557e-09 1.517557e-03
758 7.376283e-06 2.106880e-02
759 1.597837e-04 2.305722e-02
760 3.492728e-08 2.275724e-03
761 1.791849e-04 3.202408e-02
762 1.362807e-04 2.232286e-02
763 3.229205e-09 1.966313e-03
764 3.198842e-08 9.887811e-03
765 1.695950e-08 1.044213e-02
766 5.127033e-07 5.500418e-03
767 1.042097e-07 5.904730e-03
768 5.803436e-05 2.878148e-02
769 1.146194e-05 7.735304e-03
770 2.268115e-04 6.419188e-02
771 2.130997e-05 4.955338e-03
772 2.817552e-11 1.550057e-03
773 6.110444e-08 1.604231e-02
774 2.670788e-08 1.956641e-03
775 4.226889e-04 9.125047e-02
776 1.214087e-04 8.801779e-02
777 1.237353e-04 3.464365e-02
778 6.925498e-05 2.351058e-02
779 1.436129e-03 2.346711e-01
780 3.757391e-05 1.530557e-02
781 4.070006e-04 7.462937e-02
782 1.762567e-06 4.551874e-03
783 8.668102e-06 9.691936e-03
784 1.127131e-05 6.750196e-03
785 2.317498e-04 4.190899e-02
786 6.282370e-05 2.521317e-02
787 2.562720e-04 3.612040e-02
788 6.171124e-06 2.304932e-02
789 3.271519e-09 1.348764e-03
790 9.941821e-05 1.610959e-01
791 3.712141e-05 1.710094e-02
792 7.340423e-07 4.933507e-03
793 5.289091e-06 9.873173e-03
794 1.087722e-06 5.113521e-03
795 4.119432e-04 5.695194e-01
796 1.541066e-08 3.134364e-03
797 5.890756e-04 2.799650e-01
798 1.394153e-03 4.491225e-01
799 8.763245e-06 5.203884e-03
800 2.650997e-04 8.407475e-02
801 4.705860e-08 4.158129e-03
802 4.013050e-05 4.472874e-02
803 2.015033e-03 1.474458e-01
804 9.384807e-07 1.604024e-02
805 3.228991e-08 4.028834e-03
806 9.761320e-04 2.280800e-01
807 2.150305e-06 5.541718e-02
808 1.287945e-05 4.096541e-03
809 1.061878e-03 3.465893e-01
810 6.245224e-05 1.630970e-02
811 4.637126e-06 2.751054e-02
812 4.371322e-07 6.926714e-03
813 3.009141e-07 5.855341e-03
814 7.422217e-06 1.055002e-02
815 5.651510e-06 2.615927e-02
816 2.296599e-04 1.576139e-01
817 4.038884e-03 7.864896e-01
818 3.747590e-08 3.590502e-03
819 4.417038e-05 1.019164e-01
820 2.122453e-05 5.248905e-02
821 1.107236e-05 2.781621e-02
822 3.050115e-07 3.567731e-03
823 1.876601e-06 9.582255e-03
824 2.402058e-07 2.606871e-02
825 2.301949e-06 2.665154e-02
826 3.087312e-05 9.574695e-03
827 2.338249e-06 5.666280e-03
828 6.793259e-05 3.765672e-02
829 4.301474e-07 1.436707e-02
830 1.931528e-03 4.563198e-01
831 3.732304e-05 1.985404e-02
832 5.900635e-06 8.704467e-03
833 5.649103e-06 2.211776e-02
834 4.195735e-06 2.173820e-02
835 1.991269e-07 2.277150e-03
836 6.000308e-09 1.027179e-03
837 7.454295e-07 1.488814e-02
838 1.435151e-05 8.785951e-03
839 1.235240e-06 1.524286e-02
840 4.892743e-06 3.759864e-02
841 3.770992e-05 3.420175e-02
842 9.160543e-04 4.036709e-01
843 3.792248e-05 2.827740e-02
844 2.505747e-06 3.612717e-02
845 1.053827e-06 3.279766e-02
846 6.599786e-04 1.051935e-01
847 1.981949e-05 2.460424e-02
848 1.915575e-04 1.201039e-01
849 2.865816e-07 5.776578e-03
850 6.829363e-04 1.027682e+00
851 2.177832e-05 2.073669e-02
852 3.233419e-05 1.911829e-01
853 2.853466e-04 2.824168e-01
854 8.693677e-05 8.477162e-02
855 8.698895e-05 1.616009e-01
856 1.321780e-04 5.298612e-02
857 6.668885e-04 2.735631e-01
858 4.410042e-06 2.058490e-02
859 1.701577e-08 3.866643e-03
860 2.585703e-04 4.602765e-02
861 1.556036e-08 1.641634e-03
862 2.395023e-05 2.254982e-02
863 2.185130e-04 9.654561e-02
864 3.617462e-06 7.901073e-03
865 2.273778e-04 1.062318e-01
866 2.980348e-04 1.628656e-01
867 8.841978e-04 6.803597e-01
868 4.782317e-06 7.012799e-03
869 5.454806e-06 3.264543e-02
870 3.060189e-05 4.625809e-02
871 8.282668e-06 2.780073e-02
872 6.752772e-04 3.045104e-01
873 5.811252e-05 7.317823e-02
874 6.950634e-04 2.382281e-01
875 2.856997e-06 6.305689e-03
876 1.791983e-11 1.062644e-03
877 1.720256e-07 9.368820e-03
878 5.219499e-04 4.101513e-01
879 1.364854e-04 9.687009e-02
880 8.328715e-06 1.092075e-02
881 1.463833e-09 2.291675e-03
882 9.874586e-05 7.023084e-02
883 1.545171e-03 5.558346e-01
884 1.759644e-04 9.653196e-02
885 6.650992e-05 7.706558e-02
886 1.571455e-06 7.903866e-03
887 1.097273e-06 1.342772e-02
888 2.416215e-06 1.278571e-02
889 6.614302e-07 2.299720e-02
890 1.666334e-06 2.350979e-02
891 4.896562e-04 3.439475e-01
892 7.105051e-09 2.858775e-03
893 4.705736e-05 5.992672e-02
894 6.744749e-06 7.011011e-03
895 3.413463e-05 7.896446e-02
896 3.291907e-06 5.485390e-02
897 1.826393e-04 7.810480e-02
898 1.930577e-06 9.298766e-03
899 2.139219e-06 1.428677e-02
900 9.076888e-08 1.625495e-02
901 8.545210e-05 8.672832e-02
902 3.205798e-08 2.126725e-03
903 5.654100e-06 3.479217e-02
904 3.221216e-08 2.108349e-02
905 1.373733e-08 6.663575e-03
906 1.815172e-06 8.253489e-03
907 1.476971e-08 2.066216e-03
908 1.380246e-08 8.980182e-03
909 4.987724e-05 2.928045e-02
910 1.673948e-05 2.795570e-02
911 2.134000e-07 2.117813e-02
912 3.494416e-07 1.046611e-02
913 4.444171e-08 3.414657e-03
914 1.339082e-07 7.548434e-03
915 2.051630e-03 1.792784e-01
916 1.927617e-10 2.827308e-03
917 9.145835e-09 2.394286e-03
918 3.025631e-09 2.639516e-03
919 8.275825e-04 1.947499e-01
920 1.077606e-08 6.486569e-03
921 9.102583e-07 3.955281e-03
922 3.170086e-07 1.635727e-02
923 1.207326e-08 5.135516e-03
924 4.209936e-04 3.147508e-01
925 1.387377e-04 6.773747e-02
926 2.770468e-05 4.267983e-02
927 2.812730e-05 1.222035e-01
928 3.201665e-07 4.358467e-02
929 5.620751e-04 1.612550e-01
930 1.806966e-04 4.976958e-02
931 1.986633e-04 1.813254e-02
932 6.225331e-05 4.917787e-02
933 6.991264e-09 2.972984e-03
934 9.791666e-06 9.624623e-03
935 4.603235e-07 3.604217e-03
936 1.879830e-06 2.782498e-02
937 1.246787e-09 5.815814e-03
938 3.424670e-08 2.376846e-03
939 2.083524e-06 1.027523e-02
940 6.979830e-04 1.196866e-01
941 1.347464e-08 3.331936e-03
942 5.667880e-05 1.396194e-01
943 7.006118e-06 2.413197e-02
944 2.248170e-11 1.972735e-03
945 1.423451e-04 3.096869e-02
946 8.319467e-09 2.224199e-03
947 2.606168e-05 2.029761e-02
948 6.905870e-08 1.523332e-03
949 5.667740e-06 1.785982e-02
950 7.154932e-04 1.086567e-01
951 7.427806e-08 3.014468e-02
952 4.820587e-06 4.145245e-02
953 1.469231e-10 2.418491e-03
954 1.850746e-05 3.674260e-02
955 4.093604e-07 4.481049e-03
956 7.094157e-06 1.923920e-02
957 2.634301e-04 5.220833e-02
958 1.977044e-04 3.825525e-02
959 1.681657e-04 2.790765e-02
960 5.344920e-09 2.434870e-03
961 2.308852e-09 9.517348e-03
962 7.578201e-08 1.077665e-02
963 1.923824e-07 3.545718e-03
964 4.249147e-07 1.982805e-03
965 6.089170e-04 1.227945e-01
966 1.261272e-04 1.681465e-02
967 1.478456e-06 8.166512e-03
968 7.026605e-04 9.066787e-02
969 2.044143e-04 1.237331e-01
970 5.944430e-05 2.293098e-02
971 4.710697e-06 8.026546e-03
972 6.650823e-05 4.555238e-02
973 7.126011e-06 8.890600e-03
974 2.984279e-06 8.002984e-03
975 2.802868e-05 9.043412e-02
976 4.414391e-04 3.095441e-01
977 3.936612e-05 1.850531e-02
978 3.283823e-06 2.450704e-02
979 1.688636e-07 2.949044e-03
980 1.700140e-05 2.126631e-02
981 1.240506e-05 2.188202e-02
982 2.824187e-07 1.413028e-03
983 6.781934e-07 3.854151e-03
984 1.091342e-05 2.047161e-02
985 1.090246e-05 6.126636e-02
986 5.866149e-04 3.747138e-01
987 2.842852e-07 6.218963e-03
988 8.547105e-09 2.068259e-03
989 3.109834e-04 9.299034e-02
990 2.484501e-08 2.264675e-03
991 3.445149e-03 7.653637e-01
992 3.715260e-06 6.918292e-03
993 3.714479e-06 9.569160e-03
994 1.638092e-12 1.343352e-03
995 5.191212e-07 1.514090e-02
996 3.487582e-03 7.232092e-01
997 4.280290e-07 8.020910e-03
998 2.049875e-06 3.889109e-03
999 1.034224e-05 2.511346e-02
1000 2.483008e-12 1.344524e-03
1001 6.225227e-06 9.323382e-03
1002 2.198556e-04 1.049994e-01
1003 3.343491e-04 3.565709e-02
1004 5.192863e-05 3.874074e-02
1005 9.990435e-07 2.258654e-03
1006 2.773949e-04 1.605785e-01
1007 4.463875e-08 3.015579e-03
1008 1.014424e-04 3.221518e-02
1009 4.377731e-07 2.037546e-03
1010 1.948220e-05 2.141764e-02
1011 2.056773e-07 1.731837e-02
1012 3.298650e-05 2.537919e-01
1013 4.745374e-07 1.235157e-02
1014 7.241041e-07 8.459546e-03
1015 9.525454e-06 3.369745e-02
1016 1.263731e-04 1.995698e-02
1017 3.748274e-03 4.935431e-01
1018 3.578111e-05 1.039544e-01
1019 1.914883e-10 1.929900e-03
1020 1.004956e-08 1.103997e-02
1021 1.151853e-06 1.421902e-02
1022 4.782713e-10 1.414986e-03
1023 2.749266e-05 1.870440e-02
1024 1.259145e-04 1.818042e-02
1025 9.323866e-10 1.527421e-03
1026 6.019021e-11 1.937812e-03
1027 3.376325e-06 1.113247e-02
1028 1.639551e-04 1.058656e-01
1029 2.554175e-07 6.101522e-03
1030 1.730559e-08 3.061026e-03
1031 1.125094e-05 1.186897e-02
1032 1.298995e-03 4.202135e-01
1033 1.008071e-08 1.554531e-03
1034 7.655812e-06 3.087923e-02
1035 1.670968e-05 1.594565e-02
1036 3.283094e-05 1.590830e-01
1037 2.917143e-09 3.022548e-03
1038 4.042860e-07 3.122660e-03
1039 5.836881e-06 9.870401e-03
1040 2.150114e-08 3.101180e-03
1041 1.586117e-03 3.718935e-01
1042 4.269440e-07 7.763548e-03
1043 1.589005e-09 1.239486e-03
1044 2.365861e-07 3.616411e-03
1045 6.692610e-09 2.385841e-03
1046 1.604556e-12 1.277349e-03
1047 2.958961e-09 1.279784e-03
1048 2.511879e-07 4.737331e-03
1049 1.530114e-08 1.166055e-03
1050 3.807524e-03 9.310852e-01
1051 9.308753e-04 6.562681e-02
1052 3.359341e-07 2.939565e-03
1053 1.811192e-06 9.289608e-03
1054 1.872370e-09 1.868650e-03
1055 3.512010e-10 1.156849e-03
1056 1.804872e-06 8.919849e-03
1057 4.129110e-06 1.321558e-02
1058 1.537611e-08 1.571857e-03
1059 1.909931e-04 8.358727e-02
1060 9.703958e-09 1.477420e-03
1061 3.498104e-06 3.253727e-03
1062 2.741667e-10 1.140550e-03
1063 6.219722e-06 2.582457e-02
1064 4.261830e-05 5.971109e-02
1065 1.348322e-09 1.808254e-03
1066 1.400806e-09 1.188371e-03
1067 8.934937e-06 1.417515e-02
1068 2.743109e-08 1.816887e-03
1069 1.858754e-07 2.967549e-03
1070 2.855056e-09 1.193288e-03
1071 7.197042e-07 2.051289e-03
1072 3.227918e-08 2.554786e-03
1073 7.713842e-09 1.345027e-03
1074 7.262756e-09 1.906744e-03
1075 7.844040e-07 3.814629e-03
1076 3.672545e-07 4.151110e-03
1077 8.868920e-07 5.486431e-03
1078 9.321576e-06 1.449450e-02
1079 9.080991e-08 4.522079e-03
1080 3.738017e-04 6.803162e-02
1081 8.814675e-06 5.117921e-02
1082 8.653579e-07 3.725203e-03
1083 1.418654e-06 5.124460e-03
1084 6.499857e-10 1.205174e-03
1085 3.721763e-08 1.821483e-03
1086 1.640733e-07 3.018408e-03
1087 1.130530e-07 1.403576e-03
1088 5.694408e-06 8.384856e-03
1089 3.869215e-08 1.364840e-03
1090 1.099163e-10 1.204075e-03
1091 1.634882e-08 1.663642e-03
1092 1.685585e-06 2.355463e-03
1093 1.832629e-06 2.386705e-02
1094 4.667421e-05 1.691634e-02
1095 3.605306e-08 2.995754e-03
1096 6.021002e-05 3.792792e-02
1097 3.929980e-06 5.271056e-02
1098 8.763580e-08 8.083105e-03
1099 3.317291e-09 3.598121e-03
1100 4.481227e-10 1.118756e-03
1101 1.580023e-06 2.454838e-02
1102 1.645867e-07 1.198404e-02
1103 2.305290e-06 3.996500e-03
1104 2.522403e-05 3.179563e-02
1105 7.287964e-09 2.111038e-03
1106 3.651009e-03 5.500338e-01
1107 4.768787e-08 2.630245e-03
1108 4.546444e-07 8.248721e-03
1109 1.047556e-10 1.817777e-03
1110 1.503311e-07 1.045578e-02
1111 3.514328e-08 2.195912e-03
1112 4.027232e-11 1.790195e-03
1113 1.826068e-06 1.476009e-02
1114 1.359023e-04 2.859738e-02
1115 1.254625e-03 2.978149e-01
1116 1.516592e-10 1.968537e-03
1117 1.551654e-03 3.545257e-01
1118 3.060231e-07 5.097335e-03
1119 1.220157e-05 3.041844e-02
1120 3.239222e-05 7.544309e-02
1121 7.736797e-06 1.109769e-02
1122 9.663564e-07 2.081637e-02
1123 4.316643e-06 3.945938e-03
1124 1.246066e-06 1.460685e-02
1125 6.072652e-06 4.864024e-03
1126 1.101272e-07 6.924874e-03
1127 4.342336e-07 4.396315e-03
1128 2.169628e-05 4.963729e-02
1129 1.124315e-06 8.551860e-03
1130 1.350461e-07 1.233793e-02
1131 2.677298e-04 8.894052e-02
1132 8.593631e-06 1.322052e-02
1133 1.369775e-07 2.200742e-03
1134 2.895250e-04 9.545895e-02
1135 1.081384e-05 1.753089e-02
1136 1.039718e-03 1.702526e-01
1137 2.026058e-06 2.245491e-02
1138 3.897700e-10 1.865742e-03
1139 1.879415e-06 7.264304e-03
1140 7.240025e-11 2.155833e-03
1141 1.299850e-05 6.300782e-03
1142 1.723966e-04 8.668100e-02
1143 3.108220e-07 7.793439e-02
1144 1.855808e-09 6.472332e-03
1145 2.175737e-06 2.460808e-02
1146 2.115636e-03 6.582630e-01
1147 1.330195e-04 7.087714e-02
1148 1.205821e-08 2.425737e-03
1149 1.094703e-03 1.780085e-01
1150 1.798774e-10 2.359936e-03
1151 8.332548e-04 2.632509e-01
1152 1.087011e-04 1.271690e-01
1153 2.109231e-06 6.547375e-03
1154 2.271988e-09 1.933797e-03
1155 6.498122e-04 3.649882e-01
1156 7.637718e-08 2.779426e-03
1157 1.521098e-04 6.355437e-02
1158 2.484135e-07 5.860563e-03
1159 6.877355e-10 1.511868e-03
1160 7.942370e-07 3.043161e-03
1161 2.022175e-06 2.053638e-02
1162 1.202958e-05 2.324639e-01
1163 5.224670e-05 2.128226e-02
1164 4.135385e-05 5.867253e-02
1165 1.352872e-03 7.442079e-01
1166 1.964143e-03 1.540899e-01
1167 5.098436e-05 1.168338e-01
1168 3.321169e-05 4.574121e-02
1169 1.124509e-07 8.017027e-03
1170 7.292634e-07 6.172442e-03
1171 1.265949e-06 1.013759e-02
1172 4.921128e-05 8.659685e-02
1173 3.307069e-10 1.101235e-03
1174 6.428106e-04 4.023780e-01
1175 1.820062e-06 2.600777e-02
1176 1.184375e-10 1.778830e-03
1177 1.637121e-04 1.276247e-01
1178 1.573413e-03 3.816639e-01
1179 2.216331e-04 4.615316e-02
1180 2.087673e-05 9.505186e-03
1181 1.008677e-07 1.988220e-03
1182 2.688039e-05 1.014475e-02
1183 1.536977e-04 1.634522e-01
1184 2.578151e-04 6.191415e-02
1185 1.052721e-07 1.084863e-02
1186 1.241895e-03 1.907296e-01
1187 4.417419e-04 1.621488e-01
1188 3.340833e-06 2.292855e-03
1189 3.189968e-08 2.577566e-03
1190 5.278006e-12 1.991191e-03
1191 5.017730e-07 2.973857e-03
1192 3.135515e-04 1.334175e-01
1193 1.465500e-09 3.228886e-03
1194 1.755714e-05 2.859662e-02
1195 2.856031e-04 2.662465e-01
1196 6.879590e-09 5.334627e-03
1197 1.337324e-07 3.534089e-03
1198 5.786167e-06 2.765402e-03
1199 6.222066e-04 2.702640e-01
1200 1.962612e-03 3.943749e-01
1201 4.623030e-10 1.124778e-03
1202 5.165126e-05 2.551815e-02
1203 9.566133e-05 4.297970e-02
1204 3.708685e-06 7.201469e-03
1205 6.931461e-11 1.941555e-03
1206 2.926065e-03 3.435529e-01
1207 1.313635e-06 5.743091e-03
1208 1.440728e-06 6.315768e-03
1209 2.008379e-04 1.326030e-01
1210 1.731412e-04 6.550417e-02
1211 1.383190e-03 1.263932e-01
1212 1.406228e-08 3.746039e-03
1213 4.187313e-08 4.992238e-03
1214 1.009573e-04 1.773664e-02
1215 1.617802e-08 2.616176e-03
1216 5.520450e-09 2.222564e-03
1217 1.239348e-05 2.857549e-02
1218 2.073525e-06 5.758926e-03
1219 1.807168e-05 1.544015e-02
1220 8.939480e-06 2.551292e-02
1221 5.919188e-05 3.676121e-02
1222 8.504513e-07 2.354765e-02
1223 6.712003e-05 4.426330e-02
1224 2.128713e-06 9.691514e-03
1225 7.260786e-08 2.936557e-03
1226 2.408595e-08 1.836784e-03
1227 2.215433e-05 8.539568e-03
1228 4.898401e-05 2.544279e-02
1229 1.083205e-04 5.784376e-02
1230 1.793823e-07 7.506511e-03
1231 7.551075e-06 4.003649e-02
1232 2.421234e-10 5.677327e-03
1233 4.395622e-06 2.442799e-02
1234 5.352545e-09 7.617301e-03
1235 3.769878e-05 5.366968e-02
1236 2.567661e-08 4.713862e-03
1237 9.646179e-04 2.261936e-01
1238 3.424521e-06 1.426813e-02
1239 1.580523e-06 6.976884e-03
1240 9.328624e-07 4.212976e-03
1241 1.136886e-05 8.940191e-03
1242 1.437156e-03 3.928531e-01
1243 1.134657e-04 1.289226e-01
1244 3.664407e-07 3.613178e-03
1245 5.503072e-07 6.894900e-03
1246 2.968138e-09 2.013912e-03
1247 1.399602e-03 5.787492e-02
1248 4.003614e-05 6.185433e-02
1249 1.045143e-07 9.781771e-03
1250 1.342734e-08 6.206314e-03
1251 1.971198e-07 1.429827e-02
1252 2.468098e-05 7.275372e-03
1253 1.372041e-03 3.338475e-01
1254 4.170970e-08 5.366764e-03
1255 2.085036e-06 2.176562e-02
1256 4.175281e-05 7.771102e-03
1257 6.375484e-04 1.125213e-01
1258 7.946781e-08 4.846884e-03
1259 6.401619e-05 8.324050e-02
1260 9.691331e-05 2.767724e-01
1261 1.188361e-07 5.600007e-03
1262 2.092815e-06 2.180695e-02
1263 1.871840e-05 5.218019e-02
1264 4.139719e-08 3.171531e-02
1265 1.450836e-06 1.094527e-02
1266 6.053966e-07 3.497478e-02
1267 1.768308e-06 1.782917e-02
1268 2.155954e-06 9.247926e-03
1269 4.118225e-05 2.599948e-02
1270 4.667298e-03 1.074468e+00
1271 7.708577e-04 4.454804e-01
1272 3.651801e-09 1.268442e-03
1273 1.141245e-03 9.260249e-02
1274 6.842464e-06 2.047907e-02
1275 4.195351e-05 5.964788e-02
1276 4.733590e-03 5.821008e-01
1277 5.993429e-04 2.365935e-01
1278 2.295968e-03 4.566051e-01
1279 1.732492e-06 2.734085e-03
1280 6.436536e-04 1.897306e-01
1281 3.005728e-06 7.392435e-03
1282 1.318522e-04 6.659684e-02
1283 2.434415e-06 2.099283e-02
1284 5.246775e-07 4.758900e-03
1285 4.245822e-04 1.519372e-01
1286 4.994927e-10 3.201483e-03
1287 9.527366e-05 3.818232e-02
1288 3.816568e-04 5.186433e-02
1289 1.061550e-04 1.753305e-02
1290 3.349548e-05 3.065619e-02
1291 4.646722e-05 2.358802e-02
1292 8.910406e-04 4.067886e-01
1293 1.098604e-07 3.342987e-03
1294 1.344824e-06 5.829758e-03
1295 1.206410e-06 3.404585e-03
1296 3.286504e-07 1.306294e-02
1297 1.853044e-05 5.890791e-02
1298 3.576346e-05 1.517584e-02
1299 1.574913e-04 2.053172e-02
1300 3.948725e-08 2.826522e-03
1301 1.481883e-07 3.142545e-03
1302 2.793467e-04 1.079110e-01
1303 5.441118e-06 8.928899e-03
1304 1.462789e-06 8.579403e-03
1305 6.792958e-05 6.680397e-02
1306 1.515794e-04 4.804946e-02
1307 1.195854e-06 6.975410e-03
1308 7.064217e-09 2.544685e-03
1309 7.170801e-04 9.322574e-02
1310 2.239258e-11 1.448174e-03
1311 1.170357e-03 6.199953e-01
1312 2.266927e-03 2.791498e-01
1313 1.737464e-09 1.734521e-03
1314 4.298863e-07 8.583477e-03
1315 8.927988e-08 3.224523e-03
1316 2.532126e-08 2.198913e-03
1317 2.520178e-11 1.374760e-03
1318 9.880858e-05 7.013548e-02
1319 6.634488e-03 6.153370e-01
1320 1.969991e-07 3.992099e-03
1321 1.603154e-05 1.456626e-02
1322 1.492075e-10 1.135346e-03
1323 2.378605e-08 2.232243e-03
1324 6.036190e-04 1.790543e-01
1325 2.962574e-07 9.785582e-03
1326 2.831332e-05 1.062583e-02
1327 3.505145e-05 2.859191e-02
1328 1.043504e-07 2.685652e-03
1329 5.568501e-06 2.436579e-02
1330 9.491945e-08 8.246503e-03
1331 2.184328e-08 2.122210e-03
1332 4.941197e-09 1.452771e-03
1333 9.868225e-06 2.290231e-02
1334 2.076330e-06 1.364996e-02
1335 8.572898e-08 1.171689e-02
1336 1.198161e-05 8.652950e-03
1337 3.532269e-04 1.141436e-01
1338 4.618254e-07 7.336412e-03
1339 2.065647e-03 2.927531e-01
1340 3.138855e-05 1.555964e-02
1341 1.588522e-03 3.959258e-01
1342 1.503225e-08 2.470077e-03
1343 4.028958e-08 2.172653e-03
1344 1.827081e-06 3.534301e-03
1345 2.201439e-06 1.520925e-02
1346 6.110440e-07 2.859083e-02
1347 3.858690e-09 1.355546e-03
1348 1.560265e-04 7.653823e-02
1349 4.972594e-04 1.530156e-01
1350 3.643453e-06 1.295080e-02
1351 2.498651e-05 3.045519e-02
1352 3.032698e-05 1.513424e-02
1353 3.371559e-06 1.143155e-02
1354 4.981720e-08 4.957382e-03
1355 1.069479e-06 9.412347e-03
1356 1.527789e-05 2.744358e-02
1357 4.470749e-09 6.053498e-03
1358 1.702342e-05 7.305403e-03
1359 1.066733e-08 2.051506e-03
1360 2.063054e-07 4.139414e-03
1361 2.083616e-05 1.940266e-02
1362 5.390822e-04 1.556053e-01
1363 1.564648e-06 6.150393e-03
1364 9.739845e-05 4.861961e-02
1365 1.479880e-08 4.522635e-03
1366 5.157345e-07 4.573598e-03
1367 1.357523e-08 1.744567e-03
1368 1.137090e-04 6.384270e-02
1369 2.054209e-11 2.457529e-03
1370 2.114853e-08 1.645345e-03
1371 4.213909e-04 6.425431e-02
1372 9.960947e-09 4.192437e-03
1373 1.406399e-06 7.705616e-03
1374 2.117590e-07 3.395248e-03
1375 5.288648e-05 1.351991e-02
1376 5.184400e-03 6.974764e-01
1377 1.097974e-06 9.753980e-03
1378 9.215739e-09 1.431923e-03
1379 4.381222e-06 5.518336e-03
1380 2.460518e-03 5.304046e-01
1381 1.118412e-06 3.391255e-03
1382 6.316886e-08 1.282790e-03
1383 2.414833e-06 2.164798e-02
1384 7.309517e-08 4.628202e-03
1385 7.275106e-08 4.486568e-03
1386 6.239760e-07 5.824751e-03
1387 2.555504e-04 3.963430e-02
1388 1.298875e-06 7.748888e-03
1389 7.740189e-08 3.261773e-03
1390 4.627344e-08 3.097727e-03
1391 8.846920e-07 9.182214e-03
1392 5.043874e-08 2.001223e-03
1393 1.595498e-08 7.648507e-03
1394 7.713390e-07 6.425375e-03
1395 1.855638e-05 4.592279e-02
1396 1.165608e-04 4.774817e-02
1397 1.028289e-07 3.225351e-03
1398 1.253465e-04 2.873483e-02
1399 2.758415e-05 4.157357e-02
1400 6.215272e-08 4.678603e-03
1401 2.489848e-04 1.030605e-01
1402 9.595154e-07 4.603834e-03
1403 3.446840e-07 5.502930e-03
1404 5.441890e-09 2.382557e-03
1405 1.715566e-07 4.172396e-03
1406 3.827694e-05 1.979531e-02
1407 5.453810e-08 2.748662e-03
1408 2.387465e-03 6.566313e-01
1409 2.246970e-05 5.074142e-02
1410 3.537877e-07 1.107086e-02
1411 3.889785e-05 1.401303e-02
1412 2.843197e-09 4.384608e-03
1413 9.935122e-13 1.143512e-03
1414 2.390859e-09 2.434444e-03
1415 2.831621e-07 5.987781e-03
1416 9.748918e-09 2.991888e-03
1417 9.584581e-06 4.993379e-03
1418 1.801099e-07 5.026720e-03
1419 1.596754e-07 4.506971e-03
1420 1.008121e-05 2.500172e-02
1421 1.057115e-05 1.329764e-02
1422 4.548107e-05 3.136582e-02
1423 1.227007e-06 3.949750e-03
1424 4.747481e-06 7.230469e-03
1425 1.073157e-05 7.957312e-03
1426 1.544471e-05 9.590501e-03
1427 5.880562e-06 6.140128e-03
1428 7.887163e-06 7.984736e-03
1429 8.458258e-05 2.056951e-02
1430 1.911809e-03 2.527512e-01
1431 1.782282e-05 3.299924e-02
1432 3.309972e-06 1.799408e-02
1433 8.694666e-08 7.834520e-03
1434 1.262154e-06 3.664111e-03
1435 7.218715e-08 3.318380e-03
1436 2.391619e-05 9.625144e-03
1437 4.870764e-06 2.778889e-03
1438 1.336597e-05 1.164145e-02
1439 2.081953e-03 3.942517e-01
1440 7.585540e-08 2.806479e-03
1441 9.641354e-10 1.740365e-03
1442 1.203085e-07 7.292753e-03
1443 2.230952e-06 5.893758e-03
1444 1.310767e-05 8.237135e-03
1445 5.890860e-06 1.033966e-02
1446 2.751504e-05 1.634958e-02
1447 1.659371e-03 1.039846e+00
1448 3.233790e-06 3.905719e-03
1449 1.426683e-07 3.104823e-03
1450 2.573625e-06 1.360631e-02
1451 6.473695e-05 5.508419e-02
1452 1.209072e-04 1.472914e-01
1453 4.486046e-09 2.967875e-03
1454 1.942193e-08 3.939539e-03
1455 1.156329e-04 1.615748e-02
1456 3.094926e-07 1.876069e-03
1457 8.511988e-07 2.552663e-03
1458 7.385539e-07 2.863096e-03
1459 4.315724e-05 1.036869e-02
1460 3.620684e-05 1.871563e-02
1461 2.151798e-06 2.501331e-03
1462 1.348835e-07 2.168184e-03
1463 2.029721e-08 1.506414e-03
1464 5.852249e-08 2.053689e-03
1465 1.763896e-08 1.408990e-03
1466 1.179280e-05 2.333608e-02
1467 5.221716e-04 1.313103e-01
1468 1.486445e-05 8.952859e-03
1469 5.469766e-06 1.752304e-02
1470 4.361827e-09 3.690256e-03
1471 4.545088e-05 1.406398e-02
1472 8.393740e-08 6.293246e-03
1473 1.166779e-07 4.038205e-03
1474 2.187758e-07 1.696014e-02
1475 8.159733e-09 1.749212e-03
1476 4.877562e-06 2.078317e-02
1477 6.716818e-11 1.745336e-03
1478 9.543694e-07 1.652343e-02
1479 1.978528e-06 1.134091e-02
1480 7.843105e-06 4.631169e-02
1481 3.272082e-05 3.567084e-02
1482 1.383716e-05 1.639538e-02
1483 6.577147e-05 1.671596e-02
1484 6.663840e-04 2.445826e-01
1485 2.171443e-04 7.512006e-02
1486 2.188643e-04 1.882265e-01
1487 8.000417e-09 2.029684e-03
1488 2.275751e-06 2.728442e-02
1489 1.299670e-06 2.075859e-03
1490 6.480384e-06 3.919223e-03
1491 4.600732e-05 5.841029e-02
1492 2.956036e-08 6.752882e-03
1493 2.093479e-07 1.171006e-02
1494 4.523527e-07 3.001515e-03
1495 3.609856e-05 2.128783e-02
1496 3.964224e-07 4.476132e-03
1497 1.541391e-03 3.944007e-01
1498 1.865270e-07 5.328610e-03
1499 2.323729e-09 2.925308e-03
1500 2.085460e-05 8.963538e-03
1501 6.793150e-07 5.439947e-03
1502 2.044427e-04 1.503869e-01
1503 8.317127e-04 1.771881e-01
1504 6.342999e-05 2.596491e-02
1505 1.863329e-07 5.699426e-03
1506 8.171012e-06 7.674817e-03
1507 1.561592e-04 7.097691e-02
1508 5.236666e-04 3.258853e-01
1509 7.180545e-07 4.585006e-03
1510 7.444488e-07 8.553633e-03
1511 4.392022e-06 1.196490e-02
1512 8.882470e-07 7.585066e-03
1513 1.349613e-05 1.087074e-02
1514 1.029928e-08 6.426927e-03
1515 1.357885e-03 4.678283e-01
1516 1.921763e-05 1.352505e-02
1517 2.826459e-03 4.134746e-01
1518 1.698428e-05 8.917583e-03
1519 1.422848e-06 1.250356e-02
1520 3.473489e-07 1.921832e-03
1521 3.026369e-08 7.190206e-03
1522 5.565625e-05 6.198179e-02
1523 2.511615e-06 9.985762e-03
1524 6.241057e-06 1.848425e-02
1525 1.253955e-05 3.754955e-02
1526 6.375233e-07 1.215533e-02
1527 3.857491e-05 3.639040e-02
1528 4.177987e-06 1.249692e-02
1529 1.585177e-05 8.530935e-03
1530 1.716955e-07 1.486902e-02
1531 5.351950e-05 2.607930e-02
1532 2.849172e-07 5.073376e-03
1533 1.010659e-07 6.692195e-03
1534 2.204884e-05 1.295818e-02
1535 6.252009e-09 1.590590e-03
1536 7.095409e-08 2.738318e-03
1537 4.790872e-07 4.066009e-03
1538 3.651665e-07 4.108227e-03
1539 4.113450e-07 2.596268e-03
1540 2.999519e-05 3.144007e-02
1541 9.502044e-04 3.866944e-01
1542 1.791892e-04 9.941688e-02
1543 2.801764e-04 2.919000e-01
1544 1.800893e-06 1.009075e-02
1545 1.325734e-05 5.405371e-02
1546 1.844555e-05 9.099520e-03
1547 6.314403e-04 2.621275e-01
1548 4.306661e-05 2.086280e-02
1549 3.365323e-06 4.704981e-03
1550 5.385330e-09 4.407361e-03
1551 4.004825e-06 6.303775e-03
1552 2.116276e-04 1.978200e-01
1553 9.779761e-05 4.098444e-01
1554 2.945859e-06 1.020092e-02
1555 1.766277e-03 4.155569e-01
1556 1.537189e-05 1.831461e-02
1557 1.632518e-04 2.121623e-01
1558 1.002937e-03 3.267872e-01
1559 2.789491e-06 1.122402e-02
1560 2.261992e-04 1.279346e-01
1561 2.894529e-05 2.125675e-01
1562 5.885538e-09 6.923623e-03
1563 4.302869e-05 2.010600e-02
1564 8.778995e-04 3.550769e-01
1565 4.174807e-05 1.926599e-02
1566 2.685597e-07 5.364097e-03
1567 2.626607e-03 1.992418e+00
1568 1.408767e-07 1.442034e-02
1569 2.092604e-05 1.870243e-02
1570 2.782941e-03 6.371692e-01
1571 4.786177e-08 2.460850e-03
1572 7.121639e-05 4.088724e-02
1573 2.997338e-04 3.711103e-01
1574 1.549222e-05 2.012824e-02
1575 1.681275e-08 1.799164e-02
1576 1.847492e-04 8.854866e-02
1577 4.134714e-04 2.819225e-01
1578 1.378639e-04 5.351035e-02
1579 5.363547e-08 5.079161e-03
1580 4.066601e-03 6.464541e-01
1581 1.051136e-05 1.789267e-02
1582 7.903635e-06 4.474935e-03
1583 4.386605e-04 1.142557e-01
1584 1.565020e-06 1.474675e-02
1585 1.030503e-04 2.609843e-01
1586 1.624848e-06 1.239528e-02
1587 6.281700e-05 1.357496e-02
1588 1.966311e-05 2.301807e-02
1589 3.139925e-08 2.918476e-03
1590 1.444332e-05 5.034336e-03
1591 1.958133e-06 4.742172e-03
1592 4.761020e-05 7.637287e-03
1593 1.049144e-06 3.651644e-03
1594 1.791375e-05 1.631806e-02
1595 5.949958e-07 4.162397e-03
1596 2.409117e-07 3.064819e-02
1597 1.895401e-06 8.472420e-03
1598 5.324422e-05 1.486977e-02
1599 8.640730e-06 1.239729e-01
1600 1.654751e-06 1.059323e-02
1601 2.794375e-08 3.285275e-03
1602 2.344418e-03 8.050764e-01
1603 3.417590e-07 8.684243e-03
1604 4.060053e-04 3.015066e-02
1605 3.448390e-04 4.598838e-02
1606 1.022531e-03 3.118483e-01
1607 2.475127e-03 2.434090e-01
1608 1.069916e-07 4.890860e-03
1609 2.274788e-04 1.842841e-01
1610 2.095486e-04 4.237761e-01
1611 9.080165e-06 1.643002e-02
1612 7.695206e-05 9.725582e-03
1613 2.981539e-10 1.208063e-03
1614 2.513534e-04 4.150927e-02
1615 7.260823e-04 2.045143e-01
1616 5.734730e-08 2.648378e-03
1617 9.793637e-09 3.409995e-03
1618 5.456094e-07 2.686174e-03
1619 3.162760e-06 8.055473e-02
1620 4.110948e-05 5.731210e-02
1621 1.126913e-06 1.001010e-01
1622 3.912167e-05 2.094344e-02
1623 7.974367e-06 5.590378e-02
1624 2.133218e-03 4.506616e-01
1625 1.666695e-07 4.473497e-03
1626 1.989907e-04 9.858172e-02
1627 1.651756e-06 1.751555e-02
1628 1.921697e-04 1.142057e-01
1629 7.435875e-04 3.225315e-01
1630 2.218460e-03 4.145490e-01
1631 1.712229e-04 1.054171e-01
1632 9.407293e-06 6.945439e-02
1633 5.892631e-10 3.099592e-03
1634 7.664385e-08 6.776224e-03
1635 7.778208e-10 1.156780e-03
1636 1.821525e-09 2.940572e-03
1637 1.010529e-08 1.705659e-03
1638 1.302535e-08 3.092375e-03
1639 1.670193e-10 1.852129e-03
1640 1.124237e-04 5.231866e-02
1641 7.591624e-04 1.234157e-01
1642 1.933075e-03 5.135806e-01
1643 6.122109e-05 2.802701e-02
1644 2.251214e-05 1.043046e-02
1645 7.145524e-05 1.351720e-02
1646 1.706463e-03 1.067025e+00
1647 1.873979e-05 1.548220e-02
1648 1.738796e-06 4.126907e-03
1649 1.546872e-03 5.397552e-01
1650 3.589984e-04 9.278498e-02
1651 6.240888e-08 4.402208e-03
1652 1.152100e-04 1.092681e-01
1653 2.155297e-03 5.654360e-01
1654 6.175190e-06 2.331548e-02
1655 1.772828e-03 3.055926e-01
1656 1.262795e-06 1.779856e-02
1657 7.963205e-06 1.202406e-02
1658 7.224133e-07 5.092088e-03
1659 6.745985e-06 2.142537e-02
1660 1.431428e-04 8.702051e-02
1661 7.115169e-04 1.016264e-01
1662 5.485111e-05 1.444331e-02
1663 3.413867e-04 2.176752e-01
1664 5.896917e-06 1.364794e-02
1665 2.105242e-05 1.167190e-02
1666 1.738728e-04 8.659721e-02
1667 9.394909e-05 4.766037e-02
1668 1.588193e-09 8.895280e-04
1669 1.497030e-05 1.223162e-02
1670 1.209342e-06 3.656117e-03
1671 8.263321e-06 2.317325e-02
1672 6.293404e-04 1.844455e-01
1673 6.962115e-05 3.614950e-02
1674 3.830971e-06 1.077131e-02
1675 4.118597e-06 1.572531e-02
1676 7.703243e-08 2.843345e-03
1677 5.960312e-09 7.112733e-03
1678 1.641446e-07 3.665226e-03
1679 4.529365e-12 1.409525e-03
1680 2.415616e-04 8.275202e-02
1681 6.825544e-05 2.725343e-02
1682 1.054555e-05 2.549509e-02
1683 1.002060e-08 1.749761e-03
1684 1.145188e-08 3.672087e-03
1685 1.628586e-04 4.667939e-02
1686 9.219882e-04 1.726912e-01
1687 2.140969e-06 3.261306e-02
1688 6.567061e-04 1.944180e-01
1689 3.390158e-05 9.817809e-02
1690 2.592490e-08 1.775742e-03
1691 2.553743e-08 1.764909e-03
1692 9.547844e-07 5.965913e-03
1693 5.499609e-04 1.106933e-01
1694 2.048660e-05 4.833764e-02
1695 7.804688e-06 3.900451e-03
1696 9.470545e-04 3.329304e-01
1697 1.349490e-07 8.745125e-03
1698 2.039182e-03 3.758549e-01
1699 1.229036e-03 5.937659e-01
1700 1.440068e-07 4.268079e-03
1701 2.659703e-04 7.120947e-02
1702 2.095220e-05 8.776222e-02
1703 3.301784e-06 5.789036e-02
1704 8.159875e-08 1.632200e-03
1705 1.529131e-08 1.978880e-03
1706 6.237722e-07 2.589936e-03
1707 4.325758e-04 9.505283e-02
1708 5.800271e-09 8.067859e-03
1709 1.187654e-06 1.646214e-02
1710 4.055296e-07 1.161801e-02
1711 3.815511e-03 2.179345e-01
1712 3.664996e-04 8.356533e-02
1713 6.574586e-07 1.138671e-02
1714 4.984835e-04 7.427662e-02
1715 5.393831e-06 8.530823e-03
1716 2.582044e-08 4.415527e-03
1717 1.914318e-06 2.672503e-02
1718 1.896417e-06 1.334475e-02
1719 1.181131e-08 7.630016e-03
1720 1.303042e-06 9.448914e-03
1721 2.225986e-07 3.150774e-02
1722 5.359951e-08 8.441074e-03
1723 1.844328e-03 4.825430e-01
1724 1.658533e-06 3.258437e-03
1725 2.410170e-05 1.756540e-02
1726 1.049425e-03 1.610935e-01
1727 1.448070e-05 3.123682e-02
1728 1.533642e-03 3.427144e-01
1729 1.250944e-06 4.584001e-03
1730 5.533759e-04 2.036118e-01
1731 1.727856e-06 7.325779e-03
1732 7.579726e-08 1.910860e-03
1733 1.250875e-13 1.011506e-03
1734 4.722259e-04 5.970192e-02
1735 6.586794e-05 3.742683e-02
1736 5.648908e-12 1.148585e-03
1737 4.291217e-05 1.924242e-02
1738 9.290325e-07 3.591782e-03
1739 4.219916e-05 2.399479e-02
1740 1.663878e-04 9.230796e-02
1741 2.606887e-10 4.427023e-03
1742 1.646348e-04 1.140116e-01
1743 4.299646e-04 1.500996e-01
1744 1.135936e-04 3.994775e-02
1745 1.328386e-04 2.641142e-02
1746 4.031790e-08 2.721340e-03
1747 3.638589e-07 6.688616e-03
1748 1.331184e-03 5.987519e-01
1749 3.103176e-05 1.043919e-02
1750 1.244671e-05 9.348368e-03
1751 3.185152e-07 6.495851e-03
1752 9.310413e-09 2.142410e-03
1753 7.065693e-05 5.142679e-02
1754 2.123829e-06 5.491654e-03
1755 8.898563e-06 6.464776e-03
1756 3.314116e-07 1.980243e-02
1757 4.338309e-06 1.503400e-02
1758 6.014370e-04 2.221776e-01
1759 4.032221e-07 5.121046e-03
1760 2.973619e-03 4.638177e-01
1761 1.285583e-08 7.059446e-03
1762 1.481749e-06 4.216251e-03
1763 6.091199e-07 1.164018e-02
1764 4.199497e-07 6.930666e-03
1765 4.652450e-05 2.483649e-02
1766 1.187263e-06 4.467904e-03
1767 4.784817e-06 7.774607e-03
1768 4.056721e-05 5.305913e-02
1769 1.640140e-03 6.291071e-02
1770 3.898972e-07 8.535999e-03
1771 7.959130e-06 1.082290e-02
1772 2.329927e-03 4.074543e-01
1773 1.079003e-03 2.963465e-01
1774 1.193922e-08 2.934643e-03
1775 4.091865e-09 2.829855e-03
1776 2.555463e-07 1.938845e-02
1777 7.069507e-06 1.246230e-02
1778 1.130883e-06 7.229677e-03
1779 1.576605e-06 1.724246e-02
1780 2.920101e-09 2.811744e-03
1781 9.726390e-10 1.305303e-03
1782 1.397914e-09 3.173122e-03
1783 1.582161e-06 7.391614e-03
1784 7.198768e-05 3.173196e-02
1785 6.691744e-07 4.413496e-03
1786 4.615188e-06 3.358738e-02
1787 3.077920e-03 4.665395e-01
1788 9.557375e-09 4.441252e-03
1789 6.723977e-05 3.718003e-02
1790 8.216951e-08 2.232402e-03
1791 1.068982e-06 5.785507e-03
1792 6.814648e-06 6.984292e-03
1793 1.481314e-07 9.516674e-03
1794 5.782439e-05 8.842431e-02
1795 2.383912e-05 5.119646e-03
1796 1.195819e-03 5.216720e-01
1797 2.511212e-08 1.739897e-02
1798 1.532651e-06 6.488933e-03
1799 2.812095e-08 2.884350e-03
1800 2.963691e-06 5.568619e-02
1801 1.209582e-05 4.909515e-03
1802 1.218899e-05 3.958348e-02
1803 7.991505e-08 2.046830e-03
1804 3.895393e-06 2.781428e-03
1805 2.847596e-08 1.103564e-02
1806 4.578695e-06 5.922712e-03
1807 1.190185e-07 1.569600e-03
1808 1.320328e-03 7.213028e-01
1809 3.602495e-06 1.128011e-02
1810 7.545187e-04 2.161552e-01
1811 3.114745e-08 7.840683e-03
1812 1.854656e-08 5.932106e-03
1813 1.819280e-06 1.442602e-02
1814 2.435375e-08 2.832372e-03
1815 4.696067e-06 2.564608e-02
1816 2.284601e-05 2.372152e-02
1817 2.610640e-07 4.800513e-03
1818 5.391431e-08 4.824589e-03
1819 5.354338e-12 2.082381e-03
1820 1.444913e-08 1.596918e-03
1821 1.208000e-08 3.412546e-03
1822 9.482000e-05 1.605911e-01
1823 4.338039e-05 3.985484e-02
1824 1.144327e-05 4.647368e-02
1825 2.917434e-03 5.660833e-01
1826 1.943671e-04 1.632894e-01
1827 5.791950e-05 4.522371e-02
1828 2.305135e-04 3.112927e-02
1829 8.338192e-06 1.154765e-02
1830 9.829145e-07 3.069111e-03
1831 6.184489e-09 1.703425e-03
1832 2.963839e-06 1.477101e-02
1833 1.246229e-04 1.627640e-02
1834 1.385705e-06 3.587811e-03
1835 9.504759e-08 3.575174e-03
1836 1.291237e-03 3.638621e-01
1837 8.415216e-04 2.512298e-01
1838 6.355248e-05 1.276385e-02
1839 3.177249e-06 3.725007e-02
1840 6.888166e-06 3.891560e-02
1841 2.145779e-04 8.953277e-02
1842 1.978951e-07 6.880797e-03
1843 3.593933e-07 8.654032e-03
1844 4.948265e-08 2.759655e-03
1845 2.595067e-04 3.121180e-02
1846 6.980248e-10 3.506952e-03
1847 8.479732e-06 5.993261e-02
1848 2.710367e-09 2.206492e-03
1849 1.954888e-08 1.367439e-02
1850 8.554969e-09 1.478979e-02
1851 2.648744e-06 3.628982e-02
1852 7.666242e-05 1.815836e-02
1853 1.483876e-05 5.368566e-02
1854 1.355571e-05 1.173337e-01
1855 1.129554e-04 4.324711e-02
1856 3.180883e-09 2.267599e-03
1857 1.688406e-08 4.627395e-03
1858 5.896683e-06 3.790721e-03
1859 2.971796e-08 3.268268e-03
1860 1.159104e-05 2.244917e-02
1861 1.402995e-06 7.695260e-03
1862 3.779894e-04 3.584474e-01
1863 2.538757e-09 3.006891e-03
1864 2.899740e-07 2.664493e-03
1865 1.141554e-07 1.141723e-02
1866 8.025839e-05 8.383206e-02
1867 2.906223e-09 2.611270e-03
1868 1.495118e-05 9.987006e-03
1869 2.445637e-04 4.681975e-01
1870 6.206524e-07 6.007002e-03
1871 3.890034e-07 1.129388e-02
1872 6.292619e-09 7.174404e-03
1873 2.868217e-08 1.841626e-03
1874 4.924288e-07 2.172705e-03
1875 2.458029e-03 7.735248e-01
1876 3.393202e-08 2.422038e-03
1877 1.018887e-06 3.153958e-03
1878 1.640150e-07 6.546033e-03
1879 6.015291e-07 1.161740e-02
1880 9.138121e-05 3.336165e-02
1881 2.683593e-06 4.501404e-02
1882 1.359570e-08 3.947987e-03
1883 6.080198e-07 1.338961e-02
1884 1.329292e-03 1.838358e-01
1885 3.247736e-06 6.815697e-03
1886 5.219805e-04 4.672324e-02
1887 2.059997e-04 3.069529e-02
1888 8.091078e-07 3.251137e-03
1889 3.571749e-08 1.315797e-03
1890 1.532827e-06 1.193766e-02
1891 4.671827e-04 1.476956e-01
1892 2.050988e-06 1.481646e-02
1893 1.469923e-04 6.147148e-02
1894 2.911484e-03 1.061562e+00
1895 2.184531e-04 5.748049e-02
1896 4.246392e-04 1.145569e-01
1897 3.891460e-07 3.992763e-03
1898 2.542659e-05 5.066284e-02
1899 2.001677e-05 9.743672e-03
1900 8.646682e-04 1.345953e-01
1901 5.817292e-07 4.893537e-03
1902 4.552439e-08 1.853374e-03
1903 9.114524e-07 1.100588e-02
1904 2.098283e-06 8.038174e-03
1905 7.780565e-07 5.180857e-03
1906 4.344244e-06 5.682951e-03
1907 1.038120e-09 3.760285e-03
1908 2.988545e-07 1.709255e-03
1909 5.303680e-05 1.481808e-02
1910 1.159887e-04 8.768343e-02
1911 8.144597e-04 9.670994e-02
1912 1.222550e-04 7.245700e-02
1913 8.425601e-06 6.248605e-02
1914 2.716628e-07 4.764458e-03
1915 5.876169e-09 7.895459e-03
1916 3.308755e-03 8.517201e-01
1917 1.461062e-03 3.967763e-01
1918 2.199846e-05 3.202720e-02
1919 1.680163e-04 2.127489e-02
1920 1.232600e-04 2.900705e-02
1921 1.371259e-09 1.366975e-03
1922 3.166223e-06 4.456664e-03
1923 7.749605e-07 3.109153e-03
1924 5.766316e-07 2.406274e-03
1925 5.433487e-08 2.130174e-03
1926 2.728868e-04 1.499973e-01
1927 1.545476e-06 1.148264e-02
1928 5.971210e-09 1.791191e-03
1929 4.227025e-05 1.319631e-02
1930 3.482725e-06 1.752625e-02
1931 3.130975e-05 2.322992e-02
1932 1.013227e-06 3.376719e-02
1933 2.398130e-06 1.604726e-02
1934 4.079159e-05 6.777976e-02
1935 4.001862e-05 1.529429e-02
1936 2.368457e-07 1.252580e-02
1937 1.933533e-06 5.331351e-03
1938 2.609315e-10 2.010167e-03
1939 2.599771e-04 2.561176e-01
1940 1.088098e-06 2.258784e-02
1941 5.375662e-06 1.566802e-02
1942 4.197043e-05 7.953852e-02
1943 2.107564e-06 3.229703e-02
1944 1.540395e-03 2.399187e-01
1945 5.609158e-06 4.045306e-02
1946 1.021742e-05 6.732333e-03
1947 6.800562e-06 5.342131e-03
1948 7.725104e-09 1.707778e-03
1949 6.670828e-04 1.077603e-01
1950 3.108623e-05 3.056366e-02
1951 1.902533e-05 3.982257e-02
1952 8.097927e-07 7.147707e-03
1953 1.749697e-04 5.685667e-02
1954 4.074244e-06 7.584631e-02
1955 4.919455e-06 9.703077e-03
1956 7.023294e-05 5.518726e-02
1957 4.088515e-06 7.978097e-03
1958 9.974359e-06 2.049251e-02
1959 3.742924e-06 2.690615e-02
1960 2.385770e-05 3.001093e-02
1961 1.725692e-04 1.012007e-01
1962 7.105108e-04 7.201128e-02
1963 1.913964e-04 8.067906e-02
1964 6.539377e-07 4.000328e-03
1965 4.075307e-06 1.504856e-02
1966 5.678952e-07 6.678616e-03
1967 2.363949e-05 5.595279e-02
1968 4.008889e-09 2.102964e-03
1969 2.050491e-03 2.632119e-01
1970 1.007106e-04 8.451282e-02
1971 1.418313e-04 3.444120e-01
1972 8.550941e-05 1.633425e-02
1973 1.943370e-04 1.977778e-01
1974 5.822955e-08 4.240771e-03
1975 7.779402e-04 2.169775e-01
1976 1.370426e-04 1.006825e-01
1977 7.406683e-06 7.552537e-03
1978 2.100232e-08 4.046934e-03
1979 3.183301e-04 7.462511e-02
1980 5.034787e-05 1.204649e-02
1981 1.281789e-05 5.462620e-02
1982 1.328635e-07 2.797316e-03
1983 8.812762e-07 2.345387e-03
1984 4.602680e-07 2.758534e-02
1985 4.439822e-05 1.483099e-02
1986 7.793248e-05 8.240560e-03
1987 6.551831e-07 3.491179e-02
1988 4.516310e-04 1.968429e-01
1989 1.915572e-07 1.443138e-03
1990 3.567095e-06 5.016535e-03
1991 9.218173e-06 8.985914e-03
1992 8.520840e-04 4.521420e-01
1993 2.564724e-08 1.187810e-03
1994 5.785486e-08 1.257875e-03
1995 3.812931e-04 9.771752e-02
1996 4.602238e-07 5.541174e-03
1997 1.625104e-07 2.100948e-03
1998 3.826165e-05 1.734649e-02
1999 1.918619e-04 1.228795e-01
2000 7.297694e-07 2.612931e-03
2001 3.420360e-08 3.118082e-03
