2 2.248482e-04 1.384624e-01
3 2.079265e-03 6.826322e-01
4 1.405089e-03 3.002906e-01
5 4.239641e-04 1.027221e-01
6 1.075948e-03 8.226646e-01
7 8.865921e-04 2.187906e-01
8 7.234634e-06 5.348797e-02
9 1.750961e-05 9.847415e-03
10 6.959650e-04 6.624204e-02
11 1.067389e-03 4.113438e-01
12 9.236160e-05 3.483226e-02
13 1.436234e-03 4.755490e-01
14 6.877508e-04 1.135150e-01
15 9.911831e-05 5.581893e-02
16 2.381648e-05 5.627826e-02
17 1.202856e-04 1.454340e-02
18 3.288219e-04 1.144964e-01
19 2.649630e-04 3.207109e-01
20 7.732689e-04 4.151347e-01
21 8.466173e-04 1.901249e-01
22 4.536673e-05 3.007954e-02
23 1.937346e-03 6.482562e-01
24 1.370850e-03 3.015997e-01
25 1.070809e-04 4.532538e-02
26 3.307910e-03 6.119386e-01
27 1.555716e-04 6.779962e-02
28 2.283895e-04 4.009623e-02
29 3.669007e-03 5.608622e-01
30 1.437475e-06 7.694038e-03
31 1.118280e-03 1.090420e-01
32 8.393786e-04 2.210183e-01
33 1.647614e-04 2.276635e-02
34 4.523079e-05 8.464088e-03
35 2.017278e-04 2.091567e-01
36 3.539618e-04 6.691640e-02
37 3.762000e-03 7.543548e-01
38 7.449546e-03 9.481892e-01
39 1.953137e-03 5.169735e-01
40 4.399634e-04 2.085083e-01
41 2.000468e-06 7.098598e-03
42 4.181910e-03 6.738764e-01
43 7.446902e-05 1.573759e-02
44 1.950286e-06 2.979089e-03
45 5.197511e-07 2.699665e-03
46 1.307027e-07 1.431534e-03
47 1.315411e-06 6.294419e-03
48 2.224394e-06 7.164186e-03
49 7.018069e-07 9.076767e-03
50 2.230322e-05 3.189239e-02
51 4.035332e-07 3.142367e-03
52 1.039958e-06 5.644279e-03
53 2.307339e-07 5.672395e-03
54 1.425910e-07 4.293930e-03
55 1.800079e-07 3.393574e-03
56 2.407509e-05 2.111492e-02
57 4.891192e-05 4.011255e-02
58 5.331336e-08 1.714190e-03
59 3.394213e-05 1.116621e-02
60 8.530080e-07 2.361290e-03
61 9.523612e-07 4.209097e-03
62 9.326364e-07 1.293629e-03
63 2.137977e-06 5.549615e-03
64 6.396150e-07 1.182958e-02
65 2.003275e-06 2.744498e-03
66 2.236779e-06 4.838534e-03
67 5.382971e-07 4.796634e-03
68 9.843169e-06 1.099000e-02
69 3.399230e-05 9.604728e-03
70 1.797098e-03 4.064596e-01
71 5.776179e-09 4.412484e-03
72 4.559262e-04 4.961710e-02
73 6.642285e-06 4.395057e-03
74 8.770087e-07 5.753222e-03
75 3.182539e-06 5.678142e-03
76 8.534845e-06 6.486173e-03
77 4.723043e-06 4.504992e-03
78 9.060846e-05 4.635754e-02
79 9.278425e-07 1.136410e-02
80 1.791386e-04 8.840059e-02
81 7.212310e-07 3.153275e-03
82 5.853938e-05 4.035705e-02
83 7.362309e-08 2.526155e-03
84 4.805962e-05 1.438204e-02
85 1.658059e-06 7.752759e-03
86 1.415873e-04 2.079365e-02
87 8.988195e-04 1.938065e-01
88 2.378147e-08 2.774319e-03
89 1.153056e-04 3.647221e-02
90 4.295266e-05 1.206515e-01
91 2.433755e-05 1.700434e-02
92 8.814483e-05 8.154636e-02
93 1.094176e-04 4.474789e-02
94 4.884834e-07 8.986616e-03
95 3.456730e-07 5.384326e-03
96 2.667879e-05 1.177417e-02
97 6.302008e-05 1.869666e-02
98 1.763813e-04 2.184852e-02
99 4.512983e-04 3.078597e-01
100 3.297663e-03 5.831508e-01
101 8.677698e-04 1.176747e-01
102 6.907108e-06 6.488953e-03
103 6.156899e-04 2.149944e-01
104 1.458436e-06 2.469814e-02
105 3.439994e-04 9.048219e-02
106 1.256206e-04 6.076389e-02
107 1.764128e-06 1.211069e-02
108 7.054720e-05 1.112149e-01
109 8.245108e-07 1.213270e-02
110 1.155621e-06 4.315089e-03
111 1.888628e-06 1.082017e-02
112 7.739566e-07 1.958548e-02
113 1.797383e-04 8.760788e-02
114 1.107809e-05 9.957808e-03
115 6.502654e-05 2.036733e-02
116 3.126142e-04 7.198827e-02
117 2.874509e-06 7.230316e-03
118 2.947126e-07 3.702753e-03
119 2.784244e-03 4.697369e-01
120 8.557429e-05 2.096901e-02
121 1.262457e-06 9.012848e-03
122 8.684069e-07 5.161158e-03
123 9.263756e-04 6.477940e-02
124 2.815124e-05 1.361101e-02
125 2.880232e-04 1.480091e-01
126 1.730379e-05 1.399189e-02
127 2.453753e-06 1.160114e-02
128 1.168781e-03 3.865065e-01
129 2.715136e-03 4.157369e-01
130 1.608312e-04 7.453861e-02
131 6.137065e-04 1.502376e-01
132 1.063899e-05 2.823678e-02
133 3.483814e-03 7.735592e-01
134 4.257065e-04 3.605653e-02
135 7.404096e-04 2.079397e-01
136 8.044634e-09 2.287110e-03
137 1.016285e-06 1.297933e-02
138 2.249651e-06 4.004725e-03
139 6.869912e-06 9.533941e-03
140 2.059040e-04 4.331527e-02
141 8.629414e-06 7.645626e-03
142 5.144565e-04 1.444777e-01
143 8.481807e-05 8.597076e-02
144 1.177990e-03 2.250280e-01
145 9.189274e-05 4.911832e-02
146 1.046809e-05 1.389057e-02
147 9.454040e-05 6.777068e-02
148 5.865187e-06 6.195201e-03
149 3.088842e-05 7.050161e-02
150 1.855096e-04 7.903002e-02
151 2.894223e-04 3.775305e-02
152 6.275038e-05 3.617047e-02
153 9.456659e-06 1.025983e-02
154 1.841168e-05 1.459821e-02
155 2.801573e-06 3.032252e-03
156 3.716033e-05 1.497590e-02
157 1.843296e-06 1.311773e-02
158 7.625465e-09 3.780216e-03
159 2.221806e-06 1.781896e-02
160 1.438344e-05 9.850189e-03
161 3.235231e-06 4.986245e-03
162 3.805940e-06 1.689212e-02
163 6.236372e-06 1.683206e-02
164 7.417254e-05 9.424089e-03
165 1.675920e-06 1.735890e-03
166 2.954820e-06 2.255656e-03
167 1.346602e-05 8.110690e-03
168 1.048460e-05 4.927432e-03
169 5.269122e-05 2.462355e-02
170 8.936369e-06 6.759167e-03
171 5.355584e-05 4.246539e-02
172 2.031646e-03 3.069925e-01
173 7.728411e-05 7.503413e-02
174 2.534510e-04 1.574500e-01
175 9.059926e-09 1.263372e-03
176 1.992562e-05 1.329348e-02
177 5.271842e-08 3.188218e-03
178 1.288773e-06 7.805096e-03
179 5.823536e-06 1.220781e-02
180 8.392905e-09 1.276812e-03
181 5.136745e-05 1.106252e-01
182 4.946349e-04 3.854005e-02
183 1.200175e-04 3.123728e-02
184 9.997196e-06 8.634135e-03
185 2.349600e-08 1.522913e-03
186 1.536310e-05 4.867885e-02
187 1.378786e-03 5.956330e-01
188 2.165260e-04 4.169348e-02
189 3.216846e-05 1.451561e-02
190 2.812104e-06 5.508753e-03
191 2.826716e-06 6.914954e-03
192 4.277892e-07 5.829221e-03
193 1.844153e-07 6.278655e-03
194 4.609020e-07 6.091543e-03
195 6.910990e-05 2.355408e-02
196 2.564987e-06 7.961114e-03
197 1.937521e-06 2.119577e-02
198 1.620291e-05 1.391206e-02
199 4.019054e-05 1.867223e-02
200 6.991219e-04 9.992760e-02
201 1.521611e-04 8.909587e-02
202 4.629728e-06 1.367487e-02
203 1.501659e-04 1.839016e-01
204 1.002323e-06 4.045839e-03
205 3.544157e-05 3.923304e-02
206 1.170643e-04 2.451715e-02
207 5.227926e-06 3.229405e-02
208 6.810228e-05 9.072549e-02
209 8.719399e-04 1.052039e-01
210 2.111786e-05 5.685154e-02
211 1.014766e-03 1.656194e-01
212 1.268704e-06 4.979921e-03
213 7.576219e-06 1.568932e-02
214 1.101795e-05 1.355519e-02
215 3.724307e-07 1.236134e-02
216 2.430379e-05 3.810525e-02
217 1.246012e-06 2.749704e-03
218 1.076607e-06 4.684446e-03
219 7.095633e-07 2.514176e-03
220 1.843430e-04 2.293057e-01
221 5.696808e-07 5.654821e-03
222 1.207173e-04 4.006914e-02
223 4.468009e-04 9.290300e-02
224 3.894427e-08 2.297648e-03
225 1.158344e-07 3.227399e-03
226 1.318823e-06 1.183201e-02
227 5.548082e-07 4.237575e-03
228 6.357354e-06 5.994552e-03
229 2.119152e-06 1.803130e-02
230 9.793708e-04 3.044009e-01
231 2.162628e-08 2.042596e-03
232 1.596188e-03 6.172932e-01
233 1.399995e-06 9.408453e-03
234 3.666932e-06 5.051234e-03
235 3.538542e-08 7.404454e-03
236 6.916814e-04 4.709544e-02
237 7.225330e-04 2.276349e-01
238 2.367600e-07 5.068477e-03
239 4.309250e-05 1.054732e-02
240 1.097913e-05 6.803611e-02
241 3.639967e-04 4.514524e-01
242 5.593145e-05 3.284039e-02
243 1.040353e-06 4.486189e-03
244 1.129810e-07 1.875350e-03
245 4.482043e-08 1.280618e-03
246 1.170911e-03 1.233385e-01
247 2.441301e-04 8.194132e-02
248 6.359092e-04 2.380604e-01
249 1.604680e-03 2.942368e-01
250 9.605355e-04 1.827303e-01
251 1.457206e-08 1.293185e-03
252 3.694234e-07 8.747731e-03
253 7.067222e-07 4.221022e-03
254 2.475786e-05 2.094101e-02
255 4.184670e-06 8.768458e-03
256 1.821611e-08 2.437221e-03
257 1.544447e-06 5.191978e-03
258 6.832808e-04 6.637527e-02
259 8.496287e-08 1.447578e-03
260 5.992620e-06 9.847080e-03
261 1.893257e-05 8.644526e-03
262 1.769763e-06 1.695716e-03
263 2.414575e-05 5.496377e-03
264 4.631191e-06 2.936899e-02
265 6.890435e-05 7.644694e-02
266 6.872197e-06 1.194955e-02
267 2.649872e-06 1.970714e-02
268 2.912045e-05 7.916003e-03
269 3.930182e-04 1.476431e-01
270 2.109268e-08 3.604491e-03
271 2.619302e-05 1.779747e-02
272 2.424303e-05 1.088495e-02
273 2.657132e-04 1.060210e-01
274 1.037710e-08 1.878989e-03
275 9.249256e-04 6.175651e-02
276 3.516795e-06 1.829806e-02
277 3.777915e-08 4.009698e-03
278 4.274144e-04 9.906173e-02
279 1.047210e-06 5.067091e-03
280 2.594736e-04 6.171618e-02
281 4.025378e-04 1.030734e-01
282 3.245742e-07 2.077057e-03
283 5.478751e-06 6.759003e-03
284 1.687874e-07 4.742045e-03
285 1.900710e-06 9.163850e-03
286 3.398395e-06 6.064077e-03
287 2.419724e-07 5.071427e-03
288 3.463137e-07 2.205238e-03
289 9.919875e-04 2.669139e-01
290 9.906393e-09 1.421337e-03
291 1.632049e-05 1.776636e-02
292 2.179842e-03 3.513026e-01
293 2.616334e-06 5.608658e-03
294 5.907085e-08 4.359619e-03
295 6.469554e-08 1.780331e-02
296 9.054837e-05 1.213353e-01
297 1.311895e-05 1.739954e-02
298 2.477160e-06 5.540325e-03
299 3.831407e-07 4.248489e-03
300 4.844729e-06 1.531640e-02
301 9.052558e-04 3.187094e-01
302 1.398036e-07 3.562832e-03
303 6.121918e-06 2.035197e-02
304 7.993474e-04 9.478588e-02
305 2.040407e-04 1.689115e-02
306 2.447566e-05 1.835775e-02
307 1.023278e-03 2.309397e-01
308 5.166772e-07 1.084545e-02
309 1.884115e-03 2.170579e-01
310 3.965207e-05 2.003138e-02
311 2.271779e-05 1.290530e-02
312 6.224613e-06 5.158379e-03
313 1.744434e-03 6.832170e-01
314 1.020213e-05 3.378624e-03
315 5.230295e-08 4.744156e-03
316 1.695314e-03 4.756262e-01
317 2.126486e-03 2.597794e-01
318 5.483130e-04 1.924581e-01
319 1.298542e-04 8.185057e-02
320 4.176815e-05 3.838844e-02
321 1.000271e-03 3.492378e-01
322 3.821971e-09 6.874325e-03
323 2.524021e-05 2.663221e-02
324 9.090070e-07 5.376561e-03
325 2.141277e-07 5.302799e-03
326 1.694581e-05 4.525452e-02
327 1.637678e-03 6.253754e-01
328 2.434395e-04 1.549832e-01
329 2.653510e-03 3.037667e-01
330 1.861250e-05 1.005160e-02
331 4.272294e-05 2.766087e-02
332 1.057335e-03 2.548563e-01
333 3.945597e-07 1.668054e-02
334 3.980420e-05 4.845752e-02
335 6.444982e-08 2.168505e-03
336 8.377310e-06 1.054870e-02
337 3.904449e-06 1.338266e-02
338 3.108060e-04 7.074504e-02
339 1.115750e-03 2.096141e-01
340 1.229639e-05 1.403809e-02
341 3.390573e-06 1.029628e-02
342 2.671916e-05 6.815793e-03
343 4.945855e-06 3.904808e-02
344 4.599473e-05 1.331911e-02
345 3.313159e-03 6.114455e-01
346 7.036998e-04 3.062102e-01
347 1.100863e-06 4.204066e-03
348 1.243879e-04 4.366346e-02
349 4.400606e-06 7.418191e-03
350 1.769998e-06 3.096498e-03
351 1.219314e-03 6.999066e-01
352 5.909583e-05 2.137640e-01
353 7.489103e-08 1.284157e-03
354 3.614115e-04 1.303485e-01
355 3.819346e-05 2.343079e-02
356 1.555699e-03 3.307045e-01
357 6.280509e-04 1.246542e-01
358 6.278454e-06 4.879963e-03
359 3.688281e-06 1.192404e-02
360 5.457220e-04 1.157726e-01
361 7.122260e-04 1.668333e-01
362 3.236999e-04 5.409065e-02
363 1.341184e-04 3.541594e-02
364 2.991791e-05 5.129570e-02
365 1.516483e-05 3.999366e-02
366 4.966922e-06 2.053340e-02
367 1.377676e-06 1.698344e-02
368 3.514312e-06 1.189548e-02
369 5.076435e-06 1.166837e-02
370 2.482049e-05 1.772199e-02
371 1.950916e-05 8.630523e-02
372 1.413264e-06 3.666665e-02
373 4.925144e-04 5.974113e-02
374 7.257178e-08 6.329747e-03
375 5.133583e-07 1.441150e-03
376 5.545239e-07 3.629978e-03
377 3.025775e-03 3.915651e-01
378 6.511375e-05 2.099161e-02
379 1.184430e-05 5.517186e-03
380 1.187677e-05 1.956665e-02
381 3.604742e-03 5.099392e-01
382 1.636885e-04 1.296726e-02
383 5.185459e-04 1.386558e-01
384 2.826966e-05 1.861798e-02
385 1.631972e-03 4.792775e-01
386 6.275920e-05 1.323408e-02
387 1.589211e-05 1.995471e-02
388 1.897649e-07 4.031882e-03
389 7.576836e-07 1.062981e-02
390 7.564465e-09 4.437239e-03
391 1.192638e-04 2.751597e-02
392 1.169912e-05 2.771344e-02
393 8.131782e-09 2.653027e-03
394 1.577214e-03 6.385992e-01
395 2.146971e-07 1.773281e-03
396 1.547812e-05 3.743086e-02
397 2.082661e-05 2.174882e-02
398 1.875941e-08 2.558736e-03
399 2.455985e-06 8.977540e-03
400 6.049373e-03 1.291856e+00
401 5.456837e-05 2.642245e-02
402 2.932982e-03 5.213532e-01
403 9.776558e-06 3.016766e-02
404 1.448906e-05 2.568566e-02
405 4.504446e-06 5.028386e-03
406 1.581556e-05 2.573142e-01
407 5.235945e-04 1.007686e-01
408 3.437552e-03 5.739496e-01
409 4.660888e-05 8.123543e-02
410 5.748628e-06 1.475268e-02
411 1.639418e-04 2.711016e-02
412 8.057942e-06 1.170907e-02
413 1.430666e-03 4.310010e-01
414 8.590309e-05 1.393616e-02
415 4.789150e-07 1.953581e-03
416 3.309213e-05 1.193805e-01
417 3.006708e-06 2.571085e-03
418 3.290903e-03 3.120449e-01
419 1.711209e-03 5.870317e-01
420 1.053947e-05 9.271450e-03
421 6.973438e-05 1.668303e-02
422 1.411028e-05 2.776933e-02
423 1.940434e-05 1.149875e-02
424 5.722752e-05 5.671391e-02
425 4.164979e-05 1.091002e-02
426 2.014293e-07 3.753610e-03
427 7.065923e-05 1.479511e-01
428 7.046387e-05 2.830963e-02
429 9.593381e-04 2.572274e-01
430 5.599344e-07 1.671646e-03
431 1.250067e-07 4.154081e-03
432 3.243262e-04 1.267298e-01
433 4.474999e-08 1.255172e-03
434 1.090911e-06 5.156136e-03
435 5.153098e-06 5.405497e-03
436 3.459314e-08 2.354450e-03
437 3.059169e-04 1.175899e-01
438 1.701050e-07 5.828984e-03
439 1.274380e-06 4.561753e-03
440 5.077285e-07 4.298683e-03
441 9.312884e-06 3.950872e-02
442 6.479730e-07 6.757160e-03
443 2.239578e-06 5.162698e-03
444 2.950218e-05 4.452477e-02
445 1.797412e-04 8.550598e-02
446 3.894056e-06 1.683343e-02
447 1.927322e-07 2.481370e-03
448 1.482581e-06 2.565069e-03
449 3.932824e-07 2.374441e-03
450 1.671258e-06 3.612605e-03
451 3.564026e-07 1.315309e-03
452 2.352035e-05 1.133336e-02
453 1.712898e-05 4.765459e-03
454 6.357177e-05 3.253193e-02
455 1.057144e-03 8.903822e-02
456 1.748165e-07 5.597330e-03
457 2.008311e-04 3.414866e-02
458 1.968184e-04 5.890675e-02
459 2.222630e-04 5.485668e-02
460 2.129823e-06 3.752398e-03
461 1.033962e-05 3.607029e-02
462 1.040258e-03 2.469829e-01
463 5.496111e-05 6.552494e-02
464 4.113178e-05 7.400276e-03
465 1.686101e-07 1.831018e-03
466 7.386188e-08 2.725312e-03
467 2.393382e-03 3.125216e-01
468 1.204534e-08 5.933714e-03
469 8.798637e-04 8.573742e-02
470 1.276538e-05 1.715779e-02
471 9.046092e-05 3.238554e-02
472 1.128491e-05 5.700981e-03
473 1.815175e-05 1.390083e-02
474 6.260725e-06 4.407787e-03
475 1.187280e-04 3.266938e-02
476 2.180288e-08 2.274948e-03
477 4.413007e-04 6.191939e-02
478 9.644300e-09 3.581199e-03
479 2.259516e-08 1.839418e-03
480 1.227112e-05 1.308106e-02
481 1.004329e-06 8.143528e-03
482 8.553241e-04 2.171634e-01
483 5.232184e-09 1.191099e-03
484 1.322829e-07 1.942862e-03
485 1.155958e-04 8.991449e-02
486 1.091111e-06 5.225740e-03
487 5.870092e-05 8.590610e-02
488 2.503188e-06 6.419954e-03
489 1.677633e-05 1.151708e-02
490 2.286532e-05 4.680481e-02
491 3.044719e-06 1.072277e-02
492 3.460324e-05 5.453539e-03
493 3.063951e-07 2.353517e-03
494 7.685366e-04 6.805761e-02
495 3.899265e-04 1.391311e-01
496 9.131691e-05 1.883290e-01
497 3.683338e-04 1.286349e-01
498 2.213124e-05 4.087647e-02
499 3.874108e-05 8.648928e-03
500 1.170257e-07 9.718622e-03
501 1.947082e-03 5.206493e-01
502 1.287695e-05 1.912506e-02
503 3.413512e-04 5.758953e-02
504 1.043992e-02 6.721348e-01
505 3.758833e-06 6.243458e-03
506 2.295906e-06 1.300920e-02
507 1.773945e-06 9.584859e-03
508 1.620201e-05 1.371672e-02
509 4.754196e-04 3.280772e-01
510 1.172006e-06 9.866885e-03
511 2.304956e-06 4.865259e-03
512 1.446663e-07 2.032203e-03
513 7.423120e-05 3.273604e-02
514 4.599348e-07 1.967809e-02
515 1.177069e-05 5.744423e-02
516 5.821853e-05 6.139712e-02
517 5.205177e-06 7.304798e-03
518 6.330820e-08 4.533574e-03
519 2.721641e-06 1.072535e-02
520 6.481911e-08 1.502305e-03
521 2.371362e-05 2.825280e-02
522 1.178901e-06 3.282500e-03
523 2.031929e-06 7.910386e-03
524 2.013160e-04 6.667639e-02
525 2.370725e-04 8.275208e-02
526 7.441727e-06 1.667153e-02
527 2.252843e-04 1.544825e-01
528 7.697634e-04 8.136464e-02
529 8.024016e-04 1.438156e-01
530 3.762184e-04 3.552634e-02
531 1.791662e-09 1.574124e-03
532 3.198525e-06 9.614344e-03
533 1.496379e-06 2.739043e-03
534 7.610885e-05 8.823899e-02
535 3.527284e-04 2.443947e-01
536 2.079532e-04 4.836581e-02
537 4.034112e-04 2.672596e-01
538 7.804807e-05 9.524229e-02
539 6.603377e-05 5.322470e-02
540 7.083486e-06 2.820335e-02
541 1.668852e-03 5.723720e-01
542 3.552907e-05 1.131550e-02
543 2.598196e-05 4.249709e-03
544 1.442404e-04 6.694557e-02
545 1.183748e-06 9.508146e-03
546 1.938795e-05 1.445184e-02
547 4.045155e-05 4.755315e-02
548 1.214742e-04 1.963948e-02
549 1.030673e-05 2.879169e-02
550 4.871488e-08 5.837522e-03
551 6.481586e-05 1.268796e-02
552 6.026868e-07 2.643288e-03
553 4.437959e-06 7.273231e-03
554 3.456949e-08 3.019955e-03
555 2.279510e-05 6.984930e-02
556 5.540585e-06 7.423262e-03
557 1.045564e-04 7.365425e-02
558 1.250002e-06 8.156142e-03
559 5.395512e-05 4.542240e-02
560 2.902785e-07 3.350459e-03
561 9.819282e-06 3.300661e-02
562 7.762409e-07 1.745379e-03
563 7.348679e-03 1.241279e+00
564 2.263855e-03 6.466307e-01
565 3.918613e-06 3.554760e-03
566 6.947252e-05 1.888098e-02
567 3.639710e-05 4.853778e-02
568 8.726942e-05 8.772221e-02
569 1.391384e-05 9.930651e-03
570 4.122078e-05 4.777368e-02
571 4.049193e-04 5.285548e-02
572 1.480052e-04 5.911563e-02
573 1.761798e-04 7.520449e-02
574 3.831684e-06 5.340614e-03
575 6.096496e-07 4.047380e-03
576 1.055680e-05 9.130510e-03
577 3.097750e-08 2.687303e-03
578 2.980837e-06 3.868748e-03
579 8.595115e-05 1.829793e-02
580 1.785922e-06 5.949567e-03
581 2.525542e-04 7.675969e-02
582 2.765888e-06 1.505485e-02
583 2.344799e-04 4.408978e-01
584 1.375379e-04 7.089094e-02
585 4.072697e-05 4.406355e-02
586 5.650485e-04 6.793149e-02
587 2.817514e-05 1.235440e-02
588 7.049393e-05 5.656684e-02
589 3.568017e-04 2.544353e-02
590 1.415439e-06 1.225116e-02
591 6.126369e-06 2.646073e-02
592 2.529091e-03 4.930059e-01
593 2.203937e-06 9.164623e-03
594 1.024955e-04 8.353688e-02
595 1.144665e-06 5.507955e-03
596 6.771491e-08 1.369910e-03
597 3.431898e-07 2.235492e-03
598 4.753018e-05 3.920034e-02
599 1.099366e-05 1.614929e-02
600 3.907107e-06 4.749078e-03
601 1.194866e-06 4.205575e-03
602 6.668604e-05 2.239145e-02
603 8.704606e-05 2.886482e-02
604 1.773551e-07 2.062715e-03
605 7.540425e-04 1.234218e-01
606 4.967194e-04 4.773368e-02
607 8.873572e-07 5.197425e-03
608 1.260282e-04 1.477686e-02
609 7.985932e-06 1.420453e-02
610 2.314161e-05 1.535048e-02
611 2.824964e-07 2.523866e-03
612 6.921706e-06 3.491281e-02
613 9.233384e-08 5.331753e-03
614 2.033926e-06 5.440385e-03
615 3.333589e-08 5.940233e-03
616 2.216180e-04 2.961602e-02
617 1.869945e-06 1.372843e-02
618 1.555368e-07 8.382245e-03
619 1.228493e-05 6.498138e-03
620 6.540111e-07 3.838455e-03
621 5.528132e-07 3.386747e-03
622 1.333392e-03 1.772377e-01
623 8.964369e-06 1.531618e-02
624 1.394104e-06 4.288623e-03
625 1.063642e-06 1.172269e-02
626 1.345007e-06 6.244162e-03
627 7.728810e-07 3.609787e-03
628 5.737283e-05 2.744555e-02
629 6.300710e-07 2.007366e-03
630 1.747664e-05 1.228790e-02
631 4.352531e-06 1.083968e-02
632 6.258581e-08 1.255243e-03
633 3.881359e-04 2.795737e-01
634 1.277342e-05 2.132065e-02
635 2.160994e-06 8.648313e-03
636 1.842440e-06 2.100127e-02
637 9.038407e-07 1.154549e-02
638 1.210882e-07 2.175110e-03
639 5.596942e-08 1.579865e-03
640 1.845753e-07 2.435475e-03
641 1.212965e-07 1.523614e-03
642 3.488545e-06 5.348473e-03
643 7.681540e-05 7.775224e-02
644 2.953351e-04 9.598926e-02
645 1.597279e-04 3.828003e-02
646 6.677112e-07 1.408101e-02
647 5.346749e-06 5.728851e-03
648 4.229751e-05 3.267541e-02
649 1.694577e-03 3.773065e-01
650 5.059974e-06 4.665855e-03
651 1.231310e-06 8.420966e-03
652 1.665891e-04 4.522525e-02
653 1.967978e-07 4.775280e-03
654 3.423007e-06 4.785356e-03
655 3.219011e-06 9.015634e-03
656 5.047900e-07 2.792247e-03
657 2.014588e-04 2.538199e-02
658 9.966264e-04 9.177160e-02
659 9.985906e-06 1.577240e-02
660 1.099856e-04 1.021080e-01
661 8.416763e-07 5.491918e-03
662 1.911026e-03 1.491319e-01
663 1.858120e-03 6.719904e-01
664 2.429476e-05 4.728834e-02
665 3.233490e-06 9.115541e-03
666 1.574500e-05 1.229543e-02
667 1.969911e-04 1.173151e-02
668 2.446978e-03 1.554741e-01
669 6.584106e-04 1.108597e-01
670 1.219769e-07 9.331031e-03
671 6.562713e-06 1.902073e-02
672 5.926115e-06 2.479896e-02
673 1.351038e-05 1.037527e-02
674 4.457560e-07 2.080552e-03
675 2.269561e-04 1.319818e-01
676 4.107205e-06 5.513457e-03
677 1.156232e-09 1.338865e-03
678 1.779213e-05 6.001674e-03
679 3.011540e-04 1.255188e-01
680 2.642591e-04 4.124363e-02
681 8.966494e-05 6.282607e-02
682 1.126571e-05 1.064726e-02
683 5.689431e-06 3.001281e-02
684 3.406151e-05 1.804786e-02
685 5.776101e-08 2.169781e-03
686 6.229579e-06 1.827910e-02
687 1.485552e-03 4.087060e-01
688 1.257996e-05 2.398087e-02
689 2.107418e-06 1.018169e-02
690 7.475173e-08 2.010804e-03
691 1.005036e-03 9.463892e-02
692 6.896954e-07 2.875233e-03
693 1.066795e-05 1.968737e-02
694 1.316093e-04 6.877455e-02
695 3.968710e-04 2.157880e-01
696 1.070951e-03 5.123813e-01
697 7.384260e-06 7.769627e-03
698 2.620669e-04 1.291512e-01
699 7.957804e-08 1.529925e-03
700 9.958562e-05 4.210912e-02
701 4.252745e-05 1.825888e-02
702 6.049232e-08 1.233442e-03
703 8.603175e-08 4.004102e-03
704 1.165661e-09 1.311506e-03
705 1.970175e-03 1.264494e-01
706 1.807054e-07 1.720530e-03
707 2.604688e-04 4.885186e-02
708 9.778889e-10 4.995810e-03
709 5.697861e-09 2.939178e-03
710 6.259552e-07 6.192477e-03
711 1.154232e-08 1.204492e-03
712 2.551194e-06 4.688009e-03
713 2.459649e-07 6.414691e-03
714 2.054843e-08 2.450326e-03
715 8.925844e-06 1.413740e-02
716 1.112565e-04 1.901854e-02
717 4.102303e-07 5.296910e-03
718 9.839681e-10 2.642227e-03
719 2.357471e-03 3.417600e-01
720 9.816977e-10 1.188249e-03
721 3.126538e-05 5.922058e-03
722 6.909213e-09 2.732469e-03
723 2.351666e-06 1.614566e-02
724 1.038883e-06 3.408645e-03
725 8.270113e-09 1.464327e-03
726 6.464039e-05 3.887409e-02
727 3.549033e-08 4.369373e-03
728 5.319641e-06 7.788921e-03
729 7.542612e-08 7.304476e-03
730 5.208780e-07 2.738763e-03
731 4.336032e-04 7.835771e-02
732 4.157606e-10 1.364457e-03
733 1.185686e-11 9.157497e-04
734 3.570073e-07 2.960557e-03
735 1.716337e-07 3.388865e-03
736 1.219735e-05 1.544456e-02
737 3.272642e-09 1.363346e-03
738 2.085066e-04 8.242363e-02
739 4.773105e-08 3.506964e-03
740 1.432344e-04 2.571716e-02
741 1.456459e-06 8.406944e-03
742 9.050284e-05 1.951867e-02
743 3.753930e-03 5.035661e-01
744 5.061177e-09 2.638210e-03
745 1.338952e-07 2.525322e-03
746 1.103414e-05 1.247562e-02
747 1.860223e-04 2.794508e-02
748 1.152043e-03 6.876139e-02
749 1.864673e-04 1.704765e-01
750 1.741600e-06 6.770909e-03
751 6.373252e-06 1.177508e-02
752 2.807510e-07 1.956556e-03
753 5.340233e-08 2.982522e-03
754 2.573129e-04 9.344231e-02
755 3.743379e-05 1.982830e-02
756 1.263724e-04 2.757805e-02
757 1.711454e-08 1.516927e-03
758 5.330973e-05 1.735582e-02
759 5.225443e-05 1.846300e-02
760 7.553981e-07 2.261909e-03
761 1.211362e-04 1.829553e-02
762 2.683645e-05 1.485105e-02
763 3.510492e-08 1.964987e-03
764 1.729801e-06 9.810240e-03
765 2.481713e-09 1.044130e-02
766 1.588925e-06 5.427537e-03
767 2.227814e-06 5.840436e-03
768 8.121303e-05 1.798490e-02
769 4.560938e-06 7.150001e-03
770 1.694296e-04 5.310660e-02
771 3.939446e-06 3.747088e-03
772 1.004666e-09 1.550019e-03
773 8.606405e-08 1.603437e-02
774 1.378192e-07 1.950092e-03
775 2.521255e-05 7.372390e-02
776 2.490584e-04 5.666127e-02
777 1.238211e-04 2.821580e-02
778 5.482651e-06 2.179727e-02
779 1.067319e-03 1.102904e-01
780 4.093213e-05 1.217375e-02
781 7.559516e-04 3.902343e-02
782 8.089254e-06 4.015145e-03
783 1.853336e-05 8.739977e-03
784 3.596297e-06 6.074813e-03
785 1.969320e-04 2.893708e-02
786 3.441722e-05 2.136848e-02
787 1.043378e-04 1.861510e-02
788 4.465763e-05 2.000694e-02
789 2.042188e-08 1.348027e-03
790 5.717559e-04 1.292956e-01
791 1.023897e-04 1.288818e-02
792 1.487320e-06 4.724069e-03
793 1.256201e-05 9.020508e-03
794 2.122346e-06 4.933816e-03
795 5.498096e-04 5.267154e-01
796 7.139692e-08 3.131312e-03
797 1.294819e-03 2.050899e-01
798 9.844509e-04 3.279094e-01
799 7.078223e-06 4.083102e-03
800 2.810277e-04 3.589974e-02
801 6.629518e-07 4.125131e-03
802 6.823865e-05 3.983749e-02
803 3.870965e-04 8.903712e-02
804 1.777528e-05 1.568021e-02
805 2.303044e-07 4.018487e-03
806 1.383884e-03 1.601526e-01
807 7.114976e-05 5.352732e-02
808 1.786153e-06 3.646694e-03
809 3.696828e-04 2.356094e-01
810 6.371268e-05 1.009286e-02
811 1.111826e-05 2.654200e-02
812 1.236822e-06 6.844370e-03
813 1.952782e-06 5.783119e-03
814 8.785813e-06 1.001431e-02
815 6.298550e-06 2.546875e-02
816 3.110660e-04 1.189494e-01
817 3.669180e-03 4.649021e-01
818 3.784519e-07 3.573127e-03
819 1.199580e-04 9.486032e-02
820 2.762724e-04 4.441734e-02
821 1.792719e-05 2.636070e-02
822 1.115607e-07 3.559717e-03
823 3.031308e-06 9.377190e-03
824 4.177659e-06 2.592716e-02
825 5.728951e-06 2.622533e-02
826 2.393370e-05 7.960349e-03
827 9.166815e-06 5.073105e-03
828 4.355369e-05 3.217469e-02
829 1.041356e-05 1.407782e-02
830 3.098489e-03 2.279186e-01
831 6.414611e-05 1.019749e-02
832 1.792096e-05 7.346337e-03
833 7.083927e-06 2.143634e-02
834 5.453910e-06 2.133836e-02
835 3.019944e-07 2.256496e-03
836 1.091033e-08 1.026324e-03
837 3.822078e-06 1.478402e-02
838 5.174112e-05 5.252554e-03
839 4.399422e-06 1.501197e-02
840 2.242972e-05 3.563083e-02
841 6.702099e-05 2.878490e-02
842 5.637608e-04 3.234627e-01
843 7.943486e-05 2.466004e-02
844 7.929647e-06 3.546070e-02
845 2.526914e-06 3.257045e-02
846 2.994795e-04 3.285198e-02
847 1.292889e-04 1.574633e-02
848 4.871949e-04 9.342659e-02
849 2.451516e-07 5.739109e-03
850 3.223993e-03 7.735119e-01
851 3.443920e-05 1.335262e-02
852 1.739249e-04 1.845557e-01
853 1.169444e-03 2.185166e-01
854 1.386439e-04 7.664953e-02
855 2.251643e-04 1.512755e-01
856 2.188004e-04 3.700305e-02
857 8.192228e-04 2.214396e-01
858 1.226457e-05 1.995342e-02
859 4.398846e-08 3.864277e-03
860 5.953975e-05 3.870720e-02
861 4.499829e-08 1.639757e-03
862 2.786274e-05 1.962625e-02
863 4.381863e-04 6.785347e-02
864 4.667209e-06 7.620634e-03
865 2.587879e-04 7.779734e-02
866 2.132041e-04 1.383162e-01
867 2.937829e-03 5.131686e-01
868 5.020129e-06 6.409867e-03
869 3.892616e-06 3.242597e-02
870 9.087234e-05 4.244196e-02
871 6.840563e-06 2.666503e-02
872 8.158624e-04 2.295770e-01
873 1.925774e-05 6.902524e-02
874 6.749465e-04 1.858198e-01
875 7.730356e-06 5.905888e-03
876 9.400361e-10 1.062625e-03
877 1.718707e-07 9.354964e-03
878 1.388725e-03 2.649408e-01
879 2.224825e-04 7.525393e-02
880 3.857630e-06 1.032852e-02
881 3.125036e-08 2.290743e-03
882 1.431242e-04 5.969814e-02
883 1.651160e-03 4.504235e-01
884 4.731590e-04 7.410418e-02
885 1.150314e-04 6.646927e-02
886 1.538756e-07 7.843330e-03
887 1.345138e-06 1.329036e-02
888 2.823028e-06 1.246354e-02
889 2.261472e-06 2.290678e-02
890 1.886432e-06 2.317174e-02
891 1.236913e-03 2.348202e-01
892 1.163523e-07 2.855707e-03
893 9.971326e-05 3.835808e-02
894 6.376410e-06 6.360973e-03
895 9.030118e-05 7.327063e-02
896 5.246435e-06 5.448022e-02
897 2.497373e-04 6.524506e-02
898 9.017874e-06 8.581148e-03
899 2.851993e-06 1.405208e-02
900 2.388478e-06 1.614810e-02
901 1.084186e-04 7.701686e-02
902 3.524679e-07 2.116613e-03
903 1.402812e-05 3.330687e-02
904 3.492228e-07 2.106976e-02
905 3.465933e-08 6.661866e-03
906 4.960994e-07 8.188109e-03
907 7.644713e-08 2.062917e-03
908 7.342548e-08 8.978532e-03
909 1.533855e-05 2.574004e-02
910 2.359148e-06 2.666188e-02
911 9.892194e-08 2.115010e-02
912 1.889392e-06 1.038066e-02
913 2.752072e-07 3.397566e-03
914 4.431677e-07 7.511923e-03
915 8.031481e-04 6.224078e-02
916 1.081239e-08 2.827092e-03
917 4.747790e-08 2.392098e-03
918 8.932409e-08 2.637944e-03
919 6.685045e-05 1.610168e-01
920 8.440874e-08 6.483985e-03
921 6.549119e-06 3.787487e-03
922 3.900409e-06 1.626028e-02
923 3.720262e-08 5.132350e-03
924 1.523327e-03 2.163535e-01
925 3.344329e-04 5.916742e-02
926 9.482983e-05 3.738240e-02
927 7.717131e-05 1.192690e-01
928 1.266740e-05 4.336458e-02
929 2.401122e-04 1.232931e-01
930 8.443640e-05 3.746601e-02
931 2.679070e-05 1.226184e-02
932 4.605070e-05 4.244743e-02
933 3.581127e-08 2.971883e-03
934 2.171364e-05 8.505265e-03
935 2.313426e-07 3.566914e-03
936 1.976629e-05 2.728183e-02
937 9.952872e-09 5.815535e-03
938 1.108367e-08 2.375088e-03
939 2.821964e-06 9.964427e-03
940 1.386247e-04 9.356140e-02
941 5.712088e-08 3.329104e-03
942 1.600660e-04 1.264562e-01
943 5.354738e-05 2.214324e-02
944 2.598000e-10 1.972718e-03
945 5.949100e-05 2.336029e-02
946 2.705238e-08 2.222933e-03
947 2.128442e-05 1.899073e-02
948 3.349047e-08 1.519048e-03
949 1.280469e-05 1.718233e-02
950 2.827148e-04 8.403674e-02
951 2.401983e-07 3.013114e-02
952 5.008842e-05 3.915194e-02
953 2.051614e-09 2.418403e-03
954 1.832425e-05 3.550455e-02
955 3.894641e-06 4.298724e-03
956 6.399150e-05 1.741327e-02
957 7.360511e-05 2.869863e-02
958 2.056449e-04 2.839077e-02
959 1.970840e-05 2.043702e-02
960 1.933670e-08 2.434272e-03
961 6.795251e-08 9.514224e-03
962 3.514237e-07 1.075382e-02
963 3.027940e-07 3.522341e-03
964 7.404216e-07 1.928125e-03
965 4.261966e-04 7.520563e-02
966 2.881359e-05 1.182156e-02
967 2.598840e-06 7.861620e-03
968 2.599369e-04 3.660651e-02
969 3.831938e-04 8.877808e-02
970 2.665892e-05 1.786432e-02
971 3.284948e-06 7.366670e-03
972 6.856336e-05 3.692972e-02
973 8.267473e-06 8.151908e-03
974 1.819447e-05 7.501461e-03
975 7.121978e-05 8.566405e-02
976 1.963382e-04 2.604503e-01
977 2.974594e-05 1.196424e-02
978 5.258747e-06 2.367337e-02
979 2.790690e-07 2.917479e-03
980 3.809553e-06 2.069543e-02
981 4.822236e-05 1.975810e-02
982 1.601059e-07 1.386299e-03
983 9.778829e-07 3.799782e-03
984 1.630368e-05 1.967507e-02
985 3.139886e-05 5.994259e-02
986 8.852017e-04 3.063107e-01
987 4.197472e-07 6.186788e-03
988 4.355252e-08 2.065257e-03
989 6.152720e-04 4.261577e-02
990 1.234407e-07 2.258016e-03
991 3.530894e-03 4.535128e-01
992 5.507508e-06 6.646515e-03
993 3.822983e-06 9.350020e-03
994 1.759178e-10 1.343346e-03
995 3.846893e-06 1.503096e-02
996 3.778748e-03 4.440895e-01
997 2.870747e-06 7.785780e-03
998 1.357502e-06 3.754814e-03
999 3.672624e-05 2.328104e-02
1000 2.927396e-10 1.344514e-03
1001 3.776057e-06 8.958717e-03
1002 7.188642e-05 9.318591e-02
1003 1.031013e-04 2.072449e-02
1004 4.212882e-05 3.527346e-02
1005 2.162863e-06 2.180610e-03
1006 2.219409e-04 1.301362e-01
1007 1.028420e-07 3.007905e-03
1008 1.839779e-04 2.245536e-02
1009 4.105492e-07 1.998190e-03
1010 1.137223e-04 1.892000e-02
1011 2.939211e-07 1.728606e-02
1012 1.107853e-04 2.482221e-01
1013 7.711711e-06 1.209811e-02
1014 1.445483e-05 8.173989e-03
1015 4.507945e-05 3.174747e-02
1016 3.200506e-05 1.400284e-02
1017 1.016277e-03 2.772771e-01
1018 4.339968e-05 9.602816e-02
1019 8.300810e-09 1.929557e-03
1020 1.427037e-07 1.103269e-02
1021 4.850629e-06 1.377316e-02
1022 4.020954e-09 1.414666e-03
1023 6.488644e-06 1.748034e-02
1024 5.787432e-05 1.104784e-02
1025 6.404097e-09 1.527127e-03
1026 1.463619e-09 1.937760e-03
1027 1.186609e-05 1.004641e-02
1028 1.317858e-04 9.310522e-02
1029 2.170571e-06 6.019557e-03
1030 2.132200e-07 3.054120e-03
1031 1.779067e-05 9.831912e-03
1032 1.314682e-03 3.005273e-01
1033 5.307862e-08 1.551974e-03
1034 1.003670e-04 2.679088e-02
1035 2.897771e-05 1.409404e-02
1036 9.502489e-04 1.307482e-01
1037 2.131895e-08 3.021771e-03
1038 4.566523e-07 3.041201e-03
1039 1.224695e-05 9.132967e-03
1040 1.698841e-07 3.094163e-03
1041 4.806489e-04 2.497301e-01
1042 3.400734e-06 7.652877e-03
1043 6.172047e-09 1.239112e-03
1044 5.443243e-07 3.532124e-03
1045 1.556619e-08 2.384709e-03
1046 9.786254e-11 1.277346e-03
1047 1.023382e-08 1.279347e-03
1048 2.308368e-07 4.687531e-03
1049 5.880429e-08 1.163628e-03
1050 2.557936e-03 6.517664e-01
1051 1.395113e-04 4.611092e-02
1052 1.702139e-06 2.837150e-03
1053 5.792377e-06 8.878451e-03
1054 2.152090e-08 1.867715e-03
1055 5.978978e-09 1.156669e-03
1056 2.047212e-06 8.744659e-03
1057 5.185020e-06 1.277351e-02
1058 1.687289e-07 1.561876e-03
1059 1.180227e-04 5.202049e-02
1060 1.578315e-08 1.475681e-03
1061 1.792711e-06 2.886004e-03
1062 3.049674e-09 1.140407e-03
1063 8.041325e-06 2.503597e-02
1064 1.158276e-04 4.973405e-02
1065 9.935299e-09 1.808013e-03
1066 1.613875e-08 1.187844e-03
1067 5.831916e-06 1.332736e-02
1068 5.974795e-07 1.793226e-03
1069 1.873585e-06 2.887283e-03
1070 2.215992e-08 1.192262e-03
1071 2.053842e-06 1.909666e-03
1072 2.351530e-07 2.544190e-03
1073 1.405591e-07 1.341648e-03
1074 5.164330e-08 1.905269e-03
1075 7.370656e-07 3.728637e-03
1076 1.249059e-06 4.088017e-03
1077 1.114459e-06 5.288284e-03
1078 1.269765e-05 1.302831e-02
1079 1.005023e-06 4.484959e-03
1080 1.773454e-04 5.375002e-02
1081 1.258599e-05 5.028105e-02
1082 2.545260e-06 3.634077e-03
1083 2.046398e-06 4.806716e-03
1084 1.497944e-08 1.204732e-03
1085 6.179931e-07 1.805796e-03
1086 6.404114e-07 2.990174e-03
1087 1.209687e-07 1.387573e-03
1088 1.121819e-05 7.379511e-03
1089 1.743717e-07 1.358444e-03
1090 3.798374e-09 1.203947e-03
1091 8.449980e-08 1.661162e-03
1092 2.716632e-06 2.228514e-03
1093 1.058837e-05 2.328398e-02
1094 3.000323e-05 1.415396e-02
1095 3.823065e-07 2.977314e-03
1096 8.467283e-05 3.209016e-02
1097 1.689152e-05 5.174159e-02
1098 1.720742e-06 8.029084e-03
1099 1.544328e-08 3.597197e-03
1100 1.560468e-09 1.118650e-03
1101 5.107795e-06 2.423916e-02
1102 2.387625e-06 1.192828e-02
1103 7.908726e-07 3.859329e-03
1104 1.784738e-05 2.861269e-02
1105 3.749965e-08 2.108303e-03
1106 2.396778e-03 3.331610e-01
1107 5.228411e-07 2.608625e-03
1108 1.121865e-06 8.175824e-03
1109 1.581340e-09 1.817714e-03
1110 1.171096e-06 1.039608e-02
1111 1.583936e-07 2.189696e-03
1112 6.727468e-10 1.790175e-03
1113 5.528328e-06 1.441751e-02
1114 4.824760e-05 1.783670e-02
1115 5.988339e-04 1.613302e-01
1116 1.931143e-09 1.968483e-03
1117 7.184379e-04 2.116388e-01
1118 1.560361e-06 5.024084e-03
1119 4.896692e-06 2.961632e-02
1120 9.675660e-05 6.791305e-02
1121 4.669155e-05 8.975404e-03
1122 8.515478e-06 2.012842e-02
1123 3.756815e-06 3.689016e-03
1124 6.359392e-06 1.438455e-02
1125 7.854586e-06 4.465355e-03
1126 6.471664e-07 6.906571e-03
1127 3.704241e-07 4.349545e-03
1128 4.674898e-05 4.101137e-02
1129 2.485357e-06 8.417751e-03
1130 1.511241e-06 1.226610e-02
1131 1.179176e-04 7.287233e-02
1132 3.322765e-05 1.208775e-02
1133 2.805498e-07 2.187917e-03
1134 4.517348e-04 7.348729e-02
1135 2.971154e-05 1.520994e-02
1136 4.106667e-04 9.136708e-02
1137 1.250696e-06 2.226833e-02
1138 1.206805e-08 1.865558e-03
1139 1.702193e-05 6.499594e-03
1140 8.377639e-10 2.155795e-03
1141 8.130806e-06 5.464823e-03
1142 3.337983e-04 6.619766e-02
1143 1.369644e-06 7.787832e-02
1144 1.255827e-08 6.471615e-03
1145 5.070166e-06 2.424122e-02
1146 1.996134e-03 4.639237e-01
1147 1.250230e-04 6.107480e-02
1148 1.834598e-07 2.418474e-03
1149 3.785267e-04 1.309367e-01
1150 3.028508e-09 2.359825e-03
1151 1.750810e-03 1.367994e-01
1152 3.622186e-04 9.411376e-02
1153 3.739437e-06 6.023898e-03
1154 3.697737e-09 1.933440e-03
1155 5.651442e-04 3.153066e-01
1156 1.705960e-06 2.737139e-03
1157 1.393376e-04 4.723018e-02
1158 9.099674e-06 5.646284e-03
1159 9.842296e-09 1.511341e-03
1160 1.638948e-06 2.930234e-03
1161 8.612645e-06 1.969632e-02
1162 1.509761e-04 2.265588e-01
1163 6.718314e-05 1.275598e-02
1164 1.464615e-05 5.568768e-02
1165 1.299967e-03 4.881422e-01
1166 8.100068e-04 4.814081e-02
1167 2.253318e-05 1.099775e-01
1168 5.733869e-05 4.165238e-02
1169 1.736157e-07 8.008775e-03
1170 7.775169e-07 6.097122e-03
1171 2.548061e-06 9.962013e-03
1172 2.944522e-05 8.300821e-02
1173 2.672939e-09 1.101167e-03
1174 1.406562e-03 2.723589e-01
1175 2.073716e-05 2.527244e-02
1176 3.515874e-09 1.778773e-03
1177 3.344539e-04 1.126443e-01
1178 4.775156e-04 2.930568e-01
1179 3.349952e-04 3.019505e-02
1180 8.443712e-06 8.291158e-03
1181 1.203408e-06 1.939184e-03
1182 9.348646e-06 8.613951e-03
1183 8.009125e-04 1.495668e-01
1184 2.263089e-04 4.225296e-02
1185 9.600761e-07 1.082165e-02
1186 9.293943e-04 9.462862e-02
1187 4.455094e-04 6.983561e-02
1188 1.488219e-06 2.135915e-03
1189 3.100087e-07 2.571904e-03
1190 4.031093e-10 1.991172e-03
1191 2.510585e-06 2.844905e-03
1192 4.549179e-05 1.190714e-01
1193 1.677589e-08 3.228179e-03
1194 2.675180e-05 2.617130e-02
1195 8.786285e-04 2.093271e-01
1196 2.350677e-07 5.321709e-03
1197 3.193503e-07 3.507678e-03
1198 1.776195e-06 2.385690e-03
1199 3.797832e-04 1.905131e-01
1200 9.410729e-04 1.714517e-01
1201 3.098811e-09 1.124641e-03
1202 3.319351e-05 2.161869e-02
1203 4.045985e-05 3.713076e-02
1204 3.183077e-06 6.876541e-03
1205 1.934029e-09 1.941476e-03
1206 3.507334e-04 9.703864e-02
1207 7.195441e-06 5.298967e-03
1208 1.500601e-05 5.810240e-03
1209 6.580056e-04 8.685351e-02
1210 8.255188e-05 5.148849e-02
1211 3.814374e-04 4.140549e-02
1212 2.866735e-07 3.735581e-03
1213 2.029204e-07 4.983850e-03
1214 3.453800e-05 1.252474e-02
1215 3.486842e-08 2.613740e-03
1216 3.747339e-08 2.219220e-03
1217 8.147979e-06 2.768337e-02
1218 1.930093e-06 5.397456e-03
1219 1.851572e-05 1.276495e-02
1220 1.226925e-05 2.351726e-02
1221 9.652639e-05 2.980410e-02
1222 4.207812e-06 2.337619e-02
1223 9.585729e-05 3.952270e-02
1224 7.072126e-06 9.117822e-03
1225 9.914528e-07 2.893830e-03
1226 2.387038e-07 1.827464e-03
1227 1.951743e-05 6.222652e-03
1228 7.309876e-05 1.890686e-02
1229 1.474434e-04 3.734835e-02
1230 8.773229e-07 7.472728e-03
1231 8.041374e-06 3.839789e-02
1232 6.221886e-09 5.677128e-03
1233 3.336125e-05 2.328638e-02
1234 3.308407e-08 7.614111e-03
1235 1.623019e-05 5.196744e-02
1236 5.668361e-07 4.692640e-03
1237 6.347774e-04 1.559712e-01
1238 7.893953e-06 1.371898e-02
1239 1.608677e-06 6.820396e-03
1240 1.712891e-06 4.059199e-03
1241 2.490645e-05 7.558836e-03
1242 1.234439e-03 2.719910e-01
1243 4.786242e-04 8.854153e-02
1244 4.770152e-07 3.587668e-03
1245 3.044739e-06 6.788127e-03
1246 6.221482e-09 2.013472e-03
1247 3.726084e-04 1.478345e-02
1248 5.796322e-05 5.600337e-02
1249 2.110196e-08 9.776434e-03
1250 2.886373e-07 6.197041e-03
1251 9.469380e-07 1.421362e-02
1252 3.205177e-05 5.588332e-03
1253 4.486375e-04 2.650900e-01
1254 1.697881e-07 5.349581e-03
1255 5.451509e-06 2.144379e-02
1256 3.845299e-05 5.567950e-03
1257 1.320713e-04 8.792774e-02
1258 1.388090e-07 4.833971e-03
1259 3.660548e-04 7.158712e-02
1260 4.866881e-05 2.686453e-01
1261 3.113957e-06 5.551989e-03
1262 1.309776e-05 2.118215e-02
1263 6.002716e-05 4.912122e-02
1264 3.421781e-06 3.166638e-02
1265 1.347712e-05 1.051084e-02
1266 3.593242e-06 3.480638e-02
1267 3.128344e-06 1.758813e-02
1268 1.516779e-06 9.101716e-03
1269 8.639808e-05 1.732684e-02
1270 4.017391e-03 7.731873e-01
1271 2.537743e-03 2.369746e-01
1272 2.687230e-08 1.267054e-03
1273 1.896202e-04 4.701315e-02
1274 1.862401e-05 1.875106e-02
1275 9.752788e-05 5.103676e-02
1276 1.793576e-03 2.266885e-01
1277 3.947573e-04 1.797961e-01
1278 1.293229e-03 2.745441e-01
1279 2.606700e-06 2.450851e-03
1280 2.927040e-04 1.511564e-01
1281 8.298361e-06 6.665117e-03
1282 1.876201e-04 4.585361e-02
1283 3.654205e-06 2.077927e-02
1284 3.440943e-06 4.633918e-03
1285 2.721037e-04 1.122400e-01
1286 1.206625e-08 3.201004e-03
1287 3.688518e-05 3.377732e-02
1288 6.542861e-05 3.508885e-02
1289 1.564420e-05 1.356756e-02
1290 7.055338e-06 2.932312e-02
1291 1.484726e-04 1.696490e-02
1292 3.758315e-04 3.579469e-01
1293 1.211752e-07 3.328506e-03
1294 1.905889e-06 5.754154e-03
1295 1.259833e-06 3.335948e-03
1296 1.457168e-06 1.291777e-02
1297 2.349667e-05 5.649995e-02
1298 1.559984e-05 1.381972e-02
1299 4.628846e-05 7.940398e-03
1300 1.211140e-07 2.819116e-03
1301 4.796440e-07 3.107446e-03
1302 7.374161e-04 5.882469e-02
1303 4.606882e-06 8.378778e-03
1304 4.959909e-06 8.305118e-03
1305 1.304436e-04 4.910377e-02
1306 1.102247e-04 2.633691e-02
1307 5.363225e-06 6.687816e-03
1308 6.212829e-08 2.541817e-03
1309 1.628244e-04 4.989349e-02
1310 1.247892e-09 1.448115e-03
1311 2.384681e-03 4.671242e-01
1312 4.643447e-04 1.407706e-01
1313 7.144434e-08 1.732607e-03
1314 2.179061e-06 8.468048e-03
1315 1.019980e-06 3.196532e-03
1316 2.698877e-07 2.190073e-03
1317 7.431045e-10 1.374734e-03
1318 2.189571e-04 5.175904e-02
1319 1.247499e-03 3.387984e-01
1320 9.097890e-07 3.897052e-03
1321 4.469119e-06 1.331623e-02
1322 1.595603e-09 1.135257e-03
1323 2.152795e-07 2.223085e-03
1324 8.795772e-04 1.096532e-01
1325 1.434052e-06 9.728759e-03
1326 6.611596e-05 6.858541e-03
1327 2.955020e-05 2.480797e-02
1328 4.517511e-07 2.666839e-03
1329 5.579305e-05 2.246469e-02
1330 2.794526e-06 8.154971e-03
1331 6.190696e-08 2.118658e-03
1332 1.191035e-07 1.444837e-03
1333 6.471965e-05 1.969068e-02
1334 2.147136e-05 1.269754e-02
1335 5.943695e-07 1.169071e-02
1336 1.174048e-05 6.805192e-03
1337 4.109170e-04 7.525377e-02
1338 1.894524e-06 7.243931e-03
1339 6.180752e-04 1.665097e-01
1340 2.032908e-05 1.345881e-02
1341 5.316311e-04 2.964718e-01
1342 4.983200e-08 2.467433e-03
1343 2.782431e-07 2.155547e-03
1344 4.958917e-07 3.397428e-03
1345 8.375306e-06 1.466493e-02
1346 1.465182e-05 2.825371e-02
1347 1.928942e-08 1.353415e-03
1348 3.344629e-04 3.828070e-02
1349 1.703175e-04 1.202477e-01
1350 1.589793e-05 1.141401e-02
1351 1.846999e-04 2.357004e-02
1352 4.318604e-05 1.116040e-02
1353 7.184969e-06 1.069182e-02
1354 3.119429e-07 4.940315e-03
1355 1.360474e-06 9.220712e-03
1356 5.819698e-06 2.669428e-02
1357 2.528720e-07 6.047433e-03
1358 7.679233e-06 6.577205e-03
1359 7.265693e-08 2.048440e-03
1360 2.907473e-07 4.119345e-03
1361 9.554114e-05 1.261558e-02
1362 4.451329e-04 9.982200e-02
1363 2.081941e-06 6.006394e-03
1364 1.345803e-04 3.745279e-02
1365 2.118434e-07 4.506077e-03
1366 3.054247e-06 4.433906e-03
1367 1.277727e-07 1.740315e-03
1368 2.353952e-04 5.118177e-02
1369 1.801080e-09 2.457484e-03
1370 3.220414e-08 1.643242e-03
1371 1.022664e-04 3.794376e-02
1372 3.276760e-07 4.182380e-03
1373 3.584452e-05 6.871552e-03
1374 4.040523e-07 3.364701e-03
1375 3.554232e-05 1.011856e-02
1376 1.013359e-03 5.313297e-01
1377 2.459470e-06 9.574291e-03
1378 6.268589e-08 1.429921e-03
1379 8.658020e-06 4.498611e-03
1380 1.264990e-03 3.120671e-01
1381 1.594266e-06 3.266631e-03
1382 3.037588e-07 1.273280e-03
1383 1.581843e-05 2.073066e-02
1384 3.401589e-07 4.604674e-03
1385 3.203732e-07 4.464720e-03
1386 1.915978e-06 5.682701e-03
1387 9.865398e-05 1.966491e-02
1388 8.787583e-06 7.116351e-03
1389 4.824060e-07 3.231218e-03
1390 3.108819e-07 3.078705e-03
1391 1.779183e-06 8.984305e-03
1392 1.594074e-07 1.994690e-03
1393 7.230308e-08 7.645942e-03
1394 1.096800e-06 6.374827e-03
1395 7.270669e-05 4.248014e-02
1396 9.967046e-05 3.501455e-02
1397 6.925478e-07 3.129551e-03
1398 1.614921e-05 1.913013e-02
1399 1.857092e-04 2.475240e-02
1400 2.157884e-07 4.662368e-03
1401 1.020089e-04 8.361465e-02
1402 1.123659e-06 4.512456e-03
1403 7.320353e-06 5.321127e-03
1404 1.354215e-07 2.379909e-03
1405 1.016687e-06 4.076637e-03
1406 3.268299e-05 1.529564e-02
1407 6.667560e-08 2.741947e-03
1408 1.410573e-03 4.004545e-01
1409 2.860219e-06 4.950222e-02
1410 2.297822e-06 1.097702e-02
1411 2.256137e-05 1.177073e-02
1412 6.572118e-09 4.383915e-03
1413 4.106959e-11 1.143511e-03
1414 4.972493e-08 2.432991e-03
1415 2.021425e-06 5.928817e-03
1416 5.873641e-08 2.989470e-03
1417 6.875066e-06 4.170194e-03
1418 1.653202e-06 4.930441e-03
1419 3.598514e-07 4.483022e-03
1420 5.286489e-05 2.302509e-02
1421 6.532570e-06 1.255750e-02
1422 3.028060e-05 2.730305e-02
1423 7.539579e-07 3.845604e-03
1424 6.754601e-06 6.651175e-03
1425 1.013780e-05 7.023848e-03
1426 1.444529e-05 7.538646e-03
1427 8.681114e-06 5.364380e-03
1428 7.835605e-06 7.055662e-03
1429 3.536495e-05 1.548626e-02
1430 2.634614e-04 1.279050e-01
1431 1.505914e-05 3.119641e-02
1432 9.486522e-06 1.715776e-02
1433 7.056427e-07 7.795785e-03
1434 3.920281e-06 3.521670e-03
1435 1.553207e-06 3.261404e-03
1436 1.720015e-05 7.902744e-03
1437 2.142611e-06 2.483302e-03
1438 1.817431e-05 9.770269e-03
1439 7.885926e-04 2.535470e-01
1440 7.363185e-08 2.796398e-03
1441 9.055552e-09 1.739970e-03
1442 8.253413e-07 7.243254e-03
1443 5.578172e-06 5.123352e-03
1444 2.069799e-05 6.445189e-03
1445 9.559286e-06 9.881565e-03
1446 3.588361e-05 1.213964e-02
1447 3.357042e-03 7.138518e-01
1448 4.865966e-06 3.455782e-03
1449 2.713670e-07 3.059360e-03
1450 8.920247e-06 1.304731e-02
1451 1.191872e-04 4.298683e-02
1452 1.227051e-03 1.034055e-01
1453 8.175350e-08 2.966311e-03
1454 4.416729e-07 3.921657e-03
1455 3.475027e-05 1.016395e-02
1456 5.691724e-07 1.809636e-03
1457 9.460496e-07 2.449471e-03
1458 1.557404e-06 2.722179e-03
1459 2.672456e-05 7.033800e-03
1460 1.616611e-05 1.678994e-02
1461 4.841055e-06 2.241401e-03
1462 1.904870e-06 2.081385e-03
1463 2.186747e-07 1.493967e-03
1464 1.128652e-07 2.045995e-03
1465 7.529761e-08 1.406332e-03
1466 4.647302e-06 2.226616e-02
1467 5.214934e-04 6.972138e-02
1468 6.376384e-06 8.022728e-03
1469 2.516643e-05 1.634838e-02
1470 3.401235e-09 3.689551e-03
1471 2.964804e-05 1.179608e-02
1472 1.777783e-07 6.279979e-03
1473 1.124434e-06 3.988874e-03
1474 3.607746e-06 1.685030e-02
1475 1.734650e-08 1.748556e-03
1476 7.159134e-06 2.011775e-02
1477 8.604337e-11 1.745327e-03
1478 9.413256e-06 1.591310e-02
1479 6.407026e-06 1.089290e-02
1480 6.964924e-06 4.522978e-02
1481 4.454041e-05 3.081238e-02
1482 2.958671e-05 1.425365e-02
1483 8.822089e-05 1.012866e-02
1484 6.457153e-04 1.735503e-01
1485 1.812441e-04 4.123476e-02
1486 4.022628e-04 1.531677e-01
1487 9.479299e-08 2.023491e-03
1488 2.577433e-05 2.663032e-02
1489 1.824955e-06 1.767288e-03
1490 1.923070e-06 3.395526e-03
1491 6.982603e-05 5.217502e-02
1492 2.315844e-07 6.734899e-03
1493 9.180378e-07 1.164907e-02
1494 7.129413e-07 2.922063e-03
1495 4.367537e-05 1.347516e-02
1496 1.111152e-06 4.390346e-03
1497 1.455427e-03 2.354920e-01
1498 1.294126e-06 5.254426e-03
1499 7.858017e-09 2.924805e-03
1500 1.936993e-05 6.902660e-03
1501 3.436573e-06 5.329059e-03
1502 7.255374e-04 9.778717e-02
1503 2.294499e-04 1.374085e-01
1504 4.414812e-05 1.753844e-02
1505 6.145372e-07 5.649149e-03
1506 8.095801e-06 6.711162e-03
1507 3.106515e-04 4.019385e-02
1508 1.752735e-03 2.340724e-01
1509 8.950109e-07 4.518561e-03
1510 1.359728e-06 8.415959e-03
1511 1.908370e-05 1.065536e-02
1512 2.697671e-06 7.446983e-03
1513 9.112294e-06 9.794564e-03
1514 2.324464e-07 6.420043e-03
1515 9.602377e-04 3.409576e-01
1516 8.850754e-06 1.190750e-02
1517 1.302120e-03 2.186749e-01
1518 1.428081e-05 7.720114e-03
1519 1.242945e-05 1.172599e-02
1520 1.833135e-06 1.832463e-03
1521 1.015724e-07 7.186539e-03
1522 1.453198e-04 4.765559e-02
1523 4.793141e-06 9.498606e-03
1524 6.132658e-06 1.798021e-02
1525 3.833071e-05 3.492290e-02
1526 7.649611e-07 1.206823e-02
1527 1.319857e-04 3.066482e-02
1528 5.909717e-06 1.155328e-02
1529 6.679027e-06 7.561680e-03
1530 6.131524e-07 1.484014e-02
1531 7.735824e-05 2.082497e-02
1532 5.963034e-07 5.020114e-03
1533 4.766190e-07 6.663590e-03
1534 1.404103e-05 1.120539e-02
1535 2.996622e-08 1.589060e-03
1536 2.988196e-07 2.703093e-03
1537 1.297489e-06 3.979195e-03
1538 3.190446e-07 4.065022e-03
1539 1.959937e-06 2.466846e-03
1540 5.771601e-05 2.776896e-02
1541 6.149319e-04 2.897745e-01
1542 2.028268e-04 8.651376e-02
1543 1.462482e-03 2.257462e-01
1544 2.331364e-06 9.433876e-03
1545 1.331126e-05 5.273645e-02
1546 1.981720e-05 8.153010e-03
1547 2.524023e-04 1.990480e-01
1548 1.302868e-05 1.848395e-02
1549 1.405031e-06 4.462079e-03
1550 2.295481e-08 4.406454e-03
1551 6.089465e-06 5.765287e-03
1552 1.151588e-04 1.803195e-01
1553 4.760787e-04 3.817572e-01
1554 2.513142e-06 9.907645e-03
1555 9.394421e-04 2.428395e-01
1556 1.029682e-05 1.658998e-02
1557 4.664024e-04 1.815967e-01
1558 6.587642e-04 1.222725e-01
1559 2.727650e-06 1.083232e-02
1560 7.804349e-04 8.766996e-02
1561 1.207162e-04 2.060355e-01
1562 8.304748e-08 6.921071e-03
1563 4.259493e-05 1.370182e-02
1564 8.253307e-04 2.449557e-01
1565 1.760369e-05 1.624676e-02
1566 1.378082e-07 5.320296e-03
1567 8.476778e-03 1.524483e+00
1568 2.428066e-07 1.439090e-02
1569 3.584303e-05 1.554332e-02
1570 3.924716e-04 5.048317e-01
1571 1.625584e-07 2.445832e-03
1572 2.364881e-04 3.003962e-02
1573 6.949750e-04 2.534959e-01
1574 4.516623e-05 1.821473e-02
1575 3.260244e-07 1.797456e-02
1576 5.772174e-05 7.196383e-02
1577 3.913280e-04 2.418491e-01
1578 6.193420e-05 4.127321e-02
1579 6.494491e-07 5.052081e-03
1580 1.224667e-03 4.465381e-01
1581 1.303983e-05 1.704071e-02
1582 5.214761e-06 3.838898e-03
1583 1.788694e-04 6.853208e-02
1584 2.699951e-06 1.465932e-02
1585 5.152860e-04 2.292876e-01
1586 4.503968e-06 1.182743e-02
1587 3.965975e-05 6.489185e-03
1588 1.222622e-05 2.127863e-02
1589 4.172974e-08 2.916793e-03
1590 3.045389e-06 4.068425e-03
1591 3.722447e-06 4.474291e-03
1592 1.347477e-05 6.094460e-03
1593 1.152582e-06 3.467131e-03
1594 2.223366e-05 1.437812e-02
1595 1.074787e-07 4.139813e-03
1596 5.307832e-07 3.061556e-02
1597 2.634093e-06 8.210823e-03
1598 1.638959e-05 1.166810e-02
1599 3.550494e-05 1.208253e-01
1600 5.951734e-06 1.034278e-02
1601 7.423420e-09 3.283535e-03
1602 5.556624e-03 6.217915e-01
1603 2.532773e-06 8.495185e-03
1604 7.441481e-05 1.503948e-02
1605 1.967671e-04 2.306696e-02
1606 5.493692e-04 2.217189e-01
1607 1.474629e-04 1.153240e-01
1608 1.120398e-06 4.854322e-03
1609 6.216668e-04 1.367902e-01
1610 1.069450e-03 3.743422e-01
1611 2.269245e-05 1.534521e-02
1612 2.186542e-05 5.155062e-03
1613 3.833439e-09 1.207929e-03
1614 7.220805e-05 3.084081e-02
1615 4.283444e-04 1.664913e-01
1616 6.456675e-07 2.633072e-03
1617 5.618814e-08 3.407359e-03
1618 8.738528e-07 2.639935e-03
1619 1.977553e-05 7.890853e-02
1620 1.514430e-05 5.445989e-02
1621 4.289125e-06 9.970417e-02
1622 1.761508e-05 1.868740e-02
1623 1.338451e-05 5.422630e-02
1624 2.010641e-03 2.571808e-01
1625 6.652201e-07 4.433768e-03
1626 1.476480e-04 5.665592e-02
1627 4.053044e-06 1.703985e-02
1628 6.098323e-04 7.433379e-02
1629 9.048675e-04 2.015319e-01
1630 3.427654e-04 3.197916e-01
1631 6.966259e-05 8.310673e-02
1632 4.296976e-05 6.739581e-02
1633 1.608785e-08 3.099142e-03
1634 1.349560e-06 6.738947e-03
1635 9.195970e-09 1.156382e-03
1636 2.306703e-08 2.939949e-03
1637 3.306330e-08 1.704292e-03
1638 9.236715e-08 3.087676e-03
1639 1.162900e-08 1.851858e-03
1640 1.094613e-04 4.377202e-02
1641 5.841170e-04 7.439795e-02
1642 1.234880e-03 4.000221e-01
1643 1.886100e-05 2.399658e-02
1644 1.455311e-05 9.446460e-03
1645 1.955229e-05 9.858568e-03
1646 2.896729e-03 8.059367e-01
1647 8.248876e-06 1.421145e-02
1648 2.983648e-06 3.993395e-03
1649 5.873447e-04 4.121390e-01
1650 9.382193e-05 5.668553e-02
1651 3.903157e-07 4.392374e-03
1652 1.584902e-04 8.752090e-02
1653 8.764467e-04 4.067329e-01
1654 4.335391e-06 2.277750e-02
1655 4.934515e-04 1.683729e-01
1656 3.501494e-06 1.745541e-02
1657 3.324649e-06 1.117755e-02
1658 7.317963e-07 4.978145e-03
1659 3.044135e-05 1.933143e-02
1660 4.844512e-04 5.810502e-02
1661 1.990621e-04 3.601091e-02
1662 1.633038e-05 1.136341e-02
1663 1.138914e-03 1.409365e-01
1664 6.254949e-06 1.226369e-02
1665 7.813629e-06 1.073344e-02
1666 3.208022e-04 7.572222e-02
1667 1.010591e-04 3.858839e-02
1668 1.024205e-08 8.889174e-04
1669 3.436745e-06 1.173509e-02
1670 2.793468e-06 3.529811e-03
1671 1.184374e-05 2.247751e-02
1672 1.450622e-04 1.610355e-01
1673 1.142610e-04 2.373018e-02
1674 9.447601e-06 9.849599e-03
1675 2.700231e-05 1.479301e-02
1676 4.177889e-07 2.812856e-03
1677 2.758160e-07 7.102069e-03
1678 7.916192e-07 3.642671e-03
1679 3.269846e-10 1.409521e-03
1680 4.431598e-04 6.742230e-02
1681 1.700970e-05 2.371454e-02
1682 5.480074e-05 2.039883e-02
1683 4.721283e-08 1.747716e-03
1684 3.614128e-07 3.659011e-03
1685 5.381087e-04 2.405087e-02
1686 4.944529e-04 8.949075e-02
1687 2.357492e-05 3.166323e-02
1688 2.330132e-03 8.598766e-02
1689 1.428749e-04 8.644825e-02
1690 4.137964e-08 1.771396e-03
1691 2.025129e-07 1.757221e-03
1692 4.032985e-06 5.632755e-03
1693 3.216375e-04 5.572912e-02
1694 4.377155e-05 4.575706e-02
1695 7.454492e-06 2.981555e-03
1696 9.339155e-04 2.586912e-01
1697 2.420139e-06 8.666746e-03
1698 1.988368e-03 1.628671e-01
1699 2.205479e-03 4.473270e-01
1700 7.195528e-07 4.226350e-03
1701 9.673358e-05 5.589267e-02
1702 1.150291e-05 8.598037e-02
1703 4.880641e-06 5.685646e-02
1704 2.703733e-07 1.615605e-03
1705 1.045288e-07 1.972794e-03
1706 5.949870e-07 2.529547e-03
1707 1.886431e-04 4.694726e-02
1708 3.888393e-08 8.065523e-03
1709 2.957341e-06 1.618580e-02
1710 7.047087e-07 1.150042e-02
1711 5.968087e-04 1.219654e-01
1712 2.319038e-04 6.714786e-02
1713 6.430044e-06 1.123459e-02
1714 2.161887e-04 4.756479e-02
1715 2.341755e-05 7.269001e-03
1716 4.794705e-08 4.410335e-03
1717 3.143055e-06 2.627976e-02
1718 6.125864e-06 1.275089e-02
1719 2.601016e-07 7.620747e-03
1720 1.177672e-06 9.348179e-03
1721 9.712385e-07 3.145778e-02
1722 3.373482e-07 8.417868e-03
1723 9.195421e-04 3.572347e-01
1724 1.983829e-06 3.143986e-03
1725 1.003027e-05 1.593419e-02
1726 4.480929e-04 9.544760e-02
1727 4.805282e-05 2.873477e-02
1728 1.111866e-03 1.583270e-01
1729 3.201105e-06 4.333906e-03
1730 1.031548e-03 1.185387e-01
1731 4.828600e-06 6.944326e-03
1732 9.712914e-08 1.901281e-03
1733 1.217046e-11 1.011506e-03
1734 2.058284e-04 3.304793e-02
1735 9.812879e-05 2.803490e-02
1736 1.096694e-10 1.148579e-03
1737 1.733292e-05 1.511132e-02
1738 1.493116e-06 3.405771e-03
1739 7.227573e-05 1.744627e-02
1740 1.618963e-04 7.439532e-02
1741 1.403296e-08 4.426811e-03
1742 5.463353e-05 1.071289e-01
1743 6.635632e-04 1.014572e-01
1744 4.303073e-05 3.545455e-02
1745 7.635580e-05 1.450613e-02
1746 1.926878e-07 2.699991e-03
1747 3.241530e-07 6.630469e-03
1748 1.211724e-03 4.975791e-01
1749 3.399494e-06 9.410517e-03
1750 6.833656e-06 8.812675e-03
1751 2.416941e-06 6.422432e-03
1752 3.921247e-08 2.139785e-03
1753 3.657096e-05 4.782658e-02
1754 1.559624e-06 5.327752e-03
1755 8.377612e-07 6.154301e-03
1756 2.435496e-06 1.960793e-02
1757 2.158989e-06 1.475202e-02
1758 9.832441e-04 1.562639e-01
1759 3.592204e-07 5.083902e-03
1760 9.876144e-04 3.240467e-01
1761 5.030023e-08 7.057618e-03
1762 2.859938e-06 4.103150e-03
1763 7.018823e-07 1.150798e-02
1764 1.890987e-06 6.838660e-03
1765 2.728479e-05 1.920250e-02
1766 7.902223e-07 4.318416e-03
1767 4.661851e-06 6.907876e-03
1768 8.882063e-05 4.586666e-02
1769 3.788655e-04 2.164096e-02
1770 1.387177e-06 8.479542e-03
1771 6.699221e-06 9.994338e-03
1772 9.846249e-04 2.811841e-01
1773 1.722748e-03 2.340644e-01
1774 1.198035e-08 2.933090e-03
1775 2.705487e-08 2.828694e-03
1776 6.306844e-07 1.934474e-02
1777 1.407828e-06 1.193543e-02
1778 7.422191e-07 7.134770e-03
1779 4.204679e-06 1.702294e-02
1780 1.036753e-07 2.809245e-03
1781 1.034345e-08 1.304784e-03
1782 7.463006e-08 3.171690e-03
1783 7.656333e-06 7.055292e-03
1784 5.664155e-05 2.622602e-02
1785 2.546838e-06 4.280089e-03
1786 1.083342e-05 3.189974e-02
1787 1.204987e-03 2.890994e-01
1788 7.012127e-08 4.438951e-03
1789 5.884810e-05 3.272794e-02
1790 9.142621e-07 2.199611e-03
1791 2.533619e-06 5.640859e-03
1792 6.876871e-06 6.235589e-03
1793 1.392418e-07 9.492574e-03
1794 7.464308e-04 7.332441e-02
1795 5.678056e-06 4.282437e-03
1796 2.755873e-03 3.380705e-01
1797 2.755610e-07 1.738771e-02
1798 4.716094e-07 6.421592e-03
1799 3.446133e-07 2.878439e-03
1800 2.515591e-05 5.479598e-02
1801 1.178921e-05 4.227861e-03
1802 5.132789e-05 3.804705e-02
1803 3.657879e-07 2.038708e-03
1804 3.285206e-06 2.504974e-03
1805 3.780214e-07 1.102864e-02
1806 2.954068e-06 5.468721e-03
1807 1.282527e-07 1.556278e-03
1808 1.543632e-03 6.363321e-01
1809 9.058154e-06 1.064985e-02
1810 1.268343e-03 1.653080e-01
1811 5.312718e-07 7.812994e-03
1812 1.824995e-07 5.927528e-03
1813 2.526780e-06 1.400391e-02
1814 1.341544e-07 2.827141e-03
1815 2.978205e-05 2.412514e-02
1816 2.758484e-05 2.236733e-02
1817 1.272394e-06 4.729397e-03
1818 1.068381e-06 4.781873e-03
1819 6.089438e-11 2.082379e-03
1820 7.849345e-08 1.592250e-03
1821 5.061293e-08 3.408507e-03
1822 3.517398e-04 1.366139e-01
1823 7.751117e-06 3.832883e-02
1824 7.458279e-06 4.552756e-02
1825 4.091487e-03 3.388861e-01
1826 2.659604e-04 1.458176e-01
1827 2.096736e-04 3.902945e-02
1828 9.103652e-05 1.998811e-02
1829 2.565550e-05 1.021039e-02
1830 3.567253e-07 3.010978e-03
1831 4.289763e-08 1.701105e-03
1832 4.842567e-06 1.442649e-02
1833 1.053258e-05 6.561372e-03
1834 6.171946e-07 3.518506e-03
1835 6.251209e-07 3.553393e-03
1836 3.446886e-03 2.387938e-01
1837 4.687483e-04 2.134122e-01
1838 3.634281e-05 8.513358e-03
1839 1.370688e-05 3.671008e-02
1840 5.721502e-05 3.420166e-02
1841 2.097821e-04 5.698984e-02
1842 7.257875e-07 6.785651e-03
1843 2.464791e-06 8.427483e-03
1844 1.632854e-07 2.752085e-03
1845 7.589419e-05 2.085471e-02
1846 3.939933e-09 3.506755e-03
1847 3.251900e-05 5.863935e-02
1848 4.979308e-08 2.204898e-03
1849 1.494157e-07 1.366829e-02
1850 2.120726e-07 1.478404e-02
1851 6.641398e-06 3.600961e-02
1852 7.823324e-06 1.581205e-02
1853 7.054715e-05 4.446814e-02
1854 4.087587e-05 1.119989e-01
1855 4.357320e-05 3.313368e-02
1856 1.064984e-08 2.267081e-03
1857 9.194399e-08 4.625074e-03
1858 6.371511e-07 3.500720e-03
1859 5.318088e-07 3.252320e-03
1860 3.038631e-06 2.205247e-02
1861 3.108988e-06 7.518451e-03
1862 3.944760e-04 3.063253e-01
1863 2.190088e-08 3.005845e-03
1864 1.977680e-07 2.622235e-03
1865 2.897973e-07 1.139888e-02
1866 1.951373e-04 6.956475e-02
1867 1.390930e-08 2.610674e-03
1868 2.965755e-05 7.658799e-03
1869 2.688448e-03 2.837587e-01
1870 1.502321e-06 5.916799e-03
1871 1.400976e-06 1.122037e-02
1872 3.799866e-08 7.173330e-03
1873 2.980388e-08 1.838909e-03
1874 1.163284e-06 2.115340e-03
1875 3.807251e-03 4.341231e-01
1876 8.415567e-08 2.419038e-03
1877 2.356535e-06 2.939261e-03
1878 3.249604e-07 6.510367e-03
1879 1.362151e-06 1.156118e-02
1880 1.489165e-04 2.671288e-02
1881 1.078737e-05 4.469124e-02
1882 1.008194e-07 3.944293e-03
1883 3.320772e-06 1.303722e-02
1884 5.822034e-04 1.329958e-01
1885 5.280455e-06 6.184690e-03
1886 1.960300e-04 1.145216e-02
1887 4.186978e-05 2.233192e-02
1888 1.899667e-06 3.087294e-03
1889 7.402146e-08 1.308841e-03
1890 7.351986e-06 1.148337e-02
1891 9.391593e-05 1.148238e-01
1892 3.095387e-06 1.441379e-02
1893 1.465873e-04 4.194004e-02
1894 2.996670e-03 6.414079e-01
1895 9.018407e-05 4.335101e-02
1896 4.470660e-04 8.041362e-02
1897 4.566245e-07 3.958895e-03
1898 1.599384e-05 4.710484e-02
1899 6.119144e-06 9.048019e-03
1900 1.042399e-03 7.461349e-02
1901 3.100473e-06 4.803281e-03
1902 7.494304e-08 1.848462e-03
1903 2.209873e-06 1.083673e-02
1904 3.078322e-06 7.802649e-03
1905 2.528641e-06 5.088943e-03
1906 2.074975e-06 5.313668e-03
1907 4.348226e-08 3.759305e-03
1908 2.339935e-07 1.671436e-03
1909 6.620407e-05 8.093451e-03
1910 1.167651e-04 7.039045e-02
1911 3.438688e-04 5.386568e-02
1912 8.682470e-05 6.746681e-02
1913 8.721416e-05 5.794431e-02
1914 4.185877e-06 4.602108e-03
1915 5.838863e-08 7.892766e-03
1916 1.162565e-03 6.412520e-01
1917 9.471257e-04 2.799698e-01
1918 2.574811e-05 3.023972e-02
1919 2.568754e-05 1.427377e-02
1920 4.865959e-05 2.133916e-02
1921 2.204632e-08 1.366508e-03
1922 4.068747e-06 4.007845e-03
1923 5.021774e-06 2.822034e-03
1924 8.693429e-07 2.325487e-03
1925 9.221397e-07 2.095472e-03
1926 4.462011e-04 1.162009e-01
1927 2.383512e-06 1.125713e-02
1928 1.097278e-07 1.788471e-03
1929 1.937891e-05 1.083692e-02
1930 2.555917e-06 1.721551e-02
1931 2.980056e-05 1.977285e-02
1932 2.852804e-06 3.345706e-02
1933 1.157076e-05 1.564029e-02
1934 1.416303e-04 6.094045e-02
1935 2.428098e-06 1.394555e-02
1936 2.609959e-06 1.240637e-02
1937 3.964808e-06 5.012318e-03
1938 1.427395e-08 2.009856e-03
1939 3.298587e-04 2.209865e-01
1940 8.105335e-07 2.247361e-02
1941 7.163121e-06 1.461685e-02
1942 5.607356e-05 7.315787e-02
1943 2.960671e-06 3.198636e-02
1944 1.029519e-03 1.388383e-01
1945 7.560304e-05 3.414972e-02
1946 9.429885e-06 5.388390e-03
1947 1.361553e-05 4.111143e-03
1948 1.840688e-08 1.707103e-03
1949 4.687222e-05 8.901505e-02
1950 1.270112e-04 2.267029e-02
1951 5.242247e-06 3.848191e-02
1952 3.501949e-06 6.851522e-03
1953 1.655840e-04 3.275152e-02
1954 6.043533e-05 7.260597e-02
1955 1.061432e-05 8.725273e-03
1956 6.626002e-05 4.930698e-02
1957 3.351656e-06 7.639312e-03
1958 1.885479e-05 1.892542e-02
1959 3.494287e-06 2.621828e-02
1960 1.176171e-05 2.813470e-02
1961 1.688635e-04 8.782584e-02
1962 3.868332e-05 4.078255e-02
1963 1.018878e-04 5.627107e-02
1964 1.370280e-06 3.901296e-03
1965 5.867669e-06 1.454633e-02
1966 9.397160e-07 6.598334e-03
1967 1.817997e-05 5.342766e-02
1968 1.381853e-08 2.101998e-03
1969 3.572462e-03 1.224759e-01
1970 4.756636e-05 6.297508e-02
1971 1.482843e-03 2.593031e-01
1972 5.112764e-05 9.153992e-03
1973 7.754531e-04 1.592147e-01
1974 3.087016e-07 4.230837e-03
1975 3.009945e-04 1.610572e-01
1976 2.739303e-04 7.248586e-02
1977 8.162584e-06 6.728684e-03
1978 1.418117e-07 4.041994e-03
1979 1.326853e-04 4.299472e-02
1980 2.063452e-05 5.218574e-03
1981 7.795344e-05 5.142407e-02
1982 4.386913e-07 2.772329e-03
1983 1.713350e-06 2.183173e-03
1984 1.167312e-05 2.740661e-02
1985 1.652899e-05 1.073355e-02
1986 6.569350e-06 5.047004e-03
1987 1.537168e-06 3.480410e-02
1988 4.057037e-04 1.644492e-01
1989 6.012455e-07 1.413800e-03
1990 6.698165e-06 4.717699e-03
1991 5.064160e-06 7.569679e-03
1992 2.998702e-03 2.712286e-01
1993 6.048286e-08 1.181581e-03
1994 4.537953e-08 1.249109e-03
1995 2.755863e-04 7.361279e-02
1996 1.436949e-05 5.154164e-03
1997 1.279929e-06 2.057502e-03
1998 5.014462e-05 1.062652e-02
1999 7.908176e-04 8.251692e-02
2000 8.483177e-07 2.533879e-03
2001 1.194005e-06 3.088695e-03
