2 1.815531e-04 1.305321e-01
3 2.375032e-03 5.726034e-01
4 1.658981e-03 2.644077e-01
5 2.052695e-04 9.261113e-02
6 2.153031e-03 7.675522e-01
7 6.935187e-04 1.899969e-01
8 1.972799e-05 5.306336e-02
9 1.417234e-05 9.568362e-03
10 2.493227e-04 4.554289e-02
11 1.998342e-03 3.579787e-01
12 2.568310e-04 2.889764e-02
13 4.413491e-03 3.942499e-01
14 3.422803e-04 9.331703e-02
15 8.620954e-05 5.089083e-02
16 1.746267e-05 5.538170e-02
17 4.238001e-05 1.266541e-02
18 2.561955e-04 1.049863e-01
19 5.983006e-04 3.075141e-01
20 2.196473e-03 3.752643e-01
21 1.678267e-03 1.631276e-01
22 5.290184e-05 2.843697e-02
23 3.163593e-03 5.843325e-01
24 1.496296e-03 2.289557e-01
25 1.168740e-04 4.268036e-02
26 2.707197e-03 5.133059e-01
27 2.692355e-04 6.125781e-02
28 1.619086e-04 3.538656e-02
29 2.880427e-03 4.525876e-01
30 3.698279e-06 7.570815e-03
31 1.498672e-03 6.145758e-02
32 6.136660e-04 1.983206e-01
33 8.420803e-05 1.646611e-02
34 2.489785e-05 6.420461e-03
35 4.953699e-04 2.001548e-01
36 5.429329e-04 5.536867e-02
37 6.019605e-03 6.390989e-01
38 7.179632e-03 7.380237e-01
39 1.468146e-03 4.573630e-01
40 7.343336e-04 1.872265e-01
41 3.312263e-06 7.011213e-03
42 2.313819e-03 5.873264e-01
43 7.915712e-05 1.212773e-02
44 1.548868e-06 2.892223e-03
45 4.185055e-07 2.678163e-03
46 9.872208e-08 1.426140e-03
47 1.036452e-06 6.253868e-03
48 1.155981e-06 7.105420e-03
49 1.237073e-06 9.031472e-03
50 3.939104e-05 3.047112e-02
51 7.069718e-07 3.122860e-03
52 5.440837e-07 5.609066e-03
53 4.326334e-07 5.659105e-03
54 5.795350e-07 4.278561e-03
55 7.193152e-07 3.378365e-03
56 4.183324e-05 1.993337e-02
57 1.248338e-04 3.713519e-02
58 6.329009e-08 1.711386e-03
59 1.718145e-05 9.998926e-03
60 9.988320e-07 2.316730e-03
61 7.317039e-07 4.175449e-03
62 7.391684e-07 1.254007e-03
63 1.114586e-06 5.479657e-03
64 2.611286e-06 1.178527e-02
65 3.465018e-06 2.635824e-03
66 1.224333e-06 4.781255e-03
67 6.764305e-07 4.776656e-03
68 1.139165e-05 1.062767e-02
69 3.745278e-05 8.540622e-03
70 1.501378e-03 2.742037e-01
71 2.358178e-08 4.412083e-03
72 5.262293e-04 2.757757e-02
73 1.816974e-05 4.026703e-03
74 1.020937e-06 5.709153e-03
75 2.442760e-06 5.575087e-03
76 7.306878e-06 6.254159e-03
77 5.713037e-06 4.331058e-03
78 2.551768e-04 3.940806e-02
79 9.393375e-06 1.128119e-02
80 4.882986e-04 7.894739e-02
81 1.293079e-06 3.124629e-03
82 1.048169e-04 3.810042e-02
83 1.906786e-07 2.522493e-03
84 2.416124e-05 1.356359e-02
85 1.269123e-06 7.698453e-03
86 1.171439e-04 1.433418e-02
87 1.066330e-03 1.678411e-01
88 3.039837e-08 2.772865e-03
89 1.348353e-04 3.182476e-02
90 1.222080e-04 1.177129e-01
91 4.669013e-05 1.589978e-02
92 2.515871e-04 7.107993e-02
93 1.967976e-04 3.735918e-02
94 2.916387e-06 8.942641e-03
95 4.032010e-07 5.370537e-03
96 4.478769e-05 1.073638e-02
97 2.601174e-04 1.481741e-02
98 2.405499e-04 1.375469e-02
99 3.669126e-04 2.980941e-01
100 2.455098e-03 4.926181e-01
101 2.971322e-04 1.053448e-01
102 1.979104e-05 6.152479e-03
103 1.017678e-03 1.928693e-01
104 1.715936e-06 2.465070e-02
105 6.063227e-04 7.463962e-02
106 1.483864e-04 5.618329e-02
107 3.102840e-06 1.202299e-02
108 3.758608e-05 1.098996e-01
109 5.037419e-06 1.206432e-02
110 2.249651e-06 4.226134e-03
111 6.534643e-07 1.078988e-02
112 1.305724e-06 1.955597e-02
113 3.585040e-04 7.998332e-02
114 1.410678e-05 9.654006e-03
115 7.629743e-05 1.861758e-02
116 1.006238e-04 6.571989e-02
117 1.701611e-05 6.855607e-03
118 5.525956e-07 3.685778e-03
119 1.514207e-03 4.020910e-01
120 4.752553e-05 1.893350e-02
121 7.624446e-06 8.903381e-03
122 2.394275e-06 5.120319e-03
123 5.015561e-04 4.357401e-02
124 5.215485e-05 1.262035e-02
125 3.335762e-04 1.390754e-01
126 1.615046e-04 1.176640e-02
127 4.398269e-06 1.145608e-02
128 6.353723e-04 3.606018e-01
129 3.225293e-03 3.365278e-01
130 1.823452e-04 6.810818e-02
131 2.190885e-04 1.374027e-01
132 1.316810e-05 2.777589e-02
133 1.887186e-03 6.983112e-01
134 5.210638e-04 2.694568e-02
135 1.377831e-03 1.599411e-01
136 2.282355e-08 2.286740e-03
137 1.905566e-06 1.292080e-02
138 2.624044e-06 3.914988e-03
139 1.170577e-05 9.208126e-03
140 3.948125e-04 3.403571e-02
141 1.142378e-05 7.347072e-03
142 8.390903e-04 1.131939e-01
143 3.071763e-05 8.404968e-02
144 1.314973e-03 1.899894e-01
145 9.565144e-05 4.649013e-02
146 4.168767e-05 1.279615e-02
147 2.411380e-04 6.160298e-02
148 6.200135e-06 6.030786e-03
149 2.075056e-05 6.974401e-02
150 3.109904e-04 7.216573e-02
151 1.350378e-04 2.917390e-02
152 2.891017e-05 3.457784e-02
153 1.466692e-05 9.740559e-03
154 2.053706e-05 1.403965e-02
155 3.042525e-06 2.922217e-03
156 3.809274e-05 1.364239e-02
157 7.081991e-06 1.301282e-02
158 8.038965e-09 3.779969e-03
159 3.506700e-06 1.775818e-02
160 4.529528e-06 9.532956e-03
161 3.527291e-06 4.847211e-03
162 8.593776e-06 1.676628e-02
163 6.775414e-06 1.664372e-02
164 3.609453e-05 7.252468e-03
165 7.985583e-07 1.675696e-03
166 1.407941e-06 2.149528e-03
167 1.290587e-05 7.501370e-03
168 7.386558e-06 4.718419e-03
169 3.751106e-05 2.269630e-02
170 1.372908e-05 6.296738e-03
171 9.056214e-05 3.963277e-02
172 2.302382e-03 2.319026e-01
173 1.322861e-04 7.245745e-02
174 2.608083e-04 1.497906e-01
175 1.557588e-08 1.262906e-03
176 3.498453e-05 1.248161e-02
177 8.339361e-08 3.185940e-03
178 1.318148e-06 7.762264e-03
179 1.311632e-05 1.189057e-02
180 2.129084e-08 1.276337e-03
181 2.987068e-04 1.027770e-01
182 1.070433e-04 3.069293e-02
183 8.647406e-05 2.706668e-02
184 5.293110e-06 8.331267e-03
185 4.032409e-08 1.522095e-03
186 3.507151e-05 4.817576e-02
187 1.477527e-03 5.363435e-01
188 1.332979e-04 3.615730e-02
189 4.749593e-05 1.321910e-02
190 1.028804e-05 5.273595e-03
191 4.576446e-06 6.828637e-03
192 1.487948e-06 5.799173e-03
193 6.137032e-07 6.266689e-03
194 1.512107e-06 6.061372e-03
195 4.707605e-05 2.179478e-02
196 2.772207e-06 7.884835e-03
197 3.168387e-06 2.109611e-02
198 1.730966e-05 1.350698e-02
199 4.598643e-05 1.665190e-02
200 5.467711e-04 8.178875e-02
201 7.081384e-05 8.600336e-02
202 1.697977e-05 1.338308e-02
203 3.463352e-04 1.783520e-01
204 5.606653e-07 4.014898e-03
205 8.138725e-05 3.768604e-02
206 7.817676e-05 2.123757e-02
207 1.213477e-05 3.193080e-02
208 1.104954e-04 8.812863e-02
209 8.889042e-04 7.234979e-02
210 4.607892e-05 5.576892e-02
211 2.706197e-03 1.093514e-01
212 2.144648e-06 4.918671e-03
213 1.643911e-05 1.525674e-02
214 1.146646e-05 1.321930e-02
215 1.341909e-06 1.234541e-02
216 3.078713e-05 3.724878e-02
217 1.045536e-06 2.720797e-03
218 2.014988e-06 4.629310e-03
219 7.612443e-07 2.486366e-03
220 7.208334e-04 2.209680e-01
221 1.456047e-06 5.623445e-03
222 1.446085e-04 3.537593e-02
223 1.984411e-04 8.001201e-02
224 2.181216e-07 2.294155e-03
225 2.890269e-07 3.221140e-03
226 1.962169e-06 1.175355e-02
227 8.976975e-07 4.217939e-03
228 7.041724e-06 5.778509e-03
229 5.617311e-06 1.791754e-02
230 1.133393e-03 2.746349e-01
231 5.263372e-08 2.041631e-03
232 2.602871e-03 5.651635e-01
233 3.342146e-06 9.324925e-03
234 6.198669e-06 4.874203e-03
235 1.336236e-07 7.402166e-03
236 2.101571e-04 3.393736e-02
237 8.359464e-04 1.941094e-01
238 5.802005e-07 5.053479e-03
239 2.148370e-05 9.362844e-03
240 3.950444e-05 6.751229e-02
241 6.197048e-04 4.332610e-01
242 9.097548e-05 3.071044e-02
243 1.232759e-06 4.449213e-03
244 8.043153e-08 1.871218e-03
245 5.240218e-08 1.278499e-03
246 3.498026e-04 1.023658e-01
247 9.866648e-04 6.963987e-02
248 6.759779e-04 2.151752e-01
249 1.694018e-03 2.561523e-01
250 9.244269e-04 1.503742e-01
251 2.505238e-08 1.292436e-03
252 5.713070e-07 8.729974e-03
253 1.792789e-06 4.181008e-03
254 6.363278e-05 1.961494e-02
255 2.042322e-06 8.639052e-03
256 9.113722e-08 2.436057e-03
257 2.591639e-06 5.126884e-03
258 3.329273e-04 5.275454e-02
259 1.369279e-07 1.442597e-03
260 1.441445e-05 9.654980e-03
261 1.997562e-05 7.841078e-03
262 8.344146e-07 1.652745e-03
263 2.872088e-05 4.642517e-03
264 7.834683e-06 2.915950e-02
265 7.077063e-05 7.397481e-02
266 3.241559e-06 1.184155e-02
267 2.877961e-06 1.963339e-02
268 2.210871e-05 6.951375e-03
269 6.716710e-04 1.292848e-01
270 4.733322e-08 3.603607e-03
271 1.981697e-05 1.731353e-02
272 1.108790e-05 1.043048e-02
273 1.817194e-04 1.006518e-01
274 2.918331e-08 1.878517e-03
275 3.207398e-04 4.318606e-02
276 9.535325e-06 1.811442e-02
277 6.084516e-08 4.008007e-03
278 2.963978e-04 8.433073e-02
279 9.553889e-06 4.981709e-03
280 4.610303e-04 5.155177e-02
281 6.977906e-04 9.138084e-02
282 5.447501e-07 2.068052e-03
283 5.782313e-06 6.576218e-03
284 2.587247e-07 4.735687e-03
285 6.852903e-06 9.055352e-03
286 2.590124e-06 5.972741e-03
287 2.614435e-07 5.065233e-03
288 4.201588e-07 2.189950e-03
289 1.615327e-03 2.431886e-01
290 6.166008e-09 1.421095e-03
291 4.869346e-06 1.745127e-02
292 1.040235e-03 3.121580e-01
293 8.410256e-06 5.445825e-03
294 2.136801e-07 4.354543e-03
295 1.070914e-07 1.779939e-02
296 1.311505e-04 1.183020e-01
297 3.734351e-06 1.721411e-02
298 2.609959e-06 5.427296e-03
299 6.762520e-07 4.230975e-03
300 3.161160e-06 1.522491e-02
301 3.429407e-04 2.983836e-01
302 1.554971e-07 3.557407e-03
303 4.630504e-06 2.016053e-02
304 8.737500e-04 6.786850e-02
305 1.174604e-04 1.266155e-02
306 3.000829e-05 1.775689e-02
307 1.815404e-03 1.829575e-01
308 8.650238e-07 1.082246e-02
309 9.431057e-04 1.729102e-01
310 6.378928e-05 1.815811e-02
311 4.138021e-05 1.179808e-02
312 1.443205e-05 4.885322e-03
313 2.808752e-03 5.805989e-01
314 5.118410e-06 3.136363e-03
315 2.957549e-07 4.741682e-03
316 2.775764e-03 4.113875e-01
317 1.522006e-03 2.087756e-01
318 5.737106e-04 1.725570e-01
319 7.219240e-04 7.028714e-02
320 1.101875e-04 3.624523e-02
321 1.705504e-03 3.057795e-01
322 1.569431e-08 6.873958e-03
323 1.457654e-04 2.536278e-02
324 1.448518e-06 5.348824e-03
325 2.756905e-07 5.295150e-03
326 2.746356e-05 4.463269e-02
327 4.174628e-03 5.558068e-01
328 1.006779e-03 1.330743e-01
329 1.667502e-03 2.101638e-01
330 2.772302e-05 9.470614e-03
331 7.271520e-05 2.633881e-02
332 1.165546e-03 2.254220e-01
333 6.755660e-07 1.666078e-02
334 6.209230e-05 4.687527e-02
335 1.424519e-07 2.165050e-03
336 1.578461e-05 9.894664e-03
337 9.320778e-06 1.319703e-02
338 2.511721e-04 6.066908e-02
339 5.477207e-04 1.752940e-01
340 5.351871e-06 1.381656e-02
341 1.133458e-06 1.022626e-02
342 3.056912e-05 5.832286e-03
343 8.461437e-06 3.880095e-02
344 7.455939e-05 1.185826e-02
345 2.458517e-03 5.397460e-01
346 2.980426e-03 2.265055e-01
347 7.899062e-07 4.174225e-03
348 2.173861e-04 3.759558e-02
349 7.152598e-06 7.256638e-03
350 1.251397e-06 3.046550e-03
351 2.942798e-03 6.373915e-01
352 1.028435e-04 2.114992e-01
353 8.000841e-08 1.281110e-03
354 5.315864e-04 1.171831e-01
355 4.074852e-05 2.218313e-02
356 3.492974e-03 2.525321e-01
357 1.285959e-03 9.451498e-02
358 6.428729e-06 4.627044e-03
359 4.502175e-06 1.182475e-02
360 1.751292e-04 1.073353e-01
361 1.986524e-03 1.289157e-01
362 3.498701e-04 4.234297e-02
363 2.029268e-04 3.117633e-02
364 2.137415e-05 5.055848e-02
365 1.605032e-05 3.949113e-02
366 7.777768e-06 2.040598e-02
367 2.157320e-06 1.694810e-02
368 2.531872e-06 1.175944e-02
369 8.084076e-06 1.141159e-02
370 1.712496e-05 1.706883e-02
371 3.193751e-05 8.555709e-02
372 3.416468e-06 3.661236e-02
373 5.663998e-04 5.012705e-02
374 1.193365e-07 6.327562e-03
375 5.513132e-07 1.414238e-03
376 1.758950e-06 3.601493e-03
377 2.294015e-03 2.977171e-01
378 6.666697e-05 1.840538e-02
379 1.840236e-05 5.026950e-03
380 1.978902e-05 1.910423e-02
381 3.748713e-03 4.109290e-01
382 3.493938e-05 1.105566e-02
383 4.636875e-04 1.243050e-01
384 7.320835e-05 1.725458e-02
385 1.816210e-03 3.942149e-01
386 9.893175e-05 1.047909e-02
387 1.222415e-05 1.970099e-02
388 1.117807e-06 4.007506e-03
389 2.502569e-06 1.057945e-02
390 1.960639e-08 4.436624e-03
391 1.349387e-04 2.194497e-02
392 1.716423e-05 2.734907e-02
393 1.393409e-08 2.652507e-03
394 2.796102e-03 5.269024e-01
395 3.919266e-07 1.760180e-03
396 3.689569e-05 3.649098e-02
397 2.187722e-05 2.094253e-02
398 4.253778e-08 2.557629e-03
399 3.843131e-06 8.874735e-03
400 6.066428e-03 1.158949e+00
401 5.663071e-05 2.423493e-02
402 2.135395e-03 4.299115e-01
403 1.769393e-05 2.966034e-02
404 1.177043e-05 2.514969e-02
405 3.031369e-06 4.909708e-03
406 8.543798e-05 2.563228e-01
407 2.442435e-04 8.698983e-02
408 3.696345e-03 4.321658e-01
409 7.395907e-05 7.920218e-02
410 3.960898e-06 1.457259e-02
411 1.172940e-04 2.051032e-02
412 3.976419e-06 1.149670e-02
413 3.202935e-03 3.238959e-01
414 6.519449e-05 1.067042e-02
415 4.815300e-07 1.940516e-03
416 5.934305e-05 1.173400e-01
417 2.184452e-06 2.456530e-03
418 1.503992e-03 2.310455e-01
419 1.812580e-03 5.415351e-01
420 2.536376e-05 8.834700e-03
421 7.257369e-05 1.515383e-02
422 1.458521e-05 2.733614e-02
423 2.257911e-05 1.080909e-02
424 3.274139e-04 5.352770e-02
425 1.865843e-05 9.912974e-03
426 2.258387e-07 3.743968e-03
427 4.151735e-04 1.428448e-01
428 1.050095e-04 2.556746e-02
429 1.126454e-03 2.032869e-01
430 4.090331e-07 1.658354e-03
431 1.293347e-07 4.149918e-03
432 3.759541e-04 1.159702e-01
433 3.213244e-08 1.253797e-03
434 1.711706e-06 5.098920e-03
435 2.184477e-06 5.310558e-03
436 8.288162e-08 2.352523e-03
437 3.428263e-04 1.101082e-01
438 3.971218e-07 5.822196e-03
439 1.458057e-06 4.519200e-03
440 1.873709e-06 4.275858e-03
441 1.451458e-05 3.927694e-02
442 1.616157e-06 6.728222e-03
443 1.661606e-06 5.113418e-03
444 4.031671e-05 4.365982e-02
445 1.369041e-04 8.083838e-02
446 8.977114e-06 1.665308e-02
447 3.257991e-07 2.472065e-03
448 9.996892e-07 2.530188e-03
449 9.803860e-07 2.356522e-03
450 3.044620e-06 3.570213e-03
451 5.855274e-07 1.299366e-03
452 1.108531e-05 1.094410e-02
453 1.168731e-05 4.468470e-03
454 4.934537e-05 3.089167e-02
455 3.195945e-04 7.400279e-02
456 5.735301e-07 5.585887e-03
457 9.030506e-05 2.601544e-02
458 2.786154e-04 4.936524e-02
459 1.514430e-04 4.501377e-02
460 2.387917e-06 3.650444e-03
461 2.481480e-05 3.560208e-02
462 1.081468e-03 2.121607e-01
463 3.704369e-05 6.411680e-02
464 2.275512e-05 6.040234e-03
465 1.790621e-07 1.823872e-03
466 8.537092e-08 2.723533e-03
467 2.728126e-03 2.390888e-01
468 6.015409e-08 5.932766e-03
469 6.327865e-04 6.476707e-02
470 1.342504e-05 1.676672e-02
471 9.704963e-05 2.884003e-02
472 1.210684e-05 5.258682e-03
473 2.226946e-05 1.333021e-02
474 2.981873e-06 4.246758e-03
475 8.235597e-05 2.985759e-02
476 3.651950e-08 2.274275e-03
477 3.086514e-04 5.090162e-02
478 1.532899e-08 3.580881e-03
479 3.547784e-08 1.838536e-03
480 3.046008e-05 1.253729e-02
481 1.544510e-06 8.114153e-03
482 9.257622e-04 1.728999e-01
483 4.309607e-08 1.190387e-03
484 1.413220e-07 1.937480e-03
485 1.263346e-04 8.393749e-02
486 1.916546e-06 5.179270e-03
487 1.059582e-04 8.407672e-02
488 3.764143e-06 6.329874e-03
489 2.621708e-05 1.093181e-02
490 1.535338e-05 4.633305e-02
491 3.520116e-06 1.056122e-02
492 1.614153e-05 4.542928e-03
493 3.273314e-07 2.341050e-03
494 5.590635e-04 4.446960e-02
495 7.038868e-04 1.251370e-01
496 4.346986e-05 1.855123e-01
497 3.921457e-04 1.180326e-01
498 2.227439e-05 4.028517e-02
499 1.290717e-05 8.110761e-03
500 2.957597e-07 9.711335e-03
501 3.538720e-03 4.342362e-01
502 1.415782e-05 1.856019e-02
503 1.722356e-04 4.824172e-02
504 5.187922e-03 4.564862e-01
505 2.659529e-06 6.141770e-03
506 2.661804e-06 1.290365e-02
507 5.037853e-06 9.511203e-03
508 2.656256e-05 1.336502e-02
509 1.194790e-03 3.117877e-01
510 1.831664e-06 9.833711e-03
511 1.196012e-06 4.810071e-03
512 3.497190e-07 2.026971e-03
513 1.075563e-04 3.054039e-02
514 5.267602e-07 1.966535e-02
515 6.516355e-05 5.680754e-02
516 9.414806e-05 5.958032e-02
517 8.929088e-06 7.078684e-03
518 3.536206e-07 4.526898e-03
519 2.739796e-06 1.062667e-02
520 6.878169e-08 1.500473e-03
521 2.624928e-05 2.733323e-02
522 1.398162e-06 3.253260e-03
523 1.417617e-06 7.852770e-03
524 1.473838e-04 5.951778e-02
525 3.989102e-04 6.944872e-02
526 8.102755e-06 1.635143e-02
527 3.659087e-04 1.454686e-01
528 1.324109e-03 4.984261e-02
529 9.636348e-04 1.155565e-01
530 2.838253e-04 2.356779e-02
531 2.838706e-09 1.574051e-03
532 2.201204e-06 9.511878e-03
533 1.183421e-06 2.705996e-03
534 8.933627e-05 8.589562e-02
535 9.609894e-04 2.257582e-01
536 1.550376e-04 4.220573e-02
537 1.058255e-03 2.400833e-01
538 3.691637e-05 9.399262e-02
539 5.150492e-05 5.102696e-02
540 1.105341e-05 2.795879e-02
541 2.559021e-03 4.979629e-01
542 2.516781e-05 1.049779e-02
543 2.043790e-05 3.694001e-03
544 1.428990e-04 6.373862e-02
545 1.686737e-06 9.462113e-03
546 8.249296e-06 1.410824e-02
547 4.566699e-05 4.625236e-02
548 6.173610e-05 1.457274e-02
549 1.513689e-05 2.831348e-02
550 3.673166e-08 5.836732e-03
551 1.188485e-04 9.504260e-03
552 6.837917e-07 2.617439e-03
553 3.259614e-06 7.142703e-03
554 5.282601e-08 3.019291e-03
555 5.365285e-05 6.915375e-02
556 6.311066e-06 7.164107e-03
557 1.122301e-04 7.011696e-02
558 1.361240e-06 8.114427e-03
559 1.913941e-04 4.206949e-02
560 3.236155e-07 3.340671e-03
561 1.055318e-05 3.269408e-02
562 1.355233e-06 1.704495e-03
563 8.474021e-03 1.042540e+00
564 4.010129e-03 5.726068e-01
565 4.605367e-06 3.467787e-03
566 5.161334e-05 1.766205e-02
567 2.766004e-05 4.740827e-02
568 2.196636e-04 8.063268e-02
569 6.252746e-06 9.697215e-03
570 6.062485e-05 4.652575e-02
571 3.016924e-04 3.948472e-02
572 1.693567e-04 5.218894e-02
573 1.931935e-04 6.903061e-02
574 4.034649e-06 5.237498e-03
575 9.610336e-07 4.020618e-03
576 5.001783e-06 8.915674e-03
577 7.041444e-08 2.685421e-03
578 2.356256e-06 3.809314e-03
579 6.118891e-05 1.515416e-02
580 1.255649e-06 5.882164e-03
581 1.979877e-04 6.762652e-02
582 6.482040e-06 1.485592e-02
583 1.892370e-03 4.102626e-01
584 1.627631e-04 6.112036e-02
585 9.295116e-05 4.291945e-02
586 2.703808e-04 5.472311e-02
587 1.483864e-05 1.167756e-02
588 3.127216e-05 5.528346e-02
589 1.114005e-04 1.620822e-02
590 2.128792e-06 1.221410e-02
591 1.043485e-05 2.620944e-02
592 3.648307e-03 3.852839e-01
593 6.981920e-06 9.027138e-03
594 1.476395e-04 8.042229e-02
595 1.821554e-06 5.461414e-03
596 1.775801e-07 1.363961e-03
597 1.433111e-06 2.208049e-03
598 3.435444e-05 3.807389e-02
599 7.946129e-06 1.588875e-02
600 9.316665e-06 4.616919e-03
601 1.368871e-06 4.152001e-03
602 3.190987e-05 2.083262e-02
603 9.051266e-05 2.575387e-02
604 2.679643e-07 2.056604e-03
605 8.089631e-04 9.386803e-02
606 3.536162e-04 2.956553e-02
607 1.723500e-06 5.161722e-03
608 4.285495e-05 1.242681e-02
609 8.341702e-06 1.389591e-02
610 1.527807e-05 1.485670e-02
611 4.477801e-07 2.508887e-03
612 7.146467e-06 3.469059e-02
613 1.000185e-07 5.328842e-03
614 3.256708e-06 5.362955e-03
615 5.335213e-08 5.938716e-03
616 2.265425e-04 2.322949e-02
617 2.163267e-06 1.367323e-02
618 2.437613e-07 8.376479e-03
619 5.486440e-06 6.246894e-03
620 7.064999e-07 3.824026e-03
621 9.167381e-07 3.358987e-03
622 1.437313e-03 1.466628e-01
623 1.038352e-05 1.486358e-02
624 1.096500e-06 4.243987e-03
625 1.763604e-06 1.167044e-02
626 2.086829e-06 6.199364e-03
627 8.744624e-07 3.580159e-03
628 5.856562e-05 2.574005e-02
629 1.079748e-06 1.965100e-03
630 2.994959e-05 1.111553e-02
631 7.458901e-06 1.054770e-02
632 1.069319e-07 1.251919e-03
633 4.362139e-04 2.667936e-01
634 2.100561e-05 2.080423e-02
635 2.200026e-06 8.574584e-03
636 6.968170e-06 2.091983e-02
637 2.169111e-06 1.150941e-02
638 2.931751e-07 2.167483e-03
639 3.064225e-07 1.575922e-03
640 6.552846e-07 2.426978e-03
641 1.229134e-07 1.519365e-03
642 2.293256e-06 5.264910e-03
643 5.259508e-05 7.590634e-02
644 4.771458e-04 8.185886e-02
645 5.048050e-05 3.526582e-02
646 1.663561e-06 1.403287e-02
647 8.307188e-06 5.507549e-03
648 6.762393e-05 3.066734e-02
649 1.200990e-03 3.255299e-01
650 5.452351e-06 4.492385e-03
651 1.424873e-06 8.384086e-03
652 1.246002e-04 3.909221e-02
653 2.310679e-07 4.768586e-03
654 3.458727e-06 4.686082e-03
655 2.291624e-06 8.897895e-03
656 3.627897e-07 2.773435e-03
657 1.466539e-04 2.038446e-02
658 1.200541e-03 5.473946e-02
659 3.760356e-05 1.530062e-02
660 4.020678e-04 9.439532e-02
661 5.922838e-07 5.460822e-03
662 1.463494e-03 1.117323e-01
663 4.555176e-03 5.616048e-01
664 9.346167e-05 4.570302e-02
665 8.366203e-06 8.954736e-03
666 1.094239e-05 1.169560e-02
667 1.522014e-04 7.954882e-03
668 1.686092e-03 1.138640e-01
669 1.025182e-03 8.263764e-02
670 2.747380e-07 9.325587e-03
671 9.532956e-06 1.867701e-02
672 9.974284e-06 2.457063e-02
673 9.299251e-06 1.000081e-02
674 5.657269e-07 2.060835e-03
675 1.690405e-04 1.273047e-01
676 3.068240e-06 5.408125e-03
677 2.964883e-09 1.338821e-03
678 1.298405e-05 5.629264e-03
679 5.164784e-04 1.139095e-01
680 2.940899e-04 2.826749e-02
681 3.159853e-04 5.548877e-02
682 4.626417e-05 9.530562e-03
683 1.042821e-05 2.972329e-02
684 2.616628e-05 1.721595e-02
685 6.067791e-08 2.168059e-03
686 6.543832e-06 1.803792e-02
687 1.078366e-03 3.609476e-01
688 2.793347e-05 2.354364e-02
689 2.294683e-06 1.006690e-02
690 1.791117e-07 2.007207e-03
691 1.065541e-03 7.725828e-02
692 1.048852e-06 2.843519e-03
693 1.901408e-05 1.912620e-02
694 2.994616e-04 6.249684e-02
695 9.755603e-04 2.018114e-01
696 1.117425e-03 4.820964e-01
697 7.790581e-06 7.625249e-03
698 1.315004e-04 1.231180e-01
699 5.937997e-08 1.527324e-03
700 2.101447e-05 4.063946e-02
701 4.422110e-05 1.673899e-02
702 9.949104e-08 1.230463e-03
703 3.284633e-07 3.996436e-03
704 1.848561e-09 1.311451e-03
705 1.417740e-03 7.357748e-02
706 3.841429e-07 1.710009e-03
707 2.624048e-04 4.003481e-02
708 3.107786e-09 4.995750e-03
709 8.391006e-09 2.938952e-03
710 6.590902e-07 6.177806e-03
711 2.828297e-08 1.203879e-03
712 2.569525e-06 4.607136e-03
713 3.050294e-07 6.406096e-03
714 2.347012e-08 2.449552e-03
715 1.072911e-05 1.384667e-02
716 1.060350e-04 1.584044e-02
717 6.306295e-07 5.279558e-03
718 1.714923e-09 2.642188e-03
719 1.690036e-03 3.017991e-01
720 1.640858e-09 1.188217e-03
721 4.059397e-05 4.608451e-03
722 1.215097e-08 2.732150e-03
723 1.802775e-06 1.609439e-02
724 1.043709e-06 3.375871e-03
725 1.337293e-08 1.464067e-03
726 2.817671e-04 3.211959e-02
727 8.048479e-08 4.367278e-03
728 6.080825e-06 7.631429e-03
729 6.526955e-07 7.298345e-03
730 9.847395e-07 2.714798e-03
731 2.168269e-04 7.191683e-02
732 2.140375e-09 1.364428e-03
733 3.094390e-11 9.157489e-04
734 6.397576e-07 2.944254e-03
735 4.054717e-07 3.383712e-03
736 4.869139e-05 1.486393e-02
737 7.798431e-09 1.363170e-03
738 1.011661e-04 7.656089e-02
739 6.190535e-07 3.501240e-03
740 1.094201e-04 1.998002e-02
741 5.289450e-06 8.311802e-03
742 8.869086e-05 1.690118e-02
743 2.557897e-03 4.181017e-01
744 2.723073e-08 2.637733e-03
745 3.340918e-07 2.518087e-03
746 1.295018e-05 1.214675e-02
747 4.930622e-04 1.718308e-02
748 5.467776e-04 4.855405e-02
749 1.819325e-04 1.651319e-01
750 4.451353e-06 6.674988e-03
751 9.187321e-06 1.151192e-02
752 1.862070e-07 1.947410e-03
753 5.203987e-08 2.980241e-03
754 1.210487e-04 8.673684e-02
755 2.870379e-05 1.818962e-02
756 1.406746e-04 2.327480e-02
757 4.471941e-08 1.515644e-03
758 9.935342e-05 1.585996e-02
759 5.588556e-05 1.689033e-02
760 5.688762e-07 2.243683e-03
761 8.506055e-05 1.566266e-02
762 4.720936e-05 1.298235e-02
763 5.444436e-08 1.963673e-03
764 1.161811e-06 9.765570e-03
765 3.815986e-09 1.044119e-02
766 1.244267e-06 5.393848e-03
767 2.291629e-06 5.728131e-03
768 8.530985e-05 1.484078e-02
769 4.746775e-06 7.051208e-03
770 4.333253e-04 4.686113e-02
771 6.502446e-06 3.606745e-03
772 5.234721e-09 1.549931e-03
773 1.999960e-07 1.602908e-02
774 2.246688e-07 1.944209e-03
775 4.333816e-05 7.294498e-02
776 1.323820e-04 5.076047e-02
777 1.105107e-04 2.553659e-02
778 1.006403e-05 2.154574e-02
779 1.217735e-03 7.339387e-02
780 4.404124e-05 1.098577e-02
781 6.706553e-05 2.997657e-02
782 3.728720e-06 3.731107e-03
783 2.052179e-05 7.935668e-03
784 1.721227e-06 6.011653e-03
785 3.148711e-04 1.914058e-02
786 4.089022e-05 2.026483e-02
787 8.379407e-05 1.500071e-02
788 3.646349e-05 1.832898e-02
789 3.301422e-08 1.347454e-03
790 1.107635e-03 1.020395e-01
791 1.132531e-04 9.329017e-03
792 1.621587e-06 4.660152e-03
793 1.204414e-05 8.575960e-03
794 4.594134e-06 4.811215e-03
795 1.465520e-03 5.073535e-01
796 1.774553e-07 3.127677e-03
797 6.502349e-04 1.777746e-01
798 1.801155e-03 2.864114e-01
799 4.767083e-06 3.941216e-03
800 2.293126e-04 2.890852e-02
801 1.141009e-06 4.098629e-03
802 1.001570e-04 3.720368e-02
803 2.918572e-04 8.006813e-02
804 3.046679e-05 1.527900e-02
805 9.869305e-07 4.001200e-03
806 1.582653e-03 1.179871e-01
807 1.219070e-04 5.190279e-02
808 3.305804e-06 3.533134e-03
809 2.768995e-04 2.273642e-01
810 7.974857e-05 8.402603e-03
811 1.333436e-05 2.607544e-02
812 9.947666e-07 6.810015e-03
813 4.337907e-06 5.685786e-03
814 4.809386e-05 9.492027e-03
815 6.128770e-05 2.473765e-02
816 5.889828e-04 1.092152e-01
817 2.612546e-03 3.686486e-01
818 1.451201e-06 3.555310e-03
819 1.387508e-04 9.118984e-02
820 1.449800e-04 3.780297e-02
821 3.127032e-05 2.556115e-02
822 1.367861e-07 3.554753e-03
823 1.411841e-06 9.294014e-03
824 1.115336e-05 2.571836e-02
825 8.171099e-05 2.561599e-02
826 2.750341e-05 7.574352e-03
827 1.055206e-05 4.716876e-03
828 7.445017e-05 3.016758e-02
829 1.696129e-05 1.353872e-02
830 1.631587e-03 1.593106e-01
831 7.734272e-05 8.637925e-03
832 1.259544e-05 6.892213e-03
833 1.003485e-05 2.107344e-02
834 1.142709e-05 2.103929e-02
835 1.499779e-07 2.247339e-03
836 1.255257e-08 1.025925e-03
837 9.355458e-06 1.458271e-02
838 2.761192e-05 4.092697e-03
839 1.256714e-05 1.480736e-02
840 1.561458e-05 3.506237e-02
841 1.134363e-04 2.614795e-02
842 1.077160e-03 2.952207e-01
843 3.851934e-05 2.271453e-02
844 7.910490e-06 3.520986e-02
845 6.563553e-06 3.245757e-02
846 3.150567e-04 2.153636e-02
847 1.385564e-04 1.252981e-02
848 7.635689e-04 7.817274e-02
849 1.293764e-06 5.719887e-03
850 5.627890e-03 6.489002e-01
851 5.848802e-05 1.192695e-02
852 7.204926e-04 1.741965e-01
853 2.838945e-03 1.821069e-01
854 1.593936e-04 7.138383e-02
855 8.948092e-04 1.344458e-01
856 8.114981e-05 3.264177e-02
857 5.740348e-04 1.963683e-01
858 9.648764e-06 1.953015e-02
859 8.010655e-08 3.861280e-03
860 4.472144e-05 3.752954e-02
861 2.857230e-08 1.639048e-03
862 3.921752e-05 1.848737e-02
863 5.048701e-04 4.592815e-02
864 7.984235e-06 7.374632e-03
865 7.993107e-04 7.023115e-02
866 9.273600e-04 1.281231e-01
867 3.409819e-03 4.216222e-01
868 3.587775e-06 6.263710e-03
869 6.979123e-06 3.227854e-02
870 6.358411e-05 4.064123e-02
871 4.843968e-05 2.619163e-02
872 1.406283e-03 1.966421e-01
873 2.110703e-05 6.844525e-02
874 2.696530e-03 1.262175e-01
875 8.436726e-06 5.605238e-03
876 1.700700e-09 1.062580e-03
877 6.492723e-07 9.344369e-03
878 9.981728e-04 2.072556e-01
879 2.473965e-04 6.691219e-02
880 9.697145e-06 1.013050e-02
881 3.693267e-08 2.289463e-03
882 1.065065e-04 5.534638e-02
883 2.727161e-03 3.972825e-01
884 3.336189e-04 6.583230e-02
885 3.201099e-04 6.161883e-02
886 2.437609e-07 7.833035e-03
887 1.230126e-06 1.325938e-02
888 2.961938e-06 1.237671e-02
889 3.921269e-06 2.282614e-02
890 1.964697e-06 2.311755e-02
891 8.496624e-04 1.969953e-01
892 1.142273e-07 2.850653e-03
893 6.488654e-05 3.606793e-02
894 4.379010e-06 6.161442e-03
895 3.320822e-04 6.702359e-02
896 4.027358e-06 5.435076e-02
897 3.921042e-04 5.639021e-02
898 1.464646e-05 8.241652e-03
899 4.109264e-06 1.390879e-02
900 5.448487e-06 1.605359e-02
901 1.955867e-04 7.227744e-02
902 1.236068e-06 2.090576e-03
903 3.681618e-05 3.255556e-02
904 5.921509e-07 2.105826e-02
905 8.845124e-08 6.659716e-03
906 5.324883e-07 8.172145e-03
907 1.236852e-07 2.059628e-03
908 2.678992e-07 8.972885e-03
909 1.184137e-05 2.535429e-02
910 3.120416e-05 2.629729e-02
911 4.044303e-07 2.114315e-02
912 4.201713e-06 1.029433e-02
913 4.772188e-07 3.385738e-03
914 5.296284e-07 7.498826e-03
915 2.599059e-04 5.029548e-02
916 2.718670e-08 2.826331e-03
917 5.991451e-08 2.390807e-03
918 1.570908e-07 2.633821e-03
919 8.036439e-05 1.591310e-01
920 9.330847e-08 6.482527e-03
921 7.725628e-06 3.648372e-03
922 3.068562e-06 1.617370e-02
923 3.073987e-08 5.131477e-03
924 1.227361e-03 1.792235e-01
925 1.959395e-04 5.282407e-02
926 4.631748e-05 3.480238e-02
927 1.462425e-04 1.163666e-01
928 1.690389e-05 4.310366e-02
929 3.064581e-04 1.157532e-01
930 4.152691e-05 3.588329e-02
931 3.810629e-06 1.189013e-02
932 7.381103e-05 4.125298e-02
933 4.152654e-08 2.970556e-03
934 1.154250e-05 8.126220e-03
935 8.914505e-07 3.551472e-03
936 4.670331e-05 2.681201e-02
937 2.590184e-08 5.814648e-03
938 3.697614e-08 2.374215e-03
939 3.655874e-06 9.851510e-03
940 4.981095e-05 9.081026e-02
941 3.362711e-07 3.325368e-03
942 2.005320e-04 1.208701e-01
943 4.146127e-05 2.039844e-02
944 4.750718e-10 1.972708e-03
945 5.222707e-05 2.181350e-02
946 4.851017e-08 2.221937e-03
947 1.487056e-05 1.863015e-02
948 5.262094e-08 1.517974e-03
949 1.486215e-05 1.684870e-02
950 3.090299e-04 7.764881e-02
951 3.921895e-07 3.012379e-02
952 3.939131e-05 3.815621e-02
953 8.108279e-09 2.418258e-03
954 2.253302e-05 3.453626e-02
955 4.654421e-06 4.135830e-03
956 4.894640e-05 1.621591e-02
957 9.555911e-05 2.693241e-02
958 1.792581e-04 2.379235e-02
959 1.350231e-05 2.006550e-02
960 3.235288e-08 2.433326e-03
961 1.066745e-07 9.510719e-03
962 2.381149e-07 1.074600e-02
963 5.719266e-07 3.511544e-03
964 1.241233e-06 1.903341e-03
965 1.066952e-03 5.668415e-02
966 1.132604e-04 1.023810e-02
967 1.977910e-06 7.814804e-03
968 1.385680e-04 3.062293e-02
969 2.944760e-04 7.482671e-02
970 3.161037e-05 1.724950e-02
971 5.731847e-06 7.248279e-03
972 7.598803e-05 3.526614e-02
973 9.066161e-06 7.953639e-03
974 4.722328e-05 6.596606e-03
975 8.330711e-05 8.318072e-02
976 3.112064e-04 2.537584e-01
977 3.372631e-05 1.129608e-02
978 3.142490e-05 2.325161e-02
979 7.319298e-07 2.907428e-03
980 1.047879e-05 2.047544e-02
981 7.801252e-05 1.789081e-02
982 2.682610e-07 1.376580e-03
983 4.563193e-07 3.783778e-03
984 7.668032e-06 1.921648e-02
985 5.301799e-05 5.866262e-02
986 4.335980e-04 2.785496e-01
987 6.744320e-07 6.169654e-03
988 3.859735e-07 2.060520e-03
989 4.034498e-04 3.155884e-02
990 4.419322e-07 2.250439e-03
991 2.793729e-03 3.837387e-01
992 2.634012e-06 6.522139e-03
993 1.419408e-05 9.153717e-03
994 1.318771e-09 1.343326e-03
995 2.681054e-06 1.492391e-02
996 2.447418e-03 3.694979e-01
997 4.710642e-06 7.668790e-03
998 2.321642e-06 3.702542e-03
999 1.422111e-04 1.965053e-02
1000 2.194527e-09 1.344481e-03
1001 3.016945e-06 8.894096e-03
1002 7.396222e-05 9.131690e-02
1003 8.774215e-05 1.893404e-02
1004 1.008448e-05 3.443031e-02
1005 4.080283e-06 2.073823e-03
1006 5.438516e-05 1.257536e-01
1007 3.800012e-07 3.000131e-03
1008 1.983446e-04 1.561901e-02
1009 3.942960e-07 1.977363e-03
1010 8.905451e-05 1.650881e-02
1011 3.216357e-07 1.727632e-02
1012 2.678051e-04 2.422560e-01
1013 1.459581e-05 1.178917e-02
1014 1.708536e-05 7.798079e-03
1015 2.173577e-05 3.039655e-02
1016 3.535841e-05 1.319983e-02
1017 1.603996e-03 2.375511e-01
1018 7.169203e-05 9.449141e-02
1019 1.274555e-08 1.929324e-03
1020 3.457611e-07 1.102399e-02
1021 4.939174e-06 1.350982e-02
1022 2.090297e-08 1.414197e-03
1023 6.354782e-06 1.721553e-02
1024 1.907052e-05 9.952126e-03
1025 2.142175e-08 1.526726e-03
1026 4.890277e-09 1.937656e-03
1027 2.012265e-05 9.462846e-03
1028 9.722666e-05 9.024019e-02
1029 4.087121e-06 5.930343e-03
1030 7.614125e-07 3.039917e-03
1031 5.556155e-06 9.505163e-03
1032 1.404171e-03 2.502989e-01
1033 6.583088e-08 1.549819e-03
1034 1.197791e-04 2.299887e-02
1035 1.331024e-05 1.314551e-02
1036 6.788895e-04 1.097617e-01
1037 1.007509e-07 3.020212e-03
1038 1.053435e-06 3.012971e-03
1039 1.410625e-05 8.659354e-03
1040 2.993899e-07 3.088946e-03
1041 2.502469e-03 2.230756e-01
1042 5.885236e-06 7.475042e-03
1043 2.350298e-08 1.238625e-03
1044 2.258361e-06 3.502018e-03
1045 5.644147e-08 2.383747e-03
1046 2.069490e-10 1.277341e-03
1047 1.759405e-08 1.278821e-03
1048 8.970083e-07 4.672903e-03
1049 1.009256e-07 1.161159e-03
1050 4.506874e-03 5.476583e-01
1051 1.740686e-04 4.108066e-02
1052 2.877336e-06 2.754974e-03
1053 1.597197e-05 8.589654e-03
1054 5.311644e-08 1.866481e-03
1055 1.516727e-08 1.156331e-03
1056 1.673481e-06 8.686804e-03
1057 1.847354e-05 1.247636e-02
1058 1.993333e-07 1.558103e-03
1059 2.622631e-04 4.725966e-02
1060 1.561432e-08 1.475076e-03
1061 1.849881e-06 2.829925e-03
1062 4.997586e-09 1.140263e-03
1063 1.210847e-05 2.477389e-02
1064 7.636536e-05 4.701211e-02
1065 1.918244e-08 1.807577e-03
1066 6.968378e-08 1.186890e-03
1067 8.631609e-06 1.307757e-02
1068 4.253476e-07 1.771373e-03
1069 2.001609e-06 2.811048e-03
1070 2.370454e-08 1.191538e-03
1071 2.135636e-06 1.836264e-03
1072 5.965282e-07 2.530876e-03
1073 1.434007e-07 1.337473e-03
1074 8.495340e-08 1.903355e-03
1075 5.439037e-07 3.706671e-03
1076 4.403319e-06 4.017684e-03
1077 4.698220e-06 5.240542e-03
1078 1.250279e-05 1.264867e-02
1079 9.367000e-07 4.458003e-03
1080 1.233554e-04 4.912701e-02
1081 5.609577e-05 4.977487e-02
1082 2.013241e-06 3.557876e-03
1083 7.149764e-06 4.643837e-03
1084 2.361315e-08 1.204074e-03
1085 6.602212e-07 1.780651e-03
1086 1.099561e-06 2.965174e-03
1087 1.735716e-07 1.382842e-03
1088 1.261600e-05 7.052326e-03
1089 6.640024e-07 1.344689e-03
1090 3.944697e-09 1.203780e-03
1091 3.270870e-07 1.655977e-03
1092 3.024088e-06 2.136007e-03
1093 8.022355e-06 2.302670e-02
1094 4.320744e-05 1.297043e-02
1095 9.248631e-07 2.958751e-03
1096 9.537473e-05 2.896406e-02
1097 4.546351e-05 5.057438e-02
1098 8.719636e-07 7.986142e-03
1099 4.024288e-08 3.596517e-03
1100 6.071348e-09 1.118570e-03
1101 5.171592e-06 2.411682e-02
1102 5.502741e-06 1.181332e-02
1103 3.693636e-07 3.841383e-03
1104 3.296437e-05 2.776422e-02
1105 3.576237e-08 2.107098e-03
1106 5.294951e-03 2.614794e-01
1107 3.552936e-07 2.592887e-03
1108 2.735184e-06 8.110179e-03
1109 4.565833e-09 1.817650e-03
1110 1.321190e-06 1.037088e-02
1111 2.398157e-07 2.183151e-03
1112 1.550404e-09 1.790145e-03
1113 6.522121e-06 1.426109e-02
1114 3.669441e-05 1.677771e-02
1115 4.317988e-04 1.432800e-01
1116 1.156251e-08 1.968340e-03
1117 6.071373e-04 1.890261e-01
1118 2.402352e-06 4.952858e-03
1119 1.164795e-05 2.922932e-02
1120 4.829906e-05 6.637092e-02
1121 2.331529e-05 7.659442e-03
1122 1.294700e-05 1.979873e-02
1123 1.096218e-06 3.615970e-03
1124 6.776845e-06 1.419264e-02
1125 8.766364e-06 4.221764e-03
1126 4.787923e-07 6.887221e-03
1127 1.687884e-07 4.341451e-03
1128 2.375409e-05 4.040049e-02
1129 1.649411e-05 8.193029e-03
1130 2.373776e-06 1.221522e-02
1131 1.307375e-04 6.961538e-02
1132 5.785057e-05 1.058135e-02
1133 7.124985e-07 2.171533e-03
1134 5.111356e-04 6.552077e-02
1135 3.034156e-05 1.409781e-02
1136 4.537988e-04 7.806232e-02
1137 4.824024e-06 2.218367e-02
1138 2.145895e-08 1.865042e-03
1139 1.199642e-05 6.158056e-03
1140 1.842129e-09 2.155759e-03
1141 6.748477e-06 5.302527e-03
1142 1.659805e-04 5.928256e-02
1143 4.541448e-06 7.777313e-02
1144 1.847305e-08 6.471196e-03
1145 1.525094e-05 2.406966e-02
1146 2.273240e-03 4.156285e-01
1147 1.574554e-04 5.860538e-02
1148 9.734904e-08 2.415309e-03
1149 7.333576e-04 1.058138e-01
1150 9.717940e-09 2.359638e-03
1151 7.987629e-04 1.021822e-01
1152 5.329991e-04 8.288831e-02
1153 5.853986e-06 5.906671e-03
1154 3.192570e-08 1.933116e-03
1155 3.588767e-03 2.742548e-01
1156 6.381143e-07 2.696767e-03
1157 1.194679e-04 4.259121e-02
1158 4.990247e-06 5.458657e-03
1159 1.070909e-08 1.511095e-03
1160 1.214759e-06 2.885302e-03
1161 5.797691e-06 1.956709e-02
1162 7.827216e-04 2.192860e-01
1163 7.002921e-05 1.093007e-02
1164 6.787057e-05 5.500076e-02
1165 1.547003e-03 4.413222e-01
1166 3.592285e-04 3.477676e-02
1167 2.221993e-05 1.095018e-01
1168 1.462605e-04 3.886043e-02
1169 4.707094e-07 8.001168e-03
1170 1.954088e-06 6.052924e-03
1171 2.812639e-06 9.898874e-03
1172 4.993337e-05 8.211093e-02
1173 4.467115e-09 1.101016e-03
1174 5.512500e-04 2.496151e-01
1175 2.398015e-05 2.454067e-02
1176 5.542321e-09 1.778619e-03
1177 3.710691e-04 9.990889e-02
1178 5.880125e-04 2.765454e-01
1179 1.812045e-04 2.165692e-02
1180 2.427750e-05 7.726450e-03
1181 5.253848e-07 1.907281e-03
1182 4.638509e-06 8.448187e-03
1183 3.646643e-04 1.332914e-01
1184 4.034308e-04 3.361204e-02
1185 2.909589e-06 1.077884e-02
1186 6.995931e-04 6.913816e-02
1187 3.552716e-04 5.905638e-02
1188 4.778700e-06 2.070734e-03
1189 1.980273e-07 2.565995e-03
1190 1.395146e-09 1.991138e-03
1191 1.690742e-06 2.772555e-03
1192 2.779247e-04 1.170154e-01
1193 3.986538e-08 3.227077e-03
1194 3.172847e-05 2.562189e-02
1195 7.613535e-04 1.784459e-01
1196 8.176380e-07 5.302728e-03
1197 9.313504e-07 3.491295e-03
1198 1.748480e-06 2.341907e-03
1199 8.853896e-04 1.715303e-01
1200 3.464473e-04 1.547536e-01
1201 3.340173e-09 1.124561e-03
1202 1.061736e-04 1.995157e-02
1203 2.955790e-05 3.614434e-02
1204 1.214993e-05 6.627660e-03
1205 5.165255e-09 1.941369e-03
1206 2.773825e-04 8.904757e-02
1207 3.408474e-06 5.039135e-03
1208 1.038666e-05 5.501047e-03
1209 4.725869e-04 6.948665e-02
1210 2.092052e-04 4.840261e-02
1211 3.798723e-04 3.095625e-02
1212 6.813440e-07 3.725335e-03
1213 2.381569e-07 4.977802e-03
1214 8.332314e-05 1.023608e-02
1215 1.729491e-07 2.610818e-03
1216 8.989983e-08 2.217338e-03
1217 4.182652e-06 2.746252e-02
1218 9.742375e-07 5.346111e-03
1219 1.005074e-05 1.232144e-02
1220 1.316539e-05 2.304823e-02
1221 1.502694e-04 2.548377e-02
1222 6.936399e-06 2.321349e-02
1223 1.022678e-04 3.608227e-02
1224 7.446127e-06 8.818327e-03
1225 1.041467e-06 2.855446e-03
1226 6.166029e-07 1.814078e-03
1227 9.144668e-06 5.669098e-03
1228 7.520684e-05 1.628438e-02
1229 1.568797e-04 3.102587e-02
1230 4.247084e-07 7.456254e-03
1231 1.434207e-05 3.809206e-02
1232 2.058383e-08 5.676717e-03
1233 1.832397e-05 2.250667e-02
1234 4.016185e-08 7.612610e-03
1235 1.631766e-05 5.120634e-02
1236 8.074298e-07 4.671101e-03
1237 4.232081e-04 1.409267e-01
1238 8.959937e-06 1.346855e-02
1239 3.673947e-06 6.754809e-03
1240 3.866364e-06 3.974826e-03
1241 1.740402e-05 6.825846e-03
1242 5.618116e-04 2.272224e-01
1243 7.856938e-04 7.087361e-02
1244 1.355986e-06 3.566158e-03
1245 1.028873e-05 6.580415e-03
1246 5.142653e-09 2.013271e-03
1247 9.686718e-05 7.394063e-03
1248 9.723280e-05 5.255543e-02
1249 1.171216e-07 9.775477e-03
1250 1.541688e-07 6.191696e-03
1251 1.588395e-06 1.417419e-02
1252 6.586964e-06 5.320942e-03
1253 6.871029e-04 2.493461e-01
1254 2.052431e-07 5.343587e-03
1255 2.864414e-06 2.133057e-02
1256 3.007699e-05 4.595930e-03
1257 1.429025e-04 8.373760e-02
1258 1.397445e-07 4.829448e-03
1259 4.045860e-04 5.785251e-02
1260 2.812610e-04 2.641719e-01
1261 8.464366e-06 5.386995e-03
1262 3.538589e-05 2.041156e-02
1263 4.173457e-05 4.804036e-02
1264 6.437060e-06 3.149534e-02
1265 2.316427e-05 9.871230e-03
1266 1.300330e-05 3.448949e-02
1267 3.761588e-06 1.747169e-02
1268 1.638504e-06 9.038775e-03
1269 5.714055e-05 1.509983e-02
1270 7.657378e-03 5.646394e-01
1271 1.890159e-03 1.899741e-01
1272 3.218807e-08 1.266397e-03
1273 2.056420e-04 4.176534e-02
1274 1.340478e-05 1.824389e-02
1275 2.430147e-04 4.717628e-02
1276 1.255478e-03 1.812966e-01
1277 1.775141e-03 1.555685e-01
1278 2.272131e-03 2.322253e-01
1279 1.844043e-06 2.390093e-03
1280 2.804988e-04 1.433367e-01
1281 8.482756e-06 6.425977e-03
1282 2.855955e-04 3.803359e-02
1283 8.647638e-06 2.060746e-02
1284 5.915692e-06 4.456864e-03
1285 9.464389e-04 9.312742e-02
1286 2.804289e-08 3.200394e-03
1287 2.159747e-04 3.092984e-02
1288 1.655113e-04 3.149589e-02
1289 1.678620e-05 1.279090e-02
1290 1.673274e-05 2.896438e-02
1291 9.738793e-05 1.360217e-02
1292 1.449650e-03 3.401818e-01
1293 4.615848e-07 3.323485e-03
1294 1.012192e-06 5.720608e-03
1295 1.523736e-06 3.299356e-03
1296 2.362625e-06 1.284018e-02
1297 5.580063e-05 5.467903e-02
1298 1.544959e-05 1.334948e-02
1299 4.519259e-05 6.567802e-03
1300 3.294508e-07 2.812783e-03
1301 3.281881e-07 3.088078e-03
1302 1.664282e-04 4.638783e-02
1303 6.423419e-06 8.171455e-03
1304 1.064871e-05 8.026057e-03
1305 3.002355e-04 4.089371e-02
1306 1.262764e-04 2.139480e-02
1307 1.244133e-05 6.349398e-03
1308 1.418207e-07 2.538482e-03
1309 1.697204e-04 4.464794e-02
1310 4.426391e-09 1.448028e-03
1311 2.254527e-03 4.077724e-01
1312 2.349922e-04 1.299630e-01
1313 1.645512e-07 1.729573e-03
1314 4.880369e-06 8.384122e-03
1315 2.517447e-06 3.138016e-03
1316 2.092696e-07 2.181690e-03
1317 2.778521e-09 1.374677e-03
1318 1.875605e-04 4.693386e-02
1319 3.347636e-03 2.775215e-01
1320 1.006391e-06 3.854434e-03
1321 4.572221e-06 1.314498e-02
1322 3.506247e-09 1.135190e-03
1323 1.034346e-06 2.206659e-03
1324 1.407191e-03 7.934714e-02
1325 2.108455e-06 9.647056e-03
1326 3.012974e-05 5.523493e-03
1327 2.197048e-05 2.394662e-02
1328 2.126914e-07 2.657799e-03
1329 5.927340e-05 2.111350e-02
1330 4.436125e-06 8.036512e-03
1331 1.379633e-07 2.114800e-03
1332 7.314687e-08 1.441784e-03
1333 1.081146e-04 1.713134e-02
1334 2.390139e-05 1.196639e-02
1335 6.394273e-07 1.166035e-02
1336 1.818453e-05 6.181616e-03
1337 6.495002e-04 5.408423e-02
1338 2.099140e-06 7.167845e-03
1339 1.047310e-03 1.369938e-01
1340 2.915279e-05 1.277210e-02
1341 5.213846e-04 2.815551e-01
1342 1.264121e-07 2.464612e-03
1343 2.922792e-07 2.144775e-03
1344 1.126045e-06 3.367262e-03
1345 3.130872e-05 1.407669e-02
1346 3.860377e-05 2.753984e-02
1347 3.242581e-08 1.352019e-03
1348 5.349688e-04 2.780810e-02
1349 1.813250e-04 1.149841e-01
1350 2.492030e-05 1.086037e-02
1351 7.864559e-05 1.863877e-02
1352 2.206358e-05 9.756436e-03
1353 5.048663e-06 1.052669e-02
1354 7.282521e-07 4.927868e-03
1355 4.570168e-06 9.129396e-03
1356 2.857383e-05 2.630233e-02
1357 6.457367e-07 6.034889e-03
1358 1.210532e-05 6.240103e-03
1359 7.632213e-08 2.045627e-03
1360 5.203128e-07 4.102090e-03
1361 3.177694e-05 1.121927e-02
1362 7.868847e-04 7.597157e-02
1363 2.412007e-06 5.931992e-03
1364 6.828333e-05 3.306150e-02
1365 8.015530e-07 4.492667e-03
1366 3.353667e-06 4.333869e-03
1367 1.461886e-07 1.736049e-03
1368 2.169323e-04 4.473528e-02
1369 5.898955e-09 2.457338e-03
1370 3.299237e-08 1.642411e-03
1371 1.047749e-04 3.360270e-02
1372 8.115785e-07 4.171011e-03
1373 2.493409e-05 5.849626e-03
1374 3.831236e-07 3.353834e-03
1375 3.341157e-05 9.201558e-03
1376 1.418728e-03 5.146829e-01
1377 5.267767e-06 9.434283e-03
1378 9.881618e-08 1.427169e-03
1379 4.263019e-06 4.185541e-03
1380 2.433914e-03 2.563297e-01
1381 1.177998e-06 3.202759e-03
1382 5.307009e-07 1.260545e-03
1383 1.648075e-05 2.018519e-02
1384 7.605877e-07 4.587879e-03
1385 7.163473e-07 4.448901e-03
1386 4.284084e-06 5.588097e-03
1387 2.180397e-04 1.386471e-02
1388 4.364132e-06 6.849918e-03
1389 5.372289e-07 3.211666e-03
1390 1.170364e-06 3.063475e-03
1391 6.609434e-06 8.850528e-03
1392 2.694660e-07 1.986995e-03
1393 1.101069e-07 7.643379e-03
1394 1.267487e-06 6.341099e-03
1395 8.365024e-05 4.031505e-02
1396 4.872410e-05 3.237526e-02
1397 6.812142e-07 3.107575e-03
1398 1.811322e-05 1.833589e-02
1399 2.635820e-05 2.268301e-02
1400 3.316887e-07 4.652702e-03
1401 2.408252e-04 7.833374e-02
1402 7.574893e-07 4.477885e-03
1403 8.419762e-06 5.149973e-03
1404 1.905447e-06 2.364325e-03
1405 2.358781e-06 4.000712e-03
1406 2.178188e-05 1.413529e-02
1407 2.289321e-07 2.737844e-03
1408 3.114255e-03 3.606907e-01
1409 6.344279e-06 4.933115e-02
1410 1.652549e-06 1.089630e-02
1411 6.627334e-06 1.119588e-02
1412 3.497051e-08 4.383010e-03
1413 2.250820e-10 1.143507e-03
1414 5.421384e-08 2.430854e-03
1415 2.087964e-06 5.865924e-03
1416 2.273605e-07 2.985866e-03
1417 7.632707e-06 3.877156e-03
1418 1.736599e-06 4.866438e-03
1419 6.178506e-07 4.468975e-03
1420 3.967522e-05 2.146127e-02
1421 1.227868e-05 1.229874e-02
1422 3.237224e-05 2.677138e-02
1423 5.311064e-07 3.826806e-03
1424 4.477396e-06 6.349329e-03
1425 6.720005e-06 6.570814e-03
1426 9.575293e-06 6.893121e-03
1427 5.754417e-06 4.976442e-03
1428 5.193957e-06 6.705507e-03
1429 4.136328e-05 1.410109e-02
1430 4.369427e-04 1.172105e-01
1431 1.130298e-05 3.080783e-02
1432 1.371029e-06 1.702797e-02
1433 3.924268e-06 7.717533e-03
1434 4.031071e-06 3.429275e-03
1435 1.143363e-06 3.226713e-03
1436 2.792806e-05 7.351123e-03
1437 2.280725e-06 2.410116e-03
1438 8.729204e-06 9.372750e-03
1439 1.333573e-03 2.218788e-01
1440 7.466472e-08 2.793685e-03
1441 2.025945e-08 1.739516e-03
1442 4.768853e-06 7.175480e-03
1443 5.652246e-06 4.852671e-03
1444 1.510821e-05 5.943746e-03
1445 1.440115e-05 9.604828e-03
1446 8.585568e-05 1.067026e-02
1447 3.508468e-03 6.349904e-01
1448 5.144921e-06 3.278799e-03
1449 6.704716e-07 3.041260e-03
1450 1.970651e-05 1.270245e-02
1451 1.893827e-04 3.815515e-02
1452 1.238759e-03 6.832885e-02
1453 1.288738e-07 2.962723e-03
1454 1.594775e-06 3.893296e-03
1455 3.650326e-05 8.818604e-03
1456 5.978845e-07 1.787601e-03
1457 1.024563e-06 2.411664e-03
1458 3.631605e-06 2.651401e-03
1459 1.902530e-05 6.056315e-03
1460 4.132047e-05 1.614572e-02
1461 2.355799e-06 2.099665e-03
1462 2.035032e-06 2.003878e-03
1463 1.489836e-07 1.489780e-03
1464 1.811691e-07 2.041078e-03
1465 7.734549e-08 1.403846e-03
1466 9.953729e-06 2.200160e-02
1467 5.742308e-04 4.807105e-02
1468 1.021400e-05 7.756313e-03
1469 7.263012e-05 1.525116e-02
1470 8.324885e-09 3.689268e-03
1471 2.294966e-05 1.077626e-02
1472 5.691897e-07 6.268730e-03
1473 3.600081e-06 3.917719e-03
1474 3.798383e-06 1.672967e-02
1475 1.889929e-08 1.747937e-03
1476 1.123642e-05 1.968449e-02
1477 6.903446e-10 1.745317e-03
1478 1.491697e-05 1.544661e-02
1479 1.053319e-05 1.061580e-02
1480 5.022294e-06 4.496087e-02
1481 3.387002e-05 2.888721e-02
1482 2.064477e-05 1.308649e-02
1483 5.672254e-05 7.309350e-03
1484 1.060507e-03 1.474511e-01
1485 1.243330e-04 3.627762e-02
1486 4.368286e-04 1.401762e-01
1487 1.486001e-07 2.020183e-03
1488 3.735822e-05 2.587441e-02
1489 2.940350e-06 1.674511e-03
1490 3.076248e-06 3.326968e-03
1491 1.073460e-04 4.797864e-02
1492 8.850628e-07 6.718667e-03
1493 3.100795e-07 1.162814e-02
1494 1.655570e-07 2.909000e-03
1495 9.879192e-06 1.247165e-02
1496 1.635179e-06 4.347427e-03
1497 1.023988e-03 1.843531e-01
1498 1.419384e-06 5.199469e-03
1499 1.226141e-08 2.924485e-03
1500 1.980439e-05 6.254209e-03
1501 2.738092e-06 5.211992e-03
1502 3.200343e-04 8.325806e-02
1503 3.664679e-04 1.318090e-01
1504 6.827431e-05 1.541636e-02
1505 4.248600e-07 5.630617e-03
1506 8.978231e-06 6.392234e-03
1507 3.016072e-04 2.837034e-02
1508 1.734154e-03 1.723552e-01
1509 1.545195e-06 4.474661e-03
1510 2.477141e-06 8.333777e-03
1511 1.815106e-05 9.953213e-03
1512 2.867291e-06 7.291809e-03
1513 2.105332e-05 9.346745e-03
1514 5.869948e-07 6.407406e-03
1515 1.532997e-03 3.028071e-01
1516 6.230798e-06 1.164269e-02
1517 9.008919e-04 1.865736e-01
1518 2.068877e-05 7.119689e-03
1519 2.722825e-05 1.093746e-02
1520 8.206724e-07 1.768414e-03
1521 6.298786e-07 7.178603e-03
1522 1.450835e-04 4.023184e-02
1523 3.391989e-06 9.350357e-03
1524 9.949119e-06 1.768992e-02
1525 6.218459e-05 3.310851e-02
1526 1.144589e-06 1.203486e-02
1527 1.352232e-04 2.506222e-02
1528 1.308647e-05 1.119039e-02
1529 9.620019e-06 7.224107e-03
1530 1.479046e-06 1.480450e-02
1531 8.097138e-05 1.825292e-02
1532 1.320938e-06 4.992859e-03
1533 1.114460e-06 6.637162e-03
1534 4.711415e-05 1.038439e-02
1535 6.486633e-08 1.587329e-03
1536 3.257955e-07 2.690252e-03
1537 2.045323e-06 3.922238e-03
1538 4.984989e-07 4.047591e-03
1539 9.589976e-07 2.397094e-03
1540 4.047092e-05 2.646747e-02
1541 1.678948e-03 2.558401e-01
1542 1.533917e-04 8.143516e-02
1543 1.078832e-03 1.816473e-01
1544 5.491140e-06 9.269251e-03
1545 3.777373e-05 5.217995e-02
1546 1.065343e-05 7.771640e-03
1547 2.530672e-04 1.893568e-01
1548 1.344889e-05 1.807092e-02
1549 1.483681e-06 4.415099e-03
1550 4.134310e-08 4.405470e-03
1551 2.084340e-06 5.544108e-03
1552 5.082973e-04 1.744713e-01
1553 5.585912e-04 3.699354e-01
1554 6.442095e-06 9.752208e-03
1555 1.019231e-03 2.043940e-01
1556 3.909150e-05 1.581249e-02
1557 1.056582e-03 1.532287e-01
1558 1.209617e-03 8.298467e-02
1559 4.609217e-06 1.067230e-02
1560 4.124523e-04 7.224789e-02
1561 3.542222e-04 2.013090e-01
1562 1.400111e-07 6.915965e-03
1563 2.462263e-05 1.273136e-02
1564 2.349404e-03 2.097034e-01
1565 1.899398e-05 1.562416e-02
1566 5.603908e-07 5.314996e-03
1567 1.035188e-02 1.271234e+00
1568 5.800937e-07 1.437259e-02
1569 1.136724e-04 1.348956e-02
1570 9.871290e-04 4.747500e-01
1571 6.892364e-07 2.432688e-03
1572 1.213286e-04 2.451286e-02
1573 5.316411e-04 2.397621e-01
1574 1.233942e-04 1.508873e-02
1575 5.447602e-07 1.795996e-02
1576 6.474638e-05 7.002481e-02
1577 1.107169e-03 2.163452e-01
1578 1.095586e-04 3.934565e-02
1579 2.547403e-06 5.018688e-03
1580 1.421489e-03 3.825997e-01
1581 3.317463e-05 1.670717e-02
1582 4.127995e-06 3.684525e-03
1583 1.887757e-04 6.190002e-02
1584 1.771954e-06 1.456973e-02
1585 9.530208e-04 2.059646e-01
1586 9.736350e-06 1.155720e-02
1587 1.941704e-05 5.446799e-03
1588 4.786179e-05 2.041095e-02
1589 5.081472e-08 2.913901e-03
1590 2.208374e-06 3.971335e-03
1591 1.379843e-06 4.422144e-03
1592 2.327851e-05 5.311425e-03
1593 3.415534e-06 3.403486e-03
1594 6.912561e-05 1.313603e-02
1595 8.288810e-08 4.136229e-03
1596 4.814851e-06 3.057141e-02
1597 1.813728e-06 8.089300e-03
1598 5.862113e-05 1.023950e-02
1599 5.300419e-05 1.195939e-01
1600 8.731291e-06 1.002519e-02
1601 1.889156e-08 3.282956e-03
1602 1.901037e-03 5.043464e-01
1603 2.337151e-05 8.276971e-03
1604 1.148468e-04 1.142155e-02
1605 1.670877e-04 1.648324e-02
1606 1.077462e-03 2.034773e-01
1607 4.071375e-04 1.080556e-01
1608 1.127621e-06 4.808566e-03
1609 7.502946e-04 1.116366e-01
1610 2.374031e-04 3.543110e-01
1611 6.695008e-05 1.439209e-02
1612 2.558591e-05 4.254941e-03
1613 4.385241e-09 1.207796e-03
1614 8.902215e-05 2.777848e-02
1615 1.084707e-03 1.472327e-01
1616 5.593239e-07 2.611728e-03
1617 8.862887e-08 3.404949e-03
1618 1.400965e-06 2.602379e-03
1619 3.075489e-05 7.823869e-02
1620 1.874239e-05 5.356834e-02
1621 5.318780e-06 9.958032e-02
1622 2.040553e-05 1.812508e-02
1623 1.677744e-05 5.386253e-02
1624 9.664645e-04 2.194392e-01
1625 8.779965e-07 4.419910e-03
1626 1.094962e-04 5.352710e-02
1627 9.937135e-06 1.679797e-02
1628 2.161193e-04 6.567733e-02
1629 7.282692e-04 1.560377e-01
1630 9.182963e-04 2.984272e-01
1631 6.946103e-05 8.107373e-02
1632 6.997606e-05 6.588303e-02
1633 1.291351e-07 3.097639e-03
1634 3.705628e-06 6.665144e-03
1635 3.484832e-08 1.155923e-03
1636 1.234529e-07 2.938672e-03
1637 1.935116e-07 1.700833e-03
1638 1.462886e-07 3.083450e-03
1639 1.279908e-08 1.851602e-03
1640 8.001926e-05 4.111050e-02
1641 2.669148e-04 6.178605e-02
1642 3.783507e-03 3.374495e-01
1643 1.581555e-05 2.359271e-02
1644 1.839402e-05 9.100485e-03
1645 8.372488e-05 9.073260e-03
1646 4.923456e-03 7.248849e-01
1647 9.480049e-06 1.389795e-02
1648 7.920631e-06 3.855997e-03
1649 2.555890e-03 3.531982e-01
1650 9.561918e-05 5.410944e-02
1651 1.590246e-06 4.364767e-03
1652 2.609994e-04 8.234745e-02
1653 2.370766e-03 3.632142e-01
1654 3.113051e-06 2.262616e-02
1655 6.362648e-04 1.393213e-01
1656 5.550529e-06 1.735782e-02
1657 3.473174e-06 1.111457e-02
1658 5.431463e-07 4.959246e-03
1659 3.308516e-05 1.855983e-02
1660 4.152285e-04 4.822688e-02
1661 1.506526e-04 3.082897e-02
1662 6.230167e-05 1.054432e-02
1663 9.231302e-04 1.062492e-01
1664 2.519370e-05 1.171264e-02
1665 1.824483e-05 1.026755e-02
1666 2.606203e-04 6.592132e-02
1667 7.638406e-05 3.532949e-02
1668 3.936562e-08 8.880005e-04
1669 2.616945e-06 1.165230e-02
1670 7.149797e-06 3.427149e-03
1671 1.986934e-05 2.204463e-02
1672 1.914297e-04 1.539773e-01
1673 1.192369e-04 2.012258e-02
1674 7.434140e-06 9.597482e-03
1675 2.245885e-05 1.416136e-02
1676 3.187726e-07 2.802878e-03
1677 4.512751e-07 7.091132e-03
1678 5.115591e-07 3.617035e-03
1679 1.821544e-09 1.409491e-03
1680 7.691443e-04 4.844875e-02
1681 1.833769e-05 2.301812e-02
1682 8.877171e-05 1.844253e-02
1683 5.493737e-08 1.746038e-03
1684 3.838133e-07 3.644817e-03
1685 1.161129e-04 1.672460e-02
1686 4.092741e-04 7.402727e-02
1687 1.819259e-05 3.097811e-02
1688 1.689159e-03 5.090532e-02
1689 3.945701e-04 7.877028e-02
1690 5.228748e-07 1.766258e-03
1691 2.617801e-07 1.751832e-03
1692 2.599781e-06 5.531689e-03
1693 3.410978e-04 4.814239e-02
1694 8.009357e-05 4.450234e-02
1695 5.243873e-06 2.768532e-03
1696 1.651455e-03 2.081894e-01
1697 4.564253e-06 8.572439e-03
1698 6.610282e-04 1.252107e-01
1699 9.908388e-04 3.955369e-01
1700 1.891259e-06 4.186033e-03
1701 2.601932e-04 5.014533e-02
1702 4.127799e-05 8.513321e-02
1703 1.162376e-05 5.648572e-02
1704 4.262086e-07 1.603737e-03
1705 1.647762e-07 1.968205e-03
1706 1.021826e-06 2.508712e-03
1707 6.102199e-05 4.327730e-02
1708 6.669009e-08 8.063662e-03
1709 1.209832e-05 1.601987e-02
1710 1.362976e-06 1.147175e-02
1711 6.283202e-04 1.096531e-01
1712 3.711231e-04 5.709618e-02
1713 1.075013e-05 1.106157e-02
1714 1.602104e-04 4.128829e-02
1715 1.810080e-05 6.539369e-03
1716 9.508005e-08 4.407315e-03
1717 1.113850e-05 2.602889e-02
1718 1.862124e-05 1.233130e-02
1719 1.051157e-06 7.609681e-03
1720 1.854909e-06 9.293993e-03
1721 1.575657e-06 3.141181e-02
1722 5.472860e-07 8.401899e-03
1723 1.695170e-03 3.211626e-01
1724 2.350252e-06 3.090253e-03
1725 1.627229e-05 1.545940e-02
1726 3.363264e-04 8.388510e-02
1727 3.175201e-05 2.702579e-02
1728 1.830923e-03 1.176262e-01
1729 3.591756e-06 4.207881e-03
1730 4.902245e-04 9.853733e-02
1731 3.479597e-06 6.774531e-03
1732 1.507063e-07 1.897242e-03
1733 6.534412e-11 1.011505e-03
1734 9.971947e-05 2.845430e-02
1735 6.802922e-05 2.503640e-02
1736 1.359737e-09 1.148566e-03
1737 1.987148e-05 1.452692e-02
1738 2.673405e-06 3.353650e-03
1739 7.335720e-05 1.565124e-02
1740 1.190290e-04 6.932192e-02
1741 2.305948e-08 4.426524e-03
1742 1.455054e-04 1.050049e-01
1743 1.471051e-03 6.857495e-02
1744 7.973171e-05 3.417950e-02
1745 5.939100e-05 1.223087e-02
1746 5.166334e-07 2.694323e-03
1747 7.475892e-07 6.616322e-03
1748 1.482858e-03 4.469479e-01
1749 5.737882e-06 9.160246e-03
1750 4.901719e-06 8.660123e-03
1751 2.510597e-06 6.351761e-03
1752 1.649260e-07 2.137463e-03
1753 5.777970e-05 4.625360e-02
1754 1.595816e-06 5.286147e-03
1755 1.231622e-06 6.124541e-03
1756 1.228081e-05 1.943963e-02
1757 3.381131e-06 1.466798e-02
1758 1.772925e-03 1.201900e-01
1759 1.323171e-06 5.051105e-03
1760 7.490612e-04 2.978743e-01
1761 1.744967e-07 7.053828e-03
1762 1.262332e-06 4.033248e-03
1763 2.942950e-06 1.146876e-02
1764 2.939794e-06 6.759549e-03
1765 1.213882e-05 1.834746e-02
1766 1.278710e-06 4.293650e-03
1767 7.658990e-06 6.756462e-03
1768 5.113282e-04 4.052206e-02
1769 4.926932e-05 1.731513e-02
1770 1.399045e-06 8.411962e-03
1771 6.609200e-06 9.795768e-03
1772 7.099148e-04 2.590055e-01
1773 2.068939e-03 1.912274e-01
1774 6.898801e-08 2.932528e-03
1775 1.656230e-07 2.826692e-03
1776 6.756298e-07 1.932282e-02
1777 2.265568e-06 1.188051e-02
1778 1.786662e-06 7.096541e-03
1779 7.869898e-06 1.691829e-02
1780 1.107898e-07 2.806280e-03
1781 1.153390e-08 1.304380e-03
1782 8.772017e-08 3.169506e-03
1783 2.526476e-06 6.906217e-03
1784 6.643271e-05 2.480305e-02
1785 3.901784e-06 4.212146e-03
1786 7.905429e-06 3.156062e-02
1787 1.501913e-03 2.405019e-01
1788 1.135688e-07 4.436048e-03
1789 1.826743e-05 3.199341e-02
1790 1.007132e-06 2.178270e-03
1791 4.283428e-06 5.524333e-03
1792 1.676493e-05 5.949195e-03
1793 5.818160e-07 9.484198e-03
1794 1.295927e-03 5.205182e-02
1795 2.154814e-05 4.011790e-03
1796 3.337181e-03 2.707956e-01
1797 3.403855e-07 1.737660e-02
1798 3.096023e-07 6.406274e-03
1799 9.698110e-07 2.861528e-03
1800 6.787446e-05 5.369216e-02
1801 8.901877e-06 3.897145e-03
1802 1.268682e-04 3.533596e-02
1803 2.906211e-07 2.026946e-03
1804 3.680836e-06 2.433689e-03
1805 1.644113e-07 1.102128e-02
1806 3.306340e-06 5.390286e-03
1807 3.308181e-07 1.549681e-03
1808 3.824612e-03 5.848824e-01
1809 1.493350e-05 1.020831e-02
1810 2.989490e-03 1.233507e-01
1811 4.009987e-07 7.798840e-03
1812 2.878459e-07 5.919783e-03
1813 8.568707e-06 1.386367e-02
1814 4.744835e-07 2.819160e-03
1815 2.072022e-05 2.333695e-02
1816 3.196616e-05 2.139532e-02
1817 4.854399e-06 4.656719e-03
1818 1.208367e-06 4.754063e-03
1819 2.329667e-10 2.082372e-03
1820 8.551748e-08 1.589120e-03
1821 1.265460e-07 3.405853e-03
1822 1.290333e-03 1.141251e-01
1823 8.696891e-06 3.804684e-02
1824 1.019254e-05 4.526898e-02
1825 2.054351e-03 2.546708e-01
1826 7.484426e-04 1.381202e-01
1827 2.135423e-04 3.413094e-02
1828 2.265719e-04 1.680276e-02
1829 8.399545e-06 9.666104e-03
1830 8.900917e-07 2.991702e-03
1831 1.714780e-07 1.697808e-03
1832 1.558906e-06 1.432514e-02
1833 5.317019e-06 6.309439e-03
1834 7.366352e-07 3.494001e-03
1835 4.016425e-07 3.538212e-03
1836 1.564151e-03 1.859723e-01
1837 1.196810e-03 1.995689e-01
1838 3.806796e-05 7.514077e-03
1839 2.408542e-05 3.619015e-02
1840 5.747404e-05 3.308983e-02
1841 1.506732e-04 5.292365e-02
1842 1.074624e-06 6.768644e-03
1843 3.964388e-06 8.323917e-03
1844 1.048827e-07 2.746779e-03
1845 3.393518e-05 1.846795e-02
1846 8.853662e-09 3.506478e-03
1847 3.164959e-05 5.787152e-02
1848 2.561753e-08 2.204081e-03
1849 1.146445e-06 1.365799e-02
1850 3.202921e-07 1.477672e-02
1851 1.658068e-05 3.572568e-02
1852 5.125602e-06 1.561660e-02
1853 1.211439e-04 4.106140e-02
1854 1.069435e-04 1.104019e-01
1855 7.113523e-05 3.183893e-02
1856 2.976205e-08 2.266611e-03
1857 1.574167e-07 4.621304e-03
1858 1.062677e-06 3.478216e-03
1859 1.211517e-06 3.232227e-03
1860 5.263434e-06 2.190092e-02
1861 4.646924e-06 7.408825e-03
1862 1.635835e-03 2.728040e-01
1863 1.227872e-07 3.003763e-03
1864 4.808854e-07 2.610092e-03
1865 7.125559e-07 1.138260e-02
1866 4.527563e-04 6.029551e-02
1867 2.329649e-08 2.609789e-03
1868 2.434715e-05 6.996386e-03
1869 2.003465e-03 2.273927e-01
1870 3.522665e-06 5.847387e-03
1871 8.352849e-06 1.106639e-02
1872 1.426512e-07 7.171108e-03
1873 1.859414e-07 1.836007e-03
1874 1.177478e-06 2.083681e-03
1875 6.664782e-03 3.117449e-01
1876 1.970791e-07 2.414996e-03
1877 1.778316e-06 2.861184e-03
1878 3.197613e-07 6.503823e-03
1879 1.682877e-06 1.150040e-02
1880 1.087758e-04 2.335536e-02
1881 8.745563e-06 4.447075e-02
1882 8.778902e-07 3.931918e-03
1883 8.411176e-06 1.287020e-02
1884 1.009776e-03 1.142565e-01
1885 6.360956e-06 5.986053e-03
1886 4.131282e-05 8.727454e-03
1887 6.719516e-05 2.064349e-02
1888 4.890467e-06 2.998681e-03
1889 1.826948e-07 1.304594e-03
1890 7.713886e-06 1.128274e-02
1891 1.461891e-04 1.096441e-01
1892 4.893476e-06 1.425819e-02
1893 1.787872e-04 3.526128e-02
1894 4.883560e-03 5.408717e-01
1895 4.481484e-05 4.194678e-02
1896 2.212931e-04 7.137630e-02
1897 7.017522e-07 3.933360e-03
1898 2.360483e-05 4.660772e-02
1899 6.352821e-06 8.809204e-03
1900 5.014246e-04 5.366544e-02
1901 2.004443e-05 4.555155e-03
1902 3.196181e-07 1.842333e-03
1903 3.663936e-06 1.068260e-02
1904 3.338605e-06 7.727690e-03
1905 2.736037e-06 4.944294e-03
1906 3.415087e-06 5.239437e-03
1907 4.713853e-08 3.757241e-03
1908 5.422449e-07 1.662649e-03
1909 3.189962e-05 6.407155e-03
1910 3.989140e-04 6.425515e-02
1911 5.965417e-04 4.028136e-02
1912 5.077797e-04 6.105617e-02
1913 4.783540e-05 5.588921e-02
1914 1.968211e-06 4.493488e-03
1915 9.275902e-08 7.890476e-03
1916 3.271416e-03 5.563127e-01
1917 1.566696e-03 2.375014e-01
1918 2.641337e-05 2.936643e-02
1919 1.669876e-05 1.332336e-02
1920 1.813361e-04 1.894040e-02
1921 7.485486e-08 1.365780e-03
1922 4.202677e-06 3.881253e-03
1923 5.275099e-06 2.627619e-03
1924 6.316003e-07 2.292365e-03
1925 6.699585e-07 2.060338e-03
1926 1.305300e-03 1.003332e-01
1927 1.640581e-06 1.119106e-02
1928 6.825614e-07 1.779770e-03
1929 4.845244e-05 9.817918e-03
1930 7.168663e-06 1.711789e-02
1931 6.475587e-05 1.846531e-02
1932 3.844711e-06 3.335352e-02
1933 1.256205e-05 1.525120e-02
1934 4.341783e-05 5.913567e-02
1935 9.914045e-06 1.376268e-02
1936 5.735526e-06 1.230736e-02
1937 6.099105e-06 4.842455e-03
1938 3.417934e-08 2.009146e-03
1939 5.262059e-04 2.082355e-01
1940 1.293783e-06 2.244165e-02
1941 7.703253e-06 1.437241e-02
1942 9.287031e-05 7.028724e-02
1943 6.763414e-06 3.179533e-02
1944 8.032485e-04 1.093755e-01
1945 7.799482e-05 3.198850e-02
1946 4.038057e-06 5.184690e-03
1947 1.357613e-05 3.713792e-03
1948 2.888290e-08 1.706579e-03
1949 1.293125e-04 8.586205e-02
1950 5.924752e-05 1.932789e-02
1951 8.339839e-06 3.825365e-02
1952 3.600600e-06 6.718413e-03
1953 7.789798e-05 2.843405e-02
1954 9.656031e-05 6.798060e-02
1955 7.320010e-06 8.421704e-03
1956 1.088365e-04 4.724092e-02
1957 2.247493e-06 7.549809e-03
1958 1.929005e-05 1.848052e-02
1959 7.633843e-06 2.606962e-02
1960 9.492291e-05 2.711706e-02
1961 1.302413e-04 8.419214e-02
1962 1.361551e-04 3.929095e-02
1963 1.820914e-04 5.247269e-02
1964 9.508695e-07 3.872937e-03
1965 3.983580e-06 1.438400e-02
1966 6.909033e-07 6.567564e-03
1967 4.760344e-05 5.267714e-02
1968 5.110933e-08 2.100835e-03
1969 7.954084e-04 5.018591e-02
1970 1.873932e-04 5.989063e-02
1971 1.658492e-03 2.243016e-01
1972 5.998504e-05 7.612922e-03
1973 9.406381e-04 1.307645e-01
1974 3.325894e-07 4.222770e-03
1975 2.515458e-04 1.516636e-01
1976 2.860231e-04 6.276572e-02
1977 1.403903e-05 6.284528e-03
1978 2.570860e-07 4.035062e-03
1979 6.247691e-05 4.052302e-02
1980 1.635283e-05 4.664233e-03
1981 1.932219e-04 4.948881e-02
1982 6.915401e-07 2.753072e-03
1983 2.157510e-06 2.123267e-03
1984 5.850113e-06 2.717432e-02
1985 8.046052e-06 1.038766e-02
1986 7.437478e-06 4.864917e-03
1987 1.021254e-06 3.477021e-02
1988 4.229581e-04 1.425065e-01
1989 4.095544e-07 1.398495e-03
1990 1.721155e-05 4.266719e-03
1991 2.089543e-05 7.349527e-03
1992 3.140536e-03 1.921570e-01
1993 6.685547e-08 1.179990e-03
1994 3.537171e-08 1.247471e-03
1995 7.121809e-04 5.800287e-02
1996 1.067143e-05 4.812688e-03
1997 6.464673e-07 2.016977e-03
1998 7.833073e-05 8.626873e-03
1999 9.746237e-04 6.303955e-02
2000 9.051002e-07 2.508068e-03
2001 1.418465e-06 3.053833e-03
