2 4.870797e-04 1.269838e-01
3 1.828291e-03 5.480634e-01
4 1.206294e-03 2.474716e-01
5 2.427521e-04 9.012428e-02
6 2.397861e-03 7.418157e-01
7 5.289708e-04 1.804774e-01
8 3.609221e-05 5.276376e-02
9 3.655846e-05 9.308991e-03
10 1.884136e-04 4.344778e-02
11 2.550554e-03 3.350463e-01
12 2.978431e-04 2.623334e-02
13 2.364175e-03 3.649666e-01
14 5.889187e-04 8.922553e-02
15 1.477963e-04 4.972630e-02
16 4.659225e-05 5.502430e-02
17 5.052447e-05 1.215357e-02
18 4.392175e-04 1.015256e-01
19 6.842072e-04 2.997524e-01
20 2.883898e-03 3.553889e-01
21 1.329004e-03 1.492124e-01
22 6.890752e-05 2.801059e-02
23 5.423614e-03 5.415985e-01
24 2.900155e-03 2.092804e-01
25 2.137396e-04 4.099467e-02
26 2.187361e-03 4.847055e-01
27 4.760392e-04 5.775734e-02
28 1.904211e-04 3.335920e-02
29 1.561068e-03 4.353137e-01
30 4.155255e-06 7.525041e-03
31 1.147401e-03 5.017935e-02
32 4.823167e-04 1.928576e-01
33 6.618411e-05 1.571648e-02
34 1.750667e-05 6.146000e-03
35 3.946620e-04 1.958829e-01
36 6.382368e-04 4.987677e-02
37 7.173943e-03 5.581013e-01
38 5.787942e-03 6.624997e-01
39 1.646087e-03 4.435144e-01
40 8.632351e-04 1.797985e-01
41 9.047630e-06 6.968148e-03
42 2.688422e-03 5.611048e-01
43 2.708461e-05 1.167211e-02
44 2.692945e-06 2.867545e-03
45 1.079562e-06 2.670504e-03
46 1.716436e-07 1.424567e-03
47 2.673596e-06 6.234900e-03
48 2.981928e-06 7.084264e-03
49 2.050439e-06 9.016483e-03
50 6.967411e-05 2.993140e-02
51 1.229180e-06 3.111596e-03
52 1.403499e-06 5.599109e-03
53 7.521999e-07 5.652212e-03
54 6.909082e-07 4.271562e-03
55 1.855520e-06 3.365201e-03
56 7.273354e-05 1.926686e-02
57 2.208036e-04 3.542478e-02
58 7.339660e-08 1.710730e-03
59 1.289735e-05 9.820689e-03
60 1.158331e-06 2.306369e-03
61 8.485464e-07 4.167858e-03
62 5.585907e-07 1.247796e-03
63 1.292570e-06 5.468095e-03
64 4.556517e-06 1.174839e-02
65 3.871005e-06 2.599113e-03
66 2.148610e-06 4.761322e-03
67 8.064248e-07 4.768487e-03
68 1.980614e-05 1.044617e-02
69 4.481155e-05 8.134741e-03
70 1.677291e-03 2.582967e-01
71 6.083073e-08 4.411652e-03
72 3.976723e-04 2.315558e-02
73 1.383229e-05 3.799189e-03
74 2.633573e-06 5.690468e-03
75 2.872937e-06 5.544500e-03
76 1.318764e-05 6.140256e-03
77 6.625326e-06 4.271792e-03
78 2.871803e-04 3.534242e-02
79 1.735656e-05 1.118696e-02
80 3.575144e-04 7.413377e-02
81 2.248218e-06 3.104027e-03
82 1.772016e-04 3.636050e-02
83 2.242576e-07 2.520105e-03
84 2.753102e-05 1.320635e-02
85 2.175764e-06 7.681310e-03
86 1.308694e-04 1.309305e-02
87 1.236607e-03 1.567793e-01
88 7.841458e-08 2.772308e-03
89 2.433541e-04 2.972289e-02
90 2.124775e-04 1.157658e-01
91 8.541924e-05 1.519074e-02
92 4.200830e-04 6.647557e-02
93 2.214794e-04 3.422368e-02
94 4.869585e-06 8.889267e-03
95 1.040083e-06 5.363158e-03
96 8.559676e-05 1.024404e-02
97 9.254215e-05 1.290721e-02
98 1.842685e-04 1.180196e-02
99 4.657579e-04 2.950619e-01
100 3.161242e-03 4.638739e-01
101 3.444399e-04 1.016203e-01
102 1.454260e-05 5.980434e-03
103 1.821840e-03 1.810609e-01
104 2.983420e-06 2.462336e-02
105 1.025038e-03 6.457490e-02
106 2.579926e-04 5.381911e-02
107 2.502258e-06 1.199277e-02
108 4.680970e-05 1.095686e-01
109 6.183514e-06 1.201995e-02
110 5.722115e-06 4.190491e-03
111 1.203091e-06 1.078256e-02
112 1.629251e-06 1.954346e-02
113 4.349645e-04 7.644823e-02
114 1.153598e-05 9.527854e-03
115 8.497354e-05 1.770555e-02
116 1.255560e-04 6.475578e-02
117 4.648046e-05 6.634372e-03
118 9.607726e-07 3.676974e-03
119 2.899425e-03 3.839921e-01
120 8.192726e-05 1.831968e-02
121 1.325627e-05 8.781903e-03
122 6.670660e-06 5.078414e-03
123 3.646963e-04 3.845375e-02
124 5.595599e-05 1.198840e-02
125 5.569828e-04 1.329705e-01
126 3.128809e-04 1.003141e-02
127 7.647069e-06 1.138600e-02
128 1.074149e-03 3.500548e-01
129 2.668476e-03 3.111113e-01
130 3.225286e-04 6.560977e-02
131 5.651531e-04 1.333931e-01
132 1.569871e-05 2.761685e-02
133 3.151095e-03 6.637733e-01
134 5.854487e-04 2.049640e-02
135 1.062016e-03 1.437574e-01
136 5.887482e-08 2.286322e-03
137 3.313121e-06 1.289044e-02
138 4.562305e-06 3.873180e-03
139 1.954550e-05 8.993896e-03
140 4.288765e-04 2.968350e-02
141 8.308220e-06 7.205678e-03
142 9.863803e-04 1.047063e-01
143 5.433274e-05 8.362880e-02
144 9.937271e-04 1.789395e-01
145 7.228394e-05 4.568635e-02
146 2.160157e-05 1.252039e-02
147 1.905913e-04 5.976118e-02
148 6.926589e-06 5.965096e-03
149 2.405435e-05 6.948391e-02
150 2.276958e-04 6.910000e-02
151 1.034071e-04 2.795811e-02
152 2.349030e-05 3.431945e-02
153 1.724148e-05 9.592199e-03
154 2.294333e-05 1.382207e-02
155 1.506865e-06 2.898167e-03
156 4.137934e-05 1.322248e-02
157 5.924883e-06 1.296628e-02
158 6.075058e-09 3.779902e-03
159 3.917571e-06 1.772102e-02
160 2.332922e-06 9.504444e-03
161 3.940574e-06 4.809839e-03
162 1.582198e-05 1.667011e-02
163 5.120191e-06 1.658678e-02
164 2.748253e-05 6.971340e-03
165 6.034717e-07 1.668986e-03
166 1.572906e-06 2.134611e-03
167 6.313033e-06 7.392920e-03
168 5.582033e-06 4.656349e-03
169 2.834716e-05 2.238109e-02
170 2.275585e-05 6.130384e-03
171 6.895441e-05 3.892741e-02
172 2.707838e-03 2.030730e-01
173 6.854757e-05 7.158239e-02
174 2.103266e-04 1.472507e-01
175 1.740087e-08 1.262741e-03
176 1.801870e-05 1.226139e-02
177 9.864104e-08 3.184739e-03
178 1.651021e-06 7.749064e-03
179 1.642860e-05 1.175922e-02
180 2.378543e-08 1.276111e-03
181 3.464059e-04 9.967824e-02
182 1.835134e-04 2.924698e-02
183 1.433301e-04 2.601889e-02
184 6.138343e-06 8.276357e-03
185 6.683688e-08 1.521607e-03
186 2.536139e-05 4.780418e-02
187 1.767834e-03 5.203313e-01
188 1.014936e-04 3.511909e-02
189 5.949013e-05 1.274346e-02
190 8.180888e-06 5.191640e-03
191 3.505695e-06 6.791487e-03
192 1.662287e-06 5.783408e-03
193 4.637765e-07 6.261532e-03
194 1.689277e-06 6.045351e-03
195 5.259184e-05 2.129601e-02
196 3.108202e-06 7.858685e-03
197 5.251577e-06 2.105772e-02
198 1.933779e-05 1.332359e-02
199 2.382909e-05 1.634771e-02
200 4.163139e-04 7.753014e-02
201 1.173734e-04 8.514531e-02
202 2.910986e-05 1.315372e-02
203 3.869145e-04 1.746826e-01
204 6.551020e-07 4.009418e-03
205 1.395290e-04 3.658665e-02
206 5.822996e-05 2.057998e-02
207 2.117435e-05 3.175941e-02
208 1.234418e-04 8.695794e-02
209 4.578280e-04 6.675424e-02
210 3.411463e-05 5.539657e-02
211 1.340292e-03 8.795976e-02
212 1.620714e-06 4.900649e-03
213 1.836524e-05 1.508257e-02
214 1.280995e-05 1.309781e-02
215 2.479506e-06 1.233195e-02
216 1.087287e-05 3.709251e-02
217 1.792451e-06 2.706674e-03
218 3.339828e-06 4.604895e-03
219 5.752735e-07 2.479969e-03
220 8.203114e-04 2.114677e-01
221 1.688556e-06 5.608340e-03
222 1.633326e-04 3.333350e-02
223 3.462662e-04 7.720925e-02
224 2.436783e-07 2.291844e-03
225 2.184181e-07 3.218711e-03
226 5.061543e-06 1.171764e-02
227 6.876632e-07 4.210652e-03
228 5.321441e-06 5.719337e-03
229 6.606534e-06 1.784721e-02
230 8.507872e-04 2.628774e-01
231 5.997456e-08 2.040852e-03
232 2.099063e-03 5.398155e-01
233 8.621284e-06 9.263759e-03
234 6.924952e-06 4.808528e-03
235 2.460140e-07 7.400671e-03
236 1.519717e-04 3.171077e-02
237 1.067119e-03 1.880697e-01
238 4.384584e-07 5.048603e-03
239 2.400089e-05 9.135226e-03
240 7.273151e-05 6.707019e-02
241 1.077452e-03 4.233875e-01
242 1.020018e-04 2.985229e-02
243 2.043289e-06 4.434276e-03
244 8.985549e-08 1.870366e-03
245 5.854201e-08 1.277944e-03
246 1.745534e-04 9.981702e-02
247 8.473944e-04 6.202312e-02
248 1.178967e-03 2.072550e-01
249 1.991379e-03 2.390169e-01
250 1.087221e-03 1.387989e-01
251 4.152412e-08 1.292132e-03
252 6.382456e-07 8.723921e-03
253 1.354813e-06 4.165943e-03
254 5.264716e-05 1.911349e-02
255 5.578716e-06 8.612498e-03
256 2.489464e-07 2.434872e-03
257 4.295622e-06 5.095481e-03
258 1.738170e-04 5.072357e-02
259 1.529713e-07 1.441146e-03
260 1.610335e-05 9.502260e-03
261 1.520952e-05 7.685495e-03
262 9.483332e-07 1.645100e-03
263 3.208603e-05 4.338222e-03
264 9.085768e-06 2.907823e-02
265 5.388507e-05 7.342360e-02
266 8.854498e-06 1.179941e-02
267 3.611260e-06 1.960980e-02
268 2.478832e-05 6.742830e-03
269 7.503690e-04 1.221685e-01
270 3.576979e-08 3.603209e-03
271 2.213887e-05 1.710357e-02
272 1.304051e-05 1.029164e-02
273 1.407594e-04 9.941401e-02
274 2.205387e-08 1.878272e-03
275 2.442127e-04 4.068793e-02
276 1.707007e-05 1.800378e-02
277 7.341631e-08 4.007383e-03
278 2.407405e-04 8.190174e-02
279 6.995008e-06 4.887527e-03
280 5.818124e-04 4.721254e-02
281 5.303408e-04 8.467594e-02
282 6.403730e-07 2.062542e-03
283 7.242527e-06 6.518312e-03
284 4.631670e-07 4.732685e-03
285 5.104384e-06 8.997708e-03
286 4.553697e-06 5.938604e-03
287 2.931308e-07 5.062767e-03
288 4.693877e-07 2.185498e-03
289 1.872510e-03 2.229410e-01
290 1.684279e-08 1.421015e-03
291 5.439875e-06 1.739968e-02
292 1.325503e-03 3.031248e-01
293 2.987197e-06 5.398395e-03
294 6.037134e-07 4.351461e-03
295 1.932813e-07 1.779772e-02
296 1.490558e-04 1.171005e-01
297 4.171895e-06 1.717455e-02
298 3.210450e-06 5.397724e-03
299 1.175768e-06 4.220200e-03
300 3.739136e-06 1.517940e-02
301 2.529428e-04 2.933130e-01
302 2.577352e-07 3.555523e-03
303 5.173049e-06 2.011147e-02
304 9.804514e-04 5.793753e-02
305 6.167570e-05 1.184717e-02
306 3.555917e-05 1.740984e-02
307 1.382257e-03 1.688179e-01
308 6.536998e-07 1.081519e-02
309 1.736349e-03 1.623558e-01
310 7.397550e-05 1.749638e-02
311 3.150708e-05 1.147578e-02
312 1.090632e-05 4.764047e-03
313 2.122579e-03 5.569965e-01
314 2.864581e-06 3.103327e-03
315 2.278544e-07 4.738919e-03
316 4.600808e-03 3.777540e-01
317 7.538005e-04 1.967446e-01
318 7.224903e-04 1.683090e-01
319 3.718253e-04 6.574272e-02
320 1.277829e-04 3.510218e-02
321 2.221512e-03 2.920335e-01
322 1.965761e-08 6.873800e-03
323 7.553224e-05 2.439856e-02
324 1.692501e-06 5.334666e-03
325 4.793305e-07 5.290758e-03
326 2.244199e-05 4.439852e-02
327 3.178580e-03 5.232920e-01
328 8.070058e-04 1.237712e-01
329 1.883714e-03 1.954465e-01
330 2.095033e-05 9.237652e-03
331 1.683022e-05 2.598664e-02
332 5.701383e-04 2.156277e-01
333 7.547203e-07 1.665362e-02
334 6.936749e-05 4.621741e-02
335 4.808454e-08 2.164202e-03
336 1.856432e-05 9.697016e-03
337 1.716046e-05 1.309272e-02
338 1.898111e-04 5.855844e-02
339 2.821022e-04 1.718461e-01
340 2.680255e-06 1.378182e-02
341 1.333062e-06 1.021207e-02
342 1.534682e-05 5.599581e-03
343 4.185286e-06 3.874175e-02
344 5.411109e-05 1.115496e-02
345 7.044414e-03 4.982939e-01
346 9.996694e-04 2.067903e-01
347 8.824576e-07 4.165856e-03
348 2.520995e-04 3.534047e-02
349 8.019501e-06 7.189169e-03
350 2.074182e-06 3.031387e-03
351 3.547575e-03 6.078321e-01
352 2.753881e-04 2.096431e-01
353 8.938279e-08 1.280263e-03
354 4.062137e-04 1.134638e-01
355 3.097004e-05 2.179159e-02
356 1.787035e-03 2.258530e-01
357 1.436632e-03 8.089035e-02
358 1.117734e-05 4.524618e-03
359 7.827725e-06 1.175302e-02
360 1.916440e-04 1.044282e-01
361 6.663032e-04 1.157750e-01
362 2.643973e-04 3.940295e-02
363 1.603898e-04 2.962639e-02
364 2.429226e-05 5.036267e-02
365 4.140284e-05 3.919739e-02
366 2.006326e-05 2.026364e-02
367 5.564948e-06 1.690862e-02
368 2.936176e-06 1.173318e-02
369 9.063876e-06 1.133534e-02
370 2.014071e-05 1.685440e-02
371 3.629779e-05 8.526450e-02
372 4.018117e-06 3.656958e-02
373 3.033314e-04 4.566360e-02
374 2.235171e-07 6.326396e-03
375 6.181330e-07 1.409038e-03
376 1.965042e-06 3.582857e-03
377 2.562799e-03 2.734122e-01
378 1.142928e-04 1.750484e-02
379 1.390669e-05 4.872312e-03
380 2.210765e-05 1.889457e-02
381 2.757792e-03 3.765857e-01
382 5.791177e-05 1.063230e-02
383 3.591712e-04 1.211466e-01
384 7.952468e-05 1.644757e-02
385 3.169163e-03 3.685630e-01
386 4.839342e-05 9.647747e-03
387 6.121940e-06 1.962163e-02
388 1.950497e-06 3.991719e-03
389 1.891195e-06 1.055842e-02
390 2.305913e-08 4.436378e-03
391 1.019734e-04 2.081106e-02
392 1.917532e-05 2.716722e-02
393 2.445326e-08 2.652280e-03
394 3.141601e-03 4.922946e-01
395 4.378477e-07 1.756028e-03
396 6.414885e-05 3.590313e-02
397 1.729137e-05 2.077543e-02
398 4.620789e-08 2.557160e-03
399 4.293421e-06 8.834017e-03
400 4.441617e-03 1.099146e+00
401 6.349442e-05 2.370075e-02
402 1.625899e-03 4.132796e-01
403 2.932756e-05 2.944594e-02
404 1.392250e-05 2.498022e-02
405 3.398774e-06 4.881114e-03
406 1.416128e-04 2.552876e-01
407 1.257971e-04 8.545235e-02
408 2.793333e-03 4.011047e-01
409 2.126809e-04 7.808872e-02
410 4.872208e-06 1.452771e-02
411 9.270712e-05 1.961444e-02
412 5.107589e-06 1.145708e-02
413 2.546923e-03 2.983810e-01
414 3.378226e-05 1.023917e-02
415 5.379497e-07 1.935415e-03
416 6.979352e-05 1.165969e-01
417 2.440398e-06 2.433386e-03
418 2.492856e-03 2.128218e-01
419 2.131781e-03 5.188386e-01
420 1.889220e-05 8.621350e-03
421 8.136972e-05 1.446926e-02
422 1.647636e-05 2.720741e-02
423 3.742470e-05 1.053550e-02
424 1.846240e-04 5.158334e-02
425 1.366102e-05 9.729040e-03
426 2.522996e-07 3.741575e-03
427 2.167567e-04 1.403121e-01
428 7.688410e-05 2.453229e-02
429 1.339642e-03 1.916478e-01
430 3.114396e-07 1.655169e-03
431 1.070063e-07 4.148899e-03
432 4.231052e-04 1.099802e-01
433 2.428253e-08 1.253527e-03
434 1.293539e-06 5.084536e-03
435 1.669276e-06 5.295274e-03
436 1.516313e-07 2.351265e-03
437 1.710446e-04 1.060814e-01
438 4.452535e-07 5.818450e-03
439 1.628893e-06 4.503752e-03
440 1.434819e-06 4.258988e-03
441 2.405781e-05 3.910107e-02
442 2.975501e-06 6.710135e-03
443 1.856292e-06 5.095813e-03
444 4.504051e-05 4.323267e-02
445 2.269175e-04 7.917953e-02
446 1.006515e-05 1.656840e-02
447 3.639722e-07 2.468613e-03
448 1.129311e-06 2.521365e-03
449 7.178028e-07 2.346857e-03
450 2.229159e-06 3.540199e-03
451 4.458232e-07 1.294805e-03
452 1.900448e-05 1.079436e-02
453 8.557019e-06 4.353257e-03
454 2.571603e-05 3.052447e-02
455 1.594794e-04 7.167410e-02
456 4.334176e-07 5.581067e-03
457 1.008859e-04 2.505867e-02
458 1.362874e-04 4.702398e-02
459 1.095135e-04 4.340924e-02
460 1.804553e-06 3.630378e-03
461 4.742523e-05 3.532929e-02
462 1.289301e-03 1.990994e-01
463 6.463872e-05 6.359360e-02
464 2.542128e-05 5.799145e-03
465 3.296708e-07 1.821868e-03
466 1.415017e-07 2.722498e-03
467 2.200074e-03 2.125209e-01
468 1.172596e-07 5.931862e-03
469 7.392523e-04 5.490292e-02
470 1.587963e-05 1.657343e-02
471 7.334056e-05 2.802450e-02
472 9.149161e-06 5.156946e-03
473 2.487872e-05 1.309427e-02
474 3.331252e-06 4.215166e-03
475 1.437056e-04 2.869440e-02
476 6.723595e-08 2.273866e-03
477 3.448153e-04 4.763149e-02
478 2.822216e-08 3.580709e-03
479 6.531815e-08 1.838139e-03
480 2.341759e-05 1.231430e-02
481 8.224666e-07 8.101176e-03
482 1.041869e-03 1.581501e-01
483 7.492916e-08 1.189701e-03
484 1.578803e-07 1.935983e-03
485 1.485824e-04 8.235558e-02
486 2.404879e-06 5.163564e-03
487 1.950793e-04 8.289093e-02
488 4.205178e-06 6.289993e-03
489 2.928886e-05 1.065404e-02
490 1.176115e-05 4.620842e-02
491 3.776668e-06 1.051856e-02
492 8.313658e-06 4.441319e-03
493 3.656840e-07 2.337582e-03
494 1.898579e-04 4.096255e-02
495 5.349742e-04 1.183735e-01
496 1.847962e-04 1.846569e-01
497 1.307360e-04 1.155641e-01
498 1.913030e-05 4.011322e-02
499 9.809816e-06 7.986739e-03
500 3.316061e-07 9.708545e-03
501 3.953343e-03 3.967438e-01
502 2.427194e-05 1.836894e-02
503 1.319377e-04 4.684355e-02
504 8.598941e-03 3.936248e-01
505 2.024977e-06 6.121056e-03
506 3.025207e-06 1.287926e-02
507 5.761210e-06 9.445848e-03
508 4.490619e-05 1.292409e-02
509 5.998286e-04 3.026925e-01
510 1.341077e-06 9.815655e-03
511 1.027192e-06 4.800839e-03
512 6.080403e-07 2.021399e-03
513 1.222404e-04 2.955503e-02
514 1.514781e-06 1.965742e-02
515 3.646958e-05 5.638695e-02
516 1.076663e-04 5.835895e-02
517 6.882434e-06 6.973805e-03
518 4.403990e-07 4.523784e-03
519 3.060811e-06 1.059764e-02
520 5.268884e-08 1.499915e-03
521 1.983662e-05 2.711265e-02
522 1.071034e-06 3.241910e-03
523 1.743778e-06 7.836708e-03
524 1.835518e-04 5.821984e-02
525 3.055771e-04 6.621047e-02
526 8.693298e-06 1.625325e-02
527 1.910054e-04 1.419052e-01
528 1.000631e-03 3.871589e-02
529 1.597217e-03 1.038803e-01
530 2.174187e-04 2.126377e-02
531 3.171310e-09 1.574021e-03
532 4.097958e-06 9.491124e-03
533 5.941207e-07 2.696987e-03
534 1.022827e-04 8.467158e-02
535 6.974330e-04 2.166935e-01
536 1.720464e-04 4.011148e-02
537 7.785202e-04 2.303882e-01
538 6.529696e-05 9.348681e-02
539 5.753963e-05 5.048127e-02
540 2.057801e-05 2.785457e-02
541 3.187004e-03 4.754268e-01
542 1.363987e-05 1.034686e-02
543 1.496388e-05 3.492525e-03
544 2.676497e-04 6.234279e-02
545 8.687499e-07 9.451496e-03
546 6.269702e-06 1.402898e-02
547 5.120188e-05 4.582160e-02
548 4.692121e-05 1.397953e-02
549 8.535474e-06 2.822358e-02
550 1.832929e-08 5.836464e-03
551 9.205974e-05 8.694711e-03
552 5.238050e-07 2.611888e-03
553 3.862571e-06 7.105005e-03
554 6.445323e-08 3.018843e-03
555 6.419464e-05 6.857230e-02
556 1.046054e-05 7.087636e-03
557 1.319941e-04 6.871166e-02
558 1.028691e-06 8.102988e-03
559 1.512745e-04 4.060764e-02
560 4.085390e-07 3.337911e-03
561 8.064253e-06 3.262024e-02
562 3.701894e-06 1.686875e-03
563 1.007779e-02 9.549823e-01
564 3.106236e-03 5.452915e-01
565 5.144966e-06 3.418994e-03
566 3.997957e-05 1.731048e-02
567 3.253104e-05 4.706192e-02
568 1.682689e-04 7.884951e-02
569 1.612936e-05 9.582782e-03
570 7.634662e-05 4.607686e-02
571 5.264327e-04 3.522367e-02
572 1.302007e-04 5.094911e-02
573 1.008638e-04 6.785206e-02
574 4.328701e-06 5.188611e-03
575 1.073636e-06 4.010436e-03
576 5.587829e-06 8.862680e-03
577 1.167114e-07 2.684567e-03
578 2.677944e-06 3.787727e-03
579 6.835826e-05 1.450586e-02
580 9.488961e-07 5.871613e-03
581 1.454827e-04 6.590540e-02
582 7.619867e-06 1.479035e-02
583 1.516870e-03 3.927762e-01
584 1.947430e-04 5.935647e-02
585 6.830117e-05 4.211142e-02
586 2.043272e-04 5.245105e-02
587 1.657724e-05 1.152034e-02
588 1.642028e-05 5.506664e-02
589 8.482086e-05 1.534056e-02
590 3.649568e-06 1.218535e-02
591 1.729569e-05 2.608300e-02
592 1.879052e-03 3.623183e-01
593 5.276247e-06 8.968468e-03
594 1.115714e-04 7.918165e-02
595 2.034980e-06 5.442114e-03
596 1.983867e-07 1.362080e-03
597 1.601025e-06 2.192865e-03
598 8.861950e-05 3.744516e-02
599 1.317065e-05 1.579247e-02
600 1.040827e-05 4.518210e-03
601 1.034458e-06 4.140498e-03
602 3.564867e-05 2.049454e-02
603 6.840056e-05 2.499328e-02
604 2.993610e-07 2.053765e-03
605 6.113347e-04 8.707017e-02
606 2.601426e-04 2.632593e-02
607 1.946973e-06 5.146510e-03
608 7.450994e-05 1.174402e-02
609 1.430088e-05 1.378323e-02
610 1.248492e-05 1.470035e-02
611 5.031098e-07 2.503345e-03
612 5.481532e-06 3.460794e-02
613 1.818782e-07 5.327377e-03
614 2.402050e-06 5.314802e-03
615 6.274758e-08 5.938048e-03
616 2.530859e-04 2.082930e-02
617 1.720196e-06 1.365599e-02
618 2.826864e-07 8.373950e-03
619 2.737322e-06 6.182451e-03
620 1.171018e-06 3.815466e-03
621 1.024150e-06 3.349274e-03
622 1.572853e-03 1.228040e-01
623 1.164201e-05 1.476563e-02
624 1.224974e-06 4.232370e-03
625 3.066298e-06 1.164234e-02
626 3.628274e-06 6.166115e-03
627 9.769210e-07 3.570894e-03
628 6.542761e-05 2.511955e-02
629 1.206260e-06 1.953660e-03
630 3.345871e-05 1.079821e-02
631 1.296845e-05 1.042886e-02
632 1.859175e-07 1.250215e-03
633 8.031123e-04 2.619119e-01
634 2.489119e-05 2.056130e-02
635 1.695754e-06 8.548743e-03
636 7.919500e-06 2.085600e-02
637 1.866308e-06 1.149558e-02
638 3.275257e-07 2.164377e-03
639 2.315640e-07 1.573347e-03
640 4.951996e-07 2.421472e-03
641 9.288582e-08 1.518332e-03
642 1.733017e-06 5.245639e-03
643 5.909396e-05 7.525536e-02
644 5.390136e-04 7.764760e-02
645 2.599986e-05 3.494805e-02
646 1.865187e-06 1.401718e-02
647 6.277755e-06 5.437742e-03
648 7.504278e-05 2.975387e-02
649 9.138510e-04 3.133816e-01
650 4.151444e-06 4.449919e-03
651 1.652405e-06 8.369305e-03
652 9.010262e-05 3.777208e-02
653 1.781043e-07 4.765872e-03
654 2.649488e-06 4.658005e-03
655 1.731784e-06 8.878638e-03
656 6.013212e-07 2.769040e-03
657 2.549804e-04 1.804788e-02
658 9.072504e-04 4.465110e-02
659 2.066801e-05 1.502447e-02
660 5.132558e-04 9.149037e-02
661 4.475898e-07 5.455845e-03
662 1.634968e-03 9.622669e-02
663 3.528429e-03 5.305767e-01
664 1.580046e-04 4.415160e-02
665 6.408762e-06 8.886821e-03
666 1.813693e-05 1.156301e-02
667 1.178948e-04 6.918147e-03
668 8.802868e-04 1.035783e-01
669 5.312251e-04 7.585617e-02
670 3.186096e-07 9.322737e-03
671 7.258435e-06 1.860276e-02
672 1.114295e-05 2.446496e-02
673 1.038882e-05 9.902284e-03
674 1.041558e-06 2.054504e-03
675 1.921187e-04 1.257560e-01
676 3.608565e-06 5.369706e-03
677 5.553223e-09 1.338793e-03
678 9.812064e-06 5.520156e-03
679 3.903036e-04 1.095695e-01
680 1.476439e-04 2.602876e-02
681 5.838603e-04 5.231908e-02
682 3.496190e-05 9.141796e-03
683 1.209345e-05 2.961511e-02
684 1.915799e-05 1.695800e-02
685 4.442615e-08 2.167461e-03
686 3.370385e-06 1.799673e-02
687 5.844281e-04 3.544807e-01
688 4.629952e-05 2.320517e-02
689 2.661111e-06 1.004310e-02
690 2.008203e-07 2.005518e-03
691 3.645882e-04 7.112509e-02
692 7.926193e-07 2.834705e-03
693 9.043761e-06 1.896091e-02
694 2.366892e-04 6.020958e-02
695 5.093273e-04 1.958601e-01
696 8.956958e-04 4.717709e-01
697 8.703384e-06 7.542708e-03
698 1.469079e-04 1.217248e-01
699 6.633737e-08 1.526695e-03
700 3.483132e-05 4.038483e-02
701 4.940237e-05 1.627047e-02
702 1.111481e-07 1.229409e-03
703 6.047328e-07 3.992760e-03
704 5.049446e-09 1.311427e-03
705 1.086031e-03 6.206863e-02
706 4.291520e-07 1.705939e-03
707 1.299606e-04 3.796059e-02
708 3.791823e-09 4.995724e-03
709 1.562144e-08 2.938873e-03
710 7.389727e-07 6.171589e-03
711 7.725651e-08 1.203512e-03
712 1.941794e-06 4.585544e-03
713 5.636166e-07 6.403036e-03
714 3.890154e-08 2.449268e-03
715 2.930716e-05 1.370718e-02
716 8.013084e-05 1.494941e-02
717 1.081141e-06 5.271039e-03
718 1.915856e-09 2.642170e-03
719 2.116401e-03 2.873535e-01
720 3.020979e-09 1.188199e-03
721 6.959366e-05 4.060105e-03
722 1.357466e-08 2.732022e-03
723 3.356207e-06 1.607739e-02
724 1.263896e-06 3.366388e-03
725 3.652891e-08 1.463894e-03
726 2.258565e-04 2.951593e-02
727 2.198487e-07 4.366232e-03
728 6.832199e-06 7.556166e-03
729 1.206015e-06 7.291798e-03
730 2.689871e-06 2.701995e-03
731 1.751918e-04 6.962614e-02
732 5.846552e-09 1.364401e-03
733 5.697074e-11 9.157486e-04
734 7.419176e-07 2.937617e-03
735 7.465128e-07 3.379175e-03
736 8.996928e-05 1.437551e-02
737 2.130185e-08 1.363069e-03
738 7.697874e-05 7.553757e-02
739 7.709691e-07 3.495789e-03
740 8.664876e-05 1.907277e-02
741 6.134098e-06 8.256930e-03
742 1.028535e-04 1.598113e-02
743 2.966356e-03 3.915667e-01
744 7.438224e-08 2.637379e-03
745 2.524737e-07 2.515279e-03
746 9.860324e-06 1.204589e-02
747 2.539505e-04 1.407931e-02
748 2.704529e-04 4.472850e-02
749 1.437963e-04 1.637424e-01
750 4.972906e-06 6.627826e-03
751 1.065440e-05 1.141661e-02
752 3.203830e-07 1.945184e-03
753 2.181404e-07 2.979346e-03
754 2.006374e-04 8.527011e-02
755 3.206695e-05 1.788551e-02
756 1.063080e-04 2.209269e-02
757 3.379452e-08 1.515269e-03
758 7.508153e-05 1.502508e-02
759 2.895859e-05 1.652065e-02
760 6.378247e-07 2.238317e-03
761 9.608970e-05 1.491192e-02
762 3.594541e-05 1.261466e-02
763 1.005993e-07 1.963127e-03
764 1.446919e-06 9.755339e-03
765 1.599583e-08 1.044112e-02
766 9.473903e-07 5.384157e-03
767 4.102458e-06 5.701541e-03
768 6.446879e-05 1.412390e-02
769 3.614215e-06 7.014237e-03
770 3.319402e-04 4.334350e-02
771 7.264321e-06 3.537852e-03
772 5.848060e-09 1.549875e-03
773 3.488110e-07 1.602673e-02
774 1.697825e-07 1.942321e-03
775 3.338842e-05 7.254021e-02
776 2.269536e-04 4.897225e-02
777 1.234589e-04 2.436574e-02
778 1.725362e-05 2.140979e-02
779 9.305366e-04 6.487393e-02
780 2.181221e-05 1.063763e-02
781 4.903976e-05 2.938466e-02
782 2.817800e-06 3.699774e-03
783 6.927115e-06 7.813458e-03
784 1.308182e-06 5.995115e-03
785 1.664161e-04 1.624172e-02
786 5.121626e-05 1.985534e-02
787 4.374779e-05 1.448954e-02
788 4.073583e-05 1.794265e-02
789 2.741324e-08 1.347220e-03
790 5.704849e-04 9.506709e-02
791 9.667981e-05 8.491735e-03
792 1.225436e-06 4.646525e-03
793 1.345532e-05 8.448354e-03
794 5.132417e-06 4.762540e-03
795 2.477582e-03 4.830265e-01
796 2.210028e-07 3.126114e-03
797 7.305808e-04 1.697265e-01
798 1.379739e-03 2.717901e-01
799 5.417910e-06 3.897543e-03
800 2.659305e-04 2.652969e-02
801 8.671993e-07 4.087666e-03
802 1.261306e-04 3.646208e-02
803 1.503203e-04 7.823092e-02
804 2.230667e-05 1.497866e-02
805 1.102567e-06 3.990744e-03
806 1.267997e-03 1.061777e-01
807 8.957814e-05 5.084304e-02
808 2.498201e-06 3.505355e-03
809 5.292012e-04 2.243203e-01
810 2.708261e-05 7.902334e-03
811 1.007680e-05 2.596339e-02
812 7.862461e-07 6.802417e-03
813 3.278163e-06 5.649334e-03
814 1.633267e-05 9.190331e-03
815 7.107445e-05 2.410187e-02
816 1.084375e-03 1.026238e-01
817 1.996386e-03 3.503698e-01
818 1.621234e-06 3.539935e-03
819 1.111651e-04 9.015451e-02
820 2.791721e-04 3.629551e-02
821 2.404049e-05 2.533223e-02
822 1.528129e-07 3.553304e-03
823 1.850172e-06 9.282168e-03
824 3.046601e-05 2.557335e-02
825 6.281908e-05 2.501779e-02
826 3.106956e-05 7.331609e-03
827 1.748996e-05 4.589018e-03
828 5.626211e-05 2.954196e-02
829 4.875130e-05 1.332420e-02
830 1.750500e-03 1.395409e-01
831 6.642559e-05 8.040862e-03
832 9.590227e-06 6.794111e-03
833 7.583352e-06 2.098912e-02
834 1.276597e-05 2.091822e-02
835 1.675504e-07 2.245750e-03
836 1.402332e-08 1.025792e-03
837 4.633457e-06 1.450876e-02
838 2.086637e-05 3.860669e-03
839 1.457392e-05 1.467699e-02
840 2.984207e-05 3.489072e-02
841 1.334127e-04 2.472754e-02
842 1.856871e-03 2.813087e-01
843 7.444026e-05 2.235473e-02
844 1.511827e-05 3.512290e-02
845 7.611657e-06 3.238948e-02
846 3.519711e-04 1.819836e-02
847 7.179666e-05 1.161327e-02
848 2.490287e-04 7.297003e-02
849 1.500359e-06 5.706466e-03
850 6.309997e-03 5.958140e-01
851 6.782770e-05 1.132020e-02
852 6.435063e-04 1.696673e-01
853 2.257484e-03 1.594915e-01
854 8.306695e-05 7.019770e-02
855 6.762087e-04 1.269266e-01
856 9.037770e-05 3.167173e-02
857 1.124509e-03 1.910943e-01
858 7.626214e-06 1.945645e-02
859 1.530970e-07 3.860399e-03
860 5.225419e-05 3.709243e-02
861 5.319273e-08 1.638778e-03
862 4.381254e-05 1.807186e-02
863 5.737976e-04 4.130287e-02
864 6.033698e-06 7.307539e-03
865 6.226894e-04 6.402123e-02
866 4.672499e-04 1.218044e-01
867 2.679980e-03 3.912674e-01
868 2.726812e-06 6.229236e-03
869 5.333122e-06 3.222971e-02
870 3.293637e-05 4.018873e-02
871 3.851846e-05 2.580575e-02
872 1.089303e-03 1.870631e-01
873 2.358009e-05 6.822162e-02
874 1.407823e-03 1.097678e-01
875 9.783949e-06 5.517717e-03
876 1.972277e-09 1.062562e-03
877 5.798961e-07 9.340287e-03
878 8.368830e-04 1.979510e-01
879 1.890489e-04 6.518127e-02
880 1.083333e-05 1.002776e-02
881 6.331680e-08 2.288964e-03
882 8.418090e-05 5.453289e-02
883 4.785959e-03 3.528821e-01
884 2.583788e-04 6.221683e-02
885 3.776593e-04 5.872203e-02
886 2.748700e-07 7.830398e-03
887 3.379399e-06 1.324086e-02
888 8.398620e-06 1.233858e-02
889 2.980277e-06 2.278846e-02
890 2.559124e-06 2.310171e-02
891 4.579037e-04 1.910842e-01
892 9.754528e-08 2.849866e-03
893 4.988451e-05 3.559291e-02
894 3.309224e-06 6.124644e-03
895 6.182338e-04 6.389242e-02
896 2.182655e-06 5.432661e-02
897 3.099123e-04 5.339535e-02
898 1.698529e-05 8.089713e-03
899 5.385056e-06 1.387432e-02
900 6.688107e-06 1.600559e-02
901 2.192920e-04 7.043253e-02
902 1.380895e-06 2.077480e-03
903 4.127835e-05 3.220828e-02
904 6.918911e-07 2.105247e-02
905 1.634353e-07 6.658829e-03
906 9.839026e-07 8.166804e-03
907 2.285388e-07 2.058387e-03
908 7.359716e-07 8.968852e-03
909 3.357637e-05 2.520187e-02
910 5.727232e-05 2.589563e-02
911 7.863270e-07 2.113924e-02
912 4.957096e-06 1.025631e-02
913 3.582268e-07 3.380787e-03
914 6.142024e-07 7.493331e-03
915 2.054251e-04 4.831034e-02
916 4.506175e-08 2.826001e-03
917 6.948198e-08 2.390185e-03
918 1.821760e-07 2.632191e-03
919 9.029457e-05 1.581364e-01
920 1.048381e-07 6.481372e-03
921 5.871699e-06 3.574138e-03
922 5.260695e-06 1.613225e-02
923 5.289024e-08 5.131109e-03
924 9.455790e-04 1.677602e-01
925 2.232672e-04 4.992697e-02
926 8.622874e-05 3.436566e-02
927 2.571090e-04 1.144392e-01
928 1.975113e-05 4.293844e-02
929 2.422191e-04 1.134125e-01
930 4.815816e-05 3.545250e-02
931 4.419131e-06 1.185060e-02
932 8.680935e-05 4.032874e-02
933 7.673046e-08 2.970139e-03
934 1.978829e-05 7.970303e-03
935 1.033802e-06 3.542224e-03
936 6.166503e-05 2.644355e-02
937 4.636928e-08 5.814347e-03
938 4.477683e-08 2.373879e-03
939 2.762750e-06 9.820789e-03
940 2.485593e-05 9.044732e-02
941 4.187920e-07 3.322407e-03
942 1.450115e-04 1.187454e-01
943 4.631918e-05 1.995916e-02
944 8.574215e-10 1.972701e-03
945 9.080481e-05 2.098138e-02
946 5.470110e-08 2.221412e-03
947 1.146205e-05 1.845548e-02
948 6.185778e-08 1.517442e-03
949 7.461348e-06 1.673556e-02
950 1.610490e-04 7.534915e-02
951 3.118629e-07 3.012067e-02
952 4.568153e-05 3.774758e-02
953 9.058306e-09 2.418172e-03
954 2.843063e-05 3.435748e-02
955 3.517353e-06 4.096718e-03
956 5.251370e-05 1.562284e-02
957 1.073455e-04 2.595687e-02
958 2.013679e-04 2.196235e-02
959 6.736641e-06 1.990691e-02
960 5.791789e-08 2.432950e-03
961 8.546600e-08 9.509923e-03
962 1.233428e-07 1.074430e-02
963 6.632549e-07 3.505611e-03
964 1.386665e-06 1.890190e-03
965 8.173170e-04 4.802291e-02
966 1.265308e-04 9.038116e-03
967 2.209657e-06 7.793849e-03
968 1.548037e-04 2.915481e-02
969 4.880918e-04 7.125859e-02
970 3.531407e-05 1.691459e-02
971 6.403433e-06 7.187550e-03
972 8.489135e-05 3.446105e-02
973 1.065759e-05 7.861933e-03
974 5.275632e-05 6.096279e-03
975 1.533765e-04 8.224841e-02
976 5.335274e-04 2.495546e-01
977 3.767794e-05 1.093875e-02
978 2.407242e-05 2.299651e-02
979 8.176881e-07 2.899673e-03
980 1.170656e-05 2.036442e-02
981 8.715305e-05 1.706427e-02
982 2.996924e-07 1.373738e-03
983 2.260003e-07 3.780171e-03
984 8.959612e-06 1.914154e-02
985 4.006578e-05 5.821710e-02
986 5.647849e-04 2.750549e-01
987 7.534535e-07 6.162509e-03
988 7.106148e-07 2.056201e-03
989 4.507210e-04 2.728432e-02
990 8.136401e-07 2.245493e-03
991 2.238294e-03 3.628926e-01
992 4.849472e-06 6.492661e-03
993 1.072649e-05 9.034441e-03
994 1.642397e-09 1.343314e-03
995 5.123943e-06 1.489444e-02
996 1.228694e-03 3.508671e-01
997 5.262576e-06 7.618881e-03
998 2.593663e-06 3.677944e-03
999 1.082802e-04 1.854290e-02
1000 2.733064e-09 1.344462e-03
1001 3.277243e-06 8.860838e-03
1002 1.374459e-04 9.047221e-02
1003 6.934986e-05 1.826387e-02
1004 8.019022e-06 3.434998e-02
1005 3.083476e-06 2.039535e-03
1006 4.488583e-05 1.253860e-01
1007 4.245250e-07 2.996105e-03
1008 1.510205e-04 1.407417e-02
1009 1.952821e-07 1.974246e-03
1010 9.948880e-05 1.556528e-02
1011 5.514072e-07 1.727198e-02
1012 3.243028e-04 2.398229e-01
1013 2.687231e-05 1.162582e-02
1014 8.525687e-06 7.673588e-03
1015 1.774082e-05 3.021899e-02
1016 4.215347e-05 1.277279e-02
1017 1.174387e-03 2.217390e-01
1018 5.417778e-05 9.388897e-02
1019 2.372826e-08 1.929204e-03
1020 2.612922e-07 1.102108e-02
1021 9.178592e-06 1.345342e-02
1022 3.848440e-08 1.413963e-03
1023 7.914244e-06 1.715956e-02
1024 9.767263e-06 9.810161e-03
1025 2.667864e-08 1.526537e-03
1026 6.090350e-09 1.937613e-03
1027 1.603949e-05 9.240910e-03
1028 7.402881e-05 8.948292e-02
1029 1.116420e-05 5.877204e-03
1030 2.079840e-06 3.030017e-03
1031 4.222837e-06 9.451776e-03
1032 1.116574e-03 2.391132e-01
1033 7.354412e-08 1.549122e-03
1034 1.500270e-04 2.179936e-02
1035 1.657657e-05 1.302829e-02
1036 5.130378e-04 1.040568e-01
1037 5.076331e-08 3.019525e-03
1038 7.794112e-07 3.001840e-03
1039 1.575904e-05 8.509899e-03
1040 3.521132e-07 3.085197e-03
1041 2.053812e-03 2.032899e-01
1042 1.102304e-05 7.417556e-03
1043 6.419971e-08 1.238320e-03
1044 4.316106e-06 3.477193e-03
1045 1.078691e-07 2.383127e-03
1046 5.652928e-10 1.277338e-03
1047 2.916200e-08 1.278608e-03
1048 1.714333e-06 4.663043e-03
1049 7.626961e-08 1.160311e-03
1050 2.321255e-03 5.192880e-01
1051 1.325366e-04 3.972490e-02
1052 2.174408e-06 2.730795e-03
1053 2.093074e-05 8.455641e-03
1054 4.014018e-08 1.866034e-03
1055 1.146193e-08 1.156203e-03
1056 1.435416e-06 8.674815e-03
1057 1.352565e-05 1.229425e-02
1058 1.459445e-07 1.556138e-03
1059 2.929919e-04 4.448101e-02
1060 1.810770e-08 1.474914e-03
1061 1.388623e-06 2.810735e-03
1062 1.365118e-08 1.140198e-03
1063 1.357604e-05 2.465967e-02
1064 5.770942e-05 4.637040e-02
1065 3.288607e-08 1.807318e-03
1066 8.191574e-08 1.186185e-03
1067 9.642953e-06 1.298612e-02
1068 4.751845e-07 1.766866e-03
1069 2.236133e-06 2.789842e-03
1070 4.364237e-08 1.191272e-03
1071 2.385863e-06 1.813637e-03
1072 4.507973e-07 2.525863e-03
1073 1.083681e-07 1.336268e-03
1074 9.490717e-08 1.902455e-03
1075 4.110288e-07 3.702100e-03
1076 3.195686e-06 3.976149e-03
1077 3.439865e-06 5.194227e-03
1078 9.448381e-06 1.254361e-02
1079 7.078656e-07 4.450132e-03
1080 2.271093e-04 4.774652e-02
1081 6.554437e-05 4.922658e-02
1082 2.249127e-06 3.536546e-03
1083 1.321094e-05 4.572117e-03
1084 2.637984e-08 1.203824e-03
1085 7.402409e-07 1.774423e-03
1086 8.309399e-07 2.955934e-03
1087 4.741205e-07 1.380585e-03
1088 1.409419e-05 6.918661e-03
1089 5.017876e-07 1.339109e-03
1090 7.262572e-09 1.203736e-03
1091 2.471801e-07 1.653228e-03
1092 2.285308e-06 2.110595e-03
1093 8.962314e-06 2.294171e-02
1094 2.139925e-05 1.262889e-02
1095 2.526315e-06 2.946726e-03
1096 1.065495e-04 2.795358e-02
1097 4.938604e-05 5.007322e-02
1098 9.971640e-07 7.974830e-03
1099 5.098690e-08 3.596205e-03
1100 5.041322e-09 1.118527e-03
1101 6.348213e-06 2.407127e-02
1102 6.254003e-06 1.176291e-02
1103 4.533999e-07 3.838130e-03
1104 4.368189e-05 2.752805e-02
1105 4.389889e-08 2.106783e-03
1106 2.764425e-03 2.291784e-01
1107 2.646405e-07 2.589898e-03
1108 3.357483e-06 8.086085e-03
1109 7.567834e-09 1.817594e-03
1110 3.629568e-06 1.035099e-02
1111 2.781107e-07 2.180663e-03
1112 1.684171e-09 1.790128e-03
1113 7.898065e-06 1.420183e-02
1114 3.035946e-05 1.648854e-02
1115 2.250292e-04 1.400667e-01
1116 9.437367e-09 1.968246e-03
1117 5.223820e-04 1.851532e-01
1118 1.815461e-06 4.932671e-03
1119 3.181703e-05 2.907787e-02
1120 6.049606e-05 6.588723e-02
1121 6.368700e-05 7.356308e-03
1122 1.640358e-05 1.969863e-02
1123 8.026109e-07 3.605164e-03
1124 8.555232e-06 1.413486e-02
1125 9.522716e-06 4.125129e-03
1126 8.571305e-07 6.881665e-03
1127 1.282840e-07 4.339829e-03
1128 1.836662e-05 4.020402e-02
1129 2.065938e-05 8.027850e-03
1130 6.781673e-06 1.218605e-02
1131 6.813305e-05 6.864249e-02
1132 4.282980e-05 1.011388e-02
1133 1.221496e-06 2.161909e-03
1134 9.515755e-04 6.070134e-02
1135 3.844213e-05 1.386323e-02
1136 5.683971e-04 7.351780e-02
1137 3.673033e-06 2.214610e-02
1138 3.965066e-08 1.864827e-03
1139 5.941440e-06 6.063229e-03
1140 3.391538e-09 2.155738e-03
1141 3.496903e-06 5.257887e-03
1142 1.314385e-04 5.790634e-02
1143 1.240522e-05 7.771408e-02
1144 3.618789e-08 6.471026e-03
1145 1.266356e-05 2.396165e-02
1146 1.760846e-03 4.001441e-01
1147 1.244500e-04 5.740275e-02
1148 7.153276e-08 2.414462e-03
1149 3.632084e-04 1.000168e-01
1150 1.210272e-08 2.359553e-03
1151 6.036263e-04 9.547001e-02
1152 6.675979e-04 7.755064e-02
1153 1.131308e-05 5.851992e-03
1154 5.899055e-08 1.932796e-03
1155 2.100672e-03 2.533357e-01
1156 1.093973e-06 2.688147e-03
1157 2.055534e-04 4.116313e-02
1158 6.370253e-06 5.422603e-03
1159 1.341347e-08 1.510988e-03
1160 3.318181e-06 2.869508e-03
1161 1.077400e-05 1.950087e-02
1162 8.918879e-04 2.077130e-01
1163 5.980198e-05 1.044747e-02
1164 5.128989e-05 5.443043e-02
1165 1.222724e-03 4.295063e-01
1166 4.707571e-04 3.176265e-02
1167 4.129185e-05 1.092481e-01
1168 1.846423e-04 3.761333e-02
1169 8.098906e-07 7.995542e-03
1170 2.183043e-06 6.032220e-03
1171 2.137686e-06 9.871848e-03
1172 3.795080e-05 8.163113e-02
1173 8.224393e-09 1.100966e-03
1174 4.356983e-04 2.454047e-01
1175 4.414978e-05 2.427231e-02
1176 1.513916e-08 1.778547e-03
1177 2.820232e-04 9.634338e-02
1178 1.661320e-03 2.680645e-01
1179 1.379699e-04 2.024558e-02
1180 1.834654e-05 7.522442e-03
1181 5.707144e-07 1.901490e-03
1182 2.328702e-06 8.412876e-03
1183 4.575801e-04 1.303029e-01
1184 2.113865e-04 3.137009e-02
1185 3.250498e-06 1.074802e-02
1186 3.791494e-04 6.494271e-02
1187 1.737845e-04 5.607097e-02
1188 3.638523e-06 2.033515e-03
1189 5.440199e-07 2.563013e-03
1190 3.810918e-09 1.991119e-03
1191 2.802392e-06 2.752069e-03
1192 1.439641e-04 1.150375e-01
1193 7.339605e-08 3.226631e-03
1194 3.544601e-05 2.528573e-02
1195 8.878097e-04 1.708530e-01
1196 2.233424e-06 5.292098e-03
1197 1.175348e-06 3.482529e-03
1198 2.207319e-06 2.326999e-03
1199 1.648320e-03 1.631821e-01
1200 6.202074e-04 1.507337e-01
1201 3.796190e-09 1.124530e-03
1202 1.186136e-04 1.882667e-02
1203 2.350398e-05 3.590887e-02
1204 1.409009e-05 6.501620e-03
1205 9.871666e-09 1.941313e-03
1206 2.096184e-04 8.671667e-02
1207 3.952758e-06 5.003776e-03
1208 1.780672e-05 5.360743e-03
1209 3.620157e-04 6.565031e-02
1210 3.894750e-04 4.643004e-02
1211 1.968409e-04 2.844344e-02
1212 1.219737e-06 3.717429e-03
1213 2.660611e-07 4.975279e-03
1214 9.308590e-05 9.353275e-03
1215 2.965012e-07 2.608482e-03
1216 6.793744e-08 2.216582e-03
1217 3.073442e-06 2.742616e-02
1218 7.657113e-07 5.337439e-03
1219 7.899476e-06 1.223196e-02
1220 1.526772e-05 2.291166e-02
1221 1.187703e-04 2.433602e-02
1222 7.777099e-06 2.314806e-02
1223 7.728395e-05 3.522290e-02
1224 8.635165e-06 8.741083e-03
1225 1.207774e-06 2.844642e-03
1226 7.150654e-07 1.807681e-03
1227 6.612818e-06 5.572211e-03
1228 8.721629e-05 1.550420e-02
1229 1.819311e-04 2.939844e-02
1230 4.925282e-07 7.451848e-03
1231 1.868132e-05 3.797647e-02
1232 3.684903e-08 5.676478e-03
1233 3.141434e-05 2.225915e-02
1234 4.657512e-08 7.612193e-03
1235 2.837077e-05 5.094635e-02
1236 9.363647e-07 4.662725e-03
1237 2.124660e-04 1.377051e-01
1238 6.560139e-06 1.338022e-02
1239 4.150319e-06 6.722383e-03
1240 4.545048e-06 3.935717e-03
1241 2.018319e-05 6.645301e-03
1242 4.303645e-04 2.226618e-01
1243 5.897852e-04 6.272301e-02
1244 2.247536e-06 3.549727e-03
1245 1.298871e-05 6.492687e-03
1246 1.452961e-08 2.013197e-03
1247 1.088365e-04 6.195124e-03
1248 1.129746e-04 5.145353e-02
1249 2.164109e-07 9.774302e-03
1250 4.211206e-07 6.189691e-03
1251 1.855939e-06 1.415867e-02
1252 4.977779e-06 5.265591e-03
1253 7.809097e-04 2.430513e-01
1254 3.778725e-07 5.341290e-03
1255 4.980226e-06 2.128494e-02
1256 1.549108e-05 4.406599e-03
1257 7.402304e-05 8.272062e-02
1258 1.570119e-07 4.827719e-03
1259 2.003784e-04 5.465439e-02
1260 5.196986e-04 2.613506e-01
1261 9.456114e-06 5.297316e-03
1262 3.990188e-05 2.002874e-02
1263 7.180745e-05 4.754148e-02
1264 7.191274e-06 3.142714e-02
1265 1.750527e-05 9.676576e-03
1266 1.507974e-05 3.435460e-02
1267 2.858915e-06 1.743555e-02
1268 2.819168e-06 9.019189e-03
1269 6.626506e-05 1.450707e-02
1270 5.797735e-03 4.943655e-01
1271 1.439176e-03 1.752523e-01
1272 3.595946e-08 1.266056e-03
1273 2.297366e-04 3.958658e-02
1274 1.514287e-05 1.812558e-02
1275 3.043229e-04 4.509911e-02
1276 2.311458e-03 1.672463e-01
1277 9.638859e-04 1.441276e-01
1278 1.746805e-03 2.155915e-01
1279 2.060104e-06 2.370556e-03
1280 3.196200e-04 1.391893e-01
1281 4.201235e-06 6.358924e-03
1282 1.479889e-04 3.614440e-02
1283 1.002854e-05 2.051775e-02
1284 4.531597e-06 4.408842e-03
1285 7.205068e-04 8.127648e-02
1286 4.807630e-08 3.200016e-03
1287 1.717396e-04 2.920936e-02
1288 2.837500e-04 2.926015e-02
1289 3.250196e-05 1.262308e-02
1290 1.940472e-05 2.879079e-02
1291 7.415160e-05 1.284365e-02
1292 1.079772e-03 3.279879e-01
1293 5.352932e-07 3.318697e-03
1294 1.206712e-06 5.708383e-03
1295 1.702268e-06 3.283212e-03
1296 1.785440e-06 1.282032e-02
1297 6.233865e-05 5.408782e-02
1298 1.725977e-05 1.318580e-02
1299 3.415211e-05 6.188040e-03
1300 5.460623e-07 2.808792e-03
1301 3.666410e-07 3.084601e-03
1302 1.876680e-04 4.458730e-02
1303 4.702993e-06 8.108133e-03
1304 1.189639e-05 7.913235e-03
1305 3.354133e-04 3.771274e-02
1306 9.542724e-05 2.033367e-02
1307 3.398418e-05 6.187642e-03
1308 3.873912e-07 2.536638e-03
1309 8.844873e-05 4.338496e-02
1310 1.250594e-08 1.447964e-03
1311 1.703749e-03 3.888272e-01
1312 1.775839e-04 1.279884e-01
1313 3.144848e-07 1.727764e-03
1314 8.366829e-06 8.318198e-03
1315 4.172649e-06 3.107512e-03
1316 2.426869e-07 2.179519e-03
1317 7.961324e-09 1.374630e-03
1318 1.373249e-04 4.508489e-02
1319 2.548905e-03 2.514479e-01
1320 7.605313e-07 3.845977e-03
1321 5.107937e-06 1.309654e-02
1322 6.478651e-09 1.135155e-03
1323 1.155537e-06 2.195700e-03
1324 7.291736e-04 7.003872e-02
1325 1.593362e-06 9.629338e-03
1326 1.064070e-05 5.370552e-03
1327 2.547885e-05 2.371870e-02
1328 2.376119e-07 2.655545e-03
1329 4.540520e-05 2.063234e-02
1330 1.253345e-05 7.972529e-03
1331 1.541282e-07 2.113338e-03
1332 2.066628e-07 1.440729e-03
1333 8.170240e-05 1.622283e-02
1334 1.806231e-05 1.176554e-02
1335 7.143474e-07 1.165358e-02
1336 2.031517e-05 5.988952e-03
1337 4.908283e-04 4.862636e-02
1338 2.345091e-06 7.145605e-03
1339 1.174245e-03 1.271148e-01
1340 3.256855e-05 1.246323e-02
1341 2.701693e-04 2.781062e-01
1342 1.412235e-07 2.463272e-03
1343 3.265248e-07 2.141679e-03
1344 1.257981e-06 3.355331e-03
1345 3.630827e-05 1.375190e-02
1346 3.069710e-05 2.723232e-02
1347 5.559031e-08 1.351581e-03
1348 5.976497e-04 2.214015e-02
1349 2.025704e-04 1.130630e-01
1350 1.276332e-05 1.067485e-02
1351 8.786030e-05 1.780553e-02
1352 1.092738e-05 9.582031e-03
1353 8.655349e-06 1.045850e-02
1354 8.445434e-07 4.920314e-03
1355 3.453683e-06 9.090992e-03
1356 4.736091e-05 2.595610e-02
1357 7.213960e-07 6.028047e-03
1358 1.352367e-05 6.111849e-03
1359 8.526461e-08 2.044818e-03
1360 5.812765e-07 4.096577e-03
1361 3.550016e-05 1.088260e-02
1362 6.027773e-04 6.958384e-02
1363 1.836513e-06 5.913205e-03
1364 7.918718e-05 3.235314e-02
1365 1.531902e-06 4.483855e-03
1366 3.942354e-06 4.299946e-03
1367 1.633171e-07 1.734500e-03
1368 1.074396e-04 4.302051e-02
1369 6.590121e-09 2.457276e-03
1370 5.656161e-08 1.641966e-03
1371 1.170511e-04 3.249262e-02
1372 1.024554e-06 4.164091e-03
1373 2.785555e-05 5.585451e-03
1374 2.911849e-07 3.350153e-03
1375 3.732632e-05 8.847565e-03
1376 1.086788e-03 5.031660e-01
1377 3.980860e-06 9.390017e-03
1378 1.103942e-07 1.426122e-03
1379 4.762506e-06 4.140375e-03
1380 1.270715e-03 2.414820e-01
1381 8.902147e-07 3.192860e-03
1382 2.733363e-07 1.257205e-03
1383 1.911249e-05 2.001423e-02
1384 8.497038e-07 4.579820e-03
1385 8.002799e-07 4.441311e-03
1386 4.786039e-06 5.542707e-03
1387 1.129831e-04 1.242240e-02
1388 5.061020e-06 6.804646e-03
1389 6.819568e-07 3.207226e-03
1390 2.976887e-06 3.044932e-03
1391 8.343889e-06 8.794172e-03
1392 3.010387e-07 1.984140e-03
1393 8.368438e-08 7.642321e-03
1394 9.578419e-07 6.330448e-03
1395 6.321461e-05 3.961213e-02
1396 8.075983e-05 3.178487e-02
1397 7.610304e-07 3.100358e-03
1398 2.100564e-05 1.814799e-02
1399 2.083306e-05 2.248169e-02
1400 5.686419e-07 4.648221e-03
1401 1.240365e-04 7.681778e-02
1402 5.724358e-07 4.471519e-03
1403 6.399261e-06 5.069069e-03
1404 1.382868e-06 2.346352e-03
1405 2.635153e-06 3.975720e-03
1406 2.433401e-05 1.390451e-02
1407 2.557555e-07 2.735418e-03
1408 3.539429e-03 3.321600e-01
1409 7.357369e-06 4.926534e-02
1410 1.846174e-06 1.087879e-02
1411 7.403842e-06 1.112567e-02
1412 9.880267e-08 4.382505e-03
1413 4.143979e-10 1.143504e-03
1414 6.056594e-08 2.430280e-03
1415 1.528731e-06 5.845341e-03
1416 2.539997e-07 2.983457e-03
1417 5.768048e-06 3.813017e-03
1418 1.312350e-06 4.851845e-03
1419 6.902426e-07 4.462429e-03
1420 6.576137e-05 2.098053e-02
1421 9.279014e-06 1.219556e-02
1422 3.656970e-05 2.648566e-02
1423 4.013579e-07 3.822343e-03
1424 5.002001e-06 6.301891e-03
1425 7.507371e-06 6.499616e-03
1426 1.069721e-05 6.791671e-03
1427 6.428647e-06 4.915474e-03
1428 5.802520e-06 6.650478e-03
1429 3.149418e-05 1.377893e-02
1430 1.234500e-03 1.109085e-01
1431 1.313292e-05 3.067973e-02
1432 1.489320e-06 1.701286e-02
1433 4.615342e-06 7.668395e-03
1434 3.046286e-06 3.395401e-03
1435 1.328472e-06 3.213756e-03
1436 3.120031e-05 7.055227e-03
1437 2.547951e-06 2.385952e-03
1438 1.496521e-05 9.254835e-03
1439 1.015389e-03 2.114921e-01
1440 8.658759e-08 2.792910e-03
1441 3.473249e-08 1.739242e-03
1442 5.327608e-06 7.124954e-03
1443 6.337305e-06 4.799355e-03
1444 1.752077e-05 5.787017e-03
1445 3.933755e-05 9.417591e-03
1446 6.488127e-05 9.948802e-03
1447 2.651355e-03 6.055081e-01
1448 8.820373e-06 3.209301e-03
1449 7.775362e-07 3.034305e-03
1450 2.487792e-05 1.253442e-02
1451 2.115722e-04 3.614866e-02
1452 9.431967e-04 5.868058e-02
1453 1.494531e-07 2.961386e-03
1454 1.781631e-06 3.876400e-03
1455 2.758557e-05 8.511861e-03
1456 6.679371e-07 1.781267e-03
1457 1.698205e-06 2.399250e-03
1458 4.057111e-06 2.612924e-03
1459 2.125445e-05 5.854744e-03
1460 4.642621e-05 1.563429e-02
1461 1.780281e-06 2.079868e-03
1462 2.273471e-06 1.982317e-03
1463 2.469392e-07 1.487975e-03
1464 2.100992e-07 2.039199e-03
1465 8.640786e-08 1.403027e-03
1466 7.522048e-06 2.191796e-02
1467 4.388005e-04 4.405342e-02
1468 1.141075e-05 7.648096e-03
1469 5.530089e-05 1.468547e-02
1470 1.502496e-08 3.689139e-03
1471 2.661439e-05 1.053819e-02
1472 6.358802e-07 6.262699e-03
1473 4.021893e-06 3.879577e-03
1474 2.870444e-06 1.669775e-02
1475 2.111368e-08 1.747737e-03
1476 8.491383e-06 1.959007e-02
1477 8.422923e-10 1.745311e-03
1478 1.078697e-05 1.528856e-02
1479 8.375823e-06 1.053189e-02
1480 8.759335e-06 4.490202e-02
1481 2.677027e-05 2.862851e-02
1482 2.426865e-05 1.287767e-02
1483 4.286531e-05 6.832700e-03
1484 1.184764e-03 1.362152e-01
1485 1.389008e-04 3.496033e-02
1486 4.880107e-04 1.355480e-01
1487 4.213578e-07 2.018270e-03
1488 2.844472e-05 2.558344e-02
1489 3.409882e-06 1.644009e-03
1490 3.607380e-06 3.300159e-03
1491 5.408624e-05 4.724722e-02
1492 4.586188e-07 6.712812e-03
1493 3.464108e-07 1.162486e-02
1494 1.849549e-07 2.907245e-03
1495 1.637469e-05 1.235194e-02
1496 1.826768e-06 4.330102e-03
1497 5.306064e-04 1.775795e-01
1498 2.433370e-06 5.180296e-03
1499 2.018749e-08 2.924291e-03
1500 3.282562e-05 6.014241e-03
1501 2.081028e-06 5.185682e-03
1502 2.418504e-04 8.056875e-02
1503 6.282668e-04 1.268588e-01
1504 5.159500e-05 1.484264e-02
1505 4.746397e-07 5.626116e-03
1506 4.652309e-06 6.332844e-03
1507 2.279251e-04 2.583588e-02
1508 1.310503e-03 1.577828e-01
1509 1.183666e-06 4.462118e-03
1510 4.246773e-06 8.300315e-03
1511 2.027778e-05 9.760904e-03
1512 2.166817e-06 7.267715e-03
1513 2.441523e-05 9.128343e-03
1514 1.121845e-06 6.400953e-03
1515 5.413975e-04 2.950255e-01
1516 4.708623e-06 1.159033e-02
1517 6.808054e-04 1.790032e-01
1518 1.572406e-05 6.920896e-03
1519 1.331896e-05 1.070865e-02
1520 6.201834e-07 1.761518e-03
1521 4.787258e-07 7.172550e-03
1522 1.620826e-04 3.869469e-02
1523 5.815172e-06 9.304537e-03
1524 1.111483e-05 1.758451e-02
1525 6.947060e-05 3.244966e-02
1526 1.962266e-06 1.201940e-02
1527 1.510669e-04 2.362954e-02
1528 1.461978e-05 1.105174e-02
1529 1.115620e-05 7.124312e-03
1530 2.535653e-06 1.478453e-02
1531 9.045859e-05 1.739503e-02
1532 1.475709e-06 4.978864e-03
1533 1.245039e-06 6.625354e-03
1534 5.463759e-05 9.895641e-03
1535 7.246655e-08 1.586641e-03
1536 3.639682e-07 2.686800e-03
1537 2.284968e-06 3.900568e-03
1538 5.569068e-07 4.042310e-03
1539 1.071361e-06 2.386934e-03
1540 3.075906e-05 2.607859e-02
1541 1.947052e-03 2.384231e-01
1542 2.013984e-04 8.004715e-02
1543 1.272784e-03 1.718845e-01
1544 6.134524e-06 9.211073e-03
1545 1.884929e-05 5.190472e-02
1546 1.326778e-05 7.677820e-03
1547 2.827184e-04 1.866756e-01
1548 2.305657e-05 1.788925e-02
1549 2.543599e-06 4.395058e-03
1550 1.129310e-07 4.404932e-03
1551 2.341891e-06 5.518310e-03
1552 4.365498e-04 1.705474e-01
1553 4.253555e-04 3.640333e-01
1554 4.716667e-06 9.688702e-03
1555 1.294691e-03 1.920030e-01
1556 4.868454e-05 1.546823e-02
1557 1.184641e-03 1.432623e-01
1558 1.402776e-03 7.043639e-02
1559 5.495002e-06 1.061663e-02
1560 4.783150e-04 6.796921e-02
1561 4.197455e-04 1.972123e-01
1562 3.824482e-07 6.914145e-03
1563 4.741308e-05 1.247534e-02
1564 1.113438e-03 1.865430e-01
1565 2.258872e-05 1.542790e-02
1566 2.920441e-07 5.310826e-03
1567 1.156478e-02 1.161556e+00
1568 9.615009e-07 1.436556e-02
1569 1.284114e-04 1.248629e-02
1570 1.692319e-03 4.614158e-01
1571 1.268951e-06 2.424974e-03
1572 2.080039e-04 2.287394e-02
1573 9.147282e-04 2.334070e-01
1574 1.548349e-04 1.407751e-02
1575 1.041128e-06 1.795397e-02
1576 8.109684e-05 6.937641e-02
1577 1.243729e-03 2.050424e-01
1578 3.579939e-05 3.854096e-02
1579 4.306594e-06 4.976402e-03
1580 1.103006e-03 3.660176e-01
1581 2.511796e-05 1.640272e-02
1582 3.137395e-06 3.644860e-03
1583 4.801617e-04 5.890913e-02
1584 3.037811e-06 1.454579e-02
1585 1.639743e-03 1.945726e-01
1586 7.399905e-06 1.146364e-02
1587 5.303872e-05 5.194348e-03
1588 3.666357e-05 2.002242e-02
1589 8.422501e-08 2.913285e-03
1590 2.516376e-06 3.938683e-03
1591 6.885489e-07 4.412090e-03
1592 1.710521e-05 5.109063e-03
1593 4.201369e-06 3.364786e-03
1594 5.302120e-05 1.233658e-02
1595 1.017465e-07 4.135499e-03
1596 8.139900e-06 3.049148e-02
1597 3.109428e-06 8.064800e-03
1598 6.798207e-05 9.631375e-03
1599 5.942837e-05 1.190939e-01
1600 1.012555e-05 9.934613e-03
1601 3.131262e-08 3.282727e-03
1602 2.252687e-03 4.823604e-01
1603 1.195706e-05 8.098461e-03
1604 8.797609e-05 1.048925e-02
1605 3.110652e-04 1.490779e-02
1606 8.516075e-04 1.952477e-01
1607 3.482207e-04 1.047797e-01
1608 1.933176e-06 4.793334e-03
1609 1.377096e-03 1.019789e-01
1610 4.537171e-04 3.517013e-01
1611 5.399131e-05 1.374010e-02
1612 1.933531e-05 4.039938e-03
1613 8.102808e-09 1.207752e-03
1614 6.819364e-05 2.705582e-02
1615 5.663114e-04 1.406157e-01
1616 6.248584e-07 2.605802e-03
1617 1.649994e-07 3.404113e-03
1618 2.435793e-06 2.580058e-03
1619 5.505717e-05 7.788183e-02
1620 2.220932e-05 5.335158e-02
1621 6.168112e-06 9.952514e-02
1622 1.612817e-05 1.796922e-02
1623 1.885053e-05 5.365488e-02
1624 7.991767e-04 2.123954e-01
1625 6.428369e-07 4.411255e-03
1626 8.654389e-05 5.269077e-02
1627 1.836129e-05 1.669829e-02
1628 1.642569e-04 6.360069e-02
1629 5.545074e-04 1.503655e-01
1630 7.078118e-04 2.876411e-01
1631 1.283463e-04 8.037695e-02
1632 3.610978e-05 6.540562e-02
1633 1.626235e-07 3.096682e-03
1634 2.800348e-06 6.634005e-03
1635 2.653366e-08 1.155652e-03
1636 3.372186e-07 2.937067e-03
1637 1.462370e-07 1.699207e-03
1638 1.853447e-07 3.082319e-03
1639 1.429872e-08 1.851467e-03
1640 4.121373e-05 4.060679e-02
1641 2.122464e-04 5.965978e-02
1642 1.948686e-03 3.136328e-01
1643 1.208551e-05 2.348206e-02
1644 9.603279e-06 8.988275e-03
1645 6.363331e-05 8.268768e-03
1646 2.757179e-03 6.943591e-01
1647 8.046675e-06 1.383567e-02
1648 3.922833e-06 3.793387e-03
1649 2.969685e-03 3.242333e-01
1650 1.133066e-04 5.300359e-02
1651 2.764887e-06 4.339430e-03
1652 3.216619e-04 7.912471e-02
1653 4.311108e-03 3.284702e-01
1654 3.689259e-06 2.257671e-02
1655 8.287694e-04 1.341931e-01
1656 3.008148e-06 1.732453e-02
1657 4.084809e-06 1.107108e-02
1658 1.005711e-06 4.952198e-03
1659 5.672068e-05 1.811292e-02
1660 1.186272e-03 4.312324e-02
1661 1.211364e-04 2.981427e-02
1662 1.068090e-04 9.702745e-03
1663 6.989422e-04 9.777736e-02
1664 4.664037e-05 1.144033e-02
1665 3.486893e-05 1.006699e-02
1666 2.063828e-04 6.376041e-02
1667 1.462613e-04 3.441650e-02
1668 2.997316e-08 8.876939e-04
1669 3.057735e-06 1.162672e-02
1670 8.972431e-06 3.348697e-03
1671 2.536402e-05 2.190107e-02
1672 1.513027e-04 1.525151e-01
1673 9.010749e-05 1.912061e-02
1674 5.773388e-06 9.517316e-03
1675 3.904817e-05 1.380353e-02
1676 3.846339e-07 2.799611e-03
1677 8.624623e-07 7.086171e-03
1678 9.581497e-07 3.612039e-03
1679 4.975649e-09 1.409467e-03
1680 6.079182e-04 4.257409e-02
1681 2.220631e-05 2.285152e-02
1682 1.149829e-04 1.761503e-02
1683 9.452383e-08 1.745381e-03
1684 6.603794e-07 3.640229e-03
1685 8.774668e-05 1.574889e-02
1686 7.821913e-04 6.952824e-02
1687 2.109768e-05 3.078938e-02
1688 3.713116e-04 4.030911e-02
1689 5.009658e-04 7.492283e-02
1690 9.681756e-07 1.759473e-03
1691 1.916658e-07 1.749251e-03
1692 3.014928e-06 5.504720e-03
1693 2.592441e-04 4.486487e-02
1694 6.120379e-05 4.394196e-02
1695 3.962803e-06 2.724467e-03
1696 1.915169e-03 1.910576e-01
1697 3.449213e-06 8.534085e-03
1698 1.263335e-03 1.179442e-01
1699 1.752576e-03 3.819609e-01
1700 9.796661e-07 4.172574e-03
1701 2.069015e-04 4.807260e-02
1702 4.852373e-05 8.471567e-02
1703 9.922752e-06 5.639979e-02
1704 4.942679e-07 1.599315e-03
1705 1.245216e-07 1.966821e-03
1706 1.892053e-06 2.495452e-03
1707 6.975015e-05 4.263253e-02
1708 1.821677e-07 8.062795e-03
1709 3.485701e-05 1.582309e-02
1710 1.790408e-06 1.145614e-02
1711 7.141017e-04 1.038968e-01
1712 6.362476e-04 5.208303e-02
1713 2.995081e-05 1.087342e-02
1714 1.800067e-04 3.930534e-02
1715 1.367880e-05 6.387265e-03
1716 1.756837e-07 4.406361e-03
1717 2.050706e-05 2.590424e-02
1718 2.345026e-05 1.219342e-02
1719 5.948724e-07 7.604010e-03
1720 3.180027e-06 9.268937e-03
1721 2.701283e-06 3.139053e-02
1722 9.382585e-07 8.394506e-03
1723 9.209069e-04 3.072227e-01
1724 1.836306e-06 3.063716e-03
1725 1.278936e-05 1.531454e-02
1726 1.801600e-04 8.165359e-02
1727 1.594068e-05 2.678408e-02
1728 1.467615e-03 1.007077e-01
1729 4.256152e-06 4.166342e-03
1730 3.704634e-04 9.441789e-02
1731 4.035238e-06 6.738434e-03
1732 1.747720e-07 1.895679e-03
1733 1.784911e-10 1.011505e-03
1734 3.662729e-05 2.792486e-02
1735 1.546442e-05 2.463112e-02
1736 3.714197e-09 1.148548e-03
1737 1.436973e-05 1.431639e-02
1738 3.162202e-06 3.315159e-03
1739 8.507128e-05 1.489025e-02
1740 9.407848e-05 6.841278e-02
1741 4.440310e-08 4.426284e-03
1742 7.206412e-05 1.038548e-01
1743 4.995689e-04 5.934695e-02
1744 6.107688e-05 3.353226e-02
1745 6.634969e-05 1.160163e-02
1746 6.110931e-07 2.686884e-03
1747 9.380735e-07 6.610196e-03
1748 1.204862e-03 4.336946e-01
1749 1.104881e-05 9.100585e-03
1750 5.935813e-06 8.615590e-03
1751 2.130997e-06 6.335267e-03
1752 3.053835e-07 2.135323e-03
1753 7.290250e-05 4.579517e-02
1754 7.903561e-07 5.273533e-03
1755 2.280521e-06 6.108558e-03
1756 9.280628e-06 1.933643e-02
1757 3.777289e-06 1.463215e-02
1758 2.224663e-03 1.056608e-01
1759 3.614314e-06 5.033902e-03
1760 6.358039e-04 2.929531e-01
1761 2.210837e-07 7.052479e-03
1762 2.364347e-06 4.020918e-03
1763 2.236727e-06 1.144048e-02
1764 1.455985e-06 6.736311e-03
1765 1.356110e-05 1.821885e-02
1766 1.433692e-06 4.281588e-03
1767 1.425866e-05 6.684246e-03
1768 1.736470e-04 3.731446e-02
1769 6.204628e-05 1.695032e-02
1770 1.742370e-06 8.399641e-03
1771 7.974719e-06 9.728032e-03
1772 5.438160e-04 2.532426e-01
1773 7.079136e-04 1.793188e-01
1774 1.220247e-07 2.931583e-03
1775 1.969682e-07 2.824980e-03
1776 1.248392e-06 1.931604e-02
1777 4.186192e-06 1.185778e-02
1778 2.367549e-06 7.083741e-03
1779 4.453747e-06 1.687583e-02
1780 1.242176e-07 2.805235e-03
1781 8.716186e-09 1.304283e-03
1782 9.528856e-08 3.168539e-03
1783 2.871403e-06 6.883071e-03
1784 2.346156e-05 2.446583e-02
1785 7.209502e-06 4.173007e-03
1786 9.955534e-06 3.150208e-02
1787 1.818765e-03 2.268566e-01
1788 1.375280e-07 4.435016e-03
1789 2.076139e-05 3.182605e-02
1790 1.860923e-06 2.168168e-03
1791 5.334580e-06 5.486611e-03
1792 1.872923e-05 5.771572e-03
1793 4.421968e-07 9.478608e-03
1794 4.576730e-04 4.547360e-02
1795 1.075263e-05 3.854782e-03
1796 1.834212e-03 2.462886e-01
1797 3.947402e-07 1.737307e-02
1798 4.032737e-07 6.403779e-03
1799 1.087353e-06 2.852380e-03
1800 1.254147e-04 5.301130e-02
1801 1.117006e-05 3.824193e-03
1802 1.417330e-04 3.399181e-02
1803 5.369936e-07 2.024031e-03
1804 3.045373e-06 2.404683e-03
1805 1.843381e-07 1.101973e-02
1806 3.834314e-06 5.355987e-03
1807 3.695792e-07 1.546176e-03
1808 1.927029e-03 5.588227e-01
1809 1.128527e-05 1.008282e-02
1810 1.015231e-03 1.045974e-01
1811 1.137038e-06 7.793678e-03
1812 3.227332e-07 5.917068e-03
1813 1.037641e-05 1.378582e-02
1814 6.180405e-07 2.815336e-03
1815 1.733479e-05 2.320079e-02
1816 1.583181e-05 2.114264e-02
1817 5.423177e-06 4.605287e-03
1818 1.583526e-06 4.743924e-03
1819 2.821147e-10 2.082370e-03
1820 7.302830e-08 1.588530e-03
1821 1.413730e-07 3.404512e-03
1822 9.806900e-04 1.017266e-01
1823 7.509839e-06 3.799608e-02
1824 7.702516e-06 4.518333e-02
1825 1.509552e-03 2.368122e-01
1826 5.766123e-04 1.311299e-01
1827 1.099845e-04 3.278671e-02
1828 7.647918e-05 1.545350e-02
1829 1.503680e-05 9.568642e-03
1830 1.701114e-06 2.981917e-03
1831 2.842236e-07 1.695730e-03
1832 1.821483e-06 1.430990e-02
1833 8.812918e-06 6.245013e-03
1834 5.608773e-07 3.488263e-03
1835 3.035219e-07 3.534837e-03
1836 1.985923e-03 1.707203e-01
1837 9.220418e-04 1.883909e-01
1838 2.916120e-05 7.205051e-03
1839 2.700460e-05 3.596296e-02
1840 3.216605e-05 3.271888e-02
1841 1.683271e-04 5.132728e-02
1842 8.120948e-07 6.759614e-03
1843 3.291816e-06 8.295839e-03
1844 1.175946e-07 2.745790e-03
1845 4.273555e-05 1.821668e-02
1846 1.635931e-08 3.506389e-03
1847 4.032899e-05 5.759668e-02
1848 3.170297e-08 2.203778e-03
1849 6.487982e-07 1.365180e-02
1850 9.081931e-07 1.477260e-02
1851 9.383368e-06 3.563623e-02
1852 3.752778e-06 1.556607e-02
1853 1.404889e-04 3.980468e-02
1854 8.568154e-05 1.096039e-01
1855 3.707168e-05 3.130957e-02
1856 2.294024e-08 2.266261e-03
1857 2.930610e-07 4.619819e-03
1858 1.323457e-06 3.468858e-03
1859 1.358355e-06 3.220800e-03
1860 9.151292e-06 2.181706e-02
1861 1.578095e-06 7.379674e-03
1862 1.241682e-03 2.585482e-01
1863 1.546294e-07 3.002854e-03
1864 6.372328e-07 2.606647e-03
1865 1.316622e-06 1.137545e-02
1866 5.980883e-04 5.591814e-02
1867 2.602608e-08 2.609542e-03
1868 3.032193e-05 6.781973e-03
1869 1.657585e-03 2.116046e-01
1870 9.622354e-06 5.801587e-03
1871 6.312261e-06 1.099620e-02
1872 1.807361e-07 7.170005e-03
1873 2.084777e-07 1.834253e-03
1874 6.589901e-07 2.076081e-03
1875 3.686757e-03 2.631884e-01
1876 8.261152e-07 2.411606e-03
1877 1.343876e-06 2.846240e-03
1878 2.593452e-07 6.500298e-03
1879 1.236590e-06 1.148577e-02
1880 7.964163e-05 2.228305e-02
1881 3.088607e-06 4.442636e-02
1882 9.807503e-07 3.922617e-03
1883 6.180592e-06 1.279708e-02
1884 1.731144e-03 1.006164e-01
1885 7.390785e-06 5.913967e-03
1886 4.631999e-05 8.337763e-03
1887 7.506825e-05 1.993156e-02
1888 5.671404e-06 2.947948e-03
1889 2.041007e-07 1.302659e-03
1890 8.945681e-06 1.120272e-02
1891 1.187826e-04 1.083375e-01
1892 1.305631e-05 1.415804e-02
1893 1.529680e-04 3.393418e-02
1894 3.968024e-03 4.972239e-01
1895 2.463155e-05 4.161768e-02
1896 1.199313e-04 7.004921e-02
1897 5.343172e-07 3.927895e-03
1898 2.921215e-05 4.632820e-02
1899 7.573686e-06 8.732478e-03
1900 5.446869e-04 4.813799e-02
1901 2.239299e-05 4.342786e-03
1902 5.950295e-07 1.839319e-03
1903 6.370318e-06 1.062423e-02
1904 5.723652e-06 7.682592e-03
1905 3.056611e-06 4.915306e-03
1906 2.684121e-06 5.209036e-03
1907 8.081355e-08 3.756604e-03
1908 6.057783e-07 1.656904e-03
1909 2.410659e-05 6.139096e-03
1910 4.456538e-04 6.002869e-02
1911 4.516678e-04 3.480673e-02
1912 2.620298e-04 5.759185e-02
1913 5.547402e-05 5.539298e-02
1914 3.262295e-06 4.469639e-03
1915 6.963004e-08 7.889513e-03
1916 2.777053e-03 5.279868e-01
1917 9.119284e-04 2.268635e-01
1918 4.608953e-05 2.899337e-02
1919 1.865531e-05 1.314644e-02
1920 3.143568e-04 1.687935e-02
1921 1.450154e-07 1.364976e-03
1922 4.695094e-06 3.836726e-03
1923 5.893169e-06 2.571729e-03
1924 7.056033e-07 2.285674e-03
1925 5.062887e-07 2.054709e-03
1926 7.611525e-04 9.298866e-02
1927 1.239790e-06 1.117728e-02
1928 5.543907e-07 1.774177e-03
1929 3.661558e-05 9.410763e-03
1930 1.399932e-05 1.703045e-02
1931 8.204435e-05 1.796467e-02
1932 6.684623e-06 3.329226e-02
1933 6.470055e-06 1.517212e-02
1934 3.299880e-05 5.871848e-02
1935 7.883491e-06 1.368370e-02
1936 6.407543e-06 1.224659e-02
1937 4.820626e-06 4.795871e-03
1938 6.043299e-08 2.008702e-03
1939 5.878602e-04 2.026604e-01
1940 1.500382e-06 2.242823e-02
1941 1.434106e-05 1.429978e-02
1942 7.299232e-05 6.946050e-02
1943 5.345684e-06 3.174367e-02
1944 6.153124e-04 1.028550e-01
1945 2.142671e-04 3.081425e-02
1946 4.601246e-06 5.124985e-03
1947 2.250234e-05 3.549292e-03
1948 5.170596e-08 1.706244e-03
1949 1.532325e-04 8.436653e-02
1950 6.618940e-05 1.870016e-02
1951 1.064614e-05 3.819340e-02
1952 4.232633e-06 6.681992e-03
1953 1.335471e-04 2.738179e-02
1954 1.082635e-04 6.706978e-02
1955 1.213286e-05 8.333008e-03
1956 1.964308e-04 4.554433e-02
1957 4.295335e-06 7.525103e-03
1958 8.085990e-05 1.814871e-02
1959 9.390214e-06 2.598312e-02
1960 5.312477e-05 2.650440e-02
1961 2.158740e-04 8.261402e-02
1962 2.602153e-04 3.779423e-02
1963 1.431165e-04 5.085168e-02
1964 1.630156e-06 3.860093e-03
1965 6.829387e-06 1.433019e-02
1966 7.718547e-07 6.560244e-03
1967 5.337304e-05 5.222811e-02
1968 2.142398e-07 2.099956e-03
1969 3.769628e-04 4.234480e-02
1970 3.529971e-04 5.779627e-02
1971 8.484984e-04 2.116342e-01
1972 4.391886e-05 7.021592e-03
1973 7.205570e-04 1.231287e-01
1974 2.435098e-07 4.219491e-03
1975 1.054428e-03 1.473367e-01
1976 1.416580e-04 6.050480e-02
1977 1.628086e-05 6.138890e-03
1978 2.981389e-07 4.032395e-03
1979 7.245357e-05 3.987489e-02
1980 3.062883e-05 4.504500e-03
1981 1.047179e-04 4.833006e-02
1982 7.725661e-07 2.745745e-03
1983 2.410300e-06 2.100408e-03
1984 1.002934e-05 2.709529e-02
1985 6.080414e-06 1.032005e-02
1986 3.711341e-06 4.810725e-03
1987 2.917634e-06 3.475765e-02
1988 4.725151e-04 1.380253e-01
1989 4.575409e-07 1.394155e-03
1990 1.995999e-05 4.088171e-03
1991 2.602316e-05 7.165511e-03
1992 2.419520e-03 1.628251e-01
1993 1.287362e-07 1.179295e-03
1994 6.332218e-08 1.247061e-03
1995 5.381962e-04 5.201829e-02
1996 8.064412e-06 4.723014e-03
1997 7.222122e-07 2.010128e-03
1998 8.750854e-05 7.796966e-03
1999 7.365246e-04 5.484961e-02
2000 1.011148e-06 2.498478e-03
2001 2.431793e-06 3.034672e-03
