1 2.319002e-03 1.315311e+00
2 1.896492e-07 2.053523e-02
3 3.787695e-07 3.454986e-03
4 5.426118e-09 1.868195e-03
5 3.314110e-08 2.635720e-03
6 2.912684e-03 7.348467e-01
7 1.079729e-06 1.441346e-02
8 9.338789e-09 4.269110e-02
9 1.379402e-11 2.383827e-03
10 2.261160e-04 1.086605e-01
11 4.279830e-09 5.169977e-03
12 2.143321e-11 1.231085e-03
13 1.181086e-06 2.349157e-01
14 5.334339e-09 7.641469e-03
15 1.311207e-08 3.083256e-03
16 5.143096e-06 3.153803e-02
17 5.030562e-10 1.937601e-03
18 6.471373e-04 4.577931e-01
19 5.618800e-07 8.446720e-03
20 5.877145e-12 1.022715e-03
21 2.407021e-03 1.490652e+00
22 7.903645e-08 5.898205e-03
23 1.356829e-04 5.046020e-02
24 6.299898e-04 6.356009e-01
25 1.021464e-03 3.376524e-01
26 3.893045e-07 4.792724e-03
27 3.930002e-06 2.597929e-02
28 2.199832e-08 3.638909e-03
29 3.576876e-03 1.145339e+00
30 1.314061e-03 1.001310e+00
31 1.101467e-03 3.820757e-01
32 6.401481e-04 7.100192e-02
33 1.803646e-08 1.234042e-03
34 8.098160e-09 1.157249e-03
35 1.195727e-08 3.144387e-03
36 1.285101e-03 7.255632e-01
37 1.727648e-05 1.188104e-01
38 1.123840e-07 8.892231e-03
39 2.779637e-10 1.949678e-03
40 1.295519e-08 3.584313e-03
41 2.583422e-05 2.812030e-02
42 2.335351e-09 5.033831e-03
43 6.250093e-04 5.003410e-01
44 2.026021e-04 1.032018e-01
45 1.369604e-04 1.597241e-01
46 1.411178e-05 1.349743e-02
47 6.648217e-04 3.074483e-01
48 3.196457e-05 1.290627e-01
49 7.201695e-07 1.095502e-02
50 3.165050e-03 1.401807e+00
51 1.111066e-05 1.238872e-02
52 9.466253e-07 2.473413e-02
53 1.124697e-05 1.460865e-02
54 2.035368e-09 9.966317e-03
55 1.927253e-07 5.178310e-03
56 1.387116e-05 1.114189e-02
57 3.942712e-09 1.460349e-02
58 9.190686e-04 2.852429e-01
59 3.863451e-04 1.548049e-01
60 8.962257e-13 1.410655e-03
61 1.671925e-03 1.439831e+00
62 4.555961e-05 3.659300e-02
63 2.204484e-09 1.924276e-03
64 1.418621e-10 4.167808e-03
65 4.558061e-05 5.468940e-02
66 1.517783e-08 4.635384e-03
67 1.012640e-09 7.372455e-03
68 3.818355e-07 8.725399e-03
69 9.504474e-09 1.440693e-03
70 1.562631e-10 1.343207e-03
71 1.487805e-03 5.144146e-01
72 1.305072e-06 2.093525e-02
73 2.397374e-08 4.155628e-03
74 7.572184e-05 2.177808e-01
75 7.163032e-05 1.707958e-02
76 9.167806e-07 2.928783e-03
77 2.066193e-06 4.050150e-02
78 2.156316e-04 5.943763e-01
79 1.183002e-03 4.483073e-01
80 1.894004e-06 2.966518e-03
81 4.505498e-09 1.645377e-03
82 1.639829e-05 1.196178e-02
83 9.486784e-05 4.247144e-02
84 1.902134e-08 1.879294e-03
85 1.424416e-03 2.977439e-01
86 1.765668e-05 8.533838e-03
87 1.710309e-09 2.829596e-03
88 3.141593e-08 1.712286e-03
89 1.633055e-06 2.321684e-02
90 6.050387e-04 3.148139e-01
91 1.181383e-03 5.108064e-01
92 2.439769e-03 1.670500e+00
93 1.206317e-06 1.469988e-02
94 7.665578e-08 4.202035e-03
95 1.731976e-03 1.261072e+00
96 2.718556e-04 6.322797e-02
97 1.927206e-10 3.515213e-02
98 1.488324e-08 3.506717e-03
99 1.429658e-04 5.835425e-02
100 4.808401e-03 2.343122e+00
101 3.511544e-07 5.215118e-03
102 1.111323e-07 1.511654e-02
103 7.308948e-04 5.060107e-01
104 1.371175e-06 4.395379e-02
105 1.331930e-05 6.907201e-02
106 1.298309e-09 8.997033e-03
107 4.959064e-09 2.882838e-03
108 4.608015e-07 1.936367e-02
109 2.817707e-08 5.148354e-03
110 1.805306e-07 1.188591e-02
111 3.304082e-04 8.726328e-01
112 2.163038e-04 1.347742e-01
113 3.132445e-03 1.193835e+00
114 2.485882e-03 8.137266e-01
115 4.076728e-05 2.052125e-01
116 3.684913e-04 4.337452e-01
117 4.881246e-03 4.883192e-01
118 2.525096e-03 1.048696e+00
119 8.010336e-12 4.547742e-03
120 3.756161e-12 3.640481e-03
121 2.704999e-08 1.150627e-02
122 3.084731e-09 1.887146e-03
123 1.247382e-07 6.087767e-03
124 1.264346e-06 1.419962e-02
125 5.938765e-12 3.999725e-03
126 3.831670e-09 6.173907e-03
127 6.119312e-10 9.668968e-03
128 2.918929e-08 7.920578e-03
129 5.789520e-10 4.474501e-03
130 6.297260e-10 3.978782e-03
131 9.857271e-10 5.911401e-03
132 1.759671e-09 4.688252e-03
133 3.100378e-09 7.682188e-03
134 9.968709e-06 2.533147e-02
135 1.776831e-09 4.542221e-03
136 8.116794e-09 4.114345e-03
137 1.707116e-07 1.306732e-02
138 1.079565e-09 9.367698e-03
139 1.172530e-08 8.743673e-03
140 5.419300e-10 5.190255e-03
141 2.901074e-11 3.030589e-03
142 1.279665e-09 3.134408e-03
143 9.401430e-09 6.955453e-03
144 4.556360e-11 8.570781e-03
145 1.702564e-11 4.700500e-03
146 4.013815e-10 6.133363e-03
147 3.774750e-10 6.330017e-03
148 3.548350e-11 7.990666e-03
149 7.303616e-09 4.305915e-03
150 7.712734e-12 3.988118e-03
151 2.690189e-08 1.011667e-02
152 2.914284e-08 5.987714e-03
153 6.533088e-09 2.991870e-03
154 6.444657e-10 3.767382e-03
155 1.488280e-10 3.024432e-03
156 3.740514e-09 3.885002e-03
157 2.403445e-09 4.043277e-03
158 4.907035e-08 4.821728e-03
159 4.668453e-08 5.935729e-03
160 7.951263e-09 5.190112e-03
161 4.533180e-09 3.135815e-03
162 7.335065e-11 3.003948e-03
163 1.913123e-10 3.081716e-03
164 2.172666e-12 1.642620e-03
165 1.167316e-11 1.682327e-03
166 6.925436e-13 1.657503e-03
167 8.994994e-11 2.938003e-03
168 7.493213e-10 3.318905e-03
169 3.636961e-07 6.241261e-03
170 4.002804e-13 1.639733e-03
171 4.055541e-10 3.423489e-03
172 2.043099e-10 3.219867e-03
173 3.382829e-11 1.619465e-03
174 3.515896e-11 3.088072e-03
175 1.309113e-09 3.095581e-03
176 9.232797e-10 2.999554e-03
177 8.470727e-11 1.656938e-03
178 1.426676e-08 2.309585e-03
179 3.517609e-11 1.614985e-03
180 2.801143e-10 3.096295e-03
181 6.255638e-11 2.125507e-03
182 2.854175e-10 3.398137e-03
183 4.515342e-12 1.196617e-03
184 4.005536e-13 1.614904e-03
185 2.938058e-11 1.233361e-03
186 4.862516e-10 2.180242e-03
187 1.607962e-11 1.906960e-03
188 1.195793e-12 1.592576e-03
189 2.382637e-12 1.134017e-03
190 1.381130e-11 1.208942e-03
191 5.273548e-05 2.751858e-02
192 1.405661e-06 4.563975e-03
193 2.078632e-04 8.715594e-02
194 1.359867e-04 7.905047e-02
195 1.837147e-07 7.243314e-03
196 3.009633e-05 2.176690e-02
197 1.830251e-04 1.202877e-01
198 1.746629e-07 6.713662e-03
199 6.585346e-06 1.531927e-02
200 1.131631e-07 1.093135e-02
201 4.386742e-05 2.634244e-02
202 4.151054e-06 2.460685e-02
203 6.662800e-08 3.540429e-03
204 5.329921e-06 7.202173e-03
205 6.548388e-07 8.726181e-03
206 8.668478e-08 3.923378e-03
207 8.804313e-08 9.693199e-03
208 2.568401e-09 3.469534e-03
209 2.962113e-07 8.274599e-03
210 9.736098e-08 4.847909e-03
211 1.821542e-08 2.426951e-03
212 2.418864e-04 9.670489e-02
213 8.252262e-09 2.478003e-03
214 1.161751e-10 4.267877e-03
215 1.005744e-07 5.302664e-03
216 2.432307e-07 8.324351e-03
217 8.639314e-09 2.128187e-03
218 4.480432e-07 2.739915e-02
219 3.897954e-06 2.263370e-02
220 1.772674e-09 3.566660e-03
221 6.542270e-09 4.005319e-03
222 2.201019e-09 7.096278e-03
223 8.032201e-08 9.838064e-03
224 7.462794e-10 3.045451e-03
225 4.755650e-08 5.528572e-03
226 9.864589e-09 3.701342e-03
227 1.212560e-08 4.294956e-03
228 2.902299e-08 5.070744e-03
229 3.150521e-06 1.572131e-02
230 1.000136e-06 8.258316e-03
231 5.501721e-07 6.986732e-03
232 2.121896e-07 5.151815e-03
233 5.372523e-07 6.259945e-03
234 1.638229e-06 5.283894e-03
235 2.284845e-09 4.505374e-03
236 8.378477e-07 5.238975e-03
237 6.706085e-10 3.369275e-03
238 7.655308e-08 5.758046e-03
239 1.723118e-08 3.551749e-03
240 7.171254e-08 3.171448e-03
241 2.744457e-07 4.197952e-03
242 1.984973e-07 5.099887e-03
243 7.791803e-09 3.177921e-03
244 4.131126e-08 4.718674e-03
245 1.609192e-07 5.013173e-03
246 7.075090e-09 3.848236e-03
247 3.013167e-07 5.012421e-03
248 5.758664e-08 2.688284e-03
249 2.260853e-06 8.487955e-03
250 8.885469e-08 4.241625e-03
251 2.847990e-08 2.932292e-03
252 7.148550e-07 7.282123e-03
253 5.908563e-09 3.336767e-03
254 5.632001e-08 4.836100e-03
255 7.999406e-07 6.733508e-03
256 3.500339e-08 2.748476e-03
257 2.041488e-08 3.454783e-03
258 1.379944e-06 8.720376e-03
259 6.422397e-06 2.216998e-02
260 2.421487e-06 1.848242e-02
261 8.269725e-06 1.762398e-02
262 1.781678e-07 6.748520e-03
263 6.743596e-06 1.057029e-02
264 5.210433e-07 2.116588e-02
265 4.369934e-08 7.293597e-03
266 1.119225e-05 2.311605e-02
267 7.850228e-07 4.749424e-02
268 1.046537e-08 2.091124e-02
269 4.245996e-08 3.198012e-02
270 1.531639e-08 4.411397e-03
271 5.945650e-08 7.490366e-03
272 7.891852e-09 6.862275e-03
273 1.302787e-07 4.510073e-03
274 8.752742e-07 5.903827e-03
275 7.366753e-09 8.645900e-03
276 2.949627e-06 3.901324e-02
277 5.186858e-10 3.486106e-03
278 1.645092e-08 2.712702e-03
279 2.297861e-08 1.667855e-02
280 1.016183e-07 6.153710e-03
281 1.374113e-09 8.691307e-03
282 9.386761e-08 1.289489e-02
283 9.473493e-08 3.443574e-03
284 9.743922e-07 9.602377e-03
285 8.059925e-06 4.226970e-02
286 4.348928e-06 4.613188e-02
287 6.065114e-07 7.635989e-03
288 2.413884e-06 1.578304e-02
289 2.864851e-05 5.107061e-02
290 4.392905e-05 7.647256e-02
291 1.146803e-06 8.707764e-03
292 4.257471e-05 2.611681e-02
293 2.427528e-06 1.944834e-02
294 8.086243e-06 3.058225e-02
295 2.432302e-07 1.895444e-02
296 1.942152e-03 4.263950e-01
297 3.254536e-03 1.266204e+00
298 2.676932e-04 6.201388e-02
299 3.748060e-09 4.609632e-03
300 6.196558e-10 4.601038e-03
301 2.658826e-03 4.952469e-01
302 4.944428e-08 5.135853e-03
303 2.955513e-08 3.122043e-03
304 9.922650e-10 2.281921e-03
305 8.303517e-10 2.666886e-03
306 1.041728e-11 2.689724e-03
307 5.516928e-12 2.646544e-03
308 1.293168e-11 2.581900e-03
309 4.245595e-07 6.444656e-03
310 4.273749e-12 3.223254e-03
311 1.740401e-13 2.653570e-03
312 1.651864e-08 2.255311e-03
313 2.624044e-12 2.542545e-03
314 2.904444e-11 2.549025e-03
315 1.666412e-14 2.676365e-03
316 3.309421e-11 2.822460e-03
317 1.112210e-12 1.929810e-03
318 5.509715e-12 1.947590e-03
319 3.506651e-10 2.286535e-03
320 9.515781e-14 2.507136e-03
321 2.533603e-13 1.426056e-03
322 1.936689e-05 8.737641e-02
323 5.121868e-06 1.011735e-01
324 9.509371e-11 9.486989e-03
325 1.167071e-05 1.596294e-02
326 2.257400e-11 3.487228e-03
327 2.704723e-08 2.385302e-02
328 3.590322e-09 9.804342e-03
329 5.163234e-05 1.054043e-01
330 4.637516e-04 6.927202e-01
331 3.670759e-07 3.431848e-02
332 9.326252e-04 3.151488e-01
333 1.360295e-08 5.094592e-03
334 4.773788e-07 1.459247e-02
335 3.673188e-11 8.353931e-03
336 2.600531e-08 1.557778e-02
337 7.573503e-04 1.591366e-01
338 6.393797e-06 2.685027e-02
339 1.866992e-03 6.372134e-01
340 9.792293e-07 7.037192e-03
341 1.756389e-07 6.824685e-03
342 1.362770e-06 2.057212e-02
343 3.993738e-06 4.438606e-02
344 7.066611e-08 4.016489e-03
345 1.427302e-05 1.095037e-02
346 6.190801e-08 2.565644e-03
347 1.886269e-08 2.986047e-03
348 3.954793e-06 1.218910e-02
349 6.418274e-06 1.349106e-02
350 1.145649e-08 3.258822e-03
351 2.516684e-08 2.860669e-03
352 2.523181e-06 4.018579e-03
353 5.968912e-05 1.534541e-02
354 3.152713e-06 5.327504e-03
355 1.851148e-05 6.214181e-03
356 4.857895e-08 2.375637e-03
357 2.747586e-05 1.608933e-02
358 3.954215e-05 2.883337e-02
359 1.058946e-06 7.502230e-03
360 9.787175e-07 6.392087e-03
361 1.887604e-06 4.624315e-02
362 1.529181e-07 2.483344e-03
363 8.345787e-09 3.366457e-03
364 2.523181e-06 4.018579e-03
365 6.136569e-05 4.538644e-02
366 3.056757e-05 1.508068e-02
367 2.470095e-06 1.151197e-02
368 6.418274e-06 1.349106e-02
369 6.680578e-06 9.215475e-02
370 1.434962e-07 1.407292e-02
371 2.005409e-07 1.976203e-02
372 3.708779e-03 1.397666e+00
373 2.919270e-04 1.984247e-01
374 2.524486e-03 1.522631e+00
375 6.123536e-06 2.685518e-02
376 1.049265e-03 4.556414e-01
377 5.663114e-07 9.524640e-03
378 2.563108e-04 5.686504e-02
379 2.424651e-07 9.084599e-03
380 1.344008e-05 1.554854e-02
381 8.748869e-10 1.913230e-03
382 7.939784e-08 1.014131e-02
383 1.029035e-09 1.824572e-03
384 2.125355e-07 8.152831e-03
385 5.842823e-11 4.590684e-03
386 3.450477e-08 6.547271e-03
387 2.289588e-07 1.594157e-02
388 9.506669e-10 2.770244e-03
389 4.388187e-06 6.516331e-03
390 6.515094e-07 5.017949e-03
391 1.640768e-06 3.332886e-02
392 2.299749e-04 5.891017e-02
393 9.181552e-06 1.746187e-02
394 1.900112e-08 3.020137e-03
395 1.586834e-07 8.365289e-03
396 5.321320e-06 4.026875e-02
397 1.412985e-05 2.163833e-02
398 4.038742e-05 4.516412e-02
399 4.483812e-06 1.218771e-02
400 8.884767e-05 5.520617e-02
401 5.700147e-07 9.271368e-03
402 3.582863e-07 7.159923e-03
403 6.797373e-07 9.536406e-03
404 7.521219e-06 1.915287e-02
405 3.380776e-06 1.223749e-02
406 3.049418e-07 8.995929e-03
407 3.491548e-08 4.584637e-03
408 1.249938e-06 1.070476e-02
409 4.571247e-03 1.188517e+00
410 6.452943e-06 2.505753e-02
411 2.207113e-06 1.990217e-02
412 1.325923e-04 9.410470e-02
413 8.035312e-07 8.400631e-03
414 8.970623e-07 1.010157e-02
415 5.270202e-07 6.249481e-03
416 4.651006e-07 6.917902e-03
417 6.820223e-07 1.011988e-02
418 4.097040e-04 1.814495e-01
419 2.395175e-04 1.863969e-01
420 2.537506e-04 9.712783e-02
421 2.809141e-06 2.312823e-02
422 2.663249e-06 3.261534e-02
423 1.725863e-04 1.357405e-01
424 8.028357e-04 3.776324e-01
425 3.378369e-05 1.464398e-01
426 1.217115e-05 4.940650e-02
427 3.859385e-04 3.447301e-01
428 5.300205e-05 4.981960e-02
429 1.648645e-05 3.629179e-02
430 1.067728e-05 5.665222e-02
431 1.280039e-04 8.875605e-02
432 3.851514e-05 3.310771e-02
433 5.493168e-06 2.562062e-02
434 2.884134e-05 5.814895e-02
435 9.327341e-06 5.331379e-02
436 8.706641e-06 4.785061e-02
437 1.901965e-05 4.786465e-02
438 4.502001e-06 2.942663e-02
439 7.748545e-04 4.577798e-01
440 6.394889e-06 3.410181e-02
441 5.348217e-06 2.327898e-02
442 1.210593e-04 1.083935e-01
443 2.956293e-06 2.659447e-02
444 1.797970e-03 7.521796e-01
445 1.289097e-04 2.699239e-01
446 1.584380e-13 9.154252e-04
447 2.833238e-14 1.224538e-03
448 3.040845e-14 9.088609e-04
449 6.880182e-15 9.125942e-04
450 6.853847e-14 9.935044e-04
451 4.185772e-11 1.782297e-03
452 1.073455e-12 1.227391e-03
453 9.073837e-12 1.122177e-03
454 4.577752e-13 1.245292e-03
455 3.271269e-12 1.251107e-03
456 2.927983e-14 1.031946e-03
457 2.032037e-16 9.244453e-04
458 7.111509e-13 1.233128e-03
459 2.158756e-07 1.456490e-02
460 2.457465e-12 2.593579e-03
461 2.523438e-14 1.054475e-03
462 8.501933e-12 2.965568e-03
463 2.085338e-12 1.127622e-03
464 1.437977e-12 1.328802e-03
465 5.235758e-14 1.151013e-03
466 7.444488e-14 1.381003e-03
467 8.673123e-14 1.082767e-03
468 7.898878e-14 1.091935e-03
469 7.054053e-13 1.325869e-03
470 1.711903e-12 1.754955e-03
471 7.221120e-13 1.218722e-03
472 5.745664e-14 1.118995e-03
473 4.956408e-13 1.318778e-03
474 5.208350e-14 1.048071e-03
475 1.190776e-12 1.316116e-03
476 6.796416e-10 1.412758e-03
477 4.036944e-07 3.285978e-03
478 3.799547e-07 7.887110e-03
479 1.338999e-09 1.574865e-03
480 4.246905e-10 2.067443e-03
481 4.285968e-11 1.859014e-03
482 1.944665e-11 2.108263e-03
483 2.408684e-11 2.060984e-03
484 9.996561e-08 2.124977e-03
485 5.559596e-10 1.760007e-03
486 1.036077e-05 1.514476e-02
487 7.510674e-10 1.487634e-03
488 3.187107e-06 9.648740e-03
489 4.062104e-03 8.401748e-01
490 1.625835e-05 8.116386e-03
491 9.173288e-06 9.496093e-03
492 6.940371e-06 6.438117e-03
493 1.474568e-06 7.018849e-03
494 1.530878e-08 6.451498e-03
495 3.539901e-08 4.951809e-03
496 3.879638e-04 6.618669e-02
497 7.252283e-05 5.724118e-02
498 5.554229e-06 9.066796e-03
499 6.850101e-08 7.829652e-03
500 2.934608e-09 5.142076e-03
501 3.188588e-05 1.174776e-02
502 2.121761e-03 6.178044e-01
503 4.220038e-05 1.509886e-02
504 2.295292e-04 2.617225e-02
505 4.913486e-07 7.367643e-03
506 4.783242e-04 6.801926e-02
507 2.532358e-04 4.746866e-02
508 1.567775e-05 1.443041e-02
509 3.706754e-09 8.606750e-03
510 9.665853e-06 1.366191e-02
511 1.780406e-06 6.611035e-03
512 3.159468e-07 8.293616e-03
513 1.247904e-05 9.338505e-03
514 4.863251e-03 1.244180e+00
515 4.994259e-08 6.984881e-03
516 9.472786e-09 6.856688e-03
517 3.042333e-06 1.404217e-02
518 2.464469e-08 6.911890e-03
519 4.051374e-06 2.355778e-02
520 2.206457e-06 1.873331e-02
521 6.329500e-05 3.445487e-02
522 6.232916e-05 3.195860e-02
523 2.575960e-05 2.963871e-02
524 1.190327e-07 1.310889e-02
525 1.538691e-06 8.315689e-03
526 1.405508e-05 2.463698e-02
527 5.428716e-07 9.884246e-03
528 3.743064e-08 5.989674e-03
529 9.675312e-07 1.775400e-02
530 2.070385e-07 5.171659e-03
531 4.159310e-07 7.319696e-03
532 1.223859e-06 1.910575e-02
533 5.367671e-07 1.258820e-02
534 1.812055e-07 1.146374e-02
535 2.093788e-06 1.248804e-02
536 5.958170e-05 4.396832e-02
537 1.365049e-06 2.503950e-02
538 7.901636e-07 1.264663e-02
539 2.089963e-05 2.766357e-02
540 1.265230e-05 2.340144e-02
541 1.251590e-05 2.612000e-02
542 1.264950e-03 3.712224e-01
543 3.286127e-07 1.911432e-02
544 9.010712e-07 7.566743e-03
545 1.369142e-07 7.458343e-03
546 2.235464e-07 6.095848e-03
547 1.807213e-11 2.494631e-03
548 2.920330e-10 3.022961e-03
549 9.007604e-10 1.591281e-03
550 4.387797e-08 5.620979e-03
551 1.982285e-09 2.645774e-03
552 2.140312e-08 1.890091e-02
553 5.086533e-06 3.306989e-02
554 1.451909e-06 9.523945e-03
555 4.495702e-08 1.193909e-02
556 1.447138e-08 3.019130e-03
557 1.558613e-08 3.781266e-03
558 3.812999e-07 1.205407e-02
559 1.077079e-09 2.470682e-03
560 3.951153e-08 3.993126e-03
561 1.031438e-08 3.163350e-03
562 1.187857e-08 3.412053e-03
563 1.868520e-09 4.790517e-03
564 6.291197e-09 3.258691e-03
565 2.533688e-07 1.440337e-02
566 1.162158e-06 5.994433e-03
567 1.768727e-05 8.750111e-02
568 6.665104e-05 4.113252e-02
569 3.656185e-05 1.027542e-01
570 7.880066e-06 1.619719e-02
571 2.831460e-05 1.302013e-02
572 9.251553e-05 5.912349e-02
573 2.758602e-06 8.926725e-03
574 7.673709e-05 5.312109e-02
575 2.384726e-05 1.477493e-02
576 1.785674e-05 2.252836e-02
577 3.210334e-06 1.353521e-02
578 9.134389e-07 1.022855e-02
579 1.326417e-03 9.965891e-01
580 1.928087e-05 4.181127e-02
581 2.404991e-06 5.913264e-03
582 4.996689e-05 8.292717e-02
583 1.828677e-06 1.219517e-02
584 2.076347e-05 2.025900e-02
585 1.060740e-05 8.430181e-02
586 1.185779e-07 1.280263e-02
587 1.256036e-06 1.363184e-02
588 1.823600e-07 1.024038e-02
589 2.993567e-07 2.693922e-03
590 4.311380e-04 6.810830e-01
591 3.407158e-05 1.744641e-01
592 2.184482e-08 6.360804e-03
593 2.576646e-05 2.142808e-02
594 1.622593e-04 6.140985e-02
595 3.070684e-09 6.664308e-03
596 5.901375e-03 1.578881e+00
597 1.897721e-13 1.912640e-03
598 3.655917e-11 1.969120e-03
599 3.999253e-11 1.938514e-03
600 4.973029e-11 2.062526e-03
601 1.097559e-10 3.034076e-03
602 2.303130e-11 2.563983e-03
603 2.023476e-11 3.254323e-03
604 1.235912e-12 1.931493e-03
605 9.588056e-11 2.078773e-03
606 1.170341e-12 1.932134e-03
607 1.148182e-12 1.777694e-03
608 9.658334e-13 2.031260e-03
609 7.407813e-07 1.326532e-02
610 1.677139e-07 4.350513e-03
611 7.963645e-04 4.197841e-01
612 3.056684e-07 2.584160e-02
613 2.743595e-06 1.977833e-02
614 5.420906e-07 2.658248e-02
615 1.795385e-08 1.035845e-02
616 5.428354e-11 3.281144e-03
617 8.271009e-07 1.410944e-02
618 1.605350e-09 4.233519e-03
619 1.684981e-09 5.034726e-03
620 4.095481e-10 5.448646e-03
621 8.967522e-05 8.357198e-02
622 2.139137e-09 5.945065e-03
623 3.051746e-10 7.249840e-03
624 1.635068e-08 6.042468e-03
625 1.806592e-08 4.566002e-03
626 2.863600e-03 1.214673e+00
627 1.649864e-08 5.045771e-03
628 3.434175e-07 1.268819e-02
629 1.418682e-04 8.038132e-02
630 7.011664e-04 9.454768e-02
631 3.086643e-05 3.327173e-02
632 6.755476e-06 3.949015e-02
633 2.122330e-10 6.070481e-03
634 2.633367e-07 5.315847e-03
635 1.753256e-07 5.194275e-03
636 1.766227e-07 7.272953e-03
637 3.149418e-06 1.382855e-02
638 1.973433e-09 8.795000e-03
639 1.677853e-07 1.533733e-02
640 2.043904e-08 4.773454e-03
641 4.696972e-09 5.579267e-03
642 1.201112e-08 6.949633e-03
643 3.025299e-06 3.514624e-02
644 2.543371e-05 7.224896e-03
645 2.381171e-06 1.259323e-02
646 1.043575e-07 1.908970e-02
647 4.676782e-07 7.645839e-03
648 1.082709e-06 2.679965e-02
649 1.029494e-07 1.060978e-02
650 3.605109e-08 5.744162e-03
651 8.120998e-09 6.390011e-03
652 6.290473e-08 7.586579e-03
653 1.977087e-03 6.186262e-01
654 9.177043e-05 1.061663e-01
655 6.423967e-09 2.906206e-03
656 6.410250e-05 3.526860e-02
657 4.088511e-03 1.165592e+00
658 7.556458e-06 2.665667e-02
659 8.830005e-08 1.342734e-02
660 2.195530e-06 1.411745e-02
661 1.426876e-06 3.514986e-02
662 1.784785e-05 2.337959e-01
663 6.493665e-07 1.406708e-02
664 6.115401e-07 1.467966e-02
665 1.794157e-06 1.683263e-02
666 2.273064e-05 3.383507e-02
667 1.716920e-05 2.164025e-02
668 1.083591e-07 7.053066e-03
669 1.333100e-06 3.008936e-02
670 2.693993e-05 5.312260e-02
671 3.588481e-05 4.447506e-02
672 2.561364e-08 6.963718e-03
673 1.977483e-05 1.731796e-01
674 1.037239e-06 7.563658e-03
675 6.788119e-04 3.539455e-01
676 6.251085e-08 1.670527e-02
677 6.761787e-05 4.698204e-02
678 7.485457e-09 8.055690e-03
679 2.043197e-04 1.513926e-01
680 1.485977e-09 3.444775e-03
681 3.442986e-08 1.338021e-02
682 2.652243e-03 1.370452e+00
683 6.803926e-07 1.585782e-02
684 4.348022e-04 5.652853e-01
685 3.117662e-08 8.816143e-03
686 6.828484e-04 4.159087e-01
687 1.163368e-06 8.093514e-03
688 1.025518e-07 8.281745e-03
689 5.533900e-08 9.036750e-03
690 7.655681e-07 1.476444e-02
691 4.289238e-08 1.521492e-02
692 4.069020e-08 1.188949e-02
693 3.589104e-07 9.445547e-03
694 2.229889e-07 6.152798e-03
695 2.976214e-07 9.971366e-03
696 1.614763e-05 1.577044e-01
697 2.368517e-06 8.195406e-02
698 1.061923e-04 1.979818e-01
699 4.646426e-07 1.678613e-02
700 5.936187e-05 5.872326e-02
701 4.726616e-07 9.639616e-03
702 8.835831e-07 1.715040e-02
703 2.005197e-08 7.305793e-03
704 3.904447e-05 8.370560e-02
705 2.379398e-05 2.352256e-02
706 1.042073e-06 1.699839e-02
707 1.772483e-06 1.160225e-02
708 1.074147e-03 7.326127e-01
709 1.626450e-06 2.501814e-02
710 1.889069e-03 4.376963e-01
711 1.066659e-04 1.231237e-01
712 6.147651e-05 5.042477e-02
713 1.273113e-05 3.880618e-02
714 1.187813e-06 2.075345e-02
715 2.870398e-08 6.494382e-03
716 6.187695e-07 1.827539e-02
717 2.909318e-05 3.636886e-02
718 1.605641e-05 1.562607e-02
719 6.855660e-06 1.392167e-02
720 2.055643e-05 2.450397e-02
721 4.690257e-04 1.405291e-01
722 1.681268e-04 5.972763e-02
723 5.861559e-04 1.540942e-01
724 9.815931e-08 6.902978e-03
725 5.828518e-06 8.045277e-03
726 3.533546e-06 1.265961e-02
727 1.417605e-03 6.877709e-01
728 8.982269e-08 1.274529e-02
729 5.862349e-07 1.447582e-02
730 4.720290e-06 1.925821e-02
731 8.317413e-07 7.149413e-03
732 7.516309e-05 1.771026e-02
733 1.551440e-06 1.059506e-02
734 7.806861e-06 1.598116e-02
735 6.178853e-05 2.924022e-02
736 1.103563e-07 1.996860e-02
737 1.443613e-03 5.708323e-01
738 2.290220e-06 5.327398e-02
739 4.863510e-06 1.238505e-02
740 4.719022e-06 1.632624e-02
741 1.780237e-06 1.075050e-02
742 1.906961e-05 7.001271e-02
743 9.793771e-05 5.683963e-02
744 2.418080e-04 7.510679e-02
745 9.557845e-05 6.352581e-02
746 4.915011e-06 1.126709e-02
747 8.596604e-05 2.401253e-02
748 9.155945e-09 6.040922e-03
749 2.406363e-07 2.878910e-02
750 9.303657e-06 7.117239e-02
751 9.731325e-08 8.241803e-03
752 2.002388e-07 1.142105e-02
753 5.116504e-04 4.349907e-01
754 9.616674e-06 2.363893e-02
755 1.672418e-05 8.201184e-02
756 1.245619e-07 1.086433e-02
757 2.037833e-05 1.079100e-01
758 2.113495e-07 5.494427e-03
759 1.409338e-06 3.313847e-02
760 1.806987e-04 3.096062e-01
761 9.420709e-05 2.527647e-01
762 6.829091e-08 9.902297e-03
763 3.512727e-07 1.179231e-02
764 1.304450e-07 1.093952e-02
765 7.654176e-04 5.010245e-01
766 1.345568e-03 7.087027e-01
767 2.252720e-03 4.579865e-01
768 3.414575e-03 7.475265e-01
769 2.735472e-08 1.125478e-02
770 2.918402e-08 5.046738e-03
771 6.411444e-08 4.910177e-03
772 5.476818e-08 4.767039e-03
773 1.709815e-04 1.435013e-01
774 5.596651e-07 6.643470e-03
775 2.321043e-06 1.191032e-02
776 1.050687e-07 5.744316e-03
777 1.422142e-08 1.023385e-02
778 1.274531e-03 2.509553e-01
779 1.246657e-08 8.942322e-03
780 8.355308e-07 6.426888e-03
781 1.021041e-08 5.346666e-03
782 7.879256e-09 2.406470e-03
783 2.398517e-09 3.592788e-03
784 4.550307e-07 1.870663e-02
785 2.520787e-06 1.449923e-02
786 1.670003e-07 8.119147e-03
787 4.420170e-07 9.574509e-03
788 6.667851e-09 1.147174e-02
789 4.260151e-09 8.426192e-03
790 1.418662e-05 1.050990e-01
791 2.935524e-08 4.334314e-03
792 5.634074e-09 1.031755e-02
793 5.353128e-06 1.425633e-02
794 1.163448e-03 3.540981e-01
795 3.571707e-06 1.800671e-02
796 5.657591e-08 6.032102e-03
797 1.527923e-05 9.417325e-02
798 2.391585e-08 7.393000e-03
799 6.891650e-04 1.432422e-01
800 7.515066e-07 1.894511e-02
801 7.784564e-07 1.089842e-02
802 1.372251e-03 2.287250e-01
803 3.233933e-04 5.452261e-01
804 3.069310e-08 1.072158e-02
805 3.939018e-04 8.289028e-02
806 6.033670e-06 1.348244e-01
807 1.661994e-05 5.504766e-02
808 5.106803e-08 5.947683e-03
809 1.447578e-07 2.381839e-02
810 4.658507e-09 2.327233e-03
811 9.917665e-06 1.808881e-02
812 8.309637e-08 4.295009e-03
813 5.477459e-05 4.312523e-02
814 2.586526e-07 1.374754e-02
815 2.750438e-08 1.597734e-02
816 2.324503e-03 5.048995e-01
817 1.084351e-04 1.133576e-01
818 1.128191e-09 9.983187e-03
819 2.247952e-07 1.307181e-02
820 2.307781e-06 3.745471e-02
821 1.161835e-05 4.239872e-02
822 8.039449e-07 3.391694e-02
823 2.161782e-05 1.215188e-01
824 1.583136e-03 9.898929e-01
825 1.963244e-03 9.919161e-01
826 3.763010e-04 4.356888e-01
827 8.753943e-04 2.624662e-01
828 1.177221e-04 7.739664e-01
829 2.892255e-03 1.153888e+00
830 2.449377e-05 1.629508e-02
831 1.839660e-07 4.761728e-03
832 1.112973e-06 5.239945e-03
833 2.529161e-06 1.121787e-02
834 8.079924e-06 7.252121e-03
835 9.394868e-06 7.192534e-03
836 3.397036e-06 5.427732e-03
837 2.875585e-06 9.739493e-03
838 9.777684e-06 9.623244e-03
839 3.652295e-07 5.046568e-03
840 5.178934e-05 2.122284e-02
841 4.985694e-07 7.320506e-03
842 1.554456e-06 8.706004e-03
843 3.043639e-07 9.851357e-03
844 1.378198e-06 1.990128e-02
845 3.781780e-04 5.760954e-02
846 7.501075e-05 7.772996e-02
847 2.896741e-06 8.511898e-03
848 6.110427e-06 1.416171e-02
849 7.956074e-05 8.050413e-02
850 1.497203e-07 6.234761e-03
851 7.462472e-06 6.985329e-02
852 4.220289e-07 6.409585e-03
853 8.235409e-05 3.175624e-02
854 2.866584e-07 5.933758e-03
855 2.361490e-06 1.866857e-02
856 4.315760e-11 1.482538e-03
857 2.625503e-10 1.302720e-03
858 2.396649e-10 2.050060e-03
859 7.913671e-11 1.499273e-03
860 3.993558e-05 1.336751e-01
861 5.423851e-09 6.858898e-03
862 1.581188e-09 1.595274e-03
863 4.263237e-10 1.539999e-03
864 2.347394e-10 1.394176e-03
865 3.019164e-10 1.574325e-03
866 7.333873e-10 2.067113e-03
867 3.166714e-09 1.726213e-03
868 1.456076e-10 1.363048e-03
869 1.268976e-10 1.627173e-03
870 9.702847e-10 1.533340e-03
871 3.715022e-11 1.394077e-03
872 1.106176e-09 1.881474e-03
873 4.959207e-10 1.419105e-03
874 2.727150e-09 1.405413e-03
875 6.667862e-04 3.470677e-01
876 2.057993e-11 1.443979e-03
877 2.104659e-09 1.457943e-03
878 3.463376e-10 1.900994e-03
879 1.404807e-10 1.352846e-03
880 7.534102e-10 1.371970e-03
881 3.770073e-11 1.397987e-03
882 1.110344e-09 1.821898e-03
883 2.041453e-09 1.760962e-03
884 1.320682e-09 1.479563e-03
885 7.481828e-10 1.568042e-03
886 1.074431e-07 6.652051e-03
887 2.837771e-07 9.725027e-03
888 1.356366e-07 1.157589e-02
889 3.890189e-05 1.056604e-01
890 2.645277e-08 1.987802e-02
891 9.140542e-06 9.316165e-02
892 2.450891e-05 1.737427e-01
893 1.703996e-07 5.710442e-03
894 5.297547e-07 3.873083e-03
895 9.103032e-07 8.659297e-03
896 2.852793e-07 1.500066e-02
897 2.228702e-03 9.181417e-01
898 1.240636e-06 1.924221e-02
899 9.469159e-06 8.223270e-02
900 6.705576e-07 9.219469e-03
901 6.949351e-07 9.512692e-03
902 6.019807e-07 9.217198e-03
903 2.073370e-07 6.147182e-03
904 1.671054e-04 1.255674e-01
905 1.438134e-06 2.015904e-02
906 2.172305e-04 6.301940e-02
907 2.242458e-03 1.346443e+00
908 7.086119e-09 2.765838e-03
909 1.428671e-07 3.242385e-03
910 5.326123e-10 1.579542e-03
911 5.453902e-06 1.064694e-02
912 4.003169e-08 5.082082e-03
913 4.002084e-09 1.725196e-03
914 3.040775e-08 4.924964e-03
915 1.325426e-06 4.005432e-03
916 5.149059e-05 1.534605e-01
917 4.489766e-09 2.135309e-03
918 4.537353e-10 1.783638e-03
919 2.809275e-10 1.394676e-03
920 8.994271e-09 2.533111e-03
921 5.206851e-11 1.059968e-03
922 2.517454e-08 1.430922e-03
923 2.584010e-04 1.068982e-01
924 1.751376e-05 1.826668e-02
925 8.411123e-09 1.070875e-03
926 1.092088e-06 1.516406e-02
927 7.260044e-10 1.326010e-03
928 8.348743e-08 4.152902e-03
929 3.657751e-07 1.066928e-02
930 3.386435e-09 3.659767e-03
931 5.014553e-08 3.852113e-03
932 1.824084e-10 1.484694e-03
933 3.867770e-09 1.825999e-03
934 2.002657e-07 1.200201e-02
935 2.915002e-08 1.869237e-03
936 4.096478e-10 1.195053e-03
937 9.276389e-09 2.948898e-03
938 2.839119e-09 1.798074e-03
939 2.178759e-07 3.670205e-03
940 1.519047e-07 6.544082e-03
941 2.001894e-08 5.580398e-03
942 5.566295e-09 1.634203e-03
943 5.472441e-08 2.279741e-03
944 1.654981e-06 1.260952e-02
945 9.076375e-09 2.267167e-03
946 2.423998e-07 6.658807e-03
947 1.005351e-06 3.189940e-02
948 1.103403e-07 6.943214e-03
949 3.433638e-07 1.068111e-02
950 7.251239e-08 7.928154e-03
951 2.956371e-08 1.593595e-02
952 6.141512e-06 2.318327e-02
953 5.122203e-09 8.946051e-03
954 6.858503e-09 3.087538e-03
955 5.776498e-06 3.759544e-02
956 6.230647e-10 3.053960e-03
957 8.903974e-09 8.412641e-03
958 2.792018e-08 6.822668e-03
959 3.887821e-05 5.311832e-02
960 5.096274e-08 1.914913e-02
961 6.753521e-07 9.918946e-03
962 9.716683e-08 1.273120e-02
963 1.179579e-08 3.843373e-03
964 4.166614e-06 4.147270e-02
965 2.149979e-09 5.412544e-03
966 4.706241e-05 1.280201e-01
967 1.850059e-05 6.044275e-02
968 1.286312e-07 4.787042e-03
969 3.110155e-08 8.097752e-03
970 2.326644e-07 1.676888e-02
971 2.777810e-07 3.132388e-03
972 1.795823e-07 7.566976e-03
973 9.008924e-09 9.423751e-03
974 3.376965e-08 3.283019e-03
975 1.764489e-06 7.506115e-03
976 9.278568e-04 3.214771e-01
977 9.040055e-07 8.050394e-03
978 2.758196e-05 2.211347e-02
979 2.487892e-08 2.843764e-03
980 1.389203e-09 1.234559e-03
981 7.464496e-09 4.101984e-03
982 4.986699e-08 8.075998e-03
983 1.113781e-07 3.832837e-03
984 1.558324e-06 1.041150e-02
985 1.129087e-07 4.160553e-03
986 1.003899e-07 4.160006e-03
987 2.913415e-09 1.272880e-03
988 2.839016e-08 2.527369e-03
989 9.609001e-07 9.715439e-03
990 2.016919e-07 3.834600e-03
991 8.127945e-07 7.457401e-03
992 2.184892e-08 2.359289e-03
993 1.271020e-08 2.450439e-03
994 3.232539e-09 2.151784e-03
995 3.645976e-07 3.953371e-03
996 1.690823e-07 3.276934e-03
997 3.330945e-04 2.242403e-01
998 5.140113e-07 6.168099e-03
999 1.988088e-07 5.023984e-03
1000 3.037948e-08 1.911964e-03
1001 2.432697e-09 1.575580e-03
1002 5.860322e-08 5.910317e-03
1003 1.320136e-09 1.780325e-03
1004 1.249236e-06 5.857229e-03
1005 3.598800e-08 2.927558e-03
1006 3.591888e-06 1.394482e-02
1007 1.013288e-08 2.929076e-03
1008 2.078438e-06 8.840422e-03
1009 2.542672e-09 4.061398e-03
1010 1.034647e-08 2.861969e-03
1011 1.400612e-07 3.737196e-03
1012 2.760841e-07 3.913283e-03
1013 2.046337e-09 2.067611e-03
1014 1.310816e-08 3.443093e-03
1015 7.556762e-10 2.131127e-03
1016 9.635930e-08 3.090276e-03
1017 1.172731e-08 1.794886e-03
1018 1.084528e-08 2.896561e-03
1019 9.000484e-10 4.401932e-03
1020 7.841453e-10 1.749686e-03
1021 8.751513e-07 7.796873e-03
1022 2.509053e-10 1.166020e-03
1023 5.789950e-07 2.151347e-03
1024 7.061201e-10 1.399302e-03
1025 1.105450e-07 2.439885e-03
1026 6.674762e-04 9.635395e-01
1027 4.225345e-04 1.514715e-01
1028 2.825045e-04 1.031640e-01
1029 4.817976e-05 1.033361e-01
1030 3.379646e-04 3.528718e-01
1031 1.839278e-03 8.647271e-01
1032 2.975634e-07 7.901423e-03
1033 6.076632e-06 1.990983e-02
1034 1.386804e-03 3.002022e-01
1035 1.232529e-06 4.624618e-03
1036 3.230260e-07 9.705040e-03
1037 5.174004e-05 3.412527e-02
1038 9.785683e-08 3.126923e-03
1039 1.979619e-05 1.721623e-02
1040 7.593067e-07 9.536769e-03
1041 6.082846e-06 2.684236e-02
1042 1.773922e-07 1.085342e-02
1043 4.453678e-06 1.655397e-02
1044 4.704379e-08 1.706926e-02
1045 1.572309e-06 7.688993e-03
1046 2.374754e-04 9.086122e-02
1047 1.140729e-03 2.675937e-01
1048 1.053136e-03 1.679933e-01
1049 1.880573e-07 9.021355e-03
1050 5.229003e-04 5.169778e-01
1051 6.478269e-04 4.439246e-01
1052 1.291777e-10 1.227358e-03
1053 1.819932e-10 1.821578e-03
1054 6.274341e-05 8.200301e-02
1055 8.344531e-12 1.556032e-03
1056 1.127259e-10 4.673065e-03
1057 1.480191e-09 2.140375e-03
1058 5.932709e-09 2.028868e-03
1059 3.021026e-12 1.031699e-03
1060 5.370658e-13 9.550878e-04
1061 2.876177e-06 3.639278e-03
1062 6.216560e-11 1.812621e-03
1063 8.617966e-09 3.813637e-03
1064 4.573840e-04 3.073362e-01
1065 3.338271e-06 1.723439e-02
1066 1.060712e-12 1.577868e-03
1067 3.986731e-12 1.439763e-03
1068 1.245474e-13 1.465211e-03
1069 7.102993e-13 1.614064e-03
1070 3.032658e-08 1.409128e-02
1071 1.798120e-08 5.312099e-03
1072 2.254565e-08 3.328385e-03
1073 1.874607e-07 1.939914e-02
1074 2.919132e-11 1.055253e-03
1075 1.498830e-06 2.629574e-02
1076 6.509306e-07 6.142581e-03
1077 1.050479e-06 1.659453e-02
1078 1.245870e-10 1.632488e-03
1079 3.037945e-08 5.831765e-03
1080 6.010971e-10 1.585312e-03
1081 2.650767e-13 1.460188e-03
1082 2.189310e-11 1.485789e-03
1083 1.879575e-09 1.831098e-03
1084 4.410593e-12 1.228492e-03
1085 3.569240e-09 4.320072e-03
1086 3.096275e-11 1.240032e-03
1087 2.811984e-11 1.369660e-03
1088 6.830397e-11 4.681310e-03
1089 8.145860e-11 1.234738e-03
1090 6.155367e-12 1.195626e-03
1091 3.748691e-11 1.229230e-03
1092 2.151618e-03 8.024183e-01
1093 3.047616e-09 1.877160e-02
1094 7.057704e-09 1.384966e-02
1095 9.997821e-11 1.692952e-03
1096 3.647350e-12 1.481497e-03
1097 3.045524e-10 4.826534e-03
1098 3.440177e-08 7.875137e-03
1099 4.614023e-09 3.262225e-03
1100 6.393057e-09 2.809528e-03
1101 5.567798e-07 5.187444e-03
1102 1.588078e-09 3.181852e-03
1103 5.085539e-09 2.755380e-03
1104 1.500227e-05 7.081775e-02
1105 1.068323e-10 1.530165e-03
1106 1.888003e-11 2.235593e-03
1107 6.124574e-11 3.128541e-03
1108 5.250763e-10 1.737854e-03
1109 3.593480e-11 2.022656e-03
1110 6.770100e-09 4.735835e-03
1111 8.285084e-11 3.955484e-03
1112 2.119259e-05 4.137402e-02
1113 5.828605e-07 1.752675e-02
1114 5.742890e-10 2.057546e-03
1115 3.431240e-05 3.816350e-02
1116 9.318820e-12 1.479022e-03
1117 7.397571e-10 1.611748e-03
1118 4.696804e-07 6.747375e-03
1119 3.433162e-06 2.395473e-02
1120 1.455996e-09 4.052521e-03
1121 1.497935e-08 6.865741e-03
1122 9.502391e-09 4.112508e-03
1123 3.220312e-09 2.488849e-03
1124 2.660502e-08 3.801365e-03
1125 2.112702e-08 4.751896e-03
1126 3.867647e-08 5.142565e-03
1127 1.555949e-08 3.884678e-03
1128 1.146537e-07 4.657295e-03
1129 1.971386e-08 3.323614e-03
1130 1.967667e-07 5.240347e-03
1131 2.184796e-04 8.979888e-02
1132 4.441585e-04 2.812085e-01
1133 2.565578e-05 4.969079e-02
1134 1.512341e-07 9.210548e-03
1135 2.509617e-07 2.517914e-03
1136 3.066908e-07 4.934143e-03
1137 9.510977e-07 5.717836e-03
1138 6.874571e-06 1.628060e-02
1139 1.748488e-08 5.261616e-03
1140 2.640313e-04 3.548430e-01
1141 4.942778e-05 4.550101e-02
1142 1.136091e-06 9.844976e-03
1143 2.048988e-07 6.839336e-03
1144 2.418056e-06 3.800655e-02
1145 4.484958e-08 9.220568e-03
1146 1.113470e-04 1.063923e-01
1147 1.273237e-05 4.644628e-02
1148 5.290627e-05 3.322058e-02
1149 5.798241e-06 1.336345e-02
1150 7.022943e-07 1.196385e-02
1151 1.279981e-04 3.951549e-02
1152 7.682597e-07 6.762249e-03
1153 1.307868e-06 4.979599e-03
1154 5.018109e-06 1.495070e-02
1155 1.583206e-05 3.020403e-02
1156 1.501765e-04 6.966239e-02
1157 3.719244e-04 1.148213e-01
1158 1.145042e-06 1.554116e-02
1159 1.238650e-03 3.089915e-01
1160 7.867858e-06 1.428221e-02
1161 3.512930e-07 7.585262e-03
1162 1.535023e-04 6.103488e-02
1163 3.371200e-04 3.548688e-01
1164 6.826948e-05 3.965240e-02
1165 2.844395e-04 5.354332e-02
1166 3.890002e-05 5.496891e-02
1167 6.812387e-05 5.124101e-02
1168 3.125085e-04 5.331038e-02
1169 3.040489e-04 9.053708e-02
1170 2.023544e-04 6.255703e-02
1171 1.253628e-05 1.171968e-02
1172 6.641697e-07 2.629302e-02
1173 1.025637e-03 4.483821e-01
1174 5.282134e-04 2.909374e-01
1175 4.144145e-05 4.307663e-02
1176 5.071544e-03 2.717413e+00
1177 1.972247e-08 3.123860e-03
1178 1.810024e-04 4.707626e-02
1179 7.428895e-06 2.507397e-02
1180 8.829120e-04 1.621321e-01
1181 6.289816e-05 3.238326e-02
1182 1.928858e-04 1.002113e-01
1183 6.434827e-06 4.812598e-02
1184 3.869438e-04 3.528988e-01
1185 5.082457e-04 2.914413e-01
1186 1.125162e-05 3.616536e-02
1187 1.238546e-07 9.517192e-03
1188 1.916194e-06 1.135040e-02
1189 2.483564e-05 5.342401e-02
1190 4.582728e-04 3.492351e-01
1191 1.987793e-04 6.995753e-02
1192 2.146826e-04 1.275603e-01
1193 2.310848e-05 5.244280e-02
1194 1.119992e-03 2.814530e-01
1195 1.274639e-04 1.263985e-01
1196 5.289478e-04 2.776412e-01
1197 5.093361e-04 1.374569e-01
1198 3.448872e-06 3.038663e-02
1199 5.910887e-04 1.303255e-01
1200 3.819582e-04 2.456065e-01
1201 1.708105e-06 2.900095e-02
1202 1.551877e-06 1.679107e-02
1203 7.709731e-04 1.191333e-01
1204 1.485931e-04 1.064910e-01
1205 4.413859e-09 4.862662e-03
1206 2.668263e-07 1.826465e-02
1207 1.883138e-09 3.649003e-03
1208 8.449485e-04 2.370380e-01
1209 1.045309e-07 9.081048e-03
1210 5.787076e-10 8.345962e-03
1211 7.471997e-10 3.600881e-03
1212 4.917095e-07 6.261525e-03
1213 3.049256e-08 7.583666e-03
1214 6.529400e-07 9.485047e-03
1215 1.920827e-07 3.474901e-02
1216 2.550918e-11 4.242222e-03
1217 3.742086e-05 2.739543e-01
1218 8.537771e-08 6.873738e-03
1219 2.407382e-09 1.288262e-03
1220 1.943770e-09 3.410830e-03
1221 1.865990e-07 8.599535e-03
1222 3.368290e-03 6.505766e-01
1223 2.016386e-09 2.079498e-03
1224 1.038235e-07 2.396818e-03
1225 7.285479e-05 1.074979e-01
1226 3.235605e-10 2.310171e-03
1227 2.777176e-04 6.202440e-01
1228 1.518619e-05 1.254609e-02
1229 3.240432e-08 1.272261e-03
1230 2.375811e-07 2.781180e-03
1231 6.960706e-07 1.960190e-03
1232 1.915167e-09 2.023848e-03
1233 3.000974e-09 2.257211e-03
1234 5.587870e-06 9.597024e-03
1235 1.855475e-09 2.561281e-03
1236 5.285896e-08 3.005741e-03
1237 1.308526e-06 5.007331e-03
1238 3.260910e-07 4.764405e-03
1239 9.680115e-09 2.339840e-03
1240 2.115092e-03 1.159467e+00
1241 7.458223e-06 8.461424e-03
1242 1.147096e-06 5.925993e-03
1243 1.314450e-07 4.316399e-03
1244 1.139396e-06 4.655008e-03
1245 5.318103e-08 2.975038e-03
1246 7.971236e-08 2.960941e-03
1247 3.851869e-05 4.369412e-02
1248 1.168233e-05 4.770761e-02
1249 6.097126e-07 1.112221e-02
1250 1.106591e-05 3.062488e-02
1251 2.051339e-06 2.062297e-02
1252 1.157663e-06 1.758543e-02
1253 1.852503e-07 1.520651e-02
1254 7.991121e-07 8.891539e-03
1255 2.864291e-03 6.889097e-01
1256 5.720559e-06 9.843885e-03
1257 7.522115e-03 1.625350e+00
1258 9.717068e-05 1.174375e-01
1259 1.394180e-03 4.441516e-01
1260 1.492866e-03 1.298716e-01
1261 2.690502e-10 1.848083e-03
1262 2.277635e-03 7.505086e-01
1263 9.217052e-08 5.546576e-03
1264 5.034183e-05 9.737415e-02
1265 2.579758e-07 3.461480e-03
1266 5.336144e-08 6.929050e-03
1267 1.230998e-08 1.943627e-03
1268 5.957434e-07 7.590889e-03
1269 2.506302e-06 7.281107e-02
1270 1.317230e-04 1.239724e-01
1271 2.131947e-06 1.167581e-02
1272 3.031900e-08 3.342587e-03
1273 4.780306e-07 6.795483e-03
1274 7.854392e-06 2.307768e-02
1275 1.384305e-04 1.075186e-01
1276 1.085793e-04 1.419692e-01
1277 9.786112e-06 1.256352e-01
1278 1.041932e-03 2.727176e-01
1279 4.498813e-08 5.992784e-03
1280 7.114109e-08 7.399906e-03
1281 2.680496e-08 8.546477e-03
1282 3.286921e-07 1.557226e-02
1283 3.675601e-06 1.320499e-02
1284 7.298070e-04 3.649684e-01
1285 9.797964e-06 3.634930e-02
1286 8.363809e-05 1.561119e-01
1287 2.778325e-10 7.191378e-03
1288 2.280734e-05 1.267413e-01
1289 3.998533e-04 1.631704e-01
1290 3.190716e-11 1.825328e-03
1291 4.191646e-05 8.333570e-02
1292 1.237982e-07 1.594673e-02
1293 2.682247e-05 2.267856e-01
1294 2.006244e-08 2.445726e-03
1295 1.791884e-06 1.855806e-02
1296 2.922023e-05 2.892867e-02
1297 1.082400e-03 5.472186e-01
1298 2.489987e-04 2.260974e-01
1299 8.528462e-06 2.354891e-02
1300 5.612170e-04 6.276957e-01
1301 2.090013e-06 5.385220e-03
1302 7.872144e-08 3.801558e-03
1303 1.117519e-04 4.216344e-02
1304 5.186185e-05 6.385963e-02
1305 1.066769e-04 1.517635e-01
1306 9.207274e-05 8.764902e-02
1307 7.387547e-04 5.706938e-01
1308 5.298720e-07 1.056419e-02
1309 2.152507e-03 4.467180e-01
1310 7.021021e-04 6.267001e-01
1311 6.565814e-04 2.748051e-01
1312 2.505992e-03 1.551480e+00
1313 5.739804e-08 4.965477e-03
1314 4.598611e-05 5.265240e-02
1315 1.001298e-08 6.038780e-03
1316 4.827070e-10 4.991631e-03
1317 7.798748e-10 3.432749e-03
1318 3.339482e-08 2.020751e-03
1319 3.538116e-10 2.521205e-03
1320 4.682381e-09 4.483138e-03
1321 6.061405e-10 4.118995e-03
1322 2.000621e-10 1.540516e-03
1323 3.429399e-07 1.501816e-02
1324 4.667287e-06 4.591233e-03
1325 2.067990e-07 6.837126e-03
1326 8.853344e-07 8.507245e-03
1327 1.757581e-07 1.030827e-02
1328 2.913628e-07 7.632921e-03
1329 2.400792e-12 2.764880e-03
1330 1.866591e-07 9.902745e-03
1331 1.385214e-04 1.959504e-01
1332 1.248493e-04 2.663426e-01
1333 2.799259e-06 3.377710e-02
1334 4.909972e-08 2.103359e-02
1335 1.193777e-05 3.534740e-02
1336 1.946106e-07 1.072566e-02
1337 7.440375e-07 6.689213e-03
1338 1.860515e-05 4.284717e-02
1339 3.919643e-05 3.179128e-02
1340 1.404991e-05 1.095964e-02
1341 1.945327e-06 9.383231e-03
1342 1.329944e-09 1.658727e-03
1343 5.204961e-03 1.035521e+00
1344 1.136127e-08 5.172298e-03
1345 1.832170e-04 4.746730e-01
1346 8.489041e-06 1.004651e-01
1347 4.090052e-05 1.069425e-01
1348 1.769985e-05 3.292545e-02
1349 1.229876e-06 1.362998e-02
1350 3.354262e-03 1.039991e+00
1351 1.021758e-03 4.621048e-01
1352 1.093131e-03 6.252720e-01
1353 1.288493e-10 3.320925e-03
1354 1.007288e-07 3.141742e-03
1355 1.493450e-04 7.559977e-02
1356 2.495746e-07 4.657965e-03
1357 2.484278e-07 5.507882e-03
1358 2.459175e-03 6.251308e-01
1359 1.304228e-06 2.582472e-02
1360 1.013863e-04 7.714002e-03
1361 3.658167e-06 1.518605e-02
1362 7.822767e-07 3.850186e-03
1363 1.512307e-10 1.349392e-03
1364 1.299393e-09 1.293019e-03
1365 1.216072e-09 1.908708e-03
1366 3.828787e-07 7.173794e-03
1367 4.796722e-07 3.818778e-02
1368 1.295383e-07 3.369849e-03
1369 3.634202e-09 2.318332e-03
1370 1.821737e-10 1.156485e-03
1371 5.139918e-07 2.999785e-03
1372 5.154480e-09 1.250093e-03
1373 1.000212e-07 2.065312e-03
1374 1.174281e-07 9.169117e-03
1375 1.820290e-03 4.643635e-01
1376 7.072670e-05 3.612448e-02
1377 3.896537e-04 1.314991e-01
1378 6.868108e-08 1.159806e-02
1379 1.940036e-03 2.737065e-01
1380 1.089065e-04 7.677785e-02
1381 5.241805e-07 2.263807e-02
1382 2.822748e-08 2.299150e-03
1383 8.150058e-07 8.548152e-03
1384 1.322304e-03 7.117920e-01
1385 6.868873e-06 4.326268e-02
1386 9.901023e-04 2.205989e-01
1387 2.800381e-03 9.484842e-01
1388 9.326530e-04 8.713217e-01
1389 1.492340e-06 8.181046e-03
1390 7.925209e-04 2.716585e-01
1391 2.160297e-06 1.928414e-02
1392 3.381252e-08 1.609933e-02
1393 4.010639e-08 3.109372e-03
1394 2.759821e-08 1.089605e-02
1395 5.672289e-06 4.656405e-02
1396 3.795964e-07 5.324560e-03
1397 3.857193e-08 4.623069e-03
1398 7.869469e-04 6.356079e-01
1399 1.538977e-05 2.205600e-02
1400 6.116709e-07 9.303242e-03
1401 2.809577e-04 7.252514e-02
1402 3.385304e-07 4.090222e-03
1403 8.370830e-05 1.270679e-02
1404 7.931903e-06 4.534190e-02
1405 2.447425e-08 2.200292e-03
1406 3.834347e-05 2.530771e-02
1407 3.306188e-08 2.711462e-03
1408 2.895326e-09 2.399694e-03
1409 2.621238e-05 6.053802e-02
1410 2.300582e-04 2.417250e-01
1411 1.186207e-05 1.617386e-01
1412 3.715583e-03 6.218836e-01
1413 1.007603e-06 2.549144e-03
1414 1.793780e-03 1.012869e+00
1415 7.345194e-09 3.235713e-03
1416 1.233901e-05 6.793598e-03
1417 3.940763e-05 1.717115e-02
1418 1.871181e-07 4.069867e-03
1419 1.101319e-04 1.335784e-01
1420 1.012451e-03 4.769000e-01
1421 1.086948e-04 1.767036e-01
1422 2.603429e-04 1.300020e-01
1423 1.346862e-03 8.026273e-01
1424 4.292533e-08 9.907460e-03
1425 3.340843e-03 1.093528e+00
1426 5.183042e-04 5.958713e-01
1427 6.595666e-06 4.633891e-02
1428 5.401518e-05 2.726659e-02
1429 1.525641e-06 1.185335e-02
1430 3.114417e-06 4.893173e-02
1431 1.395880e-04 5.726170e-02
1432 2.398144e-04 1.248134e-01
1433 4.795337e-08 7.806706e-03
1434 2.936386e-08 3.260962e-02
1435 2.732356e-06 6.409820e-02
1436 1.645658e-03 5.691451e-01
1437 3.145018e-06 5.012173e-03
1438 2.548921e-05 1.462383e-02
1439 4.294121e-04 1.108033e+00
1440 1.981516e-04 9.047396e-02
1441 5.421516e-03 1.159911e+00
1442 2.003329e-11 2.166492e-03
1443 1.034220e-07 5.639229e-02
1444 7.936726e-08 3.611423e-02
1445 1.764809e-07 4.738281e-02
1446 2.940530e-08 6.455192e-03
1447 1.468314e-03 1.384801e-01
1448 3.317681e-07 9.919291e-03
1449 6.361027e-04 1.732464e-01
1450 3.551217e-05 1.483366e-01
1451 2.322625e-09 1.815199e-03
1452 7.325565e-08 1.413242e-02
1453 4.247865e-07 2.099520e-03
1454 3.760962e-08 1.287812e-02
1455 5.655670e-10 4.418797e-03
1456 3.214772e-06 1.097090e-02
1457 1.722602e-09 5.412056e-03
1458 1.139422e-09 2.875331e-03
1459 4.465062e-06 1.074312e-02
1460 1.074984e-09 4.512218e-03
1461 1.384624e-09 7.683553e-03
1462 1.351366e-08 8.574811e-03
1463 1.625159e-06 3.636502e-02
1464 1.204530e-03 8.794232e-01
1465 1.573302e-03 5.303040e-01
1466 1.706029e-03 5.588503e-01
1467 6.793152e-05 6.747780e-02
1468 1.894365e-03 9.947489e-01
1469 1.536814e-03 6.721347e-01
1470 1.823891e-05 5.099072e-02
1471 8.084636e-06 3.491958e-02
1472 1.449925e-05 1.316915e-01
1473 2.742663e-09 2.959240e-03
1474 4.784513e-10 1.252713e-02
1475 2.086661e-08 4.542612e-03
1476 1.205868e-05 9.859681e-03
1477 3.717994e-04 4.140937e-01
1478 1.549042e-06 2.862749e-02
1479 7.568253e-04 2.489152e-01
1480 7.536121e-04 2.231196e-01
1481 2.701330e-06 3.486393e-02
1482 7.197767e-05 6.876076e-02
1483 8.641717e-07 1.223933e-02
1484 2.867542e-06 8.540052e-03
1485 2.501397e-06 9.909071e-03
1486 1.813783e-03 6.161301e-01
1487 1.000253e-04 2.116665e-02
1488 9.426416e-05 5.528335e-02
1489 3.851320e-05 3.327161e-02
1490 3.745153e-05 1.363848e-02
1491 3.276767e-03 5.162867e-01
1492 7.288426e-07 2.298551e-02
1493 1.394953e-06 5.676404e-03
1494 5.327071e-07 2.303802e-02
1495 1.687687e-04 3.885842e-01
1496 7.614029e-06 1.488484e-02
1497 1.134580e-04 1.344026e-01
1498 2.911652e-03 1.094874e+00
1499 6.070541e-05 7.411989e-02
1500 1.986057e-07 1.036452e-02
1501 6.466006e-04 2.276995e-01
1502 4.199669e-04 2.700540e-01
1503 1.822578e-04 7.085516e-02
1504 7.931588e-03 9.861297e-01
1505 8.739652e-07 7.151144e-02
1506 1.260933e-06 1.920562e-03
1507 1.423686e-03 3.687532e-01
1508 1.608195e-03 1.266941e+00
1509 3.137321e-07 4.471625e-03
1510 6.408855e-07 3.772441e-03
1511 1.706563e-03 4.242503e-01
1512 3.193657e-08 1.084480e-03
1513 1.199658e-06 1.737254e-02
1514 6.553241e-08 5.223334e-03
1515 2.942489e-06 1.119305e-02
1516 2.147907e-04 1.160552e-01
1517 2.968622e-05 1.846382e-02
1518 1.549746e-05 8.809010e-02
1519 1.969122e-10 1.807429e-03
1520 4.071014e-04 1.385277e-01
1521 1.671054e-08 2.454951e-03
1522 7.973806e-08 4.729646e-03
1523 1.223405e-07 7.680842e-03
1524 1.886381e-03 5.495521e-01
1525 6.504100e-05 6.154466e-02
1526 2.859877e-06 2.462004e-02
1527 2.815703e-04 1.076825e-01
1528 2.332075e-05 1.236448e-02
1529 1.683005e-06 3.000328e-02
1530 5.391388e-07 7.472522e-03
1531 1.918364e-04 2.333599e-01
1532 5.642199e-06 2.094724e-02
1533 6.032059e-05 1.279880e-01
1534 1.757407e-03 6.739517e-01
1535 1.588580e-03 7.833443e-01
1536 1.352631e-03 4.372995e-01
1537 1.205888e-08 8.428272e-03
1538 7.140589e-05 3.960394e-01
1539 1.235086e-06 2.713114e-02
1540 9.763135e-09 4.668592e-02
1541 2.833524e-04 3.459278e-01
1542 2.191118e-03 1.675441e+00
1543 1.987127e-09 5.590083e-03
1544 2.200026e-07 1.688513e-02
1545 2.794785e-10 3.642934e-03
1546 6.142895e-05 1.682657e-01
1547 2.511803e-06 3.992888e-02
1548 8.732243e-09 3.962916e-02
1549 6.314549e-11 2.624718e-03
1550 2.183528e-05 8.575486e-02
1551 1.090758e-07 1.657912e-02
1552 1.325400e-08 1.277592e-03
1553 3.228159e-08 3.211604e-03
1554 1.463106e-03 7.043998e-01
1555 1.348075e-03 5.129233e-01
1556 1.159609e-05 4.247686e-02
1557 4.686434e-04 3.348815e-01
1558 5.350497e-04 4.721292e-01
1559 2.606060e-03 6.618654e-01
1560 1.318268e-07 5.884786e-03
1561 5.082080e-04 1.323888e-01
1562 1.489768e-07 1.431597e-02
1563 3.001903e-04 2.647870e-01
1564 3.114849e-07 8.093798e-03
1565 1.734376e-04 1.183337e-01
1566 1.229823e-04 4.878547e-02
1567 7.855556e-06 8.950708e-03
1568 1.513378e-04 6.991042e-02
1569 4.371745e-04 1.071054e-01
1570 1.894683e-04 1.078136e-01
1571 3.440291e-04 1.110257e-01
1572 4.064937e-10 1.951242e-03
1573 1.343628e-03 4.462846e-01
1574 2.336098e-06 5.835968e-03
1575 1.690227e-05 2.636978e-02
1576 4.479864e-05 2.101801e-02
1577 1.953634e-03 4.169644e-01
1578 1.668025e-08 6.685534e-03
1579 3.382675e-04 5.360573e-02
1580 1.075123e-09 2.504961e-03
1581 3.058711e-06 6.610272e-03
1582 2.195218e-06 7.939716e-03
1583 6.308174e-04 2.742658e-01
1584 3.616063e-06 1.006287e-02
1585 2.404381e-03 8.812813e-01
1586 6.584220e-04 6.726983e-01
1587 4.510062e-04 2.198773e-01
1588 6.783584e-04 3.073128e-01
1589 5.576132e-04 2.784386e-01
1590 7.618767e-04 4.628873e-01
1591 1.548019e-05 6.570312e-02
1592 1.459608e-05 4.280232e-02
1593 9.273873e-04 1.871635e-01
1594 3.454266e-05 5.571428e-02
1595 4.093918e-04 1.438135e-01
1596 5.430446e-05 5.049678e-02
1597 1.133390e-04 5.861557e-02
1598 3.612013e-05 1.493651e-01
1599 5.314534e-07 5.066789e-03
1600 7.741150e-04 2.881867e-01
1601 4.416412e-07 1.841896e-03
1602 2.197941e-03 1.329926e+00
1603 2.717795e-08 2.592325e-03
1604 6.619152e-09 2.526863e-03
1605 1.348571e-04 1.541521e-01
1606 5.330703e-12 2.940811e-03
1607 1.578364e-08 1.980214e-03
1608 1.955486e-08 2.101196e-03
1609 5.934274e-04 2.275928e-01
1610 1.667533e-04 1.524585e-01
1611 7.432150e-13 1.884622e-03
1612 1.015592e-08 2.245549e-03
1613 3.468785e-05 6.398864e-03
1614 4.463719e-07 5.549389e-03
1615 6.433504e-04 3.403453e-01
1616 1.009889e-04 1.779629e-01
1617 8.926813e-04 2.742771e-01
1618 1.881300e-04 9.675294e-02
1619 7.613735e-04 7.643822e-01
1620 1.421776e-06 1.145959e-02
1621 1.655453e-04 1.880837e-01
1622 2.306657e-07 5.967577e-03
1623 6.779310e-06 5.444044e-02
1624 6.900103e-09 5.302850e-03
1625 1.057414e-09 1.697845e-03
1626 4.627937e-08 9.855944e-03
1627 6.544856e-08 6.903736e-03
1628 2.124791e-10 1.990343e-03
1629 8.212695e-05 1.034399e-01
1630 1.451627e-10 1.722799e-03
1631 1.338850e-06 1.234951e-02
1632 8.251371e-09 1.017360e-02
1633 4.389603e-05 5.729620e-02
1634 9.541226e-04 9.123340e-01
1635 1.841660e-03 7.006413e-01
1636 1.234736e-03 1.509435e+00
1637 5.376696e-04 2.138958e-01
1638 3.207448e-03 2.381446e-01
1639 5.005075e-03 1.461234e+00
1640 1.332206e-03 5.449280e-01
1641 1.990675e-04 4.554510e-01
1642 7.621027e-04 1.627346e-01
1643 9.088659e-06 6.028208e-02
1644 6.518518e-04 2.496110e-01
1645 1.927041e-09 1.659867e-03
1646 9.438949e-04 2.273741e-01
1647 9.408156e-04 4.420202e-01
1648 4.008230e-07 6.717866e-03
1649 6.002291e-05 3.962670e-02
1650 2.221403e-03 5.834530e-01
1651 1.728703e-04 2.085415e-02
1652 1.932382e-03 1.048648e+00
1653 1.087913e-03 9.170217e-01
1654 9.081696e-09 2.858249e-03
1655 1.602096e-06 8.857856e-03
1656 4.208734e-11 3.791162e-03
1657 6.016889e-10 1.275147e-03
1658 9.646857e-09 3.474219e-03
1659 1.013304e-07 1.107169e-02
1660 1.860412e-12 2.013571e-03
1661 3.199315e-05 1.777150e-01
1662 1.657367e-09 8.360311e-03
1663 2.994754e-04 8.289648e-02
1664 3.300772e-10 7.017877e-03
1665 1.404565e-03 2.622929e-01
1666 2.298436e-05 1.061081e-01
1667 3.759311e-04 7.620242e-02
1668 4.230207e-07 3.250962e-03
1669 1.090617e-07 6.690271e-03
1670 6.833765e-07 1.155504e-02
1671 1.726958e-08 4.717824e-03
1672 1.301940e-06 3.300229e-02
1673 8.036823e-05 9.410449e-02
1674 2.875649e-05 6.542958e-03
1675 4.389837e-04 7.410066e-02
1676 3.791137e-10 1.488937e-03
1677 2.762142e-06 2.219179e-02
1678 1.067139e-03 3.673956e-01
1679 4.461478e-05 1.715358e-02
1680 3.945528e-06 1.906934e-02
1681 1.361727e-04 1.281431e-01
1682 3.250848e-06 8.779496e-03
1683 5.740785e-10 1.427051e-02
1684 5.525168e-09 7.037895e-03
1685 1.065455e-11 2.228348e-03
1686 1.417661e-05 5.063246e-02
1687 1.125316e-05 2.361428e-02
1688 3.670572e-11 1.181109e-03
1689 2.394961e-06 4.623370e-02
1690 4.334553e-06 1.154973e-02
1691 1.098683e-04 9.187690e-02
1692 8.468860e-04 9.259110e-01
1693 9.112195e-04 7.129316e-01
1694 1.034686e-03 3.216938e-01
1695 2.365621e-06 9.386349e-03
1696 4.083367e-09 3.060149e-03
1697 8.948655e-10 6.228550e-03
1698 5.646089e-05 1.700495e-01
1699 1.447958e-07 1.734385e-02
1700 3.047824e-04 7.753413e-02
1701 4.675135e-07 1.074004e-02
1702 3.590884e-07 6.398721e-03
1703 1.465567e-06 1.697449e-02
1704 2.826580e-06 7.532882e-03
1705 5.527942e-04 5.061403e-01
1706 1.629862e-04 6.420310e-02
1707 1.428849e-07 3.570179e-03
1708 1.295259e-14 2.066073e-03
1709 6.297831e-13 5.400189e-03
1710 3.294714e-11 1.420094e-03
1711 1.805152e-08 1.075735e-02
1712 1.953451e-08 5.686752e-03
1713 1.483283e-09 4.481724e-03
1714 4.387159e-09 6.156999e-03
1715 4.408015e-07 4.608890e-03
1716 4.255255e-10 6.170936e-03
1717 4.677835e-10 2.196932e-03
1718 3.377363e-08 1.830265e-02
1719 1.876352e-13 1.983144e-03
1720 5.722523e-08 4.912984e-03
1721 3.397499e-11 1.543082e-03
1722 1.101565e-06 1.306847e-02
1723 8.275740e-13 1.305811e-03
1724 1.547730e-13 1.416024e-03
1725 4.631400e-11 1.943379e-03
1726 1.009727e-07 3.797820e-02
1727 1.211841e-10 1.036306e-02
1728 7.053530e-11 2.571067e-03
1729 2.352364e-07 1.453808e-02
1730 9.040190e-09 4.535143e-03
1731 3.877154e-09 4.026599e-03
1732 2.417623e-03 3.110700e-01
1733 2.007616e-03 5.243950e-01
1734 1.266228e-03 5.634714e-01
1735 2.433522e-06 7.597177e-02
1736 1.825039e-08 7.942040e-03
1737 4.438178e-06 9.618154e-03
1738 2.711714e-04 2.720900e-01
1739 2.407061e-03 5.571251e-01
1740 2.240789e-06 2.551683e-02
1741 8.977837e-12 1.330466e-03
1742 6.436115e-09 1.712378e-03
1743 6.125119e-09 4.126693e-03
1744 9.903708e-09 2.081329e-03
1745 4.518322e-11 2.243360e-03
1746 3.916017e-08 8.591326e-03
1747 9.692326e-08 2.372188e-02
1748 1.398860e-04 2.603104e-02
1749 3.009775e-06 7.192288e-03
1750 4.294167e-07 8.918222e-03
1751 2.070035e-09 4.101737e-03
1752 1.601959e-09 7.636202e-03
1753 2.864047e-05 1.147201e-01
1754 1.482070e-03 6.712264e-01
1755 1.919299e-03 7.601077e-01
1756 6.753771e-07 2.016381e-02
1757 9.824950e-05 9.585254e-02
1758 4.237110e-04 9.559208e-01
1759 3.743364e-04 2.414081e-01
1760 1.063514e-03 4.085216e-01
1761 1.942106e-03 1.147802e+00
1762 2.576014e-03 1.050710e+00
1763 1.468431e-04 2.252888e-01
1764 3.676652e-05 3.438033e-02
1765 5.331871e-05 5.407764e-02
1766 2.032144e-03 4.323584e-01
1767 4.940745e-04 9.181440e-02
1768 4.275360e-05 4.024696e-02
1769 1.307088e-04 1.805731e-01
1770 5.877662e-04 3.379941e-01
1771 3.998594e-05 1.275976e-01
1772 2.268569e-09 4.459506e-03
1773 4.310581e-03 2.564098e+00
1774 2.237858e-03 5.895508e-01
1775 3.899099e-03 1.715764e+00
1776 6.317522e-04 3.578380e-01
1777 1.770269e-04 6.638589e-02
1778 1.424366e-03 8.365696e-01
1779 1.623222e-03 2.792052e-01
1780 8.272832e-05 7.838508e-02
1781 2.913938e-04 5.484694e-02
1782 1.214940e-05 4.115416e-02
1783 5.904814e-03 1.333411e+00
1784 2.377532e-05 8.837716e-02
1785 2.007086e-05 1.118659e-01
1786 8.885414e-04 1.260962e-01
1787 1.233059e-03 1.863336e-01
1788 1.155993e-03 5.857306e-01
1789 6.607560e-05 2.056762e-01
1790 3.113353e-06 2.123241e-02
1791 1.064907e-05 1.718012e-01
1792 5.402591e-04 4.015446e-01
1793 1.550162e-04 1.247613e-01
1794 2.757070e-05 5.090060e-02
1795 3.128197e-05 5.099001e-02
1796 1.128462e-04 1.349021e-01
1797 5.177783e-04 1.322063e-01
1798 7.805899e-05 5.270333e-02
1799 1.552919e-05 1.659820e-02
1800 1.431628e-04 2.278045e-01
1801 5.475532e-05 5.283448e-02
1802 1.562427e-03 1.003593e+00
1803 8.144275e-04 4.890387e-01
1804 8.364718e-04 4.115472e-01
1805 6.458915e-04 1.213831e-01
1806 7.638413e-05 8.243747e-02
1807 5.968909e-05 4.181614e-02
1808 2.387449e-03 4.159268e-01
1809 2.546798e-06 2.401073e-02
1810 3.531118e-07 9.339372e-03
1811 4.200506e-07 1.309352e-02
1812 2.881878e-05 3.269291e-02
1813 1.602054e-05 1.193537e-02
1814 1.610667e-08 2.086955e-02
1815 2.842285e-06 7.486022e-02
1816 1.803785e-05 3.185078e-02
1817 1.420780e-04 1.189352e-01
1818 2.543118e-06 4.675227e-02
1819 6.772093e-04 9.395898e-01
1820 3.422667e-05 1.873988e-01
1821 1.981267e-05 3.419880e-02
1822 2.111956e-07 2.109569e-02
1823 7.797387e-07 4.885191e-02
1824 2.071640e-04 1.930986e-01
1825 1.288767e-03 6.695601e-01
1826 4.743948e-04 1.696998e-01
1827 3.506015e-06 1.276004e-02
1828 1.485117e-07 1.845993e-02
1829 1.671504e-07 1.717041e-02
1830 2.218712e-03 1.507211e+00
1831 1.951925e-06 9.998816e-03
1832 3.151833e-04 1.122686e-01
1833 3.156199e-09 1.114272e-02
1834 1.191640e-05 2.553916e-02
1835 1.056997e-09 8.520803e-03
1836 3.453477e-07 6.984735e-03
1837 1.547071e-03 4.526625e-01
1838 1.354415e-04 4.565640e-02
1839 5.097737e-06 4.738554e-02
1840 1.428827e-04 9.149738e-02
1841 4.652289e-05 5.605696e-02
1842 2.422887e-06 2.277075e-02
1843 2.770293e-06 1.977007e-02
1844 9.848987e-06 2.216667e-02
1845 1.970964e-04 4.969235e-02
1846 5.997558e-08 7.480861e-03
1847 2.630957e-05 2.142722e-02
1848 1.878971e-07 1.296524e-02
1849 4.022985e-08 1.540567e-02
1850 1.572684e-07 1.009121e-02
1851 9.567082e-07 6.309556e-03
1852 7.864075e-08 4.864763e-03
1853 1.783280e-05 6.430759e-03
1854 1.656027e-04 1.550636e-01
1855 2.716437e-06 3.036717e-02
1856 1.811771e-04 1.452510e-01
1857 2.653649e-04 2.903889e-01
1858 6.345624e-05 1.224045e-01
1859 4.129092e-06 6.317107e-03
1860 2.046774e-03 3.575735e-01
1861 6.345619e-10 7.876986e-03
1862 4.016380e-06 1.023829e-02
1863 4.412375e-07 2.657546e-02
1864 9.249308e-04 3.080841e-01
1865 7.466933e-05 1.339841e-01
1866 7.211460e-07 5.066492e-02
1867 2.781766e-08 1.208019e-02
1868 1.451580e-09 9.840324e-03
1869 6.752605e-09 6.763529e-03
1870 3.282599e-07 1.608009e-02
1871 8.044364e-05 4.342960e-01
1872 4.981164e-04 3.444052e-01
1873 6.353086e-05 4.810730e-02
1874 1.512601e-05 1.024924e-01
1875 2.799945e-04 3.245573e-01
1876 5.561280e-05 2.093328e-02
1877 1.433196e-05 4.414783e-02
1878 4.979073e-06 1.369588e-02
1879 1.737696e-05 4.019609e-02
1880 4.970966e-06 2.466899e-02
1881 1.142500e-03 3.992283e-01
1882 8.740955e-07 6.511470e-02
1883 5.408889e-06 4.472460e-02
1884 5.036730e-05 9.327571e-02
1885 3.141335e-07 3.909436e-02
1886 6.674123e-07 1.170145e-01
1887 1.937743e-06 8.803500e-03
1888 2.644934e-07 1.634635e-02
1889 2.195587e-08 7.999348e-03
1890 9.830784e-11 5.479540e-03
1891 3.230265e-08 5.630332e-03
1892 9.885168e-08 6.101761e-03
1893 4.250006e-10 2.192674e-02
1894 1.978586e-06 6.426467e-02
1895 6.069576e-05 4.552498e-02
1896 6.134765e-08 5.075215e-03
1897 2.748426e-10 3.676984e-03
1898 5.328223e-06 4.511047e-03
1899 9.373383e-07 2.621109e-02
1900 6.374850e-06 2.606072e-02
1901 8.077517e-11 1.743953e-03
1902 8.813331e-04 5.911354e-01
1903 1.216748e-03 4.812950e-01
1904 1.330658e-04 7.092079e-02
1905 1.747811e-03 3.385886e-01
1906 2.862048e-03 1.140761e+00
1907 7.755730e-09 7.413537e-03
1908 2.613388e-07 8.271863e-03
1909 1.210526e-07 5.529513e-03
1910 8.798935e-05 6.416688e-02
1911 5.714748e-07 1.210293e-02
1912 1.239722e-05 8.456310e-02
1913 2.241754e-05 8.775720e-02
1914 3.282157e-05 2.419161e-01
1915 1.541023e-03 1.100863e+00
1916 1.411878e-04 3.624161e-01
1917 3.631500e-04 2.561802e-01
1918 5.762064e-05 2.400905e-01
1919 1.401802e-03 5.493539e-01
1920 1.346373e-05 7.442224e-02
1921 6.222536e-06 4.790133e-02
1922 4.609158e-04 3.279711e-01
1923 1.989929e-04 2.303106e-01
1924 9.240816e-04 5.293141e-01
1925 1.834591e-05 7.713464e-02
1926 1.975491e-06 2.554285e-02
1927 3.701739e-04 1.900424e-01
1928 8.632307e-04 4.183063e-01
1929 2.975558e-05 7.394011e-02
1930 1.125128e-07 6.113313e-03
1931 3.521581e-09 3.885069e-02
1932 8.607470e-09 2.591022e-02
1933 5.007287e-05 8.777244e-02
1934 5.342743e-08 7.651860e-03
1935 4.148218e-05 6.947799e-02
1936 5.554185e-06 2.336054e-02
1937 1.131862e-04 1.914546e-01
1938 3.170277e-03 3.681246e-01
1939 7.513620e-05 9.787228e-02
1940 5.418670e-05 1.096471e-01
1941 6.880622e-07 8.020414e-03
1942 7.161180e-04 2.308440e-01
1943 2.324642e-04 1.752584e-01
1944 1.544825e-05 3.949567e-02
1945 2.223103e-06 1.426706e-02
1946 8.167487e-06 1.461862e-01
1947 2.137737e-06 2.880619e-02
1948 4.616968e-05 2.227596e-01
1949 1.355102e-03 9.268161e-01
1950 7.270668e-04 3.707377e-01
1951 3.775297e-04 4.749404e-01
1952 2.894350e-05 1.547402e-01
1953 3.608693e-05 3.160042e-02
1954 5.276506e-06 2.164591e-02
1955 2.557250e-03 8.035780e-01
1956 1.951287e-03 6.788971e-01
1957 8.119440e-03 1.202957e+00
1958 1.702146e-03 6.048759e-01
1959 1.756356e-09 7.319930e-03
1960 4.690041e-05 2.232721e-02
1961 2.132931e-12 2.938944e-03
1962 6.749799e-09 7.225866e-03
1963 1.970855e-11 2.056929e-03
1964 1.199951e-10 3.510121e-03
1965 2.178639e-05 5.611971e-02
1966 4.818848e-07 1.219552e-02
1967 1.050895e-03 4.019805e-01
1968 4.641905e-06 2.798860e-02
1969 7.254821e-07 2.201380e-02
1970 5.253366e-08 9.855851e-03
1971 3.847943e-06 2.695630e-02
1972 4.045236e-09 7.144194e-03
1973 7.386115e-04 3.939216e-01
1974 2.584135e-06 4.143499e-02
1975 1.952687e-07 1.719324e-02
1976 8.812306e-06 3.521866e-02
1977 4.626018e-04 3.592331e-01
1978 1.871723e-04 8.933628e-02
1979 3.185548e-04 1.452424e-01
1980 3.454590e-04 2.395946e-01
1981 4.197437e-04 2.191864e-01
1982 2.894750e-04 1.846894e-01
1983 2.420529e-03 9.494453e-01
1984 1.726377e-04 1.093389e-01
1985 3.184040e-05 2.377620e-01
1986 5.438611e-05 9.353842e-02
1987 1.013530e-03 1.022448e+00
1988 1.851080e-05 5.545319e-02
1989 1.845043e-05 5.707549e-02
1990 7.925158e-04 3.303752e-01
1991 1.139367e-07 1.453347e-02
1992 1.600693e-04 7.128085e-02
1993 1.052906e-03 4.519067e-01
1994 2.588562e-04 1.501710e-01
1995 1.971190e-05 8.029678e-02
1996 4.333834e-05 1.063190e-01
1997 3.374866e-03 1.321194e+00
1998 9.173457e-05 2.857074e-01
1999 4.443089e-04 7.185636e-01
2000 4.969938e-03 5.476768e-01
