1 4.086505e-03 1.345124e+00
2 1.504845e-07 2.053666e-02
3 9.392157e-07 3.460757e-03
4 2.938691e-09 1.868239e-03
5 2.602220e-08 2.635970e-03
6 3.543542e-03 7.635200e-01
7 1.885193e-06 1.442759e-02
8 5.066436e-09 4.269116e-02
9 7.333751e-12 2.383827e-03
10 2.747605e-04 1.109148e-01
11 1.636361e-09 5.169998e-03
12 2.442951e-11 1.231085e-03
13 2.077271e-06 2.349328e-01
14 1.918019e-09 7.641500e-03
15 7.240542e-09 3.083349e-03
16 4.148892e-06 3.158120e-02
17 1.880087e-10 1.937604e-03
18 1.128515e-03 4.676158e-01
19 4.402536e-07 8.452115e-03
20 3.124652e-12 1.022715e-03
21 1.265846e-03 1.506828e+00
22 6.380572e-08 5.898858e-03
23 2.370064e-04 5.243838e-02
24 5.190814e-04 6.442494e-01
25 5.591521e-04 3.444344e-01
26 4.554333e-07 4.796930e-03
27 1.006974e-05 2.603392e-02
28 1.206523e-08 3.639044e-03
29 1.916171e-03 1.174595e+00
30 2.304301e-03 1.021697e+00
31 5.849055e-04 3.892458e-01
32 1.074803e-03 7.907812e-02
33 2.160359e-08 1.234217e-03
34 6.249885e-09 1.157305e-03
35 9.653044e-09 3.144486e-03
36 1.534086e-03 7.391358e-01
37 9.436715e-06 1.189359e-01
38 8.805699e-08 8.893310e-03
39 2.182555e-10 1.949680e-03
40 2.247645e-08 3.584461e-03
41 6.405983e-05 2.851394e-02
42 8.489041e-10 5.033844e-03
43 3.390771e-04 5.043067e-01
44 2.375312e-04 1.052403e-01
45 1.106727e-04 1.608313e-01
46 5.129657e-06 1.357697e-02
47 3.606760e-04 3.116667e-01
48 3.706904e-05 1.293976e-01
49 1.271188e-06 1.096399e-02
50 2.632667e-03 1.427530e+00
51 1.849149e-05 1.250541e-02
52 7.305733e-07 2.474073e-02
53 8.831057e-06 1.469332e-02
54 1.082127e-09 9.966330e-03
55 7.005595e-08 5.179396e-03
56 2.420753e-05 1.132642e-02
57 6.809970e-09 1.460354e-02
58 7.510217e-04 2.932860e-01
59 3.075899e-04 1.573543e-01
60 7.189396e-13 1.410655e-03
61 1.332418e-03 1.455415e+00
62 1.638145e-05 3.685570e-02
63 2.611703e-09 1.924295e-03
64 7.542261e-11 4.167809e-03
65 5.548739e-05 5.512547e-02
66 1.191754e-08 4.635498e-03
67 8.062163e-10 7.372461e-03
68 1.387978e-07 8.727551e-03
69 7.624354e-09 1.440762e-03
70 1.781083e-10 1.343208e-03
71 1.732493e-03 5.262256e-01
72 1.057116e-06 2.094449e-02
73 1.340655e-08 4.155761e-03
74 2.722659e-05 2.182174e-01
75 3.845432e-05 1.753219e-02
76 1.618231e-06 2.940204e-03
77 2.447866e-06 4.051935e-02
78 3.808067e-04 5.969890e-01
79 2.020809e-03 4.646795e-01
80 2.218505e-06 2.983952e-03
81 1.686155e-09 1.645399e-03
82 1.918377e-05 1.213898e-02
83 1.133842e-04 4.346168e-02
84 2.180835e-08 1.879476e-03
85 1.104474e-03 3.092489e-01
86 1.414695e-05 8.663878e-03
87 1.385360e-09 2.829608e-03
88 5.545301e-08 1.712677e-03
89 2.868551e-06 2.324106e-02
90 4.890503e-04 3.202847e-01
91 2.069606e-03 5.239429e-01
92 1.972055e-03 1.692560e+00
93 3.090916e-06 1.471665e-02
94 8.841654e-08 4.202883e-03
95 2.066574e-03 1.279846e+00
96 4.798588e-04 6.661464e-02
97 3.416537e-10 3.515213e-02
98 1.205551e-08 3.506823e-03
99 7.894632e-05 5.936464e-02
100 5.745480e-03 2.392558e+00
101 2.923551e-07 5.218228e-03
102 9.147775e-08 1.511761e-02
103 8.785926e-04 5.148803e-01
104 1.122055e-06 4.396512e-02
105 1.591501e-05 6.920895e-02
106 1.569065e-09 8.997045e-03
107 4.128690e-09 2.882882e-03
108 3.737822e-07 1.936675e-02
109 1.588424e-08 5.148574e-03
110 1.006670e-07 1.188736e-02
111 3.971765e-04 8.766424e-01
112 3.840066e-04 1.378050e-01
113 2.540903e-03 1.214755e+00
114 2.944352e-03 8.346796e-01
115 7.194145e-05 2.057076e-01
116 4.429554e-04 4.382169e-01
117 2.721869e-03 5.273711e-01
118 3.020163e-03 1.085420e+00
119 9.114943e-12 4.547742e-03
120 4.361153e-12 3.640481e-03
121 2.107977e-08 1.150645e-02
122 3.581578e-09 1.887175e-03
123 9.720716e-08 6.088610e-03
124 1.544078e-06 1.421014e-02
125 4.628017e-12 3.999725e-03
126 6.578565e-09 6.173944e-03
127 6.963151e-10 9.668973e-03
128 2.274691e-08 7.920776e-03
129 4.511712e-10 4.474505e-03
130 7.327402e-10 3.978788e-03
131 2.495272e-09 5.911417e-03
132 2.126643e-09 4.688269e-03
133 3.746949e-09 7.682218e-03
134 1.159945e-05 2.542030e-02
135 3.012366e-09 4.542243e-03
136 1.376088e-08 4.114443e-03
137 2.894173e-07 1.306940e-02
138 1.905094e-09 9.367711e-03
139 2.999337e-08 8.743841e-03
140 6.418778e-10 5.190260e-03
141 4.929033e-11 3.030589e-03
142 2.258208e-09 3.134424e-03
143 1.136206e-08 6.955543e-03
144 5.396686e-11 8.570781e-03
145 1.381046e-11 4.700500e-03
146 3.255833e-10 6.133366e-03
147 4.470925e-10 6.330020e-03
148 4.202770e-11 7.990666e-03
149 8.826753e-09 4.305985e-03
150 9.321191e-12 3.988118e-03
151 2.182165e-08 1.011684e-02
152 2.363941e-08 5.987908e-03
153 1.671167e-08 2.991963e-03
154 1.129007e-09 3.767389e-03
155 1.693510e-10 3.024433e-03
156 9.568252e-09 3.885056e-03
157 6.286817e-09 4.043313e-03
158 8.596389e-08 4.822274e-03
159 1.194193e-07 5.936397e-03
160 9.286396e-09 5.190201e-03
161 5.361614e-09 3.135855e-03
162 8.566729e-11 3.003949e-03
163 2.234364e-10 3.081719e-03
164 2.537489e-12 1.642620e-03
165 1.363325e-11 1.682327e-03
166 8.088317e-13 1.657503e-03
167 1.050538e-10 2.938004e-03
168 8.751432e-10 3.318914e-03
169 3.059789e-07 6.244037e-03
170 4.674933e-13 1.639733e-03
171 4.801103e-10 3.423492e-03
172 2.386165e-10 3.219870e-03
173 3.950855e-11 1.619465e-03
174 4.106266e-11 3.088072e-03
175 1.608179e-09 3.095594e-03
176 1.078312e-09 2.999564e-03
177 9.893085e-11 1.656939e-03
178 2.437054e-08 2.309782e-03
179 6.198669e-11 1.614985e-03
180 2.280618e-10 3.096297e-03
181 1.068591e-10 2.125508e-03
182 3.398808e-10 3.398140e-03
183 5.376960e-12 1.196617e-03
184 7.058485e-13 1.614904e-03
185 3.609255e-11 1.233362e-03
186 8.736691e-10 2.180248e-03
187 8.965791e-12 1.906960e-03
188 1.396584e-12 1.592576e-03
189 2.837292e-12 1.134017e-03
190 1.644677e-11 1.208942e-03
191 4.133859e-05 2.792981e-02
192 7.460904e-07 4.573537e-03
193 1.629410e-04 8.877688e-02
194 1.065980e-04 8.011090e-02
195 1.440113e-07 7.244747e-03
196 2.359208e-05 2.200159e-02
197 1.434708e-04 1.217150e-01
198 1.369157e-07 6.715024e-03
199 5.273868e-06 1.536900e-02
200 4.113497e-08 1.093199e-02
201 3.513118e-05 2.667372e-02
202 2.203278e-06 2.463508e-02
203 2.421939e-08 3.540805e-03
204 4.268462e-06 7.242424e-03
205 5.244271e-07 8.731126e-03
206 3.151006e-08 3.923867e-03
207 7.050926e-08 9.693864e-03
208 1.363244e-09 3.469552e-03
209 1.572217e-07 8.276614e-03
210 7.797145e-08 4.848644e-03
211 9.668296e-09 2.427075e-03
212 4.262480e-04 9.981462e-02
213 6.468830e-09 2.478067e-03
214 6.236794e-11 4.267877e-03
215 1.174623e-07 5.303792e-03
216 1.291009e-07 8.326005e-03
217 1.008998e-08 2.128284e-03
218 3.512146e-07 2.740264e-02
219 4.552477e-06 2.267738e-02
220 1.401839e-09 3.566677e-03
221 7.640812e-09 4.005393e-03
222 1.168247e-09 7.096293e-03
223 9.380924e-08 9.838964e-03
224 3.967680e-10 3.045456e-03
225 2.528396e-08 5.528883e-03
226 5.244622e-09 3.701407e-03
227 4.407675e-09 4.295025e-03
228 1.054990e-08 5.070907e-03
229 1.145219e-06 1.573907e-02
230 5.369172e-07 8.264636e-03
231 4.319919e-07 6.990874e-03
232 1.139128e-07 5.153156e-03
233 4.218474e-07 6.263990e-03
234 1.286328e-06 5.296228e-03
235 1.226606e-09 4.505388e-03
236 6.578731e-07 5.245283e-03
237 3.600123e-10 3.369279e-03
238 4.109708e-08 5.758530e-03
239 9.250459e-09 3.551857e-03
240 3.849846e-08 3.171901e-03
241 2.154932e-07 4.200019e-03
242 7.215409e-08 5.101006e-03
243 4.182984e-09 3.177970e-03
244 1.501671e-08 4.718907e-03
245 8.638853e-08 5.014190e-03
246 3.798221e-09 3.848281e-03
247 2.365921e-07 5.014689e-03
248 4.521670e-08 2.688718e-03
249 1.213726e-06 8.502241e-03
250 4.770112e-08 4.242187e-03
251 1.528927e-08 2.932472e-03
252 3.837658e-07 7.286640e-03
253 3.171978e-09 3.336804e-03
254 3.023507e-08 4.836456e-03
255 4.294435e-07 6.738562e-03
256 1.272379e-08 2.748673e-03
257 1.095961e-08 3.454912e-03
258 1.148878e-06 8.732598e-03
259 5.346994e-06 2.222686e-02
260 2.016020e-06 1.850387e-02
261 6.884995e-06 1.769723e-02
262 1.483343e-07 6.750098e-03
263 5.614409e-06 1.063002e-02
264 4.288930e-07 2.117089e-02
265 3.638207e-08 7.293984e-03
266 9.212819e-06 2.322358e-02
267 6.535741e-07 4.750119e-02
268 8.712987e-09 2.091133e-02
269 3.535022e-08 3.198050e-02
270 1.260757e-08 4.411544e-03
271 4.950076e-08 7.490893e-03
272 6.570395e-09 6.862345e-03
273 1.583764e-07 4.511526e-03
274 1.064048e-06 5.913587e-03
275 8.955567e-09 8.645982e-03
276 2.455724e-06 3.903937e-02
277 4.318341e-10 3.486110e-03
278 1.369629e-08 2.712848e-03
279 1.913094e-08 1.667875e-02
280 1.235347e-07 6.154843e-03
281 1.144024e-09 8.691319e-03
282 7.814988e-08 1.289572e-02
283 5.340486e-08 3.444313e-03
284 8.112344e-07 9.611008e-03
285 9.798239e-06 4.235958e-02
286 5.286877e-06 4.618038e-02
287 7.373200e-07 7.642753e-03
288 2.934495e-06 1.580996e-02
289 2.358182e-05 5.134585e-02
290 3.615988e-05 7.689461e-02
291 1.394138e-06 8.720553e-03
292 3.504506e-05 2.652585e-02
293 1.998202e-06 1.947166e-02
294 9.830233e-06 3.067243e-02
295 4.169046e-07 1.895783e-02
296 1.557580e-03 4.403333e-01
297 3.956453e-03 1.302498e+00
298 3.254276e-04 6.499915e-02
299 2.070729e-09 4.609658e-03
300 7.252753e-10 4.601045e-03
301 2.169445e-03 5.158823e-01
302 8.731889e-08 5.136453e-03
303 3.459276e-08 3.122352e-03
304 7.863904e-10 2.281930e-03
305 9.718840e-10 2.666895e-03
306 1.219289e-11 2.689724e-03
307 6.457281e-12 2.646544e-03
308 1.513587e-11 2.581900e-03
309 4.969251e-07 6.449099e-03
310 5.054771e-12 3.223254e-03
311 2.037050e-13 2.653570e-03
312 1.309136e-08 2.255460e-03
313 3.071308e-12 2.542545e-03
314 3.399503e-11 2.549025e-03
315 1.950450e-14 2.676365e-03
316 3.873507e-11 2.822460e-03
317 8.915276e-13 1.929810e-03
318 2.957859e-12 1.947590e-03
319 2.779092e-10 2.286539e-03
320 1.113773e-13 2.507136e-03
321 2.965453e-13 1.426056e-03
322 3.417648e-05 8.761165e-02
323 4.216028e-06 1.012227e-01
324 7.917068e-11 9.486990e-03
325 9.606660e-06 1.607507e-02
326 1.785998e-11 3.487228e-03
327 1.474905e-08 2.385322e-02
328 2.863541e-09 9.804374e-03
329 6.169464e-05 1.059351e-01
330 1.731898e-04 6.956290e-01
331 1.343504e-07 3.432044e-02
332 3.413423e-04 3.201292e-01
333 4.978702e-09 5.094665e-03
334 2.603181e-07 1.459607e-02
335 1.371766e-11 8.353931e-03
336 1.418088e-08 1.557798e-02
337 9.058354e-04 1.701511e-01
338 5.121671e-06 2.692114e-02
339 1.041011e-03 6.499955e-01
340 5.256936e-07 7.043380e-03
341 6.573176e-08 6.825540e-03
342 1.068256e-06 2.058274e-02
343 1.494632e-06 4.440551e-02
344 3.940253e-08 4.016973e-03
345 7.958456e-06 1.104809e-02
346 3.451912e-08 2.566068e-03
347 1.535752e-08 2.986206e-03
348 3.219891e-06 1.222225e-02
349 3.578749e-06 1.353500e-02
350 9.327582e-09 3.258918e-03
351 2.049020e-08 2.860880e-03
352 1.406894e-06 4.035853e-03
353 3.328190e-05 1.575406e-02
354 1.757913e-06 5.349089e-03
355 1.032177e-05 6.340917e-03
356 2.708701e-08 2.375970e-03
357 2.237013e-05 1.631966e-02
358 3.219420e-05 2.916486e-02
359 8.621665e-07 7.511107e-03
360 7.968466e-07 6.400291e-03
361 1.540174e-06 4.625780e-02
362 8.526521e-08 2.484391e-03
363 6.794925e-09 3.366527e-03
364 1.406894e-06 4.035853e-03
365 4.996236e-05 4.590087e-02
366 2.488733e-05 1.533693e-02
367 2.056488e-06 1.153385e-02
368 3.578749e-06 1.353500e-02
369 5.450957e-06 9.220660e-02
370 1.744445e-07 1.407452e-02
371 3.538917e-07 1.976446e-02
372 4.431560e-03 1.435796e+00
373 2.404101e-04 2.010969e-01
374 2.986535e-03 1.554792e+00
375 7.363514e-06 2.692612e-02
376 1.261735e-03 4.677965e-01
377 3.212796e-07 9.529506e-03
378 2.123241e-04 5.962411e-02
379 1.336672e-07 9.086380e-03
380 1.098263e-05 1.566616e-02
381 6.918646e-10 1.913238e-03
382 9.473658e-08 1.014217e-02
383 1.227832e-09 1.824583e-03
384 3.745264e-07 8.155563e-03
385 3.102679e-11 4.590684e-03
386 2.675455e-08 6.547550e-03
387 1.775317e-07 1.594342e-02
388 5.103600e-10 2.770250e-03
389 3.517491e-06 6.552554e-03
390 3.579648e-07 5.023454e-03
391 1.877201e-06 3.334868e-02
392 1.874237e-04 6.165454e-02
393 7.394337e-06 1.754150e-02
394 1.054173e-08 3.020291e-03
395 5.961043e-08 8.366427e-03
396 6.302727e-06 4.031360e-02
397 2.493474e-05 2.180996e-02
398 4.909792e-05 4.561451e-02
399 7.912521e-06 1.224217e-02
400 1.567883e-04 5.628537e-02
401 1.005897e-06 9.278291e-03
402 6.322629e-07 7.164275e-03
403 1.199523e-06 9.544663e-03
404 1.327259e-05 1.924423e-02
405 5.966008e-06 1.227856e-02
406 8.119406e-07 9.000311e-03
407 6.161487e-08 4.585061e-03
408 2.292690e-06 1.072084e-02
409 5.414319e-03 1.227046e+00
410 1.138742e-05 2.513591e-02
411 2.614169e-06 1.992077e-02
412 2.339838e-04 9.571523e-02
413 1.473871e-06 8.410971e-03
414 1.583033e-06 1.011246e-02
415 9.300253e-07 6.255882e-03
416 8.207566e-07 6.923551e-03
417 1.203555e-06 1.012817e-02
418 3.323341e-04 1.841857e-01
419 2.836916e-04 1.884158e-01
420 2.058315e-04 9.882247e-02
421 7.479644e-06 2.316859e-02
422 7.091190e-06 3.265361e-02
423 3.045607e-04 1.378369e-01
424 1.416753e-03 3.873841e-01
425 5.961761e-05 1.468502e-01
426 3.240701e-05 4.958139e-02
427 6.810604e-04 3.494180e-01
428 9.353199e-05 5.046339e-02
429 1.952703e-05 3.643075e-02
430 1.264648e-05 5.674222e-02
431 2.258867e-04 9.031085e-02
432 6.796715e-05 3.357553e-02
433 9.693719e-06 2.568734e-02
434 3.416053e-05 5.839205e-02
435 1.645983e-05 5.342709e-02
436 1.031240e-05 4.792400e-02
437 2.252743e-05 4.802496e-02
438 7.944619e-06 2.948132e-02
439 1.367375e-03 4.671916e-01
440 7.574294e-06 3.415571e-02
441 6.334586e-06 2.332406e-02
442 6.676931e-05 1.092464e-01
443 1.583719e-06 2.661865e-02
444 2.146321e-03 7.711688e-01
445 1.529117e-04 2.711382e-01
446 5.981778e-14 9.154252e-04
447 2.306749e-14 1.224538e-03
448 2.432209e-14 9.088609e-04
449 5.611017e-15 9.125942e-04
450 3.821618e-14 9.935044e-04
451 3.415342e-11 1.782298e-03
452 1.318685e-12 1.227391e-03
453 7.387685e-12 1.122177e-03
454 5.623536e-13 1.245292e-03
455 1.803399e-12 1.251107e-03
456 1.632606e-14 1.031946e-03
457 7.604770e-17 9.244453e-04
458 5.790007e-13 1.233128e-03
459 1.728838e-07 1.456653e-02
460 1.354762e-12 2.593579e-03
461 3.099915e-14 1.054475e-03
462 1.044419e-11 2.965568e-03
463 3.562183e-12 1.127622e-03
464 1.712372e-12 1.328802e-03
465 4.184730e-14 1.151013e-03
466 5.835628e-14 1.381003e-03
467 9.943906e-14 1.082767e-03
468 6.431063e-14 1.091935e-03
469 8.400108e-13 1.325869e-03
470 9.271367e-13 1.754955e-03
471 5.710495e-13 1.218722e-03
472 6.842052e-14 1.118995e-03
473 5.788661e-13 1.318778e-03
474 8.896927e-14 1.048071e-03
475 6.564559e-13 1.316116e-03
476 8.202124e-10 1.412765e-03
477 4.714806e-07 3.290502e-03
478 2.039765e-07 7.889511e-03
479 7.188341e-10 1.574873e-03
480 3.440018e-10 2.067446e-03
481 3.471659e-11 1.859014e-03
482 1.043982e-11 2.108263e-03
483 1.293088e-11 2.060984e-03
484 8.097272e-08 2.125685e-03
485 2.984637e-10 1.760010e-03
486 8.248760e-06 1.521313e-02
487 6.083689e-10 1.487640e-03
488 3.705082e-06 9.674897e-03
489 4.935988e-03 8.806733e-01
490 1.911679e-05 8.242218e-03
491 1.078608e-05 9.567089e-03
492 1.215849e-05 6.515291e-03
493 1.733817e-06 7.030261e-03
494 8.129329e-09 6.451598e-03
495 2.758608e-08 4.952048e-03
496 2.047143e-04 6.848891e-02
497 8.527336e-05 5.780247e-02
498 4.328352e-06 9.104331e-03
499 3.637567e-08 7.830098e-03
500 3.450553e-09 5.142099e-03
501 3.702162e-05 1.205568e-02
502 1.634774e-03 6.331589e-01
503 4.961980e-05 1.542547e-02
504 4.021007e-04 2.872452e-02
505 3.829028e-07 7.370963e-03
506 5.553662e-04 7.263849e-02
507 1.344743e-04 4.911713e-02
508 3.929726e-06 1.450075e-02
509 1.968375e-09 8.606774e-03
510 2.422806e-06 1.370527e-02
511 1.387451e-06 6.623067e-03
512 2.462140e-07 8.295751e-03
513 1.448900e-05 9.459016e-03
514 5.816733e-03 1.314908e+00
515 4.055110e-08 6.985352e-03
516 7.691469e-09 6.856777e-03
517 2.470235e-06 1.407086e-02
518 1.362208e-08 6.912048e-03
519 4.901085e-06 2.361225e-02
520 1.791542e-06 1.875412e-02
521 7.657011e-05 3.530596e-02
522 7.540171e-05 3.279670e-02
523 3.116226e-05 2.998508e-02
524 9.664914e-08 1.311001e-02
525 1.861407e-06 8.336379e-03
526 1.700291e-05 2.482597e-02
527 6.567302e-07 9.891546e-03
528 3.039197e-08 5.990027e-03
529 1.170455e-06 1.776701e-02
530 2.504615e-07 5.174443e-03
531 3.377170e-07 7.323618e-03
532 9.937178e-07 1.911729e-02
533 4.358303e-07 1.259326e-02
534 1.471305e-07 1.146544e-02
535 1.700060e-06 1.250779e-02
536 4.837761e-05 4.453022e-02
537 1.108357e-06 2.505238e-02
538 6.415767e-07 1.265408e-02
539 2.528299e-05 2.794459e-02
540 1.027308e-05 2.352076e-02
541 1.016234e-05 2.623803e-02
542 1.530253e-03 3.882313e-01
543 2.668184e-07 1.911741e-02
544 1.090056e-06 7.578859e-03
545 1.599041e-07 7.459878e-03
546 1.788028e-07 6.097861e-03
547 1.416649e-11 2.494631e-03
548 2.289204e-10 3.022963e-03
549 4.835680e-10 1.591287e-03
550 3.580183e-08 5.621320e-03
551 1.105297e-09 2.645788e-03
552 1.677760e-08 1.890108e-02
553 8.976135e-06 3.313167e-02
554 1.765048e-06 9.540137e-03
555 3.668227e-08 1.193944e-02
556 1.217482e-08 3.019240e-03
557 1.246651e-08 3.781406e-03
558 3.104446e-07 1.205727e-02
559 8.769301e-10 2.470691e-03
560 3.216927e-08 3.993458e-03
561 8.677528e-09 3.163429e-03
562 9.501032e-09 3.412160e-03
563 2.187007e-09 4.790536e-03
564 5.122131e-09 3.258744e-03
565 3.080138e-07 1.440620e-02
566 1.388644e-06 6.006381e-03
567 2.150194e-05 8.769835e-02
568 8.102591e-05 4.187580e-02
569 4.444728e-05 1.031619e-01
570 6.415747e-06 1.626325e-02
571 3.478305e-05 1.329004e-02
572 7.532376e-05 5.989905e-02
573 2.245982e-06 8.949850e-03
574 9.328726e-05 5.397685e-02
575 2.899048e-05 1.504087e-02
576 2.170797e-05 2.272749e-02
577 3.902718e-06 1.357101e-02
578 1.122113e-06 1.023726e-02
579 1.103304e-03 1.007369e+00
580 1.569799e-05 4.197290e-02
581 1.958082e-06 5.933426e-03
582 6.138179e-05 8.340349e-02
583 2.223074e-06 1.221556e-02
584 1.690509e-05 2.043306e-02
585 8.636276e-06 8.439073e-02
586 1.441520e-07 1.280395e-02
587 2.216510e-06 1.364709e-02
588 1.484728e-07 1.024191e-02
589 1.669175e-07 2.695971e-03
590 4.959950e-04 6.852329e-01
591 4.185521e-05 1.747889e-01
592 4.006871e-08 6.361085e-03
593 3.165279e-05 2.167370e-02
594 1.972543e-04 6.321934e-02
595 5.418794e-09 6.664345e-03
596 4.815173e-03 1.624682e+00
597 2.259844e-13 1.912640e-03
598 4.353539e-11 1.969121e-03
599 3.256089e-11 1.938514e-03
600 6.045580e-11 2.062526e-03
601 8.936042e-11 3.034077e-03
602 1.875149e-11 2.563983e-03
603 1.651037e-11 3.254323e-03
604 6.753774e-13 1.931493e-03
605 7.823287e-11 2.078773e-03
606 9.549293e-13 1.932134e-03
607 4.248426e-13 1.777694e-03
608 7.880629e-13 2.031260e-03
609 6.008897e-07 1.327027e-02
610 9.270200e-08 4.351590e-03
611 6.427415e-04 4.261960e-01
612 3.675643e-07 2.584515e-02
613 1.516492e-06 1.979595e-02
614 2.996345e-07 2.658596e-02
615 9.923789e-09 1.035857e-02
616 3.000462e-11 3.281144e-03
617 4.571708e-07 1.411475e-02
618 8.873392e-10 4.233529e-03
619 9.313543e-10 5.034737e-03
620 3.247271e-10 5.448650e-03
621 7.385005e-05 8.439284e-02
622 1.696103e-09 5.945084e-03
623 1.686818e-10 7.249842e-03
624 1.296431e-08 6.042607e-03
625 2.134185e-08 4.566224e-03
626 2.311196e-03 1.237729e+00
627 1.358709e-08 5.045922e-03
628 1.865638e-07 1.268996e-02
629 1.148282e-04 8.141733e-02
630 8.562968e-04 1.003829e-01
631 1.758317e-05 3.347764e-02
632 3.848282e-06 3.953522e-02
633 1.749896e-10 6.070483e-03
634 2.144020e-07 5.318055e-03
635 1.434718e-07 5.195723e-03
636 6.668339e-08 7.274037e-03
637 1.189053e-06 1.384788e-02
638 1.642990e-09 8.795018e-03
639 9.355497e-08 1.533847e-02
640 1.139655e-08 4.773594e-03
641 2.593689e-09 5.579301e-03
642 6.697248e-09 6.949715e-03
643 2.448678e-06 3.516834e-02
644 1.402120e-05 7.411803e-03
645 1.927321e-06 1.261062e-02
646 8.446700e-08 1.909046e-02
647 5.368671e-07 7.650689e-03
648 1.835580e-06 2.681281e-02
649 8.332730e-08 1.061053e-02
650 4.185772e-08 5.744510e-03
651 9.429019e-09 6.390090e-03
652 4.902099e-08 7.587004e-03
653 1.645297e-03 6.343106e-01
654 7.260644e-05 1.070186e-01
655 5.404506e-09 2.906255e-03
656 3.574274e-05 3.570747e-02
657 2.190260e-03 1.199033e+00
658 8.792587e-06 2.672401e-02
659 7.225737e-08 1.342807e-02
660 4.003523e-06 1.414173e-02
661 1.167636e-06 3.516165e-02
662 2.109375e-05 2.339574e-01
663 7.930364e-07 1.407248e-02
664 4.979002e-07 1.468479e-02
665 3.234639e-06 1.685378e-02
666 2.806549e-05 3.404628e-02
667 2.096782e-05 2.178314e-02
668 1.975915e-07 7.054265e-03
669 1.592900e-06 3.010306e-02
670 2.217540e-05 5.338143e-02
671 9.554721e-05 4.499070e-02
672 2.132474e-08 6.963944e-03
673 2.337118e-05 1.733586e-01
674 1.266724e-06 7.572290e-03
675 8.022640e-04 3.600882e-01
676 7.634114e-08 1.670579e-02
677 7.778977e-05 4.763290e-02
678 1.320948e-08 8.055781e-03
679 1.609781e-04 1.529620e-01
680 8.065253e-10 3.444786e-03
681 2.866473e-08 1.338052e-02
682 2.170374e-03 1.392362e+00
683 5.567763e-07 1.586344e-02
684 7.975329e-04 5.708805e-01
685 2.566281e-08 8.816443e-03
686 8.252535e-04 4.224221e-01
687 1.414276e-06 8.106487e-03
688 1.239386e-07 8.282723e-03
689 4.528480e-08 9.037207e-03
690 1.350988e-06 1.477374e-02
691 5.183739e-08 1.521533e-02
692 7.419809e-08 1.188994e-02
693 6.333643e-07 9.449907e-03
694 2.694923e-07 6.154925e-03
695 3.596891e-07 9.974205e-03
696 1.951515e-05 1.578584e-01
697 1.899520e-06 8.197106e-02
698 8.689885e-05 1.988590e-01
699 3.726373e-07 1.678947e-02
700 1.047551e-04 5.944430e-02
701 5.712331e-07 9.644125e-03
702 1.067850e-06 1.715883e-02
703 2.423372e-08 7.305984e-03
704 4.718702e-05 8.407803e-02
705 4.198891e-05 2.381158e-02
706 1.259393e-06 1.700833e-02
707 2.142127e-06 1.161916e-02
708 8.548501e-04 7.442509e-01
709 8.636837e-07 2.502873e-02
710 1.497826e-03 4.538290e-01
711 1.839934e-04 1.248090e-01
712 3.352359e-05 5.088861e-02
713 4.712891e-06 3.886990e-02
714 1.375201e-06 2.076638e-02
715 2.275914e-08 6.494627e-03
716 4.906170e-07 1.828068e-02
717 1.608093e-05 3.655564e-02
718 8.875000e-06 1.572915e-02
719 2.565827e-06 1.396038e-02
720 1.629901e-05 2.467952e-02
721 5.540752e-04 1.463039e-01
722 9.293024e-05 6.080700e-02
723 3.239911e-04 1.578573e-01
724 5.425647e-08 6.903609e-03
725 2.181405e-06 8.078184e-03
726 1.953128e-06 1.268229e-02
727 1.695539e-03 7.083877e-01
728 4.855242e-08 1.274583e-02
729 6.925381e-07 1.448304e-02
730 3.887291e-06 1.930141e-02
731 9.825627e-07 7.159654e-03
732 8.879258e-05 1.863569e-02
733 8.575415e-07 1.060502e-02
734 9.222496e-06 1.607728e-02
735 7.153623e-05 2.991250e-02
736 3.967978e-08 1.996923e-02
737 1.667737e-03 5.876106e-01
738 1.265893e-06 5.328868e-02
739 2.688251e-06 1.241627e-02
740 3.741672e-06 1.636654e-02
741 1.411534e-06 1.076571e-02
742 1.508740e-05 7.018981e-02
743 1.156970e-04 5.804547e-02
744 1.336567e-04 7.665919e-02
745 5.282992e-05 6.413942e-02
746 2.716718e-06 1.129864e-02
747 4.751677e-05 2.456443e-02
748 5.003637e-09 6.040985e-03
749 1.942162e-07 2.879104e-02
750 7.574798e-06 7.125038e-02
751 5.364725e-08 8.242518e-03
752 1.103885e-07 1.142252e-02
753 4.080782e-04 4.395917e-01
754 7.695748e-06 2.371394e-02
755 9.219777e-06 8.213475e-02
756 6.866897e-08 1.086525e-02
757 1.630777e-05 1.080689e-01
758 1.165136e-07 5.495980e-03
759 1.147446e-06 3.315028e-02
760 1.471203e-04 3.111210e-01
761 7.670099e-05 2.535544e-01
762 5.321838e-08 9.902758e-03
763 2.737431e-07 1.179469e-02
764 1.016544e-07 1.094041e-02
765 6.023383e-04 5.102210e-01
766 1.058882e-03 7.248698e-01
767 2.582788e-03 4.795340e-01
768 1.829225e-03 7.754553e-01
769 2.123596e-08 1.125500e-02
770 2.291512e-08 5.046958e-03
771 7.350846e-08 4.910791e-03
772 4.300366e-08 4.767451e-03
773 1.354387e-04 1.450948e-01
774 4.394458e-07 6.647683e-03
775 1.819432e-06 1.192842e-02
776 8.249935e-08 5.745107e-03
777 1.116657e-08 1.023396e-02
778 1.488543e-03 2.652388e-01
779 1.429317e-08 8.942441e-03
780 6.560539e-07 6.433179e-03
781 5.428481e-09 5.346732e-03
782 6.186745e-09 2.406530e-03
783 1.275199e-09 3.592804e-03
784 3.572874e-07 1.871005e-02
785 2.981458e-06 1.452168e-02
786 1.309092e-07 8.120449e-03
787 5.067811e-07 9.578737e-03
788 7.644822e-09 1.147181e-02
789 3.339472e-09 8.426225e-03
790 1.112069e-05 1.052096e-01
791 1.575919e-08 4.334499e-03
792 4.416470e-09 1.031760e-02
793 6.137467e-06 1.430753e-02
794 9.677478e-04 3.635538e-01
795 2.799810e-06 1.803456e-02
796 6.486539e-08 6.032643e-03
797 1.197717e-05 9.429240e-02
798 1.877858e-08 7.393180e-03
799 5.402266e-04 1.486164e-01
800 5.890952e-07 1.895097e-02
801 6.102208e-07 1.090449e-02
802 1.573313e-03 2.418507e-01
803 2.510561e-04 5.478484e-01
804 2.405988e-08 1.072182e-02
805 3.087740e-04 8.596196e-02
806 4.686239e-06 1.348715e-01
807 8.821455e-06 5.516072e-02
808 4.009832e-08 5.948068e-03
809 1.134736e-07 2.381952e-02
810 2.476749e-09 2.327263e-03
811 1.137080e-05 1.818367e-02
812 6.524678e-08 4.295635e-03
813 2.050016e-05 4.343448e-02
814 2.110452e-07 1.374955e-02
815 2.244195e-08 1.597755e-02
816 1.872032e-03 5.250592e-01
817 8.751738e-05 1.142306e-01
818 9.205371e-10 9.983195e-03
819 1.834196e-07 1.307356e-02
820 2.733403e-06 3.747416e-02
821 1.376112e-05 4.249665e-02
822 6.447533e-07 3.392271e-02
823 2.560478e-05 1.217010e-01
824 1.269654e-03 1.001255e+00
825 3.429511e-03 1.016938e+00
826 4.457020e-04 4.388605e-01
827 1.529191e-03 2.736231e-01
828 6.433402e-05 7.747812e-01
829 2.316804e-03 1.185944e+00
830 2.865438e-05 1.655975e-02
831 9.963278e-08 4.763197e-03
832 8.902077e-07 5.249964e-03
833 2.022940e-06 1.124064e-02
834 6.400307e-06 7.327422e-03
835 5.088097e-06 7.267567e-03
836 2.690876e-06 5.459391e-03
837 2.349799e-06 9.764659e-03
838 7.745144e-06 9.714368e-03
839 2.893073e-07 5.049972e-03
840 4.066468e-05 2.161274e-02
841 3.949291e-07 7.325152e-03
842 8.264442e-07 8.716157e-03
843 1.648382e-07 9.853788e-03
844 1.091705e-06 1.991412e-02
845 2.969432e-04 6.045675e-02
846 5.941786e-05 7.842903e-02
847 2.294580e-06 8.538895e-03
848 4.840220e-06 1.421865e-02
849 9.307524e-05 8.136384e-02
850 1.185971e-07 6.236156e-03
851 5.968832e-06 6.992047e-02
852 2.285635e-07 6.412956e-03
853 9.634309e-05 3.264612e-02
854 1.552492e-07 5.936047e-03
855 2.762622e-06 1.869408e-02
856 3.418619e-11 1.482539e-03
857 2.079726e-10 1.302722e-03
858 4.093966e-10 2.050064e-03
859 9.257918e-11 1.499274e-03
860 3.258507e-05 1.339851e-01
861 6.334594e-09 6.858959e-03
862 1.252498e-09 1.595289e-03
863 4.987407e-10 1.540003e-03
864 2.746132e-10 1.394178e-03
865 3.492084e-10 1.574329e-03
866 8.579634e-10 2.067121e-03
867 3.704624e-09 1.726247e-03
868 1.703411e-10 1.363049e-03
869 1.484530e-10 1.627174e-03
870 7.685864e-10 1.533349e-03
871 2.942760e-11 1.394078e-03
872 9.039178e-10 1.881484e-03
873 5.984925e-10 1.419110e-03
874 3.291209e-09 1.405441e-03
875 5.401006e-04 3.517864e-01
876 2.407572e-11 1.443979e-03
877 2.462164e-09 1.457966e-03
878 4.051679e-10 1.900997e-03
879 1.643433e-10 1.352847e-03
880 8.813874e-10 1.371978e-03
881 4.410473e-11 1.397988e-03
882 8.795309e-10 1.821908e-03
883 2.388222e-09 1.760984e-03
884 1.545019e-09 1.479577e-03
885 5.926540e-10 1.568049e-03
886 1.256938e-07 6.653212e-03
887 2.276420e-07 9.727094e-03
888 1.636904e-07 1.157727e-02
889 4.694801e-05 1.060546e-01
890 2.142690e-08 1.987820e-02
891 4.806987e-06 9.322308e-02
892 1.329646e-05 1.738982e-01
893 1.356642e-07 5.711566e-03
894 4.159603e-07 3.877071e-03
895 4.992663e-07 8.664896e-03
896 3.270783e-07 1.500339e-02
897 1.730991e-03 9.355436e-01
898 4.636667e-07 1.924962e-02
899 4.996528e-06 8.228889e-02
900 3.677751e-07 9.223593e-03
901 1.791117e-06 9.523986e-03
902 3.176431e-07 9.220770e-03
903 1.650721e-07 6.148550e-03
904 9.065722e-05 1.266277e-01
905 1.144975e-06 2.016853e-02
906 1.729488e-04 6.445285e-02
907 3.913471e-03 1.376274e+00
908 5.563979e-09 2.765891e-03
909 1.142717e-07 3.243671e-03
910 4.260080e-10 1.579547e-03
911 4.362284e-06 1.069604e-02
912 2.125778e-08 5.082342e-03
913 2.148496e-09 1.725221e-03
914 1.657319e-08 4.925230e-03
915 1.550568e-06 4.019754e-03
916 2.734274e-05 1.537957e-01
917 3.525338e-09 2.135343e-03
918 3.562703e-10 1.783641e-03
919 1.508143e-10 1.394678e-03
920 4.828522e-09 2.533168e-03
921 4.088389e-11 1.059969e-03
922 1.976690e-08 1.431111e-03
923 2.029060e-04 1.091863e-01
924 9.587079e-06 1.838297e-02
925 6.813058e-09 1.070934e-03
926 3.926720e-07 1.517035e-02
927 2.639038e-10 1.326014e-03
928 3.034782e-08 4.153373e-03
929 1.329599e-07 1.067134e-02
930 2.659009e-09 3.659793e-03
931 2.692034e-08 3.852430e-03
932 9.792489e-11 1.484695e-03
933 2.076390e-09 1.826023e-03
934 7.200766e-08 1.200316e-02
935 1.549794e-08 1.869428e-03
936 3.276553e-10 1.195057e-03
937 4.894810e-09 2.948953e-03
938 2.270859e-09 1.798100e-03
939 1.179978e-07 3.671945e-03
940 5.521763e-08 6.544939e-03
941 7.276919e-09 5.580511e-03
942 6.717577e-09 1.634259e-03
943 4.264615e-08 2.280111e-03
944 1.309379e-06 1.262489e-02
945 3.263508e-09 2.267219e-03
946 1.287201e-07 6.660385e-03
947 1.200134e-06 3.191002e-02
948 1.317184e-07 6.944380e-03
949 4.098894e-07 1.068473e-02
950 8.656143e-08 7.928920e-03
951 1.603876e-08 1.593614e-02
952 1.054432e-05 2.324391e-02
953 4.078059e-09 8.946085e-03
954 5.543699e-09 3.087600e-03
955 4.628268e-06 3.763798e-02
956 5.036206e-10 3.053966e-03
957 7.197045e-09 8.412722e-03
958 3.332963e-08 6.822963e-03
959 2.109202e-05 5.336501e-02
960 4.119297e-08 1.914959e-02
961 5.458843e-07 9.925052e-03
962 7.853954e-08 1.273208e-02
963 9.534488e-09 3.843480e-03
964 3.367857e-06 4.151037e-02
965 1.166396e-09 5.412558e-03
966 8.203343e-05 1.286547e-01
967 2.208502e-05 6.063815e-02
968 1.039721e-07 4.788205e-03
969 2.491930e-08 8.097981e-03
970 1.880617e-07 1.677099e-02
971 3.316002e-07 3.135322e-03
972 1.451557e-07 7.568600e-03
973 4.887479e-09 9.423808e-03
974 2.705705e-08 3.283268e-03
975 2.106353e-06 7.524751e-03
976 1.097422e-03 3.297397e-01
977 1.090982e-06 8.059554e-03
978 4.868558e-05 2.245708e-02
979 4.384120e-08 2.844084e-03
980 1.676533e-09 1.234573e-03
981 9.008385e-09 4.102060e-03
982 8.787474e-08 8.076639e-03
983 1.962685e-07 3.834269e-03
984 2.746052e-06 1.043153e-02
985 1.989658e-07 4.162005e-03
986 8.029649e-08 4.160910e-03
987 3.408300e-09 1.272912e-03
988 3.426213e-08 2.527657e-03
989 1.693281e-06 9.727792e-03
990 2.355589e-07 3.836860e-03
991 9.809056e-07 7.465636e-03
992 3.850178e-08 2.359570e-03
993 2.239769e-08 2.450603e-03
994 3.775330e-09 2.151821e-03
995 6.424876e-07 3.958058e-03
996 2.979539e-07 3.279108e-03
997 5.869733e-04 2.285226e-01
998 6.003212e-07 6.173860e-03
999 3.503374e-07 5.026539e-03
1000 5.189437e-08 1.912384e-03
1001 4.155544e-09 1.575613e-03
1002 1.032696e-07 5.911071e-03
1003 2.255062e-09 1.780343e-03
1004 2.201382e-06 5.873289e-03
1005 4.203091e-08 2.927961e-03
1006 6.329562e-06 1.399100e-02
1007 1.183433e-08 2.929190e-03
1008 3.662587e-06 8.867143e-03
1009 4.480652e-09 4.061431e-03
1010 1.208379e-08 2.862085e-03
1011 2.468135e-07 3.738996e-03
1012 4.865106e-07 3.916832e-03
1013 2.389947e-09 2.067634e-03
1014 1.530922e-08 3.443240e-03
1015 8.740448e-10 2.131136e-03
1016 1.646014e-07 3.091609e-03
1017 1.415288e-08 1.795005e-03
1018 1.911137e-08 2.896700e-03
1019 1.586049e-09 4.401943e-03
1020 6.271958e-10 1.749693e-03
1021 1.022102e-06 7.806681e-03
1022 2.935251e-10 1.166023e-03
1023 1.020295e-06 2.158790e-03
1024 5.647876e-10 1.399309e-03
1025 8.841901e-08 2.440880e-03
1026 5.557102e-04 9.694516e-01
1027 5.048795e-04 1.558156e-01
1028 4.985319e-04 1.065954e-01
1029 5.706553e-05 1.037422e-01
1030 4.002952e-04 3.557204e-01
1031 2.178495e-03 8.802299e-01
1032 3.524428e-07 7.903931e-03
1033 4.873379e-06 1.995344e-02
1034 1.642572e-03 3.118912e-01
1035 9.884720e-07 4.633464e-03
1036 1.784655e-07 9.707212e-03
1037 4.149483e-05 3.449659e-02
1038 7.847990e-08 3.127625e-03
1039 2.344719e-05 1.738309e-02
1040 4.195020e-07 9.541875e-03
1041 7.204701e-06 2.689363e-02
1042 1.447415e-07 1.085480e-02
1043 2.460569e-06 1.658392e-02
1044 5.572005e-08 1.706966e-02
1045 8.786018e-07 7.698774e-03
1046 1.312005e-04 9.245816e-02
1047 9.148495e-04 2.757804e-01
1048 5.818366e-04 1.750752e-01
1049 1.534437e-07 9.022814e-03
1050 9.591262e-04 5.237068e-01
1051 7.875461e-04 4.511490e-01
1052 6.934831e-11 1.227359e-03
1053 9.675875e-11 1.821579e-03
1054 7.572068e-05 8.263874e-02
1055 3.033251e-12 1.556032e-03
1056 6.182581e-11 4.673065e-03
1057 7.946321e-10 2.140384e-03
1058 6.940462e-09 2.028932e-03
1059 3.645868e-12 1.031699e-03
1060 6.481476e-13 9.550879e-04
1061 3.471059e-06 3.668420e-03
1062 4.972293e-11 1.812621e-03
1063 4.576346e-09 3.813693e-03
1064 5.407296e-04 3.123050e-01
1065 1.200311e-06 1.725364e-02
1066 1.289479e-12 1.577868e-03
1067 4.846564e-12 1.439763e-03
1068 1.454608e-13 1.465211e-03
1069 1.251677e-12 1.614064e-03
1070 2.406380e-08 1.409151e-02
1071 9.755075e-09 5.312213e-03
1072 2.569746e-08 3.328569e-03
1073 1.017003e-07 1.940033e-02
1074 1.061109e-11 1.055253e-03
1075 1.708362e-06 2.630799e-02
1076 3.531398e-07 6.146711e-03
1077 8.490979e-07 1.660403e-02
1078 1.018069e-10 1.632489e-03
1079 1.603012e-08 5.831945e-03
1080 3.358914e-10 1.585316e-03
1081 3.199027e-13 1.460188e-03
1082 1.751112e-11 1.485789e-03
1083 2.268329e-09 1.831117e-03
1084 3.527797e-12 1.228492e-03
1085 1.297425e-09 4.320093e-03
1086 1.662217e-11 1.240032e-03
1087 2.249155e-11 1.369660e-03
1088 8.149951e-11 4.681310e-03
1089 6.515437e-11 1.234739e-03
1090 4.923348e-12 1.195626e-03
1091 2.998377e-11 1.229230e-03
1092 2.633357e-03 8.189860e-01
1093 1.683748e-09 1.877162e-02
1094 5.883287e-09 1.384971e-02
1095 2.576826e-10 1.692953e-03
1096 2.831503e-12 1.481497e-03
1097 3.567315e-10 4.826537e-03
1098 1.861773e-08 7.875348e-03
1099 7.881694e-09 3.262288e-03
1100 4.963045e-09 2.809580e-03
1101 9.631741e-07 5.193671e-03
1102 4.093092e-09 3.181877e-03
1103 5.830670e-09 2.755429e-03
1104 1.202017e-05 7.092824e-02
1105 8.293580e-11 1.530166e-03
1106 1.465691e-11 2.235593e-03
1107 7.173900e-11 3.128541e-03
1108 6.210335e-10 1.737859e-03
1109 2.789683e-11 2.022656e-03
1110 5.524001e-09 4.735888e-03
1111 6.694875e-11 3.955484e-03
1112 1.747362e-05 4.151547e-02
1113 7.175681e-07 1.753194e-02
1114 6.986741e-10 2.057552e-03
1115 2.793627e-05 3.845114e-02
1116 5.043208e-12 1.479022e-03
1117 5.977709e-10 1.611754e-03
1118 8.023101e-07 6.753875e-03
1119 2.830695e-06 2.397765e-02
1120 2.521852e-09 4.052538e-03
1121 2.594493e-08 6.865918e-03
1122 1.127166e-08 4.112597e-03
1123 3.819909e-09 2.488880e-03
1124 3.174480e-08 3.801653e-03
1125 3.722966e-08 4.752168e-03
1126 3.160468e-08 5.142904e-03
1127 1.845655e-08 3.884825e-03
1128 1.360013e-07 4.658375e-03
1129 2.379130e-08 3.323814e-03
1130 1.607890e-07 5.242069e-03
1131 2.591588e-04 9.185696e-02
1132 3.629464e-04 2.850955e-01
1133 3.043268e-05 4.993246e-02
1134 1.235817e-07 9.211871e-03
1135 2.050747e-07 2.520110e-03
1136 2.506140e-07 4.936826e-03
1137 5.150980e-07 5.725432e-03
1138 8.202658e-06 1.635512e-02
1139 1.428786e-08 5.261769e-03
1140 3.150391e-04 3.577051e-01
1141 4.039017e-05 4.593357e-02
1142 9.283623e-07 9.854919e-03
1143 1.109697e-07 6.840973e-03
1144 1.975927e-06 3.802771e-02
1145 3.664907e-08 9.220961e-03
1146 9.098777e-05 1.073668e-01
1147 1.040432e-05 4.655770e-02
1148 4.323263e-05 3.368358e-02
1149 4.738063e-06 1.341419e-02
1150 5.738835e-07 1.196999e-02
1151 1.045943e-04 4.063565e-02
1152 4.160761e-07 6.768385e-03
1153 1.068731e-06 4.991045e-03
1154 4.100574e-06 1.499461e-02
1155 8.574370e-06 3.033047e-02
1156 1.187603e-04 7.112261e-02
1157 3.010357e-04 1.175373e-01
1158 1.314441e-06 1.555304e-02
1159 9.912303e-04 3.186529e-01
1160 1.388430e-05 1.437778e-02
1161 2.811224e-07 7.588002e-03
1162 1.242448e-04 6.215585e-02
1163 3.869940e-04 3.583649e-01
1164 8.068531e-05 4.027019e-02
1165 2.276228e-04 5.576192e-02
1166 3.112976e-05 5.527232e-02
1167 8.051321e-05 5.185748e-02
1168 2.500851e-04 5.574791e-02
1169 3.633030e-04 9.366305e-02
1170 1.619343e-04 6.413537e-02
1171 1.481618e-05 1.183312e-02
1172 5.315022e-07 2.629820e-02
1173 1.177371e-03 4.590184e-01
1174 9.207168e-04 2.980594e-01
1175 3.248536e-05 4.339979e-02
1176 2.732906e-03 2.765447e+00
1177 1.572215e-08 3.124065e-03
1178 3.076784e-04 5.006000e-02
1179 5.820811e-06 2.514530e-02
1180 1.021689e-03 1.720400e-01
1181 4.928302e-05 3.298717e-02
1182 2.232037e-04 1.023758e-01
1183 5.044169e-06 4.817616e-02
1184 4.528979e-04 3.569477e-01
1185 4.146985e-04 2.953859e-01
1186 8.819983e-06 3.625310e-02
1187 9.708783e-08 9.518158e-03
1188 2.266377e-06 1.136746e-02
1189 2.906884e-05 5.368389e-02
1190 3.592335e-04 3.528088e-01
1191 1.558203e-04 7.150763e-02
1192 7.943539e-05 1.286785e-01
1193 1.811441e-05 5.262300e-02
1194 4.144118e-04 2.872866e-01
1195 6.765474e-05 1.272655e-01
1196 2.807525e-04 2.812393e-01
1197 3.992612e-04 1.414287e-01
1198 2.703521e-06 3.041352e-02
1199 3.137354e-04 1.343463e-01
1200 2.994115e-04 2.485851e-01
1201 1.338959e-06 2.901427e-02
1202 1.216494e-06 1.680317e-02
1203 2.947757e-04 1.227984e-01
1204 1.735441e-04 1.081563e-01
1205 1.618176e-09 4.862684e-03
1206 2.152465e-07 1.826689e-02
1207 9.903371e-10 3.649016e-03
1208 9.582472e-04 2.454647e-01
1209 8.118717e-08 9.081865e-03
1210 3.116578e-10 8.345967e-03
1211 8.930382e-10 3.600889e-03
1212 5.876814e-07 6.266658e-03
1213 2.443137e-08 7.583891e-03
1214 3.574211e-07 9.489382e-03
1215 1.552596e-07 3.475075e-02
1216 9.241594e-12 4.242222e-03
1217 4.269413e-05 2.743835e-01
1218 6.762979e-08 6.874534e-03
1219 4.249327e-09 1.288292e-03
1220 3.430995e-09 3.410854e-03
1221 3.293703e-07 8.601859e-03
1222 2.614864e-03 6.778891e-01
1223 2.358897e-09 2.079520e-03
1224 1.832614e-07 2.398112e-03
1225 1.285977e-04 1.084055e-01
1226 2.563003e-10 2.310174e-03
1227 2.203658e-04 6.223456e-01
1228 1.776577e-05 1.271019e-02
1229 2.538997e-08 1.272572e-03
1230 2.779376e-07 2.783747e-03
1231 5.465506e-07 1.965430e-03
1232 2.240485e-09 2.023869e-03
1233 5.297090e-09 2.257248e-03
1234 6.537048e-06 9.657404e-03
1235 2.170654e-09 2.561301e-03
1236 6.183780e-08 3.006312e-03
1237 1.530797e-06 5.021470e-03
1238 3.814821e-07 4.767929e-03
1239 1.132442e-08 2.339945e-03
1240 3.727177e-03 1.186659e+00
1241 8.913920e-06 8.539274e-03
1242 1.341946e-06 5.938388e-03
1243 1.537727e-07 4.317820e-03
1244 1.349869e-06 4.664850e-03
1245 9.387110e-08 2.975701e-03
1246 1.407022e-07 2.961934e-03
1247 6.883677e-05 4.407625e-02
1248 3.110546e-05 4.787548e-02
1249 1.623426e-06 1.113097e-02
1250 1.977590e-05 3.073467e-02
1251 3.665950e-06 2.064332e-02
1252 1.371170e-06 1.759519e-02
1253 2.214075e-07 1.520844e-02
1254 9.534912e-07 8.900201e-03
1255 3.417638e-03 7.199587e-01
1256 3.153653e-06 9.885925e-03
1257 5.896478e-03 1.684008e+00
1258 1.172686e-04 1.184220e-01
1259 1.620765e-03 4.555939e-01
1260 1.743540e-03 1.466020e-01
1261 4.741156e-10 1.848086e-03
1262 2.611495e-03 7.763373e-01
1263 1.134725e-07 5.547398e-03
1264 6.119924e-05 9.793555e-02
1265 3.169101e-07 3.463940e-03
1266 9.787784e-08 6.929736e-03
1267 1.440820e-08 1.943756e-03
1268 1.092738e-06 7.598555e-03
1269 4.469316e-06 7.283748e-02
1270 1.096665e-04 1.251391e-01
1271 1.739543e-06 1.169236e-02
1272 2.376663e-08 3.342823e-03
1273 5.703805e-07 6.800665e-03
1274 6.211289e-06 2.315405e-02
1275 5.327348e-04 1.106626e-01
1276 2.829335e-04 1.439572e-01
1277 1.167668e-05 1.257413e-01
1278 1.243221e-03 2.840122e-01
1279 5.367931e-08 5.993271e-03
1280 8.835588e-08 7.400672e-03
1281 4.733772e-08 8.546802e-03
1282 3.921915e-07 1.557582e-02
1283 2.052038e-06 1.322605e-02
1284 6.070484e-04 3.708998e-01
1285 7.923192e-06 3.645091e-02
1286 1.038769e-04 1.570127e-01
1287 2.197112e-10 7.191381e-03
1288 3.980270e-05 1.270447e-01
1289 3.325952e-04 1.664202e-01
1290 3.807125e-11 1.825328e-03
1291 3.494147e-05 8.365028e-02
1292 1.431899e-07 1.594818e-02
1293 3.295005e-05 2.270413e-01
1294 1.132865e-08 2.445834e-03
1295 4.583648e-06 1.858368e-02
1296 3.412674e-05 2.925614e-02
1297 1.907385e-03 5.611341e-01
1298 2.024516e-04 2.287019e-01
1299 1.017606e-05 2.364136e-02
1300 9.889668e-04 6.349108e-01
1301 2.471961e-06 5.403832e-03
1302 4.317568e-08 3.802042e-03
1303 5.867208e-05 4.294472e-02
1304 9.039921e-05 6.455889e-02
1305 5.600761e-05 1.525093e-01
1306 1.063672e-04 8.871913e-02
1307 1.287707e-03 5.806545e-01
1308 2.874637e-07 1.056755e-02
1309 1.153121e-03 4.643240e-01
1310 5.776721e-04 6.326141e-01
1311 5.135983e-04 2.813740e-01
1312 4.394438e-03 1.590359e+00
1313 3.028684e-08 4.965817e-03
1314 3.678182e-05 5.306640e-02
1315 1.681171e-08 6.038906e-03
1316 5.576484e-10 4.991636e-03
1317 9.054865e-10 3.432756e-03
1318 1.762122e-08 2.020949e-03
1319 4.167581e-10 2.521209e-03
1320 3.714294e-09 4.483168e-03
1321 7.139787e-10 4.119001e-03
1322 1.052121e-10 1.540517e-03
1323 5.990679e-07 1.502253e-02
1324 7.912725e-06 4.647999e-03
1325 3.752072e-07 6.839922e-03
1326 1.543206e-06 8.519182e-03
1327 2.030449e-07 1.031031e-02
1328 3.516257e-07 7.635873e-03
1329 2.864598e-12 2.764880e-03
1330 2.183774e-07 9.904486e-03
1331 2.426686e-04 1.974907e-01
1332 2.265211e-04 2.680307e-01
1333 4.842442e-06 3.380840e-02
1334 3.932147e-08 2.103396e-02
1335 1.411938e-05 3.545371e-02
1336 2.272885e-07 1.072784e-02
1337 8.689722e-07 6.697551e-03
1338 3.278567e-05 4.308636e-02
1339 4.923783e-05 3.218454e-02
1340 1.148096e-05 1.108259e-02
1341 1.618110e-06 9.399042e-03
1342 2.347515e-09 1.658744e-03
1343 6.156496e-03 1.090286e+00
1344 1.326899e-08 5.172425e-03
1345 3.115271e-04 4.765351e-01
1346 9.818758e-06 1.005641e-01
1347 7.207417e-05 1.074683e-01
1348 4.388944e-05 3.319515e-02
1349 1.424972e-06 1.364181e-02
1350 3.837610e-03 1.080515e+00
1351 1.207945e-03 4.732046e-01
1352 8.887846e-04 6.367061e-01
1353 1.569002e-10 3.320927e-03
1354 1.224533e-07 3.142866e-03
1355 2.709650e-04 7.761908e-02
1356 4.437579e-07 4.661432e-03
1357 6.592522e-07 5.512194e-03
1358 3.026179e-03 6.516758e-01
1359 3.431658e-06 2.584773e-02
1360 2.618788e-04 9.287488e-03
1361 9.330460e-06 1.525596e-02
1362 1.434885e-06 3.860253e-03
1363 8.190393e-11 1.349393e-03
1364 1.040618e-09 1.293028e-03
1365 6.704012e-10 1.908717e-03
1366 2.185815e-07 7.176109e-03
1367 5.723393e-07 3.819298e-02
1368 1.532113e-07 3.371002e-03
1369 1.372082e-09 2.318354e-03
1370 9.669331e-11 1.156486e-03
1371 4.123169e-07 3.003528e-03
1372 8.804905e-09 1.250165e-03
1373 8.337748e-08 2.066063e-03
1374 6.630809e-08 9.169751e-03
1375 1.475191e-03 4.756273e-01
1376 8.442977e-05 3.687146e-02
1377 1.490748e-03 1.389815e-01
1378 3.786279e-08 1.159856e-02
1379 1.585311e-03 2.906844e-01
1380 1.299460e-04 7.795840e-02
1381 4.360097e-07 2.264233e-02
1382 3.245757e-08 2.299432e-03
1383 6.856673e-07 8.554374e-03
1384 1.102269e-03 7.217156e-01
1385 1.818206e-05 4.339964e-02
1386 8.057524e-04 2.319919e-01
1387 2.334392e-03 9.695006e-01
1388 2.483290e-03 8.847234e-01
1389 8.099792e-07 8.191845e-03
1390 9.476785e-04 2.796600e-01
1391 3.848772e-06 1.931574e-02
1392 3.999177e-08 1.609975e-02
1393 7.014435e-08 3.109876e-03
1394 4.810581e-08 1.089642e-02
1395 6.892573e-06 4.662060e-02
1396 3.008379e-07 5.327968e-03
1397 3.056904e-08 4.623416e-03
1398 1.371709e-03 6.462184e-01
1399 1.852832e-05 2.223503e-02
1400 7.432601e-07 9.309340e-03
1401 4.763241e-04 7.594231e-02
1402 6.036781e-07 4.093790e-03
1403 6.498426e-05 1.338556e-02
1404 2.028985e-05 4.545531e-02
1405 4.180702e-08 2.200631e-03
1406 3.066889e-05 2.565290e-02
1407 5.769861e-08 2.711902e-03
1408 3.348848e-09 2.399728e-03
1409 3.005301e-05 6.078874e-02
1410 2.745027e-04 2.442188e-01
1411 6.628493e-06 1.618124e-01
1412 4.250996e-03 6.667724e-01
1413 2.596983e-06 2.565519e-03
1414 2.117113e-03 1.033076e+00
1415 1.893141e-08 3.235833e-03
1416 2.174359e-05 6.952230e-03
1417 6.944344e-05 1.767778e-02
1418 3.297363e-07 4.072273e-03
1419 6.005571e-05 1.344093e-01
1420 5.868133e-04 4.853286e-01
1421 8.595637e-05 1.777605e-01
1422 3.020536e-04 1.320297e-01
1423 2.373416e-03 8.199427e-01
1424 2.396463e-08 9.907706e-03
1425 3.901819e-03 1.130969e+00
1426 9.451213e-04 6.016042e-01
1427 7.703173e-06 4.641283e-02
1428 4.320385e-05 2.775286e-02
1429 1.874172e-06 1.186790e-02
1430 3.683573e-06 4.895947e-02
1431 1.150925e-04 5.819337e-02
1432 4.096520e-04 1.281323e-01
1433 3.904240e-08 7.807108e-03
1434 3.607201e-08 3.260990e-02
1435 2.203137e-06 6.412198e-02
1436 1.316938e-03 5.819810e-01
1437 2.621681e-06 5.035776e-03
1438 2.124775e-05 1.481512e-02
1439 7.437617e-04 1.113107e+00
1440 3.578388e-04 9.272686e-02
1441 4.470367e-03 1.202207e+00
1442 7.282134e-12 2.166492e-03
1443 1.207881e-07 5.639345e-02
1444 6.276400e-08 3.611500e-02
1445 3.109916e-07 4.738508e-02
1446 3.508607e-08 6.455511e-03
1447 5.476683e-04 1.466154e-01
1448 3.874767e-07 9.923009e-03
1449 3.476241e-04 1.776490e-01
1450 9.152862e-05 1.489137e-01
1451 2.771329e-09 1.815224e-03
1452 5.793091e-08 1.413314e-02
1453 3.310316e-07 2.102391e-03
1454 1.422385e-08 1.287830e-02
1455 4.716761e-10 4.418801e-03
1456 2.675276e-06 1.099640e-02
1457 2.055388e-09 5.412075e-03
1458 8.845536e-10 2.875340e-03
1459 5.336553e-06 1.078973e-02
1460 6.070435e-10 4.512224e-03
1461 1.141706e-09 7.683563e-03
1462 1.075895e-08 8.574901e-03
1463 4.327161e-06 3.638837e-02
1464 1.455730e-03 8.909127e-01
1465 1.925558e-03 5.424187e-01
1466 2.016296e-03 5.742886e-01
1467 5.591734e-05 6.813046e-02
1468 3.415303e-03 1.017076e+00
1469 1.909588e-03 6.882405e-01
1470 3.195184e-05 5.119353e-02
1471 1.426685e-05 3.501778e-02
1472 3.860582e-05 1.318998e-01
1473 2.256595e-09 2.959263e-03
1474 3.945119e-10 1.252713e-02
1475 2.489780e-08 4.542838e-03
1476 2.081629e-05 1.002759e-02
1477 3.077492e-04 4.178480e-01
1478 1.828260e-06 2.864494e-02
1479 4.264541e-04 2.541175e-01
1480 6.213986e-04 2.289988e-01
1481 3.223195e-06 3.489322e-02
1482 5.817925e-05 6.941159e-02
1483 6.967939e-07 1.224686e-02
1484 3.414727e-06 8.569354e-03
1485 2.867901e-06 9.932997e-03
1486 1.476816e-03 6.340874e-01
1487 1.729046e-04 2.228620e-02
1488 7.389233e-05 5.601843e-02
1489 4.586229e-05 3.366515e-02
1490 6.473904e-05 1.405766e-02
1491 2.622235e-03 5.418452e-01
1492 8.430080e-07 2.299402e-02
1493 1.601324e-06 5.690871e-03
1494 6.061661e-07 2.304252e-02
1495 3.042688e-04 3.905733e-01
1496 1.947672e-05 1.499371e-02
1497 2.023218e-04 1.355982e-01
1498 3.384859e-03 1.118770e+00
1499 1.042246e-04 7.471922e-02
1500 2.347251e-07 1.036632e-02
1501 1.119942e-03 2.353400e-01
1502 7.658045e-04 2.746992e-01
1503 2.238945e-04 7.259257e-02
1504 6.597441e-03 1.050592e+00
1505 7.269583e-07 7.151855e-02
1506 1.030378e-06 1.931597e-03
1507 1.197752e-03 3.796213e-01
1508 1.309351e-03 1.280423e+00
1509 2.639440e-07 4.474020e-03
1510 5.132525e-07 3.777281e-03
1511 1.435737e-03 4.372778e-01
1512 2.609713e-08 1.084759e-03
1513 4.539101e-07 1.737915e-02
1514 5.450941e-08 5.223866e-03
1515 3.696300e-06 1.122257e-02
1516 1.210838e-04 1.177306e-01
1517 3.693126e-05 1.877112e-02
1518 8.576334e-06 8.818994e-02
1519 1.099334e-10 1.807430e-03
1520 3.462686e-04 1.420271e-01
1521 8.869545e-09 2.455064e-03
1522 6.517014e-08 4.730242e-03
1523 1.029255e-07 7.681775e-03
1524 1.001245e-03 5.623839e-01
1525 1.694824e-04 6.273546e-02
1526 2.336963e-06 2.464507e-02
1527 1.064105e-04 1.101716e-01
1528 2.896393e-05 1.261565e-02
1529 2.067486e-06 3.001932e-02
1530 6.772562e-07 7.477931e-03
1531 3.518746e-04 2.358286e-01
1532 1.454213e-05 2.103893e-02
1533 4.963027e-05 1.284961e-01
1534 1.447274e-03 6.900383e-01
1535 1.846759e-03 7.963820e-01
1536 7.638308e-04 4.457518e-01
1537 1.430414e-08 8.428386e-03
1538 5.656535e-05 3.965990e-01
1539 1.444959e-06 2.714266e-02
1540 1.120751e-08 4.668602e-02
1541 2.331353e-04 3.483145e-01
1542 1.735730e-03 1.692613e+00
1543 3.441796e-09 5.590107e-03
1544 2.557579e-07 1.688694e-02
1545 3.334706e-10 3.642937e-03
1546 7.028082e-05 1.690078e-01
1547 3.119612e-06 3.995593e-02
1548 1.084528e-08 3.962926e-02
1549 7.534447e-11 2.624719e-03
1550 2.654457e-05 8.599836e-02
1551 1.354701e-07 1.658030e-02
1552 1.049882e-08 1.277716e-03
1553 1.838932e-08 3.211819e-03
1554 1.730487e-03 7.174288e-01
1555 1.613480e-03 5.228304e-01
1556 9.863298e-06 4.257654e-02
1557 5.887012e-04 3.395835e-01
1558 9.814111e-04 4.790144e-01
1559 2.129555e-03 6.846720e-01
1560 1.077230e-07 5.885940e-03
1561 6.063878e-04 1.378978e-01
1562 1.777573e-07 1.431759e-02
1563 5.192996e-04 2.681444e-01
1564 1.720893e-07 8.095893e-03
1565 2.054246e-04 1.197956e-01
1566 1.006385e-04 4.980144e-02
1567 1.969360e-05 9.086475e-03
1568 1.750432e-04 7.167648e-02
1569 1.118294e-03 1.133562e-01
1570 1.621826e-04 1.096387e-01
1571 8.879559e-04 1.163055e-01
1572 5.004404e-10 1.951245e-03
1573 1.615705e-03 4.618497e-01
1574 1.316339e-06 5.852026e-03
1575 1.390677e-05 2.651215e-02
1576 5.147677e-05 2.167640e-02
1577 2.388214e-03 4.397310e-01
1578 2.939364e-08 6.685749e-03
1579 2.785727e-04 5.670210e-02
1580 8.506099e-10 2.504971e-03
1581 5.331571e-06 6.651513e-03
1582 1.224026e-06 7.954745e-03
1583 5.318605e-04 2.786880e-01
1584 2.976536e-06 1.009761e-02
1585 2.847820e-03 9.015473e-01
1586 5.280459e-04 6.774236e-01
1587 8.272548e-04 2.256811e-01
1588 8.246624e-04 3.148777e-01
1589 4.742896e-04 2.832318e-01
1590 1.943230e-03 4.774465e-01
1591 1.274240e-05 6.585185e-02
1592 2.577677e-05 4.297917e-02
1593 1.608959e-03 1.977506e-01
1594 1.909307e-05 5.593604e-02
1595 4.892969e-04 1.480868e-01
1596 4.472124e-05 5.099386e-02
1597 9.065376e-05 5.963592e-02
1598 4.343423e-05 1.497836e-01
1599 9.274767e-07 5.073859e-03
1600 1.364132e-03 2.981389e-01
1601 5.269612e-07 1.846684e-03
1602 1.829088e-03 1.347363e+00
1603 2.201430e-08 2.592517e-03
1604 1.130686e-08 2.526955e-03
1605 1.588495e-04 1.555872e-01
1606 4.340121e-12 2.940811e-03
1607 1.262449e-08 1.980356e-03
1608 3.487085e-08 2.101402e-03
1609 7.214140e-04 2.342106e-01
1610 2.964970e-04 1.547751e-01
1611 6.051065e-13 1.884622e-03
1612 1.805781e-08 2.245690e-03
1613 1.260909e-05 6.594388e-03
1614 2.460777e-07 5.552669e-03
1615 7.990289e-04 3.472741e-01
1616 8.400190e-05 1.787836e-01
1617 7.592887e-04 2.819505e-01
1618 2.303701e-04 9.882694e-02
1619 6.346794e-04 7.700961e-01
1620 2.455438e-06 1.148215e-02
1621 2.038052e-04 1.895593e-01
1622 4.064750e-07 5.970543e-03
1623 8.001296e-06 5.451680e-02
1624 5.677233e-09 5.302909e-03
1625 1.248015e-09 1.697857e-03
1626 1.750273e-08 9.856171e-03
1627 7.809246e-08 6.904446e-03
1628 2.507790e-10 1.990346e-03
1629 9.693051e-05 1.043650e-01
1630 1.732064e-10 1.722801e-03
1631 1.580180e-06 1.236459e-02
1632 4.676885e-09 1.017367e-02
1633 5.392697e-05 5.778836e-02
1634 1.721855e-03 9.280482e-01
1635 1.515949e-03 7.183352e-01
1636 2.152241e-03 1.526083e+00
1637 6.418414e-04 2.195744e-01
1638 2.641423e-03 2.675043e-01
1639 6.054809e-03 1.528534e+00
1640 2.359533e-03 5.615948e-01
1641 5.148250e-04 4.586537e-01
1642 9.362552e-04 1.712792e-01
1643 1.574198e-05 6.038948e-02
1644 5.363274e-04 2.551017e-01
1645 2.325612e-09 1.659887e-03
1646 5.067245e-04 2.333382e-01
1647 1.126040e-03 4.489343e-01
1648 4.712933e-07 6.720968e-03
1649 1.032249e-04 4.020333e-02
1650 3.914518e-03 6.120117e-01
1651 1.359050e-04 2.231141e-02
1652 2.348097e-03 1.067913e+00
1653 1.298693e-03 9.285117e-01
1654 4.923326e-09 2.858353e-03
1655 1.900394e-06 8.872948e-03
1656 3.372138e-11 3.791162e-03
1657 2.201079e-10 1.275151e-03
1658 7.880882e-09 3.474284e-03
1659 5.772323e-08 1.107236e-02
1660 1.536499e-12 2.013571e-03
1661 1.711785e-05 1.779479e-01
1662 1.379232e-09 8.360324e-03
1663 1.118402e-04 8.477491e-02
1664 1.802940e-10 7.017880e-03
1665 1.713744e-03 2.784625e-01
1666 1.208741e-05 1.062625e-01
1667 9.311722e-05 7.827789e-02
1668 1.607274e-07 3.253783e-03
1669 4.117591e-08 6.690941e-03
1670 5.749271e-07 1.156026e-02
1671 2.084147e-08 4.717999e-03
1672 7.265277e-07 3.301237e-02
1673 9.699087e-05 9.491879e-02
1674 3.436918e-05 6.843123e-03
1675 7.690336e-04 7.898199e-02
1676 1.403427e-10 1.488939e-03
1677 1.583485e-06 2.221213e-02
1678 6.013088e-04 3.747310e-01
1679 2.491948e-05 1.740346e-02
1680 1.474574e-06 1.909291e-02
1681 7.516116e-05 1.290716e-01
1682 1.794320e-06 8.801662e-03
1683 2.228422e-10 1.427051e-02
1684 2.099296e-09 7.037932e-03
1685 2.717096e-12 2.228348e-03
1686 7.726704e-06 5.075647e-02
1687 9.000801e-06 2.371559e-02
1688 3.088065e-11 1.181110e-03
1689 1.337700e-06 4.624711e-02
1690 2.484920e-06 1.158166e-02
1691 8.880613e-05 9.287034e-02
1692 7.131888e-04 9.350743e-01
1693 1.081944e-03 7.250350e-01
1694 8.508836e-04 3.317796e-01
1695 1.853551e-06 9.409063e-03
1696 3.199468e-09 3.060188e-03
1697 7.446914e-10 6.228557e-03
1698 4.698576e-05 1.704974e-01
1699 1.728496e-07 1.734538e-02
1700 3.638331e-04 8.075309e-02
1701 5.872818e-07 1.074473e-02
1702 2.934840e-07 6.401407e-03
1703 1.197596e-06 1.698731e-02
1704 2.378141e-06 7.558034e-03
1705 1.425250e-04 5.091202e-01
1706 1.931040e-04 6.585246e-02
1707 1.142860e-07 3.571466e-03
1708 6.953523e-15 2.066073e-03
1709 3.451537e-13 5.400189e-03
1710 3.903323e-11 1.420095e-03
1711 6.561758e-09 1.075745e-02
1712 1.606439e-08 5.686943e-03
1713 1.219792e-09 4.481738e-03
1714 2.424991e-09 6.157043e-03
1715 2.454943e-07 4.612072e-03
1716 3.506962e-10 6.170940e-03
1717 5.378844e-10 2.196937e-03
1718 1.886418e-08 1.830284e-02
1719 1.606135e-13 1.983144e-03
1720 4.716209e-08 4.913450e-03
1721 2.880142e-11 1.543082e-03
1722 5.901204e-07 1.307748e-02
1723 6.800640e-13 1.305811e-03
1724 5.661857e-14 1.416024e-03
1725 5.309991e-11 1.943379e-03
1726 1.699001e-07 3.797939e-02
1727 3.090406e-11 1.036306e-02
1728 5.641741e-11 2.571068e-03
1729 2.838905e-07 1.454047e-02
1730 1.135612e-08 4.535234e-03
1731 3.188414e-09 4.026637e-03
1732 1.366500e-03 3.296081e-01
1733 1.107285e-03 5.385382e-01
1734 6.983783e-04 5.723916e-01
1735 1.913157e-06 7.599228e-02
1736 4.695247e-09 7.942150e-03
1737 3.549860e-06 9.658109e-03
1738 1.025563e-04 2.734160e-01
1739 1.356325e-03 5.736710e-01
1740 8.474601e-07 2.552779e-02
1741 3.352807e-12 1.330466e-03
1742 5.304314e-09 1.712430e-03
1743 3.451367e-09 4.126736e-03
1744 5.653925e-09 2.081389e-03
1745 5.285822e-11 2.243360e-03
1746 2.079499e-08 8.591581e-03
1747 7.851265e-08 2.372268e-02
1748 1.708353e-04 2.719520e-02
1749 1.699529e-06 7.208541e-03
1750 2.305299e-07 8.920935e-03
1751 5.227986e-10 4.101747e-03
1752 1.954069e-09 7.636217e-03
1753 2.314997e-05 1.149791e-01
1754 1.197951e-03 6.846275e-01
1755 3.402519e-03 7.886740e-01
1756 8.297115e-07 2.017139e-02
1757 2.607245e-04 9.755791e-02
1758 1.124401e-03 9.632754e-01
1759 9.610102e-04 2.483469e-01
1760 5.799419e-04 4.165458e-01
1761 2.295307e-03 1.165376e+00
1762 2.037124e-03 1.075757e+00
1763 1.148652e-04 2.267579e-01
1764 1.969623e-05 3.468106e-02
1765 4.191745e-05 5.452710e-02
1766 1.108143e-03 4.476908e-01
1767 2.726433e-04 9.702054e-02
1768 3.517659e-05 4.060708e-02
1769 1.510016e-04 1.820923e-01
1770 6.747210e-04 3.440895e-01
1771 3.203023e-05 1.280408e-01
1772 1.251211e-09 4.459522e-03
1773 3.488986e-03 2.595577e+00
1774 1.811323e-03 6.058931e-01
1775 4.761759e-03 1.748213e+00
1776 3.444991e-04 3.626045e-01
1777 9.653404e-05 6.772155e-02
1778 1.714082e-03 8.512080e-01
1779 2.916671e-03 3.018978e-01
1780 9.955524e-05 7.923529e-02
1781 3.540815e-04 5.775209e-02
1782 6.625154e-06 4.124582e-02
1783 3.219938e-03 1.377962e+00
1784 8.878984e-06 8.852629e-02
1785 1.607751e-05 1.120883e-01
1786 7.110558e-04 1.330267e-01
1787 9.867559e-04 1.959513e-01
1788 9.309755e-04 5.957562e-01
1789 1.151749e-04 2.065671e-01
1790 5.454128e-06 2.126703e-02
1791 5.873412e-06 1.718763e-01
1792 4.350961e-04 4.062302e-01
1793 1.275435e-04 1.260671e-01
1794 1.553547e-05 5.109012e-02
1795 3.801168e-05 5.130188e-02
1796 1.363891e-04 1.362984e-01
1797 4.147599e-04 1.379450e-01
1798 4.307500e-05 5.352585e-02
1799 8.468182e-06 1.671537e-02
1800 2.485476e-04 2.297076e-01
1801 6.548702e-05 5.350876e-02
1802 1.273339e-03 1.022238e+00
1803 2.133397e-03 5.016460e-01
1804 6.700452e-04 4.208180e-01
1805 7.806426e-04 1.293750e-01
1806 6.322536e-05 8.320876e-02
1807 3.274487e-05 4.236611e-02
1808 1.964334e-03 4.360368e-01
1809 3.128782e-06 2.403929e-02
1810 1.925545e-07 9.342036e-03
1811 3.456072e-07 1.309706e-02
1812 5.139055e-05 3.299661e-02
1813 1.332577e-05 1.206557e-02
1814 1.325217e-08 2.086968e-02
1815 1.549919e-06 7.488166e-02
1816 9.836172e-06 3.198687e-02
1817 1.136980e-04 1.200433e-01
1818 1.386781e-06 4.677146e-02
1819 1.180428e-03 9.487207e-01
1820 3.973944e-05 1.877293e-01
1821 7.610778e-06 3.434978e-02
1822 1.198154e-07 2.109751e-02
1823 6.348777e-07 4.885963e-02
1824 2.473013e-04 1.952865e-01
1825 1.013187e-03 6.804241e-01
1826 2.556374e-04 1.741930e-01
1827 2.876292e-06 1.279948e-02
1828 1.209209e-07 1.846140e-02
1829 1.952280e-07 1.717264e-02
1830 1.806516e-03 1.529177e+00
1831 1.589294e-06 1.001814e-02
1832 3.681271e-04 1.164869e-01
1833 1.721098e-09 1.114275e-02
1834 6.498101e-06 2.562907e-02
1835 5.763883e-10 8.520811e-03
1836 2.785890e-07 6.987633e-03
1837 8.583077e-04 4.652303e-01
1838 1.102790e-04 4.699734e-02
1839 2.859354e-06 4.743318e-02
1840 1.163377e-04 9.291199e-02
1841 3.787979e-05 5.651755e-02
1842 2.976555e-06 2.279792e-02
1843 3.263155e-06 1.979955e-02
1844 7.704182e-06 2.226521e-02
1845 1.074781e-04 5.117944e-02
1846 3.307906e-08 7.481284e-03
1847 9.825409e-06 2.159224e-02
1848 1.024617e-07 1.296666e-02
1849 1.511260e-08 1.540596e-02
1850 1.266556e-07 1.009257e-02
1851 5.307771e-07 6.317328e-03
1852 4.384908e-08 4.865301e-03
1853 2.149069e-05 6.725461e-03
1854 2.015168e-04 1.576822e-01
1855 3.305549e-06 3.041012e-02
1856 1.492813e-04 1.477382e-01
1857 3.119471e-04 2.934294e-01
1858 1.120905e-04 1.234843e-01
1859 3.423056e-06 6.356154e-03
1860 1.632450e-03 3.759792e-01
1861 7.474566e-10 7.876993e-03
1862 2.206756e-06 1.027222e-02
1863 7.794115e-07 2.658297e-02
1864 1.623478e-03 3.220529e-01
1865 4.071773e-05 1.345475e-01
1866 5.933409e-07 5.067100e-02
1867 1.534261e-08 1.208039e-02
1868 1.194324e-09 9.840336e-03
1869 1.799722e-08 6.763663e-03
1870 3.883403e-07 1.608427e-02
1871 9.516701e-05 4.353209e-01
1872 4.011566e-04 3.487253e-01
1873 7.894106e-05 4.877311e-02
1874 2.760922e-05 1.027253e-01
1875 2.268505e-04 3.274548e-01
1876 6.910237e-05 2.151610e-02
1877 1.192681e-05 4.426153e-02
1878 4.100406e-06 1.374145e-02
1879 9.584128e-06 4.031850e-02
1880 6.176735e-06 2.472108e-02
1881 1.351609e-03 4.137837e-01
1882 3.264342e-07 6.512018e-02
1883 4.332723e-06 4.478455e-02
1884 4.056317e-05 9.371253e-02
1885 1.193555e-07 3.909646e-02
1886 1.132616e-06 1.170259e-01
1887 2.331880e-06 8.823414e-03
1888 3.196741e-07 1.634962e-02
1889 1.809490e-08 7.999527e-03
1890 2.529149e-11 5.479541e-03
1891 2.688170e-08 5.630588e-03
1892 5.570071e-08 6.102440e-03
1893 5.221200e-10 2.192674e-02
1894 1.611001e-06 6.428426e-02
1895 3.404464e-05 4.609220e-02
1896 2.291051e-08 5.075599e-03
1897 1.524814e-10 3.676986e-03
1898 1.370783e-06 4.543111e-03
1899 7.594280e-07 2.622079e-02
1900 5.133968e-06 2.611601e-02
1901 4.438104e-11 1.743953e-03
1902 1.042641e-03 6.023635e-01
1903 9.799048e-04 4.918475e-01
1904 1.616923e-04 7.224744e-02
1905 2.123818e-03 3.560140e-01
1906 3.477762e-03 1.169295e+00
1907 4.229256e-09 7.413595e-03
1908 1.425100e-07 8.273835e-03
1909 9.748937e-08 5.530563e-03
1910 1.058864e-04 6.507116e-02
1911 1.015661e-06 1.211010e-02
1912 6.760295e-06 8.465664e-02
1913 2.724024e-05 8.798070e-02
1914 8.395774e-05 2.423854e-01
1915 2.738803e-03 1.120186e+00
1916 2.517705e-04 3.639040e-01
1917 4.277579e-04 2.600449e-01
1918 1.502846e-04 2.408609e-01
1919 1.610768e-03 5.699556e-01
1920 2.329641e-05 7.463271e-02
1921 4.962922e-06 4.795729e-02
1922 3.676137e-04 3.321160e-01
1923 3.443190e-04 2.334214e-01
1924 7.402240e-04 5.395560e-01
1925 1.463219e-05 7.729962e-02
1926 1.590956e-06 2.555998e-02
1927 2.952404e-04 1.933712e-01
1928 6.884889e-04 4.260689e-01
1929 3.504938e-05 7.425677e-02
1930 1.325299e-07 6.114510e-03
1931 1.920344e-09 3.885071e-02
1932 7.082011e-09 2.591029e-02
1933 2.778019e-05 8.817922e-02
1934 2.964128e-08 7.652294e-03
1935 3.322878e-05 6.993775e-02
1936 4.473047e-06 2.340871e-02
1937 9.057731e-05 1.923375e-01
1938 1.728775e-03 3.920442e-01
1939 9.130031e-05 9.862138e-02
1940 2.954840e-05 1.100559e-01
1941 5.541290e-07 8.026381e-03
1942 8.701769e-04 2.379836e-01
1943 1.267644e-04 1.770124e-01
1944 1.237463e-05 3.966689e-02
1945 3.994562e-06 1.429814e-02
1946 9.385015e-06 1.463062e-01
1947 2.597630e-06 2.882750e-02
1948 5.616955e-05 2.232141e-01
1949 1.093713e-03 9.436342e-01
1950 1.306352e-03 3.793898e-01
1951 4.423160e-04 4.799274e-01
1952 3.483059e-05 1.550376e-01
1953 9.421351e-05 3.226513e-02
1954 6.411645e-06 2.169851e-02
1955 2.059474e-03 8.257563e-01
1956 1.076217e-03 6.926435e-01
1957 6.538969e-03 1.273374e+00
1958 9.388053e-04 6.168671e-01
1959 1.397780e-09 7.319949e-03
1960 3.668695e-05 2.279644e-02
1961 1.183340e-12 2.938944e-03
1962 7.797721e-09 7.225945e-03
1963 7.488293e-12 2.056929e-03
1964 6.657272e-11 3.510122e-03
1965 1.737622e-05 5.631562e-02
1966 3.843379e-07 1.219985e-02
1967 8.381646e-04 4.114308e-01
1968 8.013087e-06 2.805323e-02
1969 3.956107e-07 2.201928e-02
1970 4.230784e-08 9.856307e-03
1971 3.098930e-06 2.698967e-02
1972 4.764922e-09 7.144237e-03
1973 4.027702e-04 3.994944e-01
1974 1.409148e-06 4.145449e-02
1975 7.335394e-08 1.719464e-02
1976 1.070810e-05 3.530652e-02
1977 5.621217e-04 3.638452e-01
1978 3.326545e-04 9.168327e-02
1979 2.650957e-04 1.477695e-01
1980 1.905352e-04 2.420283e-01
1981 5.100434e-04 2.233712e-01
1982 3.344166e-04 1.880538e-01
1983 2.889499e-03 9.750097e-01
1984 1.994401e-04 1.113454e-01
1985 2.490655e-05 2.380806e-01
1986 4.254250e-05 9.408254e-02
1987 7.928142e-04 1.032588e+00
1988 2.138465e-05 5.566833e-02
1989 2.131490e-05 5.728993e-02
1990 6.199304e-04 3.383041e-01
1991 1.316256e-07 1.453479e-02
1992 1.265835e-04 7.283726e-02
1993 8.236155e-04 4.624408e-01
1994 2.990443e-04 1.531796e-01
1995 2.277222e-05 8.052588e-02
1996 5.006672e-05 1.068227e-01
1997 3.922296e-03 1.367236e+00
1998 1.608632e-04 2.871307e-01
1999 7.540035e-04 7.261492e-01
2000 1.834134e-03 5.865121e-01
