2 7.126228e-05 1.692816e-01
3 8.446164e-04 1.057657e+00
4 1.958233e-03 5.230508e-01
5 7.120552e-05 1.507568e-01
6 2.166225e-03 1.595665e+00
7 1.064520e-03 5.238968e-01
8 4.750824e-06 5.497633e-02
9 1.084493e-06 1.145748e-02
10 1.475283e-03 3.049229e-01
11 2.623707e-03 6.488978e-01
12 4.852575e-05 4.802815e-02
13 2.196504e-03 8.538739e-01
14 5.414742e-04 2.036568e-01
15 3.058272e-04 1.062518e-01
16 1.428022e-04 6.864319e-02
17 1.381813e-05 2.493607e-02
18 1.619095e-03 2.873856e-01
19 1.042677e-04 3.392685e-01
20 6.783142e-04 6.506588e-01
21 2.201514e-03 4.104559e-01
22 1.751947e-05 3.344543e-02
23 4.014903e-03 1.055544e+00
24 3.786307e-03 6.892751e-01
25 6.813331e-05 6.205457e-02
26 2.297896e-03 9.094571e-01
27 4.461273e-04 1.344195e-01
28 1.582058e-04 8.184787e-02
29 5.699555e-03 1.181782e+00
30 9.993037e-07 7.892425e-03
31 3.218128e-03 5.595958e-01
32 3.260463e-03 7.767124e-01
33 1.254028e-04 4.805519e-02
34 8.691509e-06 1.048072e-02
35 1.081506e-04 2.886952e-01
36 4.606357e-04 1.373147e-01
37 1.654733e-03 1.373087e+00
38 7.092877e-03 1.901556e+00
39 1.387901e-03 9.032468e-01
40 1.775254e-04 2.988806e-01
41 5.319212e-07 7.227070e-03
42 2.953767e-03 1.295808e+00
43 8.881487e-06 1.957711e-02
44 2.232893e-08 3.026379e-03
45 5.183504e-07 2.813891e-03
46 2.273134e-09 1.441438e-03
47 1.274989e-08 6.340074e-03
48 1.208327e-07 7.271865e-03
49 1.134193e-07 9.176476e-03
50 7.884793e-07 3.351825e-02
51 4.310511e-08 3.201102e-03
52 1.103559e-07 5.694044e-03
53 3.714614e-08 5.715575e-03
54 2.055364e-08 4.308831e-03
55 8.438499e-09 3.403638e-03
56 1.585996e-06 2.304223e-02
57 2.237304e-06 4.337246e-02
58 7.181471e-09 1.718099e-03
59 1.392731e-06 1.317850e-02
60 7.625439e-08 2.458471e-03
61 6.789694e-09 4.242442e-03
62 6.093454e-08 1.363327e-03
63 4.033513e-07 5.815874e-03
64 2.170485e-08 1.184461e-02
65 3.130195e-08 2.830046e-03
66 7.182864e-08 4.909825e-03
67 2.905368e-09 4.816390e-03
68 3.375815e-06 1.220474e-02
69 2.053830e-05 1.207448e-02
70 2.970068e-03 8.514760e-01
71 4.955652e-11 4.412655e-03
72 2.252960e-04 9.672438e-02
73 7.767484e-07 4.646518e-03
74 9.807461e-08 5.805633e-03
75 1.385350e-07 5.866857e-03
76 4.338333e-05 9.358975e-03
77 7.048909e-07 4.914175e-03
78 3.310567e-05 5.427189e-02
79 1.363419e-06 1.152839e-02
80 8.188968e-05 1.039935e-01
81 2.274325e-07 3.217188e-03
82 4.158362e-05 4.750238e-02
83 1.197370e-08 2.530955e-03
84 1.241519e-04 3.509984e-02
85 4.743178e-07 8.034293e-03
86 1.138798e-03 6.985963e-02
87 6.722096e-04 2.908650e-01
88 1.749829e-09 2.775827e-03
89 9.403721e-05 7.143797e-02
90 5.476293e-05 1.422885e-01
91 7.923379e-06 2.045296e-02
92 3.323299e-04 1.156147e-01
93 2.692493e-05 5.584752e-02
94 8.302533e-07 9.060146e-03
95 1.325319e-09 5.393063e-03
96 4.588292e-06 1.514187e-02
97 6.033639e-05 2.564392e-02
98 4.750799e-04 8.645228e-02
99 1.577330e-04 3.546366e-01
100 2.817864e-03 1.237683e+00
101 6.180571e-04 2.280471e-01
102 1.577422e-07 6.797012e-03
103 8.050504e-04 3.199321e-01
104 1.328791e-08 2.473638e-02
105 7.992824e-04 1.358466e-01
106 8.625227e-05 7.982935e-02
107 3.979614e-07 1.226395e-02
108 3.290512e-05 1.169509e-01
109 3.460171e-07 1.221304e-02
110 4.315897e-06 4.812410e-03
111 1.262573e-06 1.090070e-02
112 5.915777e-08 1.961357e-02
113 2.668281e-04 1.988377e-01
114 8.729208e-05 2.176012e-02
115 3.463155e-04 4.171639e-02
116 3.199150e-04 1.231518e-01
117 1.793313e-06 7.635769e-03
118 1.629493e-08 3.735038e-03
119 1.421203e-03 8.309283e-01
120 5.305710e-05 4.846512e-02
121 6.417639e-07 9.107345e-03
122 8.475495e-07 5.341806e-03
123 1.185248e-03 1.739283e-01
124 7.043450e-06 1.473820e-02
125 9.428284e-05 1.781790e-01
126 9.637185e-06 1.624992e-02
127 2.354311e-07 1.172683e-02
128 1.782850e-03 5.240468e-01
129 3.686082e-04 6.773974e-01
130 2.056721e-05 8.065336e-02
131 6.510667e-04 2.700512e-01
132 4.325393e-05 3.217450e-02
133 2.033408e-03 1.292430e+00
134 5.049497e-04 6.901212e-02
135 1.207946e-03 5.130039e-01
136 7.438354e-10 2.287597e-03
137 2.559804e-07 1.306453e-02
138 1.312765e-06 4.183519e-03
139 4.534493e-06 1.073024e-02
140 4.073633e-04 8.754695e-02
141 7.567007e-06 8.742213e-03
142 3.471367e-05 2.992538e-01
143 9.452251e-05 1.473889e-01
144 1.477907e-03 3.215818e-01
145 2.672147e-05 6.408792e-02
146 1.244034e-06 1.469170e-02
147 8.452365e-05 8.855187e-02
148 1.050643e-06 6.692692e-03
149 2.880504e-04 1.003132e-01
150 8.791674e-05 1.097685e-01
151 4.815494e-04 1.051458e-01
152 3.739345e-05 4.270616e-02
153 1.318052e-06 1.080555e-02
154 4.505314e-06 1.747028e-02
155 1.930646e-07 3.188876e-03
156 5.646911e-05 3.265171e-02
157 1.248918e-07 1.321247e-02
158 1.149025e-10 3.780424e-03
159 9.025393e-07 1.793282e-02
160 2.322838e-06 1.042281e-02
161 2.349753e-06 5.397802e-03
162 1.714476e-07 1.729139e-02
163 1.712064e-06 1.767661e-02
164 9.364163e-06 1.698049e-02
165 5.747631e-08 1.801121e-03
166 5.776644e-07 2.626985e-03
167 2.053155e-05 1.029895e-02
168 2.126681e-06 5.897129e-03
169 2.743546e-05 4.107616e-02
170 2.397765e-06 8.092045e-03
171 8.472092e-05 6.831480e-02
172 1.924242e-04 6.500375e-01
173 4.352758e-04 1.121808e-01
174 9.278619e-04 3.159104e-01
175 1.523898e-10 1.263868e-03
176 9.677597e-07 1.523715e-02
177 5.076059e-09 3.191184e-03
178 6.014072e-08 7.886510e-03
179 2.571981e-06 1.327603e-02
180 3.613376e-10 1.277298e-03
181 1.072344e-04 1.230464e-01
182 7.779234e-04 2.459553e-01
183 4.098092e-05 4.596504e-02
184 2.752151e-06 9.681441e-03
185 7.944214e-10 1.523790e-03
186 1.723915e-06 4.946470e-02
187 3.310852e-03 1.064647e+00
188 1.330024e-04 6.761171e-02
189 4.709231e-06 1.581908e-02
190 1.511244e-06 5.761759e-03
191 7.616779e-07 7.146013e-03
192 3.316963e-08 5.864243e-03
193 1.135265e-08 6.284367e-03
194 3.362971e-08 6.119788e-03
195 3.534839e-04 4.810172e-02
196 5.551726e-07 8.434203e-03
197 1.374623e-07 2.127833e-02
198 4.917495e-05 1.840059e-02
199 1.380704e-06 2.061671e-02
200 1.253243e-04 1.476008e-01
201 4.868013e-06 9.340060e-02
202 5.984860e-06 1.696296e-02
203 6.045217e-05 2.166721e-01
204 1.025212e-06 4.838020e-03
205 3.213936e-05 5.484846e-02
206 2.357801e-04 7.532053e-02
207 6.685245e-06 3.430526e-02
208 4.854437e-05 1.019101e-01
209 9.786422e-04 2.571937e-01
210 1.340795e-05 5.992435e-02
211 6.665462e-05 2.225354e-01
212 1.845201e-08 5.027476e-03
213 6.321642e-06 1.675792e-02
214 2.023982e-06 1.433250e-02
215 4.130224e-07 1.247195e-02
216 4.554747e-06 4.059668e-02
217 8.126810e-07 3.034130e-03
218 5.255243e-07 4.755590e-03
219 4.318096e-08 2.563669e-03
220 2.977483e-05 2.618707e-01
221 8.900737e-09 5.697098e-03
222 1.747420e-06 4.379219e-02
223 2.305296e-03 2.927088e-01
224 2.278671e-09 2.300590e-03
225 2.164732e-09 3.232953e-03
226 1.067922e-06 1.234749e-02
227 3.658154e-08 4.284952e-03
228 1.448750e-07 6.429058e-03
229 8.733651e-07 1.845649e-02
230 5.284916e-04 4.044451e-01
231 2.454932e-10 2.043746e-03
232 1.934630e-03 8.983226e-01
233 4.653756e-08 9.450556e-03
234 7.661279e-07 5.393391e-03
235 1.157697e-10 7.405345e-03
236 1.250772e-03 2.339952e-01
237 8.477571e-04 4.790024e-01
238 4.983304e-08 5.107106e-03
239 1.593371e-05 1.725914e-02
240 5.258781e-06 6.956994e-02
241 7.466630e-04 5.526390e-01
242 2.103980e-06 3.912417e-02
243 7.622390e-08 4.578502e-03
244 3.024784e-09 1.879466e-03
245 1.494531e-09 1.284298e-03
246 1.036570e-03 2.879755e-01
247 5.460236e-04 1.933576e-01
248 1.077704e-04 3.794592e-01
249 1.389675e-03 6.195636e-01
250 7.830197e-04 3.617510e-01
251 8.464975e-10 1.293953e-03
252 5.168464e-08 8.792444e-03
253 2.005792e-08 4.244616e-03
254 8.066012e-07 2.334880e-02
255 1.073730e-07 9.051941e-03
256 2.744912e-10 2.437826e-03
257 7.144019e-08 5.316501e-03
258 1.426333e-03 2.355351e-01
259 6.289899e-09 1.457241e-03
260 4.126454e-07 1.011616e-02
261 8.939895e-05 1.833707e-02
262 8.218924e-07 1.884763e-03
263 1.248055e-05 8.853006e-03
264 6.976933e-07 3.001977e-02
265 9.940985e-06 8.246781e-02
266 1.643106e-06 1.269294e-02
267 1.954023e-07 1.990700e-02
268 1.546275e-06 1.031302e-02
269 3.294637e-04 1.983617e-01
270 1.672284e-10 3.605461e-03
271 2.545661e-06 2.009420e-02
272 7.634850e-06 1.413899e-02
273 8.534095e-05 1.466823e-01
274 4.502178e-10 1.879390e-03
275 1.476397e-03 3.107854e-01
276 1.449485e-06 1.870010e-02
277 1.102528e-09 4.011106e-03
278 5.909812e-05 1.192293e-01
279 1.061727e-07 5.220983e-03
280 1.614787e-05 8.508004e-02
281 9.222388e-04 2.220863e-01
282 3.767982e-08 2.091870e-03
283 1.277881e-07 7.076478e-03
284 9.251469e-09 4.750906e-03
285 5.297915e-09 9.256806e-03
286 8.170970e-08 6.185753e-03
287 7.330404e-09 5.092326e-03
288 2.029669e-08 2.227245e-03
289 2.389161e-03 5.065299e-01
290 2.418402e-09 1.422033e-03
291 2.160361e-05 2.221460e-02
292 1.107988e-03 5.637205e-01
293 3.617614e-06 6.005649e-03
294 4.539013e-08 4.366418e-03
295 2.297916e-08 1.781038e-02
296 4.290459e-06 1.262308e-01
297 2.240219e-06 1.911081e-02
298 7.349443e-07 5.969504e-03
299 1.319978e-07 4.271557e-03
300 8.156046e-06 1.656977e-02
301 7.342736e-04 4.502506e-01
302 1.717915e-07 3.621005e-03
303 4.219116e-07 2.064212e-02
304 6.064311e-04 1.766169e-01
305 2.857999e-05 3.335786e-02
306 1.237687e-04 3.741888e-02
307 1.525670e-03 5.938980e-01
308 1.141768e-06 1.107292e-02
309 3.074975e-04 3.259446e-01
310 7.572266e-05 3.160347e-02
311 2.446451e-06 1.366539e-02
312 2.659039e-05 7.612596e-03
313 8.961999e-03 1.345179e+00
314 4.969029e-06 5.201728e-03
315 1.503219e-10 4.747136e-03
316 2.640973e-03 9.561856e-01
317 2.065278e-03 7.288587e-01
318 1.368745e-03 2.837106e-01
319 2.925372e-04 1.096914e-01
320 1.108336e-05 4.417970e-02
321 2.624674e-04 4.115790e-01
322 2.028227e-11 6.874495e-03
323 1.512139e-06 2.766849e-02
324 1.448815e-08 5.424402e-03
325 4.555730e-09 5.312389e-03
326 2.691686e-06 4.696574e-02
327 3.481351e-03 1.095350e+00
328 4.411015e-04 2.858746e-01
329 2.118071e-03 6.633173e-01
330 2.435712e-06 1.192722e-02
331 3.471678e-04 7.274502e-02
332 2.524772e-03 4.418479e-01
333 3.608142e-08 1.670690e-02
334 4.356158e-06 5.023412e-02
335 2.871303e-09 2.172293e-03
336 3.083336e-06 1.144607e-02
337 3.057921e-06 1.365270e-02
338 7.608204e-04 3.768988e-01
339 8.347368e-04 4.158573e-01
340 1.949160e-06 1.570146e-02
341 1.171890e-07 1.049086e-02
342 4.942117e-06 9.407716e-03
343 2.396164e-08 3.918611e-02
344 1.739818e-04 2.691305e-02
345 2.675533e-03 1.111744e+00
346 2.523331e-03 7.445126e-01
347 7.026600e-09 4.232668e-03
348 1.460334e-04 6.384681e-02
349 1.174806e-04 1.226672e-02
350 7.756950e-07 3.412930e-03
351 4.544434e-04 9.535909e-01
352 1.554332e-04 2.339101e-01
353 2.174226e-08 1.290567e-03
354 2.301287e-04 1.670351e-01
355 2.702037e-06 2.732189e-02
356 4.971460e-04 6.245158e-01
357 2.013007e-04 2.368021e-01
358 3.296285e-06 6.436858e-03
359 2.109483e-06 1.329625e-02
360 2.305679e-04 1.602436e-01
361 1.302082e-04 3.056971e-01
362 1.840925e-03 2.820774e-01
363 1.179945e-05 4.805511e-02
364 2.889797e-06 5.432110e-02
365 5.382710e-06 4.192122e-02
366 8.238132e-07 2.118158e-02
367 1.424977e-07 1.712723e-02
368 7.905738e-06 1.327462e-02
369 4.957622e-07 1.183503e-02
370 8.897179e-07 2.084612e-02
371 1.407203e-05 8.824633e-02
372 9.019054e-08 3.672361e-02
373 1.395832e-04 7.662386e-02
374 1.151456e-09 6.334631e-03
375 3.484923e-08 1.472349e-03
376 8.230107e-08 3.687418e-03
377 2.779898e-03 7.941212e-01
378 1.220103e-04 3.256372e-02
379 1.364843e-06 6.263624e-03
380 5.116965e-06 2.106947e-02
381 5.346393e-04 7.983541e-01
382 3.251695e-04 5.154343e-02
383 2.012080e-04 2.481832e-01
384 2.084927e-05 2.369354e-02
385 1.596589e-03 7.730075e-01
386 2.815433e-05 1.952157e-02
387 5.852499e-06 2.130377e-02
388 1.379313e-07 4.090222e-03
389 2.348598e-07 1.073301e-02
390 6.855951e-10 4.438211e-03
391 1.163174e-04 5.294136e-02
392 1.576589e-05 2.937516e-02
393 2.460289e-09 2.653937e-03
394 4.656791e-04 9.182102e-01
395 1.281608e-07 1.880279e-03
396 5.566016e-06 4.040983e-02
397 6.150027e-06 2.323410e-02
398 7.396564e-11 2.559560e-03
399 5.384505e-08 9.128921e-03
400 6.701815e-03 2.157306e+00
401 1.560030e-06 2.805298e-02
402 6.650948e-04 6.548178e-01
403 4.056856e-05 3.808418e-02
404 6.491393e-06 3.007847e-02
405 1.015650e-07 5.191017e-03
406 1.112077e-03 3.097876e-01
407 4.521581e-05 1.270084e-01
408 2.544656e-04 7.840792e-01
409 3.193024e-05 8.921180e-02
410 3.797572e-06 1.582073e-02
411 3.544449e-05 4.917035e-02
412 1.970671e-05 1.657240e-02
413 2.979505e-03 5.959665e-01
414 2.370900e-04 7.405696e-02
415 4.002877e-08 1.971964e-03
416 1.193630e-04 1.485863e-01
417 2.999888e-06 3.291241e-03
418 2.507096e-03 6.766317e-01
419 1.019401e-03 9.067871e-01
420 1.082932e-05 1.180612e-02
421 5.279929e-04 4.459513e-02
422 6.059796e-06 3.104037e-02
423 2.459915e-06 1.319016e-02
424 8.837141e-05 8.662354e-02
425 3.743739e-06 1.674488e-02
426 1.155218e-08 3.760628e-03
427 6.574577e-05 1.614073e-01
428 3.605867e-05 5.386915e-02
429 2.905020e-03 4.871164e-01
430 1.859143e-07 1.756661e-03
431 4.099517e-10 4.157854e-03
432 1.137094e-04 1.624092e-01
433 6.403739e-10 1.257325e-03
434 1.102317e-07 5.225892e-03
435 3.460579e-06 6.268769e-03
436 1.451673e-09 2.357985e-03
437 5.289977e-04 1.745691e-01
438 4.648993e-08 5.846885e-03
439 2.567956e-08 4.608521e-03
440 9.146902e-08 4.343046e-03
441 4.471427e-05 4.772099e-02
442 3.854311e-09 6.772763e-03
443 6.549914e-07 5.496383e-03
444 6.873774e-05 5.499953e-02
445 1.331673e-04 1.141029e-01
446 2.002625e-07 1.750459e-02
447 1.551735e-08 2.497270e-03
448 1.933470e-06 2.882590e-03
449 2.184894e-07 2.393823e-03
450 3.137403e-07 3.757417e-03
451 1.444741e-07 1.355050e-03
452 2.766599e-05 1.759576e-02
453 1.298907e-07 5.180654e-03
454 1.030513e-04 4.524421e-02
455 1.999767e-04 2.087422e-01
456 3.802530e-08 5.641682e-03
457 2.406477e-05 4.632376e-02
458 2.299586e-05 7.223900e-02
459 1.430568e-05 7.370538e-02
460 1.111757e-07 4.083896e-03
461 1.980409e-05 4.000567e-02
462 1.828491e-03 3.916413e-01
463 2.135572e-05 7.749821e-02
464 8.330912e-05 1.681028e-02
465 6.173278e-08 1.848520e-03
466 4.276278e-09 2.733453e-03
467 7.158987e-04 6.976372e-01
468 1.294610e-10 5.934418e-03
469 8.299355e-04 1.741989e-01
470 6.964333e-05 2.584327e-02
471 1.945947e-05 3.960392e-02
472 1.840777e-05 8.418272e-03
473 1.584927e-05 1.767786e-02
474 1.429943e-06 5.391851e-03
475 2.053641e-05 4.551663e-02
476 6.022821e-10 2.276594e-03
477 3.045793e-04 1.148570e-01
478 2.766230e-10 3.581739e-03
479 2.425308e-09 1.841080e-03
480 2.093095e-06 1.397886e-02
481 9.847986e-08 8.206547e-03
482 1.975145e-03 4.270519e-01
483 1.691196e-08 1.196217e-03
484 6.644925e-09 1.956000e-03
485 2.714362e-04 1.138564e-01
486 8.630777e-07 5.343724e-03
487 2.759199e-05 9.441132e-02
488 1.445668e-07 6.601147e-03
489 5.261005e-05 1.614654e-02
490 1.395912e-05 4.893421e-02
491 2.479617e-07 1.098873e-02
492 1.319728e-04 3.120452e-02
493 1.247679e-08 2.368640e-03
494 6.768903e-04 1.971822e-01
495 2.003979e-03 3.235843e-01
496 2.353467e-04 2.083452e-01
497 5.054816e-05 1.585804e-01
498 1.038566e-05 4.368742e-02
499 1.635527e-05 1.464084e-02
500 3.191989e-09 9.724454e-03
501 2.911582e-03 1.196712e+00
502 5.310829e-07 1.989114e-02
503 2.769136e-05 7.932535e-02
504 4.389460e-03 1.352954e+00
505 7.276329e-09 6.450666e-03
506 7.875377e-08 1.315058e-02
507 3.547678e-07 9.744277e-03
508 1.972015e-04 2.330823e-02
509 9.867450e-05 4.247224e-01
510 7.054654e-08 9.926245e-03
511 7.385293e-07 5.053895e-03
512 1.591288e-08 2.040322e-03
513 2.491151e-04 4.274308e-02
514 4.301380e-08 1.969464e-02
515 2.514328e-07 5.786095e-02
516 1.403652e-04 1.059148e-01
517 4.543388e-06 8.166783e-03
518 1.138339e-08 4.543485e-03
519 5.046517e-07 1.093928e-02
520 3.550858e-10 1.504650e-03
521 6.880615e-07 3.018517e-02
522 1.355367e-07 3.526981e-03
523 7.202928e-07 8.567447e-03
524 1.190615e-04 9.105373e-02
525 9.819858e-04 1.741127e-01
526 1.657562e-06 1.777204e-02
527 1.868970e-04 2.193098e-01
528 1.036999e-03 2.152517e-01
529 6.232721e-04 3.516775e-01
530 2.037215e-04 8.510243e-02
531 2.571464e-11 1.574197e-03
532 3.766552e-07 9.751588e-03
533 1.361821e-06 3.002389e-03
534 2.347251e-06 8.972213e-02
535 7.422067e-04 4.713082e-01
536 6.974973e-04 1.353358e-01
537 5.878583e-04 4.473299e-01
538 2.985574e-06 9.653288e-02
539 4.880698e-05 6.563895e-02
540 4.357228e-06 2.881578e-02
541 6.271479e-03 1.093722e+00
542 8.982818e-07 1.368798e-02
543 1.485772e-04 2.304216e-02
544 1.633044e-04 9.127568e-02
545 1.232938e-07 9.556162e-03
546 2.449918e-06 1.591307e-02
547 4.073035e-06 5.586620e-02
548 3.800525e-04 6.686041e-02
549 2.378988e-06 2.940720e-02
550 2.430176e-09 5.839009e-03
551 1.753453e-04 5.366514e-02
552 2.206450e-07 2.721659e-03
553 3.617031e-08 7.555808e-03
554 7.022439e-10 3.020834e-03
555 1.144010e-06 7.089191e-02
556 5.814183e-07 7.734973e-03
557 2.037207e-04 1.055536e-01
558 1.586096e-07 8.206650e-03
559 1.348063e-03 1.357662e-01
560 2.008032e-08 3.366364e-03
561 7.959265e-06 3.407189e-02
562 2.947914e-07 1.856288e-03
563 3.038619e-03 2.017241e+00
564 8.307174e-04 9.989630e-01
565 6.694138e-07 3.982750e-03
566 7.500230e-04 1.408938e-01
567 6.821650e-05 8.267196e-02
568 1.005559e-04 1.233753e-01
569 4.074136e-07 1.243069e-02
570 1.909629e-06 5.210535e-02
571 1.706499e-04 8.174246e-02
572 8.533162e-04 1.630640e-01
573 3.267924e-04 2.481695e-01
574 2.460127e-07 5.966445e-03
575 1.142432e-08 4.064330e-03
576 1.092510e-05 9.996372e-03
577 8.981401e-10 2.689593e-03
578 8.982780e-07 4.257548e-03
579 5.635277e-05 3.379058e-02
580 7.333035e-08 6.038286e-03
581 3.551912e-04 1.297213e-01
582 5.360024e-07 1.529797e-02
583 1.035065e-03 5.273239e-01
584 1.857247e-06 7.948746e-02
585 1.836201e-05 4.756490e-02
586 1.610009e-03 2.352219e-01
587 2.884211e-06 1.424559e-02
588 5.092129e-06 5.996944e-02
589 1.119872e-04 6.448230e-02
590 2.321435e-08 1.236291e-02
591 4.309174e-06 2.717990e-02
592 5.950505e-03 1.007100e+00
593 2.256059e-06 9.450585e-03
594 5.237316e-04 1.207522e-01
595 1.679146e-07 5.623471e-03
596 3.962382e-09 1.380097e-03
597 1.172677e-08 2.289222e-03
598 1.005193e-04 4.931881e-02
599 2.268317e-04 2.657031e-02
600 8.158107e-07 5.206718e-03
601 1.164811e-07 4.353171e-03
602 8.893983e-05 3.112386e-02
603 2.231617e-05 3.620658e-02
604 6.604007e-09 2.069269e-03
605 3.375750e-04 1.867306e-01
606 2.568836e-04 1.228766e-01
607 1.307171e-07 5.263254e-03
608 3.440226e-04 5.623097e-02
609 2.827852e-05 1.877002e-02
610 7.765003e-07 1.658427e-02
611 1.454550e-09 2.536791e-03
612 5.241347e-06 3.696939e-02
613 1.957713e-08 5.340863e-03
614 7.292246e-07 5.750517e-03
615 3.019837e-09 5.945834e-03
616 1.005719e-03 8.106871e-02
617 3.086801e-07 1.416167e-02
618 1.786779e-08 8.410774e-03
619 1.849080e-05 8.801524e-03
620 8.069305e-08 3.892403e-03
621 1.785398e-07 3.446956e-03
622 1.981367e-03 4.116939e-01
623 9.027691e-06 1.839152e-02
624 5.419908e-07 4.504305e-03
625 7.228977e-07 1.188693e-02
626 9.798025e-07 6.442674e-03
627 5.742759e-07 3.719261e-03
628 1.564152e-04 3.837220e-02
629 1.263523e-06 2.253210e-03
630 5.195459e-06 1.570970e-02
631 5.659333e-06 1.264185e-02
632 1.396242e-08 1.266301e-03
633 5.416972e-04 3.619567e-01
634 7.903572e-05 3.852441e-02
635 3.006624e-07 8.814803e-03
636 1.123593e-07 2.105972e-02
637 8.768980e-08 1.160776e-02
638 2.160581e-09 2.183101e-03
639 8.706898e-11 1.581200e-03
640 6.903355e-10 2.443862e-03
641 2.703072e-10 1.528580e-03
642 1.126604e-07 5.436215e-03
643 5.325485e-05 8.975863e-02
644 3.231844e-03 3.016685e-01
645 4.846772e-04 1.056477e-01
646 4.093562e-06 1.462033e-02
647 9.582661e-07 6.114325e-03
648 1.000838e-04 4.159942e-02
649 1.200808e-03 7.856525e-01
650 2.359576e-06 5.250327e-03
651 2.379171e-07 8.558746e-03
652 1.552184e-04 8.039944e-02
653 1.509310e-08 4.785804e-03
654 2.240584e-07 4.974008e-03
655 1.613567e-06 9.250886e-03
656 9.721171e-08 2.817177e-03
657 1.566196e-03 8.959519e-02
658 2.595006e-04 1.568888e-01
659 3.146219e-04 4.223104e-02
660 3.756891e-05 1.233870e-01
661 2.772349e-07 5.596382e-03
662 5.065079e-04 2.966600e-01
663 2.115086e-03 8.540695e-01
664 9.051204e-06 5.376404e-02
665 1.944031e-07 9.407037e-03
666 6.049897e-04 3.748349e-02
667 1.675935e-04 8.637243e-02
668 9.831073e-04 4.265325e-01
669 1.325434e-03 3.121250e-01
670 1.916722e-08 9.349424e-03
671 1.920465e-04 3.350475e-02
672 1.994826e-07 2.508755e-02
673 1.900703e-05 1.309333e-02
674 3.929434e-07 2.133407e-03
675 3.440095e-05 1.418683e-01
676 4.008504e-07 5.755466e-03
677 1.467491e-10 1.338959e-03
678 1.088267e-06 7.713396e-03
679 1.702597e-03 3.271406e-01
680 1.925593e-05 4.729193e-02
681 1.426988e-04 7.553786e-02
682 2.204386e-05 1.404371e-02
683 7.246380e-07 3.067854e-02
684 7.163212e-06 1.986190e-02
685 2.835096e-10 2.171245e-03
686 6.936679e-06 1.950330e-02
687 2.028966e-03 8.734251e-01
688 6.318665e-06 2.531749e-02
689 2.294117e-07 1.035064e-02
690 3.300304e-08 2.017417e-03
691 1.407193e-03 2.511994e-01
692 2.843467e-08 2.933203e-03
693 1.926086e-05 2.333237e-02
694 8.262285e-04 1.544021e-01
695 9.832065e-04 3.405782e-01
696 1.321769e-03 8.035594e-01
697 1.984416e-06 9.727673e-03
698 3.398635e-04 1.764984e-01
699 2.283510e-08 1.541771e-03
700 3.846734e-05 5.894071e-02
701 1.700192e-05 2.041476e-02
702 5.176966e-09 1.237759e-03
703 5.069836e-09 4.012179e-03
704 3.937370e-11 1.311537e-03
705 7.242095e-04 4.266174e-01
706 2.565561e-08 1.734056e-03
707 3.267215e-04 1.166954e-01
708 1.130741e-12 4.995842e-03
709 5.336499e-11 2.939371e-03
710 3.540529e-07 6.339731e-03
711 3.302349e-10 1.204908e-03
712 2.967613e-07 4.831496e-03
713 4.996496e-08 6.469442e-03
714 6.750306e-10 2.451308e-03
715 7.499966e-06 1.727468e-02
716 9.723255e-05 3.831134e-02
717 1.436053e-08 5.330080e-03
718 1.512129e-11 2.642275e-03
719 2.918595e-03 8.591841e-01
720 6.233945e-12 1.188325e-03
721 1.759037e-06 8.961669e-03
722 1.353768e-10 2.732727e-03
723 4.841814e-06 1.709697e-02
724 1.233028e-07 3.500236e-03
725 1.210155e-11 1.464603e-03
726 6.933934e-05 5.504038e-02
727 3.483124e-10 4.371450e-03
728 1.167979e-08 7.909097e-03
729 6.008810e-10 7.307712e-03
730 8.052298e-09 2.753996e-03
731 5.264634e-05 1.130792e-01
732 2.595912e-13 1.364472e-03
733 5.607037e-14 9.157500e-04
734 2.126107e-08 2.995127e-03
735 1.874577e-08 3.408554e-03
736 1.578729e-06 1.689856e-02
737 2.838953e-12 1.363522e-03
738 2.664922e-05 9.971233e-02
739 2.179402e-09 3.515889e-03
740 9.451488e-06 3.818291e-02
741 1.523078e-08 8.489041e-03
742 1.560036e-05 2.343864e-02
743 1.886417e-03 8.694368e-01
744 2.565368e-12 2.638483e-03
745 6.390505e-09 2.532823e-03
746 3.425886e-07 1.285645e-02
747 5.687382e-05 6.770414e-02
748 6.912280e-04 2.770603e-01
749 6.879933e-05 1.880422e-01
750 1.089545e-07 6.864771e-03
751 5.074949e-07 1.239487e-02
752 2.711311e-07 2.000182e-03
753 5.630198e-09 2.987932e-03
754 3.986072e-05 1.107416e-01
755 2.012792e-06 2.182965e-02
756 1.095809e-05 3.835581e-02
757 7.655450e-10 1.517607e-03
758 2.322588e-07 2.126357e-02
759 2.650802e-04 4.313625e-02
760 8.482475e-09 2.277696e-03
761 4.420115e-05 3.702437e-02
762 2.448857e-04 3.910761e-02
763 1.141772e-09 1.966552e-03
764 5.271823e-09 9.889734e-03
765 2.825182e-10 1.044243e-02
766 2.790909e-07 5.534825e-03
767 2.005012e-08 5.909240e-03
768 8.061695e-05 3.302509e-02
769 5.071844e-06 8.323262e-03
770 2.046448e-04 8.048273e-02
771 5.809634e-05 6.414252e-03
772 9.848427e-13 1.550058e-03
773 2.174326e-08 1.604536e-02
774 6.893288e-09 1.957918e-03
775 4.787914e-04 1.134906e-01
776 1.130035e-04 1.009750e-01
777 4.173529e-05 3.818525e-02
778 1.236588e-04 3.022522e-02
779 1.364829e-03 3.471184e-01
780 1.635248e-05 1.661996e-02
781 1.566921e-04 9.216629e-02
782 2.240759e-06 4.650659e-03
783 1.777926e-06 1.011189e-02
784 4.031539e-06 7.194418e-03
785 4.300513e-04 6.687059e-02
786 2.583064e-05 2.907245e-02
787 4.761458e-04 5.907236e-02
788 1.034096e-06 2.320934e-02
789 4.880918e-10 1.348906e-03
790 1.091446e-04 1.675923e-01
791 2.053523e-05 1.901849e-02
792 6.812158e-07 4.979114e-03
793 2.267796e-06 1.012214e-02
794 4.612977e-07 5.173836e-03
795 4.785161e-04 6.036894e-01
796 6.905436e-09 3.134969e-03
797 1.036176e-03 3.465056e-01
798 6.839357e-04 5.280493e-01
799 4.395117e-07 5.438797e-03
800 1.516582e-04 9.491976e-02
801 2.388711e-08 4.164635e-03
802 6.151038e-06 4.705399e-02
803 1.391093e-03 2.756142e-01
804 5.290641e-07 1.608707e-02
805 1.513006e-08 4.030055e-03
806 7.974794e-04 2.683039e-01
807 6.735594e-07 5.549694e-02
808 1.765630e-06 4.436790e-03
809 6.977014e-04 4.133288e-01
810 1.962206e-05 1.921707e-02
811 1.689137e-06 2.769643e-02
812 1.408198e-07 6.944469e-03
813 5.466657e-08 5.875126e-03
814 1.447872e-06 1.085825e-02
815 4.291241e-06 2.665159e-02
816 6.098612e-04 1.840266e-01
817 2.005619e-03 1.046172e+00
818 1.367515e-08 3.591564e-03
819 3.244778e-05 1.055992e-01
820 8.116096e-06 5.313118e-02
821 5.205325e-06 2.814983e-02
822 1.480740e-08 3.574847e-03
823 9.289623e-07 9.787758e-03
824 1.972701e-07 2.607776e-02
825 2.037711e-06 2.672120e-02
826 5.911506e-05 1.557540e-02
827 3.609898e-07 5.772706e-03
828 2.078967e-05 4.177402e-02
829 7.929384e-07 1.441631e-02
830 2.050504e-03 6.389648e-01
831 1.289427e-05 2.229836e-02
832 1.692056e-06 8.983498e-03
833 5.128687e-06 2.267004e-02
834 2.706676e-06 2.205462e-02
835 3.765061e-08 2.284007e-03
836 2.293292e-09 1.027442e-03
837 7.370134e-07 1.494111e-02
838 1.248758e-05 9.904129e-03
839 3.447906e-07 1.526870e-02
840 1.782200e-06 3.819140e-02
841 4.671255e-06 3.678618e-02
842 2.720224e-03 5.620745e-01
843 4.257001e-05 3.213440e-02
844 4.227915e-07 3.632152e-02
845 1.372701e-06 3.288607e-02
846 3.322173e-04 1.660533e-01
847 8.004111e-05 2.935046e-02
848 5.283911e-04 1.420276e-01
849 1.212648e-07 5.801240e-03
850 6.034842e-04 1.068189e+00
851 4.962042e-06 2.152591e-02
852 5.419826e-05 1.940932e-01
853 1.011644e-03 3.374323e-01
854 9.564975e-05 9.442302e-02
855 1.731382e-04 1.685472e-01
856 1.923377e-04 6.239316e-02
857 4.390644e-04 3.478980e-01
858 8.793838e-07 2.070519e-02
859 1.696277e-09 3.867112e-03
860 9.508281e-04 1.308717e-01
861 5.107798e-09 1.642183e-03
862 5.801090e-06 2.370414e-02
863 1.885237e-04 1.204395e-01
864 5.264175e-07 7.996947e-03
865 1.171008e-04 1.252621e-01
866 8.291544e-05 1.837349e-01
867 1.258254e-03 7.323280e-01
868 5.252067e-06 7.449801e-03
869 3.004748e-05 3.375522e-02
870 1.083868e-04 5.282458e-02
871 1.796019e-06 2.816823e-02
872 1.555542e-03 4.267358e-01
873 4.538921e-05 7.864168e-02
874 4.656256e-04 2.836875e-01
875 7.190179e-07 6.422224e-03
876 5.582693e-13 1.062645e-03
877 7.613326e-08 9.388402e-03
878 8.764681e-04 4.550182e-01
879 3.596971e-04 1.179705e-01
880 8.312906e-06 1.189245e-02
881 3.846174e-10 2.291711e-03
882 1.437858e-05 7.489273e-02
883 1.029585e-03 7.014568e-01
884 6.263124e-04 1.346451e-01
885 4.192552e-05 8.148467e-02
886 1.850757e-06 7.988247e-03
887 1.872871e-07 1.345507e-02
888 7.948621e-06 1.305623e-02
889 5.316178e-07 2.302073e-02
890 3.063287e-07 2.359087e-02
891 2.416607e-04 3.811105e-01
892 8.917061e-11 2.858964e-03
893 2.327850e-04 6.876075e-02
894 1.010081e-06 7.118219e-03
895 3.340827e-05 8.163870e-02
896 6.091354e-08 5.491005e-02
897 5.831692e-05 8.929040e-02
898 3.974059e-06 9.497315e-03
899 5.060629e-08 1.433124e-02
900 7.770202e-08 1.625930e-02
901 1.055748e-04 9.555006e-02
902 2.886062e-08 2.128388e-03
903 1.285381e-06 3.496153e-02
904 4.323171e-09 2.108518e-02
905 2.221896e-08 6.664580e-03
906 2.788397e-06 8.377431e-03
907 3.598719e-08 2.067436e-03
908 3.351203e-08 8.981439e-03
909 2.683042e-04 4.003706e-02
910 1.030016e-05 2.835624e-02
911 1.833352e-07 2.119481e-02
912 3.764747e-08 1.047862e-02
913 2.672834e-09 3.415668e-03
914 2.102021e-07 7.558529e-03
915 1.921655e-04 2.281036e-01
916 9.276243e-12 2.827314e-03
917 1.197104e-09 2.394958e-03
918 1.228120e-10 2.639589e-03
919 2.739428e-04 2.358292e-01
920 9.446339e-10 6.486820e-03
921 6.585372e-08 3.986829e-03
922 2.180560e-07 1.638317e-02
923 4.293652e-09 5.135889e-03
924 1.940519e-03 3.824609e-01
925 7.188615e-05 7.836792e-02
926 9.414918e-06 4.445105e-02
927 4.136664e-05 1.266129e-01
928 1.148651e-07 4.360356e-02
929 1.786026e-04 1.786914e-01
930 1.138136e-04 6.458904e-02
931 2.139929e-04 3.291450e-02
932 5.293354e-05 5.489781e-02
933 1.045753e-09 2.973321e-03
934 6.482971e-06 1.018845e-02
935 1.310886e-07 3.624798e-03
936 4.642756e-07 2.787284e-02
937 3.031144e-10 5.815868e-03
938 1.170034e-08 2.378109e-03
939 2.047505e-06 1.043509e-02
940 2.934157e-04 1.663538e-01
941 2.779408e-09 3.332306e-03
942 2.705174e-05 1.425051e-01
943 3.584817e-06 2.438870e-02
944 1.404955e-12 1.972736e-03
945 9.469245e-05 3.682562e-02
946 2.613711e-10 2.224290e-03
947 6.558020e-06 2.255454e-02
948 9.446535e-08 1.536247e-03
949 4.910803e-07 1.801725e-02
950 1.474906e-04 1.459947e-01
951 3.019318e-08 3.014863e-02
952 8.778737e-06 4.218887e-02
953 2.181020e-11 2.418495e-03
954 9.768826e-06 3.838361e-02
955 6.274224e-08 4.501365e-03
956 2.667126e-06 1.954161e-02
957 1.011089e-04 6.513792e-02
958 1.605002e-04 5.749839e-02
959 2.561967e-04 5.145271e-02
960 1.198998e-09 2.435054e-03
961 3.344451e-10 9.517451e-03
962 1.579704e-08 1.077904e-02
963 2.046245e-08 3.551795e-03
964 1.871040e-07 1.996564e-03
965 1.934503e-03 2.208724e-01
966 4.874566e-05 2.133287e-02
967 8.240687e-07 8.263521e-03
968 9.472734e-04 1.611861e-01
969 1.295038e-04 1.359308e-01
970 1.720525e-05 2.447170e-02
971 1.812975e-06 8.289062e-03
972 1.153018e-04 5.431011e-02
973 2.718946e-06 9.222256e-03
974 4.382088e-06 8.332895e-03
975 3.965313e-05 9.301246e-02
976 3.876955e-04 3.366643e-01
977 1.481517e-05 2.098167e-02
978 1.343307e-06 2.464481e-02
979 1.230590e-08 2.953658e-03
980 4.746809e-06 2.209677e-02
981 1.858598e-06 2.216432e-02
982 6.330693e-08 1.418645e-03
983 1.128127e-07 3.878029e-03
984 1.048830e-05 2.141109e-02
985 3.718628e-06 6.168392e-02
986 2.585281e-04 4.271874e-01
987 2.975600e-08 6.226317e-03
988 5.394874e-09 2.068646e-03
989 3.140957e-04 1.106970e-01
990 4.973135e-09 2.265556e-03
991 4.562742e-03 1.048185e+00
992 1.171420e-06 7.078895e-03
993 3.719389e-07 9.659136e-03
994 1.839495e-13 1.343352e-03
995 2.219320e-07 1.516828e-02
996 6.145778e-03 9.496169e-01
997 2.572188e-07 8.040036e-03
998 1.046241e-06 3.990715e-03
999 5.742763e-06 2.593727e-02
1000 9.016849e-13 1.344524e-03
1001 6.285120e-06 1.004982e-02
1002 2.399766e-04 1.156805e-01
1003 7.112432e-05 4.741008e-02
1004 1.664604e-05 4.067032e-02
1005 2.183575e-07 2.311466e-03
1006 9.272770e-04 2.333422e-01
1007 6.213059e-09 3.017245e-03
1008 1.923319e-04 4.407413e-02
1009 8.820249e-08 2.050514e-03
1010 2.299873e-06 2.206533e-02
1011 3.206228e-08 1.733012e-02
1012 1.629130e-04 2.611971e-01
1013 2.034053e-08 1.235992e-02
1014 1.899172e-07 8.484711e-03
1015 2.898271e-05 3.537199e-02
1016 4.245217e-05 2.595069e-02
1017 1.776808e-03 6.504061e-01
1018 1.767127e-05 1.057440e-01
1019 3.135763e-10 1.929917e-03
1020 2.713408e-09 1.104050e-02
1021 4.478664e-07 1.427068e-02
1022 3.693412e-11 1.414996e-03
1023 1.886368e-05 1.966927e-02
1024 1.276839e-05 2.209673e-02
1025 9.674324e-11 1.527450e-03
1026 3.843655e-12 1.937813e-03
1027 3.889513e-07 1.123665e-02
1028 9.429601e-05 1.133612e-01
1029 8.216668e-08 6.117897e-03
1030 2.794138e-09 3.061482e-03
1031 1.935180e-05 1.305541e-02
1032 1.130869e-03 5.187132e-01
1033 4.969915e-10 1.554778e-03
1034 5.855207e-06 3.161893e-02
1035 1.124428e-06 1.618805e-02
1036 2.142879e-05 1.619276e-01
1037 2.764592e-10 3.022623e-03
1038 2.503083e-07 3.137580e-03
1039 1.600138e-06 1.006873e-02
1040 3.367058e-09 3.102304e-03
1041 2.875833e-03 6.022143e-01
1042 5.087270e-07 7.829883e-03
1043 8.154053e-11 1.239526e-03
1044 3.745959e-08 3.630537e-03
1045 1.362528e-09 2.386087e-03
1046 2.584927e-13 1.277349e-03
1047 2.052836e-10 1.279850e-03
1048 1.300831e-08 4.746048e-03
1049 3.579500e-09 1.166453e-03
1050 1.372023e-03 1.138845e+00
1051 3.144422e-04 1.279726e-01
1052 8.552020e-08 2.948112e-03
1053 2.916062e-07 9.355918e-03
1054 1.992250e-10 1.868701e-03
1055 2.544744e-11 1.156858e-03
1056 2.845083e-07 9.001254e-03
1057 4.168502e-07 1.330773e-02
1058 2.568077e-09 1.572282e-03
1059 7.026518e-05 9.888357e-02
1060 1.135834e-09 1.477609e-03
1061 4.795373e-06 3.472309e-03
1062 6.614597e-11 1.140560e-03
1063 1.644896e-04 3.065853e-02
1064 6.923162e-06 6.147925e-02
1065 8.475377e-11 1.808278e-03
1066 4.196872e-11 1.188392e-03
1067 8.718390e-06 1.494160e-02
1068 1.749205e-08 1.818312e-03
1069 1.699058e-07 2.977777e-03
1070 6.915697e-10 1.193416e-03
1071 9.813099e-07 2.126068e-03
1072 5.002641e-09 2.556586e-03
1073 1.961608e-09 1.345442e-03
1074 1.165361e-09 1.907020e-03
1075 3.068779e-07 3.849774e-03
1076 3.256047e-07 4.179094e-03
1077 1.904774e-07 5.519616e-03
1078 7.268353e-06 1.527453e-02
1079 5.142132e-08 4.525636e-03
1080 9.015254e-05 7.841585e-02
1081 2.780445e-06 5.183040e-02
1082 3.399774e-07 3.774680e-03
1083 1.680633e-06 5.218652e-03
1084 1.506136e-10 1.205201e-03
1085 1.360415e-08 1.823424e-03
1086 1.213221e-08 3.022309e-03
1087 3.954205e-08 1.408040e-03
1088 9.398305e-07 8.560822e-03
1089 4.762309e-09 1.366130e-03
1090 2.643718e-11 1.204079e-03
1091 1.915818e-09 1.664248e-03
1092 9.946540e-07 2.437726e-03
1093 6.752292e-07 2.399072e-02
1094 1.701088e-04 2.330983e-02
1095 2.148428e-08 2.998926e-03
1096 2.562545e-05 4.116027e-02
1097 4.622205e-06 5.305076e-02
1098 9.145365e-08 8.094286e-03
1099 3.918503e-09 3.598418e-03
1100 9.705751e-11 1.118768e-03
1101 4.190116e-06 2.520047e-02
1102 1.224847e-07 1.199491e-02
1103 8.106060e-07 4.086537e-03
1104 4.787587e-05 3.403648e-02
1105 6.101317e-09 2.111931e-03
1106 2.421637e-03 7.400708e-01
1107 3.260169e-09 2.632426e-03
1108 1.156491e-06 8.283747e-03
1109 1.068056e-11 1.817780e-03
1110 8.845128e-07 1.048181e-02
1111 4.731852e-08 2.199644e-03
1112 5.818456e-12 1.790197e-03
1113 6.016775e-07 1.489986e-02
1114 6.630051e-05 3.328834e-02
1115 2.051796e-03 4.180157e-01
1116 4.236184e-12 1.968540e-03
1117 1.911837e-03 4.512706e-01
1118 3.724742e-07 5.116634e-03
1119 9.975945e-06 3.174012e-02
1120 7.360682e-06 7.731999e-02
1121 8.517346e-06 1.212659e-02
1122 3.221977e-07 2.089136e-02
1123 5.234162e-06 4.425124e-03
1124 1.854359e-07 1.464480e-02
1125 2.118779e-05 5.513348e-03
1126 1.818077e-07 6.940965e-03
1127 5.143061e-07 4.443014e-03
1128 7.796584e-06 5.106055e-02
1129 5.735292e-07 8.633050e-03
1130 1.686489e-07 1.234344e-02
1131 2.951251e-04 1.121300e-01
1132 1.793174e-05 1.499119e-02
1133 1.388437e-07 2.205857e-03
1134 5.023316e-04 1.170285e-01
1135 1.296652e-05 1.828407e-02
1136 5.222218e-04 2.816790e-01
1137 2.241086e-06 2.264568e-02
1138 1.327728e-10 1.865762e-03
1139 3.373724e-06 7.532225e-03
1140 1.710589e-11 2.155836e-03
1141 1.218937e-06 6.653748e-03
1142 4.101933e-05 9.578586e-02
1143 4.088966e-07 7.796567e-02
1144 3.805774e-09 6.472508e-03
1145 3.184846e-06 2.511525e-02
1146 6.761468e-04 7.683968e-01
1147 2.829020e-04 1.010390e-01
1148 3.796788e-09 2.426260e-03
1149 1.381939e-03 2.834831e-01
1150 1.878229e-11 2.359941e-03
1151 5.019614e-04 3.101463e-01
1152 3.766690e-04 1.591787e-01
1153 5.142671e-07 6.630704e-03
1154 8.319213e-10 1.933849e-03
1155 8.294460e-04 4.380705e-01
1156 3.560462e-09 2.780786e-03
1157 4.050904e-04 8.215739e-02
1158 4.552933e-07 5.887225e-03
1159 3.473217e-10 1.511902e-03
1160 9.602855e-07 3.152680e-03
1161 1.661244e-06 2.073563e-02
1162 1.566955e-05 2.333488e-01
1163 1.957027e-05 2.290996e-02
1164 1.033401e-05 6.041740e-02
1165 7.509986e-04 9.057549e-01
1166 8.355469e-04 2.367940e-01
1167 2.713478e-04 1.498817e-01
1168 1.204511e-05 4.727625e-02
1169 1.428318e-08 8.022192e-03
1170 4.292840e-07 6.213063e-03
1171 4.410241e-07 1.017838e-02
1172 5.736574e-05 9.116221e-02
1173 7.547705e-11 1.101248e-03
1174 3.018373e-04 4.494205e-01
1175 1.555649e-06 2.612269e-02
1176 1.207937e-11 1.778835e-03
1177 2.161814e-04 1.396009e-01
1178 2.652396e-03 5.383444e-01
1179 1.132237e-04 5.226558e-02
1180 1.064872e-06 9.806029e-03
1181 5.724598e-08 1.993608e-03
1182 3.070921e-05 1.268265e-02
1183 4.455794e-04 2.000991e-01
1184 6.730410e-05 6.738232e-02
1185 3.099980e-09 1.085105e-02
1186 2.880021e-04 2.298918e-01
1187 5.121413e-04 2.661951e-01
1188 1.226185e-06 2.509898e-03
1189 4.818782e-08 2.579374e-03
1190 4.414578e-13 1.991191e-03
1191 8.455480e-08 2.989846e-03
1192 8.102789e-05 1.479437e-01
1193 1.134980e-10 3.228917e-03
1194 7.726779e-07 2.914984e-02
1195 7.490877e-04 3.265403e-01
1196 8.381049e-09 5.334994e-03
1197 3.404695e-07 3.551499e-03
1198 1.076234e-05 3.410588e-03
1199 3.983088e-03 4.252116e-01
1200 9.755238e-04 5.077442e-01
1201 1.640938e-10 1.124805e-03
1202 9.412664e-06 2.694554e-02
1203 5.256279e-05 4.993346e-02
1204 6.055862e-06 7.512944e-03
1205 1.659276e-10 1.941567e-03
1206 9.003103e-04 5.387840e-01
1207 9.635686e-07 5.936518e-03
1208 6.037725e-07 6.395224e-03
1209 1.955691e-04 1.444610e-01
1210 8.471207e-05 8.002717e-02
1211 1.465982e-03 2.065909e-01
1212 3.431013e-08 3.749169e-03
1213 7.233439e-09 4.993587e-03
1214 3.744456e-05 2.690679e-02
1215 8.365190e-10 2.616408e-03
1216 2.975699e-10 2.222683e-03
1217 4.106953e-06 2.920233e-02
1218 7.108602e-07 5.909859e-03
1219 6.481902e-06 1.662685e-02
1220 3.694675e-06 2.578492e-02
1221 1.445844e-05 3.855750e-02
1222 4.436138e-07 2.363624e-02
1223 1.955038e-04 5.049561e-02
1224 5.642256e-07 9.800853e-03
1225 2.948419e-08 2.938728e-03
1226 4.315830e-09 1.837512e-03
1227 2.739965e-05 1.053870e-02
1228 2.646061e-04 3.416117e-02
1229 5.163930e-05 6.190667e-02
1230 1.982123e-07 7.517912e-03
1231 4.952625e-07 4.034209e-02
1232 1.836636e-11 5.677332e-03
1233 4.057410e-07 2.457555e-02
1234 1.084813e-09 7.617753e-03
1235 7.013043e-05 5.929481e-02
1236 3.382365e-08 4.716424e-03
1237 7.730155e-04 2.609539e-01
1238 6.549097e-07 1.434395e-02
1239 3.964864e-07 7.038405e-03
1240 2.524652e-07 4.236651e-03
1241 3.412882e-05 1.047136e-02
1242 2.894965e-03 5.355171e-01
1243 1.783093e-04 1.403710e-01
1244 2.554891e-08 3.619782e-03
1245 1.430513e-07 6.918407e-03
1246 4.561643e-10 2.014000e-03
1247 7.996943e-04 1.178060e-01
1248 9.140242e-06 6.306704e-02
1249 4.582506e-09 9.786479e-03
1250 1.408832e-09 6.206608e-03
1251 1.180393e-09 1.430294e-02
1252 1.104243e-05 8.554201e-03
1253 6.680671e-04 4.394331e-01
1254 2.801854e-09 5.368573e-03
1255 1.891708e-06 2.200418e-02
1256 2.274484e-05 1.296789e-02
1257 4.415743e-04 1.708861e-01
1258 3.773325e-09 4.848374e-03
1259 1.057128e-04 9.104678e-02
1260 2.625782e-04 2.960203e-01
1261 9.877178e-09 5.602730e-03
1262 1.864781e-05 2.253940e-02
1263 4.458284e-05 5.441869e-02
1264 1.616183e-07 3.172431e-02
1265 1.880427e-06 1.103895e-02
1266 1.113165e-06 3.503049e-02
1267 6.885462e-07 1.788514e-02
1268 2.748957e-06 9.353487e-03
1269 5.658785e-05 2.911786e-02
1270 8.290102e-03 1.395982e+00
1271 1.006601e-03 5.637677e-01
1272 4.964102e-10 1.268527e-03
1273 4.571586e-04 1.385146e-01
1274 2.224905e-06 2.090020e-02
1275 3.592157e-05 6.303066e-02
1276 1.339325e-03 7.368129e-01
1277 3.206586e-04 2.592889e-01
1278 3.275579e-03 6.585747e-01
1279 1.521909e-06 2.901516e-03
1280 3.576563e-03 3.317720e-01
1281 1.155873e-06 7.565996e-03
1282 3.896607e-05 7.315563e-02
1283 3.129324e-07 2.105956e-02
1284 1.894174e-07 4.780586e-03
1285 1.392006e-03 2.091237e-01
1286 9.505719e-11 3.201498e-03
1287 3.143512e-05 4.338279e-02
1288 1.479911e-04 6.905904e-02
1289 8.236607e-05 2.584947e-02
1290 3.167402e-06 3.201645e-02
1291 1.838640e-05 2.544779e-02
1292 2.385947e-04 4.463987e-01
1293 3.414225e-08 3.345818e-03
1294 2.203222e-07 5.887486e-03
1295 4.076018e-07 3.457949e-03
1296 1.337761e-07 1.307702e-02
1297 6.745530e-06 5.979579e-02
1298 3.989712e-06 1.573919e-02
1299 2.152211e-04 3.208198e-02
1300 2.299343e-08 2.829770e-03
1301 2.021350e-07 3.158859e-03
1302 3.480135e-03 1.981066e-01
1303 4.702586e-06 9.326740e-03
1304 2.166869e-06 8.693870e-03
1305 1.506636e-04 7.684068e-02
1306 1.248239e-04 5.775301e-02
1307 1.436017e-06 7.047412e-03
1308 1.265101e-09 2.544925e-03
1309 2.328850e-04 1.130857e-01
1310 2.773990e-12 1.448175e-03
1311 4.637219e-03 8.097275e-01
1312 7.981583e-04 3.915579e-01
1313 5.929368e-10 1.734614e-03
1314 4.186726e-07 8.605464e-03
1315 1.555159e-08 3.227619e-03
1316 3.015763e-09 2.199507e-03
1317 1.959623e-12 1.374760e-03
1318 7.555608e-05 7.869644e-02
1319 3.478264e-03 1.075872e+00
1320 7.382083e-08 3.998671e-03
1321 4.717128e-05 1.601769e-02
1322 7.550312e-11 1.135352e-03
1323 1.519327e-08 2.233608e-03
1324 2.218645e-04 2.194334e-01
1325 2.524759e-08 9.791389e-03
1326 1.803152e-05 1.280644e-02
1327 4.494978e-05 3.096629e-02
1328 2.849035e-08 2.688675e-03
1329 4.482122e-05 2.571265e-02
1330 1.053469e-07 8.251802e-03
1331 3.142834e-08 2.124407e-03
1332 8.814911e-10 1.452880e-03
1333 9.587412e-06 2.355046e-02
1334 1.348817e-06 1.375228e-02
1335 6.975408e-08 1.172163e-02
1336 2.357291e-06 9.115605e-03
1337 2.800113e-04 1.576394e-01
1338 7.967206e-08 7.356590e-03
1339 1.701407e-03 4.957230e-01
1340 2.927481e-05 1.818393e-02
1341 8.635398e-04 4.703236e-01
1342 2.689082e-09 2.470446e-03
1343 1.694429e-08 2.175357e-03
1344 5.567660e-07 3.588164e-03
1345 1.266010e-06 1.527510e-02
1346 8.668115e-08 2.861381e-02
1347 3.407350e-09 1.355804e-03
1348 1.168748e-04 8.234428e-02
1349 5.481808e-04 1.963992e-01
1350 4.680456e-06 1.325885e-02
1351 7.793248e-05 3.497032e-02
1352 5.177399e-06 1.601702e-02
1353 3.091291e-06 1.165256e-02
1354 3.622956e-09 4.958250e-03
1355 1.289600e-07 9.436159e-03
1356 1.083476e-04 3.122117e-02
1357 1.128817e-09 6.053704e-03
1358 3.254455e-06 7.887461e-03
1359 1.276944e-09 2.051821e-03
1360 3.984240e-08 4.145245e-03
1361 9.116737e-05 2.145559e-02
1362 1.415839e-04 1.720238e-01
1363 2.903949e-06 6.293664e-03
1364 5.490258e-04 7.612335e-02
1365 3.958863e-09 4.523234e-03
1366 3.109902e-07 4.606488e-03
1367 4.804513e-09 1.745134e-03
1368 3.234616e-05 6.842604e-02
1369 2.661271e-11 2.457531e-03
1370 4.237003e-08 1.647486e-03
1371 1.095152e-04 7.646485e-02
1372 1.727231e-09 4.192672e-03
1373 1.748873e-07 7.747680e-03
1374 7.977551e-08 3.411640e-03
1375 3.128281e-05 1.629850e-02
1376 4.974427e-03 1.069309e+00
1377 9.270118e-07 9.832219e-03
1378 2.516597e-09 1.432278e-03
1379 1.453935e-05 5.906830e-03
1380 3.501177e-03 6.836042e-01
1381 1.524089e-06 3.508214e-03
1382 1.442826e-08 1.283952e-03
1383 1.106612e-06 2.176093e-02
1384 3.103735e-08 4.632962e-03
1385 2.081099e-08 4.490220e-03
1386 1.836867e-07 5.857939e-03
1387 1.569925e-04 5.120210e-02
1388 4.657023e-07 7.814567e-03
1389 2.709371e-08 3.265143e-03
1390 2.985869e-08 3.099988e-03
1391 3.475797e-07 9.236502e-03
1392 1.781051e-08 2.003221e-03
1393 1.600415e-08 7.649559e-03
1394 1.876873e-07 6.512206e-03
1395 1.151494e-04 5.013623e-02
1396 4.725065e-05 5.402312e-02
1397 2.651516e-08 3.232050e-03
1398 1.430603e-05 3.220265e-02
1399 4.432801e-06 4.307697e-02
1400 2.841756e-08 4.681982e-03
1401 1.302986e-04 1.157701e-01
1402 4.620470e-07 4.632202e-03
1403 4.678586e-07 5.528222e-03
1404 7.547468e-09 2.382840e-03
1405 1.017013e-07 4.178655e-03
1406 6.146777e-05 2.247526e-02
1407 3.474305e-08 2.752890e-03
1408 3.483989e-03 8.805100e-01
1409 8.108053e-06 5.156783e-02
1410 9.654012e-08 1.108744e-02
1411 1.655852e-05 1.569942e-02
1412 9.508021e-10 4.384716e-03
1413 2.253219e-14 1.143512e-03
1414 2.928526e-10 2.434503e-03
1415 5.311424e-08 5.995178e-03
1416 3.785771e-09 2.992295e-03
1417 7.377226e-07 5.164288e-03
1418 4.694910e-08 5.030472e-03
1419 1.746513e-08 4.512509e-03
1420 4.600729e-06 2.552762e-02
1421 1.706362e-06 1.363669e-02
1422 6.558797e-05 3.647053e-02
1423 1.710681e-06 4.053144e-03
1424 2.116552e-06 7.440747e-03
1425 3.069375e-06 8.327325e-03
1426 4.417400e-06 1.012302e-02
1427 2.477142e-06 6.352607e-03
1428 2.170685e-06 8.230325e-03
1429 3.544105e-05 2.511483e-02
1430 3.852156e-04 3.385904e-01
1431 4.104363e-06 3.367786e-02
1432 9.883482e-07 1.818195e-02
1433 9.310391e-09 7.839273e-03
1434 7.314360e-07 3.714780e-03
1435 7.176745e-09 3.320792e-03
1436 1.544132e-05 1.125817e-02
1437 3.762932e-07 2.888553e-03
1438 5.595825e-05 1.531839e-02
1439 3.284923e-03 5.884513e-01
1440 2.356167e-09 2.807420e-03
1441 1.774886e-10 1.740387e-03
1442 8.576225e-09 7.298826e-03
1443 6.038993e-06 6.450500e-03
1444 4.378118e-06 8.589079e-03
1445 2.026690e-06 1.069969e-02
1446 2.220183e-06 1.674966e-02
1447 1.981202e-03 1.168554e+00
1448 1.016802e-05 4.451073e-03
1449 1.627626e-08 3.107964e-03
1450 6.488699e-07 1.369998e-02
1451 8.697246e-05 6.279289e-02
1452 1.734664e-03 2.062708e-01
1453 2.126237e-09 2.968161e-03
1454 1.675637e-08 3.940443e-03
1455 9.717057e-05 2.015686e-02
1456 8.898724e-08 1.888915e-03
1457 8.378077e-07 2.630821e-03
1458 4.544967e-07 2.913566e-03
1459 7.580846e-06 1.152889e-02
1460 2.886947e-06 1.912346e-02
1461 7.892984e-07 2.590532e-03
1462 5.413063e-08 2.174628e-03
1463 5.852117e-09 1.507070e-03
1464 4.620289e-09 2.055652e-03
1465 3.325597e-08 1.410681e-03
1466 1.802963e-05 2.441839e-02
1467 4.563678e-04 1.688293e-01
1468 2.859281e-06 9.405703e-03
1469 8.506892e-07 1.774369e-02
1470 1.288255e-10 3.690369e-03
1471 9.716509e-05 1.938943e-02
1472 3.484303e-08 6.296880e-03
1473 5.021241e-08 4.044088e-03
1474 1.698138e-08 1.696499e-02
1475 2.973784e-09 1.749719e-03
1476 9.585859e-07 2.091990e-02
1477 2.243236e-11 1.745338e-03
1478 5.775619e-07 1.658450e-02
1479 2.539064e-06 1.146440e-02
1480 1.954618e-06 4.681155e-02
1481 1.761919e-05 3.720859e-02
1482 7.455543e-06 1.723545e-02
1483 3.811717e-05 2.207009e-02
1484 7.968576e-04 3.171125e-01
1485 1.313282e-04 8.699653e-02
1486 3.610945e-05 1.968326e-01
1487 8.266895e-10 2.030032e-03
1488 1.330370e-06 2.739686e-02
1489 4.598125e-07 2.134943e-03
1490 2.067492e-05 4.823147e-03
1491 3.727887e-06 5.964896e-02
1492 1.176392e-08 6.754914e-03
1493 6.696623e-07 1.174342e-02
1494 1.013947e-07 3.025631e-03
1495 8.750308e-06 2.252102e-02
1496 3.461076e-07 4.497469e-03
1497 9.444345e-04 4.550070e-01
1498 3.489917e-08 5.334181e-03
1499 5.148577e-10 2.925361e-03
1500 8.042189e-05 1.105308e-02
1501 1.627100e-07 5.468243e-03
1502 8.234812e-05 1.599639e-01
1503 4.436088e-04 2.161347e-01
1504 5.427555e-05 3.076798e-02
1505 2.484522e-07 5.712361e-03
1506 2.941842e-06 8.141844e-03
1507 1.584527e-04 9.052766e-02
1508 1.819793e-04 3.569608e-01
1509 7.856296e-08 4.599397e-03
1510 1.081865e-08 8.563630e-03
1511 7.940310e-07 1.213597e-02
1512 3.708680e-07 7.619694e-03
1513 2.376158e-06 1.133543e-02
1514 8.856916e-09 6.428027e-03
1515 2.628789e-03 5.887587e-01
1516 1.541625e-05 1.449918e-02
1517 3.679405e-03 6.657203e-01
1518 3.581298e-06 9.286617e-03
1519 6.364275e-06 1.268383e-02
1520 1.752420e-07 1.933899e-03
1521 3.060308e-08 7.191574e-03
1522 5.769353e-05 6.825634e-02
1523 6.856875e-06 1.035757e-02
1524 4.041162e-06 1.884548e-02
1525 1.879172e-05 3.899575e-02
1526 1.401810e-06 1.222981e-02
1527 3.595560e-05 3.959156e-02
1528 8.558974e-06 1.286328e-02
1529 6.739015e-06 9.575962e-03
1530 1.013998e-07 1.488105e-02
1531 1.441057e-05 2.851167e-02
1532 1.570108e-08 5.077255e-03
1533 1.694014e-08 6.696284e-03
1534 1.982827e-05 1.413290e-02
1535 4.143126e-09 1.590964e-03
1536 6.918673e-08 2.742965e-03
1537 2.972616e-07 4.091032e-03
1538 4.831286e-08 4.117858e-03
1539 4.915975e-08 2.606749e-03
1540 4.385678e-06 3.212603e-02
1541 4.425572e-04 4.400025e-01
1542 1.249474e-03 1.460223e-01
1543 3.689406e-04 3.307410e-01
1544 1.600610e-06 1.024834e-02
1545 2.353815e-06 5.441201e-02
1546 1.066235e-06 9.352244e-03
1547 4.153629e-03 4.329729e-01
1548 8.189919e-06 2.192312e-02
1549 6.683966e-07 4.867109e-03
1550 4.547321e-09 4.407781e-03
1551 5.417234e-07 6.495566e-03
1552 1.049872e-04 2.162452e-01
1553 1.196653e-03 4.488563e-01
1554 3.632336e-07 1.025938e-02
1555 2.850067e-03 6.312141e-01
1556 1.130453e-04 2.128188e-02
1557 7.494855e-05 2.191146e-01
1558 1.798252e-03 4.668046e-01
1559 3.649546e-06 1.170784e-02
1560 1.102006e-03 1.808882e-01
1561 6.829151e-05 2.198126e-01
1562 8.594448e-10 6.923879e-03
1563 1.990502e-05 2.247293e-02
1564 3.835692e-04 4.197111e-01
1565 1.703376e-05 2.145729e-02
1566 5.993769e-08 5.371580e-03
1567 3.497940e-03 2.254536e+00
1568 1.085759e-08 1.442396e-02
1569 1.321021e-04 2.729650e-02
1570 1.230939e-03 7.078507e-01
1571 6.890725e-09 2.462303e-03
1572 9.686189e-05 5.012090e-02
1573 1.140917e-03 4.172571e-01
1574 1.544374e-05 2.156037e-02
1575 3.470357e-09 1.799233e-02
1576 7.718437e-05 9.755966e-02
1577 1.249319e-04 3.116402e-01
1578 1.560883e-03 1.296500e-01
1579 1.116172e-08 5.081545e-03
1580 3.610715e-03 8.460363e-01
1581 1.475288e-05 1.938097e-02
1582 5.373366e-07 4.817287e-03
1583 7.808681e-04 1.673170e-01
1584 2.805854e-07 1.484915e-02
1585 2.440920e-04 2.747041e-01
1586 4.265166e-06 1.261829e-02
1587 3.691976e-05 1.671774e-02
1588 2.359545e-05 2.452830e-02
1589 4.873093e-09 2.919137e-03
1590 1.771256e-05 6.187449e-03
1591 3.768150e-06 5.169769e-03
1592 3.520127e-05 1.337200e-02
1593 7.116558e-07 3.747355e-03
1594 3.417974e-06 1.688258e-02
1595 8.779806e-07 4.206261e-03
1596 1.274797e-07 3.066351e-02
1597 1.860040e-06 8.578169e-03
1598 1.280607e-05 1.781606e-02
1599 3.990337e-05 1.255735e-01
1600 2.229644e-06 1.067800e-02
1601 1.129080e-07 3.290000e-03
1602 1.327437e-03 9.456653e-01
1603 1.148640e-07 8.698315e-03
1604 6.868037e-05 4.116105e-02
1605 2.825087e-05 5.322337e-02
1606 6.719413e-04 3.620605e-01
1607 2.713708e-03 3.974148e-01
1608 1.755305e-08 4.892929e-03
1609 5.646448e-04 2.177144e-01
1610 4.984356e-04 4.914104e-01
1611 1.268551e-06 1.673120e-02
1612 2.036259e-04 2.007523e-02
1613 2.874083e-11 1.208080e-03
1614 1.001820e-03 8.878973e-02
1615 1.368706e-03 2.696675e-01
1616 2.960227e-08 2.651160e-03
1617 2.353591e-09 3.410230e-03
1618 2.845792e-07 2.703226e-03
1619 1.101083e-06 8.078406e-02
1620 1.240108e-05 6.019364e-02
1621 4.264476e-07 1.002112e-01
1622 3.020192e-05 2.402197e-02
1623 6.106152e-06 5.715060e-02
1624 7.305381e-04 5.769957e-01
1625 1.561984e-08 4.478061e-03
1626 5.442692e-04 1.200376e-01
1627 3.232368e-07 1.757590e-02
1628 1.774296e-04 1.334266e-01
1629 2.920585e-04 3.494928e-01
1630 4.949764e-04 5.266586e-01
1631 6.312051e-04 1.365949e-01
1632 1.527521e-06 6.987260e-02
1633 1.538382e-10 3.099608e-03
1634 5.472667e-09 6.777996e-03
1635 4.644855e-11 1.156792e-03
1636 6.724143e-10 2.940654e-03
1637 4.089088e-10 1.705854e-03
1638 3.142365e-09 3.093027e-03
1639 4.281039e-11 1.852137e-03
1640 1.341217e-04 6.357548e-02
1641 7.345967e-04 1.954921e-01
1642 4.817600e-03 7.462372e-01
1643 3.643003e-04 4.068230e-02
1644 1.442001e-05 1.219649e-02
1645 2.711636e-04 2.505511e-02
1646 3.161060e-03 1.209883e+00
1647 1.528752e-05 1.630195e-02
1648 8.964895e-07 4.194156e-03
1649 1.035044e-03 6.246492e-01
1650 1.522230e-04 1.222042e-01
1651 9.090802e-09 4.405468e-03
1652 1.701791e-04 1.247961e-01
1653 2.099575e-03 7.579168e-01
1654 1.220569e-06 2.348936e-02
1655 5.874616e-04 4.021876e-01
1656 5.556177e-08 1.783740e-02
1657 4.263340e-06 1.273580e-02
1658 1.909339e-06 5.242761e-03
1659 1.686288e-05 2.226249e-02
1660 2.360742e-05 9.453090e-02
1661 4.332853e-04 1.386092e-01
1662 8.897677e-04 4.570974e-02
1663 3.102372e-05 2.295170e-01
1664 1.031207e-06 1.390751e-02
1665 2.815440e-06 1.219287e-02
1666 6.795496e-05 9.420337e-02
1667 5.079186e-05 5.247047e-02
1668 1.598762e-10 8.895957e-04
1669 9.147946e-06 1.295760e-02
1670 6.155938e-08 3.678451e-03
1671 4.784978e-06 2.414909e-02
1672 9.373705e-04 2.483216e-01
1673 6.223059e-05 3.901634e-02
1674 1.191798e-06 1.097874e-02
1675 3.560855e-06 1.594607e-02
1676 2.001814e-07 2.853984e-03
1677 1.107717e-09 7.112916e-03
1678 7.317587e-08 3.676202e-03
1679 2.075274e-13 1.409525e-03
1680 3.772753e-05 9.334525e-02
1681 2.790043e-05 3.186826e-02
1682 3.489648e-06 2.608817e-02
1683 1.694034e-09 1.750242e-03
1684 6.781557e-09 3.672631e-03
1685 4.052454e-04 6.979279e-02
1686 9.736243e-04 2.950126e-01
1687 4.585642e-06 3.290933e-02
1688 2.046101e-03 3.384106e-01
1689 6.663232e-06 9.895598e-02
1690 8.955451e-10 1.776268e-03
1691 1.980105e-08 1.767076e-03
1692 1.210791e-07 6.005680e-03
1693 9.453089e-04 1.994675e-01
1694 2.349460e-05 5.102037e-02
1695 3.340630e-06 4.329570e-03
1696 9.265686e-04 4.031008e-01
1697 1.478724e-07 8.757544e-03
1698 3.344101e-03 5.506332e-01
1699 2.383372e-03 7.458283e-01
1700 1.517909e-07 4.274349e-03
1701 3.870620e-05 7.891917e-02
1702 2.546759e-05 8.885313e-02
1703 8.523590e-07 5.799322e-02
1704 3.360530e-08 1.635266e-03
1705 3.920079e-09 1.979469e-03
1706 7.590977e-07 2.647832e-03
1707 5.590278e-04 1.563928e-01
1708 1.311312e-09 8.068213e-03
1709 7.501028e-07 1.654294e-02
1710 4.340792e-08 1.163014e-02
1711 1.554083e-03 3.625665e-01
1712 6.850076e-05 9.190935e-02
1713 3.870678e-07 1.143042e-02
1714 2.318403e-04 9.584027e-02
1715 1.333588e-06 8.777927e-03
1716 1.612665e-09 4.416068e-03
1717 2.134348e-06 2.683312e-02
1718 3.945707e-06 1.348839e-02
1719 3.489319e-09 7.630440e-03
1720 1.625777e-07 9.473068e-03
1721 8.252234e-08 3.152147e-02
1722 1.379516e-08 8.443107e-03
1723 9.768353e-04 5.748970e-01
1724 2.172972e-06 3.448799e-03
1725 1.101543e-06 1.818472e-02
1726 3.690003e-04 2.251273e-01
1727 1.124231e-05 3.221987e-02
1728 8.898518e-04 4.645536e-01
1729 3.694152e-07 4.642486e-03
1730 4.046145e-04 2.691071e-01
1731 1.272258e-07 7.369306e-03
1732 8.174620e-09 1.912368e-03
1733 1.033898e-14 1.011506e-03
1734 2.174942e-04 8.050591e-02
1735 4.729993e-05 4.090141e-02
1736 3.166922e-13 1.148585e-03
1737 2.373373e-05 2.146069e-02
1738 3.945327e-07 3.635608e-03
1739 5.876099e-06 2.601491e-02
1740 4.912388e-04 1.154160e-01
1741 2.442899e-10 4.427046e-03
1742 7.673313e-05 1.183780e-01
1743 1.035991e-03 2.060627e-01
1744 6.716035e-05 4.662672e-02
1745 1.801703e-04 3.989131e-02
1746 1.964768e-08 2.725362e-03
1747 3.517660e-08 6.704919e-03
1748 7.334670e-04 6.683294e-01
1749 2.395758e-05 1.209998e-02
1750 4.741711e-06 9.648595e-03
1751 5.870585e-08 6.517220e-03
1752 6.427843e-09 2.143525e-03
1753 1.514896e-04 5.684704e-02
1754 2.291016e-07 5.573358e-03
1755 2.700067e-06 6.622411e-03
1756 1.539737e-07 1.983334e-02
1757 2.881849e-07 1.515439e-02
1758 7.155817e-05 2.395034e-01
1759 4.130014e-07 5.157834e-03
1760 8.330818e-04 6.122495e-01
1761 1.379480e-08 7.060647e-03
1762 1.823271e-06 4.316612e-03
1763 2.603903e-07 1.170166e-02
1764 5.787246e-08 6.938511e-03
1765 1.319540e-04 3.340036e-02
1766 9.535671e-08 4.498130e-03
1767 3.917092e-05 8.872010e-03
1768 4.454290e-05 5.726726e-02
1769 4.854819e-04 1.190666e-01
1770 7.403616e-08 8.549893e-03
1771 3.864912e-06 1.142680e-02
1772 8.152329e-04 5.015007e-01
1773 2.006151e-03 4.226909e-01
1774 2.531399e-09 2.935221e-03
1775 4.478424e-11 2.829929e-03
1776 4.637106e-08 1.939505e-02
1777 7.557403e-07 1.264555e-02
1778 2.276828e-07 7.267697e-03
1779 2.699097e-06 1.742508e-02
1780 4.687494e-09 2.811998e-03
1781 4.121055e-11 1.305322e-03
1782 4.086833e-10 3.173226e-03
1783 1.917984e-07 7.428528e-03
1784 1.166716e-05 3.418412e-02
1785 3.495633e-07 4.453634e-03
1786 1.017238e-06 3.384327e-02
1787 2.135075e-03 5.839094e-01
1788 4.703797e-09 4.441637e-03
1789 5.971034e-05 4.213804e-02
1790 1.152280e-08 2.235000e-03
1791 9.977055e-08 5.835348e-03
1792 1.100259e-06 7.167108e-03
1793 7.674039e-08 9.522047e-03
1794 1.885274e-04 1.017503e-01
1795 5.862585e-05 8.172919e-03
1796 7.894919e-04 6.858413e-01
1797 1.594061e-08 1.740212e-02
1798 1.049260e-06 6.653950e-03
1799 1.980438e-09 2.885539e-03
1800 2.228555e-06 5.599349e-02
1801 3.470847e-05 5.988451e-03
1802 7.147845e-06 4.005624e-02
1803 2.090744e-08 2.049361e-03
1804 9.097877e-07 3.014184e-03
1805 2.034562e-08 1.103855e-02
1806 3.152240e-07 5.999252e-03
1807 4.135374e-09 1.571511e-03
1808 1.622461e-03 8.338555e-01
1809 1.768453e-06 1.173478e-02
1810 3.767938e-04 2.657324e-01
1811 8.050329e-09 7.842486e-03
1812 2.718949e-08 5.933443e-03
1813 1.115656e-06 1.451176e-02
1814 4.630363e-10 2.832734e-03
1815 3.337382e-07 2.575323e-02
1816 1.914075e-04 3.185237e-02
1817 9.115740e-07 4.850955e-03
1818 9.518900e-08 4.832111e-03
1819 1.408067e-13 2.082381e-03
1820 2.922829e-09 1.597579e-03
1821 6.925113e-09 3.412906e-03
1822 1.003875e-03 2.049841e-01
1823 1.953875e-05 4.144642e-02
1824 1.156497e-05 4.733542e-02
1825 2.820472e-03 7.653651e-01
1826 2.110045e-04 1.834276e-01
1827 3.170185e-04 6.310101e-02
1828 1.743082e-04 4.302358e-02
1829 2.621198e-06 1.216514e-02
1830 6.234033e-08 3.101865e-03
1831 1.437970e-09 1.703508e-03
1832 3.486136e-07 1.494945e-02
1833 6.579435e-05 2.109554e-02
1834 5.483994e-07 3.653016e-03
1835 1.530068e-08 3.577306e-03
1836 6.304272e-04 5.208333e-01
1837 1.087188e-03 3.353955e-01
1838 1.913413e-04 2.018140e-02
1839 7.143668e-07 3.746465e-02
1840 1.517858e-06 3.910465e-02
1841 1.114858e-04 9.997484e-02
1842 1.718072e-07 6.894241e-03
1843 4.780896e-08 8.682238e-03
1844 2.409013e-08 2.765092e-03
1845 4.665028e-05 4.352365e-02
1846 4.402201e-10 3.506981e-03
1847 5.903370e-07 6.008702e-02
1848 2.982966e-10 2.206602e-03
1849 8.303798e-09 1.367642e-02
1850 2.007130e-08 1.479139e-02
1851 2.738269e-06 3.663568e-02
1852 2.983511e-05 2.242433e-02
1853 1.306811e-05 5.476339e-02
1854 5.883038e-06 1.194807e-01
1855 1.389675e-05 4.667060e-02
1856 1.167722e-10 2.267659e-03
1857 6.281502e-09 4.628034e-03
1858 4.881597e-07 3.955928e-03
1859 4.438326e-09 3.269099e-03
1860 3.814288e-06 2.327048e-02
1861 8.404866e-08 7.733974e-03
1862 6.834988e-04 3.880920e-01
1863 3.696825e-11 3.006960e-03
1864 2.181260e-08 2.668737e-03
1865 1.027778e-08 1.142252e-02
1866 1.079101e-04 9.675046e-02
1867 2.123804e-10 2.611328e-03
1868 3.093804e-06 1.066465e-02
1869 9.492435e-05 4.891460e-01
1870 1.309496e-06 6.047877e-03
1871 2.705206e-08 1.130432e-02
1872 3.677941e-09 7.174846e-03
1873 1.594923e-08 1.842973e-03
1874 5.258593e-07 2.192574e-03
1875 2.770054e-03 1.074512e+00
1876 5.199943e-08 2.423823e-03
1877 3.460327e-07 3.189208e-03
1878 2.213285e-08 6.553361e-03
1879 1.413023e-06 1.165742e-02
1880 7.641945e-04 6.886766e-02
1881 1.629529e-06 4.511313e-02
1882 1.928039e-09 3.948283e-03
1883 6.060337e-07 1.343998e-02
1884 1.039979e-03 2.591302e-01
1885 2.616394e-06 6.991957e-03
1886 4.756476e-04 8.812172e-02
1887 1.774403e-04 4.598523e-02
1888 9.634841e-08 3.274356e-03
1889 8.321710e-09 1.317069e-03
1890 1.132612e-06 1.206302e-02
1891 5.910905e-04 1.937574e-01
1892 9.313677e-08 1.485952e-02
1893 4.719064e-05 6.626039e-02
1894 5.004083e-03 1.394727e+00
1895 1.463017e-04 7.589072e-02
1896 7.152803e-05 1.266152e-01
1897 2.534084e-08 4.001613e-03
1898 6.963299e-05 5.318536e-02
1899 3.065678e-05 1.134589e-02
1900 5.904705e-04 1.673102e-01
1901 3.230993e-08 4.903854e-03
1902 1.699621e-08 1.854470e-03
1903 2.162054e-07 1.102924e-02
1904 4.423028e-06 8.223461e-03
1905 1.571323e-06 5.227025e-03
1906 7.734720e-06 6.415770e-03
1907 4.392786e-10 3.760344e-03
1908 2.144892e-08 1.713900e-03
1909 3.133688e-05 1.647918e-02
1910 1.663519e-04 1.023796e-01
1911 5.324351e-04 1.656829e-01
1912 1.172386e-05 7.663617e-02
1913 6.496937e-06 6.311126e-02
1914 1.463805e-07 4.777327e-03
1915 1.081975e-09 7.895646e-03
1916 6.674966e-04 9.195845e-01
1917 1.826843e-03 5.343080e-01
1918 4.139409e-05 3.443632e-02
1919 1.916432e-04 3.300843e-02
1920 4.479247e-05 3.179045e-02
1921 2.846875e-10 1.367044e-03
1922 2.701273e-06 4.740430e-03
1923 3.396127e-07 3.146401e-03
1924 1.544204e-07 2.426754e-03
1925 2.099712e-08 2.132515e-03
1926 8.367042e-05 1.626743e-01
1927 1.064818e-06 1.155579e-02
1928 5.647537e-10 1.791327e-03
1929 2.402443e-05 1.588300e-02
1930 3.402206e-06 1.776102e-02
1931 1.634445e-05 2.720326e-02
1932 2.137379e-08 3.379135e-02
1933 5.815202e-07 1.610790e-02
1934 1.787556e-05 7.000840e-02
1935 2.771008e-05 1.741926e-02
1936 3.256733e-07 1.254936e-02
1937 3.664532e-06 5.479767e-03
1938 7.019650e-11 2.010177e-03
1939 1.163655e-04 2.848668e-01
1940 9.932651e-08 2.261498e-02
1941 2.643442e-05 1.672813e-02
1942 1.053084e-05 8.342546e-02
1943 1.115044e-06 3.240409e-02
1944 4.443262e-04 2.825332e-01
1945 7.261936e-06 4.105293e-02
1946 1.616311e-06 7.060551e-03
1947 9.634037e-06 6.007304e-03
1948 6.281436e-09 1.708246e-03
1949 6.402535e-04 1.951880e-01
1950 4.323216e-05 3.416811e-02
1951 1.808972e-05 4.236298e-02
1952 2.848022e-07 7.181465e-03
1953 4.976761e-05 6.546300e-02
1954 3.270610e-06 7.612611e-02
1955 4.666116e-06 1.009716e-02
1956 1.348233e-05 5.807692e-02
1957 7.830011e-06 8.433591e-03
1958 1.857629e-05 2.162385e-02
1959 4.147794e-06 2.731448e-02
1960 1.451189e-05 3.091700e-02
1961 9.720725e-06 1.061272e-01
1962 3.794525e-04 1.334400e-01
1963 3.144027e-04 1.001515e-01
1964 3.243031e-07 4.029878e-03
1965 7.095375e-07 1.516773e-02
1966 1.587193e-07 6.701969e-03
1967 1.094422e-05 5.684412e-02
1968 1.627166e-09 2.103109e-03
1969 9.199864e-04 3.656504e-01
1970 4.214507e-04 1.030031e-01
1971 9.276326e-04 3.798201e-01
1972 1.027719e-04 2.110153e-02
1973 8.292427e-05 2.082347e-01
1974 1.886867e-08 4.243044e-03
1975 8.699242e-04 3.163621e-01
1976 3.562144e-04 1.283277e-01
1977 1.478924e-06 7.713378e-03
1978 1.430183e-08 4.048198e-03
1979 8.583591e-04 1.038992e-01
1980 2.536255e-04 1.774764e-02
1981 5.436097e-06 5.521668e-02
1982 1.601134e-08 2.801530e-03
1983 8.063856e-07 2.395303e-03
1984 1.833791e-07 2.761750e-02
1985 4.838525e-05 1.805762e-02
1986 2.006875e-05 1.256135e-02
1987 7.670508e-07 3.498321e-02
1988 1.497323e-04 2.305482e-01
1989 1.259243e-07 1.450664e-03
1990 5.774744e-06 5.538168e-03
1991 4.507486e-06 9.386278e-03
1992 9.943798e-04 6.043817e-01
1993 3.639037e-09 1.188380e-03
1994 1.119846e-08 1.259014e-03
1995 1.451645e-03 1.630987e-01
1996 3.635201e-08 5.552395e-03
1997 6.729846e-08 2.107113e-03
1998 2.149049e-05 1.864745e-02
1999 5.273727e-05 1.306990e-01
2000 2.013636e-07 2.649194e-03
2001 2.044383e-08 3.121726e-03
