1 2.897211e-03 5.973138e-01
2 3.137891e-06 2.036717e-02
3 7.257623e-06 2.683917e-03
4 1.297264e-07 1.858262e-03
5 2.830741e-07 2.612404e-03
6 1.734997e-03 3.953859e-01
7 1.528133e-05 1.274169e-02
8 4.002911e-06 4.257184e-02
9 6.513044e-09 2.383567e-03
10 4.376071e-05 8.901190e-02
11 1.923366e-07 5.163705e-03
12 2.556339e-09 1.230948e-03
13 9.819571e-05 2.253633e-01
14 1.305075e-07 7.626746e-03
15 6.636012e-07 3.043625e-03
16 3.700451e-06 2.542410e-02
17 1.890313e-07 1.921518e-03
18 8.194428e-04 2.198850e-01
19 2.500558e-06 7.974343e-03
20 1.619609e-10 1.022708e-03
21 2.688562e-03 7.828709e-01
22 3.883518e-06 5.602989e-03
23 7.880981e-05 2.992353e-02
24 1.715390e-03 2.340143e-01
25 4.775771e-04 2.060993e-01
26 2.454453e-06 4.301458e-03
27 7.386977e-05 2.048254e-02
28 3.101025e-07 3.609711e-03
29 2.709467e-03 4.866800e-01
30 1.419412e-03 6.708271e-01
31 2.951643e-04 2.545017e-01
32 2.813993e-05 1.280534e-02
33 7.734271e-08 1.227050e-03
34 1.372798e-08 1.155903e-03
35 1.252369e-06 3.080734e-03
36 2.214836e-03 4.372629e-01
37 3.329794e-04 8.109557e-02
38 3.211789e-06 8.743773e-03
39 8.789857e-09 1.949218e-03
40 1.532290e-07 3.525226e-03
41 4.920010e-05 2.158276e-02
42 1.238548e-07 5.027779e-03
43 7.940892e-04 3.168257e-01
44 6.466984e-05 6.792841e-02
45 5.059540e-05 1.170889e-01
46 1.571927e-05 9.806487e-03
47 1.097314e-04 2.710160e-01
48 1.677438e-04 1.055413e-01
49 8.179374e-06 9.346224e-03
50 4.775691e-03 6.460202e-01
51 2.136688e-06 1.186715e-02
52 4.485588e-06 2.366428e-02
53 1.257892e-05 7.183097e-03
54 3.678348e-07 9.931123e-03
55 8.396811e-07 5.046230e-03
56 2.376682e-06 8.957822e-03
57 4.147445e-07 1.457379e-02
58 1.028350e-03 1.132473e-01
59 1.581536e-04 4.485560e-02
60 1.720794e-09 1.410537e-03
61 2.281611e-03 9.465302e-01
62 5.105030e-06 3.309094e-02
63 1.296217e-07 1.918787e-03
64 9.922017e-08 4.164421e-03
65 1.488203e-05 4.356767e-02
66 1.406980e-06 4.568930e-03
67 3.234629e-07 7.314252e-03
68 1.844795e-06 8.108907e-03
69 7.281593e-08 1.424439e-03
70 4.545312e-08 1.342229e-03
71 3.257362e-04 2.178913e-01
72 3.727549e-06 1.917975e-02
73 2.324612e-08 4.147418e-03
74 9.143108e-05 1.857162e-01
75 9.056000e-06 1.031084e-02
76 3.525739e-07 2.824558e-03
77 1.297837e-05 3.755985e-02
78 5.992391e-04 2.522530e-01
79 1.380493e-03 1.336684e-01
80 4.511087e-06 2.692029e-03
81 4.534948e-07 1.621437e-03
82 2.151002e-05 4.790306e-03
83 4.275874e-05 2.148928e-02
84 6.702256e-08 1.871562e-03
85 1.284570e-03 8.159805e-02
86 1.316665e-05 6.834380e-03
87 1.218568e-07 2.815901e-03
88 8.280319e-08 1.701685e-03
89 9.055067e-06 2.226888e-02
90 1.239822e-03 1.999749e-01
91 6.319427e-04 1.571494e-01
92 3.319558e-03 7.629086e-01
93 1.935927e-06 1.386666e-02
94 1.319259e-06 4.052016e-03
95 5.254948e-03 6.644734e-01
96 5.278370e-05 1.178624e-02
97 1.239609e-07 3.514736e-02
98 8.450388e-07 3.470628e-03
99 2.141074e-04 1.440946e-02
100 7.282875e-03 1.137982e+00
101 3.432610e-06 4.791477e-03
102 5.039243e-06 1.494865e-02
103 2.064255e-03 3.423978e-01
104 7.609922e-05 4.026918e-02
105 2.663362e-04 6.011235e-02
106 2.771553e-07 8.982603e-03
107 4.544122e-08 2.877526e-03
108 4.334534e-06 1.906386e-02
109 5.355205e-07 5.108920e-03
110 8.228460e-06 1.147171e-02
111 2.915194e-03 4.625841e-01
112 1.712510e-04 9.444497e-02
113 3.846061e-03 5.765380e-01
114 2.401997e-03 3.852172e-01
115 5.483952e-04 1.405932e-01
116 8.682847e-04 2.553731e-01
117 1.599983e-03 1.460461e-01
118 2.749846e-03 2.947218e-01
119 1.479397e-09 4.547685e-03
120 8.184586e-10 3.640452e-03
121 4.785047e-08 1.149402e-02
122 1.266143e-07 1.882720e-03
123 2.532156e-06 5.935453e-03
124 1.316581e-05 1.347503e-02
125 1.622014e-08 3.999392e-03
126 2.808842e-06 6.068237e-03
127 1.918370e-07 9.661255e-03
128 8.098825e-07 7.834639e-03
129 1.138380e-07 4.470419e-03
130 6.368046e-08 3.975842e-03
131 1.543675e-07 5.904661e-03
132 3.465066e-07 4.662194e-03
133 9.045350e-08 7.673612e-03
134 2.361214e-05 2.197735e-02
135 7.893735e-08 4.537946e-03
136 5.816752e-07 4.093008e-03
137 5.754618e-06 1.248379e-02
138 3.711034e-08 9.365812e-03
139 1.900410e-07 8.723533e-03
140 7.927433e-08 5.185258e-03
141 6.272971e-09 3.030186e-03
142 2.116871e-07 3.123408e-03
143 6.955157e-07 6.925993e-03
144 5.133633e-08 8.568382e-03
145 5.813950e-09 4.700232e-03
146 1.221957e-07 6.127030e-03
147 1.902418e-07 6.322375e-03
148 4.148313e-08 7.989432e-03
149 2.486374e-07 4.294865e-03
150 5.416376e-09 3.987837e-03
151 1.826064e-06 1.005536e-02
152 5.708066e-07 5.952983e-03
153 8.996286e-08 2.985469e-03
154 4.652107e-08 3.764619e-03
155 1.030539e-08 3.023725e-03
156 3.563592e-07 3.869489e-03
157 1.584273e-07 4.034612e-03
158 2.450355e-06 4.682552e-03
159 6.396453e-07 5.892715e-03
160 4.039160e-07 5.170091e-03
161 7.607518e-08 3.130260e-03
162 1.350934e-08 3.003347e-03
163 3.254497e-08 3.080763e-03
164 2.609340e-09 1.642546e-03
165 2.845924e-09 1.682218e-03
166 7.906462e-10 1.657485e-03
167 1.417619e-08 2.937529e-03
168 6.266194e-07 3.302254e-03
169 1.557943e-06 6.042776e-03
170 1.058923e-09 1.639708e-03
171 6.352769e-08 3.420471e-03
172 2.199551e-08 3.219009e-03
173 2.393192e-09 1.619369e-03
174 1.379171e-08 3.087715e-03
175 4.006818e-08 3.093815e-03
176 1.862924e-08 2.998765e-03
177 2.724743e-09 1.656820e-03
178 4.613294e-07 2.288253e-03
179 5.407503e-09 1.614860e-03
180 3.079332e-08 3.095137e-03
181 6.137191e-09 2.125390e-03
182 1.255670e-08 3.397726e-03
183 7.300135e-10 1.196585e-03
184 1.019056e-09 1.614884e-03
185 3.306186e-09 1.233218e-03
186 3.319833e-08 2.178846e-03
187 1.668810e-09 1.906892e-03
188 1.934117e-10 1.592567e-03
189 3.672307e-10 1.134003e-03
190 2.019802e-09 1.208876e-03
191 5.735984e-05 1.879693e-02
192 6.918072e-06 4.032774e-03
193 4.071620e-04 4.264355e-02
194 4.303545e-04 4.235896e-02
195 2.012166e-05 6.545890e-03
196 7.444151e-05 1.559091e-02
197 1.316366e-03 4.860271e-02
198 6.784522e-06 6.429799e-03
199 2.088643e-05 1.427014e-02
200 1.249893e-05 1.055111e-02
201 1.283241e-04 1.666658e-02
202 4.188369e-05 2.229689e-02
203 3.557108e-07 3.516793e-03
204 2.394098e-05 6.222524e-03
205 6.995591e-06 8.436511e-03
206 8.863623e-07 3.880314e-03
207 2.045252e-06 9.609650e-03
208 1.648006e-07 3.463936e-03
209 3.134330e-06 8.155663e-03
210 2.972239e-06 4.774343e-03
211 2.690833e-07 2.415518e-03
212 5.315334e-04 3.921957e-02
213 4.339797e-07 2.461975e-03
214 2.751115e-07 4.259844e-03
215 7.454413e-06 4.931408e-03
216 7.600080e-06 8.050285e-03
217 4.039718e-07 2.109045e-03
218 4.700344e-05 2.563356e-02
219 8.521825e-05 1.775830e-02
220 5.929221e-07 3.551445e-03
221 1.564531e-06 3.957059e-03
222 1.526220e-06 7.056833e-03
223 1.229048e-06 9.755599e-03
224 1.280940e-08 3.044045e-03
225 3.988129e-07 5.473957e-03
226 4.006483e-07 3.667432e-03
227 2.360818e-07 4.268162e-03
228 2.518283e-07 5.045801e-03
229 1.205393e-05 1.414290e-02
230 1.853853e-06 7.808733e-03
231 1.481255e-06 6.733200e-03
232 5.414392e-07 5.080375e-03
233 3.951016e-07 6.160996e-03
234 8.235308e-07 4.955167e-03
235 1.105075e-08 4.502346e-03
236 8.128210e-07 4.984170e-03
237 8.506486e-09 3.367909e-03
238 1.698865e-07 5.712357e-03
239 1.925905e-08 3.546753e-03
240 8.207151e-08 3.151709e-03
241 4.463916e-07 4.064328e-03
242 5.151172e-07 4.988538e-03
243 1.972898e-08 3.172251e-03
244 2.276252e-07 4.681661e-03
245 2.284011e-07 4.975830e-03
246 3.468727e-08 3.836382e-03
247 2.219444e-07 4.929280e-03
248 5.583189e-08 2.663606e-03
249 2.116824e-06 7.681941e-03
250 3.105702e-07 4.164003e-03
251 1.534729e-07 2.892995e-03
252 2.236159e-06 6.923451e-03
253 1.457809e-08 3.334221e-03
254 6.306439e-08 4.822066e-03
255 8.832837e-07 6.468733e-03
256 5.414444e-08 2.734705e-03
257 4.453636e-08 3.441141e-03
258 2.082613e-05 6.191564e-03
259 3.139799e-05 1.325949e-02
260 1.165691e-05 1.477218e-02
261 2.579873e-05 1.315181e-02
262 1.891811e-06 6.586030e-03
263 1.520151e-05 7.794078e-03
264 1.089026e-05 1.991519e-02
265 4.670697e-07 7.204177e-03
266 3.314627e-05 1.861839e-02
267 5.366438e-05 4.368108e-02
268 1.074968e-06 2.080722e-02
269 1.374860e-06 3.184904e-02
270 5.294929e-07 4.392307e-03
271 1.347875e-06 7.312350e-03
272 1.312475e-07 6.848597e-03
273 3.721210e-07 4.460741e-03
274 2.825156e-06 5.579432e-03
275 4.990455e-07 8.614694e-03
276 3.195265e-05 3.558041e-02
277 1.246904e-07 3.477219e-03
278 1.749365e-07 2.697890e-03
279 3.322045e-06 1.633640e-02
280 6.898590e-07 6.090676e-03
281 6.998142e-07 8.637042e-03
282 3.028058e-06 1.262659e-02
283 1.044569e-06 3.373383e-03
284 1.059709e-05 9.005308e-03
285 7.727250e-05 2.504489e-02
286 9.450055e-05 3.758704e-02
287 4.454531e-06 7.069119e-03
288 1.070824e-05 1.456998e-02
289 6.419998e-05 4.263764e-02
290 1.450712e-04 5.993061e-02
291 4.906621e-06 8.058777e-03
292 1.867665e-05 1.880252e-02
293 1.141702e-05 1.837869e-02
294 1.138049e-05 2.760419e-02
295 3.593143e-06 1.819426e-02
296 2.357086e-04 1.261702e-01
297 2.091024e-03 5.668886e-01
298 1.190097e-04 3.812343e-02
299 4.096551e-06 4.531520e-03
300 1.621628e-07 4.594169e-03
301 1.036480e-03 1.155506e-01
302 6.269712e-07 5.095472e-03
303 3.866761e-07 3.098590e-03
304 6.148573e-08 2.279082e-03
305 8.069104e-08 2.664190e-03
306 2.662917e-08 2.689008e-03
307 2.833544e-09 2.646462e-03
308 1.062531e-08 2.581689e-03
309 1.812018e-05 5.522891e-03
310 1.368942e-08 3.222996e-03
311 9.650887e-10 2.653556e-03
312 7.229591e-07 2.223759e-03
313 1.219496e-09 2.542513e-03
314 9.798644e-09 2.548858e-03
315 8.731782e-10 2.676348e-03
316 4.003007e-08 2.821374e-03
317 7.003710e-10 1.929786e-03
318 1.267172e-08 1.947354e-03
319 1.633369e-06 2.256458e-03
320 5.933330e-10 2.507120e-03
321 6.267739e-10 1.426038e-03
322 1.495451e-04 6.724085e-02
323 1.566321e-04 9.419786e-02
324 4.306267e-08 9.485243e-03
325 1.149575e-05 1.423088e-02
326 4.916021e-08 3.483253e-03
327 6.348551e-06 2.364373e-02
328 2.456183e-06 9.682375e-03
329 7.374073e-05 8.346862e-02
330 2.281077e-03 4.694754e-01
331 9.404176e-06 3.329954e-02
332 5.004765e-04 1.756970e-01
333 1.537905e-06 5.054025e-03
334 2.941864e-06 1.423829e-02
335 3.862219e-07 8.345541e-03
336 2.741931e-06 1.545026e-02
337 1.689511e-04 6.523322e-02
338 1.567257e-05 1.997869e-02
339 1.330939e-03 2.818688e-01
340 2.236528e-05 6.222060e-03
341 1.140764e-05 6.383145e-03
342 7.372908e-05 1.738665e-02
343 6.517659e-05 4.220156e-02
344 1.099452e-06 3.932657e-03
345 3.754164e-06 7.890380e-03
346 6.344303e-07 2.520716e-03
347 3.019422e-07 2.958380e-03
348 1.902389e-05 9.857958e-03
349 5.641849e-06 1.085878e-02
350 3.398621e-08 3.252669e-03
351 7.817939e-08 2.852590e-03
352 2.059449e-06 2.879977e-03
353 2.365290e-05 6.724803e-03
354 4.000061e-06 4.305333e-03
355 3.832251e-06 4.602030e-03
356 6.055269e-08 2.355651e-03
357 1.740742e-05 1.037629e-02
358 3.711359e-05 2.388169e-02
359 3.333688e-06 7.000126e-03
360 2.022490e-06 6.101828e-03
361 4.038085e-05 4.204753e-02
362 1.373791e-07 2.446417e-03
363 5.719494e-08 3.360963e-03
364 2.059449e-06 2.879977e-03
365 4.967123e-05 2.680749e-02
366 1.851646e-05 9.575671e-03
367 7.098529e-06 1.040595e-02
368 5.641849e-06 1.085878e-02
369 6.868011e-05 8.410376e-02
370 4.888663e-06 1.372276e-02
371 6.179684e-06 1.946929e-02
372 4.999719e-03 7.742618e-01
373 7.844833e-05 1.703108e-01
374 3.430527e-03 5.967610e-01
375 7.490705e-06 2.424430e-02
376 1.654084e-03 1.860640e-01
377 3.514465e-06 8.969902e-03
378 9.781938e-05 2.318935e-02
379 4.203150e-06 8.543453e-03
380 1.679595e-05 9.970825e-03
381 3.386140e-07 1.900179e-03
382 1.362404e-06 1.002435e-02
383 1.714070e-07 1.817252e-03
384 8.048324e-06 7.680699e-03
385 2.644835e-08 4.588824e-03
386 1.175028e-06 6.426605e-03
387 9.974786e-06 1.483139e-02
388 5.887055e-08 2.766582e-03
389 3.448906e-06 6.079229e-03
390 1.129676e-06 4.732111e-03
391 2.495326e-05 3.113401e-02
392 6.330993e-05 1.247055e-02
393 1.809186e-05 1.506985e-02
394 1.501540e-06 2.966507e-03
395 5.428097e-06 8.205162e-03
396 2.908875e-05 3.470842e-02
397 1.376638e-05 1.508930e-02
398 7.864342e-05 2.969276e-02
399 1.063966e-05 9.808345e-03
400 6.564758e-05 3.553345e-02
401 2.796996e-06 8.022211e-03
402 8.984454e-07 6.943322e-03
403 3.757620e-06 9.010364e-03
404 1.281816e-05 1.458194e-02
405 5.602736e-06 1.087796e-02
406 1.663484e-06 8.767709e-03
407 2.561950e-07 4.526718e-03
408 7.202645e-06 9.502039e-03
409 3.685608e-03 2.092402e-01
410 1.387997e-05 1.842655e-02
411 1.321396e-05 1.702971e-02
412 1.540558e-04 3.965861e-02
413 4.385915e-06 7.885331e-03
414 2.244307e-06 9.409617e-03
415 2.393235e-06 5.695287e-03
416 7.504630e-07 6.634232e-03
417 2.306456e-06 9.508681e-03
418 4.207735e-04 8.037807e-02
419 2.676920e-04 1.441830e-01
420 1.741478e-04 4.412177e-02
421 1.015188e-05 2.055591e-02
422 1.407905e-05 2.985153e-02
423 1.288353e-04 7.176169e-02
424 2.735206e-04 1.979508e-01
425 2.497460e-04 7.816601e-02
426 2.174630e-05 4.434061e-02
427 3.084524e-04 1.491512e-01
428 2.672684e-05 3.312370e-02
429 1.757695e-05 2.726746e-02
430 3.672032e-05 3.583892e-02
431 8.918848e-05 4.878987e-02
432 2.718033e-05 2.330638e-02
433 2.537979e-05 2.013277e-02
434 4.227125e-05 3.659011e-02
435 1.564965e-05 4.816089e-02
436 4.170004e-05 2.873909e-02
437 4.237955e-05 3.337126e-02
438 1.736998e-05 2.575817e-02
439 8.359101e-04 1.965270e-01
440 5.150468e-05 1.944856e-02
441 1.330399e-05 1.641450e-02
442 9.203561e-05 5.572845e-02
443 9.482139e-06 2.330703e-02
444 7.333138e-04 2.165045e-01
445 4.369630e-04 1.705953e-01
446 3.817584e-10 9.154167e-04
447 1.880494e-10 1.224531e-03
448 2.782448e-11 9.088599e-04
449 2.632779e-10 9.125883e-04
450 4.616770e-10 9.934974e-04
451 4.458529e-08 1.780562e-03
452 9.592156e-10 1.227355e-03
453 1.031145e-08 1.121685e-03
454 6.927560e-10 1.245257e-03
455 7.575707e-09 1.250722e-03
456 1.967118e-10 1.031941e-03
457 2.971261e-12 9.244452e-04
458 1.500415e-09 1.233044e-03
459 8.391500e-07 1.439565e-02
460 2.420537e-09 2.593496e-03
461 8.164149e-11 1.054472e-03
462 7.879089e-09 2.965092e-03
463 4.765307e-09 1.127365e-03
464 3.814604e-09 1.328698e-03
465 3.654439e-10 1.151003e-03
466 2.183533e-09 1.380957e-03
467 3.882558e-10 1.082754e-03
468 1.666458e-10 1.091929e-03
469 1.563896e-09 1.325793e-03
470 3.499888e-09 1.754875e-03
471 7.499402e-10 1.218700e-03
472 4.403844e-10 1.118980e-03
473 2.393470e-09 1.318721e-03
474 1.696878e-10 1.048066e-03
475 7.964821e-09 1.315878e-03
476 4.986517e-09 1.412146e-03
477 9.976280e-07 3.129825e-03
478 8.876878e-06 7.312726e-03
479 3.409161e-08 1.573413e-03
480 6.353893e-09 2.066945e-03
481 3.206060e-09 1.858895e-03
482 2.274508e-09 2.108135e-03
483 1.343263e-09 2.060909e-03
484 4.746801e-08 2.115750e-03
485 2.887325e-09 1.759741e-03
486 3.623935e-06 1.352623e-02
487 5.713884e-09 1.487084e-03
488 1.405217e-06 9.330343e-03
489 1.031983e-03 2.554622e-01
490 3.378743e-06 6.799049e-03
491 2.022214e-06 8.692547e-03
492 6.236862e-07 5.695563e-03
493 1.145828e-06 6.652547e-03
494 2.496008e-08 6.448756e-03
495 1.132589e-07 4.934480e-03
496 8.177703e-05 2.546878e-02
497 7.423487e-05 4.238396e-02
498 3.966456e-06 7.861330e-03
499 1.070664e-07 7.818917e-03
500 7.784205e-08 5.137432e-03
501 2.137382e-06 8.732507e-03
502 1.278551e-03 2.197849e-01
503 1.292209e-05 9.326280e-03
504 1.497779e-05 9.489882e-03
505 3.489710e-06 7.009745e-03
506 1.446652e-04 2.686684e-02
507 7.431300e-05 2.638977e-02
508 7.289152e-06 1.238572e-02
509 5.110806e-07 8.579620e-03
510 3.262573e-06 1.157536e-02
511 1.474183e-06 6.076693e-03
512 1.835495e-06 8.103052e-03
513 3.939584e-06 7.752947e-03
514 3.275962e-03 6.158245e-01
515 4.038459e-07 6.920044e-03
516 3.976021e-07 6.827096e-03
517 4.696675e-06 1.357177e-02
518 4.216338e-07 6.874244e-03
519 9.937206e-06 2.260213e-02
520 5.000704e-06 1.824024e-02
521 3.193803e-05 2.473716e-02
522 2.929004e-05 2.212654e-02
523 1.368725e-05 2.435020e-02
524 1.362988e-06 1.296918e-02
525 2.407235e-06 7.778654e-03
526 9.512672e-06 2.274098e-02
527 1.975647e-06 9.599163e-03
528 2.773521e-07 5.954386e-03
529 5.561801e-06 1.692649e-02
530 3.319327e-07 5.085656e-03
531 1.429122e-06 7.127146e-03
532 5.957832e-06 1.819406e-02
533 1.878320e-06 1.230161e-02
534 9.171176e-07 1.136242e-02
535 3.288478e-06 1.198143e-02
536 3.914430e-05 3.514847e-02
537 6.996812e-06 2.409068e-02
538 1.244442e-06 1.244523e-02
539 2.236634e-05 2.241560e-02
540 8.718941e-06 2.173911e-02
541 8.788653e-06 2.392994e-02
542 4.321058e-04 1.470344e-01
543 3.773392e-06 1.861313e-02
544 2.260923e-06 7.265964e-03
545 7.304369e-06 7.061037e-03
546 7.743282e-06 5.513463e-03
547 4.127087e-09 2.494402e-03
548 5.063031e-08 3.019353e-03
549 2.019568e-08 1.588891e-03
550 1.020806e-06 5.490927e-03
551 5.120381e-07 2.603211e-03
552 1.851273e-05 1.816432e-02
553 4.900653e-05 2.884117e-02
554 9.397582e-06 8.430491e-03
555 1.040035e-05 1.125583e-02
556 7.380307e-07 2.983501e-03
557 5.424615e-07 3.752176e-03
558 2.852780e-05 1.023392e-02
559 5.599473e-08 2.465605e-03
560 9.303514e-07 3.934507e-03
561 1.221577e-06 3.085425e-03
562 7.906346e-07 3.346355e-03
563 7.391220e-07 4.758222e-03
564 3.565128e-07 3.227509e-03
565 5.012231e-06 1.413491e-02
566 7.450626e-06 5.137877e-03
567 1.957586e-04 5.930561e-02
568 4.640028e-05 1.594988e-02
569 4.080050e-04 4.783953e-02
570 1.552547e-05 1.233185e-02
571 8.125587e-06 7.579867e-03
572 9.960870e-05 1.792271e-02
573 1.014425e-05 5.834178e-03
574 7.644860e-05 1.975650e-02
575 7.312236e-06 7.015870e-03
576 2.918221e-05 1.242297e-02
577 7.535288e-06 1.123165e-02
578 2.990147e-06 9.539395e-03
579 2.414489e-03 5.939551e-01
580 1.102034e-04 2.040744e-02
581 7.684997e-06 4.058468e-03
582 2.828938e-04 3.729572e-02
583 1.841106e-05 9.150261e-03
584 3.520484e-05 1.164151e-02
585 2.918619e-04 5.453597e-02
586 9.593188e-06 1.236576e-02
587 5.623776e-06 1.257784e-02
588 6.295997e-06 9.877376e-03
589 8.918078e-07 2.545618e-03
590 9.586966e-04 2.842852e-01
591 5.414441e-04 8.427148e-02
592 2.397771e-06 6.146874e-03
593 5.496680e-06 1.592153e-02
594 1.117884e-04 1.995433e-02
595 2.451300e-07 6.648150e-03
596 3.187240e-03 6.656072e-01
597 1.417337e-09 1.912614e-03
598 3.159845e-08 1.968187e-03
599 2.031111e-08 1.938003e-03
600 8.404600e-08 2.060744e-03
601 1.201921e-07 3.029301e-03
602 2.803329e-08 2.563241e-03
603 4.929613e-08 3.253201e-03
604 1.375568e-09 1.931451e-03
605 7.729487e-08 2.076824e-03
606 1.758782e-09 1.932094e-03
607 1.105617e-09 1.777660e-03
608 5.064994e-09 2.031151e-03
609 4.661167e-06 1.237642e-02
610 6.069147e-07 4.252855e-03
611 1.241349e-03 2.184700e-01
612 3.421065e-06 2.544584e-02
613 1.013410e-05 1.801187e-02
614 5.830442e-06 2.562549e-02
615 6.230115e-07 1.029209e-02
616 4.788735e-09 3.280843e-03
617 5.776644e-06 1.232782e-02
618 2.601461e-08 4.229980e-03
619 1.414413e-07 5.025482e-03
620 3.693272e-08 5.446013e-03
621 9.331459e-05 4.956662e-02
622 1.336165e-07 5.939603e-03
623 2.320262e-08 7.248093e-03
624 1.351717e-07 6.011061e-03
625 2.068647e-07 4.545135e-03
626 2.182379e-03 4.078115e-01
627 5.033571e-07 4.954941e-03
628 1.677209e-06 1.261235e-02
629 1.893921e-04 5.424820e-02
630 8.933177e-05 3.160057e-02
631 6.238731e-05 2.283009e-02
632 4.679222e-05 3.710580e-02
633 2.549310e-07 6.063446e-03
634 2.996589e-06 5.226046e-03
635 8.197503e-07 5.140766e-03
636 1.078575e-06 7.226001e-03
637 6.804490e-06 1.346756e-02
638 3.252227e-07 8.787296e-03
639 4.013285e-06 1.521490e-02
640 6.826927e-07 4.747633e-03
641 2.891931e-07 5.569756e-03
642 8.611564e-07 6.931892e-03
643 1.460042e-05 3.420667e-02
644 3.228107e-06 6.135570e-03
645 2.504308e-06 1.231139e-02
646 2.414334e-06 1.897646e-02
647 1.417139e-06 7.495146e-03
648 1.703567e-05 2.541246e-02
649 7.597842e-07 1.056151e-02
650 5.594178e-07 5.710985e-03
651 4.019313e-07 6.377139e-03
652 1.039535e-06 7.521997e-03
653 2.749935e-04 3.127503e-01
654 5.143386e-05 6.600618e-02
655 6.417376e-08 2.901352e-03
656 7.781774e-05 2.646723e-02
657 1.032381e-03 4.448127e-01
658 7.770892e-05 2.217904e-02
659 2.060387e-06 1.333277e-02
660 1.464607e-05 1.352025e-02
661 3.348236e-05 3.374311e-02
662 5.706111e-04 2.099918e-01
663 4.773387e-06 1.378617e-02
664 6.886244e-06 1.427507e-02
665 1.308329e-05 1.628362e-02
666 4.741595e-05 2.993004e-02
667 2.424873e-05 1.716227e-02
668 7.770706e-07 6.994076e-03
669 2.892821e-05 2.906452e-02
670 1.275782e-04 3.542493e-02
671 5.312485e-05 3.765305e-02
672 6.082146e-07 6.913765e-03
673 1.383368e-04 1.602413e-01
674 3.467843e-06 7.184727e-03
675 4.695603e-04 1.388886e-01
676 2.323773e-06 1.659151e-02
677 4.675719e-05 3.074373e-02
678 8.285239e-07 8.031345e-03
679 4.685322e-04 9.337734e-02
680 9.887257e-08 3.438703e-03
681 1.500529e-05 1.292383e-02
682 4.783554e-03 5.920671e-01
683 7.377854e-06 1.558022e-02
684 1.497439e-03 1.686772e-01
685 1.662557e-06 8.771603e-03
686 5.772699e-04 2.634063e-01
687 1.899219e-05 7.254610e-03
688 1.177672e-06 8.227464e-03
689 1.881416e-06 8.962610e-03
690 1.674544e-05 1.361870e-02
691 1.718292e-06 1.507128e-02
692 1.191614e-06 1.179948e-02
693 7.029132e-06 9.155410e-03
694 6.132709e-06 5.360818e-03
695 1.000846e-05 8.514112e-03
696 6.086105e-04 9.338998e-02
697 3.455889e-05 8.043972e-02
698 8.229497e-04 1.450555e-01
699 1.558592e-06 1.656759e-02
700 8.328976e-05 2.234608e-02
701 3.367767e-06 9.237714e-03
702 1.028413e-05 1.459134e-02
703 2.572174e-06 7.141695e-03
704 9.149798e-05 2.813773e-02
705 5.322174e-05 1.146435e-02
706 3.931947e-05 1.391408e-02
707 2.081133e-05 8.290459e-03
708 7.978734e-04 4.160849e-01
709 1.842854e-05 2.372891e-02
710 8.853877e-04 8.046154e-02
711 3.252687e-04 8.857800e-02
712 5.445147e-05 3.718966e-02
713 1.542392e-04 3.308598e-02
714 4.107547e-05 1.888829e-02
715 6.984467e-07 6.464462e-03
716 2.235335e-05 1.751996e-02
717 1.176036e-05 3.057688e-02
718 2.343360e-05 1.157176e-02
719 1.545918e-05 1.137179e-02
720 2.082180e-05 1.888075e-02
721 3.615012e-04 3.239665e-02
722 1.666149e-04 2.830924e-02
723 6.196362e-04 7.054163e-02
724 1.730979e-06 6.811293e-03
725 3.870796e-06 7.051164e-03
726 1.261138e-05 1.176018e-02
727 9.498341e-04 4.057798e-01
728 3.004022e-06 1.261007e-02
729 6.869822e-06 1.349599e-02
730 1.655967e-05 1.729916e-02
731 9.709358e-06 6.319287e-03
732 2.319993e-05 7.134904e-03
733 1.623168e-05 9.997470e-03
734 1.119233e-05 1.398394e-02
735 5.595148e-05 1.133784e-02
736 8.586550e-06 1.962378e-02
737 1.499113e-03 2.236585e-01
738 1.113813e-04 4.849335e-02
739 2.425048e-05 1.009459e-02
740 5.761441e-05 1.165469e-02
741 3.269165e-05 9.072930e-03
742 3.187433e-04 4.533755e-02
743 1.494735e-04 1.593910e-02
744 2.246093e-04 2.650656e-02
745 1.401819e-04 3.207918e-02
746 1.635433e-05 9.379384e-03
747 3.700271e-05 1.092046e-02
748 9.866812e-07 5.985646e-03
749 8.632574e-06 2.817327e-02
750 1.922824e-04 5.206128e-02
751 5.932318e-07 8.154741e-03
752 2.484167e-06 1.125527e-02
753 9.131910e-04 2.203347e-01
754 2.058010e-05 1.781783e-02
755 1.597348e-04 4.643530e-02
756 7.568367e-07 1.074928e-02
757 1.188848e-04 8.028994e-02
758 6.342122e-07 5.412119e-03
759 1.300965e-04 2.375374e-02
760 8.331175e-04 1.620837e-01
761 6.756433e-04 1.135334e-01
762 2.199781e-06 9.706774e-03
763 5.228826e-06 1.139673e-02
764 5.270644e-06 1.032730e-02
765 4.666332e-04 3.263485e-01
766 9.587417e-04 5.261420e-01
767 9.330842e-04 2.227834e-01
768 5.847143e-04 3.275892e-01
769 1.833466e-06 1.120183e-02
770 5.568797e-07 5.018036e-03
771 5.461955e-07 4.866851e-03
772 5.085667e-07 4.717883e-03
773 3.067711e-04 1.233225e-01
774 2.189881e-06 6.472649e-03
775 3.185588e-06 1.113267e-02
776 9.035019e-07 5.654673e-03
777 6.120704e-07 1.021411e-02
778 2.342952e-04 1.059202e-01
779 3.470467e-07 8.925079e-03
780 1.432373e-06 6.201646e-03
781 7.295819e-08 5.341741e-03
782 1.015029e-07 2.398320e-03
783 1.283711e-07 3.587121e-03
784 5.324888e-06 1.826536e-02
785 1.961383e-05 1.109440e-02
786 4.371770e-06 7.508079e-03
787 1.707722e-06 9.267098e-03
788 2.370720e-07 1.144574e-02
789 2.081079e-07 8.393517e-03
790 1.021757e-04 8.905868e-02
791 1.545678e-06 4.208275e-03
792 9.907108e-08 1.029897e-02
793 2.286414e-05 1.190802e-02
794 2.636211e-04 2.189939e-01
795 2.435785e-05 1.514043e-02
796 3.951601e-07 5.926156e-03
797 1.338757e-05 8.945254e-02
798 4.841776e-07 7.314174e-03
799 1.768918e-04 6.907826e-02
800 1.769409e-05 1.782820e-02
801 3.493274e-06 1.059946e-02
802 3.012258e-04 1.093203e-01
803 2.540004e-03 3.877520e-01
804 1.156408e-06 1.061605e-02
805 7.883304e-05 4.264204e-02
806 2.484677e-04 1.218642e-01
807 2.921175e-05 4.851918e-02
808 4.029947e-07 5.908191e-03
809 1.004960e-06 2.368723e-02
810 2.631234e-08 2.324484e-03
811 1.690533e-05 1.556499e-02
812 2.356905e-07 4.259596e-03
813 7.348240e-05 3.519154e-02
814 4.966948e-06 1.344694e-02
815 7.947535e-06 1.579492e-02
816 8.833329e-04 2.326715e-01
817 6.203824e-05 9.319839e-02
818 5.048050e-07 9.967404e-03
819 6.550292e-06 1.259660e-02
820 9.620797e-06 3.683528e-02
821 2.659025e-05 4.020950e-02
822 2.174255e-05 3.306536e-02
823 5.034845e-05 1.147679e-01
824 2.365989e-03 5.239264e-01
825 2.019289e-03 4.678115e-01
826 4.219217e-04 3.276341e-01
827 3.970580e-04 1.016338e-01
828 3.255875e-03 6.190044e-01
829 2.777851e-03 4.746037e-01
830 2.374786e-05 1.009105e-02
831 3.966763e-07 4.676381e-03
832 7.921020e-07 5.104015e-03
833 3.647589e-06 1.073711e-02
834 3.621419e-06 6.180794e-03
835 1.227403e-06 6.620443e-03
836 9.457213e-07 4.718759e-03
837 3.149361e-06 9.090286e-03
838 6.270208e-06 6.673528e-03
839 5.369602e-07 4.955823e-03
840 3.696540e-05 1.719895e-02
841 1.758892e-06 7.065820e-03
842 1.610015e-06 8.466457e-03
843 1.059912e-06 9.744796e-03
844 4.613521e-06 1.937258e-02
845 8.393002e-05 3.207049e-02
846 8.445299e-05 5.586460e-02
847 4.301895e-06 7.703301e-03
848 4.082199e-06 1.333804e-02
849 5.325077e-05 4.409276e-02
850 7.505576e-07 6.074324e-03
851 1.611967e-05 6.408818e-02
852 8.929753e-08 6.347833e-03
853 1.192893e-05 1.382148e-02
854 2.860560e-07 5.809657e-03
855 7.850465e-06 1.588499e-02
856 1.923507e-08 1.481824e-03
857 4.661390e-08 1.300375e-03
858 1.511978e-07 2.045949e-03
859 2.345186e-08 1.498515e-03
860 1.054728e-03 1.013544e-01
861 1.547289e-06 6.815622e-03
862 1.412663e-07 1.583690e-03
863 1.232405e-07 1.536810e-03
864 1.425642e-08 1.393135e-03
865 2.819373e-07 1.568477e-03
866 3.058319e-07 2.060703e-03
867 6.854440e-07 1.699595e-03
868 1.338216e-08 1.362639e-03
869 5.664275e-08 1.625964e-03
870 5.692380e-08 1.530604e-03
871 7.736385e-09 1.393714e-03
872 5.726459e-08 1.877723e-03
873 4.678069e-08 1.415132e-03
874 6.914279e-08 1.401110e-03
875 1.018973e-03 7.183036e-02
876 1.304601e-08 1.443701e-03
877 8.406515e-08 1.452848e-03
878 1.530133e-07 1.897376e-03
879 1.281549e-08 1.351660e-03
880 4.560107e-08 1.369673e-03
881 7.890214e-09 1.397728e-03
882 1.331332e-07 1.815693e-03
883 4.251958e-07 1.752784e-03
884 1.141017e-07 1.467488e-03
885 1.446818e-07 1.563684e-03
886 6.012728e-06 6.403225e-03
887 8.009072e-06 7.911276e-03
888 8.550149e-07 1.143571e-02
889 1.948250e-04 5.693053e-02
890 3.589944e-06 1.956608e-02
891 7.368945e-05 8.254759e-02
892 8.285012e-05 1.084868e-01
893 1.412234e-06 5.516063e-03
894 8.821274e-07 3.539285e-03
895 7.399534e-06 7.763259e-03
896 1.032785e-05 1.429413e-02
897 2.359644e-03 4.626607e-01
898 6.237612e-06 1.823485e-02
899 8.105539e-05 7.243987e-02
900 5.437337e-06 7.664568e-03
901 1.069633e-05 5.692638e-03
902 5.206861e-06 8.725368e-03
903 8.100715e-07 6.095124e-03
904 1.209426e-04 1.005703e-01
905 1.784512e-05 1.929238e-02
906 2.641453e-05 4.685895e-02
907 4.273218e-03 5.811852e-01
908 4.542115e-08 2.756391e-03
909 6.771470e-07 3.082761e-03
910 5.309255e-08 1.573230e-03
911 3.250994e-06 5.957292e-03
912 8.860225e-07 4.997346e-03
913 6.491515e-08 1.717104e-03
914 2.180049e-07 4.888155e-03
915 1.191821e-06 3.428114e-03
916 2.343500e-04 8.392443e-02
917 1.394336e-07 2.119938e-03
918 2.545090e-08 1.778709e-03
919 1.484838e-08 1.392320e-03
920 3.120252e-07 2.484578e-03
921 3.052253e-09 1.059620e-03
922 8.993573e-08 1.415137e-03
923 2.874101e-04 4.762553e-02
924 2.947610e-05 1.597962e-02
925 4.231538e-08 1.057759e-03
926 4.979043e-05 1.293848e-02
927 5.976459e-08 1.320869e-03
928 7.561168e-07 3.849526e-03
929 5.575442e-06 9.594464e-03
930 1.711225e-07 3.626671e-03
931 3.697473e-07 3.725122e-03
932 3.474318e-09 1.484240e-03
933 9.257668e-07 1.789091e-03
934 2.866283e-05 1.032394e-02
935 9.495295e-07 1.810636e-03
936 1.833703e-07 1.188428e-03
937 3.853020e-06 2.773226e-03
938 2.515330e-07 1.776065e-03
939 4.027773e-06 3.236138e-03
940 1.852751e-05 5.750260e-03
941 1.067805e-05 5.263507e-03
942 6.987376e-08 1.619050e-03
943 2.177165e-06 2.079417e-03
944 9.120177e-06 4.211594e-03
945 3.076848e-07 2.253896e-03
946 6.224634e-06 5.774560e-03
947 7.527888e-06 3.094526e-02
948 9.626859e-07 6.853191e-03
949 3.278554e-07 1.051758e-02
950 8.649736e-08 7.907113e-03
951 1.583731e-07 1.590382e-02
952 4.397322e-06 1.521159e-02
953 2.512181e-07 8.929531e-03
954 4.828631e-08 3.082178e-03
955 1.274432e-05 3.600156e-02
956 1.305882e-08 3.053103e-03
957 1.004318e-07 8.404469e-03
958 6.798130e-08 6.798119e-03
959 1.332948e-05 4.622963e-02
960 1.006211e-06 1.904080e-02
961 7.124066e-07 9.741557e-03
962 1.282883e-06 1.258714e-02
963 5.577191e-08 3.840052e-03
964 2.011856e-05 3.929685e-02
965 8.007370e-08 5.405968e-03
966 2.893669e-05 1.042914e-01
967 1.578530e-05 5.542070e-02
968 6.690642e-07 4.701592e-03
969 3.656076e-07 8.061062e-03
970 9.893229e-07 1.668757e-02
971 3.078583e-07 3.075215e-03
972 1.354848e-06 7.348423e-03
973 3.129485e-07 9.404271e-03
974 4.477887e-08 3.275406e-03
975 1.232160e-06 6.779370e-03
976 5.301667e-04 1.144294e-01
977 1.645660e-06 6.415945e-03
978 3.884359e-05 9.480362e-03
979 1.721301e-07 2.771969e-03
980 3.963060e-08 1.223843e-03
981 5.097611e-07 4.043287e-03
982 2.290849e-06 7.490034e-03
983 1.068801e-06 3.548793e-03
984 4.092590e-06 8.162392e-03
985 2.187954e-06 3.655757e-03
986 1.010755e-06 3.509874e-03
987 8.659226e-08 1.258761e-03
988 3.576811e-07 2.432848e-03
989 1.051324e-05 6.453233e-03
990 1.470853e-06 3.578505e-03
991 3.196770e-06 6.150406e-03
992 2.129208e-07 2.243943e-03
993 2.542358e-07 2.394111e-03
994 8.696716e-08 2.132841e-03
995 8.189342e-07 2.940118e-03
996 2.845105e-07 3.032926e-03
997 4.591562e-05 3.885222e-02
998 1.195629e-05 4.669444e-03
999 4.522185e-06 3.819593e-03
1000 6.283045e-07 1.791437e-03
1001 1.097858e-07 1.562263e-03
1002 4.971532e-06 4.718789e-03
1003 1.290067e-07 1.767400e-03
1004 2.662979e-06 4.404351e-03
1005 2.893736e-07 2.883321e-03
1006 3.766722e-06 9.629642e-03
1007 1.209930e-07 2.911937e-03
1008 1.041350e-05 4.962063e-03
1009 5.061011e-08 4.050491e-03
1010 1.420816e-07 2.838456e-03
1011 1.060481e-07 3.667755e-03
1012 6.727603e-07 3.517567e-03
1013 5.656003e-08 2.060569e-03
1014 2.715689e-07 3.398017e-03
1015 1.951578e-08 2.129227e-03
1016 2.895352e-06 2.288404e-03
1017 2.818138e-07 1.679494e-03
1018 6.307071e-07 2.792213e-03
1019 6.996363e-08 4.385305e-03
1020 4.310975e-08 1.742323e-03
1021 1.655625e-05 4.957887e-03
1022 1.722279e-07 1.157919e-03
1023 1.755551e-06 1.864647e-03
1024 3.413393e-08 1.392188e-03
1025 5.047600e-07 2.246773e-03
1026 1.797213e-03 6.981142e-01
1027 1.933156e-04 8.510916e-02
1028 5.292779e-05 6.617670e-02
1029 4.544648e-04 7.297568e-02
1030 4.089900e-04 2.615455e-01
1031 9.896123e-04 3.702986e-01
1032 4.643282e-06 7.640529e-03
1033 2.744949e-05 1.706799e-02
1034 1.250319e-03 1.736782e-01
1035 5.301473e-06 4.242912e-03
1036 1.082918e-05 9.303512e-03
1037 8.766637e-05 2.363707e-02
1038 1.899072e-06 2.961523e-03
1039 3.734013e-05 1.414839e-02
1040 3.914454e-06 8.983135e-03
1041 2.202695e-06 2.527643e-02
1042 1.756168e-06 1.074772e-02
1043 2.936518e-05 1.484868e-02
1044 3.132813e-07 1.704119e-02
1045 1.645048e-06 7.464203e-03
1046 4.057330e-04 4.077659e-02
1047 5.389630e-04 1.133053e-01
1048 8.475254e-05 4.238108e-02
1049 3.332429e-06 8.655206e-03
1050 8.981152e-04 2.517186e-01
1051 7.394134e-04 1.518343e-01
1052 9.146145e-09 1.226573e-03
1053 2.040342e-08 1.820142e-03
1054 2.522899e-04 3.247392e-02
1055 3.170621e-09 1.555930e-03
1056 2.507513e-08 4.671781e-03
1057 1.527208e-08 2.137147e-03
1058 7.469024e-08 2.019903e-03
1059 9.422273e-10 1.031669e-03
1060 3.000731e-10 9.550605e-04
1061 4.106682e-07 2.871681e-03
1062 2.368659e-08 1.811881e-03
1063 2.052521e-07 3.796415e-03
1064 3.106814e-04 8.916175e-02
1065 4.891093e-06 1.548947e-02
1066 1.310792e-09 1.577763e-03
1067 3.088109e-10 1.439709e-03
1068 2.558412e-10 1.465195e-03
1069 1.180364e-09 1.613988e-03
1070 3.398957e-07 1.406221e-02
1071 5.752710e-07 5.243917e-03
1072 4.747976e-07 3.234532e-03
1073 2.324012e-06 1.894450e-02
1074 1.068869e-08 1.054547e-03
1075 6.475172e-06 2.558319e-02
1076 1.721171e-06 5.593493e-03
1077 1.721049e-05 1.457678e-02
1078 6.621687e-09 1.632222e-03
1079 1.275104e-07 5.798247e-03
1080 1.892715e-08 1.573829e-03
1081 7.657839e-10 1.460142e-03
1082 2.989691e-09 1.485425e-03
1083 3.063429e-08 1.826318e-03
1084 1.070819e-09 1.228368e-03
1085 8.384348e-08 4.310925e-03
1086 2.446515e-09 1.239798e-03
1087 3.520540e-09 1.369403e-03
1088 1.068389e-09 4.681124e-03
1089 2.450848e-09 1.234301e-03
1090 4.085659e-10 1.195563e-03
1091 1.629499e-09 1.228879e-03
1092 8.943669e-04 5.090000e-01
1093 7.706026e-07 1.875221e-02
1094 4.417639e-07 1.383083e-02
1095 3.153410e-08 1.691771e-03
1096 6.148466e-09 1.481358e-03
1097 7.580954e-08 4.824295e-03
1098 3.375718e-06 7.643828e-03
1099 2.846609e-07 3.250283e-03
1100 1.245081e-07 2.802742e-03
1101 5.046025e-06 4.726642e-03
1102 1.012398e-07 3.177873e-03
1103 5.487227e-08 2.748110e-03
1104 1.892692e-04 6.461367e-02
1105 2.310592e-08 1.529276e-03
1106 1.533688e-08 2.235272e-03
1107 2.262132e-08 3.128034e-03
1108 5.715120e-08 1.734958e-03
1109 1.886715e-08 2.022053e-03
1110 2.730467e-07 4.719802e-03
1111 1.797900e-08 3.954908e-03
1112 1.434728e-05 3.859502e-02
1113 4.719564e-06 1.705562e-02
1114 1.149219e-07 2.053230e-03
1115 6.943631e-05 3.089648e-02
1116 3.134816e-09 1.478941e-03
1117 3.405077e-08 1.609271e-03
1118 9.382617e-07 6.604494e-03
1119 1.731110e-05 2.285719e-02
1120 8.703382e-07 4.005934e-03
1121 2.050617e-06 6.745951e-03
1122 8.083186e-07 4.025707e-03
1123 2.927388e-07 2.459243e-03
1124 9.089850e-07 3.735858e-03
1125 1.948678e-06 4.443585e-03
1126 9.630256e-07 4.981490e-03
1127 4.008722e-07 3.850011e-03
1128 9.611788e-07 4.497003e-03
1129 1.196407e-06 3.215663e-03
1130 2.041559e-06 4.733880e-03
1131 7.336529e-05 4.402051e-02
1132 4.483126e-04 1.761175e-01
1133 8.794524e-06 4.295896e-02
1134 9.276511e-07 9.088044e-03
1135 2.035736e-06 2.291756e-03
1136 2.385420e-06 4.571779e-03
1137 9.133120e-07 5.358664e-03
1138 3.549744e-05 1.067206e-02
1139 9.738666e-07 5.211918e-03
1140 4.406426e-04 2.018578e-01
1141 4.600860e-05 2.947587e-02
1142 1.284728e-05 8.515547e-03
1143 1.091561e-06 6.676667e-03
1144 1.281830e-05 3.653742e-02
1145 7.722177e-07 9.158983e-03
1146 1.710481e-04 6.556093e-02
1147 3.002488e-05 4.180866e-02
1148 5.530951e-05 1.636437e-02
1149 1.027349e-05 1.050510e-02
1150 3.354113e-05 9.915014e-03
1151 6.764530e-05 1.353879e-02
1152 3.624363e-06 5.855774e-03
1153 2.054227e-06 4.659404e-03
1154 1.782490e-05 7.813773e-03
1155 1.309511e-04 1.691141e-02
1156 5.947861e-05 3.401956e-02
1157 1.259769e-04 5.115876e-02
1158 5.032593e-06 1.462948e-02
1159 5.243429e-04 1.450855e-01
1160 1.345509e-05 1.036915e-02
1161 6.165672e-06 7.093678e-03
1162 6.021776e-05 4.233314e-02
1163 5.154621e-04 1.964952e-01
1164 5.142605e-05 2.085141e-02
1165 6.550396e-05 1.298314e-02
1166 7.964149e-05 4.108210e-02
1167 3.435303e-05 3.271600e-02
1168 8.129597e-05 2.024924e-02
1169 7.663550e-05 3.826715e-02
1170 5.490122e-05 3.159256e-02
1171 3.610545e-06 8.217637e-03
1172 3.034550e-05 2.399483e-02
1173 6.102038e-04 2.079078e-01
1174 1.201702e-03 1.412415e-01
1175 5.175657e-05 3.639009e-02
1176 3.967586e-03 1.559039e+00
1177 2.161802e-07 3.091378e-03
1178 7.535904e-05 2.440606e-02
1179 1.381142e-05 2.291647e-02
1180 8.081345e-04 6.062451e-02
1181 4.278948e-05 2.020382e-02
1182 1.996838e-04 4.265200e-02
1183 6.252447e-05 2.497674e-02
1184 5.863484e-04 8.347892e-02
1185 6.005422e-04 1.474083e-01
1186 1.097202e-04 2.216046e-02
1187 6.522218e-06 9.088409e-03
1188 2.250457e-06 1.013440e-02
1189 1.628207e-04 3.207101e-02
1190 2.537070e-03 1.784987e-01
1191 1.386617e-04 2.947963e-02
1192 3.592660e-04 8.338894e-02
1193 1.209597e-04 3.444644e-02
1194 5.950207e-04 1.726314e-01
1195 1.048627e-04 5.622283e-02
1196 9.064671e-04 1.232112e-01
1197 5.607065e-04 3.907103e-02
1198 3.441584e-05 2.715396e-02
1199 3.148770e-04 4.872582e-02
1200 5.952673e-04 1.570294e-01
1201 9.825312e-06 2.697758e-02
1202 1.896755e-05 1.552064e-02
1203 2.116346e-05 3.936901e-02
1204 2.636367e-04 6.769942e-02
1205 4.045066e-07 4.849617e-03
1206 1.784708e-05 1.679197e-02
1207 2.877403e-07 3.627972e-03
1208 3.952516e-04 8.667719e-02
1209 2.343617e-06 8.790122e-03
1210 1.964555e-07 8.334890e-03
1211 9.792508e-07 3.571457e-03
1212 6.571968e-06 4.952571e-03
1213 1.234481e-06 7.402423e-03
1214 4.117388e-06 8.729634e-03
1215 1.119131e-05 3.443718e-02
1216 3.559666e-08 4.241303e-03
1217 9.497348e-04 2.383243e-01
1218 3.027214e-06 6.505553e-03
1219 7.494693e-08 1.276997e-03
1220 1.291847e-07 3.389529e-03
1221 9.177590e-06 7.722900e-03
1222 9.860498e-04 1.886397e-01
1223 1.338427e-07 2.045035e-03
1224 7.206556e-07 2.138971e-03
1225 1.348533e-04 5.239503e-02
1226 2.205390e-08 2.308856e-03
1227 3.963730e-04 3.339995e-01
1228 2.151899e-05 9.571063e-03
1229 5.441074e-09 1.268146e-03
1230 4.734555e-07 2.556069e-03
1231 4.913179e-07 1.753364e-03
1232 1.452681e-08 2.019822e-03
1233 5.491396e-08 2.239151e-03
1234 2.648252e-06 3.913554e-03
1235 9.498900e-08 2.542304e-03
1236 3.666801e-07 2.870886e-03
1237 1.966207e-06 3.227522e-03
1238 2.199458e-06 3.859422e-03
1239 6.429768e-08 2.310929e-03
1240 9.909256e-04 7.368974e-01
1241 8.312265e-06 4.939585e-03
1242 2.768746e-06 3.244809e-03
1243 1.643821e-06 4.053333e-03
1244 1.244917e-06 3.787402e-03
1245 8.228274e-07 2.766592e-03
1246 1.387058e-06 2.690149e-03
1247 4.930214e-05 1.559606e-02
1248 4.514198e-05 4.387075e-02
1249 3.188949e-06 1.079542e-02
1250 4.377181e-05 1.883918e-02
1251 2.089955e-05 1.824753e-02
1252 3.374993e-06 1.680499e-02
1253 2.079040e-06 1.500128e-02
1254 6.883654e-07 8.175912e-03
1255 1.215787e-03 3.173934e-01
1256 1.206563e-05 7.928049e-03
1257 2.760418e-03 8.706737e-01
1258 5.380966e-05 7.164564e-02
1259 8.936883e-04 2.091002e-01
1260 6.910915e-05 2.300914e-02
1261 2.972094e-08 1.845658e-03
1262 1.130372e-03 1.354057e-01
1263 1.900805e-06 5.328970e-03
1264 6.173322e-04 5.216744e-02
1265 2.108666e-06 3.054848e-03
1266 1.471500e-06 6.878232e-03
1267 5.192298e-08 1.940265e-03
1268 9.938699e-06 6.012914e-03
1269 1.046745e-04 6.011392e-02
1270 7.652239e-04 5.827437e-02
1271 1.093171e-05 1.074310e-02
1272 1.085627e-06 3.243233e-03
1273 3.887003e-06 6.343519e-03
1274 6.348271e-06 2.077811e-02
1275 2.282725e-04 6.940614e-02
1276 1.044960e-04 9.712395e-02
1277 1.186619e-04 1.192434e-01
1278 8.144093e-04 1.451222e-01
1279 6.325872e-06 5.354639e-03
1280 8.663990e-07 7.362271e-03
1281 2.825684e-07 8.523444e-03
1282 7.525071e-07 1.533736e-02
1283 1.020300e-05 1.263170e-02
1284 6.649343e-04 2.247520e-01
1285 5.013288e-05 3.007865e-02
1286 4.432369e-04 1.023161e-01
1287 1.039716e-06 7.157176e-03
1288 8.179772e-05 1.186465e-01
1289 3.852148e-04 1.336409e-01
1290 7.521251e-08 1.822882e-03
1291 1.818545e-04 7.243898e-02
1292 1.820574e-05 1.539633e-02
1293 1.059360e-04 2.036951e-01
1294 1.451432e-06 2.377149e-03
1295 2.724918e-05 1.692601e-02
1296 1.800479e-05 1.713554e-02
1297 2.269667e-03 3.151284e-01
1298 2.015568e-04 1.796617e-01
1299 2.066296e-05 1.935374e-02
1300 1.821345e-03 3.409151e-01
1301 6.821891e-06 4.028552e-03
1302 9.016848e-07 3.660448e-03
1303 6.071468e-05 2.293129e-02
1304 1.578822e-04 3.808038e-02
1305 3.660195e-04 5.232939e-02
1306 1.606515e-04 2.058574e-02
1307 1.634838e-03 8.286311e-02
1308 4.671666e-06 9.928563e-03
1309 1.771726e-03 1.787258e-01
1310 3.564527e-04 3.009456e-01
1311 6.040318e-04 1.355434e-01
1312 1.527619e-03 6.631378e-01
1313 3.161135e-06 4.784154e-03
1314 2.131935e-04 3.728050e-02
1315 5.625694e-07 5.996281e-03
1316 4.416935e-08 4.990260e-03
1317 6.867212e-08 3.430594e-03
1318 2.219028e-07 1.994281e-03
1319 1.161383e-07 2.517933e-03
1320 1.272051e-06 4.432840e-03
1321 4.477266e-07 4.107531e-03
1322 1.077436e-08 1.539912e-03
1323 4.317344e-06 1.477752e-02
1324 5.895894e-06 3.024309e-03
1325 4.559541e-07 6.723488e-03
1326 1.993352e-06 8.076996e-03
1327 6.544157e-06 9.956620e-03
1328 1.228237e-05 6.721152e-03
1329 5.706163e-10 2.764849e-03
1330 3.397597e-06 9.569392e-03
1331 3.051348e-04 1.500481e-01
1332 5.529801e-04 2.063693e-01
1333 1.406216e-05 3.219890e-02
1334 2.871763e-07 2.097849e-02
1335 6.114084e-05 1.838825e-02
1336 1.254375e-05 9.615358e-03
1337 1.047578e-05 4.392719e-03
1338 1.220971e-04 2.358703e-02
1339 4.010685e-06 2.837669e-02
1340 1.108518e-06 1.004141e-02
1341 1.336830e-05 7.652623e-03
1342 1.210836e-07 1.652191e-03
1343 2.400438e-03 3.650427e-01
1344 5.395407e-07 5.145452e-03
1345 7.644057e-04 2.257173e-01
1346 2.060442e-04 4.222738e-02
1347 2.286105e-04 7.681500e-02
1348 8.068371e-05 2.166583e-02
1349 7.535242e-06 1.308867e-02
1350 4.985449e-03 4.658979e-01
1351 9.898293e-04 2.487922e-01
1352 1.232932e-03 2.514576e-01
1353 3.382389e-08 3.319540e-03
1354 5.572946e-07 3.101298e-03
1355 1.491941e-05 3.624081e-02
1356 8.241140e-07 4.499158e-03
1357 6.633527e-07 5.384642e-03
1358 1.312117e-03 2.816981e-01
1359 2.914140e-06 2.546348e-02
1360 1.713080e-05 4.201787e-03
1361 4.075054e-05 1.248234e-02
1362 6.575680e-06 3.358374e-03
1363 2.866532e-08 1.348247e-03
1364 1.094190e-07 1.285493e-03
1365 8.529892e-08 1.905030e-03
1366 7.284693e-07 7.084266e-03
1367 5.857983e-05 3.470025e-02
1368 1.895910e-06 3.290349e-03
1369 1.466864e-07 2.308835e-03
1370 1.840157e-07 1.151814e-03
1371 7.420124e-06 2.250980e-03
1372 3.426297e-07 1.223379e-03
1373 3.776166e-07 2.032171e-03
1374 1.106657e-05 8.332995e-03
1375 8.996781e-04 1.327431e-01
1376 3.058262e-04 2.042226e-02
1377 2.326006e-04 4.600644e-02
1378 5.047466e-06 1.140570e-02
1379 4.211126e-04 7.795674e-02
1380 3.412466e-04 4.332201e-02
1381 7.505655e-07 2.246861e-02
1382 1.356348e-07 2.253148e-03
1383 1.392736e-05 6.724547e-03
1384 1.478192e-03 3.187274e-01
1385 1.032017e-04 3.372207e-02
1386 4.102527e-04 1.282199e-01
1387 2.442440e-03 3.974509e-01
1388 1.804845e-03 3.565393e-01
1389 9.817257e-06 7.389572e-03
1390 6.407191e-04 1.201244e-01
1391 2.734512e-05 1.631475e-02
1392 1.665660e-06 1.597196e-02
1393 2.044253e-06 2.944676e-03
1394 5.969264e-06 1.074284e-02
1395 5.556518e-05 4.093452e-02
1396 2.126355e-06 5.033635e-03
1397 2.599274e-06 4.395474e-03
1398 2.154809e-03 3.288971e-01
1399 2.884760e-05 1.689020e-02
1400 5.118950e-06 8.358887e-03
1401 1.538680e-04 4.875548e-02
1402 1.216956e-06 3.989706e-03
1403 9.034543e-06 3.181316e-03
1404 5.523764e-05 3.590125e-02
1405 3.270233e-07 2.177984e-03
1406 7.393756e-05 1.318106e-02
1407 8.126203e-07 2.653251e-03
1408 2.770978e-08 2.396001e-03
1409 1.239821e-04 2.704855e-02
1410 2.792763e-04 1.068275e-01
1411 4.923373e-05 1.562574e-01
1412 6.127876e-04 1.712310e-01
1413 5.116168e-07 2.422650e-03
1414 1.358955e-03 4.866412e-01
1415 1.855302e-07 3.216929e-03
1416 5.246047e-06 4.226000e-03
1417 2.911109e-05 3.512852e-03
1418 1.001332e-06 3.711598e-03
1419 4.474764e-04 6.496080e-02
1420 2.186423e-03 2.547971e-01
1421 2.985458e-04 1.210872e-01
1422 4.089550e-04 5.229661e-02
1423 5.516393e-04 2.855651e-01
1424 1.350889e-06 9.853930e-03
1425 1.370589e-03 6.696069e-01
1426 1.871680e-03 3.687718e-01
1427 3.065330e-05 4.087516e-02
1428 4.692585e-05 1.012924e-02
1429 2.120123e-05 1.022897e-02
1430 1.073461e-05 4.258230e-02
1431 6.790323e-05 3.852726e-02
1432 2.314860e-04 4.426471e-02
1433 3.169405e-07 7.786443e-03
1434 6.861098e-07 3.255718e-02
1435 2.905493e-04 4.971879e-02
1436 1.661459e-03 2.767875e-01
1437 1.463004e-06 4.691098e-03
1438 2.494585e-05 7.672450e-03
1439 3.283005e-03 7.483559e-01
1440 6.452106e-05 3.944168e-02
1441 8.432783e-04 3.406016e-01
1442 3.194365e-08 2.165274e-03
1443 4.130184e-05 5.474076e-02
1444 1.295760e-05 3.559301e-02
1445 2.827166e-05 4.495951e-02
1446 2.071662e-06 6.320750e-03
1447 1.433899e-04 1.414440e-02
1448 2.118207e-06 9.774458e-03
1449 1.511829e-04 9.217687e-02
1450 2.119609e-04 1.124410e-01
1451 1.040816e-07 1.805188e-03
1452 2.520333e-06 1.399681e-02
1453 4.006434e-07 1.953204e-03
1454 5.384654e-07 1.284639e-02
1455 1.904521e-08 4.417819e-03
1456 8.093662e-06 8.174276e-03
1457 1.913752e-07 5.405406e-03
1458 4.010219e-08 2.872362e-03
1459 5.634325e-06 6.907184e-03
1460 3.901574e-08 4.500338e-03
1461 1.974008e-07 7.667323e-03
1462 1.126200e-06 8.513831e-03
1463 1.012890e-04 3.091275e-02
1464 2.452543e-03 5.566921e-01
1465 5.555269e-04 3.325059e-01
1466 2.105066e-03 2.923039e-01
1467 8.456801e-05 2.991157e-02
1468 2.475852e-03 4.787321e-01
1469 2.392255e-03 2.912493e-01
1470 1.015335e-04 2.791427e-02
1471 3.943980e-05 1.444682e-02
1472 7.693097e-04 8.648400e-02
1473 5.558031e-08 2.956725e-03
1474 8.075451e-07 1.251142e-02
1475 1.254159e-07 4.521854e-03
1476 2.048170e-05 5.788079e-03
1477 6.622257e-04 1.736397e-01
1478 3.261337e-05 2.658198e-02
1479 6.203185e-04 7.612864e-02
1480 6.183563e-04 1.223366e-01
1481 3.867624e-06 3.339219e-02
1482 5.168111e-05 6.146914e-02
1483 1.975365e-05 1.017981e-02
1484 9.067550e-06 6.696937e-03
1485 8.229967e-06 6.520122e-03
1486 1.450628e-03 1.563267e-01
1487 2.786418e-05 1.148152e-02
1488 1.197228e-04 2.904700e-02
1489 3.060249e-05 4.793073e-03
1490 1.036553e-05 5.343460e-03
1491 7.860865e-04 1.462274e-01
1492 5.969308e-05 1.866897e-02
1493 2.678343e-06 5.248468e-03
1494 1.083149e-05 1.977272e-02
1495 1.023842e-03 2.536111e-01
1496 1.346024e-05 6.480765e-03
1497 1.346129e-04 9.348817e-02
1498 1.783921e-03 4.406819e-01
1499 1.616587e-04 2.828029e-02
1500 1.931536e-06 1.008765e-02
1501 1.872875e-04 7.351830e-02
1502 5.540569e-04 1.133514e-01
1503 1.037944e-04 2.607082e-02
1504 8.147790e-04 4.872848e-01
1505 5.299162e-05 6.898374e-02
1506 2.318188e-07 1.670437e-03
1507 7.198580e-04 1.305219e-01
1508 2.188237e-03 7.411878e-01
1509 7.947865e-07 4.090646e-03
1510 2.422326e-06 3.676233e-03
1511 5.789757e-04 1.272321e-01
1512 1.104333e-07 1.053188e-03
1513 2.311684e-06 1.720814e-02
1514 1.479487e-07 5.210896e-03
1515 4.877453e-06 9.705570e-03
1516 2.409307e-04 9.433006e-02
1517 3.869955e-05 1.621773e-02
1518 6.364511e-05 8.304369e-02
1519 2.034744e-08 1.806649e-03
1520 1.106253e-04 6.595599e-02
1521 3.316930e-07 2.436676e-03
1522 1.311547e-07 4.712542e-03
1523 7.923962e-06 5.594010e-03
1524 2.068881e-03 2.631650e-01
1525 4.848092e-04 3.804128e-02
1526 1.012875e-05 2.316072e-02
1527 2.758337e-04 3.781884e-02
1528 1.617132e-05 7.179052e-03
1529 3.192156e-05 1.945687e-02
1530 1.547656e-05 6.851426e-03
1531 8.664450e-05 7.983703e-02
1532 7.723029e-05 1.637155e-02
1533 1.205656e-04 1.055870e-01
1534 1.273396e-03 2.832441e-01
1535 9.514873e-04 3.895290e-01
1536 7.588556e-04 2.882951e-01
1537 9.168555e-07 8.343427e-03
1538 8.462458e-04 3.560883e-01
1539 8.780810e-06 2.519236e-02
1540 1.314562e-06 4.658983e-02
1541 5.007096e-04 2.038900e-01
1542 3.213173e-03 7.881970e-01
1543 1.676482e-07 5.572510e-03
1544 4.203233e-06 1.655144e-02
1545 3.874881e-08 3.641207e-03
1546 1.127512e-03 1.070001e-01
1547 3.486039e-05 3.626334e-02
1548 1.091676e-06 3.958171e-02
1549 4.152045e-08 2.623024e-03
1550 1.374210e-04 2.789892e-02
1551 7.189153e-06 1.616998e-02
1552 8.373330e-08 1.269743e-03
1553 1.061299e-07 3.193279e-03
1554 1.494959e-03 2.802076e-01
1555 1.280046e-03 1.908800e-01
1556 5.983255e-05 3.960030e-02
1557 5.810644e-04 2.056412e-01
1558 7.115113e-04 2.775831e-01
1559 1.119197e-03 2.530577e-01
1560 5.233426e-06 4.978069e-03
1561 1.354974e-04 4.244618e-02
1562 9.458423e-06 1.341909e-02
1563 3.315547e-04 3.028518e-02
1564 2.930178e-06 7.958285e-03
1565 1.553406e-04 6.963059e-02
1566 2.318672e-04 2.497570e-02
1567 2.107818e-05 6.945198e-03
1568 1.383717e-04 1.062045e-02
1569 4.211126e-04 2.782507e-02
1570 1.689340e-04 4.303196e-02
1571 9.655969e-05 5.891593e-02
1572 7.627677e-08 1.949135e-03
1573 5.245757e-04 1.213744e-01
1574 1.338402e-06 5.543960e-03
1575 2.074647e-05 2.201395e-02
1576 9.140623e-06 1.481746e-02
1577 2.295279e-04 3.203503e-01
1578 6.302173e-07 6.611862e-03
1579 2.821113e-05 2.130463e-02
1580 4.389573e-08 2.502926e-03
1581 9.286266e-06 4.898568e-03
1582 7.194402e-06 6.199796e-03
1583 2.727550e-04 8.294351e-02
1584 1.382003e-05 7.171084e-03
1585 8.577156e-04 4.178671e-01
1586 1.034522e-03 3.876158e-01
1587 2.567056e-04 1.294568e-01
1588 1.645192e-03 1.178417e-01
1589 5.548759e-04 1.922563e-01
1590 2.264703e-03 2.586357e-01
1591 4.087031e-05 5.780299e-02
1592 6.099366e-05 3.194484e-02
1593 4.743951e-04 1.159653e-01
1594 4.877874e-05 4.291866e-02
1595 2.948907e-05 1.721665e-02
1596 1.518209e-05 2.526285e-02
1597 2.451460e-05 2.982071e-02
1598 1.865622e-04 1.107937e-01
1599 4.025114e-06 3.568031e-03
1600 2.291327e-04 1.363704e-01
1601 8.302056e-07 1.438545e-03
1602 1.506119e-03 4.221877e-01
1603 3.520097e-07 2.563701e-03
1604 2.025739e-08 2.524496e-03
1605 8.672595e-04 5.859446e-02
1606 5.320066e-09 2.940521e-03
1607 1.068819e-07 1.975140e-03
1608 8.687991e-07 2.010852e-03
1609 7.752461e-04 4.858334e-02
1610 4.887354e-04 8.624348e-02
1611 1.959009e-09 1.884574e-03
1612 5.532889e-08 2.239710e-03
1613 2.807180e-06 3.255868e-03
1614 1.096691e-06 5.251037e-03
1615 1.091603e-03 1.233582e-01
1616 2.293561e-04 9.024105e-02
1617 5.951418e-04 1.329556e-01
1618 2.313174e-04 4.044982e-02
1619 1.555330e-03 4.643518e-01
1620 3.031676e-06 1.073427e-02
1621 1.023325e-04 1.232427e-01
1622 3.189577e-06 5.678642e-03
1623 4.670120e-05 5.118290e-02
1624 4.468732e-07 5.276752e-03
1625 1.725991e-07 1.694803e-03
1626 6.109039e-07 9.836326e-03
1627 2.318213e-06 6.639736e-03
1628 2.328811e-08 1.989811e-03
1629 2.370225e-04 7.053066e-02
1630 2.021120e-08 1.722199e-03
1631 4.445715e-06 1.186861e-02
1632 1.700197e-06 1.012848e-02
1633 1.176715e-04 4.020227e-02
1634 2.934309e-03 5.287338e-01
1635 1.299638e-03 2.477404e-01
1636 2.966388e-03 1.022180e+00
1637 2.362943e-04 1.265312e-01
1638 4.172238e-04 2.733375e-02
1639 4.558206e-03 6.957604e-01
1640 8.231857e-05 1.225294e-01
1641 1.897744e-04 3.187560e-01
1642 8.740759e-05 4.672433e-02
1643 8.559693e-05 5.043382e-02
1644 1.006561e-04 1.168015e-01
1645 2.323252e-07 1.648388e-03
1646 1.893067e-04 1.733957e-02
1647 4.868636e-04 2.641215e-01
1648 7.802708e-06 6.211916e-03
1649 7.856112e-05 2.791952e-02
1650 1.029052e-03 3.106723e-01
1651 3.312081e-06 2.266398e-03
1652 4.654475e-03 4.185546e-01
1653 1.901001e-03 5.491957e-01
1654 4.882638e-07 2.791581e-03
1655 2.432011e-05 7.308287e-03
1656 1.303634e-07 3.786918e-03
1657 9.556306e-08 1.270505e-03
1658 1.977343e-06 3.388436e-03
1659 5.254692e-06 1.062503e-02
1660 1.945164e-09 2.013343e-03
1661 2.616475e-04 8.469055e-02
1662 4.368019e-07 8.350271e-03
1663 3.803953e-04 4.260868e-02
1664 1.588079e-07 7.012331e-03
1665 2.862076e-04 3.549170e-02
1666 2.993081e-04 8.369286e-02
1667 8.229770e-05 5.780428e-02
1668 5.078445e-06 2.848795e-03
1669 1.439099e-05 5.970667e-03
1670 4.838365e-06 1.105060e-02
1671 9.569775e-07 4.676950e-03
1672 3.612932e-05 3.159021e-02
1673 1.018484e-04 6.095169e-02
1674 7.660878e-06 3.141815e-03
1675 8.624444e-05 1.342323e-02
1676 2.153546e-07 1.478111e-03
1677 5.381175e-05 1.490735e-02
1678 8.114951e-04 2.881604e-01
1679 4.503595e-06 1.378036e-02
1680 1.539580e-05 1.703201e-02
1681 1.042801e-04 6.575195e-02
1682 1.111620e-06 8.271153e-03
1683 6.127564e-07 1.422135e-02
1684 1.640918e-06 6.956292e-03
1685 2.062284e-09 2.228258e-03
1686 1.321991e-04 3.913387e-02
1687 9.341762e-05 1.734820e-02
1688 3.556422e-08 1.176156e-03
1689 1.367194e-05 4.471751e-02
1690 6.702051e-06 1.090546e-02
1691 8.232789e-05 6.202564e-02
1692 4.066563e-03 5.933993e-01
1693 2.078480e-03 4.714149e-01
1694 5.767158e-04 9.127293e-02
1695 4.692673e-06 8.992155e-03
1696 1.571180e-06 3.007861e-03
1697 1.166347e-07 6.223989e-03
1698 4.512829e-04 6.073866e-02
1699 3.147245e-06 1.715386e-02
1700 1.715548e-04 1.342485e-02
1701 3.545542e-06 1.034376e-02
1702 8.072472e-07 6.186922e-03
1703 1.788407e-05 1.466389e-02
1704 1.533713e-06 7.028499e-03
1705 7.898882e-04 3.157118e-01
1706 6.970595e-05 5.079031e-02
1707 2.369367e-06 3.291642e-03
1708 1.594519e-09 2.066032e-03
1709 1.693321e-08 5.399841e-03
1710 5.468888e-09 1.419723e-03
1711 1.037849e-06 1.062125e-02
1712 2.311633e-06 5.526217e-03
1713 2.536291e-07 4.445454e-03
1714 1.889375e-06 6.078948e-03
1715 5.186391e-07 4.482450e-03
1716 2.511143e-07 6.155363e-03
1717 1.157249e-08 2.196205e-03
1718 7.041828e-07 1.823160e-02
1719 5.144192e-10 1.983124e-03
1720 1.051909e-06 4.653239e-03
1721 3.163565e-08 1.541638e-03
1722 1.755016e-05 1.258058e-02
1723 5.256350e-09 1.305670e-03
1724 3.734736e-09 1.415954e-03
1725 1.499671e-07 1.930742e-03
1726 1.643102e-05 3.656569e-02
1727 2.867404e-07 1.035624e-02
1728 5.286889e-08 2.568770e-03
1729 3.765146e-05 1.227374e-02
1730 7.035166e-08 4.517584e-03
1731 4.791364e-07 4.009177e-03
1732 8.720559e-05 6.355123e-02
1733 3.405082e-04 2.309714e-01
1734 7.145909e-04 2.869644e-01
1735 1.325675e-05 7.378172e-02
1736 2.885025e-07 7.902976e-03
1737 3.893586e-06 8.956896e-03
1738 9.969691e-05 2.150810e-01
1739 4.597470e-04 1.800876e-01
1740 4.109205e-06 2.363060e-02
1741 1.012679e-09 1.330431e-03
1742 1.128435e-07 1.696137e-03
1743 1.879307e-07 4.109822e-03
1744 6.320531e-08 2.072807e-03
1745 1.137940e-08 2.242932e-03
1746 4.180325e-07 8.550256e-03
1747 4.683013e-06 2.329640e-02
1748 7.975270e-06 9.415398e-03
1749 1.149444e-06 6.873905e-03
1750 1.084623e-06 8.714979e-03
1751 9.372782e-08 4.092229e-03
1752 1.470660e-07 7.622219e-03
1753 3.054516e-04 9.929214e-02
1754 1.618209e-03 3.841460e-01
1755 9.558711e-04 3.284177e-01
1756 9.279294e-06 1.956240e-02
1757 1.967533e-04 6.832023e-02
1758 2.852327e-03 5.502223e-01
1759 3.380217e-04 1.412490e-01
1760 2.305737e-03 1.955857e-01
1761 1.655085e-03 5.525445e-01
1762 4.358055e-03 5.993198e-01
1763 4.451481e-04 1.905019e-01
1764 2.703598e-05 2.291402e-02
1765 7.412407e-05 4.055991e-02
1766 5.546505e-04 2.359474e-01
1767 4.307257e-04 4.207551e-02
1768 1.077143e-04 3.338481e-02
1769 1.358634e-04 1.404610e-01
1770 4.099768e-04 9.726898e-02
1771 2.594290e-04 1.148032e-01
1772 1.177894e-06 4.420220e-03
1773 5.993967e-03 1.506056e+00
1774 7.999797e-04 2.736679e-01
1775 3.351145e-03 9.267269e-01
1776 2.359081e-03 1.777053e-01
1777 5.317622e-05 5.669177e-02
1778 4.195517e-03 5.596791e-01
1779 2.846409e-04 7.906458e-02
1780 1.849519e-04 6.103336e-02
1781 8.966553e-05 3.183613e-02
1782 1.037021e-04 3.392006e-02
1783 4.472878e-03 4.334456e-01
1784 1.153860e-04 7.112786e-02
1785 1.510595e-04 1.022385e-01
1786 1.005796e-04 1.555154e-02
1787 4.581300e-04 5.286641e-02
1788 5.396509e-04 2.707482e-01
1789 3.194387e-04 1.274956e-01
1790 2.310647e-05 1.815568e-02
1791 1.926300e-04 1.561337e-01
1792 1.837605e-03 1.923592e-01
1793 1.424850e-04 5.798967e-02
1794 5.601915e-05 2.021196e-02
1795 6.219262e-05 3.360993e-02
1796 1.676555e-04 9.610500e-02
1797 1.691837e-04 9.986920e-02
1798 2.474517e-05 4.865980e-02
1799 4.425417e-06 1.578290e-02
1800 4.900454e-04 1.777963e-01
1801 5.573323e-05 4.000613e-02
1802 1.935675e-03 3.626184e-01
1803 8.183129e-04 1.806955e-01
1804 2.259890e-03 1.877842e-01
1805 3.690603e-04 5.954920e-02
1806 1.724239e-04 6.200016e-02
1807 1.155631e-04 2.414386e-02
1808 1.207694e-03 1.719749e-01
1809 6.914021e-06 2.297142e-02
1810 1.218261e-06 9.250946e-03
1811 5.375885e-06 1.291175e-02
1812 6.003855e-05 1.949677e-02
1813 1.754830e-05 9.703595e-03
1814 5.358047e-07 2.085096e-02
1815 8.786757e-05 7.154548e-02
1816 2.477238e-05 2.836635e-02
1817 3.638910e-04 6.643921e-02
1818 9.553542e-06 4.632202e-02
1819 2.798738e-03 3.724321e-01
1820 5.684745e-04 1.288831e-01
1821 1.637402e-04 2.335386e-02
1822 4.742641e-05 1.951905e-02
1823 1.046804e-05 4.808357e-02
1824 1.732757e-04 3.378241e-02
1825 1.119077e-03 2.665425e-01
1826 5.580550e-04 5.750217e-02
1827 9.743430e-06 1.203240e-02
1828 1.514161e-05 1.689498e-02
1829 2.785727e-05 1.596977e-02
1830 8.004941e-03 7.869311e-01
1831 1.890074e-06 9.264797e-03
1832 5.707931e-05 3.709033e-02
1833 2.611459e-07 1.111946e-02
1834 5.868304e-05 1.895656e-02
1835 1.097934e-07 8.515997e-03
1836 7.073648e-06 6.290171e-03
1837 2.286926e-03 8.619482e-02
1838 9.376533e-05 3.121073e-02
1839 3.323542e-05 4.530299e-02
1840 1.617544e-04 7.680984e-02
1841 1.268190e-04 4.162156e-02
1842 1.819882e-05 2.138822e-02
1843 2.521971e-05 1.733556e-02
1844 1.950729e-05 2.050693e-02
1845 1.033093e-04 1.726432e-02
1846 8.180144e-07 7.237653e-03
1847 5.374754e-05 1.319450e-02
1848 5.780960e-06 1.263173e-02
1849 3.930802e-06 1.505890e-02
1850 5.227145e-07 9.877099e-03
1851 1.796783e-06 5.688731e-03
1852 1.479702e-06 4.763559e-03
1853 1.781633e-06 4.402763e-03
1854 4.930436e-04 7.258273e-02
1855 2.246307e-05 2.820143e-02
1856 1.975509e-04 8.921010e-02
1857 8.325242e-04 1.092385e-01
1858 4.061434e-04 6.745118e-02
1859 1.509555e-06 5.465482e-03
1860 4.149007e-04 8.411285e-02
1861 2.533987e-08 7.874495e-03
1862 1.509140e-06 9.544029e-03
1863 6.402932e-06 2.601142e-02
1864 2.907842e-04 1.305051e-01
1865 2.040998e-04 5.810366e-02
1866 3.183089e-05 4.636262e-02
1867 4.619893e-06 1.167837e-02
1868 3.090619e-07 9.829644e-03
1869 6.394264e-07 6.722326e-03
1870 3.381728e-06 1.549695e-02
1871 2.348035e-03 2.352922e-01
1872 6.557044e-04 2.262954e-01
1873 5.938888e-05 1.712915e-02
1874 2.133295e-04 7.706029e-02
1875 4.451991e-04 1.043054e-01
1876 6.514854e-05 7.335200e-03
1877 9.651491e-05 2.536048e-02
1878 1.827522e-05 7.721663e-03
1879 2.410508e-05 3.382393e-02
1880 5.681462e-05 1.755031e-02
1881 1.662444e-04 2.583607e-01
1882 1.218052e-05 6.431117e-02
1883 6.783327e-06 4.409048e-02
1884 6.822870e-05 7.936667e-02
1885 6.685466e-05 3.459062e-02
1886 2.766828e-04 9.534684e-02
1887 3.901197e-06 8.156430e-03
1888 1.670607e-06 1.613496e-02
1889 1.474023e-07 7.979892e-03
1890 4.222901e-08 5.477563e-03
1891 4.189886e-07 5.560284e-03
1892 7.792086e-07 5.949238e-03
1893 6.394042e-08 2.192336e-02
1894 4.727164e-05 5.677579e-02
1895 1.230500e-04 2.495364e-02
1896 2.541825e-07 5.007752e-03
1897 7.300323e-08 3.671345e-03
1898 2.291026e-06 3.763289e-03
1899 8.793637e-06 1.774741e-02
1900 1.946632e-05 2.139247e-02
1901 2.120599e-08 1.743300e-03
1902 1.188861e-03 2.176785e-01
1903 1.069627e-03 3.494192e-01
1904 1.068755e-04 2.642875e-02
1905 7.652227e-04 1.008197e-01
1906 1.644642e-03 5.981602e-01
1907 3.392620e-07 7.393971e-03
1908 7.596095e-07 8.122752e-03
1909 3.284492e-07 5.430032e-03
1910 5.337932e-05 3.254205e-02
1911 2.582217e-07 1.192920e-02
1912 2.841401e-04 6.018512e-02
1913 5.224544e-05 6.811716e-02
1914 5.542252e-04 1.025550e-01
1915 5.348343e-04 6.864741e-01
1916 4.905560e-04 1.850778e-01
1917 1.972492e-04 1.797636e-01
1918 4.215539e-04 1.384791e-01
1919 1.188305e-03 2.409995e-01
1920 4.531747e-05 6.813709e-02
1921 6.693922e-05 3.947760e-02
1922 5.727262e-04 1.693305e-01
1923 2.905814e-04 1.106875e-01
1924 1.315391e-03 2.202882e-01
1925 3.479674e-05 7.213870e-02
1926 5.626546e-06 2.429821e-02
1927 9.886466e-04 8.671710e-02
1928 5.262312e-04 3.004605e-01
1929 8.797267e-05 5.030221e-02
1930 1.113520e-06 5.992426e-03
1931 1.197763e-05 3.861787e-02
1932 2.079248e-07 2.587832e-02
1933 2.500641e-04 3.798640e-02
1934 1.128539e-06 7.563820e-03
1935 7.300226e-05 6.306762e-02
1936 6.231253e-05 2.018908e-02
1937 7.429975e-04 8.063269e-02
1938 1.243228e-03 8.169031e-02
1939 1.959652e-04 6.898226e-02
1940 8.099682e-05 9.375280e-02
1941 1.001201e-06 7.912950e-03
1942 5.612210e-04 1.294917e-01
1943 1.544150e-04 1.190324e-01
1944 1.618891e-05 3.512690e-02
1945 1.883542e-05 1.224017e-02
1946 2.743150e-04 1.299160e-01
1947 2.951126e-05 2.044210e-02
1948 8.519436e-04 7.778221e-02
1949 2.644257e-03 3.825809e-01
1950 6.497541e-04 1.233276e-01
1951 9.224870e-04 2.559524e-01
1952 3.917950e-04 1.342987e-01
1953 3.934002e-05 2.307015e-02
1954 3.530691e-05 1.572176e-02
1955 1.287727e-03 5.466408e-01
1956 1.180340e-03 3.390150e-01
1957 8.584111e-04 5.334604e-01
1958 1.033058e-03 3.758771e-01
1959 1.105878e-07 7.315543e-03
1960 3.597451e-05 1.618179e-02
1961 2.144761e-09 2.938903e-03
1962 8.839259e-07 7.197314e-03
1963 6.412350e-09 2.056695e-03
1964 3.041943e-08 3.509353e-03
1965 9.344869e-05 3.349796e-02
1966 1.339214e-06 1.194193e-02
1967 3.985628e-04 1.789966e-01
1968 5.776244e-05 2.083083e-02
1969 1.546088e-05 1.982525e-02
1970 8.891431e-07 9.478569e-03
1971 3.012485e-05 2.353799e-02
1972 1.185153e-07 7.130857e-03
1973 9.305411e-04 1.649172e-01
1974 2.570775e-05 3.799623e-02
1975 1.644259e-06 1.685510e-02
1976 7.848973e-06 3.144199e-02
1977 5.203656e-04 1.894825e-01
1978 1.477840e-04 5.682874e-02
1979 1.656929e-04 6.434175e-02
1980 2.406594e-04 6.819236e-02
1981 2.018788e-04 3.941270e-02
1982 4.141429e-04 1.235917e-01
1983 1.295873e-03 4.583449e-01
1984 7.531050e-05 8.782382e-02
1985 6.136246e-04 1.952078e-01
1986 2.056072e-04 7.061753e-02
1987 2.291744e-03 7.435824e-01
1988 1.095414e-04 4.818609e-02
1989 1.846982e-05 4.932241e-02
1990 5.538116e-04 1.819978e-01
1991 6.026042e-06 1.402685e-02
1992 6.706617e-04 3.780228e-02
1993 1.257390e-03 1.135818e-01
1994 9.025688e-05 4.886028e-02
1995 1.147599e-04 6.531876e-02
1996 2.224517e-04 4.884346e-02
1997 1.556044e-03 3.967573e-01
1998 3.608657e-04 1.805704e-01
1999 2.958183e-04 3.231154e-01
2000 3.207412e-04 1.705133e-01
