1 1.173242e-03 1.073112e+00
2 7.602439e-07 2.050690e-02
3 4.591517e-06 3.134588e-03
4 1.709667e-08 1.866599e-03
5 4.991644e-08 2.632305e-03
6 1.228277e-03 5.449071e-01
7 2.747653e-06 1.415286e-02
8 8.280217e-08 4.268759e-02
9 4.364137e-10 2.383820e-03
10 6.065740e-05 9.623815e-02
11 5.269282e-09 5.169272e-03
12 1.528889e-10 1.231080e-03
13 1.506479e-05 2.340561e-01
14 1.396373e-08 7.640913e-03
15 1.780718e-08 3.082312e-03
16 1.033774e-05 2.841197e-02
17 2.499795e-08 1.936779e-03
18 8.754288e-04 3.944643e-01
19 1.057258e-06 8.328092e-03
20 6.071837e-12 1.022714e-03
21 2.257157e-03 1.193992e+00
22 6.446540e-07 5.856672e-03
23 1.027726e-04 3.968480e-02
24 1.567378e-03 4.671260e-01
25 4.778390e-04 2.763190e-01
26 1.386289e-06 4.720343e-03
27 1.671812e-05 2.527530e-02
28 3.947792e-08 3.636519e-03
29 1.429446e-03 7.560760e-01
30 1.477424e-03 8.082458e-01
31 2.967854e-04 2.834914e-01
32 8.969363e-05 3.705715e-02
33 3.677831e-08 1.232169e-03
34 4.386004e-09 1.156697e-03
35 2.933735e-08 3.142671e-03
36 1.089274e-03 6.371107e-01
37 9.912857e-05 1.130694e-01
38 8.293144e-08 8.880359e-03
39 1.140919e-09 1.949621e-03
40 1.573408e-07 3.575979e-03
41 1.340993e-05 2.425495e-02
42 1.819627e-08 5.033361e-03
43 5.027285e-04 4.171105e-01
44 2.518755e-04 8.819666e-02
45 1.204649e-04 1.542096e-01
46 1.380522e-05 1.247410e-02
47 9.565039e-05 2.792402e-01
48 4.592967e-05 1.233630e-01
49 7.238854e-06 1.070054e-02
50 1.729907e-03 9.550359e-01
51 4.666108e-07 1.199426e-02
52 4.122259e-06 2.438638e-02
53 1.372839e-05 1.262108e-02
54 5.935246e-08 9.964181e-03
55 3.870896e-07 5.146707e-03
56 6.059901e-06 9.411200e-03
57 3.619215e-08 1.460217e-02
58 2.094104e-04 2.528093e-01
59 5.210498e-04 9.913898e-02
60 1.091627e-10 1.410653e-03
61 4.199485e-03 1.246824e+00
62 2.288279e-05 3.499510e-02
63 1.839277e-08 1.923488e-03
64 3.086527e-09 4.167620e-03
65 7.158674e-05 4.672770e-02
66 4.082958e-07 4.628937e-03
67 1.051868e-07 7.370501e-03
68 3.619201e-06 8.541148e-03
69 7.274852e-08 1.436722e-03
70 9.095764e-10 1.343148e-03
71 9.397911e-04 3.214333e-01
72 1.994305e-05 2.013637e-02
73 2.846387e-08 4.151347e-03
74 1.813149e-04 1.995456e-01
75 1.785084e-05 1.181309e-02
76 5.124315e-07 2.878280e-03
77 6.333104e-06 3.976649e-02
78 3.108589e-03 5.042629e-01
79 1.375721e-03 3.103168e-01
80 6.800990e-07 2.884336e-03
81 8.521153e-08 1.641373e-03
82 3.050567e-05 7.177558e-03
83 1.231909e-04 3.098465e-02
84 2.303163e-08 1.877374e-03
85 3.899797e-04 1.622846e-01
86 4.486307e-06 7.581425e-03
87 3.116389e-08 2.829215e-03
88 3.714236e-08 1.707592e-03
89 3.339634e-06 2.301978e-02
90 4.037274e-04 2.816173e-01
91 1.524519e-03 4.063953e-01
92 4.571135e-03 1.129931e+00
93 6.816502e-06 1.446223e-02
94 6.524225e-07 4.177267e-03
95 2.321952e-03 1.051549e+00
96 2.654076e-04 3.079174e-02
97 5.171725e-09 3.515195e-02
98 9.816252e-08 3.497905e-03
99 1.136167e-04 2.912381e-02
100 4.156953e-03 1.867630e+00
101 1.426873e-06 5.058678e-03
102 4.557195e-07 1.508898e-02
103 2.047406e-04 4.634482e-01
104 8.025295e-06 4.363438e-02
105 1.079340e-05 6.785422e-02
106 5.582065e-08 8.995770e-03
107 1.840460e-08 2.881085e-03
108 1.926699e-06 1.928813e-02
109 1.100730e-07 5.140387e-03
110 1.665654e-06 1.183236e-02
111 2.822500e-03 7.782682e-01
112 7.577400e-05 1.231945e-01
113 2.568811e-03 9.312719e-01
114 1.461573e-03 5.547959e-01
115 2.385523e-04 1.930239e-01
116 4.922362e-04 3.923136e-01
117 2.234362e-03 2.896261e-01
118 2.265583e-03 7.851026e-01
119 1.130998e-10 4.547739e-03
120 6.458064e-11 3.640478e-03
121 1.357779e-07 1.150198e-02
122 7.073140e-09 1.886551e-03
123 2.166520e-07 6.053156e-03
124 2.225913e-06 1.399263e-02
125 2.346862e-10 3.999720e-03
126 3.606712e-07 6.168503e-03
127 2.341885e-08 9.668464e-03
128 5.512306e-07 7.904697e-03
129 1.130599e-08 4.474227e-03
130 7.194376e-09 3.978411e-03
131 1.679118e-08 5.910948e-03
132 3.142493e-08 4.687426e-03
133 1.673798e-08 7.681264e-03
134 2.659386e-05 2.393005e-02
135 7.099438e-09 4.541745e-03
136 4.902058e-08 4.112077e-03
137 1.963445e-06 1.297981e-02
138 6.026056e-09 9.367442e-03
139 4.778728e-08 8.740944e-03
140 6.209172e-09 5.189994e-03
141 7.210303e-10 3.030566e-03
142 2.129753e-08 3.132989e-03
143 7.672147e-08 6.951740e-03
144 2.624328e-09 8.570724e-03
145 4.632232e-10 4.700490e-03
146 7.384524e-09 6.133171e-03
147 7.320628e-09 6.329794e-03
148 1.461981e-09 7.990639e-03
149 4.175867e-08 4.304422e-03
150 6.271553e-10 3.988108e-03
151 1.058654e-07 1.011034e-02
152 1.781637e-07 5.978236e-03
153 3.883843e-08 2.990096e-03
154 5.424503e-09 3.767112e-03
155 1.296156e-09 3.024359e-03
156 4.920679e-08 3.883097e-03
157 2.006955e-08 4.041994e-03
158 2.965946e-07 4.808807e-03
159 1.235850e-07 5.927968e-03
160 2.174675e-08 5.189128e-03
161 1.303838e-08 3.135125e-03
162 7.546690e-10 3.003923e-03
163 1.776423e-09 3.081654e-03
164 1.403640e-10 1.642617e-03
165 3.339323e-10 1.682318e-03
166 2.955386e-11 1.657502e-03
167 1.692325e-09 2.937950e-03
168 2.177073e-08 3.318274e-03
169 4.550940e-07 6.167136e-03
170 5.378975e-11 1.639732e-03
171 1.136473e-08 3.423086e-03
172 2.496981e-09 3.219790e-03
173 4.065608e-10 1.619448e-03
174 6.833731e-10 3.088046e-03
175 4.687347e-09 3.095341e-03
176 3.573422e-09 2.999381e-03
177 3.059251e-10 1.656925e-03
178 5.377351e-08 2.306320e-03
179 1.854208e-10 1.614979e-03
180 2.256819e-09 3.096205e-03
181 2.241386e-10 2.125493e-03
182 1.005419e-09 3.398085e-03
183 8.159351e-11 1.196614e-03
184 1.519770e-11 1.614903e-03
185 5.382632e-10 1.233346e-03
186 1.211059e-09 2.180161e-03
187 4.148250e-11 1.906958e-03
188 2.204221e-11 1.592575e-03
189 3.963510e-11 1.134015e-03
190 1.612529e-10 1.208937e-03
191 1.501142e-05 2.304688e-02
192 2.038456e-06 4.429972e-03
193 2.033593e-04 7.120071e-02
194 1.296912e-04 6.618958e-02
195 7.876558e-07 7.195971e-03
196 1.344254e-05 1.915159e-02
197 1.133478e-04 1.000613e-01
198 5.268411e-07 6.683885e-03
199 2.112850e-06 1.497425e-02
200 5.274073e-07 1.089389e-02
201 2.845034e-05 2.345712e-02
202 4.200560e-06 2.422994e-02
203 4.502031e-08 3.533148e-03
204 2.227656e-06 6.885717e-03
205 4.408409e-07 8.677197e-03
206 8.019406e-08 3.909898e-03
207 1.246247e-07 9.681181e-03
208 5.053203e-09 3.468887e-03
209 1.313565e-07 8.248083e-03
210 6.103906e-08 4.839573e-03
211 1.672768e-08 2.423908e-03
212 3.240815e-04 7.276948e-02
213 3.716268e-08 2.476147e-03
214 7.472017e-09 4.267732e-03
215 6.865435e-07 5.273050e-03
216 3.353591e-07 8.281714e-03
217 6.008859e-08 2.126056e-03
218 4.252739e-06 2.724055e-02
219 1.777606e-05 2.182336e-02
220 5.036420e-09 3.566387e-03
221 1.940052e-08 4.003883e-03
222 1.955127e-08 7.095347e-03
223 2.308299e-07 9.822289e-03
224 6.190485e-09 3.045291e-03
225 1.904741e-07 5.521491e-03
226 8.175676e-08 3.697499e-03
227 3.118919e-08 4.292692e-03
228 5.374388e-08 5.067162e-03
229 1.661145e-06 1.553195e-02
230 8.003483e-07 8.182123e-03
231 9.686174e-07 6.937889e-03
232 2.603353e-07 5.134307e-03
233 4.219189e-07 6.224304e-03
234 1.302744e-06 5.190475e-03
235 6.088617e-09 4.505136e-03
236 4.507507e-07 5.179273e-03
237 2.622082e-09 3.369202e-03
238 6.080609e-08 5.752695e-03
239 1.329915e-08 3.550672e-03
240 5.727620e-08 3.167294e-03
241 4.702844e-07 4.166037e-03
242 2.443901e-07 5.086244e-03
243 2.085495e-08 3.177304e-03
244 4.947060e-08 4.716587e-03
245 1.374465e-07 5.004701e-03
246 3.985531e-08 3.847117e-03
247 5.202458e-07 4.987982e-03
248 6.609503e-08 2.681858e-03
249 2.707395e-06 8.328443e-03
250 2.258724e-07 4.231689e-03
251 1.076854e-07 2.928113e-03
252 1.985323e-06 7.224199e-03
253 1.047908e-08 3.336318e-03
254 6.647155e-08 4.832764e-03
255 1.363370e-06 6.683173e-03
256 2.563729e-08 2.746207e-03
257 5.469612e-08 3.453033e-03
258 1.200529e-05 8.218408e-03
259 3.992033e-05 2.037367e-02
260 2.323451e-05 1.731451e-02
261 1.673767e-05 1.672740e-02
262 3.418926e-07 6.711039e-03
263 5.769008e-06 1.003822e-02
264 2.056351e-06 2.100301e-02
265 1.890042e-07 7.278423e-03
266 9.437279e-06 2.158660e-02
267 1.008194e-05 4.702830e-02
268 3.130145e-07 2.089902e-02
269 2.522632e-07 3.196245e-02
270 2.764221e-08 4.408742e-03
271 2.558717e-07 7.479416e-03
272 3.378755e-08 6.859496e-03
273 1.077679e-07 4.487862e-03
274 7.289480e-07 5.788984e-03
275 2.028093e-08 8.642738e-03
276 8.655695e-06 3.856456e-02
277 6.960723e-09 3.485829e-03
278 3.038300e-08 2.708963e-03
279 6.874634e-07 1.665477e-02
280 8.534955e-08 6.135951e-03
281 8.968479e-08 8.688071e-03
282 5.605783e-07 1.284767e-02
283 8.313174e-08 3.430872e-03
284 5.795762e-07 9.500140e-03
285 1.579746e-04 3.758566e-02
286 3.928532e-05 4.445416e-02
287 1.831007e-06 7.530608e-03
288 3.053622e-06 1.532918e-02
289 7.828267e-06 4.898258e-02
290 2.601985e-05 7.156382e-02
291 1.403401e-06 8.501681e-03
292 1.695165e-05 2.149285e-02
293 3.043338e-06 1.914318e-02
294 1.048405e-05 2.946713e-02
295 1.683030e-06 1.886635e-02
296 2.519758e-03 2.302109e-01
297 1.999915e-03 8.617337e-01
298 3.270847e-05 4.509588e-02
299 4.907651e-08 4.607313e-03
300 3.990028e-09 4.600908e-03
301 1.542040e-03 2.639968e-01
302 4.159148e-08 5.130883e-03
303 5.495389e-08 3.116484e-03
304 2.639932e-09 2.281700e-03
305 3.414760e-09 2.666740e-03
306 1.401212e-10 2.689720e-03
307 7.636341e-11 2.646541e-03
308 1.217279e-10 2.581896e-03
309 1.197404e-06 6.331003e-03
310 2.037068e-10 3.223251e-03
311 1.249752e-11 2.653570e-03
312 2.732864e-08 2.250209e-03
313 5.524627e-11 2.542544e-03
314 8.310431e-11 2.549021e-03
315 1.775019e-12 2.676365e-03
316 7.218916e-10 2.822432e-03
317 3.656712e-11 1.929810e-03
318 1.027520e-10 1.947588e-03
319 9.244620e-09 2.286234e-03
320 6.670959e-12 2.507136e-03
321 1.564258e-11 1.426056e-03
322 5.337885e-05 8.239871e-02
323 6.338846e-06 9.973397e-02
324 1.659266e-09 9.486927e-03
325 4.174295e-06 1.497309e-02
326 3.114200e-09 3.487162e-03
327 2.001559e-07 2.384417e-02
328 2.119892e-07 9.799937e-03
329 1.128609e-04 9.862190e-02
330 6.203817e-04 6.393175e-01
331 1.302805e-06 3.422712e-02
332 7.055385e-04 2.414577e-01
333 4.759797e-08 5.090120e-03
334 4.613096e-07 1.449557e-02
335 2.229593e-09 8.353877e-03
336 1.939718e-07 1.556825e-02
337 2.390793e-04 9.601942e-02
338 3.342008e-05 2.396677e-02
339 2.634065e-03 4.544218e-01
340 4.180366e-06 6.830081e-03
341 1.052102e-06 6.740282e-03
342 8.836192e-06 2.022401e-02
343 8.107669e-06 4.405160e-02
344 1.381994e-06 3.987846e-03
345 2.530487e-05 8.567807e-03
346 3.922260e-07 2.551460e-03
347 3.699056e-07 2.973841e-03
348 2.328487e-05 1.124625e-02
349 3.625373e-05 1.168976e-02
350 6.266159e-08 3.255517e-03
351 9.551389e-08 2.856509e-03
352 1.411203e-05 3.218032e-03
353 4.791078e-05 8.425286e-03
354 7.858574e-06 4.639446e-03
355 4.645718e-06 4.861534e-03
356 1.818234e-07 2.363705e-03
357 3.212502e-05 1.232921e-02
358 1.435548e-05 2.556062e-02
359 3.900950e-06 7.297418e-03
360 1.131202e-06 6.224789e-03
361 2.502354e-05 4.542094e-02
362 3.874352e-07 2.460185e-03
363 6.987662e-08 3.363830e-03
364 1.411203e-05 3.218032e-03
365 1.101686e-04 3.168636e-02
366 4.059316e-05 1.124288e-02
367 6.666085e-06 1.095091e-02
368 3.625373e-05 1.168976e-02
369 4.269648e-05 8.929068e-02
370 5.702965e-07 1.402897e-02
371 5.422705e-07 1.971253e-02
372 2.372288e-03 1.054605e+00
373 3.346277e-05 1.773185e-01
374 4.455481e-03 1.046809e+00
375 1.060258e-05 2.535580e-02
376 1.417865e-03 3.057300e-01
377 1.584562e-06 9.387348e-03
378 6.576273e-05 3.565421e-02
379 8.373212e-07 9.043502e-03
380 3.478414e-05 1.414659e-02
381 7.960048e-09 1.912955e-03
382 3.205377e-07 1.012235e-02
383 3.701768e-09 1.824187e-03
384 9.068609e-07 8.115341e-03
385 1.804805e-09 4.590642e-03
386 3.469528e-07 6.531401e-03
387 3.139827e-06 1.582128e-02
388 4.916876e-09 2.770123e-03
389 1.525681e-06 6.346024e-03
390 1.088530e-06 4.914544e-03
391 6.277371e-06 3.283926e-02
392 3.041100e-04 2.475289e-02
393 1.744802e-05 1.622661e-02
394 1.320169e-07 3.015075e-03
395 1.929928e-07 8.352440e-03
396 3.807646e-05 3.911852e-02
397 4.279748e-05 1.812321e-02
398 5.604731e-05 3.969002e-02
399 1.374741e-05 1.120643e-02
400 1.299846e-04 4.281782e-02
401 7.978912e-06 8.973550e-03
402 1.622062e-06 7.065139e-03
403 3.109576e-06 9.330342e-03
404 2.326300e-05 1.714865e-02
405 1.043546e-05 1.158006e-02
406 1.376597e-06 8.909362e-03
407 3.446459e-07 4.569036e-03
408 5.802745e-06 1.041471e-02
409 6.359659e-03 7.258195e-01
410 6.194623e-05 2.225311e-02
411 3.094172e-05 1.902334e-02
412 2.732592e-04 7.645959e-02
413 2.422148e-06 8.223164e-03
414 4.073075e-06 9.859018e-03
415 5.266814e-06 6.076112e-03
416 2.111770e-06 6.792148e-03
417 4.674324e-06 9.927520e-03
418 5.892215e-04 1.381716e-01
419 2.242609e-04 1.727633e-01
420 2.286572e-04 8.098119e-02
421 2.767278e-05 2.206860e-02
422 1.769009e-05 3.165927e-02
423 3.523330e-04 1.128538e-01
424 1.129518e-03 2.812007e-01
425 3.192955e-04 1.344610e-01
426 2.557071e-05 4.769250e-02
427 1.175619e-03 2.787207e-01
428 1.634865e-04 4.302473e-02
429 7.095064e-05 3.358275e-02
430 1.489902e-04 5.162286e-02
431 1.678629e-04 7.681934e-02
432 5.278537e-05 2.889286e-02
433 2.293506e-05 2.426005e-02
434 1.188874e-04 5.100773e-02
435 2.834263e-05 5.191552e-02
436 7.901252e-05 4.460476e-02
437 7.843065e-05 4.335455e-02
438 1.378631e-05 2.868539e-02
439 1.026030e-03 3.811697e-01
440 6.629488e-05 3.262088e-02
441 3.624740e-05 2.225574e-02
442 1.002684e-04 9.210327e-02
443 1.272812e-05 2.567024e-02
444 3.513173e-03 4.960979e-01
445 7.534046e-04 2.229761e-01
446 5.852514e-12 9.154249e-04
447 1.601504e-12 1.224538e-03
448 5.258064e-13 9.088608e-04
449 4.083169e-13 9.125942e-04
450 1.622848e-12 9.935043e-04
451 7.857995e-10 1.782265e-03
452 8.288183e-12 1.227391e-03
453 4.057183e-10 1.122166e-03
454 1.189270e-11 1.245291e-03
455 5.513696e-11 1.251104e-03
456 7.314082e-13 1.031946e-03
457 3.755537e-14 9.244452e-04
458 2.753269e-11 1.233127e-03
459 2.647153e-07 1.453718e-02
460 2.901957e-11 2.593577e-03
461 1.380900e-12 1.054475e-03
462 2.149362e-10 2.965557e-03
463 1.202105e-10 1.127617e-03
464 2.588433e-11 1.328801e-03
465 9.321284e-12 1.151013e-03
466 1.334228e-11 1.381003e-03
467 1.028575e-11 1.082766e-03
468 3.058104e-12 1.091935e-03
469 2.731025e-11 1.325868e-03
470 2.947076e-11 1.754953e-03
471 3.901989e-12 1.218722e-03
472 2.200612e-12 1.118994e-03
473 8.844556e-12 1.318778e-03
474 3.040833e-12 1.048071e-03
475 4.351004e-11 1.316114e-03
476 2.792455e-09 1.412634e-03
477 8.794699e-07 3.231599e-03
478 9.700291e-07 7.844462e-03
479 1.754612e-09 1.574780e-03
480 3.660015e-09 2.067380e-03
481 3.831866e-10 1.859007e-03
482 5.803077e-10 2.108255e-03
483 3.427140e-10 2.060980e-03
484 4.390143e-08 2.120249e-03
485 1.731370e-09 1.759959e-03
486 2.163149e-05 1.423654e-02
487 1.951565e-09 1.487517e-03
488 2.037076e-06 9.432326e-03
489 2.723393e-03 5.530257e-01
490 1.495961e-05 7.272943e-03
491 5.700151e-06 8.958066e-03
492 6.091228e-06 5.900591e-03
493 6.769656e-06 6.854778e-03
494 1.336141e-08 6.450272e-03
495 2.134874e-07 4.945155e-03
496 3.542557e-04 3.755414e-02
497 1.999649e-04 4.860432e-02
498 2.408326e-05 8.440979e-03
499 1.353713e-07 7.825545e-03
500 4.225367e-08 5.141166e-03
501 1.334025e-05 9.191902e-03
502 5.935342e-03 3.636162e-01
503 7.791700e-05 1.130182e-02
504 1.389867e-04 1.251612e-02
505 3.174440e-06 7.255321e-03
506 2.640232e-04 4.087230e-02
507 8.996259e-05 3.069300e-02
508 1.409763e-05 1.304156e-02
509 8.253188e-08 8.605221e-03
510 1.923980e-05 1.223976e-02
511 5.720613e-06 6.281220e-03
512 1.372593e-06 8.235707e-03
513 1.528767e-05 8.299523e-03
514 2.761893e-03 9.985854e-01
515 3.260824e-07 6.975332e-03
516 6.118828e-08 6.855014e-03
517 1.638674e-06 1.388687e-02
518 1.473642e-07 6.906485e-03
519 1.585756e-06 2.333789e-02
520 1.200928e-06 1.863234e-02
521 3.741775e-05 3.034366e-02
522 3.538207e-05 2.849289e-02
523 2.321637e-05 2.751420e-02
524 4.956655e-07 1.308372e-02
525 1.820265e-06 8.194049e-03
526 5.059398e-06 2.392633e-02
527 9.886460e-07 9.844337e-03
528 1.011037e-07 5.984946e-03
529 2.783216e-06 1.761670e-02
530 5.986296e-07 5.148695e-03
531 7.456585e-07 7.289813e-03
532 7.090929e-06 1.887224e-02
533 2.269292e-06 1.252935e-02
534 7.332655e-07 1.144311e-02
535 1.715796e-06 1.235574e-02
536 4.638487e-05 4.024430e-02
537 5.321812e-06 2.489712e-02
538 1.503472e-06 1.259611e-02
539 2.497188e-05 2.594833e-02
540 1.020850e-05 2.282541e-02
541 1.554909e-05 2.545307e-02
542 1.140062e-03 2.668963e-01
543 2.009511e-06 1.906145e-02
544 1.159073e-06 7.489921e-03
545 3.826214e-07 7.435884e-03
546 6.394256e-07 6.061194e-03
547 3.540427e-10 2.494624e-03
548 2.584941e-09 3.022865e-03
549 1.208516e-08 1.590899e-03
550 3.958976e-07 5.592104e-03
551 4.094619e-08 2.644399e-03
552 4.620931e-07 1.888541e-02
553 9.982667e-06 3.252176e-02
554 2.815194e-06 9.314450e-03
555 7.955957e-07 1.190421e-02
556 5.810285e-08 3.015260e-03
557 4.767661e-08 3.778439e-03
558 1.537636e-06 1.196534e-02
559 1.579901e-08 2.470154e-03
560 1.124273e-07 3.985149e-03
561 6.583112e-08 3.159981e-03
562 7.604074e-08 3.406929e-03
563 1.808689e-08 4.789799e-03
564 6.195359e-08 3.255632e-03
565 4.734523e-07 1.437271e-02
566 3.287058e-06 5.816839e-03
567 7.545427e-05 8.398407e-02
568 1.964687e-04 2.973810e-02
569 3.396893e-04 9.232016e-02
570 3.371316e-05 1.480457e-02
571 5.426108e-05 9.910687e-03
572 4.085006e-04 3.854194e-02
573 2.719440e-05 7.917195e-03
574 2.163401e-04 3.859668e-02
575 7.191434e-05 1.103748e-02
576 5.322284e-05 1.918098e-02
577 1.420960e-05 1.268282e-02
578 5.703041e-06 9.964572e-03
579 1.929343e-03 8.069690e-01
580 1.871246e-04 3.517050e-02
581 1.486028e-05 5.291754e-03
582 3.239397e-04 7.061822e-02
583 1.743019e-05 1.135574e-02
584 6.099647e-05 1.701156e-02
585 1.514321e-04 7.910442e-02
586 1.085227e-06 1.273494e-02
587 5.516520e-06 1.336659e-02
588 5.266304e-07 1.021650e-02
589 8.709790e-07 2.642685e-03
590 4.053371e-03 4.722411e-01
591 4.708775e-04 1.498524e-01
592 1.368135e-07 6.354431e-03
593 2.309369e-05 1.818528e-02
594 3.108168e-04 4.186109e-02
595 6.561851e-08 6.662100e-03
596 3.517554e-03 1.104054e+00
597 7.663460e-12 1.912640e-03
598 4.845272e-10 1.969107e-03
599 5.262672e-10 1.938497e-03
600 1.420262e-09 2.062485e-03
601 3.129881e-09 3.033981e-03
602 3.188957e-10 2.563972e-03
603 1.926875e-09 3.254299e-03
604 1.634297e-11 1.931493e-03
605 2.869543e-09 2.078709e-03
606 4.705035e-11 1.932132e-03
607 4.655096e-11 1.777693e-03
608 9.078392e-11 2.031259e-03
609 6.616247e-06 1.304645e-02
610 2.129929e-07 4.334740e-03
611 1.413312e-03 3.280343e-01
612 2.054418e-06 2.573364e-02
613 7.567397e-06 1.917438e-02
614 4.534428e-06 2.646028e-02
615 3.496048e-07 1.035134e-02
616 7.186978e-10 3.281126e-03
617 1.540862e-05 1.365867e-02
618 9.562537e-09 4.233101e-03
619 3.199204e-08 5.033801e-03
620 1.142701e-08 5.448391e-03
621 7.281250e-05 7.243878e-02
622 1.275265e-08 5.944355e-03
623 5.786700e-09 7.249687e-03
624 1.376302e-07 6.034476e-03
625 7.071947e-08 4.561540e-03
626 4.980056e-03 8.130479e-01
627 2.066004e-07 5.034446e-03
628 1.659137e-07 1.267277e-02
629 1.148108e-04 6.329277e-02
630 1.778776e-04 3.992683e-02
631 5.952191e-05 2.911402e-02
632 9.563881e-06 3.883787e-02
633 3.931113e-09 6.070374e-03
634 1.523526e-07 5.301121e-03
635 1.511003e-07 5.176565e-03
636 1.524096e-07 7.260201e-03
637 1.978324e-06 1.369425e-02
638 8.022273e-09 8.794635e-03
639 2.041999e-07 1.532630e-02
640 3.563353e-08 4.771255e-03
641 6.040705e-08 5.577968e-03
642 3.081957e-08 6.948102e-03
643 2.345978e-06 3.493887e-02
644 2.830020e-06 6.392829e-03
645 8.666089e-07 1.250175e-02
646 1.734063e-07 1.907700e-02
647 2.390269e-07 7.623493e-03
648 2.819788e-06 2.666531e-02
649 5.386656e-08 1.060425e-02
650 2.943127e-08 5.742092e-03
651 1.324780e-08 6.389348e-03
652 7.118779e-08 7.581290e-03
653 8.885362e-04 4.416780e-01
654 1.244974e-04 8.804687e-02
655 1.049021e-08 2.905246e-03
656 3.198609e-05 3.225157e-02
657 4.570119e-03 7.508664e-01
658 1.455141e-05 2.539123e-02
659 1.508439e-07 1.340903e-02
660 1.729023e-06 1.392953e-02
661 1.180324e-06 3.503497e-02
662 3.049539e-05 2.304460e-01
663 5.361919e-07 1.400292e-02
664 6.909208e-07 1.460345e-02
665 4.504977e-07 1.669651e-02
666 8.666431e-06 3.180442e-02
667 1.977912e-05 1.943715e-02
668 1.429011e-07 7.038566e-03
669 1.009971e-06 2.995247e-02
670 4.870014e-05 4.839297e-02
671 1.940027e-05 4.083732e-02
672 7.107032e-08 6.955790e-03
673 2.527986e-05 1.708310e-01
674 1.358975e-06 7.459037e-03
675 6.488308e-04 2.387188e-01
676 7.912184e-08 1.669946e-02
677 3.005421e-05 4.119293e-02
678 6.049152e-08 8.053642e-03
679 2.698139e-04 1.302381e-01
680 7.221876e-09 3.444510e-03
681 4.866848e-07 1.336632e-02
682 4.393479e-03 1.034293e+00
683 1.963114e-06 1.575646e-02
684 2.798889e-03 4.288419e-01
685 1.238114e-07 8.811488e-03
686 5.430440e-04 3.759816e-01
687 1.453725e-06 7.957608e-03
688 1.367647e-07 8.271112e-03
689 1.509566e-07 9.030485e-03
690 3.080979e-06 1.461375e-02
691 4.166461e-07 1.520148e-02
692 4.115643e-07 1.187533e-02
693 7.531094e-07 9.403318e-03
694 3.135802e-06 6.064940e-03
695 5.790900e-06 9.824353e-03
696 3.479470e-04 1.485265e-01
697 4.558484e-06 8.174803e-02
698 9.510625e-05 1.845611e-01
699 9.779992e-07 1.674092e-02
700 2.319458e-04 4.507088e-02
701 2.917734e-06 9.493717e-03
702 1.272541e-05 1.680076e-02
703 6.448064e-07 7.288152e-03
704 5.690094e-04 7.002349e-02
705 6.659153e-05 1.977437e-02
706 1.464412e-05 1.650328e-02
707 2.488180e-05 1.080694e-02
708 8.320903e-04 5.469284e-01
709 8.048556e-06 2.461109e-02
710 2.754077e-03 2.242906e-01
711 3.144589e-04 1.017166e-01
712 8.133834e-05 4.158328e-02
713 1.763902e-05 3.649248e-02
714 1.204410e-05 2.040222e-02
715 1.392036e-07 6.488552e-03
716 4.232991e-06 1.814608e-02
717 3.887005e-05 3.282235e-02
718 3.442269e-05 1.370107e-02
719 2.195158e-05 1.253889e-02
720 6.657953e-05 2.146647e-02
721 7.248228e-04 6.634320e-02
722 1.487796e-04 3.913389e-02
723 5.497084e-04 1.007667e-01
724 3.359269e-07 6.888883e-03
725 6.181120e-06 7.444425e-03
726 3.531626e-06 1.229880e-02
727 1.341469e-03 4.815115e-01
728 3.973865e-07 1.272302e-02
729 4.420433e-06 1.427095e-02
730 1.501021e-05 1.820048e-02
731 4.247448e-06 6.865149e-03
732 3.521076e-05 9.105568e-03
733 2.286248e-06 1.043105e-02
734 1.068937e-05 1.496501e-02
735 1.951197e-04 1.719951e-02
736 1.076567e-06 1.992654e-02
737 5.953500e-04 3.735908e-01
738 1.421535e-05 5.265670e-02
739 1.036438e-05 1.189780e-02
740 3.666469e-05 1.506174e-02
741 5.956561e-06 1.027900e-02
742 1.226084e-04 6.534665e-02
743 2.143914e-04 2.483121e-02
744 2.334790e-04 4.475821e-02
745 2.954455e-04 5.506704e-02
746 2.309855e-05 1.032797e-02
747 1.232965e-04 1.587981e-02
748 5.610189e-08 6.038086e-03
749 2.292281e-06 2.868932e-02
750 2.302173e-05 6.875422e-02
751 3.680551e-07 8.207987e-03
752 4.977227e-07 1.137778e-02
753 9.481110e-04 3.281766e-01
754 4.107671e-05 2.111567e-02
755 4.018413e-05 7.619646e-02
756 4.513459e-07 1.080402e-02
757 1.930376e-04 9.853891e-02
758 1.707414e-07 5.474700e-03
759 7.402385e-06 3.235229e-02
760 6.561044e-04 2.632293e-01
761 7.355452e-04 2.073109e-01
762 2.875402e-07 9.894186e-03
763 9.975865e-07 1.174977e-02
764 8.752879e-07 1.091057e-02
765 1.633118e-03 4.117513e-01
766 8.824497e-04 6.174843e-01
767 1.350422e-03 3.451843e-01
768 2.922912e-03 4.564144e-01
769 1.728288e-07 1.124732e-02
770 1.663899e-07 5.039806e-03
771 2.521484e-07 4.897625e-03
772 3.336651e-07 4.756703e-03
773 6.358547e-05 1.376300e-01
774 1.027391e-06 6.605108e-03
775 6.814259e-06 1.165927e-02
776 6.324343e-07 5.720685e-03
777 6.065179e-08 1.023159e-02
778 7.539042e-04 1.651403e-01
779 4.844668e-08 8.940647e-03
780 1.526307e-06 6.363875e-03
781 2.346550e-08 5.345991e-03
782 3.176495e-08 2.404384e-03
783 2.001815e-08 3.592017e-03
784 2.533244e-06 1.860873e-02
785 1.226237e-05 1.382724e-02
786 4.870991e-07 8.035027e-03
787 3.667785e-07 9.523162e-03
788 4.467951e-08 1.146870e-02
789 4.252034e-08 8.424230e-03
790 4.428281e-05 1.026286e-01
791 2.109512e-07 4.324807e-03
792 5.958560e-08 1.031555e-02
793 2.991163e-06 1.388675e-02
794 6.990559e-04 2.746706e-01
795 4.519920e-06 1.746462e-02
796 1.067274e-07 6.023345e-03
797 9.219566e-06 9.310575e-02
798 4.515634e-08 7.390468e-03
799 8.292138e-05 1.017112e-01
800 9.783916e-07 1.878021e-02
801 1.973304e-07 1.084467e-02
802 3.690503e-04 1.511563e-01
803 4.125548e-04 4.936977e-01
804 6.237828e-08 1.071769e-02
805 3.409912e-05 5.425164e-02
806 2.295945e-05 1.335403e-01
807 1.990056e-05 5.361503e-02
808 1.230104e-07 5.942264e-03
809 6.210168e-07 2.378675e-02
810 1.705506e-08 2.326628e-03
811 1.734794e-05 1.715844e-02
812 2.240334e-07 4.283078e-03
813 3.278060e-05 3.933164e-02
814 6.002698e-07 1.368739e-02
815 1.962994e-07 1.596078e-02
816 1.728291e-03 3.501205e-01
817 1.748902e-04 1.024350e-01
818 1.325545e-08 9.982521e-03
819 8.797440e-07 1.302939e-02
820 1.220051e-06 3.728809e-02
821 6.043763e-06 4.172529e-02
822 2.243466e-06 3.373842e-02
823 1.773544e-05 1.184282e-01
824 1.828722e-03 7.575717e-01
825 3.104552e-03 7.375295e-01
826 4.362678e-04 3.594008e-01
827 9.548525e-04 1.829552e-01
828 2.861681e-04 7.465536e-01
829 1.682320e-03 7.534524e-01
830 2.823031e-05 1.257568e-02
831 4.653340e-07 4.734241e-03
832 4.363884e-07 5.177500e-03
833 1.330829e-06 1.101283e-02
834 4.103962e-06 6.755839e-03
835 1.461609e-06 6.838304e-03
836 3.749052e-06 5.030947e-03
837 2.348661e-06 9.491051e-03
838 6.831810e-06 8.184500e-03
839 2.704716e-07 5.004915e-03
840 8.648477e-06 1.883591e-02
841 8.345988e-07 7.220651e-03
842 5.659703e-07 8.596611e-03
843 3.603577e-07 9.820107e-03
844 1.574009e-06 1.971665e-02
845 6.620642e-05 4.181762e-02
846 9.526204e-05 6.923261e-02
847 3.273752e-06 8.206365e-03
848 2.153093e-06 1.368222e-02
849 1.964697e-04 6.257279e-02
850 5.776042e-07 6.187148e-03
851 1.906344e-05 6.719375e-02
852 2.393595e-07 6.369719e-03
853 9.787895e-05 1.931815e-02
854 7.755346e-07 5.882660e-03
855 1.340481e-05 1.752283e-02
856 2.632879e-09 1.482450e-03
857 3.205243e-09 1.302561e-03
858 9.895831e-09 2.049611e-03
859 3.205067e-09 1.499166e-03
860 1.047266e-04 1.254516e-01
861 9.338408e-08 6.855003e-03
862 4.321851e-08 1.592526e-03
863 7.707666e-09 1.539654e-03
864 4.531402e-09 1.393926e-03
865 8.120123e-09 1.574053e-03
866 1.312652e-08 2.066610e-03
867 8.713930e-08 1.721875e-03
868 1.252572e-09 1.362969e-03
869 2.362656e-09 1.627090e-03
870 1.155890e-08 1.532769e-03
871 1.570944e-09 1.394008e-03
872 1.637080e-08 1.880772e-03
873 1.559173e-08 1.418340e-03
874 9.398351e-09 1.404721e-03
875 1.214723e-03 2.611003e-01
876 2.602212e-10 1.443968e-03
877 1.810508e-08 1.456808e-03
878 6.198918e-09 1.900756e-03
879 4.116562e-09 1.352654e-03
880 9.146224e-09 1.371538e-03
881 1.100849e-09 1.397952e-03
882 6.558642e-09 1.821469e-03
883 1.172487e-08 1.760349e-03
884 3.649951e-08 1.477458e-03
885 9.301293e-09 1.567491e-03
886 5.665130e-07 6.603501e-03
887 8.331184e-06 9.461226e-03
888 5.188598e-07 1.155016e-02
889 1.552256e-04 9.728872e-02
890 2.204733e-07 1.986518e-02
891 2.523612e-05 9.171614e-02
892 4.361689e-04 1.567333e-01
893 7.069853e-07 5.664043e-03
894 1.987226e-06 3.780775e-03
895 1.558403e-06 8.511366e-03
896 9.930694e-07 1.492704e-02
897 1.195634e-03 7.672011e-01
898 1.586001e-06 1.912476e-02
899 4.007191e-05 7.929542e-02
900 8.175917e-06 8.950662e-03
901 1.891251e-05 8.860736e-03
902 1.134937e-06 9.126998e-03
903 7.785341e-08 6.136058e-03
904 9.358024e-05 1.158301e-01
905 8.042136e-07 2.006783e-02
906 7.827915e-05 5.095709e-02
907 3.702661e-03 1.009913e+00
908 7.919625e-08 2.762568e-03
909 5.016574e-07 3.183934e-03
910 3.665706e-08 1.578625e-03
911 1.236585e-05 7.873771e-03
912 3.075709e-07 5.058707e-03
913 2.194746e-08 1.723371e-03
914 1.062493e-07 4.916422e-03
915 1.953909e-06 3.705167e-03
916 1.973761e-04 1.380572e-01
917 1.085662e-07 2.132950e-03
918 1.216245e-08 1.783248e-03
919 1.227107e-08 1.394374e-03
920 5.160413e-08 2.529122e-03
921 1.037785e-09 1.059930e-03
922 1.270384e-08 1.428809e-03
923 2.812913e-04 7.971503e-02
924 3.045853e-06 1.745864e-02
925 2.195701e-08 1.069200e-03
926 6.511548e-06 1.468514e-02
927 6.161136e-09 1.325592e-03
928 4.771846e-07 4.111076e-03
929 2.018545e-06 1.049073e-02
930 8.461694e-08 3.655907e-03
931 6.072073e-07 3.828829e-03
932 1.020071e-09 1.484652e-03
933 1.691420e-08 1.825268e-03
934 3.380653e-06 1.182342e-02
935 6.416981e-08 1.863663e-03
936 5.292509e-09 1.194816e-03
937 1.234237e-07 2.941673e-03
938 8.126338e-08 1.796240e-03
939 1.275380e-06 3.573078e-03
940 8.920780e-07 6.482085e-03
941 2.582806e-07 5.569490e-03
942 7.251505e-08 1.629485e-03
943 1.160279e-06 2.211157e-03
944 4.850208e-05 9.209723e-03
945 1.711421e-08 2.265062e-03
946 4.915922e-06 6.452340e-03
947 4.078896e-06 3.160540e-02
948 1.504658e-07 6.926543e-03
949 1.445881e-06 1.060298e-02
950 6.430072e-08 7.917081e-03
951 1.227642e-07 1.593121e-02
952 5.859934e-05 2.055072e-02
953 2.092013e-08 8.945368e-03
954 2.757010e-08 3.086392e-03
955 7.380942e-06 3.704266e-02
956 2.656658e-09 3.053793e-03
957 3.459245e-08 8.411042e-03
958 1.122961e-07 6.813147e-03
959 3.083898e-05 5.067103e-02
960 6.627453e-07 1.912268e-02
961 7.572045e-07 9.829202e-03
962 5.674942e-07 1.270296e-02
963 6.992577e-09 3.842623e-03
964 7.253080e-06 4.110402e-02
965 2.891555e-08 5.411689e-03
966 9.344510e-05 1.129144e-01
967 4.855810e-05 5.801109e-02
968 3.211864e-07 4.759000e-03
969 6.450927e-08 8.092915e-03
970 2.876993e-07 1.675164e-02
971 2.083493e-07 3.114262e-03
972 6.821578e-07 7.545814e-03
973 7.375758e-08 9.422199e-03
974 6.201772e-08 3.279995e-03
975 4.909872e-06 7.109152e-03
976 9.513245e-04 2.579379e-01
977 7.189201e-06 7.327044e-03
978 2.053664e-05 1.783007e-02
979 2.120555e-07 2.836726e-03
980 2.648761e-08 1.233441e-03
981 9.826026e-08 4.098456e-03
982 1.490702e-06 8.025007e-03
983 1.026652e-06 3.794673e-03
984 6.345259e-06 9.950589e-03
985 1.536179e-06 4.084283e-03
986 8.766948e-07 4.114645e-03
987 1.547953e-08 1.271626e-03
988 2.437286e-07 2.515934e-03
989 8.119222e-06 9.303729e-03
990 7.991290e-07 3.781899e-03
991 4.875932e-06 7.182344e-03
992 4.388702e-07 2.341640e-03
993 7.832076e-08 2.445208e-03
994 2.765944e-08 2.150203e-03
995 3.210407e-06 3.763798e-03
996 9.652280e-07 3.219120e-03
997 1.296020e-03 1.198247e-01
998 2.020432e-06 6.036953e-03
999 5.350304e-06 4.833506e-03
1000 1.667203e-07 1.898424e-03
1001 1.335045e-08 1.574495e-03
1002 1.706522e-06 5.848086e-03
1003 1.582341e-08 1.779385e-03
1004 7.741676e-06 5.436796e-03
1005 1.371575e-07 2.916988e-03
1006 3.346273e-05 1.269863e-02
1007 3.861843e-08 2.926100e-03
1008 1.933094e-05 7.908929e-03
1009 5.294157e-08 4.059684e-03
1010 9.657507e-08 2.856905e-03
1011 5.698488e-07 3.705028e-03
1012 3.665883e-06 3.769654e-03
1013 1.790958e-08 2.067008e-03
1014 2.698902e-07 3.434358e-03
1015 3.047832e-09 2.130845e-03
1016 1.693946e-06 3.015344e-03
1017 1.551123e-07 1.785972e-03
1018 9.962374e-08 2.890587e-03
1019 2.762675e-08 4.400666e-03
1020 1.582631e-08 1.749041e-03
1021 1.151431e-05 7.190065e-03
1022 6.740094e-09 1.165833e-03
1023 7.362644e-07 2.073450e-03
1024 9.044055e-09 1.399000e-03
1025 6.573805e-07 2.398516e-03
1026 1.205095e-03 8.162344e-01
1027 2.447315e-04 1.089645e-01
1028 2.383906e-04 7.666372e-02
1029 1.315276e-04 9.717530e-02
1030 2.523625e-04 3.168243e-01
1031 3.058401e-03 5.672585e-01
1032 1.074471e-06 7.835706e-03
1033 1.543668e-05 1.916031e-02
1034 3.136518e-04 2.388342e-01
1035 2.059432e-06 4.497789e-03
1036 6.081486e-07 9.669160e-03
1037 6.377384e-05 2.977366e-02
1038 1.701312e-06 3.092344e-03
1039 1.503788e-05 1.601313e-02
1040 3.099451e-06 9.310222e-03
1041 1.104340e-05 2.593866e-02
1042 4.386604e-07 1.083690e-02
1043 4.798139e-06 1.629573e-02
1044 1.629123e-07 1.705992e-02
1045 8.088641e-07 7.593309e-03
1046 1.938930e-04 7.279463e-02
1047 1.417727e-03 1.754902e-01
1048 8.473081e-04 1.010786e-01
1049 2.417607e-06 8.950862e-03
1050 5.490356e-04 4.616760e-01
1051 1.830919e-03 2.916006e-01
1052 4.147405e-09 1.227231e-03
1053 5.857868e-09 1.821412e-03
1054 1.933026e-04 7.326129e-02
1055 1.714331e-10 1.556027e-03
1056 1.165143e-09 4.673022e-03
1057 2.188663e-08 2.139557e-03
1058 5.900063e-08 2.026334e-03
1059 6.997705e-11 1.031696e-03
1060 5.350773e-11 9.550864e-04
1061 7.987634e-06 3.172163e-03
1062 6.695595e-10 1.812587e-03
1063 8.913836e-08 3.809252e-03
1064 1.909870e-03 1.914074e-01
1065 1.469123e-05 1.648550e-02
1066 2.131291e-10 1.577863e-03
1067 3.577430e-10 1.439753e-03
1068 1.881472e-11 1.465210e-03
1069 7.063089e-11 1.614062e-03
1070 9.479207e-08 1.408662e-02
1071 2.758755e-07 5.304016e-03
1072 5.154430e-07 3.311696e-03
1073 8.280771e-07 1.935384e-02
1074 1.455822e-09 1.055213e-03
1075 4.593521e-06 2.604907e-02
1076 1.759511e-06 6.046305e-03
1077 6.286262e-06 1.634541e-02
1078 5.294957e-10 1.632458e-03
1079 2.715243e-07 5.820869e-03
1080 1.237714e-07 1.583128e-03
1081 5.672473e-11 1.460187e-03
1082 2.190311e-09 1.485736e-03
1083 3.725188e-08 1.830031e-03
1084 4.563355e-10 1.228480e-03
1085 1.070928e-08 4.319535e-03
1086 1.411554e-09 1.239995e-03
1087 1.405862e-09 1.369622e-03
1088 6.484442e-10 4.681286e-03
1089 3.741633e-09 1.234643e-03
1090 4.010814e-10 1.195617e-03
1091 1.711656e-09 1.229176e-03
1092 8.516793e-04 5.880444e-01
1093 3.716920e-08 1.876896e-02
1094 8.871285e-08 1.384585e-02
1095 2.773739e-09 1.692888e-03
1096 2.989271e-11 1.481496e-03
1097 1.748141e-09 4.826461e-03
1098 1.844543e-07 7.861565e-03
1099 2.735575e-08 3.261130e-03
1100 1.082894e-08 2.808057e-03
1101 9.335161e-07 5.068760e-03
1102 8.871125e-09 3.181443e-03
1103 1.780010e-08 2.754599e-03
1104 1.637795e-05 6.951120e-02
1105 8.921773e-10 1.530124e-03
1106 1.130441e-10 2.235587e-03
1107 5.432982e-10 3.128515e-03
1108 2.802418e-09 1.737649e-03
1109 6.686232e-10 2.022631e-03
1110 2.463985e-08 4.734138e-03
1111 6.832343e-10 3.955457e-03
1112 1.188536e-05 4.012024e-02
1113 1.137511e-06 1.745937e-02
1114 6.904275e-09 2.057177e-03
1115 1.909221e-05 3.562082e-02
1116 1.181972e-10 1.479018e-03
1117 6.354530e-09 1.611491e-03
1118 1.179075e-06 6.689961e-03
1119 8.955261e-07 2.377267e-02
1120 1.407062e-07 4.049064e-03
1121 4.550709e-07 6.856287e-03
1122 1.947636e-07 4.104973e-03
1123 9.104948e-08 2.486142e-03
1124 1.632542e-07 3.791406e-03
1125 6.640037e-07 4.726623e-03
1126 2.464429e-07 5.126892e-03
1127 9.911606e-08 3.879074e-03
1128 1.098821e-06 4.609624e-03
1129 3.625935e-07 3.316319e-03
1130 1.862285e-06 5.157013e-03
1131 2.784923e-04 6.804735e-02
1132 5.501669e-04 2.304903e-01
1133 3.092864e-05 4.441378e-02
1134 4.443255e-07 9.178142e-03
1135 1.107761e-06 2.447307e-03
1136 1.329362e-06 4.853797e-03
1137 1.807840e-06 5.541178e-03
1138 1.284617e-05 1.475145e-02
1139 5.062283e-08 5.256723e-03
1140 1.095040e-03 2.771163e-01
1141 8.360844e-05 3.807285e-02
1142 4.694045e-06 9.455097e-03
1143 5.696532e-07 6.792083e-03
1144 6.810972e-06 3.743565e-02
1145 1.330826e-07 9.208806e-03
1146 2.097620e-04 8.995285e-02
1147 2.311975e-05 4.430467e-02
1148 9.609078e-05 2.466551e-02
1149 7.429649e-06 1.237453e-02
1150 4.325773e-06 1.176322e-02
1151 6.988130e-05 2.483150e-02
1152 6.229811e-06 6.475492e-03
1153 1.571778e-06 4.830180e-03
1154 2.771361e-05 1.327199e-02
1155 2.642951e-05 2.729444e-02
1156 2.905925e-04 4.556319e-02
1157 3.925318e-04 8.198219e-02
1158 4.231326e-06 1.521410e-02
1159 8.879314e-04 2.107430e-01
1160 4.093383e-05 1.262050e-02
1161 4.209547e-07 7.559405e-03
1162 8.181380e-05 5.283936e-02
1163 9.230894e-04 2.895024e-01
1164 1.763755e-04 3.088722e-02
1165 3.111266e-04 2.991355e-02
1166 4.693380e-05 5.166946e-02
1167 1.656190e-04 4.202526e-02
1168 1.104513e-04 3.443297e-02
1169 3.212184e-04 5.760337e-02
1170 2.242358e-04 4.286986e-02
1171 3.151017e-05 9.624092e-03
1172 2.677580e-06 2.611550e-02
1173 1.208849e-03 2.948199e-01
1174 5.633501e-04 2.278497e-01
1175 2.848369e-05 3.983075e-02
1176 5.320608e-03 2.156613e+00
1177 1.571354e-07 3.116956e-03
1178 4.720317e-05 3.614652e-02
1179 6.283295e-06 2.429601e-02
1180 7.472904e-05 1.071953e-01
1181 3.171069e-05 2.486465e-02
1182 9.504907e-05 7.140375e-02
1183 2.738938e-04 3.501145e-02
1184 2.493561e-03 2.192153e-01
1185 9.143094e-04 2.244362e-01
1186 6.699110e-05 3.249239e-02
1187 7.687175e-07 9.471194e-03
1188 1.170027e-05 1.071023e-02
1189 9.813297e-05 4.740312e-02
1190 8.293219e-04 2.841776e-01
1191 2.428263e-04 4.327064e-02
1192 3.969453e-04 1.098826e-01
1193 9.032470e-05 4.656402e-02
1194 9.416809e-04 2.133897e-01
1195 1.109141e-03 8.772424e-02
1196 1.445996e-03 2.111724e-01
1197 3.041769e-04 7.963301e-02
1198 1.356632e-05 2.937500e-02
1199 7.510006e-04 8.627666e-02
1200 4.629164e-04 1.979925e-01
1201 9.932865e-06 2.842327e-02
1202 4.088229e-06 1.649038e-02
1203 6.901474e-04 5.574633e-02
1204 1.266390e-04 8.677917e-02
1205 1.213437e-08 4.862086e-03
1206 5.156883e-07 1.821576e-02
1207 2.606782e-08 3.646150e-03
1208 2.838450e-04 1.171646e-01
1209 7.361553e-07 9.010227e-03
1210 5.519793e-09 8.345630e-03
1211 1.383563e-07 3.598411e-03
1212 6.051125e-06 6.051886e-03
1213 9.209722e-07 7.550757e-03
1214 4.072838e-06 9.358221e-03
1215 2.257464e-07 3.471036e-02
1216 3.336608e-10 4.242212e-03
1217 6.767380e-05 2.707253e-01
1218 2.381296e-06 6.792877e-03
1219 6.401903e-08 1.286635e-03
1220 1.672030e-07 3.406980e-03
1221 1.698360e-06 8.527487e-03
1222 2.731426e-03 4.097427e-01
1223 1.895905e-07 2.075249e-03
1224 2.834906e-06 2.307850e-03
1225 4.166180e-04 8.039679e-02
1226 2.764621e-09 2.309976e-03
1227 2.673628e-03 5.373035e-01
1228 7.624531e-06 1.116939e-02
1229 7.561911e-09 1.269232e-03
1230 9.399591e-07 2.712916e-03
1231 8.819054e-07 1.870924e-03
1232 1.130552e-08 2.023088e-03
1233 5.777978e-08 2.254045e-03
1234 3.355125e-05 6.764945e-03
1235 3.686105e-08 2.559393e-03
1236 3.150234e-07 2.983626e-03
1237 7.798419e-06 4.459878e-03
1238 2.915651e-06 4.611589e-03
1239 1.281502e-07 2.334329e-03
1240 1.733635e-03 9.105260e-01
1241 4.511525e-05 6.833873e-03
1242 1.047154e-05 5.332037e-03
1243 8.131583e-07 4.266622e-03
1244 4.682943e-06 4.301496e-03
1245 4.682282e-07 2.949491e-03
1246 7.018212e-07 2.922648e-03
1247 1.977724e-04 3.117339e-02
1248 1.260171e-05 4.665780e-02
1249 9.309271e-07 1.102660e-02
1250 5.648282e-05 2.737537e-02
1251 1.492661e-05 1.991583e-02
1252 4.057303e-06 1.732151e-02
1253 7.538842e-07 1.516776e-02
1254 9.708310e-06 8.617600e-03
1255 2.527989e-03 4.715359e-01
1256 8.984767e-06 9.342966e-03
1257 3.502794e-03 1.260815e+00
1258 2.893517e-04 1.013781e-01
1259 1.398956e-03 2.758200e-01
1260 4.958854e-04 5.200727e-02
1261 1.014157e-08 1.847785e-03
1262 3.781586e-03 3.926734e-01
1263 7.124277e-07 5.522321e-03
1264 1.041032e-04 8.925921e-02
1265 1.546828e-06 3.408425e-03
1266 3.898316e-08 6.922733e-03
1267 8.545889e-09 1.942730e-03
1268 3.132832e-06 7.457451e-03
1269 1.501181e-04 6.988784e-02
1270 2.117290e-04 8.690478e-02
1271 7.545066e-06 1.133457e-02
1272 2.621928e-07 3.334417e-03
1273 3.678592e-07 6.715795e-03
1274 2.969138e-06 2.200552e-02
1275 5.387614e-05 9.759101e-02
1276 8.307388e-05 1.229151e-01
1277 1.387036e-05 1.239857e-01
1278 5.148014e-04 2.273317e-01
1279 8.070288e-07 5.973747e-03
1280 7.583658e-08 7.395003e-03
1281 3.308691e-08 8.543838e-03
1282 5.174873e-07 1.552945e-02
1283 9.259742e-07 1.308776e-02
1284 2.625562e-04 2.889067e-01
1285 7.237993e-06 3.537139e-02
1286 2.056900e-04 1.423868e-01
1287 5.163224e-09 7.191221e-03
1288 2.944943e-05 1.235104e-01
1289 1.485418e-04 1.469334e-01
1290 1.277338e-09 1.825296e-03
1291 1.502964e-05 8.202518e-02
1292 4.798014e-07 1.590762e-02
1293 2.198751e-04 2.159071e-01
1294 4.858337e-08 2.438725e-03
1295 5.232358e-06 1.826787e-02
1296 3.953196e-05 2.298973e-02
1297 9.290673e-04 4.475977e-01
1298 3.839901e-04 2.115295e-01
1299 1.303333e-05 2.286342e-02
1300 2.198932e-03 5.231236e-01
1301 7.202321e-06 5.166728e-03
1302 2.653018e-07 3.793500e-03
1303 4.249995e-05 3.880683e-02
1304 9.946504e-05 5.683731e-02
1305 1.795091e-04 1.357666e-01
1306 5.336109e-04 6.579021e-02
1307 1.907532e-03 3.138881e-01
1308 2.063951e-06 1.048113e-02
1309 6.864699e-04 3.711642e-01
1310 1.223301e-03 4.726634e-01
1311 5.554431e-04 2.071602e-01
1312 3.388865e-03 1.223235e+00
1313 3.134057e-07 4.954129e-03
1314 3.168933e-05 4.938404e-02
1315 1.444134e-07 6.030248e-03
1316 2.244503e-09 4.991530e-03
1317 8.943176e-09 3.432263e-03
1318 8.742973e-08 2.008518e-03
1319 2.235492e-09 2.521108e-03
1320 3.369418e-08 4.482018e-03
1321 4.752679e-09 4.118797e-03
1322 6.321116e-10 1.540487e-03
1323 4.924720e-07 1.498908e-02
1324 9.296613e-06 3.442101e-03
1325 9.010783e-07 6.813232e-03
1326 3.122802e-06 8.378883e-03
1327 9.863868e-07 1.022856e-02
1328 3.040959e-06 7.514853e-03
1329 5.953770e-11 2.764878e-03
1330 1.427235e-06 9.853724e-03
1331 4.703611e-04 1.750201e-01
1332 1.829823e-04 2.422344e-01
1333 7.589343e-06 3.331644e-02
1334 1.727860e-07 2.102044e-02
1335 4.863670e-05 3.317439e-02
1336 1.980386e-06 1.064432e-02
1337 2.604755e-06 6.493724e-03
1338 6.706981e-05 3.549366e-02
1339 5.476485e-06 2.955014e-02
1340 1.006745e-06 1.034736e-02
1341 1.024698e-05 8.976291e-03
1342 6.276601e-09 1.658549e-03
1343 3.521003e-03 6.797029e-01
1344 1.856811e-07 5.166275e-03
1345 1.302232e-03 4.238229e-01
1346 2.520525e-04 9.467671e-02
1347 8.043314e-05 9.563208e-02
1348 2.558012e-05 2.996575e-02
1349 1.743562e-06 1.333143e-02
1350 1.308936e-03 7.361777e-01
1351 7.106644e-04 3.740114e-01
1352 1.082883e-03 4.656607e-01
1353 3.887067e-10 3.320891e-03
1354 4.860703e-08 3.137899e-03
1355 1.052113e-04 4.484927e-02
1356 3.401386e-07 4.611633e-03
1357 2.096888e-07 5.442031e-03
1358 1.263704e-03 4.376294e-01
1359 9.488642e-07 2.572718e-02
1360 4.773896e-06 5.712291e-03
1361 6.414686e-06 1.464687e-02
1362 3.035684e-07 3.810583e-03
1363 2.933860e-09 1.349281e-03
1364 1.657677e-08 1.292548e-03
1365 1.845632e-08 1.908330e-03
1366 3.028658e-07 7.152428e-03
1367 6.639554e-06 3.794192e-02
1368 3.519812e-07 3.355371e-03
1369 2.923825e-08 2.317150e-03
1370 5.334612e-09 1.156420e-03
1371 1.994775e-06 2.863783e-03
1372 2.395942e-08 1.248898e-03
1373 1.267917e-07 2.056623e-03
1374 4.421690e-07 9.150680e-03
1375 1.053322e-03 2.427181e-01
1376 3.703832e-05 3.051890e-02
1377 4.312263e-04 8.879587e-02
1378 1.816781e-07 1.158701e-02
1379 6.656491e-04 1.228355e-01
1380 8.223653e-05 6.731823e-02
1381 4.231288e-07 2.255646e-02
1382 1.567993e-07 2.289100e-03
1383 6.712290e-06 7.988914e-03
1384 1.286138e-03 4.867113e-01
1385 7.225622e-06 4.210956e-02
1386 1.513017e-04 1.728836e-01
1387 3.007654e-03 6.842810e-01
1388 2.135352e-03 5.807519e-01
1389 1.952569e-06 8.107432e-03
1390 4.803315e-04 2.232690e-01
1391 1.055936e-05 1.875426e-02
1392 1.094610e-07 1.609302e-02
1393 4.976454e-07 3.100636e-03
1394 2.225861e-07 1.088678e-02
1395 3.085741e-05 4.407696e-02
1396 7.848687e-07 5.291027e-03
1397 1.254358e-07 4.618081e-03
1398 9.123576e-04 5.132702e-01
1399 3.435679e-05 1.948360e-02
1400 6.998354e-06 8.954837e-03
1401 4.490759e-05 6.301881e-02
1402 5.525366e-07 4.049394e-03
1403 1.922521e-05 5.489834e-03
1404 3.349924e-05 4.288985e-02
1405 8.780590e-08 2.194699e-03
1406 4.203523e-05 2.111605e-02
1407 8.381917e-08 2.704964e-03
1408 1.534109e-08 2.398442e-03
1409 1.596790e-04 5.358769e-02
1410 6.677382e-04 2.120397e-01
1411 2.766856e-05 1.596949e-01
1412 1.178087e-03 3.141441e-01
1413 3.786150e-07 2.500438e-03
1414 2.976107e-03 7.738346e-01
1415 1.838497e-08 3.234507e-03
1416 6.170935e-06 6.141213e-03
1417 3.561321e-05 1.417836e-02
1418 7.202323e-07 3.992383e-03
1419 1.869909e-04 1.197302e-01
1420 7.382147e-04 4.078297e-01
1421 2.735557e-04 1.644258e-01
1422 8.973665e-04 9.495496e-02
1423 1.499860e-03 5.208203e-01
1424 1.127146e-07 9.900037e-03
1425 1.853458e-03 8.782253e-01
1426 1.120385e-03 4.851216e-01
1427 1.901126e-05 4.337438e-02
1428 1.103978e-04 1.865722e-02
1429 4.511888e-06 1.150062e-02
1430 2.462132e-05 4.598023e-02
1431 1.475355e-04 4.568916e-02
1432 2.807516e-04 9.477359e-02
1433 4.078667e-08 7.800013e-03
1434 1.371964e-07 3.260048e-02
1435 8.575234e-06 6.339708e-02
1436 7.787281e-04 4.171900e-01
1437 2.422777e-06 4.850829e-03
1438 4.383241e-05 1.107683e-02
1439 1.741343e-03 1.020337e+00
1440 1.526483e-04 7.442654e-02
1441 5.954551e-03 6.666805e-01
1442 1.008199e-10 2.166488e-03
1443 9.842649e-07 5.635445e-02
1444 7.143925e-07 3.607156e-02
1445 2.327530e-06 4.723829e-02
1446 1.963172e-07 6.445503e-03
1447 5.474026e-04 5.003524e-02
1448 2.176183e-07 9.887127e-03
1449 2.473457e-04 1.268887e-01
1450 4.636040e-05 1.280525e-01
1451 6.791793e-08 1.813386e-03
1452 3.822342e-07 1.410985e-02
1453 1.090910e-06 2.057951e-03
1454 2.706110e-08 1.287554e-02
1455 3.028760e-09 4.418658e-03
1456 1.081689e-05 1.024937e-02
1457 5.589029e-09 5.411543e-03
1458 4.245064e-09 2.875146e-03
1459 1.849537e-05 9.370054e-03
1460 5.471550e-08 4.511413e-03
1461 5.108715e-08 7.682551e-03
1462 2.351801e-07 8.567469e-03
1463 4.518768e-05 3.549378e-02
1464 9.906307e-04 7.966554e-01
1465 1.131147e-03 4.184352e-01
1466 9.970365e-04 4.050582e-01
1467 1.239528e-04 4.900336e-02
1468 1.623097e-03 8.115803e-01
1469 7.609638e-04 5.054466e-01
1470 1.134875e-04 4.183063e-02
1471 1.712765e-04 2.522869e-02
1472 8.420244e-05 1.243914e-01
1473 9.233744e-09 2.958866e-03
1474 3.810265e-09 1.252705e-02
1475 3.927907e-08 4.536874e-03
1476 1.503213e-05 8.964846e-03
1477 1.447734e-03 3.467509e-01
1478 1.038888e-06 2.849136e-02
1479 8.786928e-04 1.463124e-01
1480 8.146355e-04 1.734023e-01
1481 2.246928e-06 3.443521e-02
1482 2.143591e-05 6.539889e-02
1483 6.994152e-06 1.201997e-02
1484 1.009573e-05 7.965761e-03
1485 3.070196e-05 9.242738e-03
1486 2.818996e-03 3.951783e-01
1487 3.740355e-05 1.528473e-02
1488 6.571534e-05 4.732077e-02
1489 1.506984e-04 1.606455e-02
1490 1.006107e-04 9.428937e-03
1491 2.793139e-03 2.865536e-01
1492 8.914559e-06 2.281669e-02
1493 1.708531e-06 5.451808e-03
1494 1.183906e-05 2.258724e-02
1495 3.154567e-04 3.598736e-01
1496 2.944314e-05 1.192956e-02
1497 1.281425e-04 1.183175e-01
1498 1.316242e-03 7.563787e-01
1499 1.112772e-04 6.601131e-02
1500 8.836884e-07 1.031406e-02
1501 4.781599e-04 1.699593e-01
1502 7.928743e-04 1.728590e-01
1503 5.175696e-04 5.152049e-02
1504 2.700106e-03 7.207601e-01
1505 4.760540e-06 7.126258e-02
1506 7.740509e-07 1.738690e-03
1507 1.018299e-03 2.687578e-01
1508 2.682659e-03 9.466885e-01
1509 5.449834e-07 4.412140e-03
1510 8.931780e-08 3.755433e-03
1511 8.523083e-04 2.754550e-01
1512 2.461974e-07 1.069229e-03
1513 1.306255e-07 1.733377e-02
1514 1.995141e-08 5.217992e-03
1515 1.097288e-05 1.047402e-02
1516 3.331097e-05 1.112880e-01
1517 3.159362e-06 1.741998e-02
1518 2.645515e-05 8.644978e-02
1519 3.252009e-09 1.807362e-03
1520 3.201892e-04 7.829253e-02
1521 4.326742e-08 2.452633e-03
1522 4.851577e-08 4.726042e-03
1523 1.402575e-06 7.562575e-03
1524 1.083708e-03 3.899320e-01
1525 3.818935e-05 5.428145e-02
1526 6.209968e-06 2.415003e-02
1527 1.519675e-04 9.225627e-02
1528 2.460518e-05 1.016398e-02
1529 2.108284e-05 2.873118e-02
1530 1.285509e-06 7.332738e-03
1531 1.009663e-03 1.339764e-01
1532 1.797146e-06 2.066311e-02
1533 1.674513e-04 1.171220e-01
1534 1.567383e-03 5.171660e-01
1535 1.297808e-03 6.089374e-01
1536 8.120765e-04 3.303026e-01
1537 2.107865e-07 8.421581e-03
1538 8.099952e-05 3.887810e-01
1539 2.925045e-06 2.697835e-02
1540 1.823066e-07 4.668218e-02
1541 6.619892e-04 2.754747e-01
1542 2.769827e-03 1.365530e+00
1543 5.935025e-08 5.587663e-03
1544 6.165655e-07 1.683357e-02
1545 2.507634e-09 3.642871e-03
1546 3.712307e-05 1.608696e-01
1547 1.523459e-05 3.878618e-02
1548 9.897981e-08 3.962184e-02
1549 2.754535e-09 2.624630e-03
1550 4.215082e-04 7.329379e-02
1551 1.630169e-06 1.653930e-02
1552 1.456448e-08 1.275626e-03
1553 6.103220e-08 3.202631e-03
1554 1.697175e-03 5.030514e-01
1555 1.591166e-03 3.616020e-01
1556 5.681475e-06 4.135175e-02
1557 8.321140e-04 2.632629e-01
1558 9.460674e-04 3.518291e-01
1559 1.438325e-03 4.440638e-01
1560 2.637023e-06 5.774512e-03
1561 2.734469e-04 8.146844e-02
1562 2.112964e-06 1.419953e-02
1563 6.934386e-04 2.272238e-01
1564 2.573544e-07 8.068447e-03
1565 5.670006e-04 9.444115e-02
1566 1.406843e-04 3.650169e-02
1567 5.599859e-06 7.981035e-03
1568 1.632959e-04 3.630519e-02
1569 1.827684e-04 5.086772e-02
1570 9.734039e-05 9.330417e-02
1571 4.804011e-04 7.684198e-02
1572 3.006030e-09 1.951156e-03
1573 4.332212e-03 2.697029e-01
1574 1.238571e-06 5.651172e-03
1575 1.657665e-05 2.354978e-02
1576 1.948363e-05 1.709969e-02
1577 2.041541e-04 3.492819e-01
1578 1.603332e-07 6.674502e-03
1579 1.577109e-04 3.406654e-02
1580 6.438289e-09 2.504651e-03
1581 2.501586e-06 5.935457e-03
1582 7.627384e-06 7.524548e-03
1583 5.263789e-04 1.510642e-01
1584 4.650230e-06 9.778049e-03
1585 3.197900e-03 5.904030e-01
1586 1.943516e-03 5.298420e-01
1587 1.154759e-04 1.580193e-01
1588 3.575659e-04 2.505724e-01
1589 4.534781e-04 2.343424e-01
1590 6.601137e-04 3.415041e-01
1591 2.782458e-05 6.404341e-02
1592 4.025648e-05 3.975031e-02
1593 1.273396e-04 1.437777e-01
1594 2.086334e-05 5.134891e-02
1595 5.664560e-04 4.960525e-02
1596 1.661782e-04 3.567476e-02
1597 2.159903e-04 4.496810e-02
1598 1.150844e-04 1.418337e-01
1599 1.043686e-05 4.502128e-03
1600 8.693828e-04 1.950810e-01
1601 3.697727e-06 1.701399e-03
1602 2.658857e-03 8.389857e-01
1603 4.847010e-08 2.590148e-03
1604 5.458185e-09 2.526352e-03
1605 1.673706e-04 1.252762e-01
1606 3.754557e-10 2.940802e-03
1607 2.698736e-08 1.978853e-03
1608 1.398334e-07 2.092474e-03
1609 9.476089e-04 1.220723e-01
1610 3.209175e-04 1.263713e-01
1611 3.027347e-11 1.884622e-03
1612 2.320955e-08 2.243599e-03
1613 1.000304e-05 4.700858e-03
1614 9.335571e-07 5.473611e-03
1615 5.236839e-04 2.690565e-01
1616 1.577631e-04 1.570119e-01
1617 4.260974e-04 1.943234e-01
1618 2.296812e-04 7.725513e-02
1619 9.351879e-04 6.632551e-01
1620 1.189072e-06 1.120081e-02
1621 4.337762e-04 1.503388e-01
1622 3.157741e-07 5.918287e-03
1623 6.056415e-06 5.357521e-02
1624 5.517704e-08 5.300715e-03
1625 2.977261e-09 1.697744e-03
1626 2.381343e-08 9.853857e-03
1627 2.599098e-07 6.894082e-03
1628 8.528933e-10 1.990293e-03
1629 5.892675e-05 9.156007e-02
1630 9.150446e-10 1.722771e-03
1631 2.399555e-06 1.220312e-02
1632 5.079108e-08 1.017006e-02
1633 9.881030e-05 5.148570e-02
1634 2.474925e-03 7.400255e-01
1635 1.616935e-03 4.813773e-01
1636 1.895300e-03 1.270837e+00
1637 2.744702e-04 1.603636e-01
1638 1.643686e-03 1.086603e-01
1639 3.950626e-03 1.047836e+00
1640 2.454714e-03 2.399213e-01
1641 7.552315e-04 3.866030e-01
1642 3.724643e-04 1.056318e-01
1643 3.006370e-05 5.736759e-02
1644 4.658923e-04 1.759099e-01
1645 1.980554e-08 1.659096e-03
1646 1.109076e-03 8.159167e-02
1647 7.389055e-04 3.848391e-01
1648 2.226508e-06 6.595677e-03
1649 6.971465e-05 3.611161e-02
1650 7.572673e-04 4.162976e-01
1651 9.654259e-05 7.893688e-03
1652 2.010426e-03 8.417618e-01
1653 1.721411e-03 7.586128e-01
1654 2.884326e-07 2.847601e-03
1655 2.589820e-06 8.645804e-03
1656 4.570045e-10 3.791147e-03
1657 7.211173e-09 1.274958e-03
1658 2.246658e-07 3.468923e-03
1659 7.724661e-07 1.103088e-02
1660 2.085345e-10 2.013566e-03
1661 4.504278e-04 1.487180e-01
1662 1.870727e-08 8.359405e-03
1663 4.399295e-05 7.314857e-02
1664 2.297869e-09 7.017720e-03
1665 1.918497e-04 1.018206e-01
1666 3.803376e-05 1.037463e-01
1667 4.783520e-05 6.701448e-02
1668 1.153699e-06 3.174531e-03
1669 2.238836e-06 6.520383e-03
1670 1.158660e-06 1.143423e-02
1671 7.013472e-08 4.714802e-03
1672 5.345844e-06 3.273876e-02
1673 1.782012e-04 7.677408e-02
1674 2.057571e-05 4.469145e-03
1675 2.007121e-04 4.651086e-02
1676 7.051719e-08 1.487537e-03
1677 2.114403e-05 2.102841e-02
1678 8.488480e-05 3.129888e-01
1679 8.067469e-06 1.460907e-02
1680 3.297827e-06 1.881985e-02
1681 2.561437e-04 1.046971e-01
1682 2.074508e-06 8.474749e-03
1683 4.475903e-08 1.426920e-02
1684 5.183811e-08 7.036116e-03
1685 1.025051e-10 2.228345e-03
1686 9.193860e-06 4.933375e-02
1687 6.171631e-06 2.222548e-02
1688 4.799421e-09 1.180827e-03
1689 3.578177e-06 4.575098e-02
1690 1.599753e-06 1.135347e-02
1691 7.519399e-05 7.581070e-02
1692 6.007506e-04 7.751503e-01
1693 7.926677e-04 6.389533e-01
1694 5.208226e-04 2.108806e-01
1695 8.400102e-07 9.225119e-03
1696 4.293099e-08 3.058265e-03
1697 8.232767e-09 6.228153e-03
1698 6.154653e-04 1.541206e-01
1699 7.120934e-07 1.731684e-02
1700 1.332612e-04 4.359191e-02
1701 1.193392e-06 1.065445e-02
1702 1.236293e-06 6.278869e-03
1703 3.575851e-06 1.652736e-02
1704 2.049447e-06 7.306992e-03
1705 9.335290e-04 4.428172e-01
1706 3.443440e-05 5.463019e-02
1707 3.277219e-07 3.543535e-03
1708 1.144040e-11 2.066073e-03
1709 6.373796e-11 5.400187e-03
1710 5.810190e-10 1.420081e-03
1711 1.108265e-07 1.075409e-02
1712 2.499501e-07 5.675310e-03
1713 1.047267e-08 4.481290e-03
1714 4.275685e-08 6.152914e-03
1715 3.648298e-07 4.569463e-03
1716 2.285774e-08 6.170572e-03
1717 2.120820e-09 2.196855e-03
1718 2.092428e-07 1.829172e-02
1719 2.876018e-12 1.983144e-03
1720 1.035131e-06 4.862704e-03
1721 2.710700e-09 1.543032e-03
1722 2.762316e-07 1.302749e-02
1723 8.973848e-11 1.305809e-03
1724 2.608899e-11 1.416024e-03
1725 2.584364e-08 1.942784e-03
1726 1.765831e-06 3.790652e-02
1727 1.581174e-08 1.036274e-02
1728 6.821951e-09 2.570817e-03
1729 1.745583e-06 1.444453e-02
1730 1.105605e-07 4.529891e-03
1731 1.344144e-08 4.025019e-03
1732 1.734420e-03 1.485911e-01
1733 6.054519e-04 2.708403e-01
1734 1.866867e-03 4.539742e-01
1735 6.581383e-06 7.538902e-02
1736 5.717738e-08 7.937454e-03
1737 1.963667e-06 9.353198e-03
1738 2.317597e-04 2.561690e-01
1739 2.105894e-03 3.420139e-01
1740 4.032979e-06 2.514813e-02
1741 3.002560e-11 1.330463e-03
1742 5.191807e-08 1.710349e-03
1743 2.167237e-08 4.124153e-03
1744 3.060232e-08 2.078698e-03
1745 4.256693e-10 2.243340e-03
1746 8.747222e-08 8.584188e-03
1747 2.352366e-07 2.369806e-02
1748 4.103748e-05 1.299872e-02
1749 9.399151e-07 7.044799e-03
1750 9.023576e-07 8.846014e-03
1751 3.136664e-08 4.100992e-03
1752 2.536529e-08 7.635614e-03
1753 8.232777e-05 1.109725e-01
1754 1.670657e-03 5.249587e-01
1755 2.883682e-03 4.970550e-01
1756 1.372402e-06 2.007762e-02
1757 8.835083e-05 8.419016e-02
1758 1.841808e-03 8.158559e-01
1759 2.235609e-04 1.797169e-01
1760 6.742931e-04 3.302591e-01
1761 2.371192e-03 7.942127e-01
1762 1.041341e-03 8.032105e-01
1763 8.250925e-05 2.155586e-01
1764 7.373931e-05 2.958047e-02
1765 7.320371e-05 4.958024e-02
1766 7.107735e-04 3.237869e-01
1767 9.422972e-05 7.481551e-02
1768 2.342237e-05 3.679648e-02
1769 1.737001e-04 1.635354e-01
1770 1.667724e-03 2.344620e-01
1771 1.569627e-05 1.253935e-01
1772 3.090263e-08 4.458372e-03
1773 3.418728e-03 2.169766e+00
1774 1.743118e-03 3.782664e-01
1775 4.131301e-03 1.343305e+00
1776 4.880742e-04 2.673972e-01
1777 2.793673e-05 6.009966e-02
1778 4.317266e-04 7.248330e-01
1779 5.573246e-04 1.119979e-01
1780 3.039385e-05 7.342949e-02
1781 5.225794e-05 3.824958e-02
1782 5.502309e-05 3.929413e-02
1783 4.980488e-03 9.359769e-01
1784 7.480339e-05 8.436996e-02
1785 2.807579e-05 1.090670e-01
1786 3.490313e-04 4.463706e-02
1787 2.067202e-04 1.143553e-01
1788 1.046733e-03 4.102271e-01
1789 3.011515e-04 1.901568e-01
1790 9.217811e-06 2.048865e-02
1791 6.911504e-05 1.688720e-01
1792 1.047199e-03 3.268092e-01
1793 1.942075e-04 1.020766e-01
1794 1.678218e-04 4.319322e-02
1795 1.865069e-04 4.207598e-02
1796 6.906508e-05 1.221848e-01
1797 9.926413e-05 1.171902e-01
1798 6.608503e-06 5.045231e-02
1799 1.889013e-06 1.607972e-02
1800 1.160120e-04 2.169262e-01
1801 4.315081e-05 4.730779e-02
1802 2.527627e-03 7.878027e-01
1803 1.453035e-03 3.333444e-01
1804 4.817085e-04 3.049153e-01
1805 1.258232e-04 9.932269e-02
1806 1.303671e-04 7.417433e-02
1807 1.182268e-04 3.653309e-02
1808 6.249088e-04 3.203273e-01
1809 4.445192e-06 2.360797e-02
1810 6.621532e-08 9.320780e-03
1811 2.526981e-07 1.305995e-02
1812 8.214998e-05 2.595310e-02
1813 5.723911e-06 1.058946e-02
1814 7.030448e-08 2.086572e-02
1815 5.418773e-06 7.449670e-02
1816 4.678745e-06 3.063641e-02
1817 1.673760e-04 1.025142e-01
1818 9.655856e-07 4.659879e-02
1819 2.976715e-03 7.792175e-01
1820 3.311304e-04 1.684506e-01
1821 1.605268e-05 3.126068e-02
1822 9.019261e-07 2.102087e-02
1823 1.493638e-06 4.868660e-02
1824 1.484074e-03 1.111111e-01
1825 1.786155e-03 4.888832e-01
1826 4.116232e-04 1.269663e-01
1827 1.484972e-06 1.255535e-02
1828 3.464104e-06 1.823155e-02
1829 1.084960e-06 1.703817e-02
1830 1.936154e-03 1.206290e+00
1831 1.802967e-06 9.531321e-03
1832 4.523219e-04 5.764665e-02
1833 1.584547e-08 1.114228e-02
1834 1.165913e-05 2.449381e-02
1835 7.615138e-09 8.520561e-03
1836 3.643017e-06 6.834470e-03
1837 1.353808e-03 3.102315e-01
1838 5.693416e-05 3.718072e-02
1839 6.413617e-06 4.686048e-02
1840 1.698395e-05 8.650208e-02
1841 3.223426e-05 5.284992e-02
1842 3.315332e-06 2.237677e-02
1843 3.250865e-06 1.891538e-02
1844 2.505263e-06 2.156558e-02
1845 2.042570e-04 3.205853e-02
1846 2.802141e-06 7.355993e-03
1847 5.132056e-05 1.727673e-02
1848 1.166033e-06 1.288628e-02
1849 1.214289e-06 1.537656e-02
1850 2.314040e-06 1.002884e-02
1851 2.715246e-06 6.151725e-03
1852 6.563399e-07 4.841898e-03
1853 6.840195e-06 4.924810e-03
1854 2.819842e-04 1.162996e-01
1855 3.243225e-06 2.989984e-02
1856 3.224476e-04 1.106324e-01
1857 7.798564e-04 2.339467e-01
1858 8.632331e-05 1.139525e-01
1859 8.251913e-06 5.878122e-03
1860 1.259902e-03 1.503377e-01
1861 9.644646e-09 7.876341e-03
1862 2.606272e-06 9.894328e-03
1863 1.183354e-06 2.647101e-02
1864 8.184485e-04 1.993317e-01
1865 5.000677e-04 9.532916e-02
1866 1.019682e-05 5.045856e-02
1867 5.903112e-07 1.203645e-02
1868 2.042161e-08 9.838647e-03
1869 4.604797e-08 6.761221e-03
1870 4.762980e-07 1.602454e-02
1871 7.308866e-04 3.853224e-01
1872 2.776965e-04 2.583707e-01
1873 2.670359e-04 3.644345e-02
1874 4.197993e-05 9.978725e-02
1875 1.670691e-03 2.073770e-01
1876 6.529986e-05 1.361086e-02
1877 5.945143e-05 3.979345e-02
1878 6.535832e-05 1.120591e-02
1879 2.300686e-05 3.766102e-02
1880 3.902708e-05 2.261674e-02
1881 4.083441e-04 3.296790e-01
1882 7.943144e-06 6.493719e-02
1883 8.769044e-07 4.446994e-02
1884 4.048869e-05 8.952307e-02
1885 8.571066e-06 3.890316e-02
1886 2.822097e-05 1.162072e-01
1887 2.772655e-06 8.687113e-03
1888 3.805264e-07 1.632690e-02
1889 8.933184e-08 7.995929e-03
1890 6.281548e-10 5.479525e-03
1891 1.456043e-07 5.625062e-03
1892 1.280649e-06 6.050077e-03
1893 3.034823e-09 2.192662e-02
1894 2.165747e-05 6.314178e-02
1895 3.449875e-05 3.661377e-02
1896 2.741888e-07 5.059125e-03
1897 2.893184e-08 3.676452e-03
1898 1.837544e-06 3.915799e-03
1899 9.663634e-05 2.311276e-02
1900 2.678234e-05 2.401863e-02
1901 1.109973e-09 1.743927e-03
1902 1.573275e-03 3.894279e-01
1903 3.133366e-04 4.020113e-01
1904 1.119094e-04 4.559723e-02
1905 6.848700e-04 2.051919e-01
1906 1.622235e-03 7.400243e-01
1907 1.164034e-07 7.408751e-03
1908 1.264864e-06 8.222860e-03
1909 5.051386e-07 5.453260e-03
1910 4.198278e-04 4.959926e-02
1911 1.872464e-06 1.202704e-02
1912 1.152074e-04 7.925591e-02
1913 7.764705e-05 7.970970e-02
1914 8.488397e-04 2.086591e-01
1915 1.742901e-03 8.371423e-01
1916 1.064125e-03 2.994301e-01
1917 1.518648e-04 2.021463e-01
1918 2.893668e-04 2.151017e-01
1919 1.053980e-03 3.717989e-01
1920 4.273756e-05 7.229711e-02
1921 1.891636e-05 4.651247e-02
1922 4.267000e-04 2.347628e-01
1923 9.550399e-04 1.733836e-01
1924 8.335675e-04 4.152649e-01
1925 1.672858e-05 7.558786e-02
1926 5.937106e-06 2.506281e-02
1927 3.019089e-04 1.571992e-01
1928 3.480896e-04 3.612133e-01
1929 7.913359e-05 6.422692e-02
1930 2.251419e-07 6.090873e-03
1931 1.563270e-07 3.884073e-02
1932 2.963342e-07 2.590286e-02
1933 1.426048e-04 7.037232e-02
1934 1.098011e-06 7.618922e-03
1935 2.900056e-05 6.633137e-02
1936 5.540062e-06 2.257896e-02
1937 1.053346e-03 1.474596e-01
1938 1.030967e-03 1.751873e-01
1939 1.256348e-04 8.735869e-02
1940 1.176640e-04 1.031523e-01
1941 3.227936e-07 7.991232e-03
1942 2.164779e-04 1.770818e-01
1943 1.343718e-04 1.301071e-01
1944 2.214176e-05 3.775074e-02
1945 4.918490e-06 1.395583e-02
1946 8.465096e-05 1.420179e-01
1947 9.772301e-05 2.664941e-02
1948 1.379696e-03 1.818292e-01
1949 2.465580e-03 7.571818e-01
1950 1.351414e-03 2.902174e-01
1951 9.529703e-04 3.674768e-01
1952 5.785933e-05 1.507083e-01
1953 2.584285e-05 2.660766e-02
1954 3.018153e-05 1.871660e-02
1955 5.867039e-04 6.935142e-01
1956 7.113955e-04 4.830626e-01
1957 1.930173e-03 8.288374e-01
1958 6.137319e-04 5.009357e-01
1959 3.222663e-09 7.319686e-03
1960 1.865804e-05 1.870643e-02
1961 1.826882e-11 2.938944e-03
1962 4.159453e-08 7.223301e-03
1963 1.621646e-10 2.056921e-03
1964 7.992760e-10 3.510085e-03
1965 2.392793e-04 4.971204e-02
1966 1.520266e-06 1.210092e-02
1967 6.390663e-04 2.718310e-01
1968 4.054131e-05 2.631837e-02
1969 1.509062e-05 2.135487e-02
1970 3.646472e-06 9.724161e-03
1971 8.264370e-06 2.642106e-02
1972 3.548599e-08 7.142486e-03
1973 1.071702e-03 2.801842e-01
1974 3.435686e-06 4.104321e-02
1975 8.081971e-07 1.710827e-02
1976 2.609249e-05 3.365673e-02
1977 8.131769e-04 2.978427e-01
1978 6.574378e-05 7.153151e-02
1979 9.236956e-04 1.024096e-01
1980 2.078249e-03 1.243128e-01
1981 7.238965e-04 9.546250e-02
1982 2.460743e-04 1.682661e-01
1983 1.907232e-03 7.046828e-01
1984 9.271058e-05 9.881302e-02
1985 3.921974e-05 2.345571e-01
1986 4.283140e-05 8.876343e-02
1987 7.696884e-04 9.449314e-01
1988 9.686787e-06 5.386473e-02
1989 4.078104e-05 5.452325e-02
1990 5.144826e-04 2.349532e-01
1991 5.210983e-07 1.451136e-02
1992 1.030453e-04 6.043390e-02
1993 1.533406e-03 3.089007e-01
1994 5.510174e-04 8.696829e-02
1995 4.136696e-05 7.765968e-02
1996 9.563930e-04 8.395252e-02
1997 6.404370e-03 9.001731e-01
1998 3.686752e-04 2.680743e-01
1999 3.630928e-03 4.394281e-01
2000 1.843465e-03 2.284118e-01
