1 5.068468e-03 4.231841e-01
2 3.594387e-05 1.953024e-02
3 8.782904e-06 2.473916e-03
4 3.901214e-07 1.844980e-03
5 8.440534e-07 2.593420e-03
6 3.757377e-03 2.885113e-01
7 4.625903e-05 1.066780e-02
8 2.660207e-05 4.177556e-02
9 2.011351e-08 2.383092e-03
10 6.357311e-05 8.514749e-02
11 5.430413e-07 5.149119e-03
12 4.635041e-08 1.230214e-03
13 7.315708e-04 2.042710e-01
14 4.023981e-07 7.605588e-03
15 2.935515e-06 2.980159e-03
16 3.039298e-05 2.466563e-02
17 4.250022e-07 1.904833e-03
18 7.342107e-04 1.772566e-01
19 7.559327e-06 7.636095e-03
20 2.975347e-10 1.022698e-03
21 3.721957e-03 5.788243e-01
22 1.739267e-05 5.048920e-03
23 2.526767e-05 2.720781e-02
24 2.206128e-04 1.877957e-01
25 1.782744e-03 1.547299e-01
26 1.257128e-05 3.823317e-03
27 2.275737e-04 1.307575e-02
28 2.939346e-06 3.552392e-03
29 1.640215e-03 3.796585e-01
30 3.098888e-03 5.614838e-01
31 6.287979e-04 2.315524e-01
32 8.599777e-05 1.002208e-02
33 1.025105e-07 1.221148e-03
34 2.088160e-07 1.150556e-03
35 1.279336e-06 3.029595e-03
36 1.163278e-03 3.438804e-01
37 4.402964e-04 5.641902e-02
38 3.265463e-06 8.494979e-03
39 4.211020e-08 1.948115e-03
40 1.049576e-06 3.491492e-03
41 9.497878e-05 1.957117e-02
42 5.911923e-07 4.996947e-03
43 1.070095e-03 2.569455e-01
44 9.612340e-05 6.288782e-02
45 1.119847e-04 1.136920e-01
46 9.920112e-06 8.739146e-03
47 9.680049e-05 2.638558e-01
48 1.328228e-04 9.241242e-02
49 2.385129e-05 8.674933e-03
50 2.879088e-03 4.301494e-01
51 9.814354e-06 1.171636e-02
52 8.701930e-06 2.332143e-02
53 4.260664e-05 6.044678e-03
54 5.107027e-06 9.782268e-03
55 1.157442e-06 4.990047e-03
56 3.480136e-05 7.931406e-03
57 9.007109e-06 1.436881e-02
58 8.514438e-04 7.241255e-02
59 2.107920e-04 3.667387e-02
60 1.252967e-08 1.410135e-03
61 4.976489e-03 6.776115e-01
62 7.485511e-06 3.272418e-02
63 1.271857e-06 1.899668e-03
64 4.273755e-07 4.157336e-03
65 6.963995e-05 4.145887e-02
66 1.011413e-05 4.410161e-03
67 3.539824e-06 7.227510e-03
68 1.905050e-05 7.721458e-03
69 2.106526e-07 1.419081e-03
70 9.555138e-08 1.338973e-03
71 6.244610e-04 1.913314e-01
72 1.234339e-05 1.892011e-02
73 2.717527e-07 4.138363e-03
74 1.851762e-04 1.712767e-01
75 3.931218e-05 9.394463e-03
76 1.574217e-06 2.792682e-03
77 1.161829e-05 3.676919e-02
78 4.483984e-04 2.263815e-01
79 7.799810e-04 8.058640e-02
80 2.717538e-06 2.541966e-03
81 2.086144e-06 1.588682e-03
82 1.955438e-05 4.069500e-03
83 9.060127e-05 1.616784e-02
84 6.393717e-07 1.853583e-03
85 3.815901e-04 4.855319e-02
86 5.643103e-06 6.382444e-03
87 3.673068e-07 2.803286e-03
88 1.558965e-07 1.695150e-03
89 7.423237e-06 2.163770e-02
90 4.999152e-04 1.507494e-01
91 1.986729e-03 1.135178e-01
92 4.236421e-03 5.934962e-01
93 1.917561e-05 1.356457e-02
94 4.538855e-06 3.978805e-03
95 2.002864e-03 5.060173e-01
96 6.948417e-05 9.596456e-03
97 2.960548e-06 3.509223e-02
98 2.682977e-06 3.420226e-03
99 9.042138e-05 9.458308e-03
100 3.480125e-03 8.092633e-01
101 3.395446e-06 4.624575e-03
102 4.939520e-06 1.467131e-02
103 2.739631e-03 2.013394e-01
104 1.644545e-04 3.337644e-02
105 1.751088e-04 4.793655e-02
106 6.555819e-07 8.961284e-03
107 1.534698e-07 2.873337e-03
108 6.434688e-06 1.881374e-02
109 3.583278e-07 5.084099e-03
110 7.769170e-06 1.110837e-02
111 1.259062e-03 3.091041e-01
112 3.862643e-04 7.549582e-02
113 1.665899e-03 3.911357e-01
114 1.749676e-03 2.641782e-01
115 7.722253e-04 1.177026e-01
116 1.346876e-03 1.730945e-01
117 7.105082e-04 8.261811e-02
118 1.551725e-03 2.028989e-01
119 1.147157e-08 4.547417e-03
120 1.547353e-08 3.640207e-03
121 1.243712e-07 1.149021e-02
122 6.747903e-07 1.868056e-03
123 4.082149e-06 5.730218e-03
124 5.001062e-05 1.219124e-02
125 2.533495e-08 3.998190e-03
126 1.928218e-06 5.978263e-03
127 3.189910e-07 9.648963e-03
128 1.320630e-06 7.775459e-03
129 3.791613e-07 4.456265e-03
130 3.384328e-07 3.964521e-03
131 3.602849e-07 5.886058e-03
132 1.356748e-06 4.610492e-03
133 5.222126e-07 7.656675e-03
134 1.712482e-05 2.041628e-02
135 1.866494e-07 4.525253e-03
136 8.826202e-07 4.045262e-03
137 5.729013e-06 1.218702e-02
138 4.324930e-07 9.356809e-03
139 6.874817e-07 8.684594e-03
140 2.573225e-07 5.169555e-03
141 4.956549e-08 3.029014e-03
142 4.691164e-07 3.105246e-03
143 1.721525e-06 6.865590e-03
144 1.869820e-07 8.557267e-03
145 6.837822e-08 4.698082e-03
146 3.050480e-07 6.113465e-03
147 7.256527e-07 6.296042e-03
148 1.532755e-07 7.982729e-03
149 1.411691e-06 4.248530e-03
150 4.395456e-08 3.986485e-03
151 3.023626e-06 9.955065e-03
152 9.293244e-07 5.904681e-03
153 2.105689e-07 2.971598e-03
154 7.302436e-08 3.759737e-03
155 3.662763e-08 3.022194e-03
156 8.198306e-07 3.822509e-03
157 1.700361e-07 4.021704e-03
158 2.364659e-06 4.452397e-03
159 1.006574e-06 5.830447e-03
160 1.624788e-06 5.115328e-03
161 8.500888e-08 3.126111e-03
162 4.923539e-08 3.001820e-03
163 1.198231e-07 3.076951e-03
164 9.606989e-09 1.642240e-03
165 1.047804e-08 1.681884e-03
166 4.257412e-09 1.657359e-03
167 3.655886e-08 2.936005e-03
168 4.522808e-07 3.283242e-03
169 3.280716e-06 5.933960e-03
170 3.810130e-09 1.639576e-03
171 1.671080e-07 3.409490e-03
172 2.310537e-08 3.217395e-03
173 1.254497e-08 1.618906e-03
174 4.731073e-08 3.085539e-03
175 4.128702e-08 3.090735e-03
176 2.905896e-08 2.996919e-03
177 9.974863e-09 1.656420e-03
178 1.477184e-07 2.272259e-03
179 5.519900e-09 1.614413e-03
180 3.173003e-08 3.092770e-03
181 2.244192e-08 2.124521e-03
182 2.136680e-08 3.396419e-03
183 4.186528e-09 1.196406e-03
184 3.638535e-09 1.614734e-03
185 5.331580e-09 1.232813e-03
186 3.966418e-08 2.176140e-03
187 4.222145e-09 1.906627e-03
188 1.497942e-09 1.592514e-03
189 1.808231e-09 1.133911e-03
190 4.677352e-09 1.208503e-03
191 1.762701e-05 1.740191e-02
192 2.278585e-06 3.727271e-03
193 1.248364e-04 3.129233e-02
194 9.330604e-05 2.882761e-02
195 5.843315e-06 6.155022e-03
196 3.431017e-05 1.301056e-02
197 2.489989e-04 2.315483e-02
198 7.023032e-06 6.131650e-03
199 6.584306e-06 1.307728e-02
200 8.942110e-06 9.724197e-03
201 2.725575e-05 1.154700e-02
202 1.981415e-05 1.966577e-02
203 5.883935e-07 3.488774e-03
204 8.151246e-06 5.147287e-03
205 5.216058e-06 7.977056e-03
206 1.515052e-06 3.809462e-03
207 3.529095e-06 9.388899e-03
208 1.853191e-07 3.455213e-03
209 3.454862e-06 7.942745e-03
210 2.216163e-06 4.579133e-03
211 4.599418e-07 2.394009e-03
212 8.008770e-05 2.173377e-02
213 7.343596e-07 2.426560e-03
214 4.664396e-07 4.242058e-03
215 5.840900e-06 4.584788e-03
216 1.966783e-05 7.139137e-03
217 6.781600e-07 2.085175e-03
218 3.384918e-05 2.288606e-02
219 4.345989e-05 1.470558e-02
220 6.447195e-07 3.513701e-03
221 1.761272e-06 3.863488e-03
222 1.758695e-06 6.935815e-03
223 2.012877e-06 9.644804e-03
224 2.166990e-08 3.042589e-03
225 6.376683e-07 5.419833e-03
226 2.920898e-07 3.631509e-03
227 2.458546e-07 4.247641e-03
228 5.769695e-07 5.010632e-03
229 1.210866e-05 1.343973e-02
230 1.220485e-06 7.702059e-03
231 3.479591e-06 6.604472e-03
232 8.603599e-07 5.035069e-03
233 6.209979e-07 6.120731e-03
234 8.520489e-07 4.898087e-03
235 3.913320e-08 4.501157e-03
236 5.568996e-07 4.943166e-03
237 2.065529e-08 3.367042e-03
238 2.607815e-07 5.700315e-03
239 4.698625e-08 3.544103e-03
240 2.622051e-07 3.141446e-03
241 7.016125e-07 4.018835e-03
242 7.647684e-07 4.937255e-03
243 4.600652e-08 3.170193e-03
244 1.655250e-07 4.668447e-03
245 5.235427e-07 4.951256e-03
246 8.422697e-08 3.832847e-03
247 5.389211e-07 4.906661e-03
248 6.172514e-08 2.658501e-03
249 2.195720e-06 7.549337e-03
250 3.287817e-07 4.141683e-03
251 1.624725e-07 2.881966e-03
252 3.447696e-06 6.758215e-03
253 2.247641e-08 3.333144e-03
254 1.014057e-07 4.817446e-03
255 9.763683e-07 6.412238e-03
256 5.907477e-08 2.730639e-03
257 1.081423e-07 3.436602e-03
258 1.507412e-05 5.176432e-03
259 5.479642e-05 1.052589e-02
260 2.125014e-05 1.381172e-02
261 2.859062e-05 1.110680e-02
262 5.043857e-06 6.378397e-03
263 1.068047e-05 7.109140e-03
264 1.122652e-05 1.939018e-02
265 1.754071e-06 7.161859e-03
266 3.307363e-05 1.707038e-02
267 6.170501e-05 4.030721e-02
268 4.329109e-06 2.070340e-02
269 5.377496e-06 3.173315e-02
270 1.287141e-06 4.344334e-03
271 3.633155e-06 7.192986e-03
272 7.931926e-07 6.832622e-03
273 9.045862e-07 4.427026e-03
274 1.905894e-06 5.462090e-03
275 8.083903e-07 8.577273e-03
276 3.612709e-05 3.378049e-02
277 3.422416e-07 3.466170e-03
278 6.221127e-07 2.676972e-03
279 5.604575e-06 1.611040e-02
280 1.676973e-06 6.028173e-03
281 1.920802e-06 8.575030e-03
282 2.266590e-06 1.247391e-02
283 1.154732e-06 3.320376e-03
284 1.680823e-05 8.057590e-03
285 6.149771e-05 2.206232e-02
286 1.127358e-04 3.117040e-02
287 7.914113e-06 6.674394e-03
288 1.182214e-05 1.382006e-02
289 1.021293e-04 3.783146e-02
290 1.572873e-04 4.977596e-02
291 7.948102e-06 7.690851e-03
292 4.540093e-05 1.711035e-02
293 1.696406e-05 1.764230e-02
294 1.810407e-05 2.675221e-02
295 1.668042e-06 1.798750e-02
296 3.924007e-04 9.657012e-02
297 5.239152e-03 4.053458e-01
298 1.199324e-04 3.087266e-02
299 1.844837e-06 4.376290e-03
300 8.581991e-07 4.578732e-03
301 7.874344e-04 6.189271e-02
302 6.302839e-07 5.068156e-03
303 1.657039e-07 3.068290e-03
304 4.090387e-08 2.274225e-03
305 3.702882e-08 2.659765e-03
306 2.825779e-08 2.687825e-03
307 1.317818e-09 2.646339e-03
308 4.913087e-09 2.581362e-03
309 3.915680e-06 4.726009e-03
310 1.409319e-08 3.222095e-03
311 2.052309e-09 2.653491e-03
312 1.503767e-07 2.199069e-03
313 1.823078e-09 2.542458e-03
314 6.845288e-09 2.548359e-03
315 2.041174e-09 2.676300e-03
316 1.219788e-08 2.820067e-03
317 1.669431e-09 1.929748e-03
318 8.907977e-09 1.946628e-03
319 5.124978e-07 2.186481e-03
320 1.308770e-09 2.507092e-03
321 1.470223e-09 1.425991e-03
322 1.506229e-04 5.966401e-02
323 2.303668e-04 8.189959e-02
324 3.152125e-07 9.475535e-03
325 2.456877e-05 1.322153e-02
326 7.800376e-08 3.477154e-03
327 1.421875e-05 2.290325e-02
328 1.621215e-06 9.528632e-03
329 7.762094e-05 7.752899e-02
330 1.544788e-03 3.527234e-01
331 3.398628e-05 3.141316e-02
332 1.166207e-04 1.530219e-01
333 2.511516e-06 4.907468e-03
334 4.593748e-06 1.393965e-02
335 1.384464e-06 8.280653e-03
336 6.792732e-06 1.502703e-02
337 1.137686e-04 5.841791e-02
338 2.482541e-05 1.850230e-02
339 2.019767e-03 1.989406e-01
340 1.583247e-05 5.041294e-03
341 3.911196e-05 5.264138e-03
342 3.684961e-05 1.439718e-02
343 1.071411e-04 3.485444e-02
344 3.709979e-06 3.848008e-03
345 1.795854e-05 7.412737e-03
346 9.599997e-07 2.469314e-03
347 6.127285e-07 2.934549e-03
348 1.904314e-05 9.095148e-03
349 1.449674e-05 1.024410e-02
350 1.774631e-07 3.248823e-03
351 4.055959e-07 2.842209e-03
352 6.708480e-06 2.696139e-03
353 2.356021e-05 5.100473e-03
354 5.864728e-06 4.084552e-03
355 6.464573e-06 4.254903e-03
356 2.993649e-07 2.349829e-03
357 3.941923e-05 9.073537e-03
358 3.703763e-05 2.148685e-02
359 1.062741e-05 6.470744e-03
360 6.588088e-06 5.921289e-03
361 6.204383e-05 3.786648e-02
362 4.636251e-07 2.436548e-03
363 4.386588e-07 3.352715e-03
364 6.708480e-06 2.696139e-03
365 7.326622e-05 2.310418e-02
366 4.219456e-05 8.195151e-03
367 2.386819e-05 9.797696e-03
368 1.449674e-05 1.024410e-02
369 2.405505e-04 7.601585e-02
370 3.152524e-06 1.349415e-02
371 9.397094e-06 1.891526e-02
372 2.227471e-03 6.348445e-01
373 1.242617e-04 1.633984e-01
374 3.484553e-03 4.386110e-01
375 7.130351e-06 2.391048e-02
376 1.159824e-03 1.157221e-01
377 2.254985e-06 8.864258e-03
378 6.769563e-05 1.972491e-02
379 4.483365e-06 8.235693e-03
380 1.660308e-05 8.942671e-03
381 3.617811e-07 1.874185e-03
382 3.321790e-06 9.894720e-03
383 1.194627e-07 1.808261e-03
384 8.238975e-06 7.179787e-03
385 9.221155e-08 4.585917e-03
386 6.374205e-06 6.271181e-03
387 2.254848e-05 1.405676e-02
388 1.002750e-07 2.760590e-03
389 3.837998e-06 5.809825e-03
390 1.075733e-06 4.673766e-03
391 2.527378e-05 2.992436e-02
392 4.380200e-05 9.254974e-03
393 2.689808e-05 1.380494e-02
394 6.388408e-07 2.923885e-03
395 5.437384e-06 7.942520e-03
396 3.130278e-05 3.314017e-02
397 2.113641e-05 1.419296e-02
398 1.780674e-04 2.240686e-02
399 2.281349e-05 8.961418e-03
400 2.112358e-04 2.895072e-02
401 6.467563e-06 7.827440e-03
402 1.344748e-06 6.880758e-03
403 1.209098e-05 8.633573e-03
404 2.879119e-05 1.348830e-02
405 8.602238e-06 1.051316e-02
406 5.352631e-06 8.600905e-03
407 5.924062e-07 4.508878e-03
408 1.617805e-05 8.887513e-03
409 1.120012e-03 1.111344e-01
410 1.504326e-05 1.770938e-02
411 9.342039e-06 1.644958e-02
412 1.588398e-04 3.247269e-02
413 1.411266e-05 7.445538e-03
414 7.787823e-06 9.218134e-03
415 3.609853e-06 5.551176e-03
416 1.780083e-06 6.585369e-03
417 3.541249e-06 9.358505e-03
418 4.308266e-04 6.017558e-02
419 4.095656e-04 1.244193e-01
420 5.368049e-05 3.876171e-02
421 3.372651e-05 1.951225e-02
422 3.162331e-05 2.865031e-02
423 1.396331e-04 6.510488e-02
424 2.838146e-04 1.819963e-01
425 3.947523e-04 6.458229e-02
426 4.938413e-05 4.266478e-02
427 4.944615e-04 1.311591e-01
428 6.264580e-05 3.127575e-02
429 4.119912e-05 2.605215e-02
430 3.979789e-05 3.394161e-02
431 1.243718e-04 4.325372e-02
432 6.284975e-05 2.141365e-02
433 2.492826e-05 1.900131e-02
434 2.846928e-05 3.477708e-02
435 5.349604e-05 4.699153e-02
436 1.886272e-05 2.697392e-02
437 4.221615e-05 3.137818e-02
438 1.849463e-05 2.494159e-02
439 5.389918e-04 1.572146e-01
440 3.748611e-05 1.751104e-02
441 1.496137e-05 1.573015e-02
442 4.214889e-05 5.066957e-02
443 9.532286e-06 2.269270e-02
444 3.234045e-04 1.759921e-01
445 3.007356e-04 1.459668e-01
446 1.966341e-09 9.153766e-04
447 1.387683e-09 1.224497e-03
448 1.378845e-10 9.088564e-04
449 1.318241e-09 9.125595e-04
450 1.507247e-09 9.934482e-04
451 7.098008e-08 1.777579e-03
452 7.078392e-09 1.227179e-03
453 1.658083e-08 1.121165e-03
454 5.112092e-09 1.245130e-03
455 3.761206e-08 1.249862e-03
456 9.748077e-10 1.031916e-03
457 1.576212e-11 9.244448e-04
458 1.107209e-08 1.232769e-03
459 1.968644e-06 1.433179e-02
460 1.156017e-08 2.593198e-03
461 6.024615e-10 1.054457e-03
462 5.814259e-08 2.963647e-03
463 1.620308e-08 1.126934e-03
464 3.030192e-08 1.328026e-03
465 8.487125e-10 1.150970e-03
466 3.471142e-09 1.380810e-03
467 1.398465e-09 1.082722e-03
468 8.258152e-10 1.091908e-03
469 1.242306e-08 1.325517e-03
470 1.190038e-08 1.754559e-03
471 3.940027e-09 1.218600e-03
472 1.412389e-09 1.118943e-03
473 7.844556e-09 1.318483e-03
474 3.716195e-10 1.048054e-03
475 1.849333e-08 1.315283e-03
476 2.749118e-08 1.411328e-03
477 1.128078e-06 3.071861e-03
478 6.772572e-06 6.567048e-03
479 1.248414e-07 1.565677e-03
480 3.560012e-08 2.065888e-03
481 1.576210e-08 1.858483e-03
482 1.325823e-08 2.107763e-03
483 5.123995e-09 2.060730e-03
484 1.686159e-07 2.109291e-03
485 1.083030e-08 1.759174e-03
486 6.089909e-06 1.316226e-02
487 1.319659e-08 1.486434e-03
488 3.564069e-06 9.157408e-03
489 2.550051e-03 1.792695e-01
490 6.040769e-06 6.362223e-03
491 3.609595e-06 8.438849e-03
492 1.679050e-06 5.605130e-03
493 3.189312e-06 6.465485e-03
494 1.441812e-07 6.443719e-03
495 4.471912e-07 4.917321e-03
496 9.018106e-05 2.082343e-02
497 5.336613e-05 3.750687e-02
498 6.761149e-06 7.464810e-03
499 9.438462e-07 7.788517e-03
500 3.220970e-07 5.120897e-03
501 8.454907e-06 8.469534e-03
502 9.555415e-04 1.562903e-01
503 2.213917e-05 7.401825e-03
504 2.498449e-05 7.818194e-03
505 9.206166e-06 6.497508e-03
506 4.635663e-05 2.055306e-02
507 3.752594e-05 2.141425e-02
508 1.874229e-05 1.165880e-02
509 3.267093e-06 8.471061e-03
510 1.274391e-05 1.109498e-02
511 3.885462e-06 5.927324e-03
512 4.622656e-06 7.859084e-03
513 1.507829e-05 7.103664e-03
514 2.293086e-03 4.667875e-01
515 6.679522e-07 6.901452e-03
516 1.995623e-07 6.817481e-03
517 2.264730e-06 1.341211e-02
518 4.698609e-07 6.860626e-03
519 7.013730e-06 2.229827e-02
520 2.411332e-06 1.807025e-02
521 2.303787e-05 2.370565e-02
522 3.264028e-05 2.118055e-02
523 2.303313e-05 2.377442e-02
524 1.015354e-06 1.292285e-02
525 2.682578e-06 7.700907e-03
526 1.007861e-05 2.237199e-02
527 3.324650e-06 9.516054e-03
528 2.150935e-07 5.945709e-03
529 9.359486e-06 1.669253e-02
530 5.585815e-07 5.071693e-03
531 1.592587e-06 7.080989e-03
532 4.422917e-06 1.803764e-02
533 2.093165e-06 1.224094e-02
534 1.028131e-06 1.133221e-02
535 2.441268e-06 1.189510e-02
536 1.958646e-05 3.414004e-02
537 5.194225e-06 2.390698e-02
538 3.181324e-06 1.236991e-02
539 1.660410e-05 2.182840e-02
540 9.716227e-06 2.145751e-02
541 1.487829e-05 2.352845e-02
542 7.271545e-04 1.288571e-01
543 2.801254e-06 1.851406e-02
544 1.098388e-06 7.212838e-03
545 7.970315e-06 6.647116e-03
546 5.715443e-06 5.091941e-03
547 1.014114e-08 2.494176e-03
548 1.287493e-07 3.015965e-03
549 4.986179e-08 1.587143e-03
550 1.650489e-06 5.408195e-03
551 1.146710e-06 2.565909e-03
552 2.155716e-05 1.616031e-02
553 8.231552e-05 2.375838e-02
554 8.674717e-06 7.854051e-03
555 7.440946e-06 1.068600e-02
556 2.337082e-06 2.891145e-03
557 7.523462e-07 3.712213e-03
558 2.995337e-05 8.629107e-03
559 8.541960e-08 2.461949e-03
560 2.005777e-06 3.842510e-03
561 1.197856e-06 3.000501e-03
562 1.689838e-06 3.271487e-03
563 2.141832e-07 4.731737e-03
564 7.686184e-07 3.192256e-03
565 4.942939e-06 1.381165e-02
566 4.901534e-06 4.691395e-03
567 1.235200e-04 4.987018e-02
568 3.221456e-05 1.373710e-02
569 2.832677e-04 2.838214e-02
570 1.077895e-05 1.159146e-02
571 7.920832e-06 7.188219e-03
572 7.000606e-05 1.425783e-02
573 1.100617e-05 5.266501e-03
574 3.298216e-05 1.680643e-02
575 7.842988e-06 6.667156e-03
576 4.770302e-05 1.015475e-02
577 2.783135e-05 1.043714e-02
578 4.929145e-06 9.195013e-03
579 3.813804e-03 3.984336e-01
580 1.182024e-04 1.515193e-02
581 5.181286e-06 3.714553e-03
582 1.964061e-04 2.380477e-02
583 1.278234e-05 8.272254e-03
584 6.052935e-05 9.503097e-03
585 3.130464e-04 4.061734e-02
586 9.500717e-06 1.174886e-02
587 8.771834e-06 1.209578e-02
588 4.218572e-06 9.555150e-03
589 1.299919e-06 2.469540e-03
590 7.113584e-04 2.220781e-01
591 3.784638e-04 5.286713e-02
592 3.763311e-06 5.972937e-03
593 5.656358e-06 1.560713e-02
594 7.125685e-05 1.431637e-02
595 2.787745e-07 6.631842e-03
596 2.311917e-03 5.382318e-01
597 1.307529e-09 1.912538e-03
598 4.341846e-08 1.966797e-03
599 3.229701e-08 1.936340e-03
600 8.649276e-08 2.055859e-03
601 2.787256e-07 3.018723e-03
602 4.457616e-08 2.560946e-03
603 5.073124e-08 3.250335e-03
604 4.336652e-09 1.931268e-03
605 7.954508e-08 2.072331e-03
606 4.259640e-09 1.931914e-03
607 2.338730e-09 1.777569e-03
608 5.023327e-09 2.030911e-03
609 4.992785e-06 1.223210e-02
610 9.873725e-07 4.216102e-03
611 8.760407e-04 1.849441e-01
612 1.383683e-05 2.517754e-02
613 1.583102e-05 1.754673e-02
614 2.329184e-05 2.517960e-02
615 3.697928e-06 1.022844e-02
616 1.188330e-08 3.280509e-03
617 9.396427e-06 1.207160e-02
618 4.547043e-08 4.228197e-03
619 3.345711e-07 5.012164e-03
620 6.583981e-08 5.442975e-03
621 9.734383e-05 4.421575e-02
622 3.363925e-07 5.925934e-03
623 8.385583e-08 7.246211e-03
624 1.576689e-07 6.003781e-03
625 3.529555e-07 4.526316e-03
626 1.512589e-03 3.389133e-01
627 8.419338e-07 4.927442e-03
628 2.800449e-06 1.245953e-02
629 2.668634e-04 4.304352e-02
630 9.118545e-05 2.612034e-02
631 2.484979e-05 2.128688e-02
632 3.037770e-05 3.540362e-02
633 3.913389e-07 6.050216e-03
634 2.733226e-06 5.119272e-03
635 9.921044e-07 5.083956e-03
636 7.276371e-07 7.191692e-03
637 3.105217e-06 1.326166e-02
638 5.227870e-07 8.767128e-03
639 1.013539e-05 1.494317e-02
640 1.593228e-06 4.689925e-03
641 4.439340e-07 5.554748e-03
642 1.308814e-06 6.884413e-03
643 3.292698e-05 3.287545e-02
644 1.979280e-06 6.043301e-03
645 4.042922e-06 1.207808e-02
646 3.706977e-06 1.880466e-02
647 1.472166e-06 7.431689e-03
648 1.945924e-05 2.447672e-02
649 2.796272e-06 1.045117e-02
650 1.364154e-06 5.666351e-03
651 4.319320e-07 6.351164e-03
652 7.396289e-07 7.456258e-03
653 1.803578e-04 2.975368e-01
654 2.672311e-05 6.352984e-02
655 1.330366e-07 2.896236e-03
656 2.143551e-05 2.338903e-02
657 2.442872e-03 3.504344e-01
658 1.539809e-05 1.914151e-02
659 3.146022e-06 1.314534e-02
660 1.059880e-05 1.251778e-02
661 5.295445e-05 3.130601e-02
662 5.904487e-04 1.726275e-01
663 7.549412e-06 1.343872e-02
664 9.858280e-06 1.384730e-02
665 1.344117e-05 1.545034e-02
666 3.534970e-05 2.694148e-02
667 5.182755e-05 1.513106e-02
668 2.401344e-06 6.919245e-03
669 4.764023e-05 2.673446e-02
670 9.308868e-05 2.692100e-02
671 1.171503e-04 3.289141e-02
672 5.088644e-07 6.890514e-03
673 1.396389e-04 1.540154e-01
674 1.071651e-05 6.850780e-03
675 4.714994e-04 1.185802e-01
676 1.127444e-05 1.623257e-02
677 6.396212e-06 2.968059e-02
678 1.316716e-06 7.952011e-03
679 1.360524e-04 7.329699e-02
680 6.730145e-08 3.433166e-03
681 1.541602e-05 1.189992e-02
682 8.623904e-04 4.952980e-01
683 1.757937e-05 1.477290e-02
684 9.919286e-04 9.518451e-02
685 5.855160e-06 8.543851e-03
686 6.359370e-04 2.234410e-01
687 1.285997e-05 6.390066e-03
688 1.858016e-06 8.143477e-03
689 2.796265e-06 8.819142e-03
690 3.710971e-05 1.238456e-02
691 5.821601e-06 1.491589e-02
692 4.094485e-06 1.167824e-02
693 2.278849e-05 8.467368e-03
694 1.413198e-05 4.861814e-03
695 4.906912e-06 8.171935e-03
696 2.046010e-04 7.309601e-02
697 2.321923e-05 7.813001e-02
698 5.857155e-04 9.849195e-02
699 1.047177e-06 1.646342e-02
700 5.455189e-05 1.945205e-02
701 5.324201e-06 9.037174e-03
702 2.326183e-05 1.390270e-02
703 2.779649e-06 7.022893e-03
704 2.903706e-05 2.500953e-02
705 5.023578e-05 9.392387e-03
706 2.831472e-05 1.236179e-02
707 1.473674e-05 7.121474e-03
708 3.666367e-04 3.828352e-01
709 2.229698e-05 2.270740e-02
710 2.939572e-04 5.183021e-02
711 2.563187e-04 6.959335e-02
712 3.360152e-05 3.422531e-02
713 8.047481e-05 2.803912e-02
714 4.964289e-05 1.574653e-02
715 8.395442e-07 6.403476e-03
716 1.738949e-05 1.604275e-02
717 2.149972e-05 2.966414e-02
718 1.787041e-05 1.042496e-02
719 1.178914e-05 1.061524e-02
720 1.604783e-05 1.785217e-02
721 1.221793e-04 2.145683e-02
722 8.503392e-05 2.223298e-02
723 1.356767e-04 5.634973e-02
724 1.313173e-06 6.760730e-03
725 1.864891e-06 6.877901e-03
726 9.777721e-06 1.111521e-02
727 1.658860e-03 3.504010e-01
728 1.169624e-05 1.228374e-02
729 1.155186e-05 1.309244e-02
730 2.977418e-05 1.626190e-02
731 1.106482e-05 5.796492e-03
732 7.500202e-06 6.442946e-03
733 1.203163e-05 9.310118e-03
734 1.967304e-05 1.308930e-02
735 2.665751e-05 9.113751e-03
736 9.699725e-06 1.901913e-02
737 1.031424e-03 1.369885e-01
738 8.764151e-05 4.207538e-02
739 4.197771e-05 8.762080e-03
740 2.955163e-05 9.791575e-03
741 2.452416e-05 7.822549e-03
742 1.650981e-04 3.235381e-02
743 4.764225e-05 1.157130e-02
744 1.064391e-04 1.692414e-02
745 1.105274e-04 2.696690e-02
746 1.268327e-05 8.806682e-03
747 2.821818e-05 9.109605e-03
748 1.649061e-06 5.925471e-03
749 9.834214e-06 2.768897e-02
750 8.415911e-05 4.609038e-02
751 8.868918e-07 8.106895e-03
752 5.203750e-06 1.106877e-02
753 3.905334e-04 1.735407e-01
754 1.370632e-05 1.657346e-02
755 6.775376e-05 4.144840e-02
756 1.672694e-06 1.068439e-02
757 1.239386e-04 7.073141e-02
758 1.401680e-06 5.357746e-03
759 5.306815e-05 1.908126e-02
760 5.344641e-04 1.296451e-01
761 4.334407e-04 8.722625e-02
762 3.670540e-06 9.563853e-03
763 5.839651e-06 1.108636e-02
764 6.591975e-06 9.889880e-03
765 1.171567e-03 2.617601e-01
766 1.058913e-03 4.681001e-01
767 1.362151e-03 1.587375e-01
768 3.096020e-03 2.430164e-01
769 4.491442e-06 1.095582e-02
770 5.995274e-07 4.975977e-03
771 8.627773e-07 4.823086e-03
772 1.830316e-06 4.666511e-03
773 4.669582e-04 9.940966e-02
774 4.927255e-06 6.306811e-03
775 7.502694e-06 1.086746e-02
776 2.104784e-06 5.563407e-03
777 2.115501e-06 1.014043e-02
778 3.895313e-04 8.059900e-02
779 8.137543e-07 8.890261e-03
780 3.222855e-06 6.093174e-03
781 1.679999e-07 5.335411e-03
782 5.365627e-07 2.385331e-03
783 4.361687e-07 3.573710e-03
784 1.820085e-05 1.767445e-02
785 1.401440e-05 1.022103e-02
786 6.901765e-06 7.163201e-03
787 8.922077e-06 9.098747e-03
788 4.365795e-06 1.139732e-02
789 1.785919e-06 8.366701e-03
790 1.614199e-04 8.362704e-02
791 1.124597e-06 4.139538e-03
792 1.832514e-06 1.027732e-02
793 1.511847e-05 1.074347e-02
794 2.202234e-04 2.059743e-01
795 3.564828e-05 1.400154e-02
796 4.631959e-06 5.860147e-03
797 1.637657e-04 8.689590e-02
798 2.490416e-06 7.270147e-03
799 2.865212e-04 5.753479e-02
800 2.845385e-05 1.698198e-02
801 1.283942e-05 1.031837e-02
802 1.509450e-03 9.252389e-02
803 1.746881e-03 3.031603e-01
804 9.033906e-06 1.048127e-02
805 1.339758e-04 3.797568e-02
806 8.442230e-05 1.137847e-01
807 6.540119e-05 4.571386e-02
808 2.161051e-06 5.863219e-03
809 8.529975e-06 2.353619e-02
810 9.580835e-08 2.321894e-03
811 1.193018e-05 1.474138e-02
812 5.890306e-07 4.243115e-03
813 1.184124e-04 3.019109e-02
814 5.797369e-06 1.314062e-02
815 9.202435e-06 1.526674e-02
816 2.058375e-03 1.702434e-01
817 7.300427e-04 8.163359e-02
818 1.503534e-06 9.907971e-03
819 8.879331e-06 1.207717e-02
820 4.415022e-05 3.579075e-02
821 8.269738e-05 3.794829e-02
822 2.024677e-05 3.219204e-02
823 7.184894e-05 1.115692e-01
824 1.414137e-03 4.128842e-01
825 1.505135e-03 3.273124e-01
826 8.404531e-04 2.838638e-01
827 5.158546e-05 8.800006e-02
828 9.714587e-04 4.991524e-01
829 4.028493e-03 3.477678e-01
830 2.260280e-05 8.467325e-03
831 5.921580e-07 4.631222e-03
832 2.565099e-06 4.972748e-03
833 5.272214e-06 1.031547e-02
834 5.264791e-06 5.829743e-03
835 1.803006e-06 6.529966e-03
836 2.087617e-06 4.591212e-03
837 4.679802e-06 8.710445e-03
838 1.356860e-05 6.010720e-03
839 1.772986e-06 4.897660e-03
840 1.500856e-05 1.530088e-02
841 5.807677e-06 6.875299e-03
842 2.270351e-06 8.304973e-03
843 9.824042e-07 9.650768e-03
844 9.731125e-06 1.885630e-02
845 1.212556e-04 2.498319e-02
846 1.221866e-04 4.343241e-02
847 9.483192e-06 7.332537e-03
848 8.896872e-06 1.302802e-02
849 1.226575e-04 3.843133e-02
850 1.635482e-06 6.006778e-03
851 2.340114e-05 6.262404e-02
852 4.259151e-07 6.331056e-03
853 2.550504e-05 1.219388e-02
854 6.276829e-07 5.756763e-03
855 3.801689e-05 1.450556e-02
856 3.989183e-08 1.480540e-03
857 1.480911e-07 1.295864e-03
858 2.054986e-07 2.038118e-03
859 4.681027e-08 1.496693e-03
860 1.588821e-04 7.443395e-02
861 4.805618e-06 6.651062e-03
862 2.929737e-07 1.574262e-03
863 8.215778e-07 1.516344e-03
864 1.806839e-08 1.392340e-03
865 8.380042e-07 1.536974e-03
866 9.278882e-07 2.033075e-03
867 1.971707e-06 1.633007e-03
868 3.941326e-08 1.361348e-03
869 1.668248e-07 1.620499e-03
870 1.768286e-07 1.525508e-03
871 1.102969e-08 1.393283e-03
872 8.164157e-08 1.874537e-03
873 4.540753e-08 1.413015e-03
874 1.081651e-07 1.396188e-03
875 3.041247e-04 5.418624e-02
876 6.011582e-08 1.442244e-03
877 2.388220e-07 1.444488e-03
878 4.642395e-07 1.883553e-03
879 3.811893e-08 1.350618e-03
880 9.102041e-08 1.366130e-03
881 1.668965e-08 1.397269e-03
882 3.080818e-07 1.805851e-03
883 1.976941e-06 1.671404e-03
884 3.360533e-07 1.456478e-03
885 2.730567e-07 1.552245e-03
886 3.821248e-05 5.512604e-03
887 1.103186e-05 7.375983e-03
888 3.982845e-06 1.136287e-02
889 9.197992e-05 4.910413e-02
890 2.407595e-06 1.940390e-02
891 5.585285e-05 7.748107e-02
892 3.902162e-05 1.045348e-01
893 6.991572e-07 5.409433e-03
894 6.030576e-07 3.484273e-03
895 5.176123e-06 7.341533e-03
896 1.096419e-05 1.377568e-02
897 1.788480e-03 3.328703e-01
898 4.349794e-06 1.774581e-02
899 6.143586e-05 6.686691e-02
900 3.788309e-06 7.334186e-03
901 1.137925e-05 4.843696e-03
902 4.002405e-06 8.353473e-03
903 4.161127e-07 6.044795e-03
904 6.212507e-05 9.305625e-02
905 1.254031e-05 1.832911e-02
906 2.719604e-05 4.498665e-02
907 1.891412e-03 4.106978e-01
908 2.227476e-07 2.748010e-03
909 2.257926e-06 3.031051e-03
910 4.666477e-08 1.570047e-03
911 3.431290e-06 5.733508e-03
912 1.330388e-06 4.884889e-03
913 6.096077e-08 1.714024e-03
914 3.282914e-07 4.870923e-03
915 2.891686e-06 3.290352e-03
916 2.412821e-04 7.298599e-02
917 2.019866e-07 2.111466e-03
918 1.247814e-07 1.774911e-03
919 8.753829e-09 1.391824e-03
920 4.551838e-07 2.454610e-03
921 4.320705e-09 1.059391e-03
922 1.422931e-07 1.407918e-03
923 1.382568e-04 3.015211e-02
924 3.241319e-05 1.341996e-02
925 2.960546e-08 1.055572e-03
926 3.260074e-05 1.002856e-02
927 6.027879e-08 1.316752e-03
928 7.703753e-07 3.799743e-03
929 3.568459e-06 9.345138e-03
930 6.184323e-07 3.608525e-03
931 8.875048e-07 3.692768e-03
932 8.350005e-09 1.483880e-03
933 6.252566e-07 1.744825e-03
934 2.861470e-05 8.902685e-03
935 4.277984e-07 1.771447e-03
936 1.985126e-07 1.176167e-03
937 2.515228e-06 2.611053e-03
938 2.669843e-07 1.757476e-03
939 2.706564e-06 3.034684e-03
940 8.213313e-06 5.210382e-03
941 6.970567e-06 4.814067e-03
942 7.351219e-08 1.613054e-03
943 9.578833e-07 1.974304e-03
944 4.169901e-06 3.813821e-03
945 1.307735e-07 2.243088e-03
946 4.096442e-06 5.446200e-03
947 1.255977e-05 3.053465e-02
948 1.031547e-06 6.803440e-03
949 9.211674e-07 1.048405e-02
950 4.780161e-07 7.897395e-03
951 5.869804e-07 1.588593e-02
952 7.722213e-06 1.504542e-02
953 1.474229e-06 8.872038e-03
954 1.750639e-07 3.077106e-03
955 2.086145e-05 3.529858e-02
956 4.683985e-08 3.051401e-03
957 3.641195e-07 8.393919e-03
958 3.817172e-07 6.789014e-03
959 9.863020e-06 4.557656e-02
960 1.054886e-06 1.899268e-02
961 2.596964e-06 9.672171e-03
962 2.143900e-06 1.248484e-02
963 3.241309e-07 3.832497e-03
964 3.282920e-05 3.816437e-02
965 1.297097e-07 5.400690e-03
966 2.189395e-05 1.035334e-01
967 3.703901e-05 5.423050e-02
968 1.652925e-06 4.645331e-03
969 1.393717e-06 8.012723e-03
970 1.456483e-06 1.662030e-02
971 1.126932e-06 3.051125e-03
972 1.386284e-06 7.280294e-03
973 5.524122e-07 9.375695e-03
974 8.526619e-08 3.271359e-03
975 1.511209e-06 6.707821e-03
976 1.554740e-04 8.940855e-02
977 3.430494e-06 6.297116e-03
978 5.279006e-05 7.559511e-03
979 1.269050e-06 2.749008e-03
980 8.982639e-08 1.221914e-03
981 2.658587e-06 3.997737e-03
982 1.712957e-05 7.153065e-03
983 8.126637e-06 3.388125e-03
984 3.111805e-05 7.547171e-03
985 3.236809e-06 3.505760e-03
986 1.495287e-06 3.440581e-03
987 1.264126e-07 1.251640e-03
988 1.150319e-06 2.401665e-03
989 2.915744e-06 6.144397e-03
990 1.481440e-06 3.494932e-03
991 4.673061e-06 5.979785e-03
992 9.764513e-07 2.222778e-03
993 1.842847e-06 2.359904e-03
994 2.697863e-07 2.124835e-03
995 2.633731e-06 2.868722e-03
996 1.309472e-06 3.005742e-03
997 1.502004e-04 3.501150e-02
998 5.131153e-06 4.195638e-03
999 4.399157e-06 3.629651e-03
1000 1.360577e-06 1.736702e-03
1001 1.587195e-07 1.554698e-03
1002 5.091413e-06 4.500788e-03
1003 2.793607e-07 1.756162e-03
1004 5.780289e-06 4.207683e-03
1005 9.044584e-07 2.857209e-03
1006 2.850315e-05 9.084228e-03
1007 3.781724e-07 2.901019e-03
1008 1.538915e-05 4.332816e-03
1009 2.816846e-06 4.024416e-03
1010 1.543148e-06 2.819789e-03
1011 2.615828e-06 3.642581e-03
1012 3.367269e-06 3.449497e-03
1013 2.830916e-07 2.054847e-03
1014 4.064913e-06 3.361305e-03
1015 8.977525e-08 2.126840e-03
1016 2.868477e-06 2.138453e-03
1017 6.197796e-07 1.658285e-03
1018 1.364196e-06 2.744594e-03
1019 8.305784e-07 4.374948e-03
1020 3.062642e-07 1.734986e-03
1021 1.587491e-05 4.343082e-03
1022 2.554988e-07 1.147692e-03
1023 1.249482e-06 1.780011e-03
1024 3.603859e-08 1.390526e-03
1025 6.715248e-07 2.217367e-03
1026 2.329989e-03 5.500200e-01
1027 1.249941e-04 7.645442e-02
1028 1.543851e-05 6.405096e-02
1029 3.001836e-04 5.285406e-02
1030 1.031749e-03 2.109156e-01
1031 9.781386e-04 3.052007e-01
1032 4.362640e-06 7.432524e-03
1033 2.545626e-05 1.595983e-02
1034 8.407347e-04 1.246128e-01
1035 3.313780e-06 4.034634e-03
1036 4.639221e-06 8.881645e-03
1037 2.553132e-05 2.132787e-02
1038 1.200325e-06 2.890536e-03
1039 2.357612e-05 1.290084e-02
1040 2.419258e-06 8.789398e-03
1041 1.552334e-06 2.518884e-02
1042 2.782702e-06 1.061480e-02
1043 8.022611e-06 1.390895e-02
1044 1.062081e-06 1.699907e-02
1045 1.113098e-06 7.403368e-03
1046 1.073608e-04 2.852100e-02
1047 1.721371e-04 9.857045e-02
1048 5.413546e-05 3.664715e-02
1049 2.052366e-06 8.501351e-03
1050 8.467787e-04 1.886256e-01
1051 3.014866e-04 1.093565e-01
1052 1.904171e-08 1.225856e-03
1053 7.673430e-08 1.817678e-03
1054 8.038789e-05 2.402552e-02
1055 1.706702e-08 1.555351e-03
1056 8.976437e-08 4.668547e-03
1057 8.624437e-08 2.135570e-03
1058 1.192057e-07 2.015701e-03
1059 5.469580e-09 1.031517e-03
1060 1.008680e-09 9.550293e-04
1061 1.392705e-06 2.822483e-03
1062 8.616674e-08 1.807416e-03
1063 7.819586e-07 3.775234e-03
1064 2.108143e-04 7.609758e-02
1065 5.022896e-06 1.518998e-02
1066 1.319937e-08 1.577563e-03
1067 6.483535e-10 1.439692e-03
1068 1.942707e-09 1.465157e-03
1069 3.763158e-09 1.613892e-03
1070 1.836680e-06 1.399987e-02
1071 9.208750e-07 5.199647e-03
1072 2.532831e-06 3.191675e-03
1073 8.724598e-06 1.863863e-02
1074 2.642215e-08 1.053407e-03
1075 2.411296e-05 2.465732e-02
1076 2.771837e-06 5.434557e-03
1077 1.218115e-05 1.391573e-02
1078 5.219590e-08 1.630850e-03
1079 6.787423e-07 5.779842e-03
1080 5.558693e-08 1.571695e-03
1081 1.824329e-09 1.460059e-03
1082 1.545362e-08 1.484999e-03
1083 1.053290e-07 1.823311e-03
1084 2.395284e-09 1.228283e-03
1085 6.851897e-07 4.293187e-03
1086 8.365541e-09 1.239494e-03
1087 2.775214e-08 1.368708e-03
1088 3.455175e-09 4.680954e-03
1089 7.781006e-09 1.234119e-03
1090 1.336434e-09 1.195528e-03
1091 5.448427e-09 1.228732e-03
1092 1.537794e-03 4.229260e-01
1093 7.252972e-07 1.870169e-02
1094 6.424536e-07 1.378922e-02
1095 5.521363e-07 1.682786e-03
1096 4.685934e-08 1.480055e-03
1097 5.593654e-07 4.810703e-03
1098 5.023055e-06 7.381187e-03
1099 4.381278e-07 3.230302e-03
1100 6.623880e-07 2.780271e-03
1101 1.211727e-05 4.108444e-03
1102 2.819884e-06 3.131670e-03
1103 6.300554e-07 2.726594e-03
1104 1.431313e-04 5.690666e-02
1105 7.536172e-08 1.525917e-03
1106 1.095359e-07 2.233029e-03
1107 2.577107e-07 3.121906e-03
1108 1.315952e-07 1.727212e-03
1109 1.379233e-07 2.017627e-03
1110 4.049559e-07 4.688520e-03
1111 3.023187e-07 3.947972e-03
1112 5.183307e-05 3.687648e-02
1113 1.622132e-05 1.654430e-02
1114 5.747328e-07 2.038099e-03
1115 1.056436e-04 2.665822e-02
1116 2.386024e-08 1.478304e-03
1117 1.044433e-07 1.604466e-03
1118 4.766724e-06 6.480998e-03
1119 4.100693e-05 2.101318e-02
1120 2.159698e-06 3.933316e-03
1121 5.088498e-06 6.574855e-03
1122 4.435139e-06 3.902138e-03
1123 7.312019e-07 2.432068e-03
1124 3.281154e-06 3.644130e-03
1125 7.235075e-06 4.282395e-03
1126 5.283996e-06 4.834271e-03
1127 2.199533e-06 3.788729e-03
1128 2.283901e-06 4.431015e-03
1129 8.379112e-06 3.015598e-03
1130 7.369396e-06 4.527861e-03
1131 3.575193e-05 3.987671e-02
1132 3.140817e-04 1.481622e-01
1133 6.323552e-06 4.245165e-02
1134 1.013884e-06 9.007187e-03
1135 9.151551e-07 2.218687e-03
1136 2.607164e-06 4.363861e-03
1137 1.464906e-06 5.259691e-03
1138 2.460066e-05 8.473943e-03
1139 7.002422e-07 5.155741e-03
1140 3.007035e-04 1.778986e-01
1141 4.910024e-05 2.562416e-02
1142 1.340700e-05 7.746776e-03
1143 2.612343e-06 6.540921e-03
1144 1.337676e-05 3.577038e-02
1145 5.552500e-07 9.114438e-03
1146 5.239675e-05 6.043806e-02
1147 1.421128e-05 4.060175e-02
1148 1.615186e-05 1.340154e-02
1149 1.096384e-05 9.645037e-03
1150 6.004202e-06 9.100771e-03
1151 1.358498e-05 1.160773e-02
1152 1.506274e-06 5.670310e-03
1153 8.661513e-07 4.538856e-03
1154 8.043331e-06 7.032834e-03
1155 3.723143e-05 9.602615e-03
1156 6.483743e-05 2.971569e-02
1157 8.151994e-05 4.357322e-02
1158 7.637115e-06 1.406576e-02
1159 2.342276e-04 1.170103e-01
1160 9.098947e-06 9.597521e-03
1161 6.083292e-06 6.700265e-03
1162 5.749597e-05 3.856404e-02
1163 5.210999e-04 1.528274e-01
1164 3.302866e-05 1.768050e-02
1165 1.983125e-05 9.548687e-03
1166 5.315322e-05 3.629952e-02
1167 3.408572e-05 3.059781e-02
1168 5.260680e-05 1.535411e-02
1169 2.357847e-05 3.455181e-02
1170 5.416768e-05 2.808948e-02
1171 1.713387e-06 7.957176e-03
1172 1.293674e-05 2.233426e-02
1173 6.992623e-04 1.493669e-01
1174 3.465389e-04 8.213019e-02
1175 2.346409e-05 3.407097e-02
1176 5.877587e-03 1.281651e+00
1177 7.349123e-07 3.066175e-03
1178 6.821258e-05 2.140298e-02
1179 1.323661e-05 2.206160e-02
1180 2.306295e-04 3.537999e-02
1181 3.981999e-05 1.708562e-02
1182 1.880696e-04 3.371979e-02
1183 4.257252e-05 2.332355e-02
1184 1.945332e-04 6.692646e-02
1185 8.992247e-04 1.106838e-01
1186 7.054853e-05 1.859823e-02
1187 1.567521e-05 8.528516e-03
1188 4.852915e-06 9.910171e-03
1189 7.700781e-05 2.461150e-02
1190 6.991844e-04 1.057848e-01
1191 9.065510e-05 2.166106e-02
1192 3.349735e-04 6.434917e-02
1193 1.202216e-04 2.835417e-02
1194 5.547871e-04 1.410975e-01
1195 1.075751e-04 4.875378e-02
1196 3.867157e-04 8.447956e-02
1197 1.535200e-04 2.354174e-02
1198 3.419210e-05 2.569876e-02
1199 1.251991e-04 3.824553e-02
1200 8.882809e-04 1.115100e-01
1201 1.024120e-05 2.653952e-02
1202 4.308661e-05 1.422891e-02
1203 3.147539e-05 3.726761e-02
1204 3.606296e-04 5.324317e-02
1205 1.359170e-06 4.815945e-03
1206 2.583259e-05 1.599155e-02
1207 2.189620e-07 3.608767e-03
1208 3.962804e-04 6.714134e-02
1209 3.809184e-06 8.611112e-03
1210 9.900825e-07 8.306868e-03
1211 8.516252e-07 3.531552e-03
1212 6.701143e-06 4.477799e-03
1213 4.621800e-06 7.257101e-03
1214 4.651331e-06 8.479203e-03
1215 1.172010e-05 3.370304e-02
1216 5.558952e-08 4.238322e-03
1217 4.272723e-04 1.909973e-01
1218 1.858414e-06 6.342036e-03
1219 2.271289e-07 1.266608e-03
1220 3.891846e-07 3.378074e-03
1221 6.476036e-05 5.792791e-03
1222 6.162286e-04 1.361774e-01
1223 1.920382e-07 2.035428e-03
1224 6.732682e-07 2.107835e-03
1225 8.610787e-05 4.349451e-02
1226 2.734349e-07 2.303206e-03
1227 1.021008e-03 2.848615e-01
1228 2.173629e-05 8.039149e-03
1229 2.684786e-08 1.267210e-03
1230 1.101215e-06 2.509365e-03
1231 1.688016e-06 1.670396e-03
1232 1.106840e-07 2.016812e-03
1233 1.824806e-07 2.234050e-03
1234 8.090584e-06 3.692004e-03
1235 2.153374e-07 2.532824e-03
1236 1.255267e-06 2.821311e-03
1237 4.305938e-06 3.085879e-03
1238 4.816752e-06 3.700976e-03
1239 4.506436e-07 2.298904e-03
1240 5.058682e-03 5.920209e-01
1241 3.610810e-06 4.630160e-03
1242 3.985424e-06 3.031616e-03
1243 1.708864e-05 3.748600e-03
1244 9.329588e-06 3.605223e-03
1245 1.227157e-06 2.712291e-03
1246 4.401023e-06 2.594947e-03
1247 3.281280e-05 1.250191e-02
1248 1.431346e-04 3.722767e-02
1249 6.828005e-06 1.038359e-02
1250 4.276774e-05 1.665329e-02
1251 2.014888e-05 1.647317e-02
1252 5.067814e-06 1.649597e-02
1253 6.697805e-06 1.478898e-02
1254 1.019493e-06 8.114265e-03
1255 1.145598e-03 2.486621e-01
1256 2.881459e-05 6.779762e-03
1257 3.563289e-03 7.326512e-01
1258 1.173095e-04 6.822395e-02
1259 6.299848e-04 1.608319e-01
1260 1.771770e-04 1.677349e-02
1261 1.345424e-07 1.843106e-03
1262 4.922621e-04 8.729773e-02
1263 1.471839e-05 4.943357e-03
1264 2.407287e-04 3.496275e-02
1265 4.410963e-06 2.960899e-03
1266 2.174067e-06 6.787422e-03
1267 6.615247e-08 1.938764e-03
1268 1.113408e-05 5.481952e-03
1269 1.528658e-04 5.650136e-02
1270 4.609287e-04 3.305732e-02
1271 3.542456e-05 9.998272e-03
1272 2.528158e-06 3.179566e-03
1273 1.276218e-05 5.612790e-03
1274 1.492221e-05 1.908115e-02
1275 2.142445e-04 5.136381e-02
1276 5.096272e-04 7.321346e-02
1277 4.933651e-04 1.038069e-01
1278 5.126986e-04 9.918391e-02
1279 1.320668e-05 4.593237e-03
1280 1.652389e-06 7.250190e-03
1281 1.307075e-06 8.484875e-03
1282 2.654900e-06 1.520671e-02
1283 1.891724e-05 1.195325e-02
1284 2.042691e-03 1.691132e-01
1285 2.393166e-04 2.286057e-02
1286 2.732217e-04 8.812372e-02
1287 2.363863e-06 7.047732e-03
1288 2.730465e-04 1.075974e-01
1289 2.179775e-04 1.241473e-01
1290 2.584150e-07 1.810861e-03
1291 1.710492e-04 6.520960e-02
1292 6.353069e-05 1.118108e-02
1293 5.477250e-04 1.772117e-01
1294 5.473581e-07 2.353191e-03
1295 2.578919e-05 1.567116e-02
1296 1.783238e-05 1.610004e-02
1297 1.472786e-03 2.209251e-01
1298 6.507911e-04 1.617253e-01
1299 2.992213e-05 1.662340e-02
1300 1.717429e-03 2.538824e-01
1301 3.892744e-06 3.685258e-03
1302 2.291892e-07 3.636728e-03
1303 4.720035e-05 1.781447e-02
1304 7.782365e-05 2.981542e-02
1305 2.706659e-04 2.874228e-02
1306 5.285781e-05 1.488404e-02
1307 3.762346e-04 3.372504e-02
1308 4.367367e-06 9.765107e-03
1309 8.136350e-04 1.084158e-01
1310 1.829125e-03 2.413355e-01
1311 4.395185e-04 1.038710e-01
1312 2.419427e-03 5.558301e-01
1313 1.154259e-05 4.272972e-03
1314 2.828384e-04 2.599147e-02
1315 1.329962e-07 5.985195e-03
1316 6.799544e-08 4.987843e-03
1317 1.607945e-07 3.424588e-03
1318 7.592027e-07 1.963095e-03
1319 1.743054e-07 2.513343e-03
1320 2.846335e-06 4.386911e-03
1321 1.013542e-06 4.086624e-03
1322 2.442386e-08 1.539174e-03
1323 5.940127e-06 1.441675e-02
1324 1.813739e-05 2.562413e-03
1325 1.496954e-06 6.651957e-03
1326 1.382012e-05 7.912453e-03
1327 3.215312e-05 9.018796e-03
1328 3.995984e-05 5.945675e-03
1329 6.116547e-09 2.764734e-03
1330 4.886627e-06 9.356495e-03
1331 6.511799e-04 1.317467e-01
1332 5.055440e-04 1.927085e-01
1333 4.679912e-05 3.090558e-02
1334 2.022933e-06 2.090037e-02
1335 1.262062e-04 1.564668e-02
1336 1.777971e-05 9.052981e-03
1337 6.508546e-06 4.139920e-03
1338 2.794466e-04 1.647113e-02
1339 8.019647e-06 2.798336e-02
1340 2.274020e-06 9.946701e-03
1341 1.169114e-05 7.128813e-03
1342 1.725551e-07 1.646453e-03
1343 1.587550e-03 2.534357e-01
1344 1.282293e-06 5.076641e-03
1345 1.158566e-03 1.928493e-01
1346 1.405202e-04 3.495777e-02
1347 4.841194e-04 5.919319e-02
1348 3.425698e-05 1.857578e-02
1349 1.255795e-05 1.250125e-02
1350 3.185853e-03 2.617778e-01
1351 3.132414e-04 2.165904e-01
1352 1.729605e-03 1.856355e-01
1353 3.713651e-07 3.314331e-03
1354 1.195720e-06 3.071967e-03
1355 6.675863e-05 3.493203e-02
1356 1.195413e-06 4.468169e-03
1357 1.473921e-06 5.343021e-03
1358 2.021299e-03 1.712487e-01
1359 2.069046e-05 2.517092e-02
1360 1.610548e-05 3.636074e-03
1361 2.390998e-05 1.112133e-02
1362 2.318803e-06 3.241610e-03
1363 4.058400e-08 1.346585e-03
1364 3.393811e-07 1.277146e-03
1365 7.824275e-08 1.902112e-03
1366 1.286551e-06 7.014934e-03
1367 1.185639e-04 3.119923e-02
1368 1.678338e-06 3.204084e-03
1369 2.914625e-07 2.301747e-03
1370 1.693233e-07 1.144043e-03
1371 4.723702e-06 1.972891e-03
1372 7.162860e-07 1.198485e-03
1373 5.489104e-07 2.017232e-03
1374 5.280005e-05 6.948532e-03
1375 8.947141e-04 9.123776e-02
1376 1.208267e-04 9.921790e-03
1377 2.116440e-04 3.737106e-02
1378 1.145306e-05 1.099142e-02
1379 4.193994e-04 4.937749e-02
1380 2.100493e-04 3.526738e-02
1381 1.054516e-06 2.242528e-02
1382 4.971798e-07 2.228495e-03
1383 1.431840e-05 6.148699e-03
1384 5.811753e-04 2.318432e-01
1385 4.080006e-05 2.160059e-02
1386 5.311809e-04 8.924320e-02
1387 1.576300e-03 2.411202e-01
1388 8.964568e-04 2.733098e-01
1389 4.038269e-06 6.228042e-03
1390 3.593976e-04 9.603509e-02
1391 4.932884e-06 1.538670e-02
1392 1.337403e-06 1.586072e-02
1393 6.107986e-07 2.881054e-03
1394 9.224696e-06 1.045773e-02
1395 3.815836e-05 3.946677e-02
1396 8.548134e-07 4.968452e-03
1397 1.386672e-05 3.908761e-03
1398 3.150515e-03 2.457001e-01
1399 6.493561e-05 1.394350e-02
1400 4.335121e-05 7.441773e-03
1401 3.322402e-04 4.029563e-02
1402 9.140064e-06 3.820776e-03
1403 8.850926e-06 2.568897e-03
1404 5.458114e-05 3.310087e-02
1405 7.388349e-07 2.155339e-03
1406 6.959938e-05 8.821806e-03
1407 7.518119e-07 2.573961e-03
1408 1.266076e-07 2.386679e-03
1409 8.374726e-05 1.708615e-02
1410 8.716624e-04 6.780729e-02
1411 1.144930e-04 1.526503e-01
1412 5.930346e-04 1.399989e-01
1413 3.572563e-06 2.332618e-03
1414 3.046582e-03 4.002696e-01
1415 2.103668e-06 3.189017e-03
1416 4.552996e-06 3.998960e-03
1417 8.263629e-06 2.762697e-03
1418 5.061065e-06 3.606533e-03
1419 1.877923e-04 4.838172e-02
1420 1.922679e-03 1.430482e-01
1421 3.958598e-04 1.068072e-01
1422 2.493003e-04 3.980874e-02
1423 4.138719e-03 2.149066e-01
1424 2.746772e-06 9.758171e-03
1425 3.121845e-03 5.569333e-01
1426 2.764390e-03 2.998423e-01
1427 9.460782e-05 3.790229e-02
1428 7.383849e-05 7.260552e-03
1429 3.209725e-05 9.297215e-03
1430 5.689904e-05 4.156979e-02
1431 1.898108e-05 3.703786e-02
1432 2.609024e-04 3.212979e-02
1433 1.686810e-06 7.755082e-03
1434 1.235310e-05 3.240942e-02
1435 1.382719e-04 4.018526e-02
1436 7.380965e-04 1.999830e-01
1437 1.540006e-06 4.606187e-03
1438 1.816155e-05 6.348521e-03
1439 3.421005e-03 5.836934e-01
1440 1.651735e-04 3.100400e-02
1441 6.302015e-04 2.948528e-01
1442 9.301015e-08 2.161553e-03
1443 2.401978e-04 4.706210e-02
1444 4.621652e-05 3.407273e-02
1445 1.589051e-04 4.074133e-02
1446 7.835938e-06 6.038134e-03
1447 9.479570e-05 8.338830e-03
1448 9.699585e-06 9.591198e-03
1449 5.052349e-04 7.665059e-02
1450 1.645778e-03 8.760853e-02
1451 5.995406e-07 1.787494e-03
1452 6.797736e-06 1.357703e-02
1453 1.266330e-06 1.911995e-03
1454 1.038559e-06 1.281428e-02
1455 8.808241e-08 4.416458e-03
1456 2.428518e-06 7.969768e-03
1457 1.429055e-06 5.359982e-03
1458 1.274562e-07 2.866733e-03
1459 1.304054e-05 6.162339e-03
1460 1.672029e-07 4.496054e-03
1461 9.577765e-07 7.646584e-03
1462 1.806992e-06 8.400168e-03
1463 1.068717e-04 2.507683e-02
1464 1.781248e-03 4.382472e-01
1465 8.971519e-04 2.791584e-01
1466 1.424318e-03 2.267841e-01
1467 5.902204e-05 2.622344e-02
1468 7.257852e-04 3.486692e-01
1469 9.887021e-04 2.455493e-01
1470 2.248973e-04 2.413602e-02
1471 1.864126e-05 1.368412e-02
1472 3.213850e-04 6.177393e-02
1473 5.005540e-08 2.954258e-03
1474 2.063343e-07 1.249833e-02
1475 6.445314e-07 4.499872e-03
1476 1.017198e-05 5.050825e-03
1477 3.104345e-04 1.392386e-01
1478 3.790743e-05 2.328710e-02
1479 1.165490e-04 6.122042e-02
1480 3.860341e-04 9.086529e-02
1481 1.352282e-05 3.284308e-02
1482 6.785091e-05 5.785503e-02
1483 4.527267e-05 8.253466e-03
1484 7.850052e-06 6.209987e-03
1485 1.840735e-05 5.740345e-03
1486 5.555136e-04 1.074404e-01
1487 8.374207e-05 1.001087e-02
1488 7.842831e-05 2.199521e-02
1489 1.892800e-05 3.938854e-03
1490 2.292015e-05 4.525179e-03
1491 5.544251e-04 9.958267e-02
1492 1.148190e-04 1.448459e-02
1493 3.161658e-05 4.196151e-03
1494 5.582646e-05 1.845391e-02
1495 2.108564e-03 1.520015e-01
1496 4.423726e-05 4.829890e-03
1497 6.368011e-04 7.406289e-02
1498 2.663478e-03 3.530870e-01
1499 1.714494e-04 1.458948e-02
1500 9.177243e-06 9.787501e-03
1501 1.746130e-04 6.557487e-02
1502 5.351582e-04 7.948311e-02
1503 9.847730e-05 2.147475e-02
1504 2.693548e-03 4.007273e-01
1505 6.993386e-05 6.620095e-02
1506 2.358142e-07 1.651321e-03
1507 1.534317e-03 9.312686e-02
1508 3.191454e-03 6.716728e-01
1509 8.801347e-06 3.902799e-03
1510 1.372324e-06 3.555684e-03
1511 1.258874e-03 7.757126e-02
1512 1.483014e-07 1.044313e-03
1513 1.309099e-05 1.681129e-02
1514 7.323580e-07 5.192865e-03
1515 4.548758e-06 9.539115e-03
1516 2.333159e-04 8.262809e-02
1517 5.570920e-05 1.393305e-02
1518 8.573154e-05 7.680793e-02
1519 2.872302e-08 1.805418e-03
1520 3.786663e-04 5.638261e-02
1521 3.146540e-07 2.411485e-03
1522 1.022391e-06 4.683580e-03
1523 4.919541e-06 5.200098e-03
1524 1.094348e-03 1.345727e-01
1525 1.344100e-04 2.209609e-02
1526 8.389179e-06 2.236623e-02
1527 1.706569e-04 2.736919e-02
1528 4.350515e-06 6.700113e-03
1529 4.426571e-05 1.625744e-02
1530 3.937023e-06 6.412323e-03
1531 7.223399e-05 7.492787e-02
1532 6.654082e-05 1.283306e-02
1533 4.367402e-04 9.518832e-02
1534 8.941274e-04 2.033278e-01
1535 1.665873e-03 3.199270e-01
1536 7.872785e-04 2.436475e-01
1537 3.235002e-06 8.248643e-03
1538 7.576560e-04 3.051894e-01
1539 1.251880e-05 2.471776e-02
1540 2.893601e-06 4.648563e-02
1541 3.177934e-04 1.905738e-01
1542 3.116596e-03 6.169860e-01
1543 1.243680e-06 5.538269e-03
1544 8.837957e-06 1.614057e-02
1545 2.892002e-07 3.633173e-03
1546 7.362441e-04 5.509890e-02
1547 4.521685e-05 3.259710e-02
1548 5.786593e-06 3.936262e-02
1549 1.363229e-07 2.618339e-03
1550 8.449673e-05 2.265175e-02
1551 9.895921e-06 1.550642e-02
1552 1.530832e-08 1.267724e-03
1553 5.487804e-07 3.174354e-03
1554 1.022651e-03 2.200629e-01
1555 6.570180e-04 1.422201e-01
1556 9.569036e-05 3.436691e-02
1557 1.307050e-03 1.583456e-01
1558 7.517219e-04 2.458623e-01
1559 1.624417e-03 1.235075e-01
1560 1.191710e-05 4.502328e-03
1561 2.828570e-04 3.220519e-02
1562 1.390019e-05 1.273113e-02
1563 3.410601e-04 1.684100e-02
1564 6.577176e-06 7.720686e-03
1565 5.932553e-04 4.831362e-02
1566 7.813781e-05 1.592681e-02
1567 1.986223e-05 6.106254e-03
1568 5.845538e-05 5.770583e-03
1569 1.858255e-04 1.576531e-02
1570 8.079114e-05 3.483860e-02
1571 2.541653e-04 4.516163e-02
1572 1.793509e-07 1.942778e-03
1573 4.807823e-04 1.055274e-01
1574 7.232229e-06 5.311444e-03
1575 7.661518e-05 1.918602e-02
1576 3.963105e-06 1.446575e-02
1577 1.935359e-03 2.494999e-01
1578 2.091335e-06 6.558309e-03
1579 3.885036e-05 2.023661e-02
1580 1.085164e-07 2.499583e-03
1581 7.125951e-06 4.202370e-03
1582 1.521192e-05 5.942479e-03
1583 4.421512e-04 6.292466e-02
1584 5.627167e-06 6.768119e-03
1585 2.089394e-03 3.105241e-01
1586 1.682473e-03 2.848098e-01
1587 5.224251e-04 1.140149e-01
1588 5.045034e-04 6.768700e-02
1589 1.334920e-03 1.475701e-01
1590 9.829657e-04 1.868100e-01
1591 4.406630e-05 5.579538e-02
1592 3.759546e-05 3.031517e-02
1593 2.033075e-04 1.015496e-01
1594 1.460836e-04 3.894541e-02
1595 2.857864e-05 1.614266e-02
1596 1.202009e-04 2.314789e-02
1597 5.504692e-05 2.763700e-02
1598 2.598343e-04 1.013934e-01
1599 6.100023e-06 3.229036e-03
1600 3.341106e-04 9.944727e-02
1601 4.754225e-07 1.411666e-03
1602 2.258835e-03 3.061108e-01
1603 1.747885e-06 2.500953e-03
1604 1.918970e-08 2.523697e-03
1605 5.183342e-04 3.881864e-02
1606 1.109981e-08 2.940331e-03
1607 2.296138e-07 1.960428e-03
1608 1.211158e-06 1.953214e-03
1609 4.380957e-04 2.619323e-02
1610 6.688634e-04 6.746124e-02
1611 9.490772e-09 1.884380e-03
1612 3.783173e-07 2.232848e-03
1613 5.243087e-06 2.984266e-03
1614 4.775983e-06 5.050883e-03
1615 1.726105e-04 9.710323e-02
1616 5.030529e-04 6.891668e-02
1617 3.390333e-04 1.025843e-01
1618 3.547043e-05 3.536037e-02
1619 5.540049e-04 4.117928e-01
1620 6.324730e-06 1.047941e-02
1621 1.860872e-04 1.077896e-01
1622 9.876191e-06 5.309362e-03
1623 6.099233e-05 4.823195e-02
1624 6.369243e-07 5.238140e-03
1625 2.519282e-07 1.682170e-03
1626 4.296087e-06 9.742398e-03
1627 3.557703e-06 6.428443e-03
1628 1.498355e-08 1.988220e-03
1629 2.209330e-04 5.647294e-02
1630 4.312548e-08 1.720070e-03
1631 2.289075e-05 1.114355e-02
1632 1.575771e-06 1.003807e-02
1633 7.788449e-05 3.489241e-02
1634 1.833730e-03 4.344729e-01
1635 1.421982e-03 1.607087e-01
1636 1.842785e-03 8.414680e-01
1637 2.352688e-04 1.139493e-01
1638 8.799925e-05 1.959686e-02
1639 2.015048e-03 5.646174e-01
1640 3.020724e-04 1.126714e-01
1641 1.586948e-03 2.594426e-01
1642 5.900340e-05 4.476838e-02
1643 2.571807e-04 4.392057e-02
1644 3.433244e-04 1.020205e-01
1645 5.306329e-07 1.626987e-03
1646 1.106453e-04 9.104043e-03
1647 6.016253e-04 2.502701e-01
1648 6.920768e-06 5.916398e-03
1649 7.910631e-05 2.216405e-02
1650 3.106633e-03 2.342937e-01
1651 1.122242e-05 1.962892e-03
1652 2.726747e-03 3.053866e-01
1653 2.695148e-03 3.886203e-01
1654 6.288641e-07 2.774471e-03
1655 3.439707e-05 6.010671e-03
1656 4.116639e-07 3.778818e-03
1657 1.911069e-07 1.267526e-03
1658 2.743918e-06 3.303546e-03
1659 5.337245e-05 8.973567e-03
1660 2.734219e-08 2.012886e-03
1661 1.576234e-04 7.629817e-02
1662 1.351648e-06 8.318912e-03
1663 2.116692e-04 2.751318e-02
1664 7.169883e-07 6.998948e-03
1665 1.865958e-04 2.053951e-02
1666 5.072234e-04 5.745029e-02
1667 1.786283e-04 5.008120e-02
1668 5.067611e-06 2.557298e-03
1669 1.021564e-05 4.886569e-03
1670 2.313743e-05 1.051296e-02
1671 1.919341e-06 4.616966e-03
1672 1.246849e-05 3.035825e-02
1673 2.204176e-04 5.104670e-02
1674 5.023581e-06 2.780141e-03
1675 1.145447e-04 9.297343e-03
1676 3.637706e-07 1.446513e-03
1677 1.856130e-05 1.341403e-02
1678 2.310785e-03 2.184242e-01
1679 5.614018e-06 1.354560e-02
1680 2.944818e-05 1.613259e-02
1681 3.201878e-04 5.058565e-02
1682 5.319298e-06 8.130371e-03
1683 1.234037e-06 1.416515e-02
1684 6.849443e-06 6.762083e-03
1685 1.348377e-08 2.227941e-03
1686 2.842307e-04 3.037535e-02
1687 8.733020e-05 1.235206e-02
1688 1.109525e-07 1.174317e-03
1689 4.400898e-05 4.350000e-02
1690 2.549338e-06 1.066235e-02
1691 6.992036e-05 5.855828e-02
1692 3.987938e-03 4.552816e-01
1693 2.808228e-03 2.814136e-01
1694 5.306154e-04 6.763720e-02
1695 1.490123e-05 8.269261e-03
1696 1.001610e-06 2.895051e-03
1697 5.638720e-07 6.210951e-03
1698 2.502911e-04 5.207750e-02
1699 4.166674e-06 1.701594e-02
1700 6.454211e-05 9.292724e-03
1701 7.107517e-06 1.012143e-02
1702 7.039538e-07 6.147884e-03
1703 6.390980e-06 1.412495e-02
1704 4.798003e-06 6.855825e-03
1705 4.992883e-04 2.899183e-01
1706 1.049724e-04 4.623394e-02
1707 1.401507e-06 3.179374e-03
1708 4.983662e-09 2.065924e-03
1709 5.142747e-08 5.397431e-03
1710 1.047757e-08 1.419340e-03
1711 1.172563e-06 1.053860e-02
1712 2.717366e-06 5.427474e-03
1713 2.521607e-07 4.432951e-03
1714 1.081319e-06 6.013172e-03
1715 1.152734e-06 4.430729e-03
1716 3.359354e-07 6.140875e-03
1717 1.016747e-08 2.195671e-03
1718 1.228060e-05 1.808323e-02
1719 9.269582e-10 1.983103e-03
1720 1.556985e-06 4.595001e-03
1721 6.333450e-08 1.539064e-03
1722 2.484673e-05 1.150250e-02
1723 1.040789e-08 1.305268e-03
1724 2.200535e-09 1.415765e-03
1725 1.432538e-07 1.924679e-03
1726 3.831030e-06 3.609525e-02
1727 2.479910e-07 1.034003e-02
1728 1.063405e-07 2.565302e-03
1729 3.318806e-05 1.052349e-02
1730 4.265681e-07 4.501505e-03
1731 6.579250e-07 3.971196e-03
1732 2.110624e-04 5.831276e-02
1733 7.387704e-04 2.057168e-01
1734 9.652446e-04 2.323793e-01
1735 3.978018e-05 7.218842e-02
1736 3.659884e-07 7.886613e-03
1737 5.357849e-06 8.569432e-03
1738 2.376297e-04 2.068229e-01
1739 1.101533e-03 1.335605e-01
1740 1.567085e-05 2.314498e-02
1741 4.745299e-09 1.330260e-03
1742 5.984206e-07 1.677633e-03
1743 1.665632e-07 4.090896e-03
1744 2.174139e-08 2.070830e-03
1745 1.275503e-07 2.239288e-03
1746 1.885029e-06 8.487910e-03
1747 1.453347e-05 2.290624e-02
1748 1.127048e-05 8.872017e-03
1749 1.442214e-06 6.808816e-03
1750 8.859033e-07 8.681342e-03
1751 4.830465e-07 4.080418e-03
1752 1.037156e-06 7.600662e-03
1753 1.683608e-04 8.660980e-02
1754 1.012559e-03 2.722759e-01
1755 2.155374e-03 2.292196e-01
1756 4.134885e-06 1.931662e-02
1757 1.298364e-04 6.239020e-02
1758 1.810623e-03 4.701793e-01
1759 3.321639e-04 1.292894e-01
1760 3.207388e-04 1.407684e-01
1761 1.131226e-03 4.835189e-01
1762 1.290766e-03 4.714052e-01
1763 3.178550e-04 1.583248e-01
1764 1.900312e-05 2.111610e-02
1765 7.693604e-05 3.551105e-02
1766 8.744373e-04 2.003644e-01
1767 1.918410e-04 3.110756e-02
1768 3.235235e-05 3.108863e-02
1769 4.951661e-04 1.173187e-01
1770 4.061794e-04 7.485901e-02
1771 2.662967e-04 1.031650e-01
1772 7.888330e-07 4.390835e-03
1773 6.324609e-03 1.167978e+00
1774 1.266642e-03 2.371833e-01
1775 5.402971e-03 7.657241e-01
1776 1.000195e-03 1.240147e-01
1777 1.291850e-04 5.373010e-02
1778 4.390689e-03 4.242180e-01
1779 2.728416e-04 6.952673e-02
1780 1.863314e-04 5.502530e-02
1781 8.986412e-05 2.861982e-02
1782 7.414993e-05 3.061053e-02
1783 3.065772e-03 2.982542e-01
1784 1.712189e-04 6.571692e-02
1785 2.241541e-04 9.515464e-02
1786 9.290242e-05 9.961331e-03
1787 4.222307e-04 3.029970e-02
1788 1.301581e-03 2.162926e-01
1789 4.915975e-04 1.112411e-01
1790 5.343399e-05 1.682113e-02
1791 3.053517e-04 1.484842e-01
1792 1.217772e-03 1.450093e-01
1793 3.061227e-04 5.052945e-02
1794 5.780147e-05 1.793566e-02
1795 1.523276e-04 2.811321e-02
1796 1.191058e-04 8.667037e-02
1797 8.031899e-05 9.428430e-02
1798 4.040075e-05 4.625154e-02
1799 7.267914e-06 1.554111e-02
1800 7.038969e-04 1.522244e-01
1801 1.671601e-04 3.547286e-02
1802 4.151237e-03 2.158431e-01
1803 1.189356e-03 1.260636e-01
1804 1.004340e-03 1.219411e-01
1805 2.363505e-04 4.423169e-02
1806 5.123462e-05 5.748648e-02
1807 3.521740e-05 2.066998e-02
1808 7.346285e-04 1.367254e-01
1809 2.406555e-05 2.214083e-02
1810 1.713821e-06 9.175906e-03
1811 3.996226e-05 1.178971e-02
1812 3.852044e-05 1.797692e-02
1813 7.387190e-06 9.284546e-03
1814 7.602589e-07 2.082189e-02
1815 5.953131e-05 6.950571e-02
1816 5.929851e-05 2.673947e-02
1817 8.023063e-05 5.682594e-02
1818 9.147677e-06 4.590421e-02
1819 2.685650e-03 2.889835e-01
1820 8.175903e-04 1.052331e-01
1821 2.934223e-05 1.881079e-02
1822 2.015892e-05 1.854601e-02
1823 1.024229e-05 4.760413e-02
1824 1.067631e-04 3.045760e-02
1825 7.129801e-04 2.331904e-01
1826 2.198896e-04 4.592093e-02
1827 9.440512e-06 1.164433e-02
1828 5.048903e-06 1.647635e-02
1829 8.873248e-06 1.524705e-02
1830 3.598874e-03 5.223706e-01
1831 7.016431e-06 9.109493e-03
1832 4.149847e-05 3.406348e-02
1833 6.282741e-07 1.110502e-02
1834 6.090761e-05 1.677617e-02
1835 2.322419e-07 8.509378e-03
1836 1.066636e-05 6.001238e-03
1837 4.264567e-04 5.157623e-02
1838 4.117277e-05 2.868777e-02
1839 2.143547e-05 4.426050e-02
1840 1.567707e-04 7.106867e-02
1841 8.243514e-05 3.779952e-02
1842 1.130018e-05 2.087619e-02
1843 1.812200e-05 1.627819e-02
1844 2.103928e-05 1.958420e-02
1845 3.314723e-05 1.460668e-02
1846 1.366258e-06 7.203661e-03
1847 3.847937e-05 1.152766e-02
1848 2.584765e-06 1.249294e-02
1849 5.789091e-06 1.489330e-02
1850 2.955112e-06 9.825541e-03
1851 1.763603e-06 5.643094e-03
1852 6.802255e-06 4.653018e-03
1853 1.796097e-06 4.328862e-03
1854 2.400982e-04 6.026602e-02
1855 1.014120e-05 2.760611e-02
1856 2.267154e-04 7.905721e-02
1857 4.212665e-04 7.075922e-02
1858 1.275501e-04 5.592661e-02
1859 5.453843e-06 5.314714e-03
1860 2.843069e-04 7.304165e-02
1861 3.232558e-07 7.870476e-03
1862 2.297615e-06 9.477496e-03
1863 1.125532e-05 2.565761e-02
1864 4.894561e-04 1.093720e-01
1865 1.388791e-04 5.218854e-02
1866 7.208684e-05 4.468915e-02
1867 7.313069e-06 1.151744e-02
1868 9.649914e-07 9.803545e-03
1869 2.284223e-06 6.667732e-03
1870 7.286542e-06 1.530578e-02
1871 1.035580e-03 1.673184e-01
1872 2.195335e-03 1.885453e-01
1873 4.269107e-05 1.499783e-02
1874 2.261414e-04 7.080558e-02
1875 7.368246e-04 7.455270e-02
1876 8.540995e-06 6.315299e-03
1877 1.024257e-04 2.086197e-02
1878 8.745003e-06 7.179482e-03
1879 8.977622e-05 3.019850e-02
1880 6.198776e-05 1.545665e-02
1881 2.634791e-04 2.448074e-01
1882 2.638991e-05 6.345404e-02
1883 1.069128e-05 4.367512e-02
1884 1.567400e-04 7.529335e-02
1885 2.861586e-05 3.257165e-02
1886 4.938415e-04 7.217081e-02
1887 4.174234e-06 7.969896e-03
1888 1.716708e-06 1.607161e-02
1889 2.173747e-07 7.973726e-03
1890 4.078669e-08 5.475997e-03
1891 3.476091e-06 5.519710e-03
1892 7.530926e-07 5.917550e-03
1893 3.469460e-07 2.191652e-02
1894 7.369599e-05 5.466572e-02
1895 8.099729e-05 2.208144e-02
1896 3.790288e-07 4.997140e-03
1897 1.517634e-07 3.665398e-03
1898 9.760948e-07 3.706401e-03
1899 1.282177e-05 1.736898e-02
1900 6.915411e-05 2.027780e-02
1901 2.966171e-08 1.742526e-03
1902 1.821745e-03 1.604238e-01
1903 1.999499e-03 2.751243e-01
1904 6.907183e-05 2.223266e-02
1905 6.759630e-04 5.838990e-02
1906 2.231245e-03 4.671362e-01
1907 5.019506e-07 7.374868e-03
1908 2.717475e-06 8.066316e-03
1909 1.162077e-06 5.411086e-03
1910 8.474313e-05 3.004748e-02
1911 9.471329e-07 1.191046e-02
1912 2.697347e-04 4.858849e-02
1913 3.398562e-05 6.581046e-02
1914 2.417414e-04 7.565890e-02
1915 2.716034e-03 6.203200e-01
1916 7.762043e-04 1.259819e-01
1917 4.662097e-04 1.621909e-01
1918 9.177328e-04 9.147418e-02
1919 1.166227e-03 1.791330e-01
1920 1.105519e-04 6.570720e-02
1921 6.791214e-05 3.671724e-02
1922 2.548703e-04 1.498115e-01
1923 6.792047e-04 9.271547e-02
1924 4.082254e-04 1.875432e-01
1925 1.279805e-04 6.942033e-02
1926 1.211858e-05 2.385386e-02
1927 1.964886e-04 6.350569e-02
1928 8.750327e-04 2.646201e-01
1929 1.512419e-04 4.580898e-02
1930 1.628964e-06 5.924725e-03
1931 2.640794e-05 3.786301e-02
1932 4.852691e-07 2.586262e-02
1933 2.585245e-04 2.846707e-02
1934 6.491935e-07 7.532744e-03
1935 1.145089e-04 5.880602e-02
1936 2.606984e-05 1.912039e-02
1937 3.078849e-04 4.816230e-02
1938 2.380842e-04 4.708219e-02
1939 1.178087e-04 6.165370e-02
1940 1.258134e-04 8.800228e-02
1941 1.658944e-06 7.878361e-03
1942 4.016526e-04 1.094885e-01
1943 1.663859e-04 1.108871e-01
1944 1.778400e-05 3.427841e-02
1945 8.631732e-06 1.174077e-02
1946 1.861656e-04 1.198495e-01
1947 2.028170e-05 1.952727e-02
1948 2.482748e-04 5.546278e-02
1949 2.501253e-03 2.822303e-01
1950 8.898732e-04 8.485910e-02
1951 6.703839e-04 1.819327e-01
1952 4.538151e-04 1.085996e-01
1953 4.012251e-05 2.135459e-02
1954 2.569871e-05 1.397693e-02
1955 1.776502e-03 4.425484e-01
1956 1.236407e-03 2.429360e-01
1957 3.107739e-03 4.159469e-01
1958 2.449858e-03 2.502151e-01
1959 3.985672e-07 7.305646e-03
1960 5.689476e-05 1.460369e-02
1961 7.303548e-09 2.938791e-03
1962 7.187120e-06 7.070154e-03
1963 2.090001e-08 2.056361e-03
1964 1.009870e-07 3.507670e-03
1965 9.032254e-05 2.991856e-02
1966 1.899048e-06 1.186565e-02
1967 5.915772e-04 1.631693e-01
1968 3.658898e-05 1.883918e-02
1969 6.962409e-06 1.940386e-02
1970 1.901786e-06 9.430927e-03
1971 1.299117e-05 2.275333e-02
1972 6.208746e-07 7.122092e-03
1973 6.835848e-04 1.279657e-01
1974 4.053120e-05 3.657257e-02
1975 5.633877e-06 1.676355e-02
1976 6.523633e-05 3.058147e-02
1977 8.411344e-04 1.597827e-01
1978 2.246680e-04 4.447476e-02
1979 3.929374e-04 5.290014e-02
1980 3.833132e-04 5.483777e-02
1981 3.078515e-04 2.933648e-02
1982 6.676023e-04 9.902111e-02
1983 3.133077e-03 3.650848e-01
1984 1.148739e-04 8.433820e-02
1985 8.821862e-04 1.533114e-01
1986 1.396663e-04 6.383335e-02
1987 5.374915e-03 4.979896e-01
1988 1.084107e-04 4.102244e-02
1989 4.308633e-05 4.807226e-02
1990 8.185293e-04 1.615991e-01
1991 1.466237e-05 1.350829e-02
1992 8.419327e-05 2.945920e-02
1993 1.357928e-03 6.703162e-02
1994 3.420505e-04 4.061058e-02
1995 9.577648e-04 5.099698e-02
1996 3.777905e-04 1.892661e-02
1997 5.478631e-03 1.664582e-01
1998 1.981075e-03 1.390465e-01
1999 2.383757e-03 2.917221e-01
2000 1.577851e-03 1.321869e-01
