2 2.527518e-04 1.524860e-01
3 3.722360e-03 8.892320e-01
4 7.477613e-04 3.608180e-01
5 3.561609e-04 1.343347e-01
6 3.796303e-03 1.060619e+00
7 1.635299e-03 2.992538e-01
8 1.056856e-05 5.440462e-02
9 6.209059e-06 1.092789e-02
10 7.917424e-04 1.004063e-01
11 3.765655e-04 4.682231e-01
12 1.232869e-04 4.134139e-02
13 1.364883e-03 5.649368e-01
14 7.963757e-04 1.610400e-01
15 6.029756e-04 6.790656e-02
16 9.036052e-05 6.033124e-02
17 6.320458e-05 1.964337e-02
18 4.498441e-04 1.718977e-01
19 5.286915e-05 3.302391e-01
20 7.835904e-04 5.139173e-01
21 4.544187e-04 2.222964e-01
22 2.251968e-05 3.198383e-02
23 1.067946e-03 7.541747e-01
24 1.976228e-03 3.788433e-01
25 1.083091e-04 5.443165e-02
26 5.192575e-04 7.238460e-01
27 5.704965e-04 9.186879e-02
28 3.150695e-04 5.689451e-02
29 3.476751e-03 8.136847e-01
30 1.025166e-06 7.783307e-03
31 2.758258e-03 2.019360e-01
32 2.269089e-03 3.145386e-01
33 3.999298e-04 3.391246e-02
34 5.988517e-06 9.739571e-03
35 1.578846e-03 2.338763e-01
36 1.597473e-04 8.427335e-02
37 6.263219e-03 1.016898e+00
38 8.305602e-03 1.304852e+00
39 1.926196e-03 6.804839e-01
40 6.669725e-04 2.558146e-01
41 6.839727e-07 7.174559e-03
42 1.584260e-03 8.923628e-01
43 1.919506e-05 1.826898e-02
44 2.599671e-07 3.019733e-03
45 4.787539e-07 2.724857e-03
46 2.903297e-08 1.440193e-03
47 1.205985e-07 6.331408e-03
48 5.106236e-07 7.234129e-03
49 1.201902e-06 9.122423e-03
50 1.208966e-05 3.274354e-02
51 2.003988e-07 3.161789e-03
52 2.307466e-07 5.675083e-03
53 2.500109e-07 5.689751e-03
54 7.753005e-08 4.300946e-03
55 3.817370e-08 3.398541e-03
56 8.108094e-06 2.188396e-02
57 1.668779e-05 4.236167e-02
58 3.446117e-08 1.716719e-03
59 1.490880e-05 1.259151e-02
60 8.502282e-07 2.430679e-03
61 1.922564e-07 4.235373e-03
62 3.102956e-07 1.350027e-03
63 2.167817e-06 5.709267e-03
64 3.487105e-08 1.184189e-02
65 1.534771e-07 2.815719e-03
66 4.887574e-07 4.881706e-03
67 1.299325e-07 4.812318e-03
68 2.081316e-06 1.131941e-02
69 7.060829e-06 1.049208e-02
70 4.796509e-03 6.064817e-01
71 1.081613e-09 4.412606e-03
72 1.430477e-04 7.084576e-02
73 1.278077e-06 4.569057e-03
74 1.857002e-07 5.786959e-03
75 1.384652e-06 5.791946e-03
76 8.700252e-06 6.918032e-03
77 2.309131e-06 4.718528e-03
78 4.583719e-05 4.895643e-02
79 1.002741e-06 1.139870e-02
80 3.921157e-05 9.437405e-02
81 1.513703e-07 3.182510e-03
82 2.708838e-05 4.148658e-02
83 3.210470e-08 2.529024e-03
84 6.859043e-05 1.663775e-02
85 2.379557e-06 7.875084e-03
86 1.683556e-04 3.071628e-02
87 7.128457e-04 2.409117e-01
88 6.770944e-09 2.775025e-03
89 2.817702e-04 5.319257e-02
90 1.062751e-04 1.278758e-01
91 2.702599e-05 1.898385e-02
92 8.005912e-05 8.569519e-02
93 4.785604e-05 4.836697e-02
94 2.521445e-07 9.016593e-03
95 2.248716e-08 5.392057e-03
96 4.021828e-05 1.371048e-02
97 1.619968e-05 2.207348e-02
98 2.022754e-04 3.480519e-02
99 1.028944e-03 3.323804e-01
100 3.013375e-03 9.253930e-01
101 7.435379e-04 1.636182e-01
102 2.031402e-06 6.659082e-03
103 8.499108e-04 2.361017e-01
104 9.549866e-08 2.472949e-02
105 1.444570e-04 9.892857e-02
106 1.323742e-04 6.581753e-02
107 1.083735e-06 1.216843e-02
108 3.703879e-05 1.154320e-01
109 6.237201e-07 1.216404e-02
110 2.975130e-06 4.431881e-03
111 2.664924e-07 1.085490e-02
112 2.741702e-07 1.960292e-02
113 1.635068e-03 1.165571e-01
114 1.507837e-04 1.357687e-02
115 7.384991e-05 2.632779e-02
116 5.629545e-04 9.752971e-02
117 2.814911e-06 7.346309e-03
118 1.528034e-07 3.722212e-03
119 5.233626e-03 7.003740e-01
120 2.104183e-04 3.031578e-02
121 2.874334e-07 9.050761e-03
122 8.871755e-07 5.207157e-03
123 6.311493e-04 1.042218e-01
124 4.108220e-06 1.434717e-02
125 1.433541e-04 1.576907e-01
126 1.102534e-05 1.467909e-02
127 5.461553e-07 1.166210e-02
128 2.725595e-04 4.208057e-01
129 1.424059e-03 5.090191e-01
130 1.512972e-05 7.821631e-02
131 1.870502e-03 1.841796e-01
132 1.122801e-05 2.867929e-02
133 3.771900e-03 9.372332e-01
134 6.517570e-05 4.827856e-02
135 1.739087e-03 3.279875e-01
136 3.836783e-09 2.287380e-03
137 3.625517e-07 1.301223e-02
138 1.165686e-06 4.084536e-03
139 7.462818e-06 9.979411e-03
140 1.353128e-04 5.021450e-02
141 4.052822e-06 7.905367e-03
142 2.124622e-03 2.002856e-01
143 1.625459e-04 9.714126e-02
144 3.543396e-04 2.496558e-01
145 3.854385e-04 5.826287e-02
146 2.497809e-06 1.452511e-02
147 1.141750e-04 7.702333e-02
148 2.930360e-06 6.507662e-03
149 7.433605e-05 7.414999e-02
150 3.558944e-04 9.862309e-02
151 7.409178e-04 6.153378e-02
152 3.479883e-05 3.842604e-02
153 3.734424e-06 1.059472e-02
154 2.396106e-05 1.611447e-02
155 1.346085e-06 3.153240e-03
156 1.898063e-04 2.215902e-02
157 8.770691e-07 1.318337e-02
158 1.042835e-09 3.780371e-03
159 4.197411e-07 1.787275e-02
160 2.175360e-06 1.015086e-02
161 2.770789e-06 5.263546e-03
162 2.925514e-06 1.722788e-02
163 5.103130e-06 1.739344e-02
164 6.125981e-05 1.368513e-02
165 3.836132e-07 1.782792e-03
166 3.709866e-06 2.482068e-03
167 1.110712e-05 8.924822e-03
168 8.155358e-06 5.573835e-03
169 1.575618e-04 3.593310e-02
170 1.514183e-05 7.541351e-03
171 6.183104e-05 4.640312e-02
172 3.505440e-03 5.220718e-01
173 2.973843e-04 8.281509e-02
174 1.402776e-03 2.051740e-01
175 2.187701e-09 1.263742e-03
176 9.562095e-06 1.478603e-02
177 2.879564e-08 3.190312e-03
178 1.081358e-06 7.863733e-03
179 1.325208e-05 1.266027e-02
180 3.043059e-09 1.277159e-03
181 3.344637e-05 1.135371e-01
182 4.065968e-04 5.742855e-02
183 5.545689e-05 4.024636e-02
184 8.056473e-06 9.105293e-03
185 4.226724e-09 1.523330e-03
186 2.475350e-06 4.916104e-02
187 3.590768e-03 7.067204e-01
188 1.122834e-04 5.149007e-02
189 6.619742e-06 1.550099e-02
190 1.885630e-06 5.616738e-03
191 7.670280e-07 7.007720e-03
192 3.650477e-07 5.852191e-03
193 3.070010e-08 6.283266e-03
194 1.733441e-07 6.113049e-03
195 1.248649e-04 2.884681e-02
196 2.873862e-06 8.251560e-03
197 4.607775e-07 2.125084e-02
198 1.905121e-05 1.459803e-02
199 2.036845e-05 2.006545e-02
200 1.739838e-04 1.158775e-01
201 2.368858e-05 9.208594e-02
202 1.824971e-05 1.448525e-02
203 1.996532e-04 2.027569e-01
204 4.130464e-06 4.209098e-03
205 6.962303e-05 4.166745e-02
206 6.423178e-04 4.437093e-02
207 8.526850e-06 3.260326e-02
208 7.845532e-05 9.548949e-02
209 9.901657e-04 1.591176e-01
210 3.847253e-06 5.762975e-02
211 2.540304e-04 1.973834e-01
212 4.095255e-07 5.017010e-03
213 4.797161e-06 1.622740e-02
214 5.668010e-06 1.396974e-02
215 6.593799e-07 1.240760e-02
216 1.783593e-05 3.943988e-02
217 1.580422e-06 2.815541e-03
218 1.783435e-07 4.716468e-03
219 2.679207e-07 2.553073e-03
220 1.834268e-04 2.556555e-01
221 8.374875e-07 5.679152e-03
222 1.288736e-05 4.359972e-02
223 5.611222e-04 1.528056e-01
224 2.102817e-08 2.299884e-03
225 2.321695e-08 3.231938e-03
226 4.447226e-06 1.201781e-02
227 3.973138e-07 4.268384e-03
228 3.537385e-06 6.247144e-03
229 2.720813e-06 1.815618e-02
230 4.860444e-04 3.269755e-01
231 5.528934e-09 2.043641e-03
232 1.353999e-03 6.970501e-01
233 1.729695e-07 9.441297e-03
234 1.038646e-06 5.246983e-03
235 4.602458e-09 7.405227e-03
236 8.679093e-04 1.112000e-01
237 1.024273e-03 2.769234e-01
238 5.627840e-07 5.092854e-03
239 5.001999e-05 1.345504e-02
240 4.051442e-06 6.856607e-02
241 7.031011e-04 4.806636e-01
242 4.356458e-05 3.835518e-02
243 5.460761e-07 4.527484e-03
244 1.741922e-08 1.878625e-03
245 2.203801e-08 1.283423e-03
246 7.156509e-04 1.906448e-01
247 6.303427e-04 1.029731e-01
248 1.153998e-03 3.223089e-01
249 1.620781e-03 3.811834e-01
250 8.164266e-04 3.025428e-01
251 2.310344e-09 1.293758e-03
252 3.101464e-07 8.778561e-03
253 1.445104e-07 4.238664e-03
254 1.469117e-05 2.242702e-02
255 1.266156e-06 8.960236e-03
256 5.297024e-09 2.437650e-03
257 5.786440e-07 5.264776e-03
258 1.656262e-04 1.034099e-01
259 9.489751e-08 1.453295e-03
260 8.043690e-07 1.002337e-02
261 1.039083e-05 9.565465e-03
262 6.023983e-07 1.775599e-03
263 1.857518e-05 6.722965e-03
264 1.161313e-05 2.971911e-02
265 2.582214e-05 7.929429e-02
266 2.910034e-06 1.243607e-02
267 6.308558e-07 1.986027e-02
268 7.983763e-06 9.968965e-03
269 4.252366e-04 1.750027e-01
270 5.942956e-09 3.605317e-03
271 2.188029e-05 1.906275e-02
272 1.650871e-05 1.292854e-02
273 1.719398e-04 1.191002e-01
274 2.433076e-09 1.879255e-03
275 5.314357e-04 1.290340e-01
276 1.483863e-06 1.847942e-02
277 5.960341e-09 4.010940e-03
278 7.203972e-05 1.098031e-01
279 1.650942e-06 5.121750e-03
280 8.198930e-05 7.667308e-02
281 1.437328e-03 1.485000e-01
282 1.189967e-07 2.085943e-03
283 2.389848e-06 6.926256e-03
284 5.081180e-08 4.747478e-03
285 1.869635e-07 9.250954e-03
286 2.662004e-07 6.127561e-03
287 1.472618e-07 5.086763e-03
288 8.839442e-08 2.220403e-03
289 4.849500e-04 3.058461e-01
290 3.331293e-09 1.421694e-03
291 2.824139e-05 1.953190e-02
292 9.771451e-04 4.420254e-01
293 1.906278e-06 5.744838e-03
294 9.106746e-08 4.362669e-03
295 4.897937e-08 1.780592e-02
296 3.802157e-05 1.243664e-01
297 1.102677e-05 1.853108e-02
298 6.621586e-06 5.721599e-03
299 7.953116e-08 4.258175e-03
300 9.061272e-06 1.561176e-02
301 6.969456e-04 3.651929e-01
302 2.801760e-07 3.586614e-03
303 6.794250e-07 2.053226e-02
304 2.811136e-04 1.470595e-01
305 8.348190e-05 2.353734e-02
306 6.197348e-05 2.351533e-02
307 6.529121e-04 2.895589e-01
308 1.366230e-06 1.095592e-02
309 5.797928e-04 2.999432e-01
310 7.490495e-05 2.403288e-02
311 3.119994e-06 1.346379e-02
312 6.300366e-06 5.534809e-03
313 2.175611e-03 8.980706e-01
314 1.074113e-05 3.755969e-03
315 7.139898e-09 4.746805e-03
316 3.052957e-03 5.922097e-01
317 2.227279e-03 3.638500e-01
318 2.778486e-04 2.195662e-01
319 1.386344e-04 9.300086e-02
320 4.030425e-05 4.179792e-02
321 1.922960e-04 3.702190e-01
322 2.272439e-10 6.874474e-03
323 5.646491e-06 2.734322e-02
324 1.281830e-07 5.419670e-03
325 4.446815e-08 5.309936e-03
326 6.628871e-06 4.665837e-02
327 2.973057e-03 7.837074e-01
328 4.810425e-04 1.979918e-01
329 1.479921e-03 4.097561e-01
330 1.452062e-05 1.133650e-02
331 3.596884e-05 2.950175e-02
332 2.356377e-04 3.168379e-01
333 3.052108e-07 1.669758e-02
334 5.665204e-06 4.962868e-02
335 1.934283e-08 2.171450e-03
336 1.279846e-06 1.093480e-02
337 1.889558e-06 1.348897e-02
338 1.263553e-03 1.140199e-01
339 8.520980e-04 2.904945e-01
340 8.694476e-06 1.472041e-02
341 1.193971e-06 1.043757e-02
342 1.588171e-05 7.992273e-03
343 2.892303e-07 3.917221e-02
344 3.875600e-05 1.867605e-02
345 2.428822e-03 8.293048e-01
346 2.038674e-03 4.504144e-01
347 6.701276e-08 4.229049e-03
348 1.013579e-04 4.985752e-02
349 3.001759e-06 7.730628e-03
350 2.144570e-06 3.237958e-03
351 2.665528e-03 7.977060e-01
352 8.359624e-05 2.165401e-01
353 3.949899e-08 1.287556e-03
354 1.241085e-04 1.390331e-01
355 3.510486e-05 2.614149e-02
356 9.390929e-04 4.744238e-01
357 6.051742e-04 1.807160e-01
358 1.623267e-05 5.536624e-03
359 4.448004e-06 1.218660e-02
360 1.555645e-04 1.464892e-01
361 5.207186e-04 2.043695e-01
362 8.347006e-04 9.595858e-02
363 1.057949e-04 4.002560e-02
364 1.841521e-05 5.271556e-02
365 1.153556e-05 4.100022e-02
366 4.140265e-06 2.092735e-02
367 6.832639e-07 1.706807e-02
368 4.576406e-06 1.223243e-02
369 4.751884e-07 1.178018e-02
370 2.742194e-05 1.993101e-02
371 1.977514e-06 8.670655e-02
372 1.095161e-07 3.668817e-02
373 1.069082e-04 6.883874e-02
374 2.173504e-08 6.333842e-03
375 2.340588e-07 1.463048e-03
376 4.708301e-07 3.669778e-03
377 2.501132e-03 5.413976e-01
378 7.412858e-05 2.390663e-02
379 3.843328e-06 6.089126e-03
380 4.341670e-06 2.042524e-02
381 4.862802e-04 6.305798e-01
382 2.813056e-04 2.915352e-02
383 2.603448e-04 1.914805e-01
384 1.665607e-05 2.007254e-02
385 1.151082e-03 6.294911e-01
386 2.596601e-05 1.645664e-02
387 9.846479e-06 2.056151e-02
388 5.370138e-07 4.057024e-03
389 9.642247e-07 1.069993e-02
390 9.140747e-09 4.437819e-03
391 5.256766e-05 3.519493e-02
392 1.500820e-05 2.838999e-02
393 7.218732e-09 2.653452e-03
394 2.130469e-03 7.417158e-01
395 5.793829e-07 1.814821e-03
396 2.039143e-05 3.935537e-02
397 1.669885e-05 2.258438e-02
398 1.366089e-09 2.559507e-03
399 9.533551e-07 9.104951e-03
400 1.320446e-03 1.507009e+00
401 1.614650e-05 2.747549e-02
402 1.487022e-04 5.740418e-01
403 6.554400e-05 3.164626e-02
404 3.471813e-05 2.814824e-02
405 1.433278e-06 5.118176e-03
406 9.205822e-05 2.622297e-01
407 1.679971e-04 1.166314e-01
408 8.187597e-04 7.142770e-01
409 3.678887e-05 8.427393e-02
410 7.014286e-06 1.531819e-02
411 1.544318e-04 4.239671e-02
412 8.556423e-06 1.236357e-02
413 4.311954e-04 4.798606e-01
414 2.433509e-04 2.792161e-02
415 3.454337e-08 1.965919e-03
416 8.489521e-05 1.234845e-01
417 3.678194e-06 2.834383e-03
418 1.718215e-03 4.731225e-01
419 1.937012e-03 7.426966e-01
420 2.648555e-06 9.510985e-03
421 2.470102e-04 2.212660e-02
422 2.728115e-05 2.957303e-02
423 1.038207e-05 1.241431e-02
424 1.111753e-04 6.501081e-02
425 1.806660e-05 1.426091e-02
426 4.734830e-08 3.758528e-03
427 4.512618e-05 1.510284e-01
428 7.965473e-05 3.855757e-02
429 7.410091e-04 3.268717e-01
430 1.926917e-07 1.716160e-03
431 5.164218e-09 4.157594e-03
432 1.144014e-04 1.402872e-01
433 1.312467e-08 1.256881e-03
434 2.757519e-07 5.210852e-03
435 2.632995e-06 5.720985e-03
436 2.978415e-08 2.357207e-03
437 2.313553e-04 1.371613e-01
438 1.310221e-07 5.835785e-03
439 1.703212e-07 4.594167e-03
440 3.684690e-07 4.321502e-03
441 5.646585e-05 4.087941e-02
442 4.233884e-08 6.771315e-03
443 1.725601e-06 5.355136e-03
444 8.481032e-05 4.860228e-02
445 3.658544e-05 9.156154e-02
446 3.619012e-06 1.737521e-02
447 9.494773e-08 2.493323e-03
448 2.547008e-06 2.697901e-03
449 6.527333e-08 2.385835e-03
450 4.959033e-07 3.674226e-03
451 1.913814e-07 1.331771e-03
452 2.670046e-05 1.273406e-02
453 1.481138e-06 5.133785e-03
454 8.947735e-05 3.967895e-02
455 4.846982e-04 1.540871e-01
456 4.681399e-07 5.620883e-03
457 7.219077e-05 4.311768e-02
458 1.111365e-04 6.851228e-02
459 1.255993e-04 6.977755e-02
460 3.473708e-06 4.006361e-03
461 2.481553e-05 3.784350e-02
462 4.780936e-04 2.912798e-01
463 7.004930e-05 7.351066e-02
464 3.291261e-05 9.314545e-03
465 6.037431e-08 1.841555e-03
466 2.351079e-08 2.730602e-03
467 1.698297e-03 5.099733e-01
468 5.761143e-09 5.934200e-03
469 9.958606e-04 1.147848e-01
470 4.054472e-05 1.923469e-02
471 4.889958e-05 3.720916e-02
472 1.415911e-05 6.889889e-03
473 1.951177e-05 1.555170e-02
474 9.477973e-06 4.751640e-03
475 6.064479e-05 3.771870e-02
476 1.124763e-08 2.276142e-03
477 7.724520e-04 8.674557e-02
478 1.661051e-09 3.581567e-03
479 1.176343e-08 1.840487e-03
480 5.192977e-06 1.374142e-02
481 1.444912e-07 8.182626e-03
482 4.306769e-04 2.653798e-01
483 2.025873e-08 1.192215e-03
484 6.722005e-08 1.950164e-03
485 1.332956e-04 9.860124e-02
486 2.539229e-07 5.275441e-03
487 6.670924e-05 8.921265e-02
488 9.754477e-07 6.562641e-03
489 3.025859e-05 1.274632e-02
490 4.140375e-06 4.754718e-02
491 3.605500e-06 1.087578e-02
492 1.783486e-04 1.310011e-02
493 5.159195e-08 2.365810e-03
494 4.288787e-04 1.275810e-01
495 6.824640e-04 1.687699e-01
496 6.671197e-05 1.937890e-01
497 7.174451e-05 1.443952e-01
498 2.135144e-05 4.198172e-02
499 5.041174e-05 1.142603e-02
500 4.311513e-08 9.723198e-03
501 7.012053e-03 7.305939e-01
502 4.652454e-06 1.966749e-02
503 1.711260e-04 7.189664e-02
504 2.518502e-03 9.958033e-01
505 1.331193e-06 6.429198e-03
506 3.178887e-07 1.312257e-02
507 2.729695e-06 9.664676e-03
508 2.123964e-05 1.502142e-02
509 3.323656e-04 3.444797e-01
510 3.801987e-07 9.904082e-03
511 6.180339e-07 4.954732e-03
512 2.158211e-08 2.038908e-03
513 1.780557e-05 3.476931e-02
514 1.404064e-07 1.968966e-02
515 1.633029e-06 5.768971e-02
516 2.357721e-04 7.419594e-02
517 3.280818e-06 7.719828e-03
518 6.794607e-08 4.539791e-03
519 1.468783e-06 1.083737e-02
520 2.617343e-09 1.504557e-03
521 2.116430e-05 2.962521e-02
522 1.410514e-06 3.362745e-03
523 5.134044e-06 8.380430e-03
524 1.746070e-04 7.755638e-02
525 1.589678e-04 9.463643e-02
526 8.223283e-06 1.735360e-02
527 6.056972e-04 1.795507e-01
528 1.409940e-03 1.408287e-01
529 1.202944e-03 2.143373e-01
530 5.508399e-04 5.541274e-02
531 1.672113e-10 1.574189e-03
532 2.767166e-07 9.687578e-03
533 1.331016e-06 2.816617e-03
534 1.059457e-05 8.928194e-02
535 6.293285e-04 2.798071e-01
536 5.437656e-04 8.924704e-02
537 4.272557e-04 3.051352e-01
538 2.713447e-06 9.621403e-02
539 1.051150e-04 5.989402e-02
540 6.693859e-07 2.842204e-02
541 9.837064e-04 7.589997e-01
542 8.321918e-06 1.295904e-02
543 4.609465e-05 7.950181e-03
544 7.505221e-05 7.692498e-02
545 1.696051e-07 9.535481e-03
546 6.048173e-06 1.564422e-02
547 4.840307e-05 5.417105e-02
548 8.669664e-05 3.229400e-02
549 5.816554e-06 2.915370e-02
550 2.635313e-09 5.838513e-03
551 1.505453e-04 1.970856e-02
552 3.194842e-07 2.680403e-03
553 1.410120e-06 7.506050e-03
554 1.273273e-09 3.020611e-03
555 3.840829e-06 7.055849e-02
556 2.522650e-06 7.593393e-03
557 1.236735e-04 8.816007e-02
558 1.184921e-07 8.194131e-03
559 4.432878e-04 5.199815e-02
560 4.483511e-08 3.359188e-03
561 3.360942e-06 3.323324e-02
562 9.236630e-07 1.804136e-03
563 2.920985e-03 1.631904e+00
564 2.907784e-03 8.005602e-01
565 1.967429e-06 3.794840e-03
566 1.122705e-04 2.491655e-02
567 3.147028e-04 5.721688e-02
568 2.225778e-04 9.427092e-02
569 2.050306e-05 1.137655e-02
570 2.259330e-05 5.072350e-02
571 3.507540e-05 6.275716e-02
572 5.931238e-04 8.471481e-02
573 2.502491e-03 1.458670e-01
574 6.257243e-06 5.679845e-03
575 5.282179e-08 4.059617e-03
576 2.611601e-06 9.544062e-03
577 2.163791e-08 2.688757e-03
578 1.497025e-06 4.070170e-03
579 8.368520e-05 2.315931e-02
580 1.054046e-06 6.019545e-03
581 4.079875e-04 9.174105e-02
582 2.210132e-06 1.515166e-02
583 1.013734e-04 4.608792e-01
584 2.206032e-05 7.744156e-02
585 2.128425e-05 4.505703e-02
586 6.874833e-04 1.157496e-01
587 6.402923e-06 1.303476e-02
588 1.914826e-05 5.879407e-02
589 4.218068e-04 4.206126e-02
590 9.516314e-07 1.232461e-02
591 2.027804e-06 2.677287e-02
592 2.257804e-03 6.079845e-01
593 2.600599e-06 9.288257e-03
594 3.098994e-04 9.243196e-02
595 1.500833e-06 5.584393e-03
596 1.656006e-07 1.376588e-03
597 7.750784e-07 2.269263e-03
598 6.423520e-05 4.447442e-02
599 4.504529e-05 1.756787e-02
600 3.231536e-06 5.101063e-03
601 1.556858e-06 4.292930e-03
602 2.564452e-05 2.680752e-02
603 6.715267e-05 3.235894e-02
604 2.212243e-08 2.067405e-03
605 3.973906e-04 1.487325e-01
606 3.626292e-04 8.747776e-02
607 2.682566e-07 5.235254e-03
608 1.432298e-04 2.201001e-02
609 3.381799e-05 1.525879e-02
610 3.074989e-06 1.619007e-02
611 6.247113e-08 2.534256e-03
612 2.005612e-05 3.596266e-02
613 4.723024e-08 5.336804e-03
614 2.642464e-06 5.621236e-03
615 5.755238e-08 5.943952e-03
616 8.311367e-05 4.123776e-02
617 6.119833e-06 1.394831e-02
618 3.511590e-07 8.397260e-03
619 1.491168e-05 6.966113e-03
620 4.761054e-07 3.865288e-03
621 3.593161e-07 3.412295e-03
622 7.642418e-04 2.496129e-01
623 5.161822e-05 1.677398e-02
624 1.106538e-06 4.399327e-03
625 9.143781e-07 1.182267e-02
626 1.128317e-06 6.348601e-03
627 7.855720e-07 3.650636e-03
628 6.178048e-05 3.020372e-02
629 1.522179e-06 2.074057e-03
630 3.228901e-05 1.379965e-02
631 2.400839e-05 1.154432e-02
632 1.563476e-07 1.261049e-03
633 1.510906e-04 2.923843e-01
634 1.052263e-04 2.345359e-02
635 9.083484e-07 8.763196e-03
636 2.317968e-07 2.103638e-02
637 3.083650e-07 1.158671e-02
638 3.625460e-08 2.182151e-03
639 6.835982e-09 1.581092e-03
640 2.599381e-08 2.443430e-03
641 1.088627e-08 1.528294e-03
642 1.914633e-07 5.427128e-03
643 7.248248e-05 8.422923e-02
644 8.108505e-04 1.531380e-01
645 1.287623e-04 5.534559e-02
646 1.768362e-06 1.415885e-02
647 9.616863e-07 6.002870e-03
648 3.363609e-05 3.510392e-02
649 2.783642e-03 5.743464e-01
650 2.626744e-06 4.936182e-03
651 1.072811e-06 8.502349e-03
652 3.875221e-04 6.511082e-02
653 6.374241e-08 4.781356e-03
654 1.139482e-06 4.912318e-03
655 2.163885e-06 9.134690e-03
656 1.071642e-07 2.803991e-03
657 5.884781e-05 3.173297e-02
658 3.752758e-04 1.375980e-01
659 5.050288e-05 1.696152e-02
660 1.656482e-04 1.135782e-01
661 6.073095e-07 5.536986e-03
662 4.179539e-04 2.342217e-01
663 1.159511e-03 7.489581e-01
664 2.861496e-05 5.025344e-02
665 9.170627e-07 9.350643e-03
666 2.621411e-05 1.378173e-02
667 2.751038e-04 2.462156e-02
668 1.508382e-03 2.808748e-01
669 1.179242e-03 1.959243e-01
670 1.552891e-07 9.340408e-03
671 2.724011e-05 2.101216e-02
672 1.409400e-06 2.501690e-02
673 1.130168e-05 1.098976e-02
674 2.103660e-07 2.092997e-03
675 2.334171e-05 1.369804e-01
676 1.326302e-06 5.621647e-03
677 5.780529e-10 1.338921e-03
678 1.259212e-05 6.877284e-03
679 3.341134e-04 1.476468e-01
680 1.965870e-05 4.542178e-02
681 6.397828e-05 6.858766e-02
682 1.395057e-05 1.225944e-02
683 4.449055e-06 3.044975e-02
684 3.500943e-06 1.883464e-02
685 6.149845e-09 2.170753e-03
686 1.189021e-05 1.878337e-02
687 4.196967e-03 5.560501e-01
688 6.111390e-06 2.468221e-02
689 1.531753e-06 1.027936e-02
690 2.300741e-08 2.014192e-03
691 2.136216e-04 1.511558e-01
692 5.440779e-07 2.916581e-03
693 1.265185e-05 2.121567e-02
694 1.643549e-04 7.703451e-02
695 1.023896e-04 2.349984e-01
696 1.864902e-03 6.149344e-01
697 1.164897e-05 8.599402e-03
698 3.145169e-05 1.352914e-01
699 6.648392e-08 1.535052e-03
700 5.663443e-05 4.617137e-02
701 6.757377e-06 1.945697e-02
702 3.358164e-08 1.236283e-03
703 1.006216e-07 4.008860e-03
704 1.925700e-10 1.311530e-03
705 1.736367e-03 2.208402e-01
706 6.587717e-08 1.730584e-03
707 3.359267e-04 6.991597e-02
708 9.295264e-11 4.995841e-03
709 2.641481e-10 2.939357e-03
710 8.194871e-07 6.271253e-03
711 2.931247e-09 1.204839e-03
712 9.456722e-07 4.793139e-03
713 2.029995e-07 6.453641e-03
714 5.145072e-09 2.451162e-03
715 1.196598e-05 1.582577e-02
716 8.797080e-05 2.529451e-02
717 2.600104e-07 5.326114e-03
718 2.577851e-10 2.642268e-03
719 4.759789e-03 5.267874e-01
720 8.015615e-10 1.188312e-03
721 2.497196e-05 7.583988e-03
722 7.099641e-10 2.732675e-03
723 9.011132e-06 1.637110e-02
724 3.576088e-07 3.477290e-03
725 1.351306e-09 1.464571e-03
726 1.104280e-04 4.286032e-02
727 2.903743e-08 4.371000e-03
728 8.998547e-07 7.898118e-03
729 1.120265e-08 7.307433e-03
730 8.172842e-08 2.750515e-03
731 3.244098e-04 9.350936e-02
732 6.211306e-11 1.364471e-03
733 8.066305e-13 9.157499e-04
734 3.366842e-07 2.981047e-03
735 1.370600e-07 3.400198e-03
736 1.252930e-05 1.605946e-02
737 5.021070e-10 1.363506e-03
738 1.699069e-04 9.180970e-02
739 1.245421e-07 3.513042e-03
740 7.870760e-05 3.516889e-02
741 5.702713e-07 8.471724e-03
742 9.377801e-06 2.139851e-02
743 1.866161e-03 6.347517e-01
744 1.109142e-09 2.638449e-03
745 2.833520e-08 2.529933e-03
746 1.486618e-06 1.275599e-02
747 2.836797e-04 4.002307e-02
748 6.012792e-04 1.398925e-01
749 1.434881e-04 1.785408e-01
750 5.366448e-07 6.823138e-03
751 7.290214e-06 1.219978e-02
752 2.240963e-07 1.973747e-03
753 2.541751e-08 2.986416e-03
754 8.936090e-05 1.026471e-01
755 1.314633e-05 2.092927e-02
756 1.025179e-04 3.354590e-02
757 2.761857e-09 1.517496e-03
758 3.942314e-05 2.054135e-02
759 5.832685e-05 2.090686e-02
760 6.105149e-08 2.274462e-03
761 1.401942e-04 2.744488e-02
762 1.125328e-04 1.811180e-02
763 1.789331e-08 1.966042e-03
764 4.002392e-07 9.882800e-03
765 9.458466e-09 1.044161e-02
766 2.709001e-07 5.491772e-03
767 8.350264e-08 5.901948e-03
768 1.474737e-04 2.633753e-02
769 9.155966e-06 7.510242e-03
770 5.650043e-05 6.121498e-02
771 1.501244e-05 4.433497e-03
772 2.213140e-10 1.550054e-03
773 7.278050e-08 1.603971e-02
774 4.453613e-08 1.955834e-03
775 3.342181e-04 8.109235e-02
776 4.207042e-04 8.248832e-02
777 4.389083e-05 3.242282e-02
778 2.278316e-05 2.245366e-02
779 1.512745e-03 1.811465e-01
780 1.824561e-05 1.453021e-02
781 3.659150e-04 6.214260e-02
782 4.321617e-06 4.431194e-03
783 9.883633e-06 9.495127e-03
784 9.230581e-06 6.449281e-03
785 1.683352e-04 3.743538e-02
786 2.008983e-05 2.377202e-02
787 1.234838e-04 3.018551e-02
788 1.580907e-05 2.275676e-02
789 4.172851e-09 1.348693e-03
790 4.046116e-04 1.550849e-01
791 4.079309e-05 1.583314e-02
792 2.668741e-06 4.894423e-03
793 9.128997e-06 9.699368e-03
794 2.618908e-06 5.064682e-03
795 3.308315e-04 5.587374e-01
796 1.860290e-08 3.133991e-03
797 4.008507e-04 2.635324e-01
798 2.295152e-03 4.087633e-01
799 9.211057e-06 4.962387e-03
800 1.044333e-03 6.079468e-02
801 2.729957e-07 4.153310e-03
802 4.596622e-05 4.292124e-02
803 7.251074e-04 1.244276e-01
804 1.789527e-06 1.600497e-02
805 8.827886e-08 4.027858e-03
806 7.987730e-04 2.015346e-01
807 2.770645e-06 5.536032e-02
808 4.479440e-06 3.865662e-03
809 1.357595e-03 3.195609e-01
810 7.041208e-05 1.392536e-02
811 1.116835e-05 2.731514e-02
812 7.295575e-07 6.909516e-03
813 1.647685e-07 5.849327e-03
814 3.604760e-06 1.040020e-02
815 9.809055e-06 2.591149e-02
816 4.581020e-04 1.432311e-01
817 2.298248e-03 6.976544e-01
818 5.789821e-08 3.589294e-03
819 7.720901e-05 1.003437e-01
820 5.221279e-05 5.155938e-02
821 8.721605e-06 2.753861e-02
822 7.200461e-08 3.563415e-03
823 6.404440e-07 9.546662e-03
824 4.368185e-07 2.605846e-02
825 3.711068e-06 2.657203e-02
826 1.703130e-05 8.900670e-03
827 4.210956e-06 5.554652e-03
828 1.379270e-05 3.635903e-02
829 2.577177e-06 1.433004e-02
830 3.188225e-03 3.799111e-01
831 2.163422e-04 1.725086e-02
832 1.008071e-05 8.429153e-03
833 9.417042e-06 2.193606e-02
834 4.603042e-06 2.159067e-02
835 1.627485e-07 2.270795e-03
836 4.054693e-09 1.026999e-03
837 6.052393e-07 1.486271e-02
838 2.696801e-05 8.389110e-03
839 2.276915e-06 1.521340e-02
840 1.996963e-05 3.705743e-02
841 6.842698e-05 3.250442e-02
842 7.020047e-04 3.695285e-01
843 2.779986e-05 2.722314e-02
844 6.495216e-06 3.596328e-02
845 1.878228e-06 3.276736e-02
846 8.000371e-04 8.618905e-02
847 2.608735e-04 2.191312e-02
848 5.192751e-04 1.134985e-01
849 3.247260e-07 5.767128e-03
850 1.162669e-03 9.931397e-01
851 1.353696e-04 1.932061e-02
852 5.701548e-05 1.900350e-01
853 7.895145e-04 2.643303e-01
854 9.112120e-05 8.228737e-02
855 1.101718e-04 1.596588e-01
856 2.342017e-04 4.999488e-02
857 3.428600e-04 2.549458e-01
858 2.544900e-06 2.045478e-02
859 2.803855e-08 3.866068e-03
860 7.431273e-05 4.216293e-02
861 1.988879e-08 1.641205e-03
862 4.282932e-05 2.165299e-02
863 4.290114e-04 8.624566e-02
864 2.495126e-06 7.777106e-03
865 1.913182e-04 9.988223e-02
866 2.243442e-04 1.531290e-01
867 7.021465e-04 6.557718e-01
868 8.012690e-06 6.808637e-03
869 2.745692e-06 3.252414e-02
870 2.616340e-05 4.556039e-02
871 1.509094e-05 2.741075e-02
872 7.501512e-04 2.861559e-01
873 2.973428e-05 7.191077e-02
874 5.752863e-04 2.158174e-01
875 1.422321e-06 6.244866e-03
876 6.029156e-11 1.062643e-03
877 1.347367e-07 9.364516e-03
878 8.665886e-04 3.957450e-01
879 1.731660e-04 9.175595e-02
880 1.002842e-05 1.066395e-02
881 3.703260e-09 2.291615e-03
882 8.234692e-05 6.714107e-02
883 1.408330e-03 5.182133e-01
884 3.102208e-04 9.095285e-02
885 1.661401e-04 7.418486e-02
886 8.016276e-07 7.879089e-03
887 1.368300e-06 1.339598e-02
888 2.941643e-06 1.267097e-02
889 1.111643e-06 2.297749e-02
890 1.384617e-06 2.345527e-02
891 1.339975e-03 3.256685e-01
892 5.511599e-09 2.858485e-03
893 1.268469e-04 5.752169e-02
894 5.226944e-06 6.852759e-03
895 1.665087e-05 7.801920e-02
896 3.780638e-06 5.471904e-02
897 7.321216e-05 7.411664e-02
898 9.974679e-06 9.155245e-03
899 4.081867e-06 1.421104e-02
900 1.214112e-06 1.624193e-02
901 9.756065e-05 8.437232e-02
902 5.400681e-08 2.125688e-03
903 1.614076e-05 3.457046e-02
904 8.729334e-08 2.108236e-02
905 1.489161e-08 6.662838e-03
906 1.020240e-06 8.221476e-03
907 3.694598e-08 2.065409e-03
908 1.706148e-08 8.979772e-03
909 6.240470e-05 2.808173e-02
910 9.746082e-06 2.761810e-02
911 5.922775e-07 2.116716e-02
912 5.971265e-07 1.045352e-02
913 1.544031e-07 3.412559e-03
914 5.406768e-07 7.540932e-03
915 1.100403e-03 1.426123e-01
916 7.042606e-10 2.827300e-03
917 2.508092e-08 2.393853e-03
918 5.098608e-09 2.639375e-03
919 6.465353e-04 1.738214e-01
920 9.469797e-09 6.486263e-03
921 7.792849e-07 3.929123e-03
922 3.792977e-07 1.634854e-02
923 5.077464e-08 5.134825e-03
924 8.011375e-04 2.954717e-01
925 4.956248e-05 6.421040e-02
926 4.864828e-05 4.121079e-02
927 2.597312e-05 1.214393e-01
928 8.449639e-07 4.357219e-02
929 6.823060e-04 1.460084e-01
930 1.495698e-04 4.494731e-02
931 7.018744e-05 1.526266e-02
932 8.001610e-05 4.693877e-02
933 5.513873e-09 2.972828e-03
934 1.140351e-05 9.354312e-03
935 5.230719e-07 3.593160e-03
936 5.812300e-06 2.772338e-02
937 2.191140e-09 5.815751e-03
938 1.204971e-08 2.375827e-03
939 3.497470e-06 1.016507e-02
940 3.822878e-04 1.072858e-01
941 1.449572e-08 3.331563e-03
942 1.456541e-04 1.366217e-01
943 7.616869e-06 2.391716e-02
944 8.839448e-11 1.972734e-03
945 1.097229e-04 2.839121e-02
946 1.402878e-08 2.224000e-03
947 1.562844e-05 1.976833e-02
948 5.620726e-08 1.521182e-03
949 6.420332e-06 1.768942e-02
950 3.725477e-04 9.310011e-02
951 1.314352e-07 3.014159e-02
952 1.791565e-05 4.115257e-02
953 1.527559e-10 2.418486e-03
954 1.465727e-05 3.605034e-02
955 9.778607e-07 4.464685e-03
956 1.691418e-05 1.893376e-02
957 2.216167e-04 3.823814e-02
958 5.151392e-05 3.409635e-02
959 1.340882e-04 2.428355e-02
960 4.396364e-09 2.434724e-03
961 8.724651e-09 9.517192e-03
962 2.977893e-07 1.077231e-02
963 2.376475e-07 3.541002e-03
964 5.276327e-07 1.973923e-03
965 4.614735e-04 1.070158e-01
966 4.492919e-05 1.476827e-02
967 1.808800e-06 8.136068e-03
968 9.133833e-04 6.964138e-02
969 4.062834e-04 1.138543e-01
970 4.601898e-05 2.155736e-02
971 8.431507e-06 7.880465e-03
972 8.198963e-05 4.395091e-02
973 9.200841e-06 8.703262e-03
974 2.644032e-06 7.956999e-03
975 5.235051e-05 8.912753e-02
976 4.975722e-04 2.953360e-01
977 7.309067e-05 1.745589e-02
978 8.806155e-06 2.438571e-02
979 3.278736e-07 2.944754e-03
980 4.475781e-06 2.106776e-02
981 8.958621e-06 2.160315e-02
982 1.324876e-07 1.406675e-03
983 7.904151e-07 3.837684e-03
984 1.309184e-05 2.023093e-02
985 5.193298e-06 6.100529e-02
986 3.421294e-04 3.560811e-01
987 3.217914e-07 6.208307e-03
988 3.213047e-08 2.067663e-03
989 8.776811e-04 8.060756e-02
990 6.098009e-08 2.263662e-03
991 3.591140e-03 6.597627e-01
992 1.950776e-06 6.814978e-03
993 3.359853e-06 9.481526e-03
994 1.435232e-11 1.343351e-03
995 4.165745e-07 1.512669e-02
996 1.865231e-03 6.398130e-01
997 1.563625e-06 8.002096e-03
998 1.578091e-06 3.835402e-03
999 8.926326e-06 2.465229e-02
1000 1.506242e-11 1.344524e-03
1001 4.723926e-06 9.164322e-03
1002 1.151106e-04 9.810181e-02
1003 1.726876e-04 2.775754e-02
1004 5.544470e-05 3.676613e-02
1005 5.145159e-07 2.239761e-03
1006 2.249629e-04 1.542926e-01
1007 3.915594e-08 3.014459e-03
1008 5.515288e-05 2.925025e-02
1009 3.212313e-07 2.024523e-03
1010 2.168325e-05 2.093760e-02
1011 2.246432e-07 1.730655e-02
1012 5.280964e-05 2.523021e-01
1013 1.272156e-06 1.232824e-02
1014 9.315608e-07 8.439023e-03
1015 7.765357e-06 3.343754e-02
1016 1.017165e-04 1.747647e-02
1017 8.720327e-04 4.375665e-01
1018 1.243793e-04 1.023445e-01
1019 7.351944e-10 1.929886e-03
1020 8.207728e-08 1.103883e-02
1021 2.056132e-06 1.416161e-02
1022 1.977646e-09 1.414945e-03
1023 1.294647e-05 1.794187e-02
1024 6.432938e-05 1.483366e-02
1025 1.439181e-09 1.527382e-03
1026 1.429191e-10 1.937809e-03
1027 1.391306e-05 1.097415e-02
1028 1.433440e-04 1.012835e-01
1029 6.574731e-07 6.090745e-03
1030 2.500056e-08 3.060384e-03
1031 1.351576e-05 1.156684e-02
1032 2.166267e-03 3.632968e-01
1033 1.131152e-08 1.554267e-03
1034 1.284739e-05 3.037890e-02
1035 1.357357e-05 1.526492e-02
1036 1.236636e-04 1.568566e-01
1037 5.748663e-09 3.022428e-03
1038 7.185460e-07 3.106456e-03
1039 9.668520e-06 9.667933e-03
1040 5.562475e-08 3.100110e-03
1041 2.126958e-03 3.227129e-01
1042 7.681413e-07 7.745310e-03
1043 4.074421e-09 1.239430e-03
1044 1.434164e-06 3.590712e-03
1045 1.958911e-08 2.385565e-03
1046 6.136277e-12 1.277349e-03
1047 2.204516e-09 1.279716e-03
1048 5.933650e-07 4.718257e-03
1049 1.708697e-08 1.165741e-03
1050 3.115765e-03 8.430171e-01
1051 2.302513e-04 5.435621e-02
1052 7.837154e-07 2.922111e-03
1053 2.117734e-06 9.238985e-03
1054 4.509536e-09 1.868571e-03
1055 5.833797e-10 1.156834e-03
1056 1.461872e-06 8.877748e-03
1057 4.419301e-06 1.309701e-02
1058 1.413555e-07 1.570276e-03
1059 4.585915e-04 7.415296e-02
1060 1.437635e-08 1.476976e-03
1061 3.588105e-06 3.139031e-03
1062 4.926738e-10 1.140538e-03
1063 4.677216e-06 2.560440e-02
1064 4.497767e-05 5.832038e-02
1065 1.638606e-09 1.808209e-03
1066 3.728514e-09 1.188303e-03
1067 1.032443e-05 1.395830e-02
1068 6.621748e-08 1.815636e-03
1069 3.125213e-07 2.959245e-03
1070 3.561696e-09 1.193195e-03
1071 1.737335e-06 2.018475e-03
1072 3.452775e-08 2.554031e-03
1073 1.274426e-08 1.344773e-03
1074 5.326858e-09 1.906587e-03
1075 1.881422e-06 3.785550e-03
1076 4.113694e-07 4.140728e-03
1077 1.396788e-06 5.460802e-03
1078 1.028915e-05 1.416165e-02
1079 1.495056e-07 4.518842e-03
1080 1.390792e-04 6.079274e-02
1081 7.348577e-06 5.090677e-02
1082 9.985794e-07 3.697432e-03
1083 3.796070e-06 5.030824e-03
1084 1.004192e-09 1.205153e-03
1085 8.857963e-08 1.820059e-03
1086 1.769101e-07 3.013134e-03
1087 2.410396e-07 1.397218e-03
1088 6.482226e-06 8.224871e-03
1089 5.991357e-08 1.363489e-03
1090 2.621378e-10 1.204070e-03
1091 1.816646e-08 1.663169e-03
1092 1.288961e-06 2.326738e-03
1093 3.074278e-06 2.379151e-02
1094 2.479935e-05 1.591912e-02
1095 9.003306e-08 2.994013e-03
1096 6.493806e-05 3.586181e-02
1097 7.373044e-06 5.258296e-02
1098 3.712021e-07 8.077240e-03
1099 1.319175e-08 3.597859e-03
1100 1.667037e-09 1.118730e-03
1101 1.751165e-06 2.448473e-02
1102 1.254981e-07 1.198050e-02
1103 2.837375e-06 3.926141e-03
1104 3.131144e-05 3.075331e-02
1105 1.723720e-08 2.110561e-03
1106 1.832981e-03 4.698615e-01
1107 1.782546e-07 2.627589e-03
1108 8.547013e-07 8.225022e-03
1109 3.863891e-10 1.817771e-03
1110 3.767996e-07 1.044824e-02
1111 9.079483e-08 2.194722e-03
1112 6.666218e-11 1.790194e-03
1113 1.749731e-06 1.469002e-02
1114 1.151539e-04 2.458812e-02
1115 2.170151e-03 2.428199e-01
1116 4.270873e-10 1.968526e-03
1117 2.561197e-03 2.816679e-01
1118 3.417858e-07 5.089261e-03
1119 9.593114e-06 3.002248e-02
1120 5.725981e-05 7.413459e-02
1121 1.442119e-05 1.072397e-02
1122 4.150418e-06 2.072385e-02
1123 2.085591e-06 3.840721e-03
1124 1.413214e-06 1.456733e-02
1125 7.569797e-06 4.733466e-03
1126 9.736917e-08 6.922104e-03
1127 4.941407e-07 4.377296e-03
1128 8.268165e-05 4.866965e-02
1129 1.303743e-06 8.522276e-03
1130 2.376133e-07 1.233392e-02
1131 1.505552e-04 8.202478e-02
1132 7.194641e-06 1.303461e-02
1133 1.043944e-07 2.196072e-03
1134 1.547860e-04 8.943185e-02
1135 1.337861e-05 1.715043e-02
1136 7.576082e-04 1.391752e-01
1137 1.541265e-06 2.240218e-02
1138 2.969242e-10 1.865735e-03
1139 3.148703e-06 7.197223e-03
1140 2.871390e-10 2.155827e-03
1141 9.276481e-06 5.864129e-03
1142 4.495765e-04 8.117850e-02
1143 3.866919e-07 7.792213e-02
1144 6.862166e-09 6.472190e-03
1145 3.839502e-06 2.453664e-02
1146 3.986865e-03 5.916960e-01
1147 7.811319e-05 6.865590e-02
1148 6.792239e-08 2.425004e-03
1149 9.109466e-04 1.556030e-01
1150 3.058716e-10 2.359929e-03
1151 2.017405e-03 2.149002e-01
1152 1.915248e-04 1.223376e-01
1153 2.597129e-06 6.496678e-03
1154 2.556874e-09 1.933691e-03
1155 5.209368e-04 3.507864e-01
1156 4.200918e-07 2.773739e-03
1157 3.947843e-04 5.803968e-02
1158 7.090652e-07 5.851935e-03
1159 2.529782e-09 1.511826e-03
1160 8.566051e-07 3.015907e-03
1161 3.095969e-06 2.046054e-02
1162 4.900358e-05 2.316550e-01
1163 9.370226e-05 1.890461e-02
1164 2.459585e-05 5.778653e-02
1165 1.645592e-03 6.808813e-01
1166 1.029110e-03 1.195081e-01
1167 5.500066e-05 1.142937e-01
1168 3.844322e-05 4.431300e-02
1169 8.958805e-08 8.014908e-03
1170 8.038237e-07 6.150852e-03
1171 1.462820e-06 1.010687e-02
1172 3.728484e-05 8.541580e-02
1173 1.707878e-10 1.101229e-03
1174 1.191492e-03 3.815437e-01
1175 7.076465e-06 2.587823e-02
1176 1.344809e-10 1.778827e-03
1177 1.258397e-04 1.238197e-01
1178 7.909770e-04 3.372850e-01
1179 1.614095e-04 4.115861e-02
1180 2.422681e-05 8.996340e-03
1181 1.878532e-07 1.985657e-03
1182 2.018909e-05 9.522694e-03
1183 7.931126e-05 1.582667e-01
1184 1.986310e-04 5.607835e-02
1185 1.766760e-07 1.084580e-02
1186 9.902041e-04 1.535667e-01
1187 5.110020e-04 1.491143e-01
1188 1.742806e-06 2.226989e-03
1189 8.828074e-08 2.576482e-03
1190 6.422098e-11 1.991190e-03
1191 8.001619e-07 2.960402e-03
1192 2.765734e-04 1.256038e-01
1193 2.422517e-09 3.228836e-03
1194 3.758535e-05 2.756753e-02
1195 4.813301e-04 2.505920e-01
1196 5.665577e-08 5.333968e-03
1197 7.673953e-08 3.531367e-03
1198 6.624399e-06 2.591600e-03
1199 7.054804e-04 2.343192e-01
1200 2.597944e-03 3.101073e-01
1201 4.950847e-10 1.124767e-03
1202 3.962779e-05 2.439024e-02
1203 4.384216e-05 4.033295e-02
1204 3.901135e-06 7.064061e-03
1205 4.002820e-10 1.941546e-03
1206 3.417304e-03 2.055867e-01
1207 4.963574e-06 5.631562e-03
1208 2.488228e-06 6.258260e-03
1209 4.886125e-04 1.174764e-01
1210 1.062093e-04 5.949169e-02
1211 1.051929e-03 9.835156e-02
1212 2.660133e-08 3.745055e-03
1213 6.954848e-08 4.990770e-03
1214 3.732646e-05 1.624672e-02
1215 2.685636e-08 2.615677e-03
1216 3.221302e-08 2.222040e-03
1217 1.458951e-05 2.826716e-02
1218 5.269675e-06 5.681589e-03
1219 3.103077e-05 1.479861e-02
1220 3.628213e-05 2.511805e-02
1221 1.515259e-04 3.404603e-02
1222 1.426071e-06 2.351244e-02
1223 7.532472e-05 4.254969e-02
1224 8.211778e-06 9.580892e-03
1225 1.665623e-07 2.933382e-03
1226 9.098175e-08 1.835595e-03
1227 1.568305e-05 7.637111e-03
1228 5.199333e-05 2.376959e-02
1229 3.884972e-04 5.125177e-02
1230 1.344908e-07 7.501558e-03
1231 1.899188e-05 3.954234e-02
1232 9.128126e-10 5.677311e-03
1233 4.844719e-06 2.427285e-02
1234 1.372711e-08 7.617005e-03
1235 8.361934e-06 5.296666e-02
1236 1.329654e-07 4.711805e-03
1237 7.378916e-04 2.002658e-01
1238 4.096535e-06 1.414746e-02
1239 1.347117e-06 6.930487e-03
1240 1.478111e-06 4.189693e-03
1241 1.249502e-05 8.605799e-03
1242 1.098613e-03 3.561693e-01
1243 4.102313e-04 1.214534e-01
1244 3.317038e-07 3.604567e-03
1245 1.315057e-06 6.869480e-03
1246 2.271568e-09 2.013834e-03
1247 3.085041e-04 3.759539e-02
1248 7.453521e-05 5.994416e-02
1249 5.157940e-08 9.779807e-03
1250 2.450501e-08 6.205537e-03
1251 3.666369e-07 1.429050e-02
1252 2.006951e-05 6.633217e-03
1253 4.546482e-04 3.082958e-01
1254 1.143717e-07 5.364530e-03
1255 2.446787e-06 2.171701e-02
1256 1.450419e-05 6.847767e-03
1257 3.037805e-04 9.466254e-02
1258 8.718290e-08 4.844545e-03
1259 1.044838e-04 8.074749e-02
1260 7.917093e-05 2.743776e-01
1261 1.969488e-07 5.595093e-03
1262 3.391393e-06 2.172719e-02
1263 3.059992e-05 5.144543e-02
1264 7.179789e-08 3.171325e-02
1265 2.403727e-06 1.088172e-02
1266 2.406554e-06 3.493916e-02
1267 3.134303e-06 1.774483e-02
1268 1.776040e-06 9.191798e-03
1269 1.029625e-04 2.366590e-02
1270 2.445243e-03 9.975630e-01
1271 1.314082e-03 4.193714e-01
1272 9.646958e-09 1.268206e-03
1273 3.626694e-04 6.710660e-02
1274 1.379977e-05 2.016131e-02
1275 1.121359e-04 5.709713e-02
1276 3.605274e-03 4.526660e-01
1277 7.385395e-04 2.212127e-01
1278 9.050494e-04 4.122913e-01
1279 2.016794e-06 2.678632e-03
1280 5.451701e-04 1.764327e-01
1281 7.097378e-06 7.259602e-03
1282 2.105408e-04 6.285397e-02
1283 2.846133e-06 2.093774e-02
1284 5.658782e-07 4.740896e-03
1285 4.973389e-04 1.386626e-01
1286 2.635456e-09 3.201452e-03
1287 3.154050e-05 3.604477e-02
1288 5.690878e-05 4.365648e-02
1289 4.169321e-05 1.521432e-02
1290 1.924667e-05 2.995906e-02
1291 7.974516e-05 2.225268e-02
1292 3.283943e-04 3.909115e-01
1293 1.841911e-07 3.338748e-03
1294 4.860007e-07 5.799012e-03
1295 6.814441e-07 3.379783e-03
1296 1.191384e-06 1.304557e-02
1297 2.163230e-05 5.838084e-02
1298 1.833070e-05 1.455041e-02
1299 1.255745e-04 1.615391e-02
1300 9.654802e-08 2.824359e-03
1301 8.018223e-07 3.129889e-03
1302 3.598758e-04 9.583216e-02
1303 9.087201e-06 8.776213e-03
1304 1.737904e-06 8.535305e-03
1305 2.444098e-04 6.283219e-02
1306 3.893903e-04 4.247446e-02
1307 2.281220e-06 6.921692e-03
1308 2.944467e-08 2.544224e-03
1309 5.258627e-04 6.711672e-02
1310 4.541140e-10 1.448169e-03
1311 1.217048e-03 5.732588e-01
1312 1.889719e-03 2.175231e-01
1313 1.018351e-08 1.734360e-03
1314 7.435977e-07 8.571501e-03
1315 1.437016e-07 3.221475e-03
1316 8.901831e-08 2.196997e-03
1317 4.947882e-11 1.374758e-03
1318 1.921881e-04 6.541935e-02
1319 2.306166e-03 4.860527e-01
1320 3.304215e-07 3.983835e-03
1321 1.869768e-05 1.399319e-02
1322 8.431251e-10 1.135336e-03
1323 5.626316e-08 2.230766e-03
1324 7.379163e-04 1.645860e-01
1325 5.047957e-07 9.776735e-03
1326 3.105119e-05 9.705221e-03
1327 5.610058e-05 2.728777e-02
1328 1.077395e-07 2.682918e-03
1329 1.252070e-05 2.412182e-02
1330 3.632686e-07 8.239961e-03
1331 3.491919e-08 2.121339e-03
1332 3.979988e-08 1.452022e-03
1333 3.587769e-05 2.237687e-02
1334 5.226543e-06 1.357118e-02
1335 2.205497e-07 1.171197e-02
1336 3.099688e-05 7.815242e-03
1337 4.243419e-04 1.019736e-01
1338 5.098892e-07 7.326347e-03
1339 1.515317e-03 2.247186e-01
1340 2.383741e-05 1.487122e-02
1341 7.713382e-04 3.521736e-01
1342 2.441802e-08 2.469492e-03
1343 1.010082e-07 2.171109e-03
1344 2.011789e-06 3.476250e-03
1345 3.333986e-06 1.513633e-02
1346 3.479069e-06 2.853923e-02
1347 3.389766e-08 1.354974e-03
1348 4.356772e-04 6.898763e-02
1349 3.494652e-04 1.416923e-01
1350 2.105308e-05 1.268733e-02
1351 3.941887e-05 2.889457e-02
1352 5.281627e-05 1.371472e-02
1353 1.264546e-05 1.122130e-02
1354 1.302911e-07 4.954463e-03
1355 2.599510e-06 9.355892e-03
1356 7.353618e-06 2.712951e-02
1357 8.094110e-09 6.053343e-03
1358 8.352323e-06 6.944548e-03
1359 2.536066e-08 2.051122e-03
1360 1.652770e-07 4.134008e-03
1361 7.569891e-05 1.800621e-02
1362 8.340560e-04 1.346999e-01
1363 1.717852e-06 6.094120e-03
1364 1.092200e-04 4.640599e-02
1365 1.807957e-07 4.520834e-03
1366 8.447307e-07 4.554443e-03
1367 2.085380e-08 1.744066e-03
1368 8.480502e-05 6.056662e-02
1369 1.108759e-10 2.457527e-03
1370 1.706516e-08 1.644834e-03
1371 2.132991e-04 5.491881e-02
1372 3.667288e-08 4.191655e-03
1373 2.344464e-06 7.660380e-03
1374 3.427519e-07 3.388453e-03
1375 4.057547e-05 1.236502e-02
1376 1.735831e-03 6.147904e-01
1377 2.641423e-06 9.710792e-03
1378 9.790715e-09 1.431668e-03
1379 1.058587e-05 5.302960e-03
1380 1.961617e-03 4.293648e-01
1381 1.310920e-06 3.351396e-03
1382 3.417410e-08 1.281436e-03
1383 8.949920e-06 2.152900e-02
1384 2.667236e-07 4.624920e-03
1385 2.654680e-07 4.483302e-03
1386 1.502347e-06 5.796735e-03
1387 2.538822e-04 3.128613e-02
1388 4.669453e-06 7.674502e-03
1389 2.122400e-07 3.256711e-03
1390 1.754591e-07 3.094154e-03
1391 2.186344e-06 9.124505e-03
1392 5.401533e-08 1.999977e-03
1393 1.666922e-08 7.648001e-03
1394 3.904975e-07 6.411570e-03
1395 9.999335e-06 4.549838e-02
1396 1.340252e-04 4.347205e-02
1397 9.367339e-07 3.212807e-03
1398 1.057976e-04 2.376783e-02
1399 1.022027e-04 3.978287e-02
1400 2.308687e-07 4.674772e-03
1401 1.884461e-04 9.454423e-02
1402 4.733348e-07 4.585591e-03
1403 8.950717e-07 5.487636e-03
1404 6.741112e-09 2.382358e-03
1405 9.426006e-07 4.162487e-03
1406 4.194715e-05 1.843311e-02
1407 8.921852e-08 2.746469e-03
1408 2.709670e-03 5.700682e-01
1409 1.722434e-05 4.997734e-02
1410 4.039194e-07 1.106111e-02
1411 2.974910e-05 1.311769e-02
1412 7.833659e-09 4.384465e-03
1413 5.948188e-12 1.143512e-03
1414 3.693745e-09 2.434367e-03
1415 3.277974e-07 5.981414e-03
1416 2.244854e-08 2.991489e-03
1417 1.579396e-05 4.729162e-03
1418 4.281958e-07 5.020240e-03
1419 2.769290e-07 4.500100e-03
1420 2.546178e-05 2.452861e-02
1421 3.559805e-06 1.300029e-02
1422 5.850929e-05 2.999588e-02
1423 8.903470e-07 3.918332e-03
1424 5.429754e-06 7.112179e-03
1425 8.149374e-06 7.715756e-03
1426 2.551315e-05 9.058710e-03
1427 9.802885e-06 5.950985e-03
1428 1.314788e-05 7.731053e-03
1429 4.403401e-05 1.895864e-02
1430 1.631629e-03 1.880689e-01
1431 3.069021e-05 3.235497e-02
1432 8.294286e-06 1.785169e-02
1433 1.630775e-07 7.830434e-03
1434 4.681751e-07 3.639457e-03
1435 3.912765e-07 3.313293e-03
1436 1.328569e-05 9.176577e-03
1437 3.883332e-06 2.645119e-03
1438 2.305076e-05 1.124827e-02
1439 1.579779e-03 3.456878e-01
1440 8.929419e-08 2.804540e-03
1441 3.505286e-09 1.740313e-03
1442 4.575468e-07 7.286467e-03
1443 6.165641e-06 5.757148e-03
1444 1.526686e-05 7.696401e-03
1445 4.420951e-06 1.018842e-02
1446 6.575210e-05 1.507859e-02
1447 4.132374e-03 9.596016e-01
1448 5.584123e-06 3.793111e-03
1449 5.008248e-07 3.096815e-03
1450 2.508685e-06 1.353314e-02
1451 1.568445e-04 5.250557e-02
1452 3.086901e-04 1.426536e-01
1453 4.977424e-09 2.967758e-03
1454 1.026849e-07 3.938232e-03
1455 6.057397e-05 1.347924e-02
1456 4.779972e-07 1.865404e-03
1457 1.431933e-06 2.503415e-03
1458 1.870233e-06 2.824793e-03
1459 4.686469e-05 9.102874e-03
1460 2.759359e-05 1.794232e-02
1461 1.717118e-06 2.443683e-03
1462 3.358623e-07 2.162251e-03
1463 1.192518e-07 1.504850e-03
1464 1.011901e-07 2.051274e-03
1465 2.808878e-08 1.408428e-03
1466 1.945902e-05 2.295689e-02
1467 6.346821e-04 1.128273e-01
1468 1.165708e-05 8.609696e-03
1469 6.138270e-06 1.734009e-02
1470 8.233299e-09 3.690107e-03
1471 2.488910e-05 1.324891e-02
1472 1.334788e-07 6.289215e-03
1473 4.246788e-07 4.032102e-03
1474 5.815866e-07 1.695162e-02
1475 4.191658e-09 1.749045e-03
1476 8.043073e-06 2.059653e-02
1477 8.528021e-11 1.745333e-03
1478 3.494490e-06 1.645472e-02
1479 2.385896e-06 1.128182e-02
1480 7.928887e-06 4.610794e-02
1481 8.178762e-05 3.448533e-02
1482 2.394729e-05 1.608731e-02
1483 1.093603e-04 1.443810e-02
1484 5.203962e-04 2.275520e-01
1485 5.084869e-04 6.067574e-02
1486 1.557650e-04 1.810992e-01
1487 2.904382e-08 2.028882e-03
1488 2.535109e-06 2.720109e-02
1489 5.246183e-06 1.984344e-03
1490 1.073338e-05 3.608228e-03
1491 7.710411e-05 5.616211e-02
1492 8.691494e-08 6.751162e-03
1493 3.505092e-07 1.170298e-02
1494 4.706514e-07 2.976557e-03
1495 6.072695e-05 1.919928e-02
1496 4.324630e-07 4.456157e-03
1497 1.794489e-03 3.447649e-01
1498 4.713253e-07 5.322873e-03
1499 8.479268e-09 2.925204e-03
1500 1.562444e-05 8.423023e-03
1501 5.120232e-07 5.420708e-03
1502 4.846932e-04 1.375677e-01
1503 4.166664e-04 1.598966e-01
1504 1.612114e-04 2.317505e-02
1505 6.541056e-07 5.688967e-03
1506 8.464013e-06 7.402469e-03
1507 3.895320e-04 6.221696e-02
1508 9.674298e-04 3.031671e-01
1509 6.966485e-07 4.563201e-03
1510 2.706911e-06 8.510175e-03
1511 1.606810e-05 1.176466e-02
1512 7.206207e-07 7.565840e-03
1513 1.641137e-05 1.036012e-02
1514 5.554520e-08 6.425912e-03
1515 1.528981e-03 4.035078e-01
1516 1.874641e-05 1.283477e-02
1517 3.344212e-03 3.388670e-01
1518 1.257270e-05 8.547739e-03
1519 4.873426e-06 1.240144e-02
1520 2.836231e-07 1.912389e-03
1521 1.511313e-08 7.189521e-03
1522 1.349579e-04 5.860873e-02
1523 4.051862e-06 9.920880e-03
1524 4.883111e-06 1.833500e-02
1525 1.408615e-05 3.724614e-02
1526 1.044157e-06 1.213010e-02
1527 6.509536e-05 3.487736e-02
1528 1.008548e-05 1.230643e-02
1529 2.776022e-05 8.146225e-03
1530 2.055228e-07 1.486420e-02
1531 4.212706e-05 2.462477e-02
1532 7.198204e-07 5.064212e-03
1533 2.681215e-07 6.688532e-03
1534 1.788386e-05 1.249329e-02
1535 1.587688e-08 1.590354e-03
1536 2.632630e-07 2.734659e-03
1537 5.089778e-07 4.052799e-03
1538 4.250905e-07 4.096539e-03
1539 1.046176e-06 2.569662e-03
1540 2.464250e-05 3.075509e-02
1541 1.190766e-03 3.446042e-01
1542 1.480824e-04 9.400389e-02
1543 7.372574e-04 2.801081e-01
1544 1.356182e-05 9.906910e-03
1545 1.583517e-05 5.361721e-02
1546 6.535371e-06 8.760415e-03
1547 7.268976e-04 2.380288e-01
1548 5.058168e-05 1.985233e-02
1549 5.681436e-06 4.620140e-03
1550 4.363403e-09 4.407201e-03
1551 2.075655e-06 6.234246e-03
1552 2.569388e-04 1.864556e-01
1553 1.120835e-04 4.069993e-01
1554 2.204747e-06 1.013335e-02
1555 2.150443e-03 3.749912e-01
1556 4.133593e-05 1.780341e-02
1557 1.146418e-04 2.058610e-01
1558 1.800328e-03 2.849202e-01
1559 4.807094e-06 1.110794e-02
1560 2.724058e-04 1.200289e-01
1561 5.432683e-05 2.116589e-01
1562 1.089142e-08 6.923335e-03
1563 7.843680e-05 1.851750e-02
1564 1.490843e-03 3.190106e-01
1565 2.315391e-05 1.825244e-02
1566 4.967472e-07 5.348326e-03
1567 2.899660e-03 1.907756e+00
1568 2.140313e-07 1.441302e-02
1569 5.861915e-05 1.772037e-02
1570 1.419340e-03 5.682575e-01
1571 1.882382e-07 2.458045e-03
1572 7.893103e-05 3.870400e-02
1573 1.159372e-03 3.552067e-01
1574 7.795777e-06 1.979304e-02
1575 1.405568e-07 1.798988e-02
1576 1.362181e-04 8.226893e-02
1577 5.337956e-04 2.650086e-01
1578 1.606056e-04 4.968083e-02
1579 1.501890e-07 5.075108e-03
1580 2.187693e-03 5.632280e-01
1581 1.220933e-05 1.765212e-02
1582 1.344195e-05 4.161651e-03
1583 5.239153e-04 1.015890e-01
1584 5.325087e-07 1.471132e-02
1585 2.562574e-04 2.561658e-01
1586 5.788750e-06 1.231987e-02
1587 1.588146e-04 1.132742e-02
1588 1.388270e-05 2.255979e-02
1589 1.050997e-08 2.917879e-03
1590 1.050154e-05 4.466224e-03
1591 2.324924e-06 4.649722e-03
1592 7.189592e-06 6.962598e-03
1593 2.125719e-06 3.609594e-03
1594 1.709742e-05 1.577475e-02
1595 2.333445e-07 4.150255e-03
1596 1.958802e-07 3.064253e-02
1597 4.409901e-06 8.402077e-03
1598 2.741310e-05 1.363424e-02
1599 3.105090e-05 1.236296e-01
1600 2.826995e-06 1.051602e-02
1601 1.271783e-08 3.284508e-03
1602 2.084613e-03 7.502511e-01
1603 8.925105e-07 8.673729e-03
1604 2.005626e-04 2.205823e-02
1605 4.212457e-04 3.621619e-02
1606 1.087604e-03 2.669821e-01
1607 2.016688e-03 1.769140e-01
1608 1.680903e-07 4.885745e-03
1609 3.941473e-04 1.736157e-01
1610 8.521658e-04 4.039687e-01
1611 1.058145e-05 1.615262e-02
1612 5.723073e-05 7.794706e-03
1613 3.516817e-10 1.208053e-03
1614 7.930888e-05 3.497901e-02
1615 3.924514e-04 1.890806e-01
1616 6.472449e-08 2.646412e-03
1617 1.163534e-08 3.409597e-03
1618 4.489698e-07 2.671881e-03
1619 6.273876e-06 8.036136e-02
1620 4.662889e-05 5.601231e-02
1621 2.960276e-06 1.000431e-01
1622 2.990949e-05 1.987096e-02
1623 1.389570e-05 5.531975e-02
1624 1.744360e-03 4.051300e-01
1625 4.966059e-07 4.465229e-03
1626 4.550871e-04 8.589596e-02
1627 1.528239e-06 1.745543e-02
1628 2.315944e-04 1.105084e-01
1629 4.507243e-04 2.979552e-01
1630 2.003102e-03 3.697773e-01
1631 2.944436e-04 9.745076e-02
1632 1.686999e-05 6.901802e-02
1633 2.332618e-09 3.099558e-03
1634 1.459609e-07 6.773287e-03
1635 9.129820e-10 1.156757e-03
1636 4.856213e-09 2.940468e-03
1637 1.173137e-08 1.705368e-03
1638 3.532438e-08 3.091833e-03
1639 7.391524e-10 1.852115e-03
1640 6.254952e-05 4.986676e-02
1641 4.120878e-04 1.033116e-01
1642 8.110181e-04 4.712880e-01
1643 5.529006e-05 2.603750e-02
1644 7.758823e-06 9.892521e-03
1645 4.514893e-05 1.229583e-02
1646 2.218246e-03 1.018333e+00
1647 1.056924e-05 1.495414e-02
1648 1.804603e-06 4.073807e-03
1649 1.759721e-03 4.866334e-01
1650 6.316497e-04 7.862927e-02
1651 8.337309e-08 4.400488e-03
1652 3.117087e-04 1.045022e-01
1653 2.722304e-03 5.194035e-01
1654 8.090496e-06 2.315524e-02
1655 1.377951e-03 2.537699e-01
1656 1.139086e-06 1.776933e-02
1657 1.468731e-05 1.168444e-02
1658 1.765441e-06 5.060183e-03
1659 1.517540e-05 2.111285e-02
1660 1.737821e-04 8.318947e-02
1661 1.171360e-03 7.737866e-02
1662 2.788578e-05 1.320120e-02
1663 4.253468e-04 2.052643e-01
1664 2.557591e-05 1.322915e-02
1665 7.961836e-06 1.124173e-02
1666 1.019773e-04 8.285860e-02
1667 1.700040e-04 4.487232e-02
1668 2.864246e-09 8.894812e-04
1669 5.518268e-06 1.201644e-02
1670 6.833138e-07 3.622531e-03
1671 2.970013e-06 2.298147e-02
1672 1.590885e-04 1.692666e-01
1673 1.802019e-04 3.353902e-02
1674 8.074115e-06 1.063215e-02
1675 7.584438e-06 1.558468e-02
1676 3.163150e-07 2.838500e-03
1677 8.511830e-08 7.111651e-03
1678 1.243051e-07 3.658490e-03
1679 1.203863e-11 1.409525e-03
1680 1.262012e-04 7.639840e-02
1681 2.715451e-05 2.574981e-02
1682 6.381348e-05 2.454591e-02
1683 1.713053e-08 1.749362e-03
1684 6.006687e-08 3.670950e-03
1685 1.953195e-04 4.180558e-02
1686 1.469003e-03 1.359187e-01
1687 5.529149e-06 3.249934e-02
1688 1.014717e-03 1.689647e-01
1689 2.093970e-04 9.490808e-02
1690 4.624746e-08 1.774228e-03
1691 5.916654e-08 1.763857e-03
1692 2.303409e-06 5.926304e-03
1693 6.389065e-04 8.722263e-02
1694 2.840690e-05 4.761166e-02
1695 1.347919e-05 3.588920e-03
1696 7.508055e-04 3.071593e-01
1697 3.729206e-07 8.738973e-03
1698 2.506347e-03 3.083883e-01
1699 1.119552e-03 5.581203e-01
1700 5.632928e-07 4.259162e-03
1701 2.175005e-04 6.612370e-02
1702 2.577040e-05 8.707794e-02
1703 1.394628e-05 5.767933e-02
1704 2.049332e-07 1.629301e-03
1705 5.478100e-08 1.978046e-03
1706 3.201716e-07 2.577175e-03
1707 7.340873e-04 8.079765e-02
1708 1.772779e-08 8.067532e-03
1709 3.447455e-06 1.640530e-02
1710 1.204416e-06 1.159733e-02
1711 1.002315e-03 1.639823e-01
1712 1.189648e-04 7.741053e-02
1713 1.284445e-06 1.136519e-02
1714 2.054718e-04 6.476157e-02
1715 1.285705e-05 8.254408e-03
1716 5.252667e-08 4.414249e-03
1717 5.481413e-06 2.658408e-02
1718 4.193629e-06 1.324757e-02
1719 2.599728e-08 7.629459e-03
1720 9.520904e-07 9.416349e-03
1721 2.515522e-07 3.150040e-02
1722 1.338328e-07 8.438885e-03
1723 1.654388e-03 4.297133e-01
1724 5.643520e-07 3.230778e-03
1725 2.936136e-05 1.699028e-02
1726 8.697692e-04 1.336331e-01
1727 9.947310e-06 3.093067e-02
1728 1.278824e-03 3.061069e-01
1729 2.417579e-06 4.530353e-03
1730 6.544356e-04 1.766651e-01
1731 2.764515e-06 7.256762e-03
1732 7.650499e-08 1.907436e-03
1733 7.732673e-13 1.011506e-03
1734 2.571156e-04 5.117503e-02
1735 5.395100e-05 3.569653e-02
1736 3.353595e-11 1.148584e-03
1737 7.518764e-05 1.763511e-02
1738 1.743830e-06 3.555616e-03
1739 4.967164e-05 2.177979e-02
1740 2.618785e-04 8.489352e-02
1741 9.517685e-10 4.427012e-03
1742 4.061557e-05 1.109538e-01
1743 5.240234e-04 1.342860e-01
1744 3.666722e-05 3.800481e-02
1745 6.997033e-05 2.328806e-02
1746 2.296300e-07 2.718041e-03
1747 6.763241e-07 6.670448e-03
1748 4.840497e-04 5.715231e-01
1749 1.797166e-05 9.795560e-03
1750 2.794270e-06 9.089268e-03
1751 3.857055e-07 6.487635e-03
1752 1.736933e-08 2.142045e-03
1753 4.107518e-05 5.010998e-02
1754 2.294407e-06 5.436818e-03
1755 4.779684e-06 6.308230e-03
1756 4.390920e-07 1.979131e-02
1757 4.600736e-06 1.489009e-02
1758 5.101616e-04 2.051995e-01
1759 3.763182e-07 5.106665e-03
1760 2.387310e-03 3.770698e-01
1761 1.664256e-08 7.059071e-03
1762 1.161506e-06 4.174862e-03
1763 3.521541e-06 1.159454e-02
1764 6.485932e-07 6.916194e-03
1765 7.804448e-05 2.232787e-02
1766 1.979184e-06 4.432116e-03
1767 9.375975e-06 7.614824e-03
1768 5.254709e-05 5.171095e-02
1769 2.701328e-04 4.055385e-02
1770 4.680963e-07 8.521644e-03
1771 1.506298e-05 1.059835e-02
1772 1.218568e-03 3.599686e-01
1773 5.131274e-04 2.732411e-01
1774 1.314305e-08 2.934185e-03
1775 8.001376e-09 2.829692e-03
1776 4.579997e-07 1.937856e-02
1777 8.823915e-06 1.222210e-02
1778 1.062944e-06 7.176004e-03
1779 1.926056e-06 1.719776e-02
1780 1.149976e-09 2.811692e-03
1781 2.558153e-09 1.305267e-03
1782 5.559136e-09 3.173032e-03
1783 1.905993e-06 7.357816e-03
1784 9.227457e-05 2.959675e-02
1785 8.352432e-07 4.388781e-03
1786 6.391701e-06 3.343195e-02
1787 2.724891e-03 3.987778e-01
1788 1.553824e-08 4.440834e-03
1789 5.147177e-05 3.488716e-02
1790 1.013828e-07 2.229873e-03
1791 1.309247e-06 5.749877e-03
1792 8.055719e-06 6.823000e-03
1793 1.255582e-07 9.511299e-03
1794 4.719484e-05 8.670462e-02
1795 8.585800e-06 4.796490e-03
1796 1.529765e-03 4.845525e-01
1797 1.249595e-07 1.739725e-02
1798 3.568995e-07 6.463578e-03
1799 3.384481e-08 2.883350e-03
1800 3.410203e-06 5.561083e-02
1801 6.899045e-06 4.631624e-03
1802 1.347367e-05 3.925149e-02
1803 4.303999e-08 2.045206e-03
1804 3.144945e-06 2.675718e-03
1805 1.411490e-08 1.103511e-02
1806 5.283108e-06 5.808806e-03
1807 1.419057e-07 1.566962e-03
1808 1.025554e-03 6.839806e-01
1809 4.227262e-06 1.115229e-02
1810 6.226520e-04 1.936408e-01
1811 1.233009e-07 7.839073e-03
1812 2.038346e-08 5.931556e-03
1813 5.125337e-06 1.432124e-02
1814 6.582036e-08 2.831210e-03
1815 8.189693e-06 2.547749e-02
1816 8.439733e-06 2.331595e-02
1817 9.425540e-07 4.789396e-03
1818 1.357517e-07 4.822541e-03
1819 1.959780e-11 2.082381e-03
1820 3.696631e-08 1.596362e-03
1821 6.597695e-08 3.411841e-03
1822 1.165837e-04 1.566816e-01
1823 1.791281e-05 3.912140e-02
1824 1.448523e-05 4.616181e-02
1825 1.524604e-03 5.155412e-01
1826 2.044031e-04 1.587846e-01
1827 6.619853e-05 4.368259e-02
1828 1.239133e-04 2.696107e-02
1829 6.769466e-06 1.138930e-02
1830 5.470756e-07 3.051351e-03
1831 2.378797e-08 1.703150e-03
1832 2.655285e-06 1.469881e-02
1833 2.053018e-04 1.056804e-02
1834 7.619531e-07 3.560217e-03
1835 1.052816e-07 3.572386e-03
1836 7.150419e-04 3.356652e-01
1837 2.901290e-04 2.337653e-01
1838 4.605090e-05 1.143496e-02
1839 3.805522e-06 3.716849e-02
1840 6.121671e-05 3.796726e-02
1841 3.607801e-04 7.994672e-02
1842 1.004494e-06 6.865327e-03
1843 1.348295e-06 8.608491e-03
1844 2.755262e-08 2.758706e-03
1845 9.642482e-05 2.674751e-02
1846 1.284446e-09 3.506927e-03
1847 9.428650e-06 5.962797e-02
1848 1.059671e-08 2.206331e-03
1849 3.335560e-08 1.367344e-02
1850 3.297411e-08 1.478898e-02
1851 1.363119e-06 3.620591e-02
1852 1.125560e-05 1.647471e-02
1853 5.508609e-05 5.261515e-02
1854 3.261197e-05 1.165916e-01
1855 1.378883e-04 3.979266e-02
1856 1.669657e-09 2.267511e-03
1857 1.343098e-08 4.626963e-03
1858 4.466212e-06 3.647647e-03
1859 5.689962e-08 3.267041e-03
1860 4.599288e-06 2.223445e-02
1861 6.644339e-07 7.661488e-03
1862 3.105029e-04 3.435797e-01
1863 4.225997e-09 3.006807e-03
1864 3.291047e-07 2.656919e-03
1865 2.074106e-07 1.141278e-02
1866 1.442437e-04 8.012612e-02
1867 4.316178e-09 2.611138e-03
1868 1.789844e-05 9.658181e-03
1869 2.054571e-03 4.475119e-01
1870 1.130761e-06 5.984201e-03
1871 6.513404e-07 1.128259e-02
1872 7.802373e-09 7.174212e-03
1873 2.288073e-08 1.840892e-03
1874 3.882128e-07 2.162927e-03
1875 4.009680e-03 6.803927e-01
1876 2.721997e-08 2.421305e-03
1877 1.711636e-06 3.114749e-03
1878 4.615795e-07 6.538656e-03
1879 4.414707e-07 1.160320e-02
1880 6.869020e-05 3.091402e-02
1881 8.841948e-07 4.496121e-02
1882 2.223940e-08 3.947557e-03
1883 3.937648e-06 1.335179e-02
1884 4.672768e-04 1.626779e-01
1885 5.940457e-06 6.723475e-03
1886 5.540849e-04 3.076297e-02
1887 1.094252e-04 2.629670e-02
1888 2.105273e-06 3.214517e-03
1889 5.518156e-08 1.314647e-03
1890 3.573789e-06 1.186895e-02
1891 2.678315e-04 1.295755e-01
1892 8.519685e-06 1.473469e-02
1893 2.861761e-04 5.726201e-02
1894 3.852392e-03 9.561779e-01
1895 1.282310e-04 5.296953e-02
1896 2.917922e-04 1.006669e-01
1897 1.888432e-07 3.981325e-03
1898 6.495531e-05 4.984195e-02
1899 7.724530e-06 9.394160e-03
1900 5.077473e-04 1.173297e-01
1901 9.822002e-07 4.871986e-03
1902 7.910962e-08 1.851958e-03
1903 4.018668e-06 1.095872e-02
1904 1.568933e-06 7.982667e-03
1905 3.511363e-07 5.164543e-03
1906 8.156471e-06 5.475661e-03
1907 3.928911e-09 3.760244e-03
1908 3.926934e-07 1.699729e-03
1909 8.191293e-05 1.299043e-02
1910 1.446682e-04 8.303193e-02
1911 2.980452e-04 7.888368e-02
1912 3.213738e-05 6.982702e-02
1913 3.026374e-05 6.203989e-02
1914 6.838301e-07 4.754150e-03
1915 1.513033e-08 7.895230e-03
1916 2.933451e-03 7.420317e-01
1917 1.725365e-03 3.442136e-01
1918 1.918669e-05 3.155759e-02
1919 6.595836e-05 1.807336e-02
1920 9.365327e-05 2.564553e-02
1921 2.080428e-09 1.366905e-03
1922 4.891640e-06 4.354673e-03
1923 2.033058e-06 3.081049e-03
1924 6.720411e-07 2.387049e-03
1925 2.016002e-07 2.127372e-03
1926 2.413967e-04 1.443145e-01
1927 2.698685e-06 1.143617e-02
1928 1.213731e-08 1.790987e-03
1929 3.108585e-05 1.241186e-02
1930 3.240245e-06 1.745604e-02
1931 3.638248e-05 2.218367e-02
1932 5.639369e-06 3.370919e-02
1933 3.979301e-06 1.596382e-02
1934 5.315720e-05 6.639145e-02
1935 9.040489e-06 1.415486e-02
1936 8.637975e-07 1.250981e-02
1937 3.240678e-06 5.235386e-03
1938 1.023588e-09 2.010154e-03
1939 4.374214e-04 2.471044e-01
1940 2.002716e-06 2.255042e-02
1941 1.394240e-05 1.546457e-02
1942 7.352869e-05 7.787327e-02
1943 5.175253e-06 3.219871e-02
1944 8.142849e-04 2.000591e-01
1945 7.255704e-05 3.969929e-02
1946 1.761436e-05 6.292544e-03
1947 2.367560e-05 4.920966e-03
1948 9.205313e-09 1.707584e-03
1949 2.400239e-04 9.518469e-02
1950 5.226679e-05 2.917491e-02
1951 1.608581e-05 3.911532e-02
1952 4.273405e-06 7.099938e-03
1953 6.378066e-04 4.694082e-02
1954 1.033430e-05 7.558710e-02
1955 1.274936e-05 9.401451e-03
1956 5.421821e-05 5.302897e-02
1957 4.280001e-06 7.854735e-03
1958 1.801361e-05 2.019537e-02
1959 1.505741e-05 2.666506e-02
1960 1.871039e-05 2.906417e-02
1961 2.019738e-04 9.627626e-02
1962 3.753221e-04 5.388666e-02
1963 3.164594e-04 7.244587e-02
1964 1.053975e-06 3.970502e-03
1965 6.913459e-06 1.490631e-02
1966 7.502393e-07 6.658731e-03
1967 3.832623e-05 5.505677e-02
1968 7.523334e-09 2.102752e-03
1969 1.073771e-03 2.353753e-01
1970 4.102045e-04 7.710543e-02
1971 5.166476e-04 3.284191e-01
1972 6.559264e-05 1.468045e-02
1973 3.166794e-04 1.898272e-01
1974 6.714828e-08 4.239265e-03
1975 4.335723e-04 1.959063e-01
1976 2.430883e-04 9.479180e-02
1977 8.705181e-06 7.329002e-03
1978 5.800046e-08 4.046087e-03
1979 7.912043e-04 5.996932e-02
1980 8.694162e-05 1.060759e-02
1981 1.547359e-05 5.414609e-02
1982 2.297273e-07 2.793302e-03
1983 1.451193e-06 2.323272e-03
1984 4.921064e-07 2.757003e-02
1985 3.171122e-05 1.346270e-02
1986 4.952902e-05 6.612646e-03
1987 7.711107e-07 3.489218e-02
1988 2.649481e-04 1.867044e-01
1989 4.577602e-07 1.434290e-03
1990 4.628127e-06 4.910453e-03
1991 1.814398e-05 8.491307e-03
1992 3.251810e-03 4.054227e-01
1993 4.452623e-08 1.186835e-03
1994 1.526609e-07 1.255346e-03
1995 3.172407e-04 8.604167e-02
1996 1.114240e-06 5.523166e-03
1997 2.813952e-07 2.094345e-03
1998 6.146039e-05 1.606125e-02
1999 2.056970e-04 1.183256e-01
2000 5.828516e-07 2.594826e-03
2001 1.847678e-07 3.115893e-03
