1 2.479935e-03 9.821310e-02
2 1.339590e-05 1.806486e-02
3 4.983975e-06 2.200549e-03
4 9.956695e-07 1.803646e-03
5 4.652335e-06 2.454087e-03
6 4.642587e-04 1.095483e-01
7 1.059012e-05 9.166765e-03
8 8.689445e-05 3.829510e-02
9 2.584628e-08 2.381152e-03
10 6.053538e-04 6.610109e-02
11 1.727744e-06 5.032407e-03
12 1.124579e-07 1.216519e-03
13 2.140353e-03 1.003364e-01
14 1.435566e-06 7.529985e-03
15 3.004265e-07 2.883972e-03
16 2.336326e-04 1.785398e-02
17 3.336886e-06 1.759159e-03
18 1.012281e-03 6.530294e-02
19 1.362155e-05 7.098287e-03
20 1.662355e-08 1.022392e-03
21 2.621429e-03 1.821948e-01
22 1.975627e-05 3.042820e-03
23 8.498154e-05 2.292885e-02
24 1.742761e-03 1.038017e-01
25 6.978978e-04 7.664952e-02
26 9.043552e-06 3.064618e-03
27 2.177670e-05 6.453192e-03
28 4.811683e-06 3.205314e-03
29 2.040072e-03 1.806258e-01
30 2.502609e-03 3.407887e-01
31 9.500392e-04 1.651212e-01
32 3.473716e-05 6.017359e-03
33 3.245415e-07 1.200345e-03
34 3.694411e-07 1.139569e-03
35 1.349277e-06 2.893135e-03
36 1.460347e-03 1.694913e-01
37 6.876893e-05 3.775387e-02
38 1.028602e-05 7.969420e-03
39 1.720983e-06 1.904228e-03
40 9.888620e-07 3.385010e-03
41 4.681636e-05 1.258190e-02
42 1.666767e-06 4.929195e-03
43 1.000017e-03 1.333925e-01
44 5.698013e-04 2.369300e-02
45 1.364183e-03 5.420646e-02
46 1.613126e-05 7.383275e-03
47 2.451937e-03 2.229546e-01
48 7.827727e-04 5.966823e-02
49 1.498501e-05 6.236964e-03
50 1.090255e-03 1.588979e-01
51 1.387528e-05 1.050093e-02
52 1.429511e-04 1.954148e-02
53 2.581264e-05 3.761005e-03
54 3.813416e-05 8.953518e-03
55 4.771822e-06 4.638029e-03
56 9.792522e-06 5.463417e-03
57 2.735620e-05 1.345592e-02
58 4.745746e-04 3.308258e-02
59 2.251790e-04 2.244173e-02
60 7.389113e-07 1.397054e-03
61 2.679350e-03 3.581889e-01
62 2.523324e-05 3.218940e-02
63 1.865841e-06 1.725063e-03
64 6.687069e-07 4.108679e-03
65 2.132995e-04 2.821801e-02
66 7.329679e-06 3.301616e-03
67 4.613358e-06 7.092938e-03
68 1.079487e-05 7.044725e-03
69 1.975079e-07 1.404810e-03
70 4.067149e-07 1.323287e-03
71 6.428865e-04 1.051560e-01
72 8.180775e-05 1.285356e-02
73 3.003835e-06 3.973090e-03
74 5.215462e-04 1.264086e-01
75 2.549359e-05 3.376116e-03
76 1.103345e-06 2.453665e-03
77 9.692675e-05 3.143961e-02
78 9.039173e-04 1.892062e-01
79 1.901892e-04 2.818095e-02
80 8.651198e-06 1.738454e-03
81 2.117901e-06 1.347061e-03
82 1.121016e-05 2.732877e-03
83 3.708161e-05 8.677593e-03
84 9.346161e-07 1.786013e-03
85 3.957642e-04 2.227204e-02
86 1.141403e-05 5.337318e-03
87 6.416235e-06 2.564881e-03
88 3.128312e-07 1.668261e-03
89 8.240723e-05 1.743747e-02
90 3.461713e-04 8.287333e-02
91 2.470176e-04 4.816979e-02
92 2.847550e-03 1.858152e-01
93 4.426410e-05 9.760808e-03
94 1.378150e-06 3.562403e-03
95 1.011630e-03 2.508070e-01
96 1.636016e-05 4.001095e-03
97 7.653917e-05 3.351871e-02
98 5.821309e-06 2.835695e-03
99 1.922547e-05 2.887616e-03
100 4.177964e-03 2.964611e-01
101 5.098480e-06 3.920346e-03
102 6.710327e-06 1.377318e-02
103 1.101873e-03 7.339508e-02
104 1.561824e-04 2.448730e-02
105 2.251245e-04 3.061702e-02
106 5.211588e-06 8.683339e-03
107 1.198340e-06 2.821128e-03
108 3.320118e-05 1.731508e-02
109 1.853919e-06 4.935238e-03
110 1.632067e-05 9.966944e-03
111 7.014530e-04 1.700264e-01
112 3.729728e-04 4.262341e-02
113 1.980411e-03 1.656145e-01
114 1.206005e-03 1.630701e-01
115 8.360650e-04 5.759569e-02
116 8.634495e-04 6.592863e-02
117 2.141933e-04 3.817792e-02
118 9.316461e-04 5.606625e-02
119 2.039982e-07 4.543044e-03
120 2.518389e-07 3.630250e-03
121 6.541297e-06 1.126986e-02
122 1.310283e-06 1.709680e-03
123 4.049647e-06 5.173591e-03
124 1.997981e-05 8.517421e-03
125 4.220569e-07 3.986904e-03
126 2.351385e-06 5.701880e-03
127 4.541231e-06 9.465917e-03
128 3.777818e-06 7.584315e-03
129 1.733918e-06 4.367088e-03
130 3.650163e-06 3.847837e-03
131 1.545100e-06 5.822114e-03
132 3.905653e-06 4.392038e-03
133 2.610402e-06 7.561071e-03
134 2.373890e-05 1.806626e-02
135 2.734323e-06 4.442979e-03
136 8.407171e-06 3.761734e-03
137 1.476689e-05 1.114577e-02
138 2.788370e-06 9.260522e-03
139 1.001328e-05 8.279427e-03
140 1.098316e-06 5.098162e-03
141 5.214571e-07 3.013114e-03
142 1.378778e-06 3.035928e-03
143 3.549276e-06 6.694821e-03
144 2.891560e-06 8.470206e-03
145 4.927714e-07 4.683587e-03
146 4.955531e-06 6.003478e-03
147 5.381928e-06 6.095899e-03
148 2.480999e-06 7.922972e-03
149 3.991213e-06 4.034404e-03
150 4.148786e-07 3.964651e-03
151 1.025442e-05 9.424670e-03
152 6.762439e-06 5.679762e-03
153 8.176691e-07 2.923171e-03
154 1.013419e-06 3.716080e-03
155 4.901484e-07 3.005876e-03
156 3.531533e-06 3.674969e-03
157 1.700898e-06 3.961574e-03
158 6.205672e-06 4.091520e-03
159 9.819771e-06 5.566484e-03
160 5.161973e-06 4.747691e-03
161 6.601512e-07 3.106268e-03
162 1.157455e-07 2.996541e-03
163 4.374483e-07 3.060422e-03
164 1.162643e-07 1.638736e-03
165 1.257340e-07 1.678317e-03
166 8.359097e-08 1.655276e-03
167 6.749623e-08 2.930866e-03
168 7.780007e-07 3.228274e-03
169 2.639907e-06 5.594669e-03
170 8.465393e-08 1.636438e-03
171 1.380134e-06 3.364065e-03
172 2.068935e-07 3.208860e-03
173 5.030079e-08 1.615627e-03
174 1.778387e-07 3.069536e-03
175 1.787381e-07 3.079840e-03
176 1.797571e-07 2.989615e-03
177 1.283385e-07 1.652422e-03
178 5.856099e-07 2.230881e-03
179 4.786352e-08 1.612275e-03
180 2.751338e-07 3.080479e-03
181 8.762836e-08 2.118158e-03
182 1.281601e-07 3.386386e-03
183 4.449510e-09 1.195928e-03
184 3.133489e-08 1.613507e-03
185 4.541936e-08 1.231087e-03
186 2.434060e-07 2.165190e-03
187 1.416061e-07 1.902504e-03
188 1.892270e-08 1.591616e-03
189 9.830732e-09 1.133282e-03
190 1.660112e-08 1.207349e-03
191 8.106899e-05 1.283547e-02
192 3.131604e-06 3.239503e-03
193 1.758381e-04 1.298538e-02
194 1.237819e-04 1.426414e-02
195 1.283344e-05 4.967338e-03
196 6.517823e-05 8.281104e-03
197 1.545911e-04 1.057970e-02
198 2.174206e-05 5.179796e-03
199 3.318720e-05 1.133887e-02
200 1.259714e-05 7.814248e-03
201 2.497515e-05 7.609006e-03
202 2.723185e-05 1.542423e-02
203 2.039207e-06 3.236477e-03
204 1.265227e-05 4.090988e-03
205 2.625927e-05 6.676085e-03
206 5.188230e-06 3.446339e-03
207 2.654820e-05 8.114988e-03
208 1.447538e-06 3.389777e-03
209 2.551239e-05 6.704690e-03
210 7.834081e-06 4.035722e-03
211 1.081257e-06 2.281655e-03
212 1.085659e-04 1.164579e-02
213 2.342969e-06 2.293409e-03
214 5.137553e-06 3.862303e-03
215 8.117117e-06 3.880763e-03
216 2.045783e-05 4.336009e-03
217 2.163536e-06 1.903199e-03
218 8.658927e-05 1.853457e-02
219 4.081838e-05 9.275549e-03
220 3.095509e-06 3.275378e-03
221 5.161443e-06 3.489208e-03
222 8.865869e-06 6.200036e-03
223 8.739003e-06 9.074496e-03
224 2.338358e-07 3.032701e-03
225 3.165466e-06 5.233831e-03
226 1.582939e-06 3.552339e-03
227 2.926611e-06 4.124264e-03
228 4.420230e-06 4.828513e-03
229 3.992395e-05 1.176964e-02
230 1.378178e-05 7.167915e-03
231 7.856440e-06 6.139639e-03
232 3.039668e-06 4.918474e-03
233 4.829941e-06 5.930238e-03
234 2.810611e-06 4.784721e-03
235 7.117885e-07 4.483020e-03
236 6.431734e-06 4.694356e-03
237 3.733330e-07 3.359110e-03
238 7.238677e-06 5.528157e-03
239 3.965632e-07 3.531290e-03
240 3.286112e-06 3.037559e-03
241 2.513724e-06 3.909555e-03
242 6.584394e-06 4.728857e-03
243 8.646952e-07 3.155014e-03
244 2.943171e-06 4.591600e-03
245 9.766897e-06 4.750428e-03
246 1.522356e-06 3.800499e-03
247 2.810611e-06 4.784721e-03
248 4.848609e-07 2.639604e-03
249 1.913038e-05 7.063880e-03
250 4.041208e-06 4.038817e-03
251 1.997024e-06 2.831133e-03
252 1.229027e-05 6.375235e-03
253 5.972141e-07 3.320921e-03
254 7.772507e-07 4.794794e-03
255 3.468613e-06 6.280637e-03
256 7.403606e-07 2.707233e-03
257 8.981710e-07 3.411304e-03
258 2.846311e-06 3.498466e-03
259 1.719270e-05 4.733388e-03
260 2.314058e-05 8.415307e-03
261 1.903160e-05 4.516911e-03
262 7.496851e-06 4.073994e-03
263 1.131334e-05 4.448297e-03
264 7.152746e-05 1.455855e-02
265 1.445820e-05 6.186752e-03
266 3.620021e-05 1.044949e-02
267 6.746695e-05 3.144781e-02
268 5.511475e-05 1.743587e-02
269 9.789237e-05 2.422700e-02
270 4.593736e-06 3.859889e-03
271 1.851769e-05 5.000783e-03
272 6.000429e-06 6.176774e-03
273 4.838429e-06 3.982860e-03
274 7.320528e-06 4.921185e-03
275 1.057289e-05 7.685755e-03
276 8.668593e-05 2.295135e-02
277 2.927047e-06 3.226473e-03
278 1.507820e-06 2.462371e-03
279 4.462113e-05 1.146626e-02
280 5.713528e-06 5.307111e-03
281 1.073999e-05 7.761375e-03
282 2.923726e-05 1.123765e-02
283 5.873267e-06 2.928258e-03
284 1.150311e-05 4.745682e-03
285 5.742326e-05 8.071947e-03
286 7.541335e-05 8.212225e-03
287 1.781606e-05 4.161230e-03
288 2.778200e-05 1.015309e-02
289 1.040144e-04 1.395875e-02
290 1.624204e-04 1.632446e-02
291 2.843638e-05 4.635158e-03
292 7.237941e-05 6.348556e-03
293 4.373233e-05 1.315483e-02
294 1.343609e-04 1.213002e-02
295 4.694024e-05 1.704162e-02
296 3.761383e-04 6.328552e-02
297 3.028954e-03 1.084618e-01
298 1.707091e-04 1.709610e-02
299 9.919332e-06 3.622199e-03
300 1.867620e-06 4.423877e-03
301 1.736496e-04 1.706640e-02
302 1.969069e-06 4.924613e-03
303 9.347964e-07 3.021709e-03
304 1.544690e-07 2.267154e-03
305 1.341903e-07 2.649650e-03
306 1.380135e-07 2.679186e-03
307 1.500477e-08 2.645785e-03
308 1.352717e-07 2.578496e-03
309 9.295198e-06 4.113725e-03
310 2.594880e-07 3.214921e-03
311 8.617621e-08 2.651412e-03
312 5.317643e-07 2.161004e-03
313 3.476170e-08 2.541349e-03
314 5.531104e-08 2.546256e-03
315 3.682928e-08 2.675428e-03
316 2.501128e-07 2.813814e-03
317 3.038002e-08 1.928691e-03
318 1.149865e-07 1.942736e-03
319 8.118241e-07 2.092358e-03
320 2.288699e-08 2.506473e-03
321 2.506297e-08 1.425164e-03
322 1.665860e-04 4.369141e-02
323 3.454421e-04 4.088893e-02
324 8.878808e-06 9.229359e-03
325 3.141763e-05 9.680096e-03
326 3.273645e-06 3.360118e-03
327 9.496165e-05 1.840487e-02
328 7.375466e-06 8.806605e-03
329 2.588398e-04 6.196569e-02
330 1.355680e-03 6.917238e-02
331 1.172025e-04 2.236955e-02
332 9.703165e-04 9.987989e-02
333 9.331570e-06 4.572618e-03
334 5.222441e-05 1.260702e-02
335 1.666271e-05 7.475839e-03
336 8.733623e-05 1.225421e-02
337 3.031966e-04 3.851600e-02
338 5.497225e-05 1.494245e-02
339 1.020640e-03 7.757896e-02
340 1.754379e-05 3.724037e-03
341 1.475280e-05 3.007981e-03
342 6.192929e-05 8.970399e-03
343 2.155467e-04 1.971507e-02
344 4.355814e-06 3.422446e-03
345 9.967906e-06 5.954435e-03
346 1.412894e-06 2.351185e-03
347 1.618423e-06 2.816552e-03
348 2.246237e-05 7.208722e-03
349 3.785950e-05 6.994686e-03
350 7.068050e-07 3.196767e-03
351 1.074045e-06 2.752534e-03
352 2.240102e-06 2.297709e-03
353 1.214033e-05 3.990210e-03
354 4.623359e-06 3.560097e-03
355 4.857117e-06 3.740624e-03
356 3.509653e-07 2.290069e-03
357 1.383680e-05 6.032001e-03
358 1.025900e-04 1.339817e-02
359 1.292981e-05 5.044482e-03
360 5.417052e-06 5.241786e-03
361 1.588830e-04 2.683187e-02
362 3.596197e-07 2.374525e-03
363 1.161598e-06 3.255730e-03
364 2.240102e-06 2.297709e-03
365 7.599937e-05 1.444865e-02
366 2.995901e-05 4.980225e-03
367 2.401099e-05 7.480045e-03
368 3.785950e-05 6.994686e-03
369 4.041163e-04 4.517387e-02
370 2.341536e-05 1.256335e-02
371 4.384057e-05 1.750624e-02
372 5.932161e-03 3.999647e-01
373 7.290242e-04 1.434310e-01
374 1.406896e-03 2.170713e-01
375 4.492616e-05 2.262969e-02
376 4.787284e-04 7.283002e-02
377 9.294016e-06 8.465612e-03
378 1.032256e-04 1.203552e-02
379 1.102301e-05 7.212794e-03
380 3.830964e-05 7.077370e-03
381 1.966282e-06 1.770136e-03
382 1.657067e-05 8.859070e-03
383 2.000155e-06 1.732040e-03
384 4.239587e-05 5.195256e-03
385 1.011741e-06 4.536166e-03
386 6.507064e-06 5.616565e-03
387 2.203569e-05 1.181437e-02
388 1.128699e-06 2.726189e-03
389 9.049462e-06 5.395669e-03
390 3.985624e-06 4.477359e-03
391 2.123381e-04 2.320518e-02
392 1.121320e-05 7.429067e-03
393 3.763492e-05 1.089810e-02
394 1.759528e-06 2.823948e-03
395 1.111520e-05 7.163251e-03
396 1.148345e-04 2.594831e-02
397 2.291391e-05 1.118367e-02
398 7.364216e-05 1.379777e-02
399 2.357929e-05 7.020568e-03
400 1.287101e-04 1.625884e-02
401 1.040193e-05 7.033288e-03
402 4.412676e-06 6.579676e-03
403 1.706702e-05 7.182144e-03
404 3.104967e-05 1.079467e-02
405 1.317179e-05 9.440639e-03
406 1.698023e-05 7.333989e-03
407 1.411522e-06 4.401916e-03
408 2.477191e-05 6.870437e-03
409 4.477970e-04 3.894991e-02
410 3.654667e-05 1.417626e-02
411 2.424875e-05 1.487861e-02
412 1.003407e-04 2.176476e-02
413 1.469435e-05 6.409947e-03
414 1.252534e-05 8.261867e-03
415 5.739798e-06 5.059999e-03
416 2.885925e-06 6.270097e-03
417 8.361095e-06 8.672296e-03
418 1.936379e-04 3.914602e-02
419 1.372998e-03 7.419831e-02
420 1.225711e-04 3.084238e-02
421 7.794318e-05 1.425306e-02
422 1.142709e-04 2.248176e-02
423 3.341289e-04 4.546900e-02
424 7.252479e-04 1.418308e-01
425 2.965320e-04 3.675886e-02
426 1.869536e-04 3.237792e-02
427 5.484234e-04 7.581938e-02
428 1.057599e-04 2.490222e-02
429 7.055947e-05 2.199245e-02
430 1.652479e-04 2.624473e-02
431 1.267119e-04 3.564379e-02
432 6.452911e-05 1.710831e-02
433 6.160532e-05 1.458357e-02
434 1.659339e-04 2.648075e-02
435 1.953352e-04 3.708772e-02
436 7.267239e-05 2.214098e-02
437 1.618690e-04 2.393308e-02
438 6.753124e-05 2.151765e-02
439 8.659537e-04 9.775597e-02
440 3.793959e-05 1.386668e-02
441 3.763267e-05 1.292100e-02
442 1.346607e-04 4.532208e-02
443 1.513698e-05 2.157682e-02
444 6.573356e-04 1.199631e-01
445 9.377484e-04 7.681502e-02
446 2.904148e-08 9.139803e-04
447 6.576646e-08 1.222263e-03
448 1.000602e-08 9.085513e-04
449 2.789834e-08 9.105171e-04
450 1.464635e-08 9.926787e-04
451 7.524503e-07 1.745692e-03
452 6.876631e-08 1.223805e-03
453 1.640157e-07 1.111708e-03
454 1.671210e-07 1.239400e-03
455 2.537812e-07 1.238652e-03
456 2.136534e-08 1.031197e-03
457 5.601781e-09 9.242851e-04
458 1.054614e-07 1.226567e-03
459 6.027207e-06 1.356903e-02
460 1.220023e-07 2.588865e-03
461 2.013611e-08 1.053881e-03
462 1.229034e-06 2.901481e-03
463 1.501700e-07 1.114864e-03
464 1.795090e-07 1.310722e-03
465 3.976866e-08 1.149004e-03
466 1.169043e-07 1.376616e-03
467 2.156557e-08 1.081306e-03
468 1.271837e-08 1.091383e-03
469 1.765862e-07 1.311826e-03
470 1.807497e-07 1.746751e-03
471 3.987383e-08 1.216332e-03
472 9.847453e-08 1.113842e-03
473 1.744797e-07 1.309719e-03
474 1.216851e-08 1.047485e-03
475 1.784594e-07 1.306280e-03
476 4.321546e-08 1.409321e-03
477 3.866872e-06 2.917605e-03
478 4.049077e-05 4.483524e-03
479 4.131906e-07 1.541140e-03
480 3.948617e-07 2.053307e-03
481 3.855002e-07 1.847843e-03
482 1.458885e-07 2.103098e-03
483 5.539833e-08 2.059244e-03
484 1.383638e-06 2.050933e-03
485 1.976064e-07 1.752407e-03
486 3.353623e-05 1.195836e-02
487 1.047599e-07 1.482882e-03
488 5.797194e-06 8.733611e-03
489 1.116005e-03 1.015515e-01
490 6.796599e-06 5.669117e-03
491 1.316071e-05 7.666562e-03
492 2.758387e-06 5.475509e-03
493 7.106319e-06 6.164202e-03
494 8.361009e-07 6.414025e-03
495 7.012832e-07 4.873958e-03
496 4.076806e-05 1.417268e-02
497 1.187451e-04 3.090846e-02
498 1.145337e-05 6.745923e-03
499 3.281063e-06 7.661295e-03
500 1.750233e-06 5.061115e-03
501 5.695817e-06 7.991869e-03
502 7.175667e-04 9.380404e-02
503 1.572051e-05 6.031232e-03
504 7.915606e-06 7.007127e-03
505 1.498601e-05 5.533924e-03
506 1.104982e-04 1.733315e-02
507 9.097619e-05 1.724892e-02
508 4.627835e-05 9.478019e-03
509 1.158493e-05 7.978341e-03
510 1.431032e-05 1.000950e-02
511 4.033063e-06 5.658922e-03
512 1.146106e-05 7.463189e-03
513 9.804939e-06 6.412392e-03
514 3.384241e-03 2.110709e-01
515 8.772390e-06 6.646869e-03
516 8.772390e-06 6.646869e-03
517 6.236723e-05 1.219308e-02
518 1.394165e-05 6.589049e-03
519 1.266403e-04 1.857817e-02
520 7.154874e-05 1.667651e-02
521 1.266403e-04 1.857817e-02
522 8.299521e-05 1.755473e-02
523 1.281692e-04 1.933451e-02
524 4.385487e-05 1.206904e-02
525 1.475167e-05 7.105870e-03
526 1.266403e-04 1.857817e-02
527 2.664763e-05 8.733368e-03
528 9.290250e-06 5.764837e-03
529 5.146843e-05 1.461645e-02
530 4.670667e-06 4.928718e-03
531 8.772390e-06 6.646869e-03
532 5.386916e-05 1.585634e-02
533 1.219470e-05 1.173342e-02
534 1.946514e-05 1.074049e-02
535 3.028308e-05 1.125373e-02
536 1.106829e-04 2.971279e-02
537 4.348506e-05 2.217465e-02
538 1.219470e-05 1.173342e-02
539 6.322129e-05 1.910649e-02
540 3.724439e-05 1.951357e-02
541 5.703168e-05 2.055172e-02
542 5.240717e-04 7.985962e-02
543 5.606977e-05 1.729996e-02
544 1.343301e-05 6.891391e-03
545 2.831456e-05 4.517517e-03
546 1.469141e-05 3.249378e-03
547 9.374846e-07 2.463039e-03
548 2.500165e-06 2.803650e-03
549 2.616399e-07 1.565626e-03
550 2.619528e-05 3.977642e-03
551 2.486614e-06 2.368852e-03
552 4.594203e-05 1.193477e-02
553 7.552209e-05 1.352222e-02
554 1.144714e-05 4.966692e-03
555 5.186513e-05 7.289877e-03
556 3.403070e-06 2.341918e-03
557 4.240605e-06 3.216439e-03
558 4.692408e-05 4.789952e-03
559 3.976062e-07 2.428764e-03
560 4.378151e-06 3.294857e-03
561 2.712841e-06 2.715733e-03
562 6.643669e-06 2.799400e-03
563 8.552266e-06 4.374019e-03
564 3.963208e-06 2.810778e-03
565 5.801288e-05 1.026089e-02
566 1.028643e-05 3.441537e-03
567 1.244582e-04 1.162549e-02
568 3.072105e-05 6.966712e-03
569 5.058711e-05 1.072248e-02
570 1.403497e-05 7.852280e-03
571 1.119581e-05 4.673712e-03
572 3.022722e-05 7.136151e-03
573 6.393099e-06 4.011758e-03
574 4.899964e-05 7.209405e-03
575 7.052864e-06 4.906311e-03
576 1.312210e-05 6.608768e-03
577 1.173590e-05 6.373397e-03
578 1.590919e-05 7.619978e-03
579 1.158750e-03 6.805915e-02
580 2.183504e-05 8.702543e-03
581 4.473852e-06 2.875796e-03
582 5.281265e-05 8.295046e-03
583 5.616174e-06 6.251751e-03
584 1.106120e-05 5.097053e-03
585 5.281265e-05 8.295046e-03
586 1.951999e-05 9.416637e-03
587 5.356282e-06 1.053504e-02
588 3.780224e-05 6.864846e-03
589 1.287519e-06 2.166011e-03
590 1.572654e-03 1.460053e-01
591 5.216620e-05 1.098087e-02
592 1.978624e-05 4.163272e-03
593 8.489216e-06 1.394797e-02
594 1.917539e-05 5.284171e-03
595 2.756180e-06 6.367529e-03
596 3.351154e-03 2.673605e-01
597 8.906366e-08 1.909111e-03
598 8.611938e-07 1.925609e-03
599 3.232548e-07 1.922784e-03
600 5.434261e-07 2.028330e-03
601 3.952451e-06 2.825762e-03
602 9.423736e-07 2.529491e-03
603 1.097998e-06 3.205866e-03
604 3.243963e-07 1.918532e-03
605 8.393618e-07 2.043479e-03
606 3.276618e-07 1.922164e-03
607 7.938216e-08 1.774227e-03
608 5.454430e-07 2.016768e-03
609 6.327877e-05 1.006870e-02
610 5.376311e-06 3.969232e-03
611 1.320676e-03 8.396477e-02
612 7.188932e-05 2.107859e-02
613 6.099261e-05 1.485792e-02
614 4.712213e-05 2.171587e-02
615 2.055244e-05 9.384599e-03
616 5.566424e-07 3.266548e-03
617 2.198551e-05 1.082418e-02
618 1.403253e-06 4.174894e-03
619 6.344760e-06 4.784246e-03
620 2.904285e-06 5.358294e-03
621 1.535817e-04 3.208552e-02
622 7.039880e-06 5.714880e-03
623 5.071653e-06 7.118484e-03
624 3.162084e-06 5.825313e-03
625 4.450435e-06 4.326172e-03
626 2.063358e-03 1.439288e-01
627 4.510144e-06 4.672741e-03
628 1.040467e-05 1.195092e-02
629 1.737171e-04 1.866849e-02
630 1.014162e-04 1.774673e-02
631 1.159462e-04 1.221402e-02
632 1.124506e-04 2.554410e-02
633 5.578943e-06 5.822785e-03
634 5.844950e-06 4.656865e-03
635 9.773696e-06 4.801220e-03
636 2.503035e-05 6.471873e-03
637 4.811611e-05 1.134954e-02
638 1.606171e-05 8.414577e-03
639 2.517870e-05 1.366680e-02
640 3.564295e-06 4.381270e-03
641 3.685059e-06 5.264140e-03
642 6.482712e-06 6.551176e-03
643 8.024166e-05 2.734498e-02
644 6.135216e-06 5.677042e-03
645 1.556922e-05 1.114906e-02
646 2.975077e-05 1.773129e-02
647 5.327970e-06 7.139322e-03
648 1.061553e-04 2.038073e-02
649 2.096064e-05 9.411180e-03
650 3.053779e-06 5.476947e-03
651 3.284769e-06 6.215861e-03
652 8.166419e-06 7.235126e-03
653 2.156766e-03 2.138060e-01
654 1.319725e-04 6.003179e-02
655 4.859279e-07 2.799719e-03
656 1.080932e-04 1.871549e-02
657 1.351330e-03 2.073332e-01
658 3.428069e-05 1.599191e-02
659 1.527458e-05 1.209606e-02
660 1.543764e-05 1.125782e-02
661 1.203907e-04 2.243950e-02
662 1.436535e-03 7.394517e-02
663 3.451929e-05 1.091820e-02
664 2.488751e-05 1.227255e-02
665 2.925023e-05 1.308996e-02
666 5.109279e-05 2.113412e-02
667 5.320689e-05 1.023424e-02
668 7.487765e-06 6.321732e-03
669 6.803589e-05 1.874576e-02
670 8.735278e-05 1.574337e-02
671 7.790715e-05 2.371094e-02
672 3.098076e-06 6.787021e-03
673 6.843437e-04 1.091064e-01
674 1.059067e-05 6.044525e-03
675 5.936145e-04 6.849024e-02
676 3.677065e-05 1.351991e-02
677 7.028480e-05 2.775195e-02
678 6.812347e-06 7.685995e-03
679 4.918918e-04 5.639811e-02
680 3.165571e-06 3.391535e-03
681 5.867400e-05 8.758389e-03
682 5.427828e-03 2.604736e-01
683 2.639706e-05 1.178143e-02
684 2.560699e-04 4.524933e-02
685 3.095886e-05 7.211691e-03
686 2.277419e-03 1.233072e-01
687 1.206485e-05 4.553543e-03
688 6.356856e-06 7.812776e-03
689 9.677564e-06 8.170923e-03
690 3.636291e-05 7.901526e-03
691 2.005918e-05 1.375344e-02
692 3.656688e-05 1.032986e-02
693 9.337695e-06 6.692944e-03
694 1.411949e-05 3.499327e-03
695 1.156514e-05 7.516495e-03
696 2.044668e-04 4.323758e-02
697 3.967883e-04 6.718547e-02
698 3.775577e-04 6.913722e-02
699 2.718411e-05 1.585439e-02
700 2.251043e-05 1.440257e-02
701 7.469427e-06 8.173357e-03
702 3.336418e-05 1.099648e-02
703 6.806488e-06 6.591358e-03
704 4.460320e-05 2.063916e-02
705 1.490782e-05 6.513046e-03
706 1.915135e-05 9.433577e-03
707 6.319038e-06 5.736633e-03
708 3.649854e-03 2.968999e-01
709 4.882420e-05 1.997570e-02
710 9.613362e-05 2.492586e-02
711 4.216151e-04 4.187473e-02
712 3.232772e-04 2.583296e-02
713 5.527593e-05 2.131028e-02
714 3.953343e-05 1.217046e-02
715 4.981452e-06 6.219726e-03
716 2.983026e-05 1.418742e-02
717 9.237766e-05 2.507059e-02
718 2.191934e-05 8.576695e-03
719 1.003374e-05 9.605368e-03
720 2.103183e-05 1.617592e-02
721 9.095560e-05 1.207829e-02
722 4.359024e-05 1.723466e-02
723 4.532462e-04 3.340427e-02
724 3.424759e-06 6.616587e-03
725 3.291658e-06 6.612899e-03
726 1.009326e-05 1.011358e-02
727 1.966433e-03 1.000276e-01
728 8.875939e-06 1.134415e-02
729 3.721429e-05 1.107506e-02
730 4.444274e-05 1.331267e-02
731 6.874202e-06 5.101469e-03
732 1.766484e-05 5.477642e-03
733 3.411182e-05 7.251921e-03
734 2.801251e-05 1.099937e-02
735 1.208923e-05 6.418626e-03
736 5.285447e-05 1.701739e-02
737 6.953850e-04 5.819784e-02
738 2.958671e-04 2.620562e-02
739 1.298512e-05 6.860622e-03
740 1.373639e-05 7.705773e-03
741 1.708229e-05 5.867785e-03
742 1.581413e-04 1.436262e-02
743 2.303359e-05 8.649555e-03
744 5.676326e-05 1.063692e-02
745 7.138981e-05 1.785305e-02
746 2.081900e-05 7.360672e-03
747 2.081900e-05 7.360672e-03
748 2.697736e-06 5.762617e-03
749 1.183451e-04 2.476217e-02
750 1.874601e-04 2.881153e-02
751 6.557501e-06 7.636829e-03
752 2.596318e-05 9.797959e-03
753 8.466554e-04 1.208774e-01
754 8.421300e-05 1.361015e-02
755 2.307706e-04 2.146145e-02
756 1.133113e-05 1.023819e-02
757 3.714166e-04 4.987620e-02
758 4.577172e-06 4.816500e-03
759 7.556478e-05 8.990597e-03
760 7.314830e-04 5.735665e-02
761 2.554180e-04 5.577861e-02
762 2.460582e-05 7.597788e-03
763 3.914667e-05 7.958442e-03
764 2.797920e-05 7.845817e-03
765 7.533242e-04 1.835334e-01
766 2.834923e-03 2.519043e-01
767 2.345883e-04 4.555418e-02
768 8.734525e-04 9.101061e-02
769 2.320355e-05 9.048798e-03
770 6.698820e-06 4.591409e-03
771 1.039325e-05 4.269874e-03
772 2.648832e-06 4.335331e-03
773 9.582780e-04 4.061043e-02
774 6.612586e-06 4.880948e-03
775 1.519858e-05 9.635740e-03
776 2.086488e-06 5.131829e-03
777 2.363756e-05 8.783444e-03
778 1.698458e-04 1.754876e-02
779 1.655420e-05 7.804969e-03
780 4.333636e-06 4.821695e-03
781 1.501009e-06 5.223556e-03
782 4.847465e-07 2.239180e-03
783 1.104463e-06 3.451763e-03
784 3.964970e-05 1.134652e-02
785 5.331020e-05 7.855610e-03
786 3.235213e-05 5.878541e-03
787 3.411102e-05 6.706627e-03
788 3.551840e-05 9.566924e-03
789 3.392678e-05 7.277706e-03
790 6.518380e-04 5.390972e-02
791 1.463792e-05 3.665507e-03
792 5.405605e-05 9.303403e-03
793 5.747342e-05 7.692937e-03
794 1.054611e-03 1.479326e-01
795 2.303449e-04 8.442493e-03
796 3.650826e-05 4.271299e-03
797 9.639805e-04 4.800971e-02
798 2.909518e-05 5.739962e-03
799 8.385874e-04 2.535357e-02
800 1.838574e-04 1.254484e-02
801 7.864259e-05 7.414490e-03
802 6.247257e-04 1.706133e-02
803 1.597043e-03 5.996454e-02
804 7.351489e-05 7.851917e-03
805 5.536053e-04 1.856785e-02
806 7.262842e-04 9.244216e-02
807 5.709474e-04 2.193479e-02
808 1.292075e-05 5.130014e-03
809 2.206722e-04 1.727791e-02
810 7.151881e-07 2.256422e-03
811 3.413292e-05 1.047669e-02
812 6.159716e-06 3.873503e-03
813 8.389633e-05 2.351017e-02
814 2.998178e-05 1.159221e-02
815 4.590757e-05 1.320297e-02
816 3.775160e-04 3.603800e-02
817 4.460860e-04 3.776650e-02
818 1.115607e-05 9.565540e-03
819 1.875845e-05 1.042125e-02
820 1.785050e-04 2.943562e-02
821 1.779564e-04 2.945182e-02
822 7.046984e-05 2.977303e-02
823 3.146399e-04 9.406941e-02
824 2.326586e-03 2.633375e-01
825 1.469981e-03 1.654013e-01
826 2.687326e-03 1.541089e-01
827 2.590083e-04 7.014088e-02
828 2.551977e-03 2.982364e-01
829 1.348031e-03 1.279311e-01
830 3.057817e-05 6.548009e-03
831 3.041860e-06 4.542163e-03
832 2.068625e-06 4.825701e-03
833 1.024798e-05 9.890779e-03
834 1.170493e-05 5.353174e-03
835 3.465290e-06 6.412407e-03
836 7.166338e-06 4.354195e-03
837 1.427195e-05 8.120626e-03
838 7.111362e-06 4.992023e-03
839 3.025145e-06 4.612048e-03
840 2.697263e-05 1.424580e-02
841 1.223911e-05 6.258699e-03
842 6.107959e-06 7.901405e-03
843 1.506590e-05 9.317767e-03
844 4.285335e-05 1.682714e-02
845 1.383866e-04 1.840539e-02
846 1.649924e-04 2.759428e-02
847 1.879030e-05 6.273148e-03
848 2.313206e-05 1.201228e-02
849 1.663455e-04 2.418677e-02
850 5.135876e-06 5.752792e-03
851 1.207056e-04 5.732502e-02
852 5.102249e-06 6.223669e-03
853 5.069013e-05 9.344937e-03
854 7.482908e-06 5.554917e-03
855 7.680035e-05 9.655000e-03
856 2.038916e-07 1.468385e-03
857 3.698351e-07 1.265046e-03
858 6.324202e-07 2.002064e-03
859 1.435040e-07 1.488211e-03
860 6.610083e-04 3.634800e-02
861 1.617359e-05 5.579076e-03
862 8.996822e-07 1.523427e-03
863 7.701141e-07 1.435898e-03
864 1.270939e-07 1.386769e-03
865 7.988241e-07 1.450621e-03
866 9.272834e-07 1.915043e-03
867 1.955415e-06 1.474468e-03
868 1.807926e-07 1.350799e-03
869 3.441379e-07 1.586137e-03
870 5.514463e-07 1.497205e-03
871 8.293124e-08 1.387964e-03
872 2.762687e-07 1.856816e-03
873 2.136247e-07 1.400266e-03
874 6.096230e-07 1.364629e-03
875 7.548608e-05 3.332558e-02
876 8.311252e-08 1.430805e-03
877 4.979875e-07 1.414472e-03
878 9.452491e-07 1.791237e-03
879 1.155401e-07 1.344925e-03
880 2.742801e-07 1.352540e-03
881 1.214098e-07 1.389819e-03
882 1.594613e-06 1.695957e-03
883 2.010498e-06 1.518807e-03
884 4.970186e-07 1.405550e-03
885 8.209415e-07 1.466758e-03
886 1.172147e-05 3.298969e-03
887 2.179309e-05 4.973399e-03
888 2.143184e-05 1.008760e-02
889 2.454275e-04 2.539780e-02
890 8.365515e-05 1.515163e-02
891 5.012564e-04 5.141051e-02
892 5.227643e-04 8.147718e-02
893 6.969120e-06 5.220203e-03
894 3.461311e-06 3.304308e-03
895 2.125721e-05 5.916353e-03
896 4.352440e-05 1.073777e-02
897 2.960107e-03 7.795741e-02
898 9.462902e-05 1.389828e-02
899 1.729525e-04 5.322275e-02
900 2.117053e-05 5.825022e-03
901 7.863837e-06 3.780000e-03
902 2.546348e-05 7.083993e-03
903 4.445393e-06 5.897424e-03
904 4.052953e-04 7.732976e-02
905 3.348614e-05 1.433802e-02
906 1.028109e-04 3.375237e-02
907 1.727478e-03 1.851219e-01
908 4.407252e-06 2.600552e-03
909 2.813948e-06 2.904307e-03
910 5.508906e-07 1.555126e-03
911 4.385233e-05 4.632137e-03
912 3.887889e-05 3.713569e-03
913 2.975692e-06 1.670899e-03
914 1.261519e-05 4.614959e-03
915 1.094943e-05 2.763672e-03
916 8.907776e-04 4.034212e-02
917 1.147992e-06 2.076164e-03
918 6.489370e-07 1.731537e-03
919 4.460674e-07 1.385971e-03
920 5.981107e-06 2.152240e-03
921 1.030515e-07 1.053205e-03
922 1.906192e-07 1.374716e-03
923 4.893737e-05 1.765096e-02
924 2.198029e-05 8.429975e-03
925 3.698953e-07 1.035048e-03
926 1.813580e-05 5.811337e-03
927 7.247388e-07 1.278661e-03
928 1.031080e-05 3.073407e-03
929 7.761043e-05 6.888626e-03
930 2.418256e-05 2.535218e-03
931 1.208596e-05 3.298654e-03
932 5.724796e-07 1.472390e-03
933 4.892855e-06 1.504387e-03
934 1.648412e-05 3.439466e-03
935 1.535576e-06 1.566975e-03
936 7.264722e-07 1.148953e-03
937 3.581247e-06 1.966266e-03
938 1.365488e-06 1.682693e-03
939 1.055770e-05 2.304105e-03
940 1.942730e-05 2.171680e-03
941 4.179995e-06 3.180098e-03
942 2.163854e-06 1.572790e-03
943 1.189919e-05 1.502048e-03
944 9.064188e-06 2.480515e-03
945 2.659226e-06 2.168027e-03
946 2.444180e-05 3.801061e-03
947 2.153586e-05 2.889801e-02
948 1.157248e-06 6.687254e-03
949 7.533320e-06 1.016965e-02
950 2.659652e-06 7.736609e-03
951 5.074511e-06 1.551309e-02
952 5.827894e-05 1.199310e-02
953 6.376598e-06 8.389232e-03
954 8.362835e-07 2.992046e-03
955 7.455036e-05 2.744437e-02
956 5.496916e-07 3.011296e-03
957 4.102785e-06 8.052259e-03
958 2.604094e-06 6.600966e-03
959 7.208349e-05 3.765827e-02
960 8.583030e-06 1.830258e-02
961 1.384750e-05 8.151487e-03
962 7.926850e-06 1.174773e-02
963 1.714550e-06 3.726185e-03
964 5.115785e-05 2.923455e-02
965 6.912798e-07 5.335401e-03
966 3.796748e-04 8.644273e-02
967 1.818242e-04 3.847194e-02
968 5.724820e-06 3.903444e-03
969 2.335942e-05 7.175924e-03
970 8.036308e-06 1.603251e-02
971 1.254824e-06 2.885558e-03
972 2.091256e-06 6.809865e-03
973 6.709418e-06 8.907998e-03
974 1.621011e-06 3.217672e-03
975 5.584330e-06 6.340652e-03
976 6.758366e-04 4.963807e-02
977 2.392636e-05 5.199870e-03
978 1.508599e-05 3.965755e-03
979 1.250746e-06 2.655299e-03
980 2.028747e-07 1.208821e-03
981 3.624975e-06 3.671652e-03
982 2.224992e-05 4.836354e-03
983 4.514156e-06 2.460829e-03
984 1.321376e-05 4.039550e-03
985 3.184779e-06 3.039527e-03
986 4.924923e-06 3.152378e-03
987 7.649881e-07 1.217441e-03
988 3.935919e-06 2.089833e-03
989 7.905014e-06 5.636641e-03
990 5.196497e-06 3.163199e-03
991 1.088589e-05 5.158231e-03
992 1.586085e-06 2.079010e-03
993 1.694891e-06 2.214608e-03
994 6.271988e-07 2.076246e-03
995 6.094168e-06 2.345313e-03
996 1.951151e-06 2.777848e-03
997 9.177541e-05 8.946525e-03
998 1.327854e-05 3.376632e-03
999 8.134073e-06 2.912501e-03
1000 2.192363e-06 1.565823e-03
1001 9.031013e-07 1.510782e-03
1002 5.607701e-06 3.801071e-03
1003 1.498572e-06 1.660682e-03
1004 8.793024e-06 3.497591e-03
1005 3.021521e-06 2.638064e-03
1006 2.628693e-05 3.885725e-03
1007 1.237774e-06 2.825502e-03
1008 1.050174e-05 2.462017e-03
1009 1.362003e-05 3.490647e-03
1010 2.971694e-06 2.594541e-03
1011 8.654772e-06 3.278260e-03
1012 7.806712e-06 2.984136e-03
1013 6.212628e-07 2.021929e-03
1014 5.499484e-06 3.063355e-03
1015 4.342647e-07 2.094622e-03
1016 3.090162e-06 1.535895e-03
1017 1.993558e-06 1.555827e-03
1018 4.114457e-06 2.471993e-03
1019 9.120892e-06 4.061734e-03
1020 2.103891e-06 1.645221e-03
1021 1.107597e-05 2.647415e-03
1022 2.672568e-07 1.114763e-03
1023 9.079595e-07 1.680794e-03
1024 3.284079e-07 1.380502e-03
1025 1.524618e-06 2.118832e-03
1026 1.363999e-03 2.581572e-01
1027 5.443445e-04 4.957394e-02
1028 3.382696e-04 5.169820e-02
1029 2.102873e-04 3.136817e-02
1030 1.191506e-03 9.470177e-02
1031 1.770354e-03 1.504219e-01
1032 2.545289e-05 6.508403e-03
1033 1.652938e-05 1.394908e-02
1034 5.841416e-04 6.498619e-02
1035 6.678856e-06 3.537718e-03
1036 1.184888e-05 8.399046e-03
1037 4.255171e-05 1.850626e-02
1038 1.079034e-06 2.760933e-03
1039 4.320192e-05 1.057959e-02
1040 7.605100e-06 8.103146e-03
1041 3.316468e-05 2.428966e-02
1042 1.654720e-05 1.005155e-02
1043 1.925247e-05 1.288350e-02
1044 3.350144e-05 1.617676e-02
1045 9.842686e-06 7.086888e-03
1046 1.282771e-04 1.988570e-02
1047 7.513210e-04 4.598629e-02
1048 2.218840e-05 3.326843e-02
1049 1.141099e-05 8.016939e-03
1050 5.453225e-04 1.015815e-01
1051 2.346975e-04 6.003791e-02
1052 1.724851e-07 1.213417e-03
1053 3.763315e-07 1.789950e-03
1054 3.419803e-05 1.990390e-02
1055 2.063414e-07 1.543461e-03
1056 1.834298e-06 4.617982e-03
1057 1.589080e-06 2.090816e-03
1058 6.750119e-07 1.982519e-03
1059 8.755510e-08 1.028578e-03
1060 5.735215e-08 9.537609e-04
1061 3.772045e-06 2.536797e-03
1062 9.091382e-07 1.764587e-03
1063 5.959486e-06 3.535833e-03
1064 4.288686e-04 2.611220e-02
1065 6.231114e-05 1.176480e-02
1066 1.997911e-07 1.571992e-03
1067 2.986856e-08 1.439041e-03
1068 4.145570e-08 1.463990e-03
1069 8.799369e-08 1.612127e-03
1070 9.479522e-06 1.337824e-02
1071 2.979880e-06 4.892727e-03
1072 4.951967e-06 2.700344e-03
1073 4.620683e-05 1.230677e-02
1074 2.251376e-07 1.044444e-03
1075 1.102910e-04 1.624243e-02
1076 1.422295e-05 3.854219e-03
1077 5.841782e-05 9.980399e-03
1078 3.954912e-07 1.612569e-03
1079 5.064935e-06 5.400594e-03
1080 3.455865e-07 1.552607e-03
1081 8.912676e-08 1.457715e-03
1082 3.322752e-07 1.477146e-03
1083 1.637088e-06 1.781210e-03
1084 1.187040e-07 1.224840e-03
1085 3.730555e-06 4.016648e-03
1086 1.853064e-07 1.231911e-03
1087 4.630244e-07 1.359656e-03
1088 3.088066e-07 4.672924e-03
1089 1.127653e-07 1.230352e-03
1090 4.399679e-08 1.193928e-03
1091 1.187040e-07 1.224840e-03
1092 2.223990e-03 2.644990e-01
1093 7.121344e-06 1.841478e-02
1094 1.028265e-05 1.345112e-02
1095 1.456361e-06 1.571330e-03
1096 5.155231e-07 1.460694e-03
1097 3.894305e-06 4.507129e-03
1098 3.116643e-05 5.692019e-03
1099 2.057313e-06 3.127800e-03
1100 6.880874e-06 2.534244e-03
1101 1.124243e-05 3.088539e-03
1102 7.256962e-06 2.686114e-03
1103 9.795703e-06 2.419389e-03
1104 6.055281e-04 3.309966e-02
1105 2.364630e-07 1.503970e-03
1106 4.883280e-07 2.200604e-03
1107 1.267243e-06 3.007548e-03
1108 1.016166e-06 1.657130e-03
1109 6.779261e-07 1.966345e-03
1110 7.565446e-06 4.514519e-03
1111 3.279122e-06 3.707430e-03
1112 1.776225e-04 1.659391e-02
1113 8.872516e-05 9.929240e-03
1114 4.689041e-07 1.966376e-03
1115 1.025161e-04 1.301104e-02
1116 2.435090e-07 1.467618e-03
1117 5.163139e-07 1.573186e-03
1118 1.349266e-05 4.873694e-03
1119 9.715274e-05 1.234728e-02
1120 5.049037e-06 3.480206e-03
1121 1.878746e-05 4.598903e-03
1122 6.803383e-06 3.067569e-03
1123 4.025443e-06 2.066558e-03
1124 7.558236e-06 2.903318e-03
1125 1.105772e-05 2.827507e-03
1126 1.173630e-05 3.500731e-03
1127 1.076581e-05 2.591580e-03
1128 1.769836e-05 2.959893e-03
1129 3.839229e-06 2.423864e-03
1130 1.184650e-05 3.515142e-03
1131 2.461574e-04 2.757925e-02
1132 6.638603e-04 1.032791e-01
1133 1.481291e-04 3.636226e-02
1134 3.723274e-05 7.702308e-03
1135 6.432244e-06 1.972153e-03
1136 2.807312e-05 3.143926e-03
1137 2.369618e-05 4.322395e-03
1138 4.643888e-05 4.974102e-03
1139 1.121548e-05 4.634200e-03
1140 9.005693e-04 1.273103e-01
1141 1.436362e-04 1.343227e-02
1142 4.033612e-05 5.645351e-03
1143 2.587116e-05 5.126039e-03
1144 1.353373e-04 2.881537e-02
1145 3.082271e-05 8.087793e-03
1146 3.598880e-04 4.642312e-02
1147 2.275656e-04 3.491010e-02
1148 7.307781e-05 9.144195e-03
1149 4.536484e-05 7.298152e-03
1150 5.540563e-05 7.127876e-03
1151 8.414527e-05 6.770548e-03
1152 1.489224e-05 5.073202e-03
1153 1.367935e-05 3.782057e-03
1154 3.553399e-05 5.451761e-03
1155 2.853791e-05 3.510646e-03
1156 4.009688e-05 1.473465e-02
1157 3.334640e-04 3.083331e-02
1158 2.977597e-05 1.230646e-02
1159 9.702269e-04 8.013261e-02
1160 6.084401e-05 7.209358e-03
1161 2.609417e-05 5.738926e-03
1162 3.604264e-04 2.594113e-02
1163 1.006839e-03 5.847519e-02
1164 1.526861e-04 1.034168e-02
1165 5.812907e-05 6.184524e-03
1166 1.411154e-04 2.846934e-02
1167 2.186054e-04 1.794144e-02
1168 1.501707e-04 9.120307e-03
1169 2.341603e-04 2.613607e-02
1170 1.486292e-04 2.037887e-02
1171 3.936335e-05 7.004281e-03
1172 1.064945e-04 1.647919e-02
1173 5.925542e-04 7.487928e-02
1174 4.995509e-04 5.307629e-02
1175 2.605808e-04 2.702457e-02
1176 6.398566e-03 6.437494e-01
1177 6.580993e-07 3.034708e-03
1178 6.797040e-05 1.667198e-02
1179 4.111221e-05 2.018912e-02
1180 7.654082e-05 1.766184e-02
1181 4.680791e-05 1.318338e-02
1182 1.155240e-04 1.813599e-02
1183 6.960475e-05 1.533006e-02
1184 2.931744e-04 3.967531e-02
1185 4.095831e-04 5.721571e-02
1186 5.015192e-05 1.363549e-02
1187 1.565204e-05 6.679084e-03
1188 1.126797e-05 9.118616e-03
1189 5.705449e-05 1.731533e-02
1190 7.519733e-04 5.539278e-02
1191 5.547705e-05 1.176930e-02
1192 2.240648e-04 3.607401e-02
1193 2.521416e-05 2.235402e-02
1194 1.154635e-03 6.719943e-02
1195 3.666992e-04 2.700825e-02
1196 5.583542e-04 3.098089e-02
1197 7.381262e-05 1.395884e-02
1198 5.799866e-05 2.215930e-02
1199 1.318410e-04 2.413853e-02
1200 5.721637e-04 4.417715e-02
1201 8.879973e-05 2.182987e-02
1202 1.349198e-05 1.190634e-02
1203 1.608411e-04 3.189437e-02
1204 2.304691e-04 3.769303e-02
1205 5.542154e-06 4.604875e-03
1206 2.538136e-05 1.377310e-02
1207 1.609709e-06 3.552124e-03
1208 2.109536e-04 3.083478e-02
1209 1.484657e-05 7.807739e-03
1210 2.093150e-05 7.750357e-03
1211 1.787062e-06 3.298623e-03
1212 1.146266e-05 3.192199e-03
1213 8.299338e-06 6.943423e-03
1214 1.433156e-05 7.863891e-03
1215 1.201874e-04 2.914920e-02
1216 1.358085e-06 4.196515e-03
1217 2.563858e-03 1.042047e-01
1218 7.147892e-06 5.804985e-03
1219 6.787243e-07 1.148923e-03
1220 1.274818e-06 3.223815e-03
1221 1.305801e-05 2.802220e-03
1222 5.131725e-04 8.141269e-02
1223 6.436785e-07 1.983004e-03
1224 2.051956e-06 1.849437e-03
1225 2.361148e-04 2.888178e-02
1226 2.757078e-07 2.251570e-03
1227 1.441502e-03 1.491150e-01
1228 3.168494e-05 4.801688e-03
1229 1.154246e-06 1.223637e-03
1230 1.717347e-06 2.363687e-03
1231 1.287155e-06 1.512742e-03
1232 3.820734e-07 1.988566e-03
1233 4.131247e-07 2.193225e-03
1234 3.293112e-06 2.971245e-03
1235 1.128632e-06 2.451293e-03
1236 2.829744e-06 2.566093e-03
1237 2.629873e-06 2.354301e-03
1238 4.714594e-06 2.909737e-03
1239 9.780548e-07 2.215642e-03
1240 4.628653e-03 3.338342e-01
1241 3.044231e-06 4.133471e-03
1242 2.519134e-06 2.426149e-03
1243 4.616468e-06 2.774146e-03
1244 3.784883e-06 2.271398e-03
1245 1.140716e-06 2.491039e-03
1246 1.083269e-06 2.320220e-03
1247 1.622237e-05 1.010996e-02
1248 1.064242e-04 2.775713e-02
1249 1.164810e-05 9.761021e-03
1250 4.711960e-05 1.296968e-02
1251 3.129761e-05 1.360399e-02
1252 2.093404e-05 1.550101e-02
1253 2.030430e-05 1.294987e-02
1254 2.466718e-05 7.523915e-03
1255 7.278875e-04 1.342006e-01
1256 3.400897e-05 5.343779e-03
1257 8.790249e-03 2.978917e-01
1258 5.124723e-04 3.750511e-02
1259 1.380228e-03 7.213773e-02
1260 1.771282e-05 1.240502e-02
1261 1.442442e-06 1.788885e-03
1262 2.283912e-04 2.678498e-02
1263 9.099323e-06 3.628949e-03
1264 5.570482e-05 2.605442e-02
1265 1.152096e-06 2.801915e-03
1266 1.608875e-05 6.180272e-03
1267 3.153608e-07 1.927324e-03
1268 8.002002e-06 4.817759e-03
1269 4.374213e-04 3.448255e-02
1270 8.996138e-05 1.814434e-02
1271 1.293623e-05 7.819473e-03
1272 1.685368e-06 2.954779e-03
1273 2.794050e-05 3.821818e-03
1274 5.896220e-05 1.649588e-02
1275 2.429958e-04 2.984504e-02
1276 3.329806e-04 4.160019e-02
1277 4.413436e-04 5.836608e-02
1278 8.414001e-04 5.117639e-02
1279 4.265542e-06 3.854700e-03
1280 3.094885e-06 7.067402e-03
1281 6.049411e-06 8.231233e-03
1282 6.540436e-05 1.375916e-02
1283 1.760683e-05 9.519106e-03
1284 4.206609e-04 4.531159e-02
1285 1.077545e-04 1.006308e-02
1286 2.417722e-04 2.784175e-02
1287 4.711144e-05 6.007183e-03
1288 6.549062e-04 7.352158e-02
1289 2.110203e-04 1.055402e-01
1290 2.114643e-06 1.735256e-03
1291 9.610166e-05 1.328380e-02
1292 3.965920e-05 5.389255e-03
1293 1.274444e-03 8.157208e-02
1294 1.127987e-06 2.291209e-03
1295 1.412077e-04 9.809773e-03
1296 1.434863e-04 1.212000e-02
1297 1.073611e-03 9.303074e-02
1298 1.038768e-03 6.011783e-02
1299 1.623741e-04 9.240819e-03
1300 1.481800e-03 1.085490e-01
1301 8.904538e-06 2.772857e-03
1302 7.081291e-06 3.444825e-03
1303 2.822085e-05 1.365123e-02
1304 1.293554e-04 2.095189e-02
1305 1.081848e-04 1.359905e-02
1306 8.194587e-05 1.093045e-02
1307 5.443802e-05 1.027274e-02
1308 3.688237e-06 9.369378e-03
1309 4.641407e-04 4.162887e-02
1310 1.315506e-03 9.378748e-02
1311 5.560338e-04 3.654778e-02
1312 4.303979e-03 2.105561e-01
1313 4.720759e-06 3.606203e-03
1314 1.521375e-04 1.265789e-02
1315 5.177782e-06 5.834646e-03
1316 9.841132e-07 4.965087e-03
1317 4.760441e-07 3.393929e-03
1318 5.429877e-07 1.904502e-03
1319 1.462976e-06 2.458149e-03
1320 7.555885e-07 4.292136e-03
1321 1.895351e-06 4.000029e-03
1322 1.957526e-07 1.525805e-03
1323 6.780468e-05 1.240051e-02
1324 1.523234e-06 2.027244e-03
1325 1.607180e-05 6.008546e-03
1326 2.326058e-05 6.529466e-03
1327 1.158968e-05 7.179236e-03
1328 1.559319e-05 3.788799e-03
1329 5.250764e-08 2.763175e-03
1330 3.285295e-05 7.946310e-03
1331 1.638082e-03 6.986254e-02
1332 2.331248e-03 1.145659e-01
1333 1.280216e-04 1.719403e-02
1334 3.167488e-05 2.008628e-02
1335 4.010646e-05 7.881828e-03
1336 2.319224e-05 6.677510e-03
1337 1.468424e-05 3.565144e-03
1338 3.555899e-05 7.056773e-03
1339 6.728328e-05 2.384962e-02
1340 7.764502e-06 9.144282e-03
1341 1.957607e-05 6.028671e-03
1342 6.547860e-07 1.612071e-03
1343 1.004247e-03 6.759182e-02
1344 3.012703e-06 4.866123e-03
1345 3.395605e-04 7.756830e-02
1346 5.972084e-05 2.048299e-02
1347 2.227200e-04 2.818918e-02
1348 3.296495e-05 1.533277e-02
1349 1.997758e-06 1.154623e-02
1350 8.651039e-04 8.571703e-02
1351 9.550886e-04 1.582383e-01
1352 1.900056e-03 6.783668e-02
1353 7.370784e-07 3.231748e-03
1354 2.715865e-06 2.856561e-03
1355 1.398425e-04 2.738843e-02
1356 1.629185e-06 4.322315e-03
1357 4.853720e-06 5.077901e-03
1358 8.536132e-04 4.741297e-02
1359 4.369819e-05 2.055812e-02
1360 7.052320e-06 1.911290e-03
1361 3.474347e-05 8.599235e-03
1362 6.130261e-06 2.827739e-03
1363 8.744219e-08 1.342636e-03
1364 6.842325e-07 1.238765e-03
1365 6.610280e-07 1.885407e-03
1366 5.080089e-06 6.872957e-03
1367 1.146639e-04 1.902874e-02
1368 4.126397e-06 2.882940e-03
1369 4.690879e-06 2.207893e-03
1370 9.457088e-07 1.112271e-03
1371 2.109422e-06 1.579345e-03
1372 8.404169e-07 1.090785e-03
1373 6.343728e-07 1.969324e-03
1374 1.091905e-05 3.257743e-03
1375 1.985424e-04 4.339307e-02
1376 2.001885e-05 2.513024e-03
1377 1.408117e-04 8.222792e-03
1378 3.611269e-05 9.114012e-03
1379 2.834988e-04 1.888432e-02
1380 8.091617e-05 2.719260e-02
1381 2.555820e-05 2.152496e-02
1382 3.253805e-06 2.083473e-03
1383 5.367121e-05 2.848265e-03
1384 2.092770e-03 7.813895e-02
1385 7.265304e-05 1.274360e-02
1386 2.488665e-04 3.546470e-02
1387 2.080750e-03 9.478952e-02
1388 2.115299e-03 1.092523e-01
1389 1.629195e-05 5.254735e-03
1390 2.961157e-04 4.342558e-02
1391 9.859731e-05 1.061306e-02
1392 7.340139e-06 1.544158e-02
1393 1.084350e-06 2.752770e-03
1394 4.792698e-05 8.960353e-03
1395 4.802111e-04 2.983442e-02
1396 6.971840e-06 4.681146e-03
1397 8.860281e-06 2.585550e-03
1398 1.989302e-03 8.441553e-02
1399 3.929761e-05 7.395381e-03
1400 4.147634e-05 4.243394e-03
1401 1.062374e-04 2.144657e-02
1402 9.648235e-06 2.867195e-03
1403 1.069377e-06 2.047035e-03
1404 1.164354e-04 2.760885e-02
1405 9.915936e-07 1.964912e-03
1406 2.363568e-05 5.953802e-03
1407 1.204520e-06 2.470119e-03
1408 1.127249e-06 2.327275e-03
1409 3.734362e-05 7.789242e-03
1410 3.926524e-04 2.371837e-02
1411 6.437368e-04 1.379969e-01
1412 5.910903e-04 4.999432e-02
1413 1.483045e-06 2.107288e-03
1414 5.395365e-03 1.887855e-01
1415 2.704891e-06 3.015293e-03
1416 7.377699e-06 3.649130e-03
1417 2.368126e-06 2.422621e-03
1418 1.115481e-05 3.250750e-03
1419 1.771648e-04 3.322529e-02
1420 8.683057e-04 5.715143e-02
1421 3.553403e-04 7.955718e-02
1422 1.177957e-04 1.081847e-02
1423 1.325496e-03 9.063397e-02
1424 1.800684e-05 9.131687e-03
1425 1.137136e-02 3.107705e-01
1426 1.867968e-03 9.397841e-02
1427 3.793114e-04 2.793447e-02
1428 5.125011e-05 2.937455e-03
1429 1.216604e-05 7.709896e-03
1430 4.649487e-04 2.919561e-02
1431 1.359841e-04 3.027046e-02
1432 1.717605e-04 1.257005e-02
1433 4.522601e-06 7.482079e-03
1434 2.468697e-05 3.099477e-02
1435 6.433768e-05 2.802787e-02
1436 8.412523e-04 1.305036e-01
1437 1.891079e-05 3.883891e-03
1438 1.966836e-05 3.941209e-03
1439 2.993514e-03 3.676475e-01
1440 1.266945e-04 2.287170e-02
1441 1.925177e-03 1.671836e-01
1442 5.197682e-07 2.143539e-03
1443 8.685877e-05 2.675383e-02
1444 2.780371e-05 3.160175e-02
1445 1.486128e-04 3.267654e-02
1446 4.511706e-06 5.640325e-03
1447 1.748865e-05 3.808215e-03
1448 2.463350e-05 8.520204e-03
1449 6.393066e-04 2.150797e-02
1450 2.885169e-04 3.431274e-02
1451 1.788857e-06 1.738176e-03
1452 3.744161e-05 1.274138e-02
1453 2.378279e-06 1.734573e-03
1454 2.305091e-05 1.212815e-02
1455 6.071620e-07 4.386319e-03
1456 3.643917e-05 6.862955e-03
1457 1.399022e-05 5.020541e-03
1458 4.082176e-07 2.848816e-03
1459 1.762560e-05 4.884015e-03
1460 1.578272e-06 4.426922e-03
1461 5.369716e-06 7.390214e-03
1462 1.141683e-05 7.650760e-03
1463 7.485183e-05 1.683599e-02
1464 2.766977e-03 2.370319e-01
1465 1.228054e-03 1.017962e-01
1466 6.520101e-04 1.128023e-01
1467 5.504741e-05 2.137641e-02
1468 2.636974e-03 1.575076e-01
1469 1.457670e-03 1.344485e-01
1470 7.945783e-05 7.506018e-03
1471 2.627908e-05 1.152718e-02
1472 3.409688e-04 3.623171e-02
1473 2.916391e-06 2.922940e-03
1474 5.810502e-06 1.228991e-02
1475 3.513692e-06 4.399105e-03
1476 1.410872e-05 4.115271e-03
1477 6.668429e-04 8.342142e-02
1478 5.517332e-05 1.938208e-02
1479 1.503726e-04 4.205356e-02
1480 7.571836e-04 5.125999e-02
1481 2.712092e-04 2.884483e-02
1482 2.508699e-04 4.461924e-02
1483 6.666099e-06 6.292980e-03
1484 7.433353e-06 4.975407e-03
1485 5.310762e-06 4.743150e-03
1486 4.433862e-04 4.395554e-02
1487 3.286956e-05 4.383254e-03
1488 7.401170e-05 8.980450e-03
1489 4.526558e-06 2.999660e-03
1490 5.985952e-06 3.787866e-03
1491 3.020849e-04 6.622851e-02
1492 4.626212e-05 8.095086e-03
1493 9.898963e-06 2.723074e-03
1494 3.361941e-05 1.082643e-02
1495 6.223616e-04 4.828405e-02
1496 2.861146e-05 2.632489e-03
1497 5.173748e-04 3.544332e-02
1498 2.113019e-03 1.265854e-01
1499 4.603043e-05 3.670682e-03
1500 3.532216e-05 7.961311e-03
1501 7.675193e-04 3.883432e-02
1502 4.235722e-04 3.427717e-02
1503 1.445819e-04 1.224368e-02
1504 2.034014e-03 1.400282e-01
1505 4.681659e-05 5.612671e-02
1506 2.783361e-06 1.562580e-03
1507 3.397801e-04 3.364463e-02
1508 3.012176e-03 3.788604e-01
1509 9.081830e-06 2.948609e-03
1510 4.547880e-06 3.217536e-03
1511 2.916659e-04 1.855643e-02
1512 2.266087e-07 1.029073e-03
1513 4.873069e-05 1.362976e-02
1514 5.707763e-06 4.960698e-03
1515 3.474434e-05 7.723530e-03
1516 3.192520e-04 4.648754e-02
1517 2.349606e-05 8.258965e-03
1518 1.230499e-04 5.806220e-02
1519 1.159725e-06 1.771259e-03
1520 2.529336e-04 2.186732e-02
1521 4.016165e-06 2.230811e-03
1522 8.513564e-06 4.168227e-03
1523 8.168465e-06 4.318841e-03
1524 6.599689e-04 6.495734e-02
1525 3.557863e-05 1.165167e-02
1526 1.079118e-04 1.729833e-02
1527 7.990705e-05 1.238361e-02
1528 7.324470e-06 5.769937e-03
1529 5.273306e-05 1.194421e-02
1530 6.627786e-06 5.986564e-03
1531 8.168498e-04 5.537224e-02
1532 1.208055e-05 7.393712e-03
1533 2.368628e-04 5.444126e-02
1534 1.220160e-03 1.036279e-01
1535 8.685481e-04 2.023880e-01
1536 5.093533e-04 1.712804e-01
1537 8.788378e-06 7.255522e-03
1538 1.628178e-03 1.903002e-01
1539 1.490331e-04 1.671150e-02
1540 1.961192e-05 4.572660e-02
1541 8.892384e-04 1.547625e-01
1542 4.735895e-03 2.673360e-01
1543 3.121383e-06 5.279029e-03
1544 2.183676e-05 1.420000e-02
1545 4.824334e-07 3.612976e-03
1546 6.581525e-05 1.231878e-02
1547 7.551255e-05 2.285218e-02
1548 7.568521e-06 3.881103e-02
1549 1.167531e-06 2.586975e-03
1550 3.771825e-05 1.697780e-02
1551 1.443858e-05 1.428126e-02
1552 1.268600e-07 1.263025e-03
1553 2.636939e-06 3.093652e-03
1554 6.586806e-04 7.363222e-02
1555 3.678675e-04 9.163665e-02
1556 6.139639e-05 2.255611e-02
1557 4.179927e-04 6.542361e-02
1558 2.101729e-03 1.873072e-01
1559 5.096775e-04 2.820795e-02
1560 4.313999e-06 4.021770e-03
1561 9.953372e-05 1.406646e-02
1562 7.624420e-06 1.221238e-02
1563 3.416122e-05 3.093401e-03
1564 9.768294e-06 6.928567e-03
1565 1.517472e-04 2.844836e-02
1566 4.640905e-05 1.148334e-02
1567 1.920492e-05 4.200392e-03
1568 2.478927e-05 2.666911e-03
1569 4.649993e-05 1.026746e-02
1570 3.718256e-04 2.572096e-02
1571 1.409817e-04 2.741173e-02
1572 5.374580e-07 1.902444e-03
1573 6.152454e-04 5.996332e-02
1574 6.782652e-06 4.428899e-03
1575 4.406043e-05 1.489346e-02
1576 1.256266e-05 1.365668e-02
1577 7.141425e-04 1.029478e-01
1578 3.077825e-06 6.385804e-03
1579 7.349356e-05 1.606180e-02
1580 1.223889e-07 2.490894e-03
1581 5.907183e-06 3.573118e-03
1582 9.037508e-06 5.473237e-03
1583 2.148769e-04 3.334813e-02
1584 6.271414e-06 6.120476e-03
1585 5.824671e-04 1.295642e-01
1586 2.844093e-04 1.426811e-01
1587 5.219347e-04 8.088904e-02
1588 3.209159e-04 2.918668e-02
1589 4.084988e-04 6.213070e-02
1590 6.108254e-04 1.234917e-01
1591 2.523477e-04 4.127723e-02
1592 9.992700e-05 2.153527e-02
1593 9.383370e-04 5.265878e-02
1594 1.584743e-04 2.505841e-02
1595 5.047621e-05 1.183744e-02
1596 7.191524e-05 1.416770e-02
1597 9.111314e-05 1.428964e-02
1598 8.940498e-04 4.912851e-02
1599 3.849044e-06 2.495624e-03
1600 2.423466e-04 6.991563e-02
1601 1.671351e-06 1.279286e-03
1602 6.275171e-04 6.679453e-02
1603 5.540283e-06 2.216968e-03
1604 1.090007e-06 2.491044e-03
1605 6.665380e-05 1.390466e-02
1606 6.191673e-08 2.938731e-03
1607 3.248935e-07 1.943774e-03
1608 1.208806e-06 1.884057e-03
1609 8.276969e-05 6.850424e-03
1610 2.013483e-04 2.536734e-02
1611 8.217805e-08 1.882512e-03
1612 6.818158e-07 2.182685e-03
1613 3.972244e-06 2.244208e-03
1614 1.461758e-06 4.755556e-03
1615 2.864520e-04 7.444011e-02
1616 1.625658e-04 2.910474e-02
1617 5.065908e-04 3.080809e-02
1618 5.737371e-05 2.772140e-02
1619 2.686322e-03 2.565789e-01
1620 1.560178e-05 9.335287e-03
1621 1.590092e-04 6.524493e-02
1622 2.362511e-05 3.522405e-03
1623 1.862854e-04 4.027341e-02
1624 2.188841e-06 5.126861e-03
1625 3.281658e-07 1.663797e-03
1626 1.911970e-05 8.597887e-03
1627 4.465309e-05 5.009074e-03
1628 3.395054e-07 1.976733e-03
1629 3.107286e-04 3.643036e-02
1630 7.189296e-07 1.700375e-03
1631 3.983973e-05 7.189372e-03
1632 1.246436e-05 9.689346e-03
1633 1.339709e-04 2.260424e-02
1634 2.407726e-03 2.499987e-01
1635 7.332234e-04 4.183310e-02
1636 3.473196e-03 5.040680e-01
1637 5.553560e-04 7.399438e-02
1638 5.144197e-05 1.370443e-02
1639 3.169861e-03 2.419089e-01
1640 7.038863e-04 6.009264e-02
1641 1.393212e-03 1.673324e-01
1642 6.794823e-05 3.703799e-02
1643 1.579525e-04 2.105022e-02
1644 3.173974e-04 7.099416e-02
1645 1.007062e-06 1.573845e-03
1646 3.983922e-05 4.584735e-03
1647 2.913664e-03 1.808969e-01
1648 1.713555e-05 5.476852e-03
1649 3.764916e-05 1.119893e-02
1650 1.852826e-03 1.153764e-01
1651 7.656744e-06 1.521927e-03
1652 7.124546e-04 1.482268e-01
1653 4.217283e-03 1.475319e-01
1654 2.500000e-06 2.695801e-03
1655 4.878696e-06 4.868791e-03
1656 3.610857e-06 3.690744e-03
1657 4.248640e-07 1.246492e-03
1658 2.955214e-06 2.803942e-03
1659 8.588241e-06 5.002862e-03
1660 2.071277e-07 2.009071e-03
1661 2.340935e-04 3.108910e-02
1662 3.818947e-06 8.052834e-03
1663 1.960916e-05 1.469693e-02
1664 9.017655e-07 6.793721e-03
1665 3.190952e-05 8.899502e-03
1666 1.018528e-04 2.043571e-02
1667 1.431357e-04 3.473216e-02
1668 8.825155e-06 2.101207e-03
1669 4.346113e-06 4.503345e-03
1670 3.251746e-05 9.072638e-03
1671 3.896958e-06 4.186799e-03
1672 2.208777e-05 2.863102e-02
1673 2.323543e-04 1.683255e-02
1674 2.390594e-06 2.582114e-03
1675 3.568348e-05 4.812057e-03
1676 1.746796e-06 1.386709e-03
1677 3.854434e-05 1.038673e-02
1678 1.293647e-03 1.174687e-01
1679 8.206840e-05 1.079449e-02
1680 5.416441e-05 1.047685e-02
1681 6.689676e-04 2.635926e-02
1682 4.359873e-05 6.123470e-03
1683 3.271309e-05 1.233682e-02
1684 1.016011e-05 5.382276e-03
1685 2.637768e-07 2.206236e-03
1686 4.006638e-05 1.240437e-02
1687 2.048606e-05 5.218867e-03
1688 2.805198e-07 1.154000e-03
1689 4.861607e-05 3.117632e-02
1690 1.302538e-05 9.377499e-03
1691 6.753502e-05 3.488070e-02
1692 3.763376e-03 1.847477e-01
1693 1.171508e-03 8.183798e-02
1694 1.302090e-04 4.650077e-02
1695 7.665031e-06 6.906946e-03
1696 1.335267e-06 2.758216e-03
1697 2.442531e-06 6.095451e-03
1698 1.782788e-04 3.917086e-02
1699 3.902544e-05 1.396716e-02
1700 1.759629e-05 6.245655e-03
1701 6.088847e-05 7.743992e-03
1702 4.831673e-06 5.909842e-03
1703 2.939699e-05 1.195528e-02
1704 7.106818e-06 6.274853e-03
1705 1.968804e-03 1.359544e-01
1706 3.690620e-04 2.386239e-02
1707 5.368793e-06 2.847949e-03
1708 1.171421e-07 2.061479e-03
1709 3.318710e-07 5.378750e-03
1710 3.342362e-07 1.413518e-03
1711 1.309159e-06 1.044317e-02
1712 2.298368e-05 4.295113e-03
1713 2.328467e-06 4.353214e-03
1714 1.613199e-06 5.729411e-03
1715 2.779962e-06 4.212638e-03
1716 1.001467e-06 6.063084e-03
1717 1.180609e-07 2.192854e-03
1718 2.712534e-05 1.704225e-02
1719 9.331939e-08 1.982037e-03
1720 2.951839e-06 4.390650e-03
1721 2.460904e-07 1.526000e-03
1722 1.590676e-05 1.029291e-02
1723 9.744362e-08 1.301301e-03
1724 1.121955e-07 1.414309e-03
1725 1.369823e-06 1.887453e-03
1726 2.088010e-05 3.535248e-02
1727 1.274272e-05 1.019794e-02
1728 1.898972e-06 2.534487e-03
1729 1.625279e-05 7.465802e-03
1730 2.404540e-06 4.294188e-03
1731 3.678803e-06 3.179547e-03
1732 2.072904e-04 2.122589e-02
1733 1.191773e-03 1.458958e-01
1734 1.542018e-03 1.237804e-01
1735 2.940778e-04 5.791299e-02
1736 6.627712e-06 7.521186e-03
1737 1.842935e-05 6.919164e-03
1738 1.274036e-03 1.138541e-01
1739 8.308678e-04 2.715430e-02
1740 1.917500e-04 1.520113e-02
1741 5.872151e-08 1.328051e-03
1742 9.634659e-07 1.599569e-03
1743 1.148923e-06 3.963826e-03
1744 3.947246e-07 2.054181e-03
1745 4.206535e-07 2.197451e-03
1746 3.175239e-05 7.222975e-03
1747 1.419230e-05 2.011697e-02
1748 4.132166e-05 6.520460e-03
1749 4.190137e-05 5.871285e-03
1750 2.484824e-05 7.472891e-03
1751 6.134709e-06 3.774512e-03
1752 1.379039e-05 7.318434e-03
1753 2.411542e-04 5.920811e-02
1754 1.252358e-03 1.105472e-01
1755 1.542073e-03 8.173841e-02
1756 3.320409e-05 1.765235e-02
1757 7.538977e-05 4.802368e-02
1758 1.412001e-03 2.303857e-01
1759 4.878702e-04 1.062585e-01
1760 6.916328e-04 8.833130e-02
1761 3.439860e-03 2.387966e-01
1762 6.642351e-03 2.409089e-01
1763 4.828896e-04 1.186171e-01
1764 1.980597e-05 1.967536e-02
1765 5.202553e-05 2.825772e-02
1766 3.286738e-04 1.158912e-01
1767 6.954245e-05 2.161932e-02
1768 4.781894e-05 2.812685e-02
1769 4.712329e-04 8.403477e-02
1770 2.764455e-04 5.294266e-02
1771 5.915371e-04 6.900514e-02
1772 4.032148e-07 4.342604e-03
1773 1.146098e-02 4.780461e-01
1774 1.659435e-03 1.434547e-01
1775 3.346807e-03 4.710794e-01
1776 6.244056e-04 3.668170e-02
1777 1.882305e-04 3.400283e-02
1778 1.503798e-03 1.826999e-01
1779 1.826318e-04 4.598179e-02
1780 1.663912e-04 2.553037e-02
1781 9.865786e-05 2.085826e-02
1782 8.592843e-05 2.255630e-02
1783 1.136353e-03 1.366505e-01
1784 3.690588e-04 4.759320e-02
1785 3.048866e-04 7.455187e-02
1786 3.723068e-05 5.520561e-03
1787 1.049477e-04 1.082905e-02
1788 1.217658e-03 1.433978e-01
1789 4.880095e-04 8.732020e-02
1790 5.215333e-05 1.339324e-02
1791 2.685417e-04 1.210267e-01
1792 1.290943e-03 5.836507e-02
1793 1.519929e-04 3.506190e-02
1794 3.036164e-05 1.463014e-02
1795 6.292176e-05 2.123243e-02
1796 2.564016e-04 7.342231e-02
1797 1.614615e-04 8.162206e-02
1798 5.353163e-05 4.113602e-02
1799 1.563555e-05 1.454345e-02
1800 3.706717e-04 8.443623e-02
1801 1.400587e-04 1.909270e-02
1802 1.900335e-04 4.931294e-02
1803 7.059973e-04 5.079212e-02
1804 1.979910e-04 7.513001e-02
1805 3.261547e-05 3.559766e-02
1806 5.933052e-05 5.052918e-02
1807 1.711449e-05 1.884636e-02
1808 1.366597e-04 1.069418e-01
1809 1.209050e-05 1.947227e-02
1810 2.293320e-06 8.991962e-03
1811 6.746773e-06 1.011497e-02
1812 6.098835e-05 1.548422e-02
1813 3.734814e-05 6.557212e-03
1814 2.915350e-05 2.033132e-02
1815 2.233543e-04 4.678333e-02
1816 1.276610e-04 1.738652e-02
1817 1.599061e-04 4.661362e-02
1818 1.409042e-04 4.163777e-02
1819 1.776367e-03 1.306016e-01
1820 8.629288e-04 5.260847e-02
1821 3.178282e-05 1.460447e-02
1822 2.503233e-05 1.629643e-02
1823 1.363793e-04 4.266155e-02
1824 1.112432e-04 2.306663e-02
1825 1.057091e-03 1.685428e-01
1826 1.262327e-04 2.953001e-02
1827 1.153733e-05 1.010226e-02
1828 6.171159e-05 1.485782e-02
1829 4.372224e-05 1.391689e-02
1830 6.675559e-03 2.632655e-01
1831 3.196830e-05 7.902127e-03
1832 9.311015e-05 2.895738e-02
1833 9.473332e-06 1.082444e-02
1834 5.716756e-05 1.214612e-02
1835 2.353950e-06 8.434263e-03
1836 6.149209e-06 5.159723e-03
1837 2.246564e-04 2.897755e-02
1838 9.135581e-05 2.145669e-02
1839 7.463992e-05 4.071761e-02
1840 7.890885e-04 5.135405e-02
1841 1.947315e-04 2.929096e-02
1842 3.835736e-05 1.866810e-02
1843 3.250748e-05 1.289331e-02
1844 1.972046e-05 1.762973e-02
1845 1.514992e-05 1.191233e-02
1846 5.162845e-06 6.977016e-03
1847 1.527913e-05 8.824217e-03
1848 1.574674e-05 1.178195e-02
1849 1.908498e-05 1.304264e-02
1850 2.092090e-05 9.400465e-03
1851 1.021026e-05 5.009493e-03
1852 2.853879e-06 4.234927e-03
1853 7.400040e-06 3.888436e-03
1854 3.836535e-04 2.890730e-02
1855 1.998687e-04 2.124950e-02
1856 3.453911e-04 4.943726e-02
1857 2.716131e-04 3.660102e-02
1858 8.611488e-04 3.918490e-02
1859 1.215295e-05 4.760958e-03
1860 2.761229e-04 3.295679e-02
1861 8.084353e-06 7.674089e-03
1862 3.653477e-05 7.899209e-03
1863 8.057253e-05 2.315578e-02
1864 7.243817e-04 6.806577e-02
1865 1.344212e-04 3.950003e-02
1866 1.931248e-04 3.368697e-02
1867 5.449388e-05 9.562567e-03
1868 3.741899e-06 9.608676e-03
1869 7.852458e-06 6.351498e-03
1870 2.586157e-05 1.437650e-02
1871 1.415986e-03 7.097353e-02
1872 5.764554e-04 8.494298e-02
1873 4.559248e-05 1.262227e-02
1874 3.948741e-04 5.555102e-02
1875 3.285031e-04 3.088661e-02
1876 4.481610e-06 5.568941e-03
1877 7.580888e-05 1.386112e-02
1878 7.756019e-06 6.483227e-03
1879 9.599886e-05 2.202641e-02
1880 2.439160e-05 1.156510e-02
1881 1.804062e-03 1.630684e-01
1882 1.352841e-04 4.858920e-02
1883 7.611207e-05 4.011747e-02
1884 4.296517e-04 4.032047e-02
1885 1.774504e-04 2.092834e-02
1886 2.887010e-04 3.911597e-02
1887 1.426364e-06 7.695743e-03
1888 1.194594e-05 1.561369e-02
1889 1.575109e-06 7.872179e-03
1890 6.730518e-07 5.456811e-03
1891 6.385191e-06 5.214407e-03
1892 2.810568e-06 5.749685e-03
1893 6.412830e-06 2.177532e-02
1894 3.666303e-04 4.151661e-02
1895 4.315798e-05 1.616230e-02
1896 2.868423e-06 4.917336e-03
1897 1.977754e-06 3.608862e-03
1898 4.357498e-06 3.429497e-03
1899 6.676056e-05 1.545276e-02
1900 2.918597e-05 1.654922e-02
1901 1.576086e-07 1.732854e-03
1902 3.244332e-04 3.819798e-02
1903 7.845900e-04 1.316749e-01
1904 1.397767e-04 1.515137e-02
1905 2.076320e-04 1.824718e-02
1906 1.472588e-03 2.127886e-01
1907 8.519787e-06 7.200844e-03
1908 2.014746e-05 7.628751e-03
1909 1.602892e-06 5.306129e-03
1910 1.682743e-04 2.036876e-02
1911 6.432109e-06 1.169089e-02
1912 1.522095e-04 3.571116e-02
1913 1.006380e-04 5.817033e-02
1914 3.296013e-04 3.714269e-02
1915 3.498276e-03 1.882696e-01
1916 4.450917e-04 6.897965e-02
1917 1.372020e-03 8.215883e-02
1918 3.353227e-04 3.784372e-02
1919 3.466474e-04 1.044692e-01
1920 3.036291e-04 4.990404e-02
1921 7.500610e-05 2.594045e-02
1922 6.290293e-04 1.071023e-01
1923 3.742015e-04 4.866144e-02
1924 7.081480e-04 1.192252e-01
1925 1.159887e-04 5.174163e-02
1926 5.512053e-05 2.088571e-02
1927 1.105210e-04 3.611964e-02
1928 4.531177e-04 1.529685e-01
1929 8.358912e-05 3.403139e-02
1930 1.249354e-05 5.313581e-03
1931 3.456309e-05 3.431135e-02
1932 1.203139e-05 2.567801e-02
1933 8.039555e-05 1.168587e-02
1934 1.140147e-05 7.289292e-03
1935 1.216856e-04 3.995650e-02
1936 5.954009e-05 1.341150e-02
1937 2.504850e-04 2.288648e-02
1938 1.005769e-04 2.372862e-02
1939 5.364439e-04 3.509735e-02
1940 1.104970e-04 8.088507e-02
1941 2.665581e-05 7.324084e-03
1942 8.274616e-04 6.641181e-02
1943 7.828879e-04 7.410992e-02
1944 1.892708e-04 2.900604e-02
1945 4.606918e-05 9.488828e-03
1946 3.403642e-04 8.427127e-02
1947 3.968189e-05 1.652469e-02
1948 2.335730e-04 2.018788e-02
1949 5.804949e-04 8.187409e-02
1950 1.441357e-04 1.505856e-02
1951 1.181509e-03 6.366684e-02
1952 5.903816e-04 5.948544e-02
1953 1.876469e-05 1.807500e-02
1954 5.306501e-05 1.025797e-02
1955 1.742783e-03 2.378290e-01
1956 1.220025e-03 1.763248e-01
1957 1.887232e-03 2.426766e-01
1958 1.429689e-03 1.340422e-01
1959 1.204320e-06 7.188758e-03
1960 1.725980e-05 7.999990e-03
1961 1.209718e-07 2.930205e-03
1962 6.491314e-06 6.049576e-03
1963 2.466057e-07 2.047350e-03
1964 1.361397e-06 3.448208e-03
1965 1.542821e-04 1.890049e-02
1966 2.553176e-05 1.082268e-02
1967 1.072560e-03 6.503047e-02
1968 3.235908e-05 1.005476e-02
1969 4.953358e-05 1.719748e-02
1970 4.183026e-06 9.147012e-03
1971 2.893532e-05 2.103368e-02
1972 1.173455e-06 7.034292e-03
1973 5.261877e-04 6.560164e-02
1974 1.098276e-04 3.168169e-02
1975 6.375276e-06 1.633134e-02
1976 1.769820e-04 2.336368e-02
1977 1.879479e-03 6.459774e-02
1978 2.315566e-04 2.689485e-02
1979 2.688530e-04 2.588028e-02
1980 3.569864e-04 1.529015e-02
1981 1.387627e-04 1.278058e-02
1982 2.694408e-04 5.785744e-02
1983 1.870181e-03 2.060844e-01
1984 1.705184e-04 7.221882e-02
1985 3.616366e-04 1.057278e-01
1986 1.759087e-04 4.770838e-02
1987 1.506833e-03 2.250771e-01
1988 1.378131e-04 3.012070e-02
1989 8.526670e-05 4.380653e-02
1990 4.311239e-04 1.047459e-01
1991 1.427954e-05 1.240249e-02
1992 6.113316e-05 2.170094e-02
1993 2.268044e-04 3.481406e-02
1994 1.989096e-04 2.418341e-02
1995 1.285090e-04 1.844978e-02
1996 3.674370e-05 1.044271e-02
1997 4.357828e-04 5.109965e-02
1998 6.058271e-04 8.188667e-02
1999 9.205395e-04 1.357871e-01
2000 5.640092e-04 5.001377e-02
