1 1.166916e-03 1.108948e+00
2 3.375654e-07 2.051530e-02
3 2.828779e-06 3.255014e-03
4 7.067398e-09 1.866858e-03
5 2.140741e-08 2.633048e-03
6 8.059422e-04 5.664399e-01
7 1.176050e-06 1.419535e-02
8 3.401903e-08 4.268840e-02
9 1.140849e-10 2.383823e-03
10 1.381480e-04 9.885881e-02
11 4.798324e-09 5.169405e-03
12 4.391668e-11 1.231082e-03
13 6.213078e-06 2.342984e-01
14 5.753467e-09 7.641179e-03
15 5.513243e-09 3.082518e-03
16 2.584865e-05 2.923064e-02
17 1.467038e-08 1.937193e-03
18 5.159235e-04 4.073840e-01
19 7.008236e-07 8.356271e-03
20 1.880502e-12 1.022714e-03
21 3.134590e-03 1.236959e+00
22 1.832564e-07 5.865794e-03
23 6.359071e-05 4.135958e-02
24 9.801977e-04 5.017587e-01
25 5.142439e-04 2.865785e-01
26 8.752764e-07 4.746458e-03
27 4.603822e-06 2.555232e-02
28 2.413477e-08 3.637201e-03
29 3.220327e-03 8.321325e-01
30 1.357894e-03 8.335437e-01
31 9.632408e-04 2.953560e-01
32 8.500966e-05 3.974658e-02
33 1.435191e-08 1.232557e-03
34 2.636412e-09 1.156790e-03
35 1.219729e-08 3.143087e-03
36 6.710776e-04 6.521009e-01
37 9.932138e-05 1.163259e-01
38 7.953240e-08 8.883465e-03
39 2.156383e-10 1.949635e-03
40 6.572166e-08 3.578938e-03
41 1.252833e-05 2.453016e-02
42 3.416374e-09 5.033558e-03
43 3.167827e-04 4.235245e-01
44 7.182170e-05 9.162032e-02
45 3.139600e-05 1.553881e-01
46 2.480552e-06 1.260327e-02
47 1.934666e-04 2.822016e-01
48 3.110136e-05 1.242158e-01
49 2.990703e-06 1.082148e-02
50 2.333092e-03 9.998428e-01
51 4.264787e-07 1.200369e-02
52 3.712114e-06 2.446038e-02
53 8.014176e-06 1.285932e-02
54 1.694486e-08 9.964971e-03
55 2.499215e-07 5.154587e-03
56 1.419569e-05 9.638512e-03
57 1.487890e-08 1.460247e-02
58 2.010106e-04 2.583102e-01
59 4.796342e-04 1.074363e-01
60 3.378043e-11 1.410654e-03
61 1.625473e-03 1.285324e+00
62 6.118691e-06 3.516811e-02
63 5.188130e-09 1.923776e-03
64 2.706274e-09 4.167682e-03
65 6.260752e-05 4.823971e-02
66 7.566705e-08 4.632704e-03
67 2.905271e-08 7.371727e-03
68 1.036865e-06 8.583438e-03
69 2.148839e-08 1.437328e-03
70 6.152351e-10 1.343169e-03
71 1.293925e-03 3.356139e-01
72 3.531168e-06 2.030272e-02
73 1.245911e-08 4.151850e-03
74 1.706629e-04 2.026093e-01
75 7.311394e-06 1.207617e-02
76 1.401613e-07 2.884051e-03
77 3.931871e-06 3.987757e-02
78 1.192532e-03 5.323683e-01
79 5.778690e-04 3.303107e-01
80 2.692879e-07 2.892018e-03
81 5.170560e-08 1.642508e-03
82 4.074444e-05 7.824877e-03
83 3.337408e-05 3.326055e-02
84 1.996047e-08 1.877702e-03
85 7.888397e-04 1.736862e-01
86 4.101471e-06 7.652323e-03
87 2.559414e-09 2.829393e-03
88 3.318133e-08 1.708380e-03
89 2.021733e-06 2.306583e-02
90 1.662725e-04 2.868875e-01
91 9.500997e-04 4.270796e-01
92 4.300349e-03 1.224669e+00
93 1.248021e-06 1.452937e-02
94 1.722143e-07 4.183590e-03
95 1.458605e-03 1.094794e+00
96 1.022419e-04 3.478551e-02
97 9.701616e-10 3.515201e-02
98 3.713282e-08 3.498876e-03
99 1.011481e-04 3.148412e-02
100 5.192295e-03 1.958454e+00
101 2.805946e-06 5.093104e-03
102 5.961649e-07 1.509695e-02
103 2.716308e-04 4.675089e-01
104 4.862844e-06 4.376920e-02
105 1.446932e-05 6.811574e-02
106 3.252002e-08 8.996438e-03
107 3.694771e-08 2.881481e-03
108 1.134261e-06 1.930807e-02
109 1.006652e-07 5.142581e-03
110 6.726513e-07 1.185706e-02
111 7.718973e-04 8.166400e-01
112 3.054471e-05 1.243919e-01
113 3.566918e-03 9.797809e-01
114 1.246934e-03 5.761238e-01
115 2.089126e-04 1.967971e-01
116 4.343085e-04 4.016521e-01
117 9.444173e-04 3.283667e-01
118 2.910444e-03 8.298181e-01
119 2.949350e-11 4.547740e-03
120 3.915334e-11 3.640479e-03
121 3.561443e-08 1.150319e-02
122 4.303801e-09 1.886638e-03
123 2.072814e-07 6.057178e-03
124 1.993713e-06 1.402728e-02
125 6.142758e-11 3.999722e-03
126 9.720355e-08 6.171223e-03
127 6.211732e-09 9.668628e-03
128 1.472875e-07 7.910186e-03
129 2.959270e-09 4.474319e-03
130 6.607749e-09 3.978526e-03
131 6.959853e-09 5.911115e-03
132 1.249106e-08 4.687761e-03
133 1.560021e-08 7.681494e-03
134 3.518823e-05 2.434721e-02
135 6.616850e-09 4.541843e-03
136 3.022663e-08 4.112618e-03
137 1.192906e-06 1.300849e-02
138 2.455880e-09 9.367515e-03
139 1.307486e-08 8.741342e-03
140 3.915992e-09 5.190091e-03
141 4.380674e-10 3.030576e-03
142 2.909546e-08 3.133418e-03
143 4.678190e-08 6.952795e-03
144 1.047696e-09 8.570750e-03
145 1.880842e-10 4.700494e-03
146 3.116462e-09 6.133255e-03
147 2.978731e-09 6.329861e-03
148 3.923436e-10 7.990652e-03
149 1.701847e-08 4.304923e-03
150 1.181563e-10 3.988114e-03
151 4.304004e-08 1.011146e-02
152 1.098577e-07 5.980199e-03
153 1.580808e-08 2.990448e-03
154 2.210721e-09 3.767177e-03
155 8.002489e-10 3.024378e-03
156 2.039594e-08 3.883586e-03
157 1.239098e-08 4.042283e-03
158 1.209767e-07 4.811796e-03
159 7.636565e-08 5.929511e-03
160 8.862744e-09 5.189389e-03
161 5.313707e-09 3.135281e-03
162 2.988617e-10 3.003930e-03
163 7.239697e-10 3.081676e-03
164 5.720443e-11 1.642619e-03
165 1.360919e-10 1.682322e-03
166 1.170383e-11 1.657502e-03
167 9.982665e-10 2.937971e-03
168 8.961154e-09 3.318541e-03
169 1.873234e-07 6.172725e-03
170 2.214066e-11 1.639733e-03
171 7.166283e-09 3.423248e-03
172 1.058419e-09 3.219822e-03
173 2.563660e-10 1.619454e-03
174 4.151186e-10 3.088055e-03
175 1.972632e-09 3.095428e-03
176 2.253301e-09 2.999432e-03
177 1.929079e-10 1.656929e-03
178 5.050709e-08 2.307431e-03
179 5.238758e-11 1.614981e-03
180 9.497643e-10 3.096247e-03
181 1.415169e-10 2.125498e-03
182 6.294464e-10 3.398106e-03
183 5.006391e-11 1.196616e-03
184 6.395829e-12 1.614904e-03
185 2.201361e-10 1.233355e-03
186 7.646399e-10 2.180184e-03
187 1.714329e-11 1.906959e-03
188 1.994429e-11 1.592575e-03
189 2.502485e-11 1.134016e-03
190 6.594839e-11 1.208940e-03
191 1.306695e-05 2.327308e-02
192 8.132608e-07 4.452525e-03
193 8.102279e-05 7.343802e-02
194 7.686811e-05 6.775028e-02
195 3.170323e-07 7.204934e-03
196 7.831364e-06 1.931239e-02
197 9.926453e-05 1.018541e-01
198 1.396360e-07 6.688446e-03
199 1.208006e-06 1.499829e-02
200 3.080805e-07 1.089999e-02
201 1.123826e-05 2.376444e-02
202 2.401639e-06 2.427772e-02
203 2.603812e-08 3.533654e-03
204 8.799535e-07 6.909780e-03
205 1.741380e-07 8.681959e-03
206 4.800592e-08 3.910894e-03
207 7.386520e-08 9.682681e-03
208 4.333185e-09 3.468966e-03
209 7.785511e-08 8.249664e-03
210 2.411123e-08 4.840232e-03
211 1.487770e-08 2.424256e-03
212 1.960860e-04 7.761118e-02
213 1.480642e-08 2.476556e-03
214 1.407731e-09 4.267803e-03
215 2.763345e-07 5.280862e-03
216 1.964088e-07 8.286737e-03
217 1.622354e-08 2.126637e-03
218 1.711732e-06 2.728894e-02
219 7.154882e-06 2.202563e-02
220 3.040838e-09 3.566454e-03
221 1.173831e-08 4.004173e-03
222 1.170382e-08 7.095590e-03
223 1.382139e-07 9.825157e-03
224 2.488456e-09 3.045358e-03
225 7.656694e-08 5.523565e-03
226 4.931204e-08 3.698502e-03
227 2.856818e-08 4.293218e-03
228 3.241592e-08 5.067822e-03
229 1.521549e-06 1.555995e-02
230 7.330905e-07 8.195612e-03
231 3.927255e-07 6.948634e-03
232 1.055528e-07 5.137195e-03
233 2.544827e-07 6.229478e-03
234 7.857575e-07 5.206450e-03
235 1.633200e-09 4.505194e-03
236 2.718728e-07 5.184800e-03
237 7.033428e-10 3.369227e-03
238 3.684763e-08 5.753540e-03
239 8.021458e-09 3.550835e-03
240 3.454646e-08 3.167997e-03
241 2.836546e-07 4.171804e-03
242 9.824013e-08 5.088905e-03
243 5.594096e-09 3.177503e-03
244 1.976770e-08 4.717064e-03
245 5.484627e-08 5.006120e-03
246 1.069072e-08 3.847497e-03
247 1.397414e-07 4.992593e-03
248 3.986558e-08 2.682669e-03
249 1.080351e-06 8.356381e-03
250 9.025517e-08 4.233866e-03
251 4.302943e-08 2.929151e-03
252 5.179094e-07 7.244535e-03
253 2.810891e-09 3.336418e-03
254 1.785469e-08 4.833353e-03
255 3.662099e-07 6.695256e-03
256 2.348285e-08 2.746639e-03
257 9.719789e-09 3.453461e-03
258 4.890006e-06 8.400130e-03
259 1.622849e-05 2.083856e-02
260 9.463903e-06 1.766621e-02
261 6.804230e-06 1.692232e-02
262 4.519509e-07 6.718258e-03
263 5.167759e-06 1.014410e-02
264 1.842037e-06 2.104075e-02
265 1.689739e-07 7.281060e-03
266 1.898282e-05 2.186251e-02
267 5.885085e-06 4.718483e-02
268 1.823561e-07 2.090277e-02
269 2.218351e-07 3.196636e-02
270 3.683548e-08 4.409328e-03
271 1.490658e-07 7.482477e-03
272 2.971208e-08 6.860020e-03
273 2.186168e-07 4.490624e-03
274 9.856392e-07 5.807167e-03
275 4.114166e-08 8.643258e-03
276 5.052550e-06 3.869894e-02
277 4.055181e-09 3.485912e-03
278 4.083233e-08 2.709534e-03
279 2.794690e-07 1.666278e-02
280 1.731391e-07 6.138138e-03
281 5.224861e-08 8.689144e-03
282 7.564931e-07 1.285803e-02
283 1.089654e-07 3.432824e-03
284 1.175722e-06 9.514989e-03
285 4.280544e-05 3.940394e-02
286 1.600174e-05 4.504882e-02
287 1.066709e-06 7.552511e-03
288 6.194542e-06 1.540742e-02
289 2.362393e-05 4.921933e-02
290 5.278356e-05 7.223048e-02
291 2.846923e-06 8.537638e-03
292 5.115623e-05 2.200552e-02
293 4.079812e-06 1.921692e-02
294 1.414808e-05 2.966092e-02
295 9.681888e-07 1.889592e-02
296 2.247429e-03 2.747467e-01
297 3.913592e-03 9.075132e-01
298 1.038825e-04 4.621744e-02
299 4.414896e-08 4.608022e-03
300 2.412849e-09 4.600959e-03
301 9.410787e-04 2.823504e-01
302 3.854734e-08 5.131391e-03
303 7.586433e-08 3.117461e-03
304 3.644449e-09 2.281747e-03
305 2.062329e-09 2.666774e-03
306 5.676595e-11 2.689721e-03
307 3.100206e-11 2.646542e-03
308 4.931445e-11 2.581897e-03
309 1.626960e-06 6.350684e-03
310 5.459761e-11 3.223252e-03
311 2.251643e-12 2.653570e-03
312 3.846425e-08 2.250679e-03
313 9.953564e-12 2.542544e-03
314 3.366726e-11 2.549022e-03
315 7.101355e-13 2.676365e-03
316 6.305132e-10 2.822441e-03
317 6.588194e-12 1.929810e-03
318 4.162693e-11 1.947589e-03
319 5.583246e-09 2.286326e-03
320 1.201888e-12 2.507136e-03
321 6.345258e-12 1.426056e-03
322 6.992520e-05 8.327203e-02
323 1.884171e-05 9.993108e-02
324 6.801611e-10 9.486948e-03
325 1.240776e-05 1.510289e-02
326 8.682505e-10 3.487209e-03
327 8.152772e-08 2.384720e-02
328 8.545114e-08 9.802612e-03
329 7.102539e-05 1.011474e-01
330 3.759138e-04 6.497402e-01
331 1.177206e-06 3.424842e-02
332 6.383948e-04 2.522016e-01
333 6.677089e-08 5.091575e-03
334 9.275015e-07 1.451218e-02
335 6.052551e-10 8.353908e-03
336 1.192603e-07 1.557215e-02
337 2.106547e-04 1.009621e-01
338 2.885986e-05 2.456062e-02
339 2.359541e-03 5.027678e-01
340 3.714786e-06 6.885830e-03
341 2.112123e-06 6.762964e-03
342 7.770366e-06 2.036085e-02
343 4.735102e-06 4.414715e-02
344 3.505700e-07 4.002165e-03
345 3.414858e-05 9.035552e-03
346 2.304717e-07 2.557314e-03
347 2.173563e-07 2.979362e-03
348 1.368217e-05 1.159379e-02
349 3.188078e-05 1.225121e-02
350 5.636345e-08 3.256647e-03
351 5.612390e-08 2.857935e-03
352 1.904400e-05 3.478884e-03
353 6.465497e-05 9.310888e-03
354 7.068706e-06 4.781171e-03
355 9.326400e-06 4.961691e-03
356 1.635483e-07 2.366984e-03
357 4.298650e-05 1.300029e-02
358 1.920908e-05 2.586050e-02
359 3.508864e-06 7.367769e-03
360 2.294743e-06 6.253772e-03
361 2.223659e-05 4.575465e-02
362 3.484939e-07 2.467172e-03
363 4.105945e-08 3.364873e-03
364 1.904400e-05 3.478884e-03
365 2.234866e-04 3.450898e-02
366 5.477994e-05 1.199322e-02
367 8.995795e-06 1.107413e-02
368 3.188078e-05 1.225121e-02
369 5.761834e-05 9.007990e-02
370 4.886881e-07 1.404125e-02
371 4.646725e-07 1.972421e-02
372 3.024063e-03 1.112128e+00
373 4.465665e-05 1.781164e-01
374 6.132560e-03 1.162744e+00
375 9.431122e-06 2.560390e-02
376 1.210371e-03 3.299829e-01
377 6.125208e-07 9.410738e-03
378 5.768157e-05 3.738024e-02
379 7.888847e-07 9.060519e-03
380 1.456202e-05 1.469646e-02
381 3.393576e-09 1.913097e-03
382 2.931763e-07 1.012960e-02
383 3.601174e-09 1.824300e-03
384 3.693835e-07 8.129068e-03
385 7.217129e-10 4.590663e-03
386 2.031394e-07 6.535562e-03
387 1.899323e-06 1.587539e-02
388 1.398342e-09 2.770173e-03
389 9.622636e-07 6.367311e-03
390 1.004002e-06 4.940233e-03
391 8.863130e-06 3.301336e-02
392 3.944857e-04 3.218552e-02
393 1.042512e-05 1.655357e-02
394 5.247340e-08 3.016911e-03
395 1.153124e-07 8.356056e-03
396 2.204874e-05 3.955114e-02
397 5.524803e-05 1.904215e-02
398 7.174201e-05 4.102241e-02
399 1.774678e-05 1.150161e-02
400 2.496221e-04 4.599111e-02
401 7.016491e-06 9.097117e-03
402 1.426408e-06 7.090260e-03
403 4.014208e-06 9.397110e-03
404 3.003062e-05 1.764815e-02
405 9.176728e-06 1.174167e-02
406 1.800843e-06 8.933439e-03
407 2.947483e-07 4.574653e-03
408 4.962629e-06 1.050928e-02
409 1.257531e-02 8.665327e-01
410 5.447424e-05 2.321246e-02
411 1.802604e-05 1.939347e-02
412 2.402985e-04 8.069148e-02
413 3.100413e-06 8.280745e-03
414 3.581778e-06 9.922097e-03
415 3.068343e-06 6.139116e-03
416 1.857047e-06 6.824852e-03
417 2.723170e-06 9.983436e-03
418 3.468787e-04 1.442694e-01
419 1.376842e-04 1.755544e-01
420 3.022713e-04 8.449346e-02
421 1.622022e-05 2.248905e-02
422 1.555631e-05 3.193323e-02
423 3.098344e-04 1.183103e-01
424 1.477617e-03 3.009563e-01
425 2.807819e-04 1.394058e-01
426 2.248635e-05 4.808851e-02
427 1.033816e-03 2.969272e-01
428 9.524406e-05 4.498042e-02
429 6.239254e-05 3.468154e-02
430 1.310189e-04 5.393023e-02
431 2.265288e-04 7.992219e-02
432 4.574693e-05 2.959436e-02
433 3.095056e-05 2.468399e-02
434 1.604370e-04 5.320529e-02
435 2.492393e-05 5.235445e-02
436 1.044499e-04 4.581843e-02
437 1.058411e-04 4.480430e-02
438 1.212339e-05 2.889889e-02
439 1.384613e-03 4.001352e-01
440 2.543236e-05 3.322027e-02
441 2.111703e-05 2.268935e-02
442 5.909196e-05 9.358304e-02
443 1.105010e-05 2.592283e-02
444 1.409111e-03 5.560659e-01
445 4.587138e-04 2.393134e-01
446 8.263266e-12 9.154250e-04
447 6.450136e-13 1.224538e-03
448 4.938668e-13 9.088609e-04
449 2.578035e-13 9.125942e-04
450 1.538290e-12 9.935043e-04
451 7.283256e-10 1.782285e-03
452 1.717873e-11 1.227391e-03
453 2.451534e-10 1.122172e-03
454 7.347200e-12 1.245292e-03
455 7.784882e-11 1.251105e-03
456 1.032688e-12 1.031946e-03
457 1.561401e-14 9.244453e-04
458 2.551893e-11 1.233128e-03
459 5.441253e-07 1.454667e-02
460 4.009130e-11 2.593578e-03
461 8.718738e-13 1.054475e-03
462 2.963575e-10 2.965563e-03
463 1.114182e-10 1.127620e-03
464 2.399114e-11 1.328802e-03
465 3.875413e-12 1.151013e-03
466 5.547182e-12 1.381003e-03
467 9.533440e-12 1.082766e-03
468 2.834433e-12 1.091935e-03
469 2.531276e-11 1.325869e-03
470 2.773500e-11 1.754954e-03
471 5.509286e-12 1.218722e-03
472 1.389425e-12 1.118994e-03
473 5.584285e-12 1.318778e-03
474 1.919924e-12 1.048071e-03
475 6.143258e-11 1.316115e-03
476 5.276162e-10 1.412658e-03
477 7.949003e-07 3.249891e-03
478 1.797698e-07 7.853410e-03
479 7.216944e-10 1.574797e-03
480 4.518528e-10 2.067406e-03
481 4.687576e-11 1.859010e-03
482 7.220064e-11 2.108259e-03
483 4.263975e-11 2.060982e-03
484 3.933583e-08 2.120898e-03
485 4.640552e-10 1.759973e-03
486 8.783111e-06 1.441243e-02
487 5.492424e-10 1.487541e-03
488 1.184654e-06 9.460385e-03
489 2.461512e-03 6.096686e-01
490 6.074106e-06 7.394584e-03
491 2.272787e-06 9.009771e-03
492 3.804752e-06 5.980301e-03
493 1.833034e-06 6.913248e-03
494 8.175551e-09 6.450413e-03
495 8.941989e-08 4.946982e-03
496 2.097929e-04 4.183101e-02
497 8.636291e-05 5.136415e-02
498 6.573321e-06 8.619777e-03
499 3.704021e-08 7.826534e-03
500 1.132516e-08 5.141520e-03
501 1.901577e-05 9.472491e-03
502 3.566534e-03 4.397945e-01
503 4.956137e-05 1.221118e-02
504 8.840651e-05 1.413821e-02
505 1.288929e-06 7.281133e-03
506 1.097080e-04 4.345001e-02
507 5.947717e-05 3.217418e-02
508 1.282765e-05 1.323561e-02
509 1.471555e-08 8.605762e-03
510 1.139395e-05 1.247204e-02
511 2.377052e-06 6.337072e-03
512 8.642291e-07 8.251326e-03
513 6.352397e-06 8.448780e-03
514 1.652960e-03 1.035174e+00
515 8.746778e-08 6.978444e-03
516 1.641304e-08 6.855598e-03
517 1.492726e-06 1.391757e-02
518 3.952871e-08 6.907892e-03
519 9.609458e-07 2.335994e-02
520 7.277453e-07 1.864904e-02
521 3.408516e-05 3.104466e-02
522 2.166598e-05 2.909325e-02
523 1.421639e-05 2.790813e-02
524 2.009673e-07 1.308922e-02
525 7.414887e-07 8.217218e-03
526 3.065923e-06 2.399667e-02
527 4.027270e-07 9.856921e-03
528 4.099245e-08 5.986067e-03
529 1.133749e-06 1.765213e-02
530 2.438530e-07 5.156315e-03
531 2.000141e-07 7.296931e-03
532 1.902058e-06 1.893992e-02
533 6.087109e-07 1.255101e-02
534 1.966899e-07 1.145010e-02
535 6.989332e-07 1.237758e-02
536 1.889497e-05 4.083469e-02
537 1.427514e-06 2.494792e-02
538 4.032887e-07 1.261046e-02
539 1.017235e-05 2.626617e-02
540 2.738309e-06 2.292286e-02
541 4.170861e-06 2.560149e-02
542 6.981097e-04 2.862408e-01
543 5.390278e-07 1.908063e-02
544 4.721510e-07 7.504674e-03
545 5.005392e-07 7.442576e-03
546 5.622978e-07 6.071097e-03
547 1.375211e-10 2.494628e-03
548 2.273144e-09 3.022905e-03
549 7.134763e-09 1.591028e-03
550 7.947748e-07 5.600639e-03
551 3.709651e-08 2.644918e-03
552 2.675818e-07 1.889066e-02
553 8.778552e-06 3.267636e-02
554 3.799067e-06 9.366488e-03
555 7.417751e-07 1.191784e-02
556 7.840904e-08 3.016334e-03
557 6.433896e-08 3.779320e-03
558 2.075020e-06 1.199377e-02
559 1.431362e-08 2.470354e-03
560 1.517191e-07 3.987227e-03
561 8.883824e-08 3.161198e-03
562 1.526538e-07 3.408568e-03
563 1.607249e-08 4.790040e-03
564 8.360556e-08 3.256777e-03
565 6.447941e-07 1.438098e-02
566 4.435841e-06 5.877598e-03
567 4.735961e-05 8.529972e-02
568 1.205585e-04 3.268678e-02
569 1.389357e-04 9.734885e-02
570 2.068731e-05 1.531055e-02
571 3.405750e-05 1.085680e-02
572 2.394399e-04 4.474849e-02
573 1.593982e-05 8.330373e-03
574 2.037201e-04 4.243679e-02
575 4.215211e-05 1.213011e-02
576 4.680307e-05 2.000523e-02
577 1.249563e-05 1.290288e-02
578 4.972821e-06 1.006183e-02
579 2.523936e-03 8.407136e-01
580 1.096818e-04 3.801358e-02
581 1.336667e-05 5.559750e-03
582 1.898751e-04 7.553999e-02
583 1.532775e-05 1.162567e-02
584 5.363904e-05 1.795620e-02
585 8.876092e-05 8.140521e-02
586 1.464499e-06 1.275500e-02
587 4.997868e-06 1.343654e-02
588 4.780554e-07 1.022547e-02
589 1.175375e-06 2.658785e-03
590 3.670453e-03 5.406489e-01
591 6.062808e-04 1.576172e-01
592 1.203110e-07 6.356550e-03
593 1.419877e-05 1.864919e-02
594 2.926855e-04 4.737820e-02
595 5.944919e-08 6.662932e-03
596 3.195984e-03 1.156907e+00
597 4.657265e-12 1.912640e-03
598 2.860523e-10 1.969113e-03
599 4.621958e-10 1.938503e-03
600 1.247350e-09 2.062502e-03
601 1.920579e-09 3.034028e-03
602 2.800712e-10 2.563976e-03
603 7.474990e-10 3.254313e-03
604 6.540153e-12 1.931493e-03
605 1.690515e-09 2.078737e-03
606 2.887137e-11 1.932133e-03
607 1.936256e-11 1.777693e-03
608 2.367410e-11 2.031260e-03
609 1.774731e-06 1.310960e-02
610 1.944393e-07 4.337944e-03
611 1.204860e-03 3.465531e-01
612 1.199308e-06 2.576044e-02
613 7.052163e-06 1.931353e-02
614 1.216307e-06 2.650356e-02
615 9.377739e-08 1.035468e-02
616 2.867871e-10 3.281133e-03
617 9.455628e-06 1.386318e-02
618 5.736033e-09 4.233230e-03
619 1.959059e-08 5.034183e-03
620 3.065161e-09 5.448500e-03
621 1.545216e-04 7.440939e-02
622 7.649603e-09 5.944527e-03
623 2.382012e-09 7.249749e-03
624 5.606393e-08 6.036228e-03
625 4.285500e-08 4.562523e-03
626 4.546250e-03 8.879626e-01
627 1.272088e-07 5.037561e-03
628 3.550399e-07 1.267749e-02
629 1.065026e-04 6.520093e-02
630 3.641215e-04 4.566062e-02
631 3.653742e-05 2.990515e-02
632 3.865765e-06 3.897386e-02
633 2.413107e-09 6.070426e-03
634 1.405841e-07 5.303835e-03
635 9.349350e-08 5.179028e-03
636 1.406366e-07 7.262916e-03
637 1.227131e-06 1.372595e-02
638 4.976123e-09 8.794763e-03
639 1.289849e-07 1.532918e-02
640 3.288101e-08 4.771890e-03
641 2.489427e-08 5.578523e-03
642 2.843890e-08 6.948652e-03
643 3.313790e-06 3.499001e-02
644 3.997519e-06 6.454524e-03
645 1.224121e-06 1.252064e-02
646 2.449435e-07 1.908078e-02
647 3.376353e-07 7.628704e-03
648 1.758334e-06 2.670711e-02
649 7.608873e-08 1.060543e-02
650 2.794587e-08 5.742653e-03
651 1.256307e-08 6.389545e-03
652 1.005557e-07 7.582842e-03
653 3.526954e-04 4.574273e-01
654 1.123154e-04 9.021315e-02
655 9.488879e-09 2.905524e-03
656 2.788921e-05 3.273435e-02
657 3.984764e-03 8.198463e-01
658 1.353411e-05 2.561910e-02
659 4.552126e-07 1.341359e-02
660 2.398133e-06 1.396333e-02
661 2.326873e-06 3.506298e-02
662 5.996920e-05 2.311817e-01
663 1.076419e-06 1.401448e-02
664 1.389768e-06 1.462365e-02
665 1.359499e-06 1.671013e-02
666 2.508038e-05 3.209540e-02
667 2.657074e-05 1.989168e-02
668 2.756493e-07 7.043226e-03
669 2.019180e-06 2.997455e-02
670 6.383396e-05 4.953600e-02
671 5.717304e-05 4.142681e-02
672 1.401070e-07 6.957477e-03
673 3.307072e-05 1.712731e-01
674 1.743844e-06 7.490818e-03
675 8.316210e-04 2.520577e-01
676 1.052294e-07 1.670072e-02
677 5.882559e-05 4.184329e-02
678 2.438364e-08 8.054405e-03
679 2.491455e-04 1.341136e-01
680 4.121442e-09 3.444582e-03
681 2.835330e-07 1.337215e-02
682 2.628208e-03 1.095766e+00
683 1.189529e-06 1.578944e-02
684 2.415244e-03 4.783799e-01
685 4.990739e-08 8.813051e-03
686 2.188967e-04 3.828330e-01
687 1.293106e-06 7.991626e-03
688 8.287117e-08 8.273409e-03
689 8.720235e-08 9.032447e-03
690 1.866887e-06 1.466551e-02
691 1.617897e-07 1.520638e-02
692 1.598163e-07 1.188018e-02
693 4.350449e-07 9.413109e-03
694 1.826857e-06 6.102452e-03
695 3.373665e-06 9.893627e-03
696 2.027071e-04 1.526888e-01
697 4.016136e-06 8.180738e-02
698 1.304620e-04 1.868890e-01
699 8.616411e-07 1.675366e-02
700 2.086328e-04 4.925388e-02
701 1.685472e-06 9.531650e-03
702 7.413576e-06 1.695299e-02
703 3.724820e-07 7.296535e-03
704 2.209545e-04 7.671969e-02
705 5.953431e-05 2.070322e-02
706 1.269146e-05 1.669789e-02
707 2.156405e-05 1.113761e-02
708 2.478897e-03 5.733386e-01
709 7.126186e-06 2.474966e-02
710 1.076631e-03 2.552564e-01
711 1.882935e-04 1.066246e-01
712 1.070112e-04 4.419007e-02
713 2.371717e-05 3.691475e-02
714 3.159157e-06 2.051001e-02
715 5.284894e-08 6.489850e-03
716 1.110310e-06 1.818397e-02
717 1.519517e-05 3.325939e-02
718 9.029041e-06 1.400914e-02
719 8.581364e-06 1.278570e-02
720 1.749600e-05 2.216974e-02
721 4.340134e-04 7.765589e-02
722 9.063555e-05 4.161369e-02
723 3.267552e-04 1.072700e-01
724 8.899358e-08 6.891947e-03
725 2.517530e-06 7.518600e-03
726 2.023861e-06 1.234047e-02
727 7.795871e-04 5.074919e-01
728 5.076809e-07 1.273194e-02
729 3.846982e-06 1.434233e-02
730 9.025123e-06 1.842978e-02
731 3.696438e-06 6.933737e-03
732 3.167789e-05 9.730521e-03
733 4.219490e-07 1.045266e-02
734 1.396613e-05 1.514796e-02
735 1.108679e-04 1.944141e-02
736 6.861260e-07 1.994467e-02
737 2.687533e-03 3.982346e-01
738 6.042839e-06 5.288893e-02
739 4.330547e-06 1.205619e-02
740 1.391982e-05 1.540381e-02
741 5.138337e-06 1.036519e-02
742 7.646641e-05 6.723960e-02
743 2.973661e-04 3.009616e-02
744 1.412740e-04 4.781242e-02
745 5.407572e-05 5.766896e-02
746 6.058728e-06 1.053469e-02
747 4.861528e-05 1.729050e-02
748 7.173254e-08 6.039118e-03
749 2.868725e-06 2.873052e-02
750 3.072989e-05 6.936451e-02
751 3.209291e-07 8.214264e-03
752 4.339940e-07 1.138627e-02
753 1.268668e-03 3.479821e-01
754 3.581723e-05 2.181620e-02
755 7.979396e-05 7.743197e-02
756 5.962107e-07 1.081391e-02
757 1.683210e-04 1.018310e-01
758 2.255428e-07 5.478439e-03
759 1.469898e-05 3.257989e-02
760 8.666888e-04 2.775939e-01
761 6.531412e-04 2.213417e-01
762 1.150682e-07 9.896347e-03
763 5.951424e-07 1.175897e-02
764 2.282524e-07 1.091636e-02
765 6.778315e-04 4.281008e-01
766 3.663074e-04 6.273868e-01
767 1.200021e-03 3.631934e-01
768 8.215619e-04 4.830697e-01
769 1.494545e-07 1.124936e-02
770 1.459982e-07 5.042048e-03
771 2.243734e-07 4.900800e-03
772 1.990587e-07 4.759781e-03
773 3.794672e-05 1.383520e-01
774 6.129231e-07 6.614585e-03
775 4.006463e-06 1.171460e-02
776 5.612783e-07 5.727378e-03
777 3.525687e-08 1.023222e-02
778 9.785323e-04 1.790943e-01
779 2.973866e-08 8.941205e-03
780 9.105676e-07 6.377954e-03
781 1.005114e-08 5.346253e-03
782 4.324258e-08 2.404900e-03
783 1.831870e-08 3.592300e-03
784 2.248226e-06 1.863554e-02
785 7.315510e-06 1.394036e-02
786 9.782125e-07 8.048103e-03
787 4.993066e-07 9.529117e-03
788 3.968588e-08 1.146948e-02
789 2.535568e-08 8.424745e-03
790 2.641834e-05 1.030371e-01
791 1.258498e-07 4.326753e-03
792 2.285851e-08 1.031609e-02
793 4.071960e-06 1.393531e-02
794 6.615147e-04 2.918544e-01
795 4.029321e-06 1.753950e-02
796 9.514302e-08 6.025113e-03
797 7.964162e-06 9.327560e-02
798 2.692758e-08 7.391015e-03
799 1.582003e-04 1.035802e-01
800 1.277037e-06 1.879742e-02
801 3.997022e-07 1.085006e-02
802 4.807614e-04 1.581831e-01
803 5.481211e-04 5.025026e-01
804 3.625217e-08 1.071837e-02
805 9.564640e-05 5.508485e-02
806 1.520824e-05 1.338577e-01
807 8.521258e-06 5.384782e-02
808 5.268991e-08 5.943641e-03
809 3.654353e-07 2.379536e-02
810 1.017026e-08 2.326834e-03
811 1.020834e-05 1.739903e-02
812 1.335953e-07 4.285792e-03
813 2.935825e-05 3.973183e-02
814 7.989125e-07 1.369855e-02
815 3.927326e-07 1.596576e-02
816 1.519823e-03 3.768860e-01
817 1.012727e-04 1.044220e-01
818 1.225971e-08 9.982762e-03
819 7.756908e-07 1.304198e-02
820 1.640829e-06 3.731526e-02
821 7.898971e-06 4.185141e-02
822 2.932126e-06 3.378524e-02
823 3.503654e-05 1.188835e-01
824 2.479118e-03 7.928332e-01
825 2.850732e-03 7.956256e-01
826 1.319311e-03 3.735465e-01
827 3.794441e-04 1.928892e-01
828 2.733508e-04 7.533784e-01
829 3.338105e-03 8.021888e-01
830 4.050770e-05 1.327238e-02
831 4.450027e-07 4.743805e-03
832 6.226042e-07 5.191701e-03
833 2.008108e-06 1.106161e-02
834 2.745484e-06 6.852681e-03
835 2.226722e-06 6.896597e-03
836 3.630161e-06 5.125359e-03
837 3.288575e-06 9.543095e-03
838 1.561504e-05 8.462178e-03
839 4.112479e-07 5.012930e-03
840 8.666331e-06 1.903958e-02
841 1.197424e-06 7.238205e-03
842 1.218395e-06 8.610985e-03
843 3.446130e-07 9.827514e-03
844 2.262717e-06 1.976128e-02
845 9.506777e-05 4.334627e-02
846 8.804676e-05 7.089748e-02
847 3.130715e-06 8.273655e-03
848 4.921772e-06 1.378468e-02
849 1.895069e-04 6.670503e-02
850 5.523676e-07 6.199021e-03
851 4.111956e-05 6.785248e-02
852 5.038060e-07 6.377083e-03
853 1.404466e-04 2.173370e-02
854 7.167945e-07 5.896214e-03
855 1.292975e-05 1.780477e-02
856 1.106607e-09 1.482487e-03
857 2.025110e-09 1.302621e-03
858 4.093660e-09 2.049744e-03
859 1.347099e-09 1.499211e-03
860 4.380175e-05 1.264598e-01
861 3.924960e-08 6.856317e-03
862 2.666580e-08 1.593355e-03
863 3.239555e-09 1.539763e-03
864 1.879425e-09 1.394005e-03
865 2.294207e-09 1.574158e-03
866 5.517115e-09 2.066795e-03
867 3.662490e-08 1.723101e-03
868 5.195114e-10 1.362991e-03
869 6.675295e-10 1.627120e-03
870 4.858239e-09 1.532932e-03
871 9.692714e-10 1.394038e-03
872 6.584975e-09 1.880976e-03
873 9.620090e-09 1.418639e-03
874 6.374505e-09 1.404893e-03
875 7.059009e-04 2.779391e-01
876 7.352120e-11 1.443972e-03
877 7.509185e-09 1.457124e-03
878 2.605424e-09 1.900843e-03
879 1.707367e-09 1.352726e-03
880 3.844185e-09 1.371667e-03
881 3.110267e-10 1.397966e-03
882 4.143827e-09 1.821591e-03
883 4.979700e-09 1.760549e-03
884 2.252018e-08 1.478157e-03
885 5.738893e-09 1.567670e-03
886 5.650626e-07 6.615489e-03
887 2.294714e-06 9.558895e-03
888 1.446600e-07 1.155792e-02
889 4.327747e-05 9.960970e-02
890 9.452672e-08 1.986930e-02
891 1.554398e-05 9.211315e-02
892 1.809030e-04 1.637517e-01
893 4.354617e-07 5.675165e-03
894 5.473552e-07 3.804072e-03
895 9.598856e-07 8.535882e-03
896 4.226050e-07 1.494349e-02
897 7.499619e-04 7.876371e-01
898 9.768844e-07 1.914971e-02
899 2.468196e-05 7.992582e-02
900 3.385194e-06 9.069517e-03
901 5.272879e-06 9.143521e-03
902 6.990552e-07 9.144853e-03
903 4.795317e-08 6.137283e-03
904 8.732079e-05 1.175989e-01
905 4.953487e-07 2.008048e-02
906 7.277901e-05 5.252648e-02
907 1.584812e-03 1.067174e+00
908 3.359768e-08 2.764111e-03
909 5.037363e-07 3.194365e-03
910 6.757549e-09 1.579087e-03
911 2.751456e-05 8.342717e-03
912 2.021591e-07 5.064745e-03
913 1.472614e-08 1.723915e-03
914 7.115894e-08 4.918627e-03
915 1.916008e-06 3.747396e-03
916 1.924880e-04 1.416446e-01
917 2.093624e-08 2.133993e-03
918 3.561841e-09 1.783400e-03
919 3.373321e-09 1.394520e-03
920 3.187401e-08 2.529826e-03
921 2.863102e-10 1.059938e-03
922 5.349296e-09 1.428951e-03
923 1.767068e-04 8.300840e-02
924 2.928562e-06 1.753040e-02
925 1.353706e-08 1.069457e-03
926 8.944431e-06 1.483976e-02
927 5.837320e-09 1.325721e-03
928 4.653667e-07 4.119749e-03
929 1.997442e-06 1.052977e-02
930 8.357797e-08 3.657329e-03
931 2.677881e-07 3.838319e-03
932 4.143527e-10 1.484662e-03
933 6.721864e-09 1.825477e-03
934 2.088107e-06 1.186949e-02
935 2.707032e-08 1.864503e-03
936 2.147375e-09 1.194905e-03
937 1.154901e-07 2.943776e-03
938 1.531005e-08 1.797013e-03
939 8.277583e-07 3.590093e-03
940 3.645348e-07 6.492400e-03
941 7.138753e-08 5.571888e-03
942 3.014793e-08 1.630686e-03
943 6.918702e-07 2.226945e-03
944 4.695375e-05 1.016726e-02
945 1.028637e-08 2.265316e-03
946 1.947932e-06 6.514526e-03
947 3.788932e-06 3.167638e-02
948 1.375588e-07 6.928920e-03
949 1.306896e-06 1.063316e-02
950 1.239049e-07 7.918658e-03
951 7.026979e-08 1.593269e-02
952 2.310636e-05 2.123915e-02
953 7.922188e-09 8.945586e-03
954 1.130853e-08 3.086803e-03
955 6.508312e-06 3.716852e-02
956 2.309307e-09 3.053837e-03
957 1.418891e-08 8.411557e-03
958 1.054072e-07 6.815232e-03
959 1.897980e-05 5.118185e-02
960 3.980191e-07 1.913290e-02
961 1.029947e-06 9.846661e-03
962 4.932958e-07 1.271224e-02
963 6.301130e-09 3.842745e-03
964 2.881798e-06 4.120044e-02
965 1.171855e-08 5.412041e-03
966 1.195446e-04 1.148379e-01
967 2.941375e-05 5.877405e-02
968 2.911621e-07 4.765468e-03
969 8.657939e-08 8.094215e-03
970 2.621124e-07 1.675685e-02
971 8.734991e-08 3.117087e-03
972 2.710354e-07 7.554881e-03
973 2.916853e-08 9.423042e-03
974 3.734011e-08 3.280915e-03
975 6.497826e-06 7.217282e-03
976 4.116529e-04 2.693691e-01
977 6.892257e-06 7.472091e-03
978 1.968839e-05 1.824441e-02
979 5.733782e-08 2.839142e-03
980 1.048634e-08 1.233755e-03
981 2.621793e-08 4.099738e-03
982 5.901631e-07 8.042665e-03
983 4.064478e-07 3.806835e-03
984 3.853285e-06 1.006588e-02
985 6.094089e-07 4.108727e-03
986 3.477886e-07 4.128595e-03
987 1.443639e-08 1.271987e-03
988 6.886149e-08 2.519083e-03
989 2.199844e-06 9.429234e-03
990 3.170179e-07 3.794615e-03
991 1.339768e-06 7.249886e-03
992 1.741017e-07 2.348624e-03
993 4.756185e-08 2.446631e-03
994 1.679675e-08 2.150706e-03
995 1.980819e-06 3.825336e-03
996 5.861540e-07 3.236658e-03
997 1.145398e-03 1.417995e-01
998 8.143556e-07 6.070420e-03
999 2.156495e-06 4.922130e-03
1000 1.554853e-07 1.902315e-03
1001 1.245079e-08 1.574807e-03
1002 6.988845e-07 5.878349e-03
1003 1.475710e-08 1.779754e-03
1004 3.071156e-06 5.559985e-03
1005 8.329164e-08 2.919480e-03
1006 1.898517e-05 1.310764e-02
1007 2.345181e-08 2.926802e-03
1008 7.668667e-06 8.216531e-03
1009 2.095936e-08 4.060311e-03
1010 5.479213e-08 2.858086e-03
1011 2.256009e-07 3.711778e-03
1012 1.451309e-06 3.813079e-03
1013 4.842583e-09 2.067212e-03
1014 1.068485e-07 3.437555e-03
1015 2.797622e-09 2.130911e-03
1016 1.061959e-06 3.050547e-03
1017 9.570423e-08 1.788945e-03
1018 5.867278e-08 2.891899e-03
1019 1.111256e-08 4.401011e-03
1020 9.320804e-09 1.749250e-03
1021 4.501118e-06 7.328340e-03
1022 1.799529e-09 1.165911e-03
1023 4.281627e-07 2.083256e-03
1024 3.629789e-09 1.399140e-03
1025 5.852032e-07 2.409191e-03
1026 1.086335e-03 8.396351e-01
1027 2.235844e-04 1.144759e-01
1028 1.481568e-04 8.049220e-02
1029 7.989088e-05 9.909488e-02
1030 1.534974e-04 3.202244e-01
1031 2.763551e-03 6.172536e-01
1032 6.418699e-07 7.848038e-03
1033 6.473218e-06 1.933644e-02
1034 4.449154e-04 2.472047e-01
1035 1.303569e-06 4.528294e-03
1036 5.495190e-07 9.679101e-03
1037 5.855164e-05 3.091691e-02
1038 4.795762e-07 3.110157e-03
1039 6.127082e-06 1.619200e-02
1040 1.961876e-06 9.356132e-03
1041 6.549541e-06 2.606021e-02
1042 1.219550e-07 1.084163e-02
1043 1.322551e-06 1.634653e-02
1044 6.646858e-08 1.706170e-02
1045 4.913105e-07 7.605114e-03
1046 1.160686e-04 7.520406e-02
1047 5.874695e-04 1.955206e-01
1048 2.335506e-04 1.100490e-01
1049 6.814901e-07 8.976175e-03
1050 2.293721e-04 4.696201e-01
1051 1.158590e-03 3.284237e-01
1052 2.523233e-09 1.227291e-03
1053 3.477580e-09 1.821508e-03
1054 7.681223e-05 7.603978e-02
1055 7.053581e-11 1.556029e-03
1056 6.955167e-10 4.673038e-03
1057 1.958228e-08 2.140000e-03
1058 2.473586e-08 2.027134e-03
1059 2.917664e-11 1.031697e-03
1060 2.266772e-11 9.550871e-04
1061 5.033871e-06 3.287440e-03
1062 4.053017e-10 1.812599e-03
1063 7.975337e-08 3.811058e-03
1064 1.670312e-03 2.317466e-01
1065 1.281007e-05 1.669605e-02
1066 8.811526e-11 1.577866e-03
1067 1.479039e-10 1.439757e-03
1068 7.778686e-12 1.465210e-03
1069 2.920136e-11 1.614063e-03
1070 5.418426e-08 1.408785e-02
1071 1.637761e-07 5.308531e-03
1072 4.491893e-07 3.319829e-03
1073 4.733386e-07 1.936465e-02
1074 8.642629e-10 1.055237e-03
1075 3.939771e-06 2.611628e-02
1076 1.511884e-06 6.076741e-03
1077 3.637226e-06 1.645597e-02
1078 3.284238e-10 1.632467e-03
1079 2.436477e-07 5.826173e-03
1080 5.055359e-08 1.584350e-03
1081 2.345205e-11 1.460188e-03
1082 6.184787e-10 1.485764e-03
1083 1.051882e-08 1.830511e-03
1084 1.886656e-10 1.228486e-03
1085 1.390922e-08 4.319759e-03
1086 8.755448e-10 1.240014e-03
1087 5.955717e-10 1.369640e-03
1088 2.469807e-10 4.681292e-03
1089 1.585085e-09 1.234692e-03
1090 1.658216e-10 1.195622e-03
1091 1.061689e-09 1.229199e-03
1092 7.742043e-04 6.027991e-01
1093 2.315618e-08 1.876947e-02
1094 3.735494e-08 1.384684e-02
1095 3.483171e-10 1.692914e-03
1096 8.586549e-12 1.481496e-03
1097 3.305601e-10 4.826484e-03
1098 1.807949e-07 7.866399e-03
1099 7.592202e-09 3.261459e-03
1100 4.701706e-09 2.808227e-03
1101 2.681484e-07 5.081543e-03
1102 1.128910e-09 3.181515e-03
1103 3.415573e-09 2.754751e-03
1104 1.512896e-05 6.987018e-02
1105 3.812388e-10 1.530137e-03
1106 4.830519e-11 2.235588e-03
1107 2.321583e-10 3.128523e-03
1108 1.800131e-09 1.737702e-03
1109 2.857113e-10 2.022641e-03
1110 1.582739e-08 4.734605e-03
1111 1.962561e-10 3.955467e-03
1112 5.099552e-06 4.037054e-02
1113 4.850956e-07 1.747819e-02
1114 4.372505e-09 2.057316e-03
1115 1.206686e-05 3.605841e-02
1116 2.279353e-11 1.479020e-03
1117 2.740347e-09 1.611574e-03
1118 3.385826e-07 6.709976e-03
1119 8.261183e-07 2.379217e-02
1120 3.974996e-08 4.051190e-03
1121 8.516909e-08 6.861675e-03
1122 7.834705e-08 4.108202e-03
1123 3.873453e-08 2.487566e-03
1124 9.912876e-08 3.794935e-03
1125 2.711422e-07 4.737038e-03
1126 9.913596e-08 5.130977e-03
1127 3.987116e-08 3.880718e-03
1128 4.420197e-07 4.627841e-03
1129 4.355158e-08 3.319513e-03
1130 7.491365e-07 5.187888e-03
1131 1.715992e-04 7.299623e-02
1132 3.389977e-04 2.402669e-01
1133 4.481374e-05 4.532059e-02
1134 2.737811e-07 9.186038e-03
1135 6.825716e-07 2.466992e-03
1136 8.191161e-07 4.877420e-03
1137 1.758576e-06 5.577254e-03
1138 7.918808e-06 1.493619e-02
1139 3.119239e-08 5.257623e-03
1140 1.065200e-03 2.989681e-01
1141 8.133010e-05 3.974128e-02
1142 4.566132e-06 9.548768e-03
1143 5.541301e-07 6.803450e-03
1144 6.625372e-06 3.757157e-02
1145 8.200180e-08 9.211171e-03
1146 2.040460e-04 9.413870e-02
1147 1.459889e-05 4.475631e-02
1148 9.347230e-05 2.658302e-02
1149 7.227191e-06 1.252280e-02
1150 1.194630e-06 1.181321e-02
1151 6.797703e-05 2.622600e-02
1152 1.785933e-06 6.552045e-03
1153 1.528947e-06 4.861545e-03
1154 1.163250e-05 1.362587e-02
1155 2.570930e-05 2.782184e-02
1156 3.663067e-04 5.155334e-02
1157 2.405332e-04 8.747117e-02
1158 3.773702e-06 1.529485e-02
1159 8.094167e-04 2.249812e-01
1160 1.668620e-05 1.304459e-02
1161 2.557432e-07 7.565156e-03
1162 3.335044e-05 5.368697e-02
1163 1.198113e-03 3.065635e-01
1164 7.037128e-05 3.267889e-02
1165 1.906503e-04 3.426419e-02
1166 2.851375e-05 5.231075e-02
1167 6.751264e-05 4.374111e-02
1168 1.006848e-04 3.620409e-02
1169 2.928149e-04 6.275420e-02
1170 1.362303e-04 4.593377e-02
1171 2.811420e-05 1.011514e-02
1172 2.387996e-06 2.616660e-02
1173 1.607225e-03 3.249091e-01
1174 6.033827e-04 2.420977e-01
1175 1.101382e-05 4.016492e-02
1176 5.136742e-03 2.284224e+00
1177 6.660646e-08 3.119009e-03
1178 2.971199e-05 3.677035e-02
1179 3.963823e-06 2.436497e-02
1180 1.881091e-04 1.103945e-01
1181 4.648650e-05 2.554298e-02
1182 1.482318e-04 7.372420e-02
1183 1.560314e-04 3.826795e-02
1184 2.147167e-03 2.544757e-01
1185 8.172589e-04 2.384202e-01
1186 5.988025e-05 3.351699e-02
1187 6.619308e-07 9.482064e-03
1188 6.665391e-06 1.084934e-02
1189 8.771652e-05 4.890402e-02
1190 1.062335e-03 2.974396e-01
1191 2.090940e-04 4.670434e-02
1192 1.564433e-04 1.144012e-01
1193 8.073707e-05 4.794550e-02
1194 5.318658e-04 2.243985e-01
1195 4.371326e-04 1.003500e-01
1196 8.167055e-04 2.280770e-01
1197 3.896409e-04 8.449722e-02
1198 1.212631e-05 2.958249e-02
1199 4.241686e-04 9.505632e-02
1200 2.781483e-04 2.043216e-01
1201 5.658539e-06 2.854137e-02
1202 2.417607e-06 1.654211e-02
1203 5.883835e-04 6.605354e-02
1204 1.629818e-04 8.905552e-02
1205 5.103097e-09 4.862214e-03
1206 3.293465e-07 1.822335e-02
1207 3.565085e-08 3.646580e-03
1208 2.812508e-04 1.220622e-01
1209 3.081805e-07 9.017752e-03
1210 2.326991e-09 8.345695e-03
1211 1.747851e-08 3.599918e-03
1212 2.425255e-06 6.143771e-03
1213 3.602061e-07 7.558936e-03
1214 1.652261e-06 9.398584e-03
1215 3.242349e-07 3.471357e-02
1216 9.432297e-11 4.242215e-03
1217 1.913131e-05 2.713768e-01
1218 6.542423e-07 6.831258e-03
1219 1.195947e-08 1.287336e-03
1220 3.123539e-08 3.408811e-03
1221 3.181865e-07 8.542816e-03
1222 3.370521e-03 4.536538e-01
1223 5.185719e-08 2.077384e-03
1224 7.754095e-07 2.339779e-03
1225 1.159285e-04 8.702307e-02
1226 2.711987e-09 2.310046e-03
1227 1.064988e-03 5.710606e-01
1228 4.912755e-06 1.133572e-02
1229 7.052327e-09 1.269409e-03
1230 3.943682e-07 2.729155e-03
1231 3.773677e-07 1.883808e-03
1232 4.743332e-09 2.023283e-03
1233 2.463042e-08 2.255094e-03
1234 1.407673e-05 7.344577e-03
1235 1.546538e-08 2.560030e-03
1236 1.982934e-07 2.989135e-03
1237 4.908763e-06 4.596240e-03
1238 1.223287e-06 4.661960e-03
1239 3.672168e-08 2.336482e-03
1240 1.576392e-03 9.421235e-01
1241 1.234002e-05 7.341994e-03
1242 4.393428e-06 5.512944e-03
1243 3.366641e-07 4.282737e-03
1244 2.947707e-06 4.383382e-03
1245 1.964493e-07 2.957580e-03
1246 2.944554e-07 2.934772e-03
1247 2.834350e-04 3.689600e-02
1248 1.886109e-05 4.707301e-02
1249 2.103166e-06 1.106797e-02
1250 8.094766e-05 2.900972e-02
1251 2.059721e-05 2.024621e-02
1252 5.814674e-06 1.743890e-02
1253 4.448153e-07 1.517956e-02
1254 2.781598e-06 8.757266e-03
1255 1.478449e-03 5.028637e-01
1256 5.718558e-06 9.521682e-03
1257 2.137992e-03 1.300243e+00
1258 1.192649e-04 1.046578e-01
1259 2.899764e-03 3.099397e-01
1260 4.726420e-04 6.055485e-02
1261 2.948732e-09 1.847967e-03
1262 2.379978e-03 4.594045e-01
1263 2.966052e-07 5.531749e-03
1264 1.033561e-04 9.165797e-02
1265 6.258547e-07 3.422143e-03
1266 2.497672e-08 6.923333e-03
1267 5.126307e-09 1.942826e-03
1268 1.324665e-06 7.503682e-03
1269 3.939364e-05 7.155575e-02
1270 2.990066e-04 9.099466e-02
1271 2.105990e-06 1.140959e-02
1272 1.027432e-07 3.336962e-03
1273 5.104745e-07 6.724767e-03
1274 6.193670e-06 2.210683e-02
1275 5.095951e-05 9.907967e-02
1276 7.888967e-05 1.255594e-01
1277 1.254493e-05 1.242254e-01
1278 4.656076e-04 2.362290e-01
1279 2.331567e-07 5.982872e-03
1280 5.041402e-08 7.396192e-03
1281 1.448370e-08 8.544215e-03
1282 5.022333e-07 1.554128e-02
1283 1.452012e-06 1.310991e-02
1284 3.682172e-04 2.970585e-01
1285 4.275509e-06 3.549137e-02
1286 1.815344e-04 1.456621e-01
1287 2.077630e-09 7.191284e-03
1288 1.886639e-05 1.240438e-01
1289 8.953749e-05 1.491662e-01
1290 3.440137e-10 1.825311e-03
1291 1.980769e-05 8.224386e-02
1292 3.089568e-07 1.591802e-02
1293 1.390366e-04 2.191644e-01
1294 1.513742e-07 2.440132e-03
1295 3.077392e-06 1.834774e-02
1296 5.286381e-05 2.402702e-02
1297 1.176460e-03 4.639526e-01
1298 1.682165e-04 2.173609e-01
1299 5.836077e-06 2.310914e-02
1300 1.290831e-03 5.543833e-01
1301 1.998721e-06 5.238002e-03
1302 1.111468e-07 3.797233e-03
1303 1.802250e-05 3.936894e-02
1304 4.167201e-05 5.821043e-02
1305 1.108516e-04 1.383833e-01
1306 2.260615e-04 7.362237e-02
1307 2.880741e-03 3.647571e-01
1308 8.558505e-07 1.050627e-02
1309 4.341568e-04 3.877212e-01
1310 1.306036e-03 5.032888e-01
1311 3.438964e-04 2.179066e-01
1312 3.104079e-03 1.280353e+00
1313 9.103362e-08 4.956938e-03
1314 8.930790e-06 4.973910e-02
1315 6.639565e-08 6.032983e-03
1316 6.364216e-10 4.991562e-03
1317 5.420478e-09 3.432470e-03
1318 5.413114e-08 2.010210e-03
1319 6.338664e-10 2.521140e-03
1320 6.244343e-09 4.482329e-03
1321 1.305379e-09 4.118856e-03
1322 2.792229e-10 1.540496e-03
1323 2.832347e-07 1.499495e-02
1324 9.260939e-06 3.642179e-03
1325 1.663097e-07 6.823638e-03
1326 1.301263e-06 8.417324e-03
1327 8.306667e-07 1.024510e-02
1328 8.217792e-07 7.550913e-03
1329 2.480920e-11 2.764879e-03
1330 5.702461e-07 9.868266e-03
1331 1.866512e-04 1.805970e-01
1332 2.487984e-04 2.463622e-01
1333 4.278711e-06 3.340990e-02
1334 1.083417e-07 2.102372e-02
1335 2.844019e-05 3.395713e-02
1336 1.695539e-06 1.067751e-02
1337 7.448953e-07 6.530891e-03
1338 9.258667e-05 3.723067e-02
1339 7.794963e-06 2.977293e-02
1340 2.132792e-06 1.038773e-02
1341 6.559379e-06 9.143023e-03
1342 1.867847e-09 1.658629e-03
1343 3.573575e-03 7.485404e-01
1344 8.089350e-08 5.168787e-03
1345 3.970953e-04 4.362266e-01
1346 4.547141e-05 9.740385e-02
1347 7.039534e-05 9.748299e-02
1348 2.728703e-05 3.071729e-02
1349 2.596885e-06 1.336373e-02
1350 7.637943e-04 7.577481e-01
1351 3.291332e-04 3.845256e-01
1352 1.138777e-03 4.898613e-01
1353 6.064209e-10 3.320904e-03
1354 1.413283e-08 3.138771e-03
1355 1.375330e-04 4.655712e-02
1356 7.706395e-07 4.622606e-03
1357 7.161260e-07 5.456509e-03
1358 4.066019e-03 4.967711e-01
1359 8.813229e-07 2.574207e-02
1360 3.134703e-06 5.815784e-03
1361 1.217589e-06 1.471581e-02
1362 8.826464e-08 3.816029e-03
1363 1.179212e-09 1.349315e-03
1364 4.753580e-09 1.292682e-03
1365 4.845994e-09 1.908513e-03
1366 1.799785e-07 7.156215e-03
1367 1.254139e-06 3.801362e-02
1368 9.484985e-08 3.358404e-03
1369 7.920330e-09 2.317509e-03
1370 9.409101e-10 1.156454e-03
1371 1.183838e-06 2.884020e-03
1372 1.114339e-08 1.249269e-03
1373 1.114735e-07 2.058238e-03
1374 2.707520e-07 9.156636e-03
1375 1.467103e-03 2.610137e-01
1376 3.360212e-05 3.124207e-02
1377 3.971797e-04 9.715281e-02
1378 1.178000e-07 1.158952e-02
1379 6.016250e-04 1.364982e-01
1380 7.572282e-05 6.898428e-02
1381 8.715095e-07 2.256978e-02
1382 2.026370e-07 2.292364e-03
1383 2.813161e-06 8.117490e-03
1384 3.052305e-03 5.418300e-01
1385 1.031739e-05 4.230388e-02
1386 2.224840e-04 1.788246e-01
1387 1.805472e-03 7.296816e-01
1388 1.946622e-03 6.255588e-01
1389 8.059586e-07 8.132865e-03
1390 4.292319e-04 2.314711e-01
1391 6.334537e-06 1.891342e-02
1392 4.681126e-08 1.609448e-02
1393 6.043968e-08 3.104327e-03
1394 2.019195e-07 1.089169e-02
1395 4.238083e-05 4.504240e-02
1396 2.197986e-07 5.302030e-03
1397 5.201957e-08 4.619727e-03
1398 1.217926e-03 5.358691e-01
1399 3.250788e-05 2.023334e-02
1400 4.047569e-06 9.114324e-03
1401 3.899395e-05 6.372537e-02
1402 3.245268e-07 4.060471e-03
1403 2.714441e-05 6.023040e-03
1404 2.185747e-05 4.366829e-02
1405 8.853498e-08 2.196479e-03
1406 3.947316e-05 2.212869e-02
1407 3.632179e-08 2.706907e-03
1408 1.468362e-08 2.398772e-03
1409 9.243899e-05 5.550464e-02
1410 2.623920e-04 2.205327e-01
1411 3.742136e-05 1.602049e-01
1412 2.661801e-03 3.774833e-01
1413 2.162069e-07 2.509248e-03
1414 1.775350e-03 8.206313e-01
1415 7.243339e-09 3.234817e-03
1416 3.687249e-06 6.238408e-03
1417 3.115675e-05 1.476357e-02
1418 6.643042e-07 4.009380e-03
1419 8.454588e-05 1.227639e-01
1420 6.784095e-04 4.190075e-01
1421 7.726744e-05 1.677933e-01
1422 5.813998e-04 1.078988e-01
1423 1.020107e-03 5.438751e-01
1424 1.025334e-07 9.901695e-03
1425 1.762083e-03 9.275662e-01
1426 1.094973e-03 5.139245e-01
1427 4.061032e-05 4.401599e-02
1428 4.450840e-05 1.996496e-02
1429 4.707104e-06 1.160700e-02
1430 3.457157e-05 4.675424e-02
1431 9.555255e-05 4.780450e-02
1432 2.672769e-04 1.016066e-01
1433 5.665728e-08 7.801418e-03
1434 1.242452e-07 3.260357e-02
1435 8.090533e-06 6.359544e-02
1436 7.347117e-04 4.352032e-01
1437 1.522550e-06 4.890735e-03
1438 4.147357e-05 1.203335e-02
1439 1.005913e-03 1.042976e+00
1440 9.644501e-05 7.728412e-02
1441 5.625130e-03 7.957400e-01
1442 4.217197e-11 2.166489e-03
1443 5.743273e-07 5.636859e-02
1444 5.923612e-07 3.608452e-02
1445 1.994617e-06 4.727993e-02
1446 1.180063e-07 6.448695e-03
1447 2.232748e-04 5.863846e-02
1448 2.095249e-07 9.891450e-03
1449 2.297443e-04 1.318045e-01
1450 5.093950e-05 1.292632e-01
1451 8.368376e-09 1.814039e-03
1452 2.540020e-07 1.411721e-02
1453 4.308253e-07 2.071510e-03
1454 1.147910e-08 1.287593e-02
1455 1.274135e-09 4.418699e-03
1456 7.010708e-06 1.052986e-02
1457 7.435132e-09 5.411658e-03
1458 1.738827e-09 2.875216e-03
1459 1.826765e-05 9.857152e-03
1460 1.042785e-08 4.511907e-03
1461 1.441613e-08 7.683134e-03
1462 1.441334e-07 8.571879e-03
1463 1.162228e-05 3.594712e-02
1464 5.688655e-04 8.135956e-01
1465 1.458674e-03 4.389039e-01
1466 8.909791e-04 4.233531e-01
1467 2.508766e-04 5.229004e-02
1468 1.468603e-03 8.386450e-01
1469 9.699824e-04 5.220617e-01
1470 1.543607e-04 4.475140e-02
1471 9.912946e-05 2.787391e-02
1472 1.095133e-04 1.265909e-01
1473 3.737665e-09 2.958983e-03
1474 1.063235e-09 1.252709e-02
1475 8.116407e-08 4.538570e-03
1476 8.877814e-06 9.212590e-03
1477 9.080341e-04 3.787894e-01
1478 8.827813e-07 2.851153e-02
1479 5.511253e-04 1.657580e-01
1480 7.968909e-04 1.879166e-01
1481 2.047403e-06 3.451413e-02
1482 2.075461e-05 6.599544e-02
1483 1.916220e-06 1.207856e-02
1484 4.158792e-06 8.135599e-03
1485 5.429206e-06 9.433529e-03
1486 1.807938e-03 4.417251e-01
1487 1.574098e-05 1.598147e-02
1488 9.407773e-05 4.852392e-02
1489 2.101412e-04 1.950324e-02
1490 2.842589e-05 1.072903e-02
1491 1.085439e-03 3.137256e-01
1492 1.679482e-06 2.291752e-02
1493 1.549632e-06 5.483504e-03
1494 1.035961e-05 2.275370e-02
1495 4.089812e-04 3.658916e-01
1496 2.681545e-05 1.246638e-02
1497 1.751821e-04 1.211186e-01
1498 6.091828e-03 8.151990e-01
1499 1.011547e-04 6.793911e-02
1500 3.623766e-07 1.032345e-02
1501 6.593354e-04 1.783667e-01
1502 1.123529e-03 1.891045e-01
1503 1.419996e-04 5.780577e-02
1504 2.390011e-03 7.589232e-01
1505 4.259951e-06 7.133612e-02
1506 1.020192e-06 1.755306e-03
1507 6.513126e-04 2.870930e-01
1508 2.433430e-03 9.878131e-01
1509 3.423826e-07 4.421911e-03
1510 1.187366e-07 3.757381e-03
1511 7.812372e-04 2.912263e-01
1512 1.589513e-07 1.073328e-03
1513 3.911757e-07 1.733844e-02
1514 4.229890e-08 5.218683e-03
1515 6.661605e-06 1.069866e-02
1516 3.090043e-05 1.119430e-01
1517 4.256849e-06 1.750811e-02
1518 2.329734e-05 8.690250e-02
1519 8.780352e-10 1.807386e-03
1520 6.519295e-04 8.718318e-02
1521 2.573219e-08 2.453111e-03
1522 5.060068e-08 4.726884e-03
1523 1.337098e-06 7.599155e-03
1524 1.500661e-03 4.108747e-01
1525 8.150187e-05 5.559294e-02
1526 3.609041e-06 2.424195e-02
1527 1.373508e-04 9.537546e-02
1528 2.332681e-05 1.087773e-02
1529 8.728726e-06 2.914899e-02
1530 1.800964e-06 7.372334e-03
1531 9.413612e-04 1.512746e-01
1532 2.387753e-06 2.070007e-02
1533 1.054922e-04 1.211445e-01
1534 2.128089e-03 5.545966e-01
1535 3.809030e-03 6.521942e-01
1536 1.110875e-03 3.500614e-01
1537 5.925651e-08 8.424510e-03
1538 1.132057e-04 3.907900e-01
1539 1.776439e-06 2.702871e-02
1540 4.964427e-08 4.668441e-02
1541 9.092616e-04 2.946991e-01
1542 5.365282e-03 1.427565e+00
1543 5.358028e-08 5.588887e-03
1544 5.499286e-07 1.684447e-02
1545 6.692814e-10 3.642899e-03
1546 3.365282e-05 1.616171e-01
1547 9.551078e-06 3.900704e-02
1548 9.251948e-08 3.962391e-02
1549 1.164037e-09 2.624682e-03
1550 7.921654e-05 7.957486e-02
1551 4.326995e-07 1.655963e-02
1552 6.109722e-09 1.275880e-03
1553 1.874786e-07 3.204886e-03
1554 1.607284e-03 5.290891e-01
1555 1.405513e-03 3.819482e-01
1556 7.488132e-06 4.147371e-02
1557 7.532175e-04 2.791586e-01
1558 1.380716e-03 3.695118e-01
1559 3.103048e-03 4.898754e-01
1560 7.382643e-07 5.812052e-03
1561 4.109505e-04 9.241817e-02
1562 1.378659e-06 1.424863e-02
1563 2.062506e-04 2.324820e-01
1564 1.694704e-07 8.072590e-03
1565 2.319983e-04 9.913242e-02
1566 1.293857e-04 3.939842e-02
1567 8.637998e-06 8.142367e-03
1568 1.455359e-04 3.934916e-02
1569 1.920964e-04 5.507121e-02
1570 6.069850e-05 9.474686e-02
1571 2.859848e-04 8.238370e-02
1572 5.712328e-10 1.951177e-03
1573 2.497725e-03 3.234249e-01
1574 1.635439e-06 5.682350e-03
1575 4.808089e-05 2.401547e-02
1576 3.836715e-05 1.753668e-02
1577 4.044308e-04 3.545558e-01
1578 6.747626e-08 6.677755e-03
1579 2.118970e-04 3.715819e-02
1580 3.947856e-09 2.504750e-03
1581 7.801358e-06 6.012918e-03
1582 3.085043e-06 7.621158e-03
1583 7.619095e-04 1.667950e-01
1584 4.244939e-06 9.856074e-03
1585 2.905553e-03 6.384532e-01
1586 1.765843e-03 5.590444e-01
1587 1.504406e-04 1.600761e-01
1588 3.375970e-04 2.586862e-01
1589 6.069298e-04 2.419663e-01
1590 2.054289e-03 3.689311e-01
1591 1.692985e-05 6.450180e-02
1592 3.472570e-05 4.023088e-02
1593 2.920530e-04 1.477457e-01
1594 4.634763e-05 5.231113e-02
1595 3.408299e-04 5.674330e-02
1596 1.489183e-04 3.867735e-02
1597 1.296485e-04 4.788713e-02
1598 1.047533e-04 1.438694e-01
1599 1.410886e-05 4.721976e-03
1600 7.866255e-04 2.105271e-01
1601 1.508553e-06 1.739063e-03
1602 3.823437e-03 9.217592e-01
1603 5.978953e-09 2.590457e-03
1604 3.472029e-09 2.526472e-03
1605 1.531341e-04 1.289214e-01
1606 7.034135e-11 2.940805e-03
1607 7.244905e-09 1.979083e-03
1608 2.672722e-08 2.093792e-03
1609 1.359265e-03 1.427968e-01
1610 2.025720e-04 1.313374e-01
1611 5.671713e-12 1.884622e-03
1612 1.095405e-08 2.243898e-03
1613 6.052921e-06 4.886793e-03
1614 3.660670e-07 5.491458e-03
1615 1.086194e-03 2.844938e-01
1616 1.434610e-04 1.612902e-01
1617 5.947638e-04 2.079560e-01
1618 2.996142e-04 8.142954e-02
1619 8.586089e-04 6.800198e-01
1620 1.606172e-06 1.123253e-02
1621 5.942598e-04 1.570095e-01
1622 4.353944e-07 5.927252e-03
1623 8.739000e-06 5.372806e-02
1624 1.585509e-08 5.301678e-03
1625 8.052539e-10 1.697773e-03
1626 1.425653e-08 9.854103e-03
1627 4.875058e-08 6.897049e-03
1628 3.436052e-10 1.990305e-03
1629 8.502734e-05 9.304721e-02
1630 2.442232e-10 1.722781e-03
1631 1.479529e-06 1.225073e-02
1632 4.817908e-08 1.017136e-02
1633 6.083983e-05 5.327618e-02
1634 2.141749e-03 7.737761e-01
1635 1.002783e-03 5.076705e-01
1636 2.453724e-03 1.305200e+00
1637 3.537655e-04 1.674530e-01
1638 6.560034e-04 1.287493e-01
1639 5.225544e-03 1.121227e+00
1640 5.165272e-03 3.333800e-01
1641 6.935603e-04 4.037034e-01
1642 2.246921e-04 1.111245e-01
1643 2.749396e-05 5.809391e-02
1644 6.679942e-04 1.908003e-01
1645 8.553820e-09 1.659369e-03
1646 1.634650e-03 1.074403e-01
1647 4.553796e-04 3.953402e-01
1648 1.387428e-06 6.636294e-03
1649 4.388338e-05 3.749558e-02
1650 1.569482e-03 4.343186e-01
1651 8.380489e-05 9.619537e-03
1652 1.857255e-03 8.804565e-01
1653 1.603246e-03 8.072790e-01
1654 2.631919e-07 2.852741e-03
1655 1.198704e-06 8.686429e-03
1656 1.888075e-10 3.791153e-03
1657 2.979234e-09 1.275052e-03
1658 6.476851e-08 3.471827e-03
1659 7.385339e-07 1.105022e-02
1660 5.958292e-11 2.013569e-03
1661 4.538269e-04 1.609681e-01
1662 1.192145e-08 8.359868e-03
1663 4.083571e-05 7.416013e-02
1664 1.524603e-09 7.017794e-03
1665 8.868846e-04 1.112754e-01
1666 5.394175e-05 1.049017e-01
1667 1.046708e-04 6.863709e-02
1668 7.076657e-07 3.192843e-03
1669 4.743216e-06 6.595092e-03
1670 1.098057e-06 1.146118e-02
1671 1.965660e-08 4.715576e-03
1672 3.224177e-06 3.280996e-02
1673 2.316671e-04 7.997288e-02
1674 1.239189e-05 4.740291e-03
1675 1.364188e-04 5.127111e-02
1676 1.996276e-08 1.488385e-03
1677 1.253942e-05 2.148008e-02
1678 2.822734e-04 3.179761e-01
1679 1.124053e-05 1.480530e-02
1680 3.124536e-06 1.889018e-02
1681 3.963729e-04 1.138631e-01
1682 2.042867e-06 8.539295e-03
1683 1.267985e-08 1.427024e-02
1684 2.251939e-08 7.037081e-03
1685 2.863525e-11 2.228346e-03
1686 6.187180e-06 4.951723e-02
1687 1.305117e-05 2.240317e-02
1688 6.313332e-09 1.180936e-03
1689 5.084503e-06 4.585031e-02
1690 1.622652e-06 1.140511e-02
1691 3.707719e-04 7.951196e-02
1692 8.012961e-04 7.900104e-01
1693 3.233565e-04 6.501732e-01
1694 4.711374e-04 2.192533e-01
1695 1.384657e-06 9.262767e-03
1696 1.919005e-08 3.059290e-03
1697 4.842715e-09 6.228306e-03
1698 1.693509e-04 1.606882e-01
1699 2.748195e-07 1.732923e-02
1700 4.653591e-04 5.144282e-02
1701 7.427055e-07 1.068678e-02
1702 1.788988e-06 6.316585e-03
1703 4.942315e-06 1.663481e-02
1704 2.958938e-06 7.376762e-03
1705 5.900517e-04 4.556983e-01
1706 7.842016e-05 5.635010e-02
1707 4.451819e-07 3.550016e-03
1708 6.932665e-12 2.066073e-03
1709 4.012217e-11 5.400188e-03
1710 2.395032e-10 1.420088e-03
1711 4.910637e-08 1.075556e-02
1712 2.305477e-07 5.681866e-03
1713 4.418067e-09 4.481487e-03
1714 4.163345e-08 6.153863e-03
1715 1.461781e-07 4.573083e-03
1716 6.321094e-09 6.170817e-03
1717 1.994727e-09 2.196896e-03
1718 1.309525e-07 1.829524e-02
1719 2.639298e-12 1.983144e-03
1720 6.314078e-07 4.889330e-03
1721 7.170846e-10 1.543067e-03
1722 1.821060e-07 1.303217e-02
1723 5.199898e-11 1.305810e-03
1724 1.544511e-11 1.416024e-03
1725 1.497510e-08 1.943186e-03
1726 1.126628e-06 3.793101e-02
1727 9.284680e-09 1.036296e-02
1728 9.049774e-09 2.570955e-03
1729 1.556122e-06 1.448417e-02
1730 7.603769e-08 4.532852e-03
1731 2.695736e-08 4.025521e-03
1732 1.698086e-03 1.823407e-01
1733 1.955374e-03 3.065351e-01
1734 1.750576e-03 4.975508e-01
1735 8.798935e-06 7.560120e-02
1736 5.275703e-08 7.939655e-03
1737 2.767628e-06 9.420590e-03
1738 1.525267e-04 2.601370e-01
1739 1.959223e-03 3.863412e-01
1740 5.738290e-06 2.527033e-02
1741 4.153315e-11 1.330464e-03
1742 3.254425e-08 1.711235e-03
1743 2.904255e-08 4.124808e-03
1744 4.553880e-08 2.079379e-03
1745 2.555591e-10 2.243351e-03
1746 8.358687e-08 8.586132e-03
1747 2.305005e-07 2.370481e-02
1748 5.499319e-05 1.423935e-02
1749 1.305571e-06 7.071794e-03
1750 1.331563e-06 8.874776e-03
1751 1.294716e-08 4.101401e-03
1752 1.025614e-08 7.636001e-03
1753 3.327827e-05 1.122444e-01
1754 9.819993e-04 5.590402e-01
1755 2.913543e-03 5.409478e-01
1756 7.831846e-07 2.010119e-02
1757 5.178625e-05 8.553252e-02
1758 1.079563e-03 8.438394e-01
1759 1.929174e-04 1.836737e-01
1760 5.890421e-04 3.438854e-01
1761 3.157998e-03 8.555708e-01
1762 1.350808e-03 8.286615e-01
1763 7.477346e-05 2.172463e-01
1764 4.356556e-05 3.056380e-02
1765 6.488583e-05 5.057806e-02
1766 6.335838e-04 3.400140e-01
1767 5.377378e-05 7.643411e-02
1768 1.370966e-05 3.704145e-02
1769 1.034627e-04 1.666709e-01
1770 1.478226e-03 2.571943e-01
1771 1.383895e-05 1.256823e-01
1772 1.820546e-08 4.458670e-03
1773 2.962873e-03 2.215200e+00
1774 1.513659e-03 4.085580e-01
1775 2.411546e-03 1.407443e+00
1776 1.483283e-03 2.899348e-01
1777 5.658349e-05 6.117835e-02
1778 9.513420e-04 7.420147e-01
1779 1.228107e-03 1.341781e-01
1780 2.655115e-05 7.404370e-02
1781 6.849737e-05 3.947612e-02
1782 3.226959e-05 4.005556e-02
1783 4.350803e-03 1.036623e+00
1784 4.347040e-05 8.548331e-02
1785 2.471714e-05 1.095894e-01
1786 4.608696e-04 5.342300e-02
1787 1.884967e-04 1.196297e-01
1788 9.282758e-04 4.258966e-01
1789 1.185058e-04 1.933104e-01
1790 5.402959e-06 2.062870e-02
1791 4.026507e-05 1.696988e-01
1792 9.208854e-04 3.430269e-01
1793 1.721593e-04 1.054114e-01
1794 9.979286e-05 4.543580e-02
1795 7.246875e-05 4.406040e-02
1796 6.261468e-05 1.235369e-01
1797 8.999326e-05 1.191334e-01
1798 9.006292e-06 5.063066e-02
1799 2.574411e-06 1.613070e-02
1800 1.557101e-04 2.197474e-01
1801 5.791656e-05 4.835715e-02
1802 2.270191e-03 8.546369e-01
1803 1.321674e-03 3.709388e-01
1804 4.200304e-04 3.131303e-01
1805 4.908896e-05 1.006141e-01
1806 5.022180e-05 7.553464e-02
1807 3.094038e-05 3.753331e-02
1808 3.799271e-04 3.296024e-01
1809 2.625082e-06 2.368681e-02
1810 1.344159e-07 9.323401e-03
1811 2.252552e-07 1.306571e-02
1812 3.232676e-05 2.681334e-02
1813 5.086507e-06 1.069617e-02
1814 6.176310e-08 2.086724e-02
1815 3.184455e-06 7.459481e-02
1816 4.067752e-06 3.074227e-02
1817 1.517438e-04 1.057909e-01
1818 8.686399e-07 4.661928e-02
1819 1.748343e-03 8.388940e-01
1820 1.998731e-04 1.737694e-01
1821 2.123962e-05 3.176770e-02
1822 8.594590e-07 2.103703e-02
1823 2.960973e-06 4.874629e-02
1824 8.716557e-04 1.408635e-01
1825 2.388716e-03 5.304580e-01
1826 3.603156e-04 1.378118e-01
1827 1.299875e-06 1.259448e-02
1828 3.207008e-06 1.833267e-02
1829 1.438768e-06 1.707347e-02
1830 2.654013e-03 1.287495e+00
1831 5.452165e-06 9.620555e-03
1832 5.740458e-04 7.116025e-02
1833 6.181989e-09 1.114244e-02
1834 1.039295e-05 2.475999e-02
1835 4.466077e-09 8.520666e-03
1836 3.305535e-06 6.913547e-03
1837 1.159215e-03 3.363715e-01
1838 7.462675e-05 3.851701e-02
1839 5.602742e-06 4.699009e-02
1840 2.203126e-05 8.691718e-02
1841 1.867428e-05 5.324169e-02
1842 2.896174e-06 2.244376e-02
1843 9.594965e-06 1.908089e-02
1844 3.274188e-06 2.164370e-02
1845 1.801089e-04 3.620497e-02
1846 1.705521e-06 7.404723e-03
1847 4.646767e-05 1.826834e-02
1848 1.048962e-06 1.291103e-02
1849 4.747129e-07 1.539316e-02
1850 9.105956e-07 1.005307e-02
1851 1.664680e-06 6.201846e-03
1852 2.737128e-07 4.851906e-03
1853 8.872971e-06 5.091988e-03
1854 3.647339e-04 1.245016e-01
1855 2.740398e-06 2.997897e-02
1856 4.267275e-04 1.189527e-01
1857 6.812589e-04 2.497062e-01
1858 7.606014e-05 1.157372e-01
1859 4.938310e-06 6.008035e-03
1860 2.532837e-03 1.902361e-01
1861 1.278803e-08 7.876509e-03
1862 3.492350e-06 9.975116e-03
1863 1.089924e-06 2.649394e-02
1864 1.113245e-03 2.220327e-01
1865 4.442948e-04 1.041277e-01
1866 2.668545e-06 5.054482e-02
1867 8.081480e-07 1.205127e-02
1868 1.833740e-08 9.839014e-03
1869 4.010162e-08 6.761989e-03
1870 6.178447e-07 1.603618e-02
1871 6.267731e-04 3.985939e-01
1872 5.670493e-04 2.675545e-01
1873 1.542451e-04 4.096927e-02
1874 2.617335e-05 1.007712e-01
1875 2.202249e-03 2.489724e-01
1876 1.311929e-04 1.580466e-02
1877 3.706635e-05 4.118695e-02
1878 3.775223e-05 1.231362e-02
1879 2.133867e-05 3.825887e-02
1880 2.433232e-05 2.353151e-02
1881 3.560595e-04 3.366429e-01
1882 1.997696e-06 6.501842e-02
1883 1.184184e-06 4.449497e-02
1884 2.439165e-05 9.016597e-02
1885 2.234637e-06 3.899451e-02
1886 1.095861e-05 1.165393e-01
1887 7.563675e-07 8.724286e-03
1888 1.572591e-07 1.633300e-02
1889 2.476416e-08 7.997105e-03
1890 1.149450e-10 5.479532e-03
1891 8.654425e-08 5.627664e-03
1892 3.618577e-07 6.071892e-03
1893 2.633133e-09 2.192668e-02
1894 1.879089e-05 6.352643e-02
1895 6.901899e-05 3.792901e-02
1896 2.485806e-07 5.064492e-03
1897 7.652492e-09 3.676792e-03
1898 4.109195e-06 3.996107e-03
1899 5.927562e-05 2.464664e-02
1900 3.746494e-05 2.468322e-02
1901 2.981662e-10 1.743944e-03
1902 2.013833e-03 4.268286e-01
1903 3.969254e-04 4.097569e-01
1904 2.197282e-04 4.967799e-02
1905 1.344706e-03 2.301656e-01
1906 3.185259e-03 8.160508e-01
1907 1.052945e-07 7.410979e-03
1908 7.674856e-07 8.242160e-03
1909 1.028601e-06 5.464980e-03
1910 2.553144e-04 5.612691e-02
1911 7.581502e-07 1.205174e-02
1912 6.894521e-05 8.106967e-02
1913 1.073224e-04 8.168653e-02
1914 5.194975e-04 2.218856e-01
1915 1.702731e-03 8.776016e-01
1916 9.730649e-04 3.207764e-01
1917 3.432902e-04 2.078355e-01
1918 2.640444e-04 2.202581e-01
1919 2.267641e-03 4.046699e-01
1920 2.654777e-05 7.288587e-02
1921 1.787147e-05 4.684515e-02
1922 6.004744e-04 2.456763e-01
1923 5.765711e-04 1.839271e-01
1924 1.173039e-03 4.365845e-01
1925 2.151765e-05 7.597121e-02
1926 7.702682e-06 2.520171e-02
1927 2.691218e-04 1.640918e-01
1928 4.477408e-04 3.691901e-01
1929 1.620791e-04 6.635437e-02
1930 2.960013e-07 6.095220e-03
1931 1.417267e-07 3.884379e-02
1932 1.165869e-07 2.590633e-02
1933 3.088551e-04 7.373771e-02
1934 4.357185e-07 7.631941e-03
1935 1.161584e-05 6.679716e-02
1936 5.238483e-06 2.270531e-02
1937 6.369826e-04 1.677968e-01
1938 9.632393e-04 2.046350e-01
1939 1.181435e-04 9.057511e-02
1940 6.900685e-05 1.047806e-01
1941 1.909435e-07 7.995800e-03
1942 4.298619e-04 1.837377e-01
1943 1.778278e-04 1.335744e-01
1944 1.994606e-05 3.812790e-02
1945 6.380173e-06 1.407604e-02
1946 7.520976e-05 1.435073e-01
1947 2.699871e-05 2.760795e-02
1948 5.680981e-04 1.995496e-01
1949 9.498249e-04 7.829088e-01
1950 8.377627e-04 3.046063e-01
1951 1.390790e-03 3.852885e-01
1952 3.441472e-05 1.514486e-01
1953 2.513912e-05 2.707811e-02
1954 1.239249e-05 1.913689e-02
1955 7.511296e-04 7.086842e-01
1956 1.354876e-03 5.038798e-01
1957 3.676078e-03 8.853191e-01
1958 1.168872e-03 5.188951e-01
1959 2.801819e-09 7.319759e-03
1960 5.600202e-05 1.943642e-02
1961 7.093487e-12 2.938944e-03
1962 5.619099e-08 7.224227e-03
1963 6.968546e-11 2.056924e-03
1964 2.144160e-10 3.510098e-03
1965 9.354357e-05 5.298227e-02
1966 9.097947e-07 1.212485e-02
1967 8.693358e-04 2.865056e-01
1968 1.627451e-05 2.684448e-02
1969 1.425705e-05 2.162027e-02
1970 2.196379e-06 9.776949e-03
1971 7.557165e-06 2.658684e-02
1972 2.176670e-08 7.143049e-03
1973 1.447241e-03 3.107703e-01
1974 4.639596e-06 4.114126e-02
1975 1.099408e-06 1.712682e-02
1976 2.313965e-05 3.404733e-02
1977 7.464630e-04 3.151821e-01
1978 8.915672e-05 7.320687e-02
1979 3.693720e-04 1.119678e-01
1980 1.296817e-03 1.560652e-01
1981 9.929558e-04 1.130877e-01
1982 9.703014e-05 1.716805e-01
1983 1.714778e-03 7.491317e-01
1984 8.335539e-05 1.009737e-01
1985 2.283824e-05 2.353312e-01
1986 2.494137e-05 8.960881e-02
1987 6.776121e-04 9.592521e-01
1988 8.467468e-06 5.402738e-02
1989 2.410324e-05 5.504372e-02
1990 6.808668e-04 2.482287e-01
1991 2.027631e-07 1.451805e-02
1992 9.269945e-05 6.262121e-02
1993 1.379451e-03 3.414498e-01
1994 3.325987e-04 9.581902e-02
1995 2.496944e-05 7.832414e-02
1996 3.763187e-04 9.596838e-02
1997 5.652313e-03 9.938956e-01
1998 2.168809e-04 2.733611e-01
1999 4.837131e-03 5.103022e-01
2000 1.672200e-03 2.566717e-01
